0 2350.0 1500.0 0 1650.0 1500.0 0 0.0 0.0 0.0 0.0
66 2350.0 1500.0 0 1638.142333984375 1480.2371826171875 345.9029690645527 0.0 0.0 0.0 0.0
83 2350.0 1500.0 0 1634.189697265625 1468.3795166015625 338.04681038401316 0.0 0.0 0.0 0.0
100 2350.0 1500.0 0 1630.2371826171875 1456.521728515625 330.3500049656335 0.0 0.0 0.0 0.0
116 2350.0 1500.0 0 1622.33203125 1436.7589111328125 317.8097726930266 0.0 0.0 0.0 0.0
133 2350.0 1500.0 0 1606.521728515625 1413.04345703125 301.4915389696143 0.0 0.0 0.0 0.0
150 2350.0 1500.0 0 1586.7589111328125 1377.4703369140625 284.1268718393847 0.0 0.0 0.0 0.0
166 2350.0 1500.0 0 1559.0909423828125 1345.849853515625 267.75176108440405 0.0 0.0 0.0 0.0
183 2350.0 1500.0 0 1523.517822265625 1302.37158203125 254.2347523489351 0.0 0.0 0.0 0.0
200 2350.0 1500.0 0 1480.03955078125 1254.9407958984375 243.71615856856516 0.0 0.0 0.0 0.0
217 2350.0 1500.0 0 1432.6087646484375 1203.557373046875 237.12979286112483 0.0 0.0 0.0 0.0
233 2350.0 1500.0 0 1381.225341796875 1140.3162841796875 234.778543157488 0.0 0.0 0.0 0.0
249 2350.0 1500.0 0 1325.889404296875 1081.0277099609375 231.6893192739908 0.0 0.0 0.0 0.0
266 2350.0 1500.0 0 1270.5533447265625 1025.6917114257812 229.17309788028325 0.0 0.0 0.0 0.0
284 2350.0 1500.0 0 1211.264892578125 962.4506225585938 228.64523113621885 0.0 0.0 0.0 0.0
303 2350.0 1500.0 0 1148.0238037109375 907.1146850585938 225.66294528702832 0.0 0.0 0.0 0.0
319 2350.0 1500.0 0 1076.87744140625 847.8261108398438 223.33693768238618 0.0 0.0 0.0 0.0
336 2350.0 1500.0 0 1013.6363525390625 796.4427490234375 221.92057889975166 0.0 0.0 0.0 0.0
353 2350.0 1500.0 0 871.3439331054688 697.6284790039062 218.05358117973265 0.0 0.0 0.0 0.0
354 2350.0 1500.0 0 871.3439331054688 697.6284790039062 218.05355427584726 0.0 0.0 0.0 0.0
369 2350.0 1500.0 0 804.1502075195312 654.1502075195312 216.22736500611052 0.0 0.0 0.0 0.0
383 2350.0 1500.0 0 740.9091186523438 622.5296630859375 212.54974375679996 0.0 0.0 0.0 0.0
399 2350.0 1500.0 0 673.7154541015625 590.9091186523438 209.80841238654864 0.0 0.0 0.0 0.0
416 2350.0 1500.0 0 606.5217895507812 567.1937255859375 205.8051075467385 0.0 0.0 0.0 0.0
433 2350.0 1500.0 0 535.3755493164062 547.4308471679688 201.76053344714637 0.0 0.0 0.0 0.0
450 2350.0 1500.0 0 472.1343994140625 531.62060546875 199.05807886826773 0.0 0.0 0.0 0.0
466 2350.0 1500.0 0 416.7984619140625 511.85772705078125 199.77877666581185 0.0 0.0 0.0 0.0
483 2350.0 1500.0 0 365.4150390625 511.85772705078125 193.11645214731107 0.0 0.0 0.0 0.0
500 2350.0 1500.0 0 314.0316467285156 507.9051818847656 190.4175425024984 0.0 0.0 0.0 0.0
517 2350.0 1500.0 0 274.5059509277344 503.9526062011719 189.36605745522934 0.0 0.0 0.0 0.0
533 2350.0 1500.0 0 234.98025512695312 500.0000305175781 188.63366301111796 0.0 0.0 0.0 0.0
550 2350.0 1500.0 0 203.35971069335938 500.0000305175781 186.73162816086523 0.0 0.0 0.0 0.0
566 2350.0 1500.0 0 179.644287109375 500.0000305175781 185.59895740095237 0.0 0.0 0.0 0.0
583 2350.0 1500.0 0 155.9288787841797 500.0000305175781 184.6997774148586 0.0 0.0 0.0 0.0
600 2350.0 1500.0 0 140.1186065673828 496.0474548339844 186.29929121983798 0.0 0.0 0.0 0.0
616 2350.0 1500.0 0 128.26089477539062 496.0474548339844 185.7175866773821 0.0 0.0 0.0 0.0
633 2350.0 1500.0 0 120.35575866699219 496.0474548339844 185.36067414222327 0.0 0.0 0.0 0.0
650 2350.0 1500.0 0 108.498046875 496.0474548339844 184.88681545266678 0.0 0.0 0.0 0.0
666 2350.0 1500.0 0 104.54548645019531 496.0474548339844 184.73541158458818 0.0 0.0 0.0 0.0
686 2350.0 1500.0 0 96.64035034179688 492.09490966796875 186.73391292075559 0.0 0.0 0.0 0.0
702 2350.0 1500.0 0 88.73521423339844 492.09490966796875 186.29611192322392 0.0 0.0 0.0 0.0
721 2350.0 1500.0 0 72.9249267578125 492.09490966796875 185.54956556548052 0.0 0.0 0.0 0.0
722 2350.0 1500.0 0 72.9249267578125 492.09490966796875 185.54955562468353 0.0 0.0 0.0 0.0
735 2350.0 1500.0 0 65.01979064941406 488.142333984375 187.48031541461546 0.0 0.0 0.0 0.0
752 2350.0 1500.0 0 53.162078857421875 488.142333984375 186.76308552429884 0.0 0.0 0.0 0.0
767 2350.0 1500.0 0 41.30438232421875 484.18975830078125 188.31198628549834 0.0 0.0 0.0 0.0
783 2350.0 1500.0 0 29.446670532226562 480.2371826171875 189.67686939310488 0.0 0.0 0.0 0.0
800 2350.0 1500.0 0 13.636390686035156 476.28460693359375 190.52593098342618 0.0 0.0 0.0 0.0
816 2350.0 1500.0 0 9.683822631835938 476.28460693359375 190.1414990086339 0.0 0.0 0.0 0.0
833 2350.0 1500.0 0 1.7786865234375 472.3320617675781 191.68481493791933 0.0 0.0 0.0 0.0
850 2350.0 1500.0 0 -2.1738815307617188 472.3320617675781 191.25283523205144 0.0 0.0 0.0 0.0
866 2350.0 1500.0 0 -2.1738815307617188 468.3794860839844 193.6803852774692 0.0 0.0 0.0 0.0
1632 2350.0 1500.0 0 -2.1738815307617188 468.3794860839844 193.6803852774692 0.0 0.0 0.0 0.0
1650 2350.0 1500.0 0 -2.1738815307617188 468.3794860839844 193.6803852774692 0.0 0.0 0.0 0.0
1667 2326.284423828125 1492.0948486328125 355.8206480069996 -2.1738815307617188 468.3794860839844 193.6803852774692 0.0 0.0 0.0 0.0
1683 2298.616455078125 1488.142333984375 350.1404956584353 -2.1738815307617188 468.3794860839844 193.6803852774692 0.0 0.0 0.0 0.0
1700 2266.995849609375 1476.28466796875 347.3872344154063 -2.1738815307617188 468.3794860839844 193.6803852774692 0.0 0.0 0.0 0.0
1716 2235.37548828125 1468.3795166015625 343.91136809868146 -2.1738815307617188 468.3794860839844 193.6803852774692 0.0 0.0 0.0 0.0
1734 2203.7548828125 1456.521728515625 342.526801501983 -2.1738815307617188 468.3794860839844 193.6803852774692 0.0 0.0 0.0 0.0
1750 2172.13427734375 1444.6640625 341.44757850483876 -2.1738815307617188 468.3794860839844 193.6803852774692 0.0 0.0 0.0 0.0
1766 2140.513671875 1436.7589111328125 339.23297750307756 -2.1738815307617188 468.3794860839844 193.6803852774692 0.0 0.0 0.0 0.0
1783 2104.940673828125 1424.9012451171875 338.3438724423122 -2.1738815307617188 468.3794860839844 193.6803852774692 0.0 0.0 0.0 0.0
1800 2065.4149169921875 1413.0435791015625 337.17059605559376 -2.1738815307617188 468.3794860839844 193.6803852774692 0.0 0.0 0.0 0.0
1816 2033.7943115234375 1401.185791015625 337.2748990208156 -2.1738815307617188 468.3794860839844 193.6803852774692 0.0 0.0 0.0 0.0
1833 1998.22119140625 1393.2806396484375 335.4813447504728 -2.1738815307617188 468.3794860839844 193.6803852774692 0.0 0.0 0.0 0.0
1850 1958.695556640625 1381.4229736328125 335.04469009253205 -2.1738815307617188 468.3794860839844 193.6803852774692 0.0 0.0 0.0 0.0
1866 1927.074951171875 1373.517822265625 334.2016572193204 -2.1738815307617188 468.3794860839844 193.6803852774692 0.0 0.0 0.0 0.0
1885 1899.406982421875 1361.66015625 335.42862289057973 -2.1738815307617188 468.3794860839844 193.6803852774692 0.0 0.0 0.0 0.0
1902 1879.6441650390625 1353.7550048828125 335.953271148495 -2.1738815307617188 468.3794860839844 193.6803852774692 0.0 0.0 0.0 0.0
1919 1855.9287109375 1345.849853515625 335.87825769177095 -2.1738815307617188 468.3794860839844 193.6803852774692 0.0 0.0 0.0 0.0
1936 1824.3082275390625 1333.9921875 336.2681555133777 -2.1738815307617188 468.3794860839844 193.6803852774692 0.0 0.0 0.0 0.0
1952 1808.4979248046875 1330.03955078125 335.6489257209971 -2.1738815307617188 468.3794860839844 193.6803852774692 0.0 0.0 0.0 0.0
1967 1796.6402587890625 1326.0870361328125 335.63673340984394 -2.1738815307617188 468.3794860839844 193.6803852774692 0.0 0.0 0.0 0.0
1983 1784.782470703125 1322.1343994140625 335.6257671192245 -2.1738815307617188 468.3794860839844 193.6803852774692 0.0 0.0 0.0 0.0
1999 1780.8299560546875 1322.1343994140625 335.039180980301 -2.1738815307617188 468.3794860839844 193.6803852774692 0.0 0.0 0.0 0.0
2016 1772.9248046875 1322.1343994140625 333.9358508461264 -2.1738815307617188 468.3794860839844 193.6803852774692 0.0 0.0 0.0 0.0
2033 1765.0196533203125 1322.1343994140625 332.89866256409596 -2.1738815307617188 468.3794860839844 193.6803852774692 0.0 0.0 0.0 0.0
2066 1761.067138671875 1322.1343994140625 332.39617427665723 -2.1738815307617188 468.3794860839844 193.6803852774692 0.0 0.0 0.0 0.0
2182 1757.114501953125 1330.03955078125 328.2893320525148 -2.1738815307617188 468.3794860839844 193.6803852774692 0.0 0.0 0.0 0.0
2200 1757.114501953125 1341.897216796875 322.59725264758356 -2.1738815307617188 468.3794860839844 193.6803852774692 0.0 0.0 0.0 0.0
2216 1757.114501953125 1353.7550048828125 316.8786391541919 -2.1738815307617188 468.3794860839844 193.6803852774692 0.0 0.0 0.0 0.0
2233 1757.114501953125 1361.66015625 313.07907183184886 -2.1738815307617188 468.3794860839844 193.6803852774692 0.0 0.0 0.0 0.0
2250 1757.114501953125 1377.4703369140625 305.5982076838973 -2.1738815307617188 468.3794860839844 193.6803852774692 0.0 0.0 0.0 0.0
2266 1757.114501953125 1393.2806396484375 298.36940047092554 -2.1738815307617188 468.3794860839844 193.6803852774692 0.0 0.0 0.0 0.0
2284 1757.114501953125 1401.185791015625 294.8442691372011 -2.1738815307617188 468.3794860839844 193.6803852774692 0.0 0.0 0.0 0.0
2303 1757.114501953125 1416.99609375 288.16621730186637 -2.1738815307617188 468.3794860839844 193.6803852774692 0.0 0.0 0.0 0.0
2304 1757.114501953125 1416.99609375 288.16624180625945 -2.1738815307617188 468.3794860839844 193.6803852774692 0.0 0.0 0.0 0.0
2335 1757.114501953125 1432.806396484375 281.9302781517712 -2.1738815307617188 468.3794860839844 193.6803852774692 0.0 0.0 0.0 0.0
2336 1757.114501953125 1432.806396484375 281.93027107987405 -2.1738815307617188 468.3794860839844 193.6803852774692 0.0 0.0 0.0 0.0
2351 1757.114501953125 1436.7589111328125 280.40393958629807 -2.1738815307617188 468.3794860839844 193.6803852774692 0.0 0.0 0.0 0.0
2367 1761.067138671875 1436.7589111328125 279.2361459196468 -2.1738815307617188 468.3794860839844 193.6803852774692 0.0 0.0 0.0 0.0
2383 1761.067138671875 1440.7115478515625 277.7638093510842 -2.1738815307617188 468.3794860839844 193.6803852774692 0.0 0.0 0.0 0.0
2400 1765.0196533203125 1444.6640625 275.0752333688328 -2.1738815307617188 468.3794860839844 193.6803852774692 0.0 0.0 0.0 0.0
2416 1765.0196533203125 1448.61669921875 273.6922186876479 -2.1738815307617188 468.3794860839844 193.6803852774692 0.0 0.0 0.0 0.0
2433 1768.9722900390625 1452.5692138671875 271.0003655888678 -2.1738815307617188 468.3794860839844 193.6803852774692 0.0 0.0 0.0 0.0
2466 1772.9248046875 1456.521728515625 268.3139538648787 -2.1738815307617188 468.3794860839844 193.6803852774692 0.0 0.0 0.0 0.0
2483 1776.8773193359375 1456.521728515625 266.85100221230607 -2.1738815307617188 468.3794860839844 193.6803852774692 0.0 0.0 0.0 0.0
2500 1784.782470703125 1456.521728515625 263.79842198035567 -2.1738815307617188 468.3794860839844 193.6803852774692 0.0 0.0 0.0 0.0
2816 1784.782470703125 1456.521728515625 263.79842198035567 -2.1738815307617188 468.3794860839844 193.6803852774692 0.0 0.0 0.0 0.0
2833 1875.4099798202515 1168.0501861572266 272.9522104752817 -2.1738815307617188 468.3794860839844 193.6803852774692 0.0 0.0 0.0 0.0
2850 1891.2202825546265 1187.813003540039 282.74912037407887 -2.1738815307617188 468.3794860839844 193.6803852774692 0.0 0.0 0.0 0.0
2866 1910.983099937439 1211.5284576416016 292.2827655451043 -2.1738815307617188 468.3794860839844 193.6803852774692 0.0 0.0 0.0 0.0
2883 1934.698431968689 1231.291275024414 297.66034238497366 -2.1738815307617188 468.3794860839844 193.6803852774692 0.0 0.0 0.0 0.0
2900 1954.461371421814 1255.0067291259766 304.1208073893445 -2.1738815307617188 468.3794860839844 193.6803852774692 0.0 0.0 0.0 0.0
2916 1974.2241888046265 1282.6746978759766 310.5777256084643 -2.1738815307617188 468.3794860839844 193.6803852774692 0.0 0.0 0.0 0.0
2933 1993.987006187439 1306.3900299072266 314.2113314767096 -2.1738815307617188 468.3794860839844 193.6803852774692 0.0 0.0 0.0 0.0
2950 2001.8921575546265 1326.1529693603516 319.20197353277257 -2.1738815307617188 468.3794860839844 193.6803852774692 0.0 0.0 0.0 0.0
2966 2013.7498235702515 1349.8683013916016 323.3285326509373 -2.1738815307617188 468.3794860839844 193.6803852774692 0.0 0.0 0.0 0.0
2983 2021.654974937439 1365.6786041259766 325.69513148144085 -2.1738815307617188 468.3794860839844 193.6803852774692 0.0 0.0 0.0 0.0
2999 2029.5601263046265 1385.441421508789 328.85798608565915 -2.1738815307617188 468.3794860839844 193.6803852774692 0.0 0.0 0.0 0.0
3016 2033.5127630233765 1401.251724243164 331.96436372725503 -2.1738815307617188 468.3794860839844 193.6803852774692 0.0 0.0 0.0 0.0
3033 2033.5127630233765 1413.1095123291016 335.30692156259795 -2.1738815307617188 468.3794860839844 193.6803852774692 0.0 0.0 0.0 0.0
3050 2037.4653997421265 1424.9671783447266 336.65292461055964 -2.1738815307617188 468.3794860839844 193.6803852774692 0.0 0.0 0.0 0.0
3083 2037.4653997421265 1428.919692993164 337.6890997609386 -2.1738815307617188 468.3794860839844 193.6803852774692 0.0 0.0 0.0 0.0
3183 2041.4177923202515 1428.919692993164 335.83999399544035 -2.1738815307617188 468.3794860839844 193.6803852774692 0.0 0.0 0.0 0.0
3216 2045.3704290390015 1428.919692993164 334.02641537206785 -2.1738815307617188 468.3794860839844 193.6803852774692 0.0 0.0 0.0 0.0
3233 2053.2754583358765 1424.9671783447266 329.297342189785 -2.1738815307617188 468.3794860839844 193.6803852774692 0.0 0.0 0.0 0.0
3250 2065.1333684921265 1421.0145416259766 323.1223234478676 -2.1738815307617188 468.3794860839844 193.6803852774692 0.0 0.0 0.0 0.0
3266 2080.9434270858765 1409.1568756103516 312.78058297968437 -2.1738815307617188 468.3794860839844 193.6803852774692 0.0 0.0 0.0 0.0
3283 2096.7537298202515 1397.2992095947266 303.1181324031731 -2.1738815307617188 468.3794860839844 193.6803852774692 0.0 0.0 0.0 0.0
3300 2112.5640325546265 1385.441421508789 294.31453550559803 -2.1738815307617188 468.3794860839844 193.6803852774692 0.0 0.0 0.0 0.0
3316 2124.4216985702515 1377.5362701416016 288.738225646175 -2.1738815307617188 468.3794860839844 193.6803852774692 0.0 0.0 0.0 0.0
3333 2132.3269720077515 1369.6312408447266 283.91518969602544 -2.1738815307617188 468.3794860839844 193.6803852774692 0.0 0.0 0.0 0.0
3350 2140.2320013046265 1365.6786041259766 281.40564644552904 -2.1738815307617188 468.3794860839844 193.6803852774692 0.0 0.0 0.0 0.0
3366 2144.1846380233765 1365.6786041259766 281.2287234395305 -2.1738815307617188 468.3794860839844 193.6803852774692 0.0 0.0 0.0 0.0
3383 2144.1846380233765 1361.726089477539 279.08090841632145 -2.1738815307617188 468.3794860839844 193.6803852774692 0.0 0.0 0.0 0.0
3518 2144.1846380233765 1365.6786041259766 281.22359521362546 -2.1738815307617188 468.3794860839844 193.6803852774692 0.0 0.0 0.0 0.0
3599 2144.1846380233765 1373.583755493164 285.4740392189454 -2.1738815307617188 468.3794860839844 193.6803852774692 0.0 0.0 0.0 0.0
3617 2144.1846380233765 1381.4889068603516 289.6639908930241 -2.1738815307617188 468.3794860839844 193.6803852774692 0.0 0.0 0.0 0.0
3633 2140.2320013046265 1389.394058227539 294.42129395118104 -2.1738815307617188 468.3794860839844 193.6803852774692 0.0 0.0 0.0 0.0
3650 2136.2796087265015 1401.251724243164 301.1939803711752 -2.1738815307617188 468.3794860839844 193.6803852774692 0.0 0.0 0.0 0.0
3666 2132.3269720077515 1409.1568756103516 305.9998549660531 -2.1738815307617188 468.3794860839844 193.6803852774692 0.0 0.0 0.0 0.0
3683 2132.3269720077515 1417.062026977539 309.6038603014307 -2.1738815307617188 468.3794860839844 193.6803852774692 0.0 0.0 0.0 0.0
3700 2128.3743352890015 1424.9671783447266 314.3233712486672 -2.1738815307617188 468.3794860839844 193.6803852774692 0.0 0.0 0.0 0.0
3733 2124.4216985702515 1432.872329711914 318.95149576711884 -2.1738815307617188 468.3794860839844 193.6803852774692 0.0 0.0 0.0 0.0
3766 2124.4216985702515 1436.8248443603516 320.4982035591839 -2.1738815307617188 468.3794860839844 193.6803852774692 0.0 0.0 0.0 0.0
4000 2124.4216985702515 1440.7774810791016 322.00507427213915 -2.1738815307617188 468.3794860839844 193.6803852774692 0.0 0.0 0.0 0.0