0 2000.0 1500.0 0 0.0 0.0 0.0 0.0 0.0 0.0 0.0
13 2000.0 1500.0 0 0.0 0.0 0.0 0.0 0.0 0.0 0.0
31 2000.0 1500.0 0 0.0 0.0 0.0 0.0 0.0 0.0 0.0
47 2397.826171875 1431.521728515625 4.5739264101599275 0.0 0.0 0.0 0.0 0.0 0.0 0.0
63 2629.347900390625 1411.95654296875 8.329300161791139 0.0 0.0 0.0 0.0 0.0 0.0 0.0
80 2942.391357421875 1392.391357421875 11.252961230587957 0.0 0.0 0.0 0.0 0.0 0.0 0.0
97 3115.217529296875 1379.3477783203125 11.890018055274808 0.0 0.0 0.0 0.0 0.0 0.0 0.0
113 3216.304443359375 1359.7825927734375 10.186775399635735 0.0 0.0 0.0 0.0 0.0 0.0 0.0
129 3284.78271484375 1340.2174072265625 8.149924286883845 0.0 0.0 0.0 0.0 0.0 0.0 0.0
147 3314.130615234375 1320.6522216796875 5.088549338391317 0.0 0.0 0.0 0.0 0.0 0.0 0.0
163 3327.174072265625 1307.608642578125 2.8715108714471853 0.0 0.0 0.0 0.0 0.0 0.0 0.0
190 3330.434814453125 1301.0869140625 1.6000311775871694 0.0 0.0 0.0 0.0 0.0 0.0 0.0
195 3340.217529296875 1288.04345703125 359.3806751506695 0.0 0.0 0.0 0.0 0.0 0.0 0.0
213 3346.7392578125 1284.7825927734375 359.1249475315629 0.0 0.0 0.0 0.0 0.0 0.0 0.0
230 3353.260986328125 1278.2608642578125 358.172866491643 0.0 0.0 0.0 0.0 0.0 0.0 0.0
246 3353.260986328125 1275.0 357.45152267502823 0.0 0.0 0.0 0.0 0.0 0.0 0.0
262 3353.260986328125 1271.7391357421875 356.7334826559603 0.0 0.0 0.0 0.0 0.0 0.0 0.0
279 3229.347900390625 1232.608642578125 327.2898109293248 0.0 0.0 0.0 0.0 0.0 0.0 0.0
296 2763.04345703125 1157.608642578125 237.33732845980677 0.0 0.0 0.0 0.0 0.0 0.0 0.0
313 2172.826171875 1118.478271484375 211.31835559329636 0.0 0.0 0.0 0.0 0.0 0.0 0.0
329 1416.304443359375 1108.6956787109375 201.11712125723773 0.0 0.0 0.0 0.0 0.0 0.0 0.0
345 636.9566040039062 1108.6956787109375 198.0594082479965 0.0 0.0 0.0 0.0 0.0 0.0 0.0
362 76.0870361328125 1108.6956787109375 197.39270036392617 0.0 0.0 0.0 0.0 0.0 0.0 0.0
378 -132.6086196899414 1108.6956787109375 197.25900201171544 0.0 0.0 0.0 0.0 0.0 0.0 0.0
397 -132.6086196899414 1111.95654296875 196.49311335653027 0.0 0.0 0.0 0.0 0.0 0.0 0.0
413 -132.6086196899414 1111.95654296875 196.49310976668716 0.0 0.0 0.0 0.0 0.0 0.0 0.0
430 -132.6086196899414 1111.95654296875 196.49310976668716 0.0 0.0 0.0 0.0 0.0 0.0 0.0
446 -132.6086196899414 1111.95654296875 196.49310976668716 0.0 0.0 0.0 0.0 0.0 0.0 0.0
462 -132.6086196899414 1115.2174072265625 195.72740509643222 0.0 0.0 0.0 0.0 0.0 0.0 0.0
496 -132.6086196899414 1115.2174072265625 195.72740211541304 0.0 0.0 0.0 0.0 0.0 0.0 0.0
513 -126.08688354492188 1115.2174072265625 195.68962641978385 0.0 0.0 0.0 0.0 0.0 0.0 0.0
528 -109.78253173828125 1115.2174072265625 195.58842955020407 0.0 0.0 0.0 0.0 0.0 0.0 0.0
545 -67.3912353515625 1115.2174072265625 195.26997486000153 0.0 0.0 0.0 0.0 0.0 0.0 0.0
561 30.434844970703125 1115.2174072265625 194.04370604814727 0.0 0.0 0.0 0.0 0.0 0.0 0.0
578 173.91311645507812 1115.2174072265625 189.69409654828564 0.0 0.0 0.0 0.0 0.0 0.0 0.0
595 470.6522216796875 1098.9130859375 32.54749168406205 0.0 0.0 0.0 0.0 0.0 0.0 0.0
613 698.9131469726562 1089.1304321289062 23.893538802430697 0.0 0.0 0.0 0.0 0.0 0.0 0.0
627 1051.0870361328125 1076.0869750976562 18.625474320547113 0.0 0.0 0.0 0.0 0.0 0.0 0.0
645 1504.347900390625 1056.521728515625 16.027579527384532 0.0 0.0 0.0 0.0 0.0 0.0 0.0
661 1846.7392578125 1040.2174072265625 15.06291505272722 0.0 0.0 0.0 0.0 0.0 0.0 0.0
678 2068.478271484375 1030.434814453125 14.831240834524536 0.0 0.0 0.0 0.0 0.0 0.0 0.0
696 2241.304443359375 1023.9130249023438 14.877040085317162 0.0 0.0 0.0 0.0 0.0 0.0 0.0
711 2365.217529296875 1020.6521606445312 15.119042194823393 0.0 0.0 0.0 0.0 0.0 0.0 0.0
735 2427.174072265625 1020.6521606445312 15.520785108169108 0.0 0.0 0.0 0.0 0.0 0.0 0.0
744 2472.826171875 1020.6521606445312 15.770149313095814 0.0 0.0 0.0 0.0 0.0 0.0 0.0
760 2492.391357421875 1020.6521606445312 15.869085914430059 0.0 0.0 0.0 0.0 0.0 0.0 0.0
778 2498.9130859375 1020.6521606445312 15.901210996740076 0.0 0.0 0.0 0.0 0.0 0.0 0.0
827 2498.9130859375 1017.3912963867188 15.13573613814222 0.0 0.0 0.0 0.0 0.0 0.0 0.0
959 2498.9130859375 1014.1304321289062 14.370685992090145 0.0 0.0 0.0 0.0 0.0 0.0 0.0
977 2433.69580078125 997.8261108398438 8.206480777878028 0.0 0.0 0.0 0.0 0.0 0.0 0.0
992 2238.04345703125 968.478271484375 321.16823426470893 0.0 0.0 0.0 0.0 0.0 0.0 0.0
1015 1951.0869140625 935.8695678710938 254.46337121231443 0.0 0.0 0.0 0.0 0.0 0.0 0.0
1031 1703.260986328125 919.5652465820312 227.40509808163858 0.0 0.0 0.0 0.0 0.0 0.0 0.0
1048 1236.95654296875 893.478271484375 209.53020550821947 0.0 0.0 0.0 0.0 0.0 0.0 0.0
1064 888.0435791015625 877.1738891601562 203.7862100613487 0.0 0.0 0.0 0.0 0.0 0.0 0.0
1080 806.5218505859375 870.6521606445312 203.25658234822902 0.0 0.0 0.0 0.0 0.0 0.0 0.0
1098 754.347900390625 864.1304321289062 203.42878012670968 0.0 0.0 0.0 0.0 0.0 0.0 0.0
1115 718.4783325195312 857.6087036132812 203.94585106419095 0.0 0.0 0.0 0.0 0.0 0.0 0.0
1130 711.9566040039062 854.3478393554688 204.5079358494554 0.0 0.0 0.0 0.0 0.0 0.0 0.0
1148 711.9566040039062 851.0869750976562 205.26609545335293 0.0 0.0 0.0 0.0 0.0 0.0 0.0
1164 734.7826538085938 847.8261108398438 206.93666178259093 0.0 0.0 0.0 0.0 0.0 0.0 0.0
1180 809.78271484375 841.3043823242188 213.34898528945268 0.0 0.0 0.0 0.0 0.0 0.0 0.0
1198 1041.304443359375 821.7391357421875 285.3568027858488 0.0 0.0 0.0 0.0 0.0 0.0 0.0
1214 1250.0001220703125 811.95654296875 325.5381902566874 0.0 0.0 0.0 0.0 0.0 0.0 0.0
1230 1530.434814453125 798.9130249023438 351.8154888357576 0.0 0.0 0.0 0.0 0.0 0.0 0.0
1248 1706.5218505859375 795.6521606445312 1.9439925826683577 0.0 0.0 0.0 0.0 0.0 0.0 0.0
1264 1970.65234375 795.6521606445312 9.826339167236299 0.0 0.0 0.0 0.0 0.0 0.0 0.0
1280 2088.04345703125 795.6521606445312 12.188834337935234 0.0 0.0 0.0 0.0 0.0 0.0 0.0
1298 2241.304443359375 818.478271484375 17.38185084831173 0.0 0.0 0.0 0.0 0.0 0.0 0.0
1313 2329.347900390625 841.3043823242188 21.24013869254432 0.0 0.0 0.0 0.0 0.0 0.0 0.0
1331 2446.7392578125 870.6521606445312 24.518593751361863 0.0 0.0 0.0 0.0 0.0 0.0 0.0
1346 2531.521728515625 893.478271484375 26.54193359320145 0.0 0.0 0.0 0.0 0.0 0.0 0.0
1363 2632.60888671875 916.3043823242188 27.521286098974784 0.0 0.0 0.0 0.0 0.0 0.0 0.0
1379 2811.95654296875 952.1738891601562 27.90323739833235 0.0 0.0 0.0 0.0 0.0 0.0 0.0
1396 2880.434814453125 955.434814453125 26.134486809259258 0.0 0.0 0.0 0.0 0.0 0.0 0.0
1412 2922.826171875 958.6956787109375 25.447280529026912 0.0 0.0 0.0 0.0 0.0 0.0 0.0
1430 2955.434814453125 961.95654296875 25.1354042107897 0.0 0.0 0.0 0.0 0.0 0.0 0.0
1462 2965.217529296875 955.434814453125 23.361934278495667 0.0 0.0 0.0 0.0 0.0 0.0 0.0
1479 2926.0869140625 939.1304321289062 19.999910548553004 0.0 0.0 0.0 0.0 0.0 0.0 0.0
1497 2890.217529296875 922.8261108398438 16.006712537530134 0.0 0.0 0.0 0.0 0.0 0.0 0.0
1513 2838.04345703125 906.521728515625 10.860523537456388 0.0 0.0 0.0 0.0 0.0 0.0 0.0
1530 2811.95654296875 900.0 8.420626812253204 0.0 0.0 0.0 0.0 0.0 0.0 0.0
1545 2746.7392578125 886.95654296875 1.2772938730210086 0.0 0.0 0.0 0.0 0.0 0.0 0.0
1562 2671.7392578125 873.9130249023438 350.61783631217105 0.0 0.0 0.0 0.0 0.0 0.0 0.0
1579 2528.260986328125 860.8695678710938 318.6717019034309 0.0 0.0 0.0 0.0 0.0 0.0 0.0
1596 2375.0 844.5652465820312 280.5989912974112 0.0 0.0 0.0 0.0 0.0 0.0 0.0
1612 2166.304443359375 825.0 245.0449094766746 0.0 0.0 0.0 0.0 0.0 0.0 0.0
1629 1817.391357421875 785.8695678710938 220.365614056023 0.0 0.0 0.0 0.0 0.0 0.0 0.0
1645 1602.1739501953125 766.3043823242188 211.88254885097695 0.0 0.0 0.0 0.0 0.0 0.0 0.0
1662 1445.6522216796875 756.521728515625 207.5021382207948 0.0 0.0 0.0 0.0 0.0 0.0 0.0
1679 1403.260986328125 753.2608642578125 206.61247126196616 0.0 0.0 0.0 0.0 0.0 0.0 0.0
1697 1341.304443359375 746.7391357421875 205.9005155659305 0.0 0.0 0.0 0.0 0.0 0.0 0.0
1713 1321.7392578125 746.7391357421875 205.2493071954533 0.0 0.0 0.0 0.0 0.0 0.0 0.0
1778 1315.2174072265625 746.7391357421875 205.03784579567895 0.0 0.0 0.0 0.0 0.0 0.0 0.0
1829 1315.2174072265625 743.478271484375 205.79496316720565 0.0 0.0 0.0 0.0 0.0 0.0 0.0