0 2000.0 1500.0 0 0.0 0.0 0.0 0.0 0.0 0.0 0.0
108 2000.0 1504.950439453125 2.7048439975815484 0.0 0.0 0.0 0.0 0.0 0.0 0.0
121 2014.851318359375 1504.950439453125 -3.7807385353343363 0.0 0.0 0.0 0.0 0.0 0.0 0.0
138 2039.60400390625 1504.950439453125 -12.286013864896859 0.0 0.0 0.0 0.0 0.0 0.0 0.0
153 2064.3564453125 1485.1484375 -30.12075568009226 0.0 0.0 0.0 0.0 0.0 0.0 0.0
168 2108.910888671875 1450.4949951171875 -49.965354513295736 0.0 0.0 0.0 0.0 0.0 0.0 0.0
185 2148.514892578125 1415.841552734375 -62.457855492162494 0.0 0.0 0.0 0.0 0.0 0.0 0.0
203 2183.168212890625 1410.8909912109375 -57.945222804468855 0.0 0.0 0.0 0.0 0.0 0.0 0.0
215 2242.57421875 1410.8909912109375 -50.074102876244424 0.0 0.0 0.0 0.0 0.0 0.0 0.0
234 2301.980224609375 1445.5445556640625 -31.049913694528314 0.0 0.0 0.0 0.0 0.0 0.0 0.0
249 2356.435546875 1500.0 -12.966338915091029 0.0 0.0 0.0 0.0 0.0 0.0 0.0
264 2400.989990234375 1529.702880859375 -10.164060346106538 0.0 0.0 0.0 0.0 0.0 0.0 0.0
281 2450.494873046875 1554.4554443359375 -11.44733799789607 0.0 0.0 0.0 0.0 0.0 0.0 0.0
296 2490.098876953125 1559.4058837890625 -18.640474684312963 0.0 0.0 0.0 0.0 0.0 0.0 0.0
312 2534.6533203125 1559.4058837890625 -26.346949000918443 0.0 0.0 0.0 0.0 0.0 0.0 0.0
329 2564.3564453125 1559.4058837890625 -30.070875930376758 0.0 0.0 0.0 0.0 0.0 0.0 0.0
344 2594.059326171875 1554.4554443359375 -35.41908084937381 0.0 0.0 0.0 0.0 0.0 0.0 0.0
360 2613.861328125 1549.5048828125 -39.235695201683555 0.0 0.0 0.0 0.0 0.0 0.0 0.0
377 2643.564208984375 1544.554443359375 -42.04280707237865 0.0 0.0 0.0 0.0 0.0 0.0 0.0
392 2668.316650390625 1539.6038818359375 -44.27201256835147 0.0 0.0 0.0 0.0 0.0 0.0 0.0
408 2693.0693359375 1539.6038818359375 -43.18938999431646 0.0 0.0 0.0 0.0 0.0 0.0 0.0
425 2737.623779296875 1544.554443359375 -39.62380945739406 0.0 0.0 0.0 0.0 0.0 0.0 0.0
440 2787.128662109375 1554.4554443359375 -35.23180106183594 0.0 0.0 0.0 0.0 0.0 0.0 0.0
456 2836.633544921875 1554.4554443359375 -37.016768807735474 0.0 0.0 0.0 0.0 0.0 0.0 0.0
473 2881.18798828125 1539.6038818359375 -45.007973723315075 0.0 0.0 0.0 0.0 0.0 0.0 0.0
489 2925.742431640625 1504.950439453125 -58.72422277896075 0.0 0.0 0.0 0.0 0.0 0.0 0.0
504 2950.494873046875 1480.197998046875 -66.77762013649871 0.0 0.0 0.0 0.0 0.0 0.0 0.0
520 2980.197998046875 1480.197998046875 -59.38274163177982 0.0 0.0 0.0 0.0 0.0 0.0 0.0
536 3004.950439453125 1475.2474365234375 -57.35098562921263 0.0 0.0 0.0 0.0 0.0 0.0 0.0
552 3039.60400390625 1470.2969970703125 -54.42040306784489 0.0 0.0 0.0 0.0 0.0 0.0 0.0
569 3079.207763671875 1470.2969970703125 -49.48206498820147 0.0 0.0 0.0 0.0 0.0 0.0 0.0
584 3133.663330078125 1460.39599609375 -49.7442063248337 0.0 0.0 0.0 0.0 0.0 0.0 0.0
600 3198.019775390625 1435.6435546875 -54.97487251896433 0.0 0.0 0.0 0.0 0.0 0.0 0.0
616 3242.57421875 1410.8909912109375 -60.48431920786376 0.0 0.0 0.0 0.0 0.0 0.0 0.0
632 3287.128662109375 1405.9405517578125 -55.23173155133773 0.0 0.0 0.0 0.0 0.0 0.0 0.0
648 3341.583984375 1405.9405517578125 -48.86532744875646 0.0 0.0 0.0 0.0 0.0 0.0 0.0
665 3386.138427734375 1405.9405517578125 -45.55591736359344 0.0 0.0 0.0 0.0 0.0 0.0 0.0
680 3430.693115234375 1405.9405517578125 -43.45447461312011 0.0 0.0 0.0 0.0 0.0 0.0 0.0
696 3465.346435546875 1400.989990234375 -44.85054111738097 0.0 0.0 0.0 0.0 0.0 0.0 0.0
713 3485.1484375 1381.1881103515625 -55.16713869418669 0.0 0.0 0.0 0.0 0.0 0.0 0.0
728 3495.049560546875 1346.5345458984375 -72.94123225089994 0.0 0.0 0.0 0.0 0.0 0.0 0.0
744 3500.0 1301.9801025390625 -91.0474054098485 0.0 0.0 0.0 0.0 0.0 0.0 0.0
761 3500.0 1257.4256591796875 -105.02319779934079 0.0 0.0 0.0 0.0 0.0 0.0 0.0
776 3500.0 1207.9207763671875 -114.65501166966689 0.0 0.0 0.0 0.0 0.0 0.0 0.0
792 3504.950439453125 1143.5643310546875 -119.54520566616836 0.0 0.0 0.0 0.0 0.0 0.0 0.0
808 3514.851318359375 1094.059326171875 -119.13073170705594 0.0 0.0 0.0 0.0 0.0 0.0 0.0
823 3534.6533203125 1039.6038818359375 -115.14494120773954 0.0 0.0 0.0 0.0 0.0 0.0 0.0
840 3554.455322265625 1004.950439453125 -110.02240269915464 0.0 0.0 0.0 0.0 0.0 0.0 0.0
856 3574.25732421875 955.4454956054688 -109.1987128886627 0.0 0.0 0.0 0.0 0.0 0.0 0.0
873 3584.158447265625 905.9405517578125 -112.86878798371227 0.0 0.0 0.0 0.0 0.0 0.0 0.0
888 3589.10888671875 856.4356079101562 -117.26007385115781 0.0 0.0 0.0 0.0 0.0 0.0 0.0
906 3579.207763671875 777.2276611328125 -127.25306152698779 0.0 0.0 0.0 0.0 0.0 0.0 0.0
921 3554.455322265625 702.97021484375 222.1887734827151 0.0 0.0 0.0 0.0 0.0 0.0 0.0
936 3529.702880859375 628.7128295898438 216.94236176385394 0.0 0.0 0.0 0.0 0.0 0.0 0.0
953 3509.90087890625 569.306884765625 214.6235032465216 0.0 0.0 0.0 0.0 0.0 0.0 0.0
968 3490.098876953125 519.8019409179688 212.08132952771948 0.0 0.0 0.0 0.0 0.0 0.0 0.0
984 3480.197998046875 480.19793701171875 213.48971005531175 0.0 0.0 0.0 0.0 0.0 0.0 0.0
1001 3465.346435546875 455.44549560546875 209.62709115313086 0.0 0.0 0.0 0.0 0.0 0.0 0.0
1016 3455.445556640625 425.7425231933594 210.24160586478033 0.0 0.0 0.0 0.0 0.0 0.0 0.0
1032 3440.593994140625 400.99005126953125 207.25466137534212 0.0 0.0 0.0 0.0 0.0 0.0 0.0
1049 3430.693115234375 366.3365783691406 209.47683703486675 0.0 0.0 0.0 0.0 0.0 0.0 0.0
1064 3415.841552734375 331.68310546875 208.66369010621472 0.0 0.0 0.0 0.0 0.0 0.0 0.0
1081 3410.89111328125 301.9801330566406 212.03818645297864 0.0 0.0 0.0 0.0 0.0 0.0 0.0
1096 3400.989990234375 272.27716064453125 211.9578445499993 0.0 0.0 0.0 0.0 0.0 0.0 0.0
1112 3391.089111328125 242.57418823242188 211.90076888773066 0.0 0.0 0.0 0.0 0.0 0.0 0.0
1128 3371.287109375 217.82171630859375 206.01688329619125 0.0 0.0 0.0 0.0 0.0 0.0 0.0
1144 3351.485107421875 202.97024536132812 199.11493253616229 0.0 0.0 0.0 0.0 0.0 0.0 0.0
1160 3326.732666015625 198.01974487304688 187.9368738647291 0.0 0.0 0.0 0.0 0.0 0.0 0.0
1176 3292.0791015625 198.01974487304688 173.63835643671868 0.0 0.0 0.0 0.0 0.0 0.0 0.0
1192 3242.57421875 202.97024536132812 158.47417132713028 0.0 0.0 0.0 0.0 0.0 0.0 0.0
1211 3198.019775390625 212.87124633789062 147.1310541019719 0.0 0.0 0.0 0.0 0.0 0.0 0.0
1224 3133.663330078125 217.82171630859375 141.97570560400337 0.0 0.0 0.0 0.0 0.0 0.0 0.0
1240 3064.3564453125 222.772216796875 139.19916026115894 0.0 0.0 0.0 0.0 0.0 0.0 0.0
1256 2980.197998046875 227.72271728515625 137.96239495735327 0.0 0.0 0.0 0.0 0.0 0.0 0.0
1274 2900.989990234375 242.57418823242188 133.68189204777767 0.0 0.0 0.0 0.0 0.0 0.0 0.0
1319 2826.732666015625 262.3761901855469 129.48547801214804 0.0 0.0 0.0 0.0 0.0 0.0 0.0
1329 2693.0693359375 297.0296630859375 127.0330693219208 0.0 0.0 0.0 0.0 0.0 0.0 0.0
1338 2633.663330078125 297.0296630859375 132.74739968560195 0.0 0.0 0.0 0.0 0.0 0.0 0.0
1352 2574.25732421875 297.0296630859375 135.9821580475345 0.0 0.0 0.0 0.0 0.0 0.0 0.0
1368 2500.0 272.27716064453125 147.3754621016386 0.0 0.0 0.0 0.0 0.0 0.0 0.0
1384 2425.742431640625 252.47518920898438 151.2386408762744 0.0 0.0 0.0 0.0 0.0 0.0 0.0
1400 2366.336669921875 242.57418823242188 150.5460597159051 0.0 0.0 0.0 0.0 0.0 0.0 0.0
1416 2292.0791015625 237.62371826171875 147.33995570752276 0.0 0.0 0.0 0.0 0.0 0.0 0.0
1432 2227.72265625 237.62371826171875 144.0947376089638 0.0 0.0 0.0 0.0 0.0 0.0 0.0
1448 2163.3662109375 237.62371826171875 142.32321785728274 0.0 0.0 0.0 0.0 0.0 0.0 0.0
1464 2113.861328125 237.62371826171875 141.49235520915735 0.0 0.0 0.0 0.0 0.0 0.0 0.0
1480 2049.5048828125 237.62371826171875 140.9028092740559 0.0 0.0 0.0 0.0 0.0 0.0 0.0
1498 1990.098876953125 232.6732177734375 142.6680020893834 0.0 0.0 0.0 0.0 0.0 0.0 0.0
1512 1920.7919921875 227.72271728515625 143.43095178156446 0.0 0.0 0.0 0.0 0.0 0.0 0.0
1528 1856.435546875 227.72271728515625 141.9608940053847 0.0 0.0 0.0 0.0 0.0 0.0 0.0
1544 1797.0296630859375 227.72271728515625 141.19344389430083 0.0 0.0 0.0 0.0 0.0 0.0 0.0
1560 1742.57421875 227.72271728515625 140.78064399077434 0.0 0.0 0.0 0.0 0.0 0.0 0.0
1576 1683.168212890625 222.772216796875 142.599002401369 0.0 0.0 0.0 0.0 0.0 0.0 0.0
1591 1628.7127685546875 212.87124633789062 145.89368950765285 0.0 0.0 0.0 0.0 0.0 0.0 0.0
1608 1574.25732421875 202.97024536132812 147.81477293611894 0.0 0.0 0.0 0.0 0.0 0.0 0.0
1624 1509.90087890625 188.11875915527344 150.2903239074188 0.0 0.0 0.0 0.0 0.0 0.0 0.0
1640 1450.4949951171875 178.2177734375 150.01293128748685 0.0 0.0 0.0 0.0 0.0 0.0 0.0
1656 1396.03955078125 173.26727294921875 148.09778757748322 0.0 0.0 0.0 0.0 0.0 0.0 0.0
1673 1341.5841064453125 173.26727294921875 144.8330590816228 0.0 0.0 0.0 0.0 0.0 0.0 0.0
1689 1277.2276611328125 173.26727294921875 142.72621591565778 0.0 0.0 0.0 0.0 0.0 0.0 0.0
1704 1237.6236572265625 183.1682586669922 137.01803132876054 0.0 0.0 0.0 0.0 0.0 0.0 0.0
1721 1193.0692138671875 188.11875915527344 135.85710513523813 0.0 0.0 0.0 0.0 0.0 0.0 0.0
1736 1153.46533203125 193.0692596435547 134.9081704963098 0.0 0.0 0.0 0.0 0.0 0.0 0.0
1752 1113.861328125 193.0692596435547 136.69802584734347 0.0 0.0 0.0 0.0 0.0 0.0 0.0
1769 1069.306884765625 193.0692596435547 137.97599831331567 0.0 0.0 0.0 0.0 0.0 0.0 0.0
1784 1024.75244140625 193.0692596435547 138.7869066612059 0.0 0.0 0.0 0.0 0.0 0.0 0.0
1800 980.197998046875 188.11875915527344 141.6286545297601 0.0 0.0 0.0 0.0 0.0 0.0 0.0
1816 935.6434936523438 183.1682586669922 143.4286484680143 0.0 0.0 0.0 0.0 0.0 0.0 0.0
1832 886.1385498046875 183.1682586669922 142.1663822322129 0.0 0.0 0.0 0.0 0.0 0.0 0.0
1848 851.485107421875 202.97024536132812 131.48827367127498 0.0 0.0 0.0 0.0 0.0 0.0 0.0
1864 821.7821044921875 217.82171630859375 126.1473947761217 0.0 0.0 0.0 0.0 0.0 0.0 0.0
1880 801.9801025390625 222.772216796875 126.14964662244267 0.0 0.0 0.0 0.0 0.0 0.0 0.0
1896 772.2771606445312 227.72271728515625 127.4335260274697 0.0 0.0 0.0 0.0 0.0 0.0 0.0
1912 747.524658203125 227.72271728515625 130.51774501022723 0.0 0.0 0.0 0.0 0.0 0.0 0.0
1928 717.8217163085938 227.72271728515625 133.19905214929017 0.0 0.0 0.0 0.0 0.0 0.0 0.0
1944 683.1682739257812 247.52468872070312 125.49792137997443 0.0 0.0 0.0 0.0 0.0 0.0 0.0
1960 653.4652709960938 257.4256896972656 124.42074131463633 0.0 0.0 0.0 0.0 0.0 0.0 0.0
1976 628.7128295898438 277.2276611328125 117.82000951737965 0.0 0.0 0.0 0.0 0.0 0.0 0.0
1992 603.9603271484375 301.9801330566406 110.81763335213265 0.0 0.0 0.0 0.0 0.0 0.0 0.0
2008 584.1583251953125 326.73260498046875 104.47896799903543 0.0 0.0 0.0 0.0 0.0 0.0 0.0
2023 569.306884765625 356.4355773925781 96.24354216646003 0.0 0.0 0.0 0.0 0.0 0.0 0.0
2040 549.5048828125 381.18804931640625 94.09696287151954 0.0 0.0 0.0 0.0 0.0 0.0 0.0
2056 539.6038818359375 396.03955078125 92.18692503302935 0.0 0.0 0.0 0.0 0.0 0.0 0.0
2072 524.7523803710938 405.9405517578125 94.8577326211103 0.0 0.0 0.0 0.0 0.0 0.0 0.0
2088 514.8514404296875 410.8910217285156 97.18076155753482 0.0 0.0 0.0 0.0 0.0 0.0 0.0
2104 495.0494384765625 410.8910217285156 105.55103005323812 0.0 0.0 0.0 0.0 0.0 0.0 0.0
2120 470.29693603515625 410.8910217285156 113.74710669239144 0.0 0.0 0.0 0.0 0.0 0.0 0.0
2136 430.6929931640625 415.8415222167969 120.298434665607 0.0 0.0 0.0 0.0 0.0 0.0 0.0
2151 381.18804931640625 445.54449462890625 115.56995277715643 0.0 0.0 0.0 0.0 0.0 0.0 0.0
2168 341.5841064453125 490.09893798828125 105.25680171975222 0.0 0.0 0.0 0.0 0.0 0.0 0.0
2184 311.8811340332031 519.8019409179688 101.71832043885553 0.0 0.0 0.0 0.0 0.0 0.0 0.0
2200 287.128662109375 554.4553833007812 96.05496825356914 0.0 0.0 0.0 0.0 0.0 0.0 0.0
2216 262.37615966796875 594.059326171875 90.8458569270853 0.0 0.0 0.0 0.0 0.0 0.0 0.0
2231 232.67318725585938 633.663330078125 89.37001516047906 0.0 0.0 0.0 0.0 0.0 0.0 0.0
2248 188.11874389648438 663.3662719726562 96.369155203455 0.0 0.0 0.0 0.0 0.0 0.0 0.0
2264 158.415771484375 698.019775390625 94.30105796316764 0.0 0.0 0.0 0.0 0.0 0.0 0.0
2280 138.61380004882812 722.772216796875 92.7181605980347 0.0 0.0 0.0 0.0 0.0 0.0 0.0
2296 128.71279907226562 742.57421875 89.18602915210991 0.0 0.0 0.0 0.0 0.0 0.0 0.0
2312 123.76231384277344 762.3761596679688 84.05117955051153 0.0 0.0 0.0 0.0 0.0 0.0 0.0
2331 123.76231384277344 792.0791625976562 74.83563554873885 0.0 0.0 0.0 0.0 0.0 0.0 0.0
2346 128.71279907226562 826.7326049804688 64.77178955995413 0.0 0.0 0.0 0.0 0.0 0.0 0.0
2360 153.4652862548828 866.3366088867188 47.548042222354724 0.0 0.0 0.0 0.0 0.0 0.0 0.0
2376 188.11874389648438 910.8910522460938 32.77143517334801 0.0 0.0 0.0 0.0 0.0 0.0 0.0
2392 217.82171630859375 980.197998046875 29.920077150951016 0.0 0.0 0.0 0.0 0.0 0.0 0.0
2406 237.62368774414062 1054.4554443359375 32.58327675613609 0.0 0.0 0.0 0.0 0.0 0.0 0.0
2423 252.47518920898438 1138.61376953125 36.5749731593736 0.0 0.0 0.0 0.0 0.0 0.0 0.0
2440 262.37615966796875 1217.82177734375 39.87381768066646 0.0 0.0 0.0 0.0 0.0 0.0 0.0
2456 262.37615966796875 1287.128662109375 44.75104568563407 0.0 0.0 0.0 0.0 0.0 0.0 0.0
2472 262.37615966796875 1366.3365478515625 47.505420416957435 0.0 0.0 0.0 0.0 0.0 0.0 0.0
2489 262.37615966796875 1440.593994140625 48.822670383317046 0.0 0.0 0.0 0.0 0.0 0.0 0.0
2504 242.57418823242188 1509.90087890625 57.17471945306167 0.0 0.0 0.0 0.0 0.0 0.0 0.0
2520 222.772216796875 1564.3563232421875 62.740514453402 0.0 0.0 0.0 0.0 0.0 0.0 0.0
2536 207.92071533203125 1599.0098876953125 66.22723720612598 0.0 0.0 0.0 0.0 0.0 0.0 0.0
2551 193.06924438476562 1623.7623291015625 70.27044480499919 0.0 0.0 0.0 0.0 0.0 0.0 0.0
2567 188.11874389648438 1643.5643310546875 69.0102180611261 0.0 0.0 0.0 0.0 0.0 0.0 0.0
2584 188.11874389648438 1658.415771484375 66.00983098665958 0.0 0.0 0.0 0.0 0.0 0.0 0.0
2600 188.11874389648438 1673.2672119140625 63.48022731909796 0.0 0.0 0.0 0.0 0.0 0.0 0.0
2615 202.97024536132812 1688.1187744140625 52.050055337461544 0.0 0.0 0.0 0.0 0.0 0.0 0.0
2632 217.82171630859375 1717.82177734375 43.61128086347642 0.0 0.0 0.0 0.0 0.0 0.0 0.0
2647 222.772216796875 1772.2772216796875 44.18649902961053 0.0 0.0 0.0 0.0 0.0 0.0 0.0
2663 222.772216796875 1866.3365478515625 47.48396302389477 0.0 0.0 0.0 0.0 0.0 0.0 0.0
2680 188.11874389648438 1985.1484375 59.17864298458247 0.0 0.0 0.0 0.0 0.0 0.0 0.0
2695 168.3167724609375 2069.3067626953125 61.42544879646752 0.0 0.0 0.0 0.0 0.0 0.0 0.0
2712 163.36627197265625 2123.7623291015625 58.92547232893767 0.0 0.0 0.0 0.0 0.0 0.0 0.0
2728 163.36627197265625 2153.4652099609375 56.505516555316234 0.0 0.0 0.0 0.0 0.0 0.0 0.0
2743 163.36627197265625 2168.3167724609375 55.48988841333323 0.0 0.0 0.0 0.0 0.0 0.0 0.0
2760 183.1682586669922 2178.2176513671875 41.90231460768459 0.0 0.0 0.0 0.0 0.0 0.0 0.0
2776 202.97024536132812 2193.0692138671875 31.479465110692644 0.0 0.0 0.0 0.0 0.0 0.0 0.0
2792 217.82171630859375 2217.8216552734375 28.158465159980693 0.0 0.0 0.0 0.0 0.0 0.0 0.0
2807 222.772216796875 2252.4752197265625 32.480670474919265 0.0 0.0 0.0 0.0 0.0 0.0 0.0
2824 227.72271728515625 2282.1781005859375 34.790760407657416 0.0 0.0 0.0 0.0 0.0 0.0 0.0
2840 227.72271728515625 2321.7821044921875 39.994322185685746 0.0 0.0 0.0 0.0 0.0 0.0 0.0
2856 232.67318725585938 2351.4849853515625 40.20111363199365 0.0 0.0 0.0 0.0 0.0 0.0 0.0
2872 237.62368774414062 2396.0394287109375 41.541558417428604 0.0 0.0 0.0 0.0 0.0 0.0 0.0
2888 262.37615966796875 2435.6434326171875 32.78651748933362 0.0 0.0 0.0 0.0 0.0 0.0 0.0
2904 277.2276611328125 2455.4454345703125 28.103099919587095 0.0 0.0 0.0 0.0 0.0 0.0 0.0
2920 292.0791320800781 2470.2969970703125 23.26916842708519 0.0 0.0 0.0 0.0 0.0 0.0 0.0
2935 316.83160400390625 2480.1978759765625 13.030926668545789 0.0 0.0 0.0 0.0 0.0 0.0 0.0
2951 341.5841064453125 2490.0989990234375 5.218224835516935 0.0 0.0 0.0 0.0 0.0 0.0 0.0
2968 381.18804931640625 2499.9998779296875 -5.380043219278065 0.0 0.0 0.0 0.0 0.0 0.0 0.0
2983 430.6929931640625 2539.6038818359375 -3.472543154771671 0.0 0.0 0.0 0.0 0.0 0.0 0.0
2999 499.99993896484375 2574.2574462890625 -8.361494983485628 0.0 0.0 0.0 0.0 0.0 0.0 0.0
3016 554.4553833007812 2589.1087646484375 -15.184039107258712 0.0 0.0 0.0 0.0 0.0 0.0 0.0
3031 618.8118286132812 2589.1087646484375 -26.35013229432822 0.0 0.0 0.0 0.0 0.0 0.0 0.0
3047 663.3662719726562 2584.1583251953125 -33.589971193596995 0.0 0.0 0.0 0.0 0.0 0.0 0.0
3064 693.0692138671875 2574.2574462890625 -40.627134647813264 0.0 0.0 0.0 0.0 0.0 0.0 0.0
3079 727.7227172851562 2569.3067626953125 -42.903136990159865 0.0 0.0 0.0 0.0 0.0 0.0 0.0
3095 757.4256591796875 2569.3067626953125 -42.043715368668884 0.0 0.0 0.0 0.0 0.0 0.0 0.0
3113 792.0791625976562 2599.0098876953125 -26.396324517934545 0.0 0.0 0.0 0.0 0.0 0.0 0.0
3129 846.5346069335938 2628.7127685546875 -19.63504569952812 0.0 0.0 0.0 0.0 0.0 0.0 0.0
3154 900.9900512695312 2633.6632080078125 -25.83123090317713 0.0 0.0 0.0 0.0 0.0 0.0 0.0
3160 975.2474365234375 2613.8614501953125 -40.23833227299599 0.0 0.0 0.0 0.0 0.0 0.0 0.0
3175 1029.702880859375 2569.3067626953125 -58.713130721919924 0.0 0.0 0.0 0.0 0.0 0.0 0.0
3191 1089.10888671875 2539.6038818359375 -62.25073916260959 0.0 0.0 0.0 0.0 0.0 0.0 0.0
3208 1143.5643310546875 2519.8018798828125 -61.19612929168852 0.0 0.0 0.0 0.0 0.0 0.0 0.0
3223 1207.9207763671875 2514.8514404296875 -53.471280234116676 0.0 0.0 0.0 0.0 0.0 0.0 0.0
3240 1277.2276611328125 2529.7030029296875 -41.161075996788824 0.0 0.0 0.0 0.0 0.0 0.0 0.0
3257 1341.5841064453125 2569.3067626953125 -24.87516182723803 0.0 0.0 0.0 0.0 0.0 0.0 0.0
3272 1391.0889892578125 2594.0594482421875 -20.02474194440464 0.0 0.0 0.0 0.0 0.0 0.0 0.0
3287 1430.6929931640625 2608.9107666015625 -19.750763099026358 0.0 0.0 0.0 0.0 0.0 0.0 0.0
3304 1485.1484375 2608.9107666015625 -28.020311552490142 0.0 0.0 0.0 0.0 0.0 0.0 0.0
3319 1534.6534423828125 2608.9107666015625 -32.615943130494486 0.0 0.0 0.0 0.0 0.0 0.0 0.0
3335 1599.0098876953125 2589.1087646484375 -43.91019502603217 0.0 0.0 0.0 0.0 0.0 0.0 0.0
3352 1658.415771484375 2554.4554443359375 -56.2069195626642 0.0 0.0 0.0 0.0 0.0 0.0 0.0
3367 1717.82177734375 2519.8018798828125 -62.72687121418289 0.0 0.0 0.0 0.0 0.0 0.0 0.0
3383 1777.2276611328125 2509.9010009765625 -56.83793187263939 0.0 0.0 0.0 0.0 0.0 0.0 0.0
3400 1851.485107421875 2514.8514404296875 -46.61662699722703 0.0 0.0 0.0 0.0 0.0 0.0 0.0
3415 1945.54443359375 2584.1583251953125 -20.413715307184376 0.0 0.0 0.0 0.0 0.0 0.0 0.0
3431 2024.75244140625 2648.5147705078125 -9.191486084986309 0.0 0.0 0.0 0.0 0.0 0.0 0.0
3448 2089.10888671875 2673.2672119140625 -13.70496398755192 0.0 0.0 0.0 0.0 0.0 0.0 0.0
3463 2138.61376953125 2673.2672119140625 -23.844240646395576 0.0 0.0 0.0 0.0 0.0 0.0 0.0
3479 2198.019775390625 2648.5147705078125 -41.2992857993797 0.0 0.0 0.0 0.0 0.0 0.0 0.0
3496 2252.47509765625 2599.0098876953125 -61.16229772275568 0.0 0.0 0.0 0.0 0.0 0.0 0.0
3511 2301.980224609375 2564.3563232421875 -67.13963099410408 0.0 0.0 0.0 0.0 0.0 0.0 0.0
3527 2361.385986328125 2549.5050048828125 -61.26640457486201 0.0 0.0 0.0 0.0 0.0 0.0 0.0
3543 2435.6435546875 2549.5050048828125 -50.75597511777876 0.0 0.0 0.0 0.0 0.0 0.0 0.0
3559 2500.0 2589.1087646484375 -29.734465689880793 0.0 0.0 0.0 0.0 0.0 0.0 0.0
3575 2559.40576171875 2623.7623291015625 -20.238809955137526 0.0 0.0 0.0 0.0 0.0 0.0 0.0
3591 2613.861328125 2648.5147705078125 -18.11183650983679 0.0 0.0 0.0 0.0 0.0 0.0 0.0
3607 2668.316650390625 2658.4158935546875 -22.859731518226084 0.0 0.0 0.0 0.0 0.0 0.0 0.0
3623 2722.772216796875 2658.4158935546875 -29.851496354105564 0.0 0.0 0.0 0.0 0.0 0.0 0.0
3640 2782.17822265625 2658.4158935546875 -34.17457026107607 0.0 0.0 0.0 0.0 0.0 0.0 0.0
3656 2836.633544921875 2613.8614501953125 -55.5171774234946 0.0 0.0 0.0 0.0 0.0 0.0 0.0
3671 2900.989990234375 2574.2574462890625 -63.37290361918181 0.0 0.0 0.0 0.0 0.0 0.0 0.0
3688 2975.24755859375 2554.4554443359375 -59.06827875071592 0.0 0.0 0.0 0.0 0.0 0.0 0.0
3703 3049.5048828125 2554.4554443359375 -49.633991504015 0.0 0.0 0.0 0.0 0.0 0.0 0.0
3719 3123.76220703125 2579.2078857421875 -35.41470797879023 0.0 0.0 0.0 0.0 0.0 0.0 0.0
3735 3173.267333984375 2594.0594482421875 -30.48829001795427 0.0 0.0 0.0 0.0 0.0 0.0 0.0
3751 3212.871337890625 2594.0594482421875 -33.64095084287305 0.0 0.0 0.0 0.0 0.0 0.0 0.0
3767 3242.57421875 2589.1087646484375 -38.003581859560015 0.0 0.0 0.0 0.0 0.0 0.0 0.0
3784 3267.32666015625 2564.3563232421875 -52.1440124398777 0.0 0.0 0.0 0.0 0.0 0.0 0.0
3799 3292.0791015625 2514.8514404296875 -73.16424403916909 0.0 0.0 0.0 0.0 0.0 0.0 0.0
3816 3326.732666015625 2470.2969970703125 -81.069566690686 0.0 0.0 0.0 0.0 0.0 0.0 0.0
3832 3366.336669921875 2430.6929931640625 -82.6388031388066 0.0 0.0 0.0 0.0 0.0 0.0 0.0
3847 3425.742431640625 2376.2376708984375 -82.47414039633944 0.0 0.0 0.0 0.0 0.0 0.0 0.0
3863 3480.197998046875 2321.7821044921875 -83.63746499375284 0.0 0.0 0.0 0.0 0.0 0.0 0.0
3879 3519.802001953125 2282.1781005859375 -84.12809748264667 0.0 0.0 0.0 0.0 0.0 0.0 0.0
3895 3564.3564453125 2247.5247802734375 -81.40813100071358 0.0 0.0 0.0 0.0 0.0 0.0 0.0
3911 3603.96044921875 2207.9207763671875 -82.83512302524832 0.0 0.0 0.0 0.0 0.0 0.0 0.0
3927 3623.76220703125 2173.2672119140625 -88.68054581012794 0.0 0.0 0.0 0.0 0.0 0.0 0.0
3943 3643.564208984375 2118.8118896484375 -97.71951023810419 0.0 0.0 0.0 0.0 0.0 0.0 0.0
3959 3658.415771484375 2059.4058837890625 -105.6874920615223 0.0 0.0 0.0 0.0 0.0 0.0 0.0
3975 3673.267333984375 2009.9010009765625 -108.65855445338993 0.0 0.0 0.0 0.0 0.0 0.0 0.0
3990 3678.2177734375 1945.5445556640625 -116.27288128698449 0.0 0.0 0.0 0.0 0.0 0.0 0.0
4007 3678.2177734375 1881.1881103515625 -122.41686056462288 0.0 0.0 0.0 0.0 0.0 0.0 0.0
4023 3678.2177734375 1811.881103515625 -125.90881414701845 0.0 0.0 0.0 0.0 0.0 0.0 0.0
4039 3678.2177734375 1772.2772216796875 -127.22842175423521 0.0 0.0 0.0 0.0 0.0 0.0 0.0
4056 3668.316650390625 1737.6236572265625 226.90887596201614 0.0 0.0 0.0 0.0 0.0 0.0 0.0
4072 3668.316650390625 1717.82177734375 227.5785392609807 0.0 0.0 0.0 0.0 0.0 0.0 0.0
4087 3668.316650390625 1698.019775390625 228.11175632510916 0.0 0.0 0.0 0.0 0.0 0.0 0.0
4104 3668.316650390625 1673.2672119140625 228.61669114980802 0.0 0.0 0.0 0.0 0.0 0.0 0.0
4119 3668.316650390625 1658.415771484375 228.87084973410268 0.0 0.0 0.0 0.0 0.0 0.0 0.0
4135 3668.316650390625 1638.61376953125 229.14072097077448 0.0 0.0 0.0 0.0 0.0 0.0 0.0
4151 3668.316650390625 1599.0098876953125 229.49756458805606 0.0 0.0 0.0 0.0 0.0 0.0 0.0
4167 3663.3662109375 1539.6038818359375 227.7274188658346 0.0 0.0 0.0 0.0 0.0 0.0 0.0
4183 3643.564208984375 1480.197998046875 220.5880207398923 0.0 0.0 0.0 0.0 0.0 0.0 0.0
4199 3633.663330078125 1445.5445556640625 218.5739727791105 0.0 0.0 0.0 0.0 0.0 0.0 0.0
4216 3623.76220703125 1425.7425537109375 215.26396851473547 0.0 0.0 0.0 0.0 0.0 0.0 0.0
4231 3608.910888671875 1410.8909912109375 208.97612962470745 0.0 0.0 0.0 0.0 0.0 0.0 0.0
4247 3599.009765625 1405.9405517578125 204.00563269363877 0.0 0.0 0.0 0.0 0.0 0.0 0.0
4264 3579.207763671875 1400.989990234375 194.23612350156063 0.0 0.0 0.0 0.0 0.0 0.0 0.0
4279 3544.554443359375 1396.03955078125 180.34745905855564 0.0 0.0 0.0 0.0 0.0 0.0 0.0
4295 3504.950439453125 1361.3861083984375 180.76570545197401 0.0 0.0 0.0 0.0 0.0 0.0 0.0
4311 3460.39599609375 1306.9306640625 185.5955251867716 0.0 0.0 0.0 0.0 0.0 0.0 0.0
4327 3425.742431640625 1277.2276611328125 183.8143855947786 0.0 0.0 0.0 0.0 0.0 0.0 0.0
4343 3400.989990234375 1257.4256591796875 182.37280396653827 0.0 0.0 0.0 0.0 0.0 0.0 0.0
4359 3376.237548828125 1242.57421875 179.33091987244237 0.0 0.0 0.0 0.0 0.0 0.0 0.0
4375 3356.435546875 1237.6236572265625 174.1671721387814 0.0 0.0 0.0 0.0 0.0 0.0 0.0
4391 3321.7822265625 1232.6732177734375 166.18619958195924 0.0 0.0 0.0 0.0 0.0 0.0 0.0
4407 3292.0791015625 1232.6732177734375 159.05375627241236 0.0 0.0 0.0 0.0 0.0 0.0 0.0
4423 3242.57421875 1227.7227783203125 153.91202518119363 0.0 0.0 0.0 0.0 0.0 0.0 0.0
4440 3202.97021484375 1217.82177734375 154.02214870024542 0.0 0.0 0.0 0.0 0.0 0.0 0.0
4456 3148.514892578125 1193.0692138671875 158.6506095634132 0.0 0.0 0.0 0.0 0.0 0.0 0.0
4471 3103.96044921875 1178.2177734375 158.6425455742079 0.0 0.0 0.0 0.0 0.0 0.0 0.0
4487 3039.60400390625 1163.3663330078125 156.13050046365666 0.0 0.0 0.0 0.0 0.0 0.0 0.0
4503 2980.197998046875 1158.415771484375 151.2693301651295 0.0 0.0 0.0 0.0 0.0 0.0 0.0
4519 2920.7919921875 1163.3663330078125 144.38109832286963 0.0 0.0 0.0 0.0 0.0 0.0 0.0
4535 2861.385986328125 1198.019775390625 128.19933212762348 0.0 0.0 0.0 0.0 0.0 0.0 0.0
4551 2801.980224609375 1242.57421875 116.01799500747066 0.0 0.0 0.0 0.0 0.0 0.0 0.0
4567 2747.524658203125 1282.17822265625 110.50340311992264 0.0 0.0 0.0 0.0 0.0 0.0 0.0
4583 2702.97021484375 1306.9306640625 110.7562513567479 0.0 0.0 0.0 0.0 0.0 0.0 0.0
4599 2648.514892578125 1326.732666015625 114.80476551803463 0.0 0.0 0.0 0.0 0.0 0.0 0.0
4615 2599.009765625 1326.732666015625 124.670523410291 0.0 0.0 0.0 0.0 0.0 0.0 0.0
4631 2544.554443359375 1326.732666015625 131.07719604217525 0.0 0.0 0.0 0.0 0.0 0.0 0.0
4647 2480.197998046875 1326.732666015625 135.21756281373595 0.0 0.0 0.0 0.0 0.0 0.0 0.0
4663 2430.693115234375 1326.732666015625 137.1597541620799 0.0 0.0 0.0 0.0 0.0 0.0 0.0
4679 2376.237548828125 1326.732666015625 138.4136553124657 0.0 0.0 0.0 0.0 0.0 0.0 0.0
4695 2326.732666015625 1326.732666015625 139.10867942749755 0.0 0.0 0.0 0.0 0.0 0.0 0.0
4711 2282.17822265625 1336.6336669921875 134.86608652618023 0.0 0.0 0.0 0.0 0.0 0.0 0.0
4730 2222.772216796875 1336.6336669921875 137.18079364927607 0.0 0.0 0.0 0.0 0.0 0.0 0.0
4743 2168.316650390625 1336.6336669921875 138.42603910377548 0.0 0.0 0.0 0.0 0.0 0.0 0.0
4759 2099.009765625 1331.68310546875 141.1965026353732 0.0 0.0 0.0 0.0 0.0 0.0 0.0
4775 2044.554443359375 1316.8316650390625 147.20479632352576 0.0 0.0 0.0 0.0 0.0 0.0 0.0
4792 1980.197998046875 1306.9306640625 147.99827238573525 0.0 0.0 0.0 0.0 0.0 0.0 0.0
4806 1915.841552734375 1301.9801025390625 146.44915606807737 0.0 0.0 0.0 0.0 0.0 0.0 0.0
4823 1851.485107421875 1301.9801025390625 143.60841487431745 0.0 0.0 0.0 0.0 0.0 0.0 0.0
4840 1806.9306640625 1301.9801025390625 142.36057178447672 0.0 0.0 0.0 0.0 0.0 0.0 0.0
4856 1772.2772216796875 1287.128662109375 149.21775769193115 0.0 0.0 0.0 0.0 0.0 0.0 0.0
4871 1747.524658203125 1282.17822265625 149.7803813503892 0.0 0.0 0.0 0.0 0.0 0.0 0.0
4887 1717.82177734375 1267.32666015625 154.86048168411477 0.0 0.0 0.0 0.0 0.0 0.0 0.0
4904 1693.0692138671875 1262.376220703125 154.03470207210748 0.0 0.0 0.0 0.0 0.0 0.0 0.0
4919 1663.3662109375 1257.4256591796875 152.80811414625836 0.0 0.0 0.0 0.0 0.0 0.0 0.0
4935 1628.7127685546875 1252.4752197265625 151.4112807599369 0.0 0.0 0.0 0.0 0.0 0.0 0.0
4950 1603.9603271484375 1242.57421875 154.1192378525544 0.0 0.0 0.0 0.0 0.0 0.0 0.0
5004 1579.2078857421875 1242.57421875 150.75579197651794 0.0 0.0 0.0 0.0 0.0 0.0 0.0
5008 1564.3563232421875 1242.57421875 149.0597085625803 0.0 0.0 0.0 0.0 0.0 0.0 0.0