0 2000.0 1500.0 0 0.0 0.0 0.0 0.0 0.0 0.0 0.0
2 2000.0 1500.0 0 0.0 0.0 0.0 0.0 0.0 0.0 0.0
375 2033.6256103515625 1500.0 9.833907162798027 0.0 0.0 0.0 0.0 0.0 0.0 0.0
393 2067.251220703125 1500.0 22.25112641827343 0.0 0.0 0.0 0.0 0.0 0.0 0.0
410 2100.8770751953125 1500.0 36.98509645837646 0.0 0.0 0.0 0.0 0.0 0.0 0.0
427 2112.0855712890625 1500.0 42.03458907494888 0.0 0.0 0.0 0.0 0.0 0.0 0.0
442 2134.502685546875 1500.0 52.70655240708737 0.0 0.0 0.0 0.0 0.0 0.0 0.0
460 2145.7113037109375 1500.0 58.08249312158648 0.0 0.0 0.0 0.0 0.0 0.0 0.0
475 2168.1282958984375 1500.0 68.84939808407432 0.0 0.0 0.0 0.0 0.0 0.0 0.0
493 2179.3370361328125 1500.0 74.1316933694298 0.0 0.0 0.0 0.0 0.0 0.0 0.0
511 2201.7542724609375 1500.0 84.1926984367355 0.0 0.0 0.0 0.0 0.0 0.0 0.0
524 2218.5670166015625 1500.0 91.29209562744904 0.0 0.0 0.0 0.0 0.0 0.0 0.0
542 2229.7755126953125 1500.0 95.79946615918129 0.0 0.0 0.0 0.0 0.0 0.0 0.0
559 2252.1927490234375 1500.0 103.9090218678524 0.0 0.0 0.0 0.0 0.0 0.0 0.0
576 2274.6097412109375 1500.0 111.06113282653882 0.0 0.0 0.0 0.0 0.0 0.0 0.0
593 2285.8182373046875 1500.0 114.38959061291183 0.0 0.0 0.0 0.0 0.0 0.0 0.0
610 2308.2354736328125 1500.0 120.16644750701877 0.0 0.0 0.0 0.0 0.0 0.0 0.0
627 2325.0484619140625 1500.0 124.02577638849709 0.0 0.0 0.0 0.0 0.0 0.0 0.0
644 2353.0697021484375 1500.0 129.33804161466134 0.0 0.0 0.0 0.0 0.0 0.0 0.0
660 2381.0911865234375 1500.0 133.69233447899472 0.0 0.0 0.0 0.0 0.0 0.0 0.0
678 2392.2996826171875 1500.0 135.2898259410935 0.0 0.0 0.0 0.0 0.0 0.0 0.0
695 2425.9254150390625 1500.0 139.05983648410458 0.0 0.0 0.0 0.0 0.0 0.0 0.0
709 2437.1339111328125 1500.0 140.2102755893264 0.0 0.0 0.0 0.0 0.0 0.0 0.0
727 2465.1553955078125 1500.0 142.54809613749862 0.0 0.0 0.0 0.0 0.0 0.0 0.0
744 2487.5726318359375 1500.0 144.12539067835687 0.0 0.0 0.0 0.0 0.0 0.0 0.0
759 2498.7811279296875 1500.0 144.8468478129251 0.0 0.0 0.0 0.0 0.0 0.0 0.0
776 2521.1981201171875 1500.0 146.06296055593737 0.0 0.0 0.0 0.0 0.0 0.0 0.0
792 2543.6153564453125 1500.0 147.08755100548748 0.0 0.0 0.0 0.0 0.0 0.0 0.0
810 2566.0325927734375 1500.0 147.95052340843313 0.0 0.0 0.0 0.0 0.0 0.0 0.0
826 2571.6365966796875 1500.0 148.15661469279024 0.0 0.0 0.0 0.0 0.0 0.0 0.0
842 2577.2410888671875 1500.0 148.3534617929111 0.0 0.0 0.0 0.0 0.0 0.0 0.0
859 2588.4495849609375 1500.0 148.713439425873 0.0 0.0 0.0 0.0 0.0 0.0 0.0
875 2599.6580810546875 1500.0 149.04256955341032 0.0 0.0 0.0 0.0 0.0 0.0 0.0
894 2605.2625732421875 1500.0 149.19977322605484 0.0 0.0 0.0 0.0 0.0 0.0 0.0
934 2610.8668212890625 1500.0 149.34992397828347 0.0 0.0 0.0 0.0 0.0 0.0 0.0
958 2622.0753173828125 1494.392333984375 147.17179794803778 0.0 0.0 0.0 0.0 0.0 0.0 0.0
975 2627.6795654296875 1483.1767578125 142.34060030356898 0.0 0.0 0.0 0.0 0.0 0.0 0.0
992 2650.0968017578125 1455.138427734375 133.16858775214786 0.0 0.0 0.0 0.0 0.0 0.0 0.0
1008 2661.3052978515625 1438.3155517578125 128.04159914235703 0.0 0.0 0.0 0.0 0.0 0.0 0.0
1027 2683.7222900390625 1404.669189453125 120.14144624256201 0.0 0.0 0.0 0.0 0.0 0.0 0.0
1041 2711.7437744140625 1376.6307373046875 117.00497242254522 0.0 0.0 0.0 0.0 0.0 0.0 0.0
1059 2728.5567626953125 1365.41552734375 117.2709723517352 0.0 0.0 0.0 0.0 0.0 0.0 0.0
1074 2762.1822509765625 1342.9847412109375 117.6682104029031 0.0 0.0 0.0 0.0 0.0 0.0 0.0
1090 2795.8079833984375 1326.16162109375 119.65469391619229 0.0 0.0 0.0 0.0 0.0 0.0 0.0
1109 2812.6209716796875 1320.553955078125 121.51093445588458 0.0 0.0 0.0 0.0 0.0 0.0 0.0
1127 2846.2464599609375 1309.3387451171875 124.38573402298655 0.0 0.0 0.0 0.0 0.0 0.0 0.0
1144 2879.8724365234375 1309.3387451171875 130.4686773662119 0.0 0.0 0.0 0.0 0.0 0.0 0.0
1158 2896.6851806640625 1309.3387451171875 133.15169361029285 0.0 0.0 0.0 0.0 0.0 0.0 0.0
1174 2930.3109130859375 1309.3387451171875 137.38129383834172 0.0 0.0 0.0 0.0 0.0 0.0 0.0
1190 2952.7279052734375 1314.9462890625 142.0047765384143 0.0 0.0 0.0 0.0 0.0 0.0 0.0
1208 2997.5623779296875 1326.16162109375 148.8030749322567 0.0 0.0 0.0 0.0 0.0 0.0 0.0
1227 3036.7923583984375 1337.3770751953125 153.78767586049224 0.0 0.0 0.0 0.0 0.0 0.0 0.0
1246 3053.6048583984375 1342.9847412109375 155.99184939973526 0.0 0.0 0.0 0.0 0.0 0.0 0.0
1260 3076.0220947265625 1354.2003173828125 159.95019796204673 0.0 0.0 0.0 0.0 0.0 0.0 0.0
1275 3109.6478271484375 1371.023193359375 164.51198821315495 0.0 0.0 0.0 0.0 0.0 0.0 0.0
1291 3143.2735595703125 1393.4539794921875 169.96580422764157 0.0 0.0 0.0 0.0 0.0 0.0 0.0
1308 3176.8990478515625 1410.277099609375 172.15762852591274 0.0 0.0 0.0 0.0 0.0 0.0 0.0
1326 3193.7120361328125 1415.884765625 172.00679359928085 0.0 0.0 0.0 0.0 0.0 0.0 0.0
1341 3227.3377685546875 1432.7076416015625 173.7112506246909 0.0 0.0 0.0 0.0 0.0 0.0 0.0
1359 3260.9635009765625 1443.923095703125 173.0884024523911 0.0 0.0 0.0 0.0 0.0 0.0 0.0
1374 3277.7762451171875 1449.53076171875 172.81729182130255 0.0 0.0 0.0 0.0 0.0 0.0 0.0
1392 3288.9849853515625 1455.138427734375 173.41622690419587 0.0 0.0 0.0 0.0 0.0 0.0 0.0
1408 3311.4019775390625 1466.35400390625 174.40698026493607 0.0 0.0 0.0 0.0 0.0 0.0 0.0
1426 3328.2149658203125 1471.9615478515625 173.96527202322784 0.0 0.0 0.0 0.0 0.0 0.0 0.0
1442 3333.8189697265625 1471.9615478515625 173.02343614717734 0.0 0.0 0.0 0.0 0.0 0.0 0.0
1458 3345.0277099609375 1471.9615478515625 171.29274466277644 0.0 0.0 0.0 0.0 0.0 0.0 0.0
1474 3356.2362060546875 1466.35400390625 167.3124561536313 0.0 0.0 0.0 0.0 0.0 0.0 0.0
1492 3361.8406982421875 1455.138427734375 161.5598145325007 0.0 0.0 0.0 0.0 0.0 0.0 0.0
1507 3361.8406982421875 1449.53076171875 158.88147967249873 0.0 0.0 0.0 0.0 0.0 0.0 0.0
1524 3361.8406982421875 1438.3155517578125 153.48667227258284 0.0 0.0 0.0 0.0 0.0 0.0 0.0
1543 3367.4449462890625 1427.0999755859375 148.3057328882666 0.0 0.0 0.0 0.0 0.0 0.0 0.0
1559 3373.0491943359375 1415.884765625 143.40815935168786 0.0 0.0 0.0 0.0 0.0 0.0 0.0
1576 3384.2576904296875 1404.669189453125 139.38470212475727 0.0 0.0 0.0 0.0 0.0 0.0 0.0
1591 3389.8619384765625 1399.0615234375 137.48278172629188 0.0 0.0 0.0 0.0 0.0 0.0 0.0
1609 3401.0706787109375 1387.8463134765625 134.0765901456466 0.0 0.0 0.0 0.0 0.0 0.0 0.0
1625 3406.6749267578125 1382.23876953125 132.47044509146008 0.0 0.0 0.0 0.0 0.0 0.0 0.0
1643 3423.4879150390625 1371.023193359375 130.50681683388433 0.0 0.0 0.0 0.0 0.0 0.0 0.0
1658 3445.9049072265625 1371.023193359375 133.9441156473007 0.0 0.0 0.0 0.0 0.0 0.0 0.0
1676 3457.1131591796875 1371.023193359375 135.5208785074791 0.0 0.0 0.0 0.0 0.0 0.0 0.0
1691 3496.3433837890625 1371.023193359375 139.71119580149048 0.0 0.0 0.0 0.0 0.0 0.0 0.0
1708 3518.7603759765625 1371.023193359375 141.73213936802665 0.0 0.0 0.0 0.0 0.0 0.0 0.0
1725 3569.1990966796875 1382.23876953125 148.7358281381863 0.0 0.0 0.0 0.0 0.0 0.0 0.0
1742 3630.8460693359375 1404.669189453125 157.1366444105986 0.0 0.0 0.0 0.0 0.0 0.0 0.0
1758 3658.8675537109375 1421.4923095703125 162.7218860352426 0.0 0.0 0.0 0.0 0.0 0.0 0.0
1778 3714.9102783203125 1455.138427734375 170.0561865858187 0.0 0.0 0.0 0.0 0.0 0.0 0.0
1794 3759.7445068359375 1483.1767578125 174.5008764237291 0.0 0.0 0.0 0.0 0.0 0.0 0.0
1810 3782.1617431640625 1494.392333984375 175.3036439259192 0.0 0.0 0.0 0.0 0.0 0.0 0.0
1824 3821.3917236328125 1516.8231201171875 177.22630278013023 0.0 0.0 0.0 0.0 0.0 0.0 0.0
1841 3838.2044677734375 1528.038330078125 178.5308696023833 0.0 0.0 0.0 0.0 0.0 0.0 0.0
1863 3871.8304443359375 1550.4691162109375 180.48321762890458 0.0 0.0 0.0 0.0 0.0 0.0 0.0
1876 3883.0386962890625 1556.0767822265625 180.35416672539287 0.0 0.0 0.0 0.0 0.0 0.0 0.0
1893 3888.6431884765625 1561.6844482421875 181.41355618854476 0.0 0.0 0.0 0.0 0.0 0.0 0.0
1908 3899.8516845703125 1572.89990234375 183.29180699028268 0.0 0.0 0.0 0.0 0.0 0.0 0.0
1925 3905.4559326171875 1578.507568359375 184.17387034546084 0.0 0.0 0.0 0.0 0.0 0.0 0.0
1941 3916.6644287109375 1578.507568359375 181.56139639356843 0.0 0.0 0.0 0.0 0.0 0.0 0.0
1958 3939.0816650390625 1578.507568359375 177.084639323509 0.0 0.0 0.0 0.0 0.0 0.0 0.0
1976 3944.6859130859375 1578.507568359375 176.01255550763238 0.0 0.0 0.0 0.0 0.0 0.0 0.0