0 2000.0 1500.0 0 0.0 0.0 0.0 0.0 0.0 0.0 0.0
313 2000.0 1500.0 0 0.0 0.0 0.0 0.0 0.0 0.0 0.0
328 2000.0 1500.0 0 0.0 0.0 0.0 0.0 0.0 0.0 0.0
336 2000.0 1500.0 0 0.0 0.0 0.0 0.0 0.0 0.0 0.0
392 2000.0 1500.0 0 0.0 0.0 0.0 0.0 0.0 0.0 0.0
408 2000.0 1500.0 0 0.0 0.0 0.0 0.0 0.0 0.0 0.0
416 2000.0 1500.0 0 0.0 0.0 0.0 0.0 0.0 0.0 0.0
432 2000.0 1500.0 0 0.0 0.0 0.0 0.0 0.0 0.0 0.0
448 2000.0 1496.991455078125 359.70487299939134 0.0 0.0 0.0 0.0 0.0 0.0 0.0
456 2003.008544921875 1493.98291015625 1.0117650025854772 0.0 0.0 0.0 0.0 0.0 0.0 0.0
496 2006.01708984375 1490.974365234375 2.2748707469146865 0.0 0.0 0.0 0.0 0.0 0.0 0.0
499 2009.025634765625 1490.974365234375 3.8956505904349683 0.0 0.0 0.0 0.0 0.0 0.0 0.0
519 2015.0426025390625 1490.974365234375 7.087135759117288 0.0 0.0 0.0 0.0 0.0 0.0 0.0
541 2030.0853271484375 1490.974365234375 14.681062212760466 0.0 0.0 0.0 0.0 0.0 0.0 0.0
564 2036.1024169921875 1490.974365234375 17.633852951243597 0.0 0.0 0.0 0.0 0.0 0.0 0.0
587 2045.1278076171875 1490.974365234375 21.87778574863932 0.0 0.0 0.0 0.0 0.0 0.0 0.0
648 2048.1363525390625 1490.974365234375 23.269148201391573 0.0 0.0 0.0 0.0 0.0 0.0 0.0
672 2051.1448974609375 1490.974365234375 24.637914292445217 0.0 0.0 0.0 0.0 0.0 0.0 0.0
697 2060.1705322265625 1490.974365234375 28.540992827555094 0.0 0.0 0.0 0.0 0.0 0.0 0.0
721 2072.2044677734375 1490.974365234375 33.373521722219834 0.0 0.0 0.0 0.0 0.0 0.0 0.0
745 2120.3409423828125 1506.0169677734375 53.152527420969385 0.0 0.0 0.0 0.0 0.0 0.0 0.0
769 2240.6820068359375 1545.1278076171875 77.74033327662693 0.0 0.0 0.0 0.0 0.0 0.0 0.0
794 2297.8438720703125 1563.178955078125 84.82598267968761 0.0 0.0 0.0 0.0 0.0 0.0 0.0
808 2300.8524169921875 1563.178955078125 84.67634241256053 0.0 0.0 0.0 0.0 0.0 0.0 0.0
872 2300.8524169921875 1566.1875 86.33760532698857 0.0 0.0 0.0 0.0 0.0 0.0 0.0
888 2300.8524169921875 1572.20458984375 89.63321223031961 0.0 0.0 0.0 0.0 0.0 0.0 0.0
912 2300.8524169921875 1578.2215576171875 92.89004248535518 0.0 0.0 0.0 0.0 0.0 0.0 0.0
913 2306.8695068359375 1593.26416015625 99.61323379317736 0.0 0.0 0.0 0.0 0.0 0.0 0.0
935 2309.8780517578125 1602.289794921875 103.52166698857002 0.0 0.0 0.0 0.0 0.0 0.0 0.0
937 2309.8780517578125 1605.29833984375 105.03179816135894 0.0 0.0 0.0 0.0 0.0 0.0 0.0
982 2309.8780517578125 1608.306884765625 106.52271257049438 0.0 0.0 0.0 0.0 0.0 0.0 0.0
994 2309.8780517578125 1611.3153076171875 107.99357493131258 0.0 0.0 0.0 0.0 0.0 0.0 0.0
1014 2309.8780517578125 1614.3238525390625 109.44387756486763 0.0 0.0 0.0 0.0 0.0 0.0 0.0
1017 2306.8695068359375 1617.3323974609375 111.7514281801465 0.0 0.0 0.0 0.0 0.0 0.0 0.0
1088 2303.8609619140625 1617.3323974609375 112.66554538560673 0.0 0.0 0.0 0.0 0.0 0.0 0.0
1155 2306.8695068359375 1608.306884765625 107.44055669420862 0.0 0.0 0.0 0.0 0.0 0.0 0.0
1183 2333.9461669921875 1590.2557373046875 93.8651047220557 0.0 0.0 0.0 0.0 0.0 0.0 0.0
1193 2351.9974365234375 1584.2386474609375 88.92245666678498 0.0 0.0 0.0 0.0 0.0 0.0 0.0
1215 2367.0399169921875 1584.2386474609375 87.73115725394005 0.0 0.0 0.0 0.0 0.0 0.0 0.0
1216 2385.0911865234375 1584.2386474609375 86.51309380102563 0.0 0.0 0.0 0.0 0.0 0.0 0.0
1248 2403.1422119140625 1584.2386474609375 85.47567086955611 0.0 0.0 0.0 0.0 0.0 0.0 0.0
1249 2418.1849365234375 1584.2386474609375 84.72083214782637 0.0 0.0 0.0 0.0 0.0 0.0 0.0
1271 2433.2274169921875 1584.2386474609375 84.06187626033652 0.0 0.0 0.0 0.0 0.0 0.0 0.0
1274 2454.2872314453125 1584.2386474609375 83.29552817565981 0.0 0.0 0.0 0.0 0.0 0.0 0.0
1296 2460.3040771484375 1584.2386474609375 83.0886265801891 0.0 0.0 0.0 0.0 0.0 0.0 0.0
1297 2466.3211669921875 1584.2386474609375 82.89312676241389 0.0 0.0 0.0 0.0 0.0 0.0 0.0
1320 2469.3297119140625 1584.2386474609375 82.79815756026174 0.0 0.0 0.0 0.0 0.0 0.0 0.0
1353 2472.3382568359375 1584.2386474609375 82.70587500001547 0.0 0.0 0.0 0.0 0.0 0.0 0.0
1368 2481.3638916015625 1584.2386474609375 82.45124394821649 0.0 0.0 0.0 0.0 0.0 0.0 0.0
1377 2493.3978271484375 1590.2557373046875 85.13041204674703 0.0 0.0 0.0 0.0 0.0 0.0 0.0
1401 2508.4405517578125 1593.26416015625 85.8710847647149 0.0 0.0 0.0 0.0 0.0 0.0 0.0
1424 2538.5257568359375 1608.306884765625 90.8112684969978 0.0 0.0 0.0 0.0 0.0 0.0 0.0
1448 2547.5513916015625 1608.306884765625 89.90833501387365 0.0 0.0 0.0 0.0 0.0 0.0 0.0
1450 2550.5599365234375 1611.3153076171875 91.20839757017697 0.0 0.0 0.0 0.0 0.0 0.0 0.0
1536 2553.5684814453125 1611.3153076171875 90.87957928335605 0.0 0.0 0.0 0.0 0.0 0.0 0.0
1568 2553.5684814453125 1617.3323974609375 94.11919976494792 0.0 0.0 0.0 0.0 0.0 0.0 0.0
1590 2553.5684814453125 1632.375 101.87918496394721 0.0 0.0 0.0 0.0 0.0 0.0 0.0
1612 2559.5855712890625 1668.477294921875 116.14582294229325 0.0 0.0 0.0 0.0 0.0 0.0 0.0
1635 2562.5941162109375 1692.5455322265625 124.46862658464471 0.0 0.0 0.0 0.0 0.0 0.0 0.0
1660 2562.5941162109375 1695.5540771484375 125.62893177137104 0.0 0.0 0.0 0.0 0.0 0.0 0.0
1688 2562.5941162109375 1698.5625 126.76504817232666 0.0 0.0 0.0 0.0 0.0 0.0 0.0
1696 2559.5855712890625 1698.5625 128.01742393207851 0.0 0.0 0.0 0.0 0.0 0.0 0.0
1719 2547.5513916015625 1704.57958984375 135.45473045631954 0.0 0.0 0.0 0.0 0.0 0.0 0.0
1743 2517.4661865234375 1716.6136474609375 153.68003979624797 0.0 0.0 0.0 0.0 0.0 0.0 0.0
1766 2499.4149169921875 1722.6307373046875 164.0473638391034 0.0 0.0 0.0 0.0 0.0 0.0 0.0
1768 2481.3638916015625 1728.6478271484375 173.8518594413995 0.0 0.0 0.0 0.0 0.0 0.0 0.0
1794 2463.3126220703125 1734.664794921875 182.8830950999856 0.0 0.0 0.0 0.0 0.0 0.0 0.0
1795 2448.2701416015625 1737.67333984375 190.14288333095664 0.0 0.0 0.0 0.0 0.0 0.0 0.0
1817 2430.2188720703125 1737.67333984375 198.92302149624396 0.0 0.0 0.0 0.0 0.0 0.0 0.0
1841 2421.1934814453125 1737.67333984375 203.10822001649038 0.0 0.0 0.0 0.0 0.0 0.0 0.0
1865 2403.1422119140625 1737.67333984375 210.68833809048496 0.0 0.0 0.0 0.0 0.0 0.0 0.0
1890 2367.0399169921875 1722.6307373046875 228.49246124949426 0.0 0.0 0.0 0.0 0.0 0.0 0.0
1914 2339.9632568359375 1704.57958984375 242.6194460170886 0.0 0.0 0.0 0.0 0.0 0.0 0.0
1938 2330.9376220703125 1698.5625 246.9805998077898 0.0 0.0 0.0 0.0 0.0 0.0 0.0
1968 2327.9290771484375 1695.5540771484375 248.93306366235768 0.0 0.0 0.0 0.0 0.0 0.0 0.0
1977 2318.9034423828125 1686.5284423828125 254.39003757399692 0.0 0.0 0.0 0.0 0.0 0.0 0.0
1999 2300.8524169921875 1677.5029296875 259.4339130430801 0.0 0.0 0.0 0.0 0.0 0.0 0.0
2029 2270.7672119140625 1650.4261474609375 270.9579534965967 0.0 0.0 0.0 0.0 0.0 0.0 0.0
2032 2267.7586669921875 1644.4090576171875 273.79010891841983 0.0 0.0 0.0 0.0 0.0 0.0 0.0
2048 2267.7586669921875 1641.400634765625 275.39936032140895 0.0 0.0 0.0 0.0 0.0 0.0 0.0
2074 2267.7586669921875 1629.366455078125 281.6123293675174 0.0 0.0 0.0 0.0 0.0 0.0 0.0
2098 2285.8096923828125 1602.289794921875 299.89243281844347 0.0 0.0 0.0 0.0 0.0 0.0 0.0
2122 2303.8609619140625 1587.2471923828125 313.050687013283 0.0 0.0 0.0 0.0 0.0 0.0 0.0
2149 2355.0057373046875 1563.178955078125 344.1251598073268 0.0 0.0 0.0 0.0 0.0 0.0 0.0
2175 2424.2017822265625 1542.1192626953125 15.227451262329467 0.0 0.0 0.0 0.0 0.0 0.0 0.0
2179 2448.2701416015625 1542.1192626953125 26.048236891482297 0.0 0.0 0.0 0.0 0.0 0.0 0.0
2199 2469.3297119140625 1542.1192626953125 34.38071412782166 0.0 0.0 0.0 0.0 0.0 0.0 0.0
2223 2499.4149169921875 1542.1192626953125 44.122471502794504 0.0 0.0 0.0 0.0 0.0 0.0 0.0
2248 2508.4405517578125 1542.1192626953125 46.835166941272284 0.0 0.0 0.0 0.0 0.0 0.0 0.0
2249 2511.4490966796875 1542.1192626953125 47.717327372953115 0.0 0.0 0.0 0.0 0.0 0.0 0.0
2273 2520.4747314453125 1548.1363525390625 52.96206036613337 0.0 0.0 0.0 0.0 0.0 0.0 0.0
2289 2529.5001220703125 1557.161865234375 59.41436256720695 0.0 0.0 0.0 0.0 0.0 0.0 0.0
2296 2541.5343017578125 1569.196044921875 67.3899018797601 0.0 0.0 0.0 0.0 0.0 0.0 0.0
2324 2550.5599365234375 1578.2215576171875 72.95921956584112 0.0 0.0 0.0 0.0 0.0 0.0 0.0
2347 2562.5941162109375 1587.2471923828125 78.14624742683316 0.0 0.0 0.0 0.0 0.0 0.0 0.0
2370 2562.5941162109375 1590.2557373046875 79.81922395253017 0.0 0.0 0.0 0.0 0.0 0.0 0.0
2394 2565.6024169921875 1596.272705078125 83.05758887476343 0.0 0.0 0.0 0.0 0.0 0.0 0.0
2417 2586.6622314453125 1626.35791015625 95.91423237904326 0.0 0.0 0.0 0.0 0.0 0.0 0.0
2440 2595.6878662109375 1647.4176025390625 104.4522548542542 0.0 0.0 0.0 0.0 0.0 0.0 0.0
2463 2607.7218017578125 1671.48583984375 112.14403548643162 0.0 0.0 0.0 0.0 0.0 0.0 0.0
2552 2607.7218017578125 1674.494384765625 113.53119653811945 0.0 0.0 0.0 0.0 0.0 0.0 0.0
2568 2607.7218017578125 1677.5029296875 114.89566400663125 0.0 0.0 0.0 0.0 0.0 0.0 0.0
2590 2607.7218017578125 1683.5198974609375 117.53321682681921 0.0 0.0 0.0 0.0 0.0 0.0 0.0
2594 2607.7218017578125 1686.5284423828125 118.82806744313973 0.0 0.0 0.0 0.0 0.0 0.0 0.0
2636 2604.7132568359375 1686.5284423828125 119.91157155535393 0.0 0.0 0.0 0.0 0.0 0.0 0.0
2661 2595.6878662109375 1695.5540771484375 127.02001069512372 0.0 0.0 0.0 0.0 0.0 0.0 0.0
2685 2589.6707763671875 1698.5625 130.6769995638047 0.0 0.0 0.0 0.0 0.0 0.0 0.0
2708 2577.6365966796875 1701.571044921875 137.24088882388702 0.0 0.0 0.0 0.0 0.0 0.0 0.0
2732 2571.6195068359375 1701.571044921875 140.15722062554931 0.0 0.0 0.0 0.0 0.0 0.0 0.0
2736 2568.6109619140625 1701.571044921875 141.63564613949782 0.0 0.0 0.0 0.0 0.0 0.0 0.0
2777 2565.6024169921875 1701.571044921875 143.13405214151607 0.0 0.0 0.0 0.0 0.0 0.0 0.0
2848 2562.5941162109375 1701.571044921875 144.65150342178023 0.0 0.0 0.0 0.0 0.0 0.0 0.0
2856 2556.5770263671875 1701.571044921875 147.7597201972346 0.0 0.0 0.0 0.0 0.0 0.0 0.0
2872 2538.5257568359375 1701.571044921875 157.62880617658058 0.0 0.0 0.0 0.0 0.0 0.0 0.0
2902 2505.4320068359375 1698.5625 176.4326708564421 0.0 0.0 0.0 0.0 0.0 0.0 0.0
2927 2502.4234619140625 1698.5625 178.08705469828644 0.0 0.0 0.0 0.0 0.0 0.0 0.0
3288 2502.4234619140625 1695.5540771484375 178.34293399786944 0.0 0.0 0.0 0.0 0.0 0.0 0.0