0 2000.0 1500.0 0 0.0 0.0 0.0 0.0 0.0 0.0 0.0
412 2000.0 1500.0 0 0.0 0.0 0.0 0.0 0.0 0.0 0.0
430 2000.0 1500.0 0 0.0 0.0 0.0 0.0 0.0 0.0 0.0
445 2000.0 1500.0 0 0.0 0.0 0.0 0.0 0.0 0.0 0.0
461 2011.2086181640625 1466.35400390625 9.529061876067829 0.0 0.0 0.0 0.0 0.0 0.0 0.0
478 2011.2086181640625 1455.138427734375 10.920710900921222 0.0 0.0 0.0 0.0 0.0 0.0 0.0
498 2022.4171142578125 1432.7076416015625 17.64456172254563 0.0 0.0 0.0 0.0 0.0 0.0 0.0
514 2033.625732421875 1410.2772216796875 23.385373389319454 0.0 0.0 0.0 0.0 0.0 0.0 0.0
527 2033.625732421875 1399.0616455078125 23.644342254745766 0.0 0.0 0.0 0.0 0.0 0.0 0.0
545 2039.2301025390625 1387.846435546875 26.25549157224549 0.0 0.0 0.0 0.0 0.0 0.0 0.0
561 2039.2301025390625 1382.238525390625 26.266522261298235 0.0 0.0 0.0 0.0 0.0 0.0 0.0
576 2039.2301025390625 1371.023193359375 26.286791924339525 0.0 0.0 0.0 0.0 0.0 0.0 0.0
595 2039.2301025390625 1359.8079833984375 26.305397427264268 0.0 0.0 0.0 0.0 0.0 0.0 0.0
612 2039.2301025390625 1354.2000732421875 26.314291861618813 0.0 0.0 0.0 0.0 0.0 0.0 0.0
628 2039.2301025390625 1342.98486328125 26.330618340096578 0.0 0.0 0.0 0.0 0.0 0.0 0.0
644 2039.2301025390625 1337.377197265625 26.338446000981946 0.0 0.0 0.0 0.0 0.0 0.0 0.0
662 2039.2301025390625 1331.7696533203125 26.345940111374773 0.0 0.0 0.0 0.0 0.0 0.0 0.0
678 2039.2301025390625 1326.16162109375 26.353111639905535 0.0 0.0 0.0 0.0 0.0 0.0 0.0
695 2039.2301025390625 1320.5540771484375 26.359958333326972 0.0 0.0 0.0 0.0 0.0 0.0 0.0
716 2039.2301025390625 1314.9464111328125 26.366482268268157 0.0 0.0 0.0 0.0 0.0 0.0 0.0
728 2039.2301025390625 1309.3388671875 26.372736355827612 0.0 0.0 0.0 0.0 0.0 0.0 0.0
744 2039.2301025390625 1303.731201171875 26.378721253507308 0.0 0.0 0.0 0.0 0.0 0.0 0.0
761 2039.2301025390625 1298.123291015625 26.384436553624994 0.0 0.0 0.0 0.0 0.0 0.0 0.0
794 2039.2301025390625 1292.515625 26.389935716113428 0.0 0.0 0.0 0.0 0.0 0.0 0.0
810 2039.2301025390625 1281.3004150390625 26.399975461785914 0.0 0.0 0.0 0.0 0.0 0.0 0.0
827 2039.2301025390625 1275.6925048828125 26.40476284438762 0.0 0.0 0.0 0.0 0.0 0.0 0.0
843 2039.2301025390625 1264.4771728515625 26.413567928840394 0.0 0.0 0.0 0.0 0.0 0.0 0.0
861 2039.2301025390625 1258.86962890625 26.417810163992556 0.0 0.0 0.0 0.0 0.0 0.0 0.0
879 2039.2301025390625 1247.654052734375 26.425558228669217 0.0 0.0 0.0 0.0 0.0 0.0 0.0
895 2039.2301025390625 1236.4388427734375 26.432638465170328 0.0 0.0 0.0 0.0 0.0 0.0 0.0
911 2039.2301025390625 1230.8311767578125 26.436033857130894 0.0 0.0 0.0 0.0 0.0 0.0 0.0
927 2039.2301025390625 1219.6156005859375 26.442251449411685 0.0 0.0 0.0 0.0 0.0 0.0 0.0
945 2039.2301025390625 1202.7928466796875 26.45050481968957 0.0 0.0 0.0 0.0 0.0 0.0 0.0
961 2039.2301025390625 1197.1851806640625 26.453125157954616 0.0 0.0 0.0 0.0 0.0 0.0 0.0
981 2039.2301025390625 1185.9696044921875 26.457962653998266 0.0 0.0 0.0 0.0 0.0 0.0 0.0
995 2039.2301025390625 1180.362060546875 26.460241995545687 0.0 0.0 0.0 0.0 0.0 0.0 0.0
1012 2039.2301025390625 1169.146728515625 26.464474452952743 0.0 0.0 0.0 0.0 0.0 0.0 0.0
1027 2039.2301025390625 1163.538818359375 26.466496361856628 0.0 0.0 0.0 0.0 0.0 0.0 0.0
1045 2039.2301025390625 1152.3236083984375 26.470211086420136 0.0 0.0 0.0 0.0 0.0 0.0 0.0
1062 2039.2301025390625 1141.1080322265625 26.473622184966985 0.0 0.0 0.0 0.0 0.0 0.0 0.0
1078 2039.2301025390625 1135.5003662109375 26.475230674687452 0.0 0.0 0.0 0.0 0.0 0.0 0.0
1093 2039.2301025390625 1124.2852172851562 26.478221775879774 0.0 0.0 0.0 0.0 0.0 0.0 0.0
1111 2039.2301025390625 1113.0696411132812 26.480960990793903 0.0 0.0 0.0 0.0 0.0 0.0 0.0
1126 2033.625732421875 1107.4620361328125 24.00855596757782 0.0 0.0 0.0 0.0 0.0 0.0 0.0
1144 1977.5830078125 1096.2467651367188 2.066463484965368 0.0 0.0 0.0 0.0 0.0 0.0 0.0
1161 1910.33154296875 1090.63916015625 341.5075902870669 0.0 0.0 0.0 0.0 0.0 0.0 0.0
1177 1770.224365234375 1079.423583984375 319.9878920134323 0.0 0.0 0.0 0.0 0.0 0.0 0.0
1195 1669.3472900390625 1068.2083740234375 312.2866434647407 0.0 0.0 0.0 0.0 0.0 0.0 0.0
1210 1635.7216796875 1068.2083740234375 308.94305922931113 0.0 0.0 0.0 0.0 0.0 0.0 0.0
1228 1590.8873291015625 1068.2083740234375 305.6529706543294 0.0 0.0 0.0 0.0 0.0 0.0 0.0
1246 1574.0745849609375 1068.2083740234375 304.56548865142287 0.0 0.0 0.0 0.0 0.0 0.0 0.0
1262 1557.26171875 1068.2083740234375 303.6067277924534 0.0 0.0 0.0 0.0 0.0 0.0 0.0
1280 1546.0531005859375 1068.2083740234375 303.02017544888344 0.0 0.0 0.0 0.0 0.0 0.0 0.0
1294 1534.8446044921875 1068.2083740234375 302.48194577362625 0.0 0.0 0.0 0.0 0.0 0.0 0.0
1493 1534.8446044921875 1056.9927978515625 307.5699603325507 0.0 0.0 0.0 0.0 0.0 0.0 0.0
1513 1534.8446044921875 1051.3851928710938 310.0870979405715 0.0 0.0 0.0 0.0 0.0 0.0 0.0
1529 1540.44873046875 1040.1699829101562 315.8385061687176 0.0 0.0 0.0 0.0 0.0 0.0 0.0
1544 1557.26171875 1028.9544067382812 324.04555974015983 0.0 0.0 0.0 0.0 0.0 0.0 0.0
1562 1574.0745849609375 1017.7391967773438 332.8497280748899 0.0 0.0 0.0 0.0 0.0 0.0 0.0
1578 1607.7001953125 995.308349609375 351.8531966880215 0.0 0.0 0.0 0.0 0.0 0.0 0.0
1595 1646.93017578125 972.8775634765625 12.379426500779232 0.0 0.0 0.0 0.0 0.0 0.0 0.0
1612 1669.3472900390625 961.662353515625 23.08123845130217 0.0 0.0 0.0 0.0 0.0 0.0 0.0
1630 1714.181640625 939.2315673828125 40.85214546029346 0.0 0.0 0.0 0.0 0.0 0.0 0.0
1645 1730.994384765625 928.0159912109375 46.3981042084892 0.0 0.0 0.0 0.0 0.0 0.0 0.0
1662 1764.6202392578125 905.5855102539062 55.10535550570063 0.0 0.0 0.0 0.0 0.0 0.0 0.0
1678 1798.245849609375 883.1547241210938 61.806983545533285 0.0 0.0 0.0 0.0 0.0 0.0 0.0
1695 1809.4544677734375 871.9391479492188 62.90070593579583 0.0 0.0 0.0 0.0 0.0 0.0 0.0
1712 1831.8714599609375 860.7239379882812 67.34890421459323 0.0 0.0 0.0 0.0 0.0 0.0 0.0
1729 1843.080078125 855.1163330078125 69.38046343241012 0.0 0.0 0.0 0.0 0.0 0.0 0.0
1745 1865.497314453125 843.9007568359375 72.79257009254576 0.0 0.0 0.0 0.0 0.0 0.0 0.0
1762 1887.9144287109375 832.685546875 75.64870606841345 0.0 0.0 0.0 0.0 0.0 0.0 0.0
1779 1893.5185546875 827.0779418945312 75.3993824031138 0.0 0.0 0.0 0.0 0.0 0.0 0.0
1797 1904.7271728515625 815.8623657226562 74.95713293531674 0.0 0.0 0.0 0.0 0.0 0.0 0.0
1813 1915.9359130859375 804.6471557617188 74.56505633753761 0.0 0.0 0.0 0.0 0.0 0.0 0.0
1844 1915.9359130859375 793.4315795898438 70.93836022522777 0.0 0.0 0.0 0.0 0.0 0.0 0.0
1859 1915.9359130859375 787.823974609375 69.18350279499566 0.0 0.0 0.0 0.0 0.0 0.0 0.0
1876 1915.9359130859375 782.2163696289062 67.48580231671804 0.0 0.0 0.0 0.0 0.0 0.0 0.0
1895 1915.9359130859375 776.6087036132812 65.8447638828876 0.0 0.0 0.0 0.0 0.0 0.0 0.0
1911 1915.9359130859375 771.0010986328125 64.25978025860672 0.0 0.0 0.0 0.0 0.0 0.0 0.0
1930 1915.9359130859375 759.7855224609375 61.30411382643348 0.0 0.0 0.0 0.0 0.0 0.0 0.0
1962 1915.9359130859375 754.1779174804688 59.88013353613229 0.0 0.0 0.0 0.0 0.0 0.0 0.0
1979 1915.9359130859375 742.9627075195312 57.23415284242765 0.0 0.0 0.0 0.0 0.0 0.0 0.0
1996 1915.9359130859375 737.354736328125 55.96122637302523 0.0 0.0 0.0 0.0 0.0 0.0 0.0
2028 1915.9359130859375 720.5319213867188 52.550106687565574 0.0 0.0 0.0 0.0 0.0 0.0 0.0
2045 1915.9359130859375 714.9241333007812 51.45814522379624 0.0 0.0 0.0 0.0 0.0 0.0 0.0
2061 1921.5400390625 709.3165283203125 52.64084784831857 0.0 0.0 0.0 0.0 0.0 0.0 0.0
2079 1921.5400390625 703.708740234375 51.54535203675448 0.0 0.0 0.0 0.0 0.0 0.0 0.0
2095 1921.5400390625 692.4933471679688 49.52112236067785 0.0 0.0 0.0 0.0 0.0 0.0 0.0
2111 1921.5400390625 681.2779541015625 47.653394601343905 0.0 0.0 0.0 0.0 0.0 0.0 0.0
2129 1921.5400390625 675.6703491210938 46.75753386987628 0.0 0.0 0.0 0.0 0.0 0.0 0.0
2147 1927.1444091796875 658.8472900390625 46.52984196537216 0.0 0.0 0.0 0.0 0.0 0.0 0.0
2161 1927.1444091796875 636.41650390625 43.50251187402819 0.0 0.0 0.0 0.0 0.0 0.0 0.0
2179 1927.1444091796875 625.2011108398438 42.11014956250318 0.0 0.0 0.0 0.0 0.0 0.0 0.0
2195 1932.7486572265625 608.3781127929688 42.463273868149486 0.0 0.0 0.0 0.0 0.0 0.0 0.0
2214 1932.7486572265625 591.5551147460938 40.575659891510156 0.0 0.0 0.0 0.0 0.0 0.0 0.0
2229 1932.7486572265625 585.9473266601562 39.972977393789506 0.0 0.0 0.0 0.0 0.0 0.0 0.0
2244 1932.7486572265625 574.7320861816406 38.86523709201481 0.0 0.0 0.0 0.0 0.0 0.0 0.0
2262 1932.7486572265625 557.9089050292969 37.39826015876088 0.0 0.0 0.0 0.0 0.0 0.0 0.0
2277 1932.7486572265625 541.0859069824219 36.1039926345469 0.0 0.0 0.0 0.0 0.0 0.0 0.0
2293 1932.7486572265625 529.8705139160156 35.31181839770272 0.0 0.0 0.0 0.0 0.0 0.0 0.0
2312 1932.7486572265625 518.6550903320312 34.584690667048335 0.0 0.0 0.0 0.0 0.0 0.0 0.0
2327 1932.7486572265625 507.439697265625 33.91730561400618 0.0 0.0 0.0 0.0 0.0 0.0 0.0
2344 1932.7486572265625 501.83209228515625 33.597950599079695 0.0 0.0 0.0 0.0 0.0 0.0 0.0
2360 1932.7486572265625 490.61669921875 33.011797841702105 0.0 0.0 0.0 0.0 0.0 0.0 0.0
2379 1932.7486572265625 479.40130615234375 32.473940677604446 0.0 0.0 0.0 0.0 0.0 0.0 0.0