0 2350.0 1500.0 0 1650.0 1500.0 0 0.0 0.0 0.0 0.0
48 2350.0 1500.0 0 1650.0 1500.0 0 0.0 0.0 0.0 0.0
49 2350.0 1500.0 0 1650.0 1500.0 0 0.0 0.0 0.0 0.0
66 2350.0 1500.0 0 1650.0 1500.0 0 0.0 0.0 0.0 0.0
82 2244.73681640625 1478.9473876953125 353.19093966332895 1650.0 1500.0 0 0.0 0.0 0.0 0.0
98 2155.26318359375 1463.157958984375 349.0064077668013 1650.0 1500.0 0 0.0 0.0 0.0 0.0
116 2050.0 1447.368408203125 345.44367151449313 1650.0 1500.0 0 0.0 0.0 0.0 0.0
132 1965.7894287109375 1436.8421630859375 343.090166041409 1650.0 1500.0 0 0.0 0.0 0.0 0.0
149 1886.842041015625 1426.3157958984375 341.7530003875015 1650.0 1500.0 0 0.0 0.0 0.0 0.0
165 1834.21044921875 1421.0526123046875 340.62331856632056 1650.0 1500.0 0 0.0 0.0 0.0 0.0
181 1786.842041015625 1415.78955078125 339.9745002402229 1650.0 1500.0 0 0.0 0.0 0.0 0.0
198 1744.73681640625 1415.78955078125 338.2311298321964 1650.0 1500.0 0 0.0 0.0 0.0 0.0
215 1707.8946533203125 1415.78955078125 336.9830645346483 1650.0 1500.0 0 0.0 0.0 0.0 0.0