0 2350.0 1500.0 0 1650.0 1500.0 0 0.0 0.0 0.0 0.0
133 2350.0 1500.0 0 1642.1085205078125 1500.0 5.277172494975133 0.0 0.0 0.0 0.0
140 2350.0 1500.0 0 1634.217041015625 1500.0 11.059949008492424 0.0 0.0 0.0 0.0
154 2350.0 1500.0 0 1614.48828125 1500.0 28.64558868907116 0.0 0.0 0.0 0.0
165 2350.0 1500.0 0 1602.6510009765625 1500.0 39.695595106119924 0.0 0.0 0.0 0.0
400 2350.0 1500.0 0 1594.759521484375 1500.0 47.152526089420746 0.0 0.0 0.0 0.0
860 2350.0 1500.0 0 1594.759521484375 1492.1085205078125 46.69295107898549 0.0 0.0 0.0 0.0
868 2350.0 1500.0 0 1602.6510009765625 1484.217041015625 37.77997144264626 0.0 0.0 0.0 0.0
882 2350.0 1500.0 0 1602.6510009765625 1480.271240234375 36.92277296535508 0.0 0.0 0.0 0.0
899 2350.0 1500.0 0 1622.3797607421875 1436.8680419921875 345.18617763494956 0.0 0.0 0.0 0.0
914 2350.0 1500.0 0 1630.271240234375 1432.92236328125 339.230788414725 0.0 0.0 0.0 0.0
932 2350.0 1500.0 0 1630.271240234375 1425.03076171875 331.9185924569425 0.0 0.0 0.0 0.0
947 2350.0 1500.0 0 1630.271240234375 1417.1392822265625 324.4714255796167 0.0 0.0 0.0 0.0
963 2350.0 1500.0 0 1634.217041015625 1409.247802734375 317.21196590467025 0.0 0.0 0.0 0.0
984 2350.0 1500.0 0 1650.0 1389.5191650390625 303.5310472571395 0.0 0.0 0.0 0.0
998 2350.0 1500.0 0 1657.8914794921875 1361.89892578125 285.92374470765355 0.0 0.0 0.0 0.0
1013 2350.0 1500.0 0 1661.8372802734375 1357.953125 285.0277820966578 0.0 0.0 0.0 0.0
1032 2350.0 1500.0 0 1661.8372802734375 1350.0616455078125 279.3855855061323 0.0 0.0 0.0 0.0
1048 2350.0 1500.0 0 1661.8372802734375 1342.170166015625 274.2079575968965 0.0 0.0 0.0 0.0
1076 2350.0 1500.0 0 1669.728759765625 1338.224365234375 276.6456969212819 0.0 0.0 0.0 0.0
1084 2350.0 1500.0 0 1677.6202392578125 1330.3328857421875 276.4261067364781 0.0 0.0 0.0 0.0
1098 2350.0 1500.0 0 1689.45751953125 1290.87548828125 264.5654888628725 0.0 0.0 0.0 0.0
1114 2350.0 1500.0 0 1697.3489990234375 1255.36376953125 256.4273911376597 0.0 0.0 0.0 0.0
1132 2350.0 1500.0 0 1709.1861572265625 1219.85205078125 253.4689202904715 0.0 0.0 0.0 0.0
1148 2350.0 1500.0 0 1717.07763671875 1208.0147705078125 255.447522419047 0.0 0.0 0.0 0.0
1163 2350.0 1500.0 0 1717.07763671875 1196.1776123046875 251.40903346138398 0.0 0.0 0.0 0.0
1181 2350.0 1500.0 0 1717.07763671875 1180.39453125 247.08662468842232 0.0 0.0 0.0 0.0
1198 2350.0 1500.0 0 1724.9691162109375 1160.6658935546875 248.3683740244481 0.0 0.0 0.0 0.0
1214 2350.0 1500.0 0 1724.9691162109375 1148.82861328125 245.43737267262856 0.0 0.0 0.0 0.0
1232 2350.0 1500.0 0 1724.9691162109375 1121.2083740234375 240.69758210909657 0.0 0.0 0.0 0.0
1248 2350.0 1500.0 0 1724.9691162109375 1073.859375 236.11383441272773 0.0 0.0 0.0 0.0
1264 2350.0 1500.0 0 1728.9149169921875 1058.076416015625 237.83432190496546 0.0 0.0 0.0 0.0
1284 2350.0 1500.0 0 1728.9149169921875 1046.2392578125 236.5960112613625 0.0 0.0 0.0 0.0
1314 2350.0 1500.0 0 1728.9149169921875 1038.34765625 235.86501205499934 0.0 0.0 0.0 0.0
1458 2350.0 1500.0 0 1728.9149169921875 1030.4561767578125 235.21781207528363 0.0 0.0 0.0 0.0
1466 2350.0 1500.0 0 1728.9149169921875 1006.78173828125 233.81961240918298 0.0 0.0 0.0 0.0
1482 2350.0 1500.0 0 1728.9149169921875 990.998779296875 233.07960562111384 0.0 0.0 0.0 0.0
1499 2350.0 1500.0 0 1728.9149169921875 979.1614990234375 232.6150839627415 0.0 0.0 0.0 0.0
1519 2350.0 1500.0 0 1728.9149169921875 971.27001953125 232.34095079577943 0.0 0.0 0.0 0.0
1534 2350.0 1500.0 0 1728.9149169921875 963.3785400390625 232.09833622247635 0.0 0.0 0.0 0.0
1548 2350.0 1500.0 0 1728.9149169921875 935.75830078125 231.51476986275765 0.0 0.0 0.0 0.0
1566 2350.0 1500.0 0 1724.9691162109375 896.3008422851562 228.75260713509147 0.0 0.0 0.0 0.0
1581 2350.0 1500.0 0 1717.07763671875 888.4093627929688 222.37996321656232 0.0 0.0 0.0 0.0
1601 2350.0 1500.0 0 1717.07763671875 876.5721435546875 223.6586558123608 0.0 0.0 0.0 0.0
1682 2350.0 1500.0 0 1717.07763671875 864.73486328125 224.72969664166078 0.0 0.0 0.0 0.0
1698 2350.0 1500.0 0 1709.1861572265625 837.1146850585938 221.38023650454642 0.0 0.0 0.0 0.0
1715 2350.0 1500.0 0 1705.240478515625 817.3859252929688 220.76845009581933 0.0 0.0 0.0 0.0
1731 2350.0 1500.0 0 1705.240478515625 809.4944458007812 221.85354719695943 0.0 0.0 0.0 0.0
2941 2350.0 1500.0 0 1705.240478515625 809.4944458007812 221.85354719695943 0.0 0.0 0.0 0.0
2949 2350.0 1500.0 0 1705.240478515625 809.4944458007812 221.85354719695943 0.0 0.0 0.0 0.0
2963 2350.0 1500.0 0 1705.240478515625 809.4944458007812 221.85354719695943 0.0 0.0 0.0 0.0
2980 2342.108642578125 1452.6510009765625 359.1435888252287 1705.240478515625 809.4944458007812 221.85354719695943 0.0 0.0 0.0 0.0
2998 2322.3798828125 1393.46484375 356.38711510004896 1705.240478515625 809.4944458007812 221.85354719695943 0.0 0.0 0.0 0.0
3014 2310.542724609375 1302.712646484375 356.557664907292 1705.240478515625 809.4944458007812 221.85354719695943 0.0 0.0 0.0 0.0
3032 2294.759765625 1255.36376953125 354.7064008341463 1705.240478515625 809.4944458007812 221.85354719695943 0.0 0.0 0.0 0.0
3049 2294.759765625 1223.7977905273438 355.8573997658366 1705.240478515625 809.4944458007812 221.85354719695943 0.0 0.0 0.0 0.0
3063 2294.759765625 1215.90625 356.13586723641447 1705.240478515625 809.4944458007812 221.85354719695943 0.0 0.0 0.0 0.0
3082 2294.759765625 1208.0147705078125 356.40532525759716 1705.240478515625 809.4944458007812 221.85354719695943 0.0 0.0 0.0 0.0
3099 2290.81396484375 1204.0690307617188 355.59921872251664 1705.240478515625 809.4944458007812 221.85354719695943 0.0 0.0 0.0 0.0
3113 2290.81396484375 1196.1775512695312 355.8859773113867 1705.240478515625 809.4944458007812 221.85354719695943 0.0 0.0 0.0 0.0
3133 2290.81396484375 1188.2860717773438 356.1635209287327 1705.240478515625 809.4944458007812 221.85354719695943 0.0 0.0 0.0 0.0
3148 2290.81396484375 1184.34033203125 356.3000081460707 1705.240478515625 809.4944458007812 221.85354719695943 0.0 0.0 0.0 0.0
3163 2290.81396484375 1140.9371337890625 357.5683306572548 1705.240478515625 809.4944458007812 221.85354719695943 0.0 0.0 0.0 0.0
3192 2290.81396484375 1101.4796752929688 358.5559097245945 1705.240478515625 809.4944458007812 221.85354719695943 0.0 0.0 0.0 0.0
3199 2290.81396484375 1093.588134765625 358.7469959666457 1705.240478515625 809.4944458007812 221.85354719695943 0.0 0.0 0.0 0.0
3213 2290.81396484375 1065.9679565429688 359.34552665355375 1705.240478515625 809.4944458007812 221.85354719695943 0.0 0.0 0.0 0.0
3235 2290.81396484375 1046.2391967773438 359.7399208089969 1705.240478515625 809.4944458007812 221.85354719695943 0.0 0.0 0.0 0.0
3286 2290.81396484375 1034.4019775390625 359.96520944933286 1705.240478515625 809.4944458007812 221.85354719695943 0.0 0.0 0.0 0.0
3298 2290.81396484375 1018.6189575195312 0.24664448922999327 1705.240478515625 809.4944458007812 221.85354719695943 0.0 0.0 0.0 0.0
3314 2290.81396484375 987.0530395507812 0.7428120326516137 1705.240478515625 809.4944458007812 221.85354719695943 0.0 0.0 0.0 0.0
3333 2290.81396484375 959.4328002929688 1.1312415644558769 1705.240478515625 809.4944458007812 221.85354719695943 0.0 0.0 0.0 0.0
3349 2282.92236328125 931.8125610351562 359.75640552225997 1705.240478515625 809.4944458007812 221.85354719695943 0.0 0.0 0.0 0.0
3364 2282.92236328125 919.975341796875 359.9809043664055 1705.240478515625 809.4944458007812 221.85354719695943 0.0 0.0 0.0 0.0
3400 2282.92236328125 912.0838623046875 0.1256794672121373 1705.240478515625 809.4944458007812 221.85354719695943 0.0 0.0 0.0 0.0
3414 2282.92236328125 900.24658203125 0.33243045254141634 1705.240478515625 809.4944458007812 221.85354719695943 0.0 0.0 0.0 0.0
3433 2275.031005859375 876.5721435546875 358.96145490710285 1705.240478515625 809.4944458007812 221.85354719695943 0.0 0.0 0.0 0.0
3449 2275.031005859375 872.6264038085938 359.051865308483 1705.240478515625 809.4944458007812 221.85354719695943 0.0 0.0 0.0 0.0
3523 2275.031005859375 864.73486328125 359.22687196802997 1705.240478515625 809.4944458007812 221.85354719695943 0.0 0.0 0.0 0.0
3533 2275.031005859375 856.8433837890625 359.39616123454596 1705.240478515625 809.4944458007812 221.85354719695943 0.0 0.0 0.0 0.0
3548 2275.031005859375 852.8976440429688 359.47939814051887 1705.240478515625 809.4944458007812 221.85354719695943 0.0 0.0 0.0 0.0
3564 2275.031005859375 837.1146850585938 359.7914502856785 1705.240478515625 809.4944458007812 221.85354719695943 0.0 0.0 0.0 0.0
3582 2275.031005859375 829.22314453125 359.94237763113415 1705.240478515625 809.4944458007812 221.85354719695943 0.0 0.0 0.0 0.0
3599 2275.031005859375 817.3859252929688 0.15797328350851103 1705.240478515625 809.4944458007812 221.85354719695943 0.0 0.0 0.0 0.0
3614 2275.031005859375 797.6572265625 0.48937841318479514 1705.240478515625 809.4944458007812 221.85354719695943 0.0 0.0 0.0 0.0
3633 2275.031005859375 777.928466796875 0.7951155495298963 1705.240478515625 809.4944458007812 221.85354719695943 0.0 0.0 0.0 0.0
3654 2267.139404296875 770.0369873046875 359.0527859656299 1705.240478515625 809.4944458007812 221.85354719695943 0.0 0.0 0.0 0.0
3677 2267.139404296875 762.1455078125 359.2277420898896 1705.240478515625 809.4944458007812 221.85354719695943 0.0 0.0 0.0 0.0
3785 2263.193603515625 762.1455078125 358.2676068744737 1705.240478515625 809.4944458007812 221.85354719695943 0.0 0.0 0.0 0.0
3800 2263.193603515625 758.1997680664062 358.3695105516009 1705.240478515625 809.4944458007812 221.85354719695943 0.0 0.0 0.0 0.0
3815 2255.30224609375 750.3082275390625 356.71456219927245 1705.240478515625 809.4944458007812 221.85354719695943 0.0 0.0 0.0 0.0
3985 2255.30224609375 742.416748046875 356.96531788731676 1705.240478515625 809.4944458007812 221.85354719695943 0.0 0.0 0.0 0.0
4039 2247.41064453125 734.5252685546875 355.3621013895962 1705.240478515625 809.4944458007812 221.85354719695943 0.0 0.0 0.0 0.0
4053 2235.573486328125 734.5252685546875 352.5262180057939 1705.240478515625 809.4944458007812 221.85354719695943 0.0 0.0 0.0 0.0
4066 2227.681884765625 730.5795288085938 350.87465038021446 1705.240478515625 809.4944458007812 221.85354719695943 0.0 0.0 0.0 0.0
4206 2219.79052734375 730.5795288085938 349.012512418732 1705.240478515625 809.4944458007812 221.85354719695943 0.0 0.0 0.0 0.0
4218 2215.8447265625 722.6880187988281 348.60978236137197 1705.240478515625 809.4944458007812 221.85354719695943 0.0 0.0 0.0 0.0
4232 2180.3330078125 722.6880187988281 340.63175275015385 1705.240478515625 809.4944458007812 221.85354719695943 0.0 0.0 0.0 0.0
4250 2125.092529296875 702.9592895507812 331.81166997850244 1705.240478515625 809.4944458007812 221.85354719695943 0.0 0.0 0.0 0.0
4266 2093.526611328125 702.9592895507812 325.7678282125754 1705.240478515625 809.4944458007812 221.85354719695943 0.0 0.0 0.0 0.0
4287 2093.526611328125 695.0678100585938 326.94315178635014 1705.240478515625 809.4944458007812 221.85354719695943 0.0 0.0 0.0 0.0