0 2350.0 1500.0 0 1650.0 1500.0 0 0.0 0.0 0.0 0.0
3 2350.0 1500.0 0 1650.0 1500.0 0 0.0 0.0 0.0 0.0
13 2350.0 1500.0 0 1650.0 1500.0 0 0.0 0.0 0.0 0.0
29 2350.0 1500.0 0 1650.0 1500.0 0 0.0 0.0 0.0 0.0
30 2350.0 1500.0 0 1650.0 1500.0 0 0.0 0.0 0.0 0.0
46 2350.0 1500.0 0 1650.0 1500.0 0 0.0 0.0 0.0 0.0
47 2350.0 1500.0 0 1650.0 1500.0 0 0.0 0.0 0.0 0.0
64 2350.0 1500.0 0 1650.0 1500.0 0 0.0 0.0 0.0 0.0
93 2350.0 1500.0 0 1650.0 1500.0 0 0.0 0.0 0.0 0.0
100 2350.0 1500.0 0 1650.0 1500.0 0 0.0 0.0 0.0 0.0
113 2350.0 1500.0 0 1650.0 1500.0 0 0.0 0.0 0.0 0.0
114 2350.0 1500.0 0 1650.0 1500.0 0 0.0 0.0 0.0 0.0
130 2350.0 1500.0 0 1650.0 1500.0 0 0.0 0.0 0.0 0.0
131 2350.0 1500.0 0 1650.0 1500.0 0 0.0 0.0 0.0 0.0
148 2350.0 1500.0 0 1650.0 1500.0 0 0.0 0.0 0.0 0.0
163 2350.0 1500.0 0 1650.0 1500.0 0 0.0 0.0 0.0 0.0
164 2356.36962890625 1493.63037109375 1.9955279473161625 1650.0 1500.0 0 0.0 0.0 0.0 0.0
180 2360.615966796875 1489.384033203125 3.258885179490292 1650.0 1500.0 0 0.0 0.0 0.0 0.0
181 2371.23193359375 1476.6448974609375 5.661402987571606 1650.0 1500.0 0 0.0 0.0 0.0 0.0
196 2377.6015625 1472.3984375 7.7401477919217925 1650.0 1500.0 0 0.0 0.0 0.0 0.0
197 2383.97119140625 1466.0289306640625 9.192681658607377 1650.0 1500.0 0 0.0 0.0 0.0 0.0
213 2390.340576171875 1461.7825927734375 11.053718070971101 1650.0 1500.0 0 0.0 0.0 0.0 0.0
214 2396.710205078125 1455.4129638671875 12.24571783335017 1650.0 1500.0 0 0.0 0.0 0.0 0.0
230 2398.83349609375 1453.289794921875 12.621691152332374 1650.0 1500.0 0 0.0 0.0 0.0 0.0
231 2407.326171875 1444.7969970703125 14.016604531294952 1650.0 1500.0 0 0.0 0.0 0.0 0.0
247 2411.572509765625 1440.5506591796875 14.662721856619633 1650.0 1500.0 0 0.0 0.0 0.0 0.0
248 2420.0654296875 1432.057861328125 15.902082416742331 1650.0 1500.0 0 0.0 0.0 0.0 0.0
263 2422.1884765625 1427.8115234375 15.533055034985871 1650.0 1500.0 0 0.0 0.0 0.0 0.0
264 2432.804443359375 1412.94921875 15.69551413427049 1650.0 1500.0 0 0.0 0.0 0.0 0.0
281 2439.174072265625 1404.4564208984375 15.88870263032097 1650.0 1500.0 0 0.0 0.0 0.0 0.0
282 2441.297119140625 1400.2100830078125 15.520225315282858 1650.0 1500.0 0 0.0 0.0 0.0 0.0
298 2449.7900390625 1383.2244873046875 14.219494890586674 1650.0 1500.0 0 0.0 0.0 0.0 0.0
313 2454.036376953125 1376.85498046875 14.253260055208337 1650.0 1500.0 0 0.0 0.0 0.0 0.0
314 2458.28271484375 1366.239013671875 13.108111026357129 1650.0 1500.0 0 0.0 0.0 0.0 0.0
330 2460.406005859375 1364.1158447265625 13.460580794795241 1650.0 1500.0 0 0.0 0.0 0.0 0.0
331 2464.65234375 1355.623046875 12.988042947686722 1650.0 1500.0 0 0.0 0.0 0.0 0.0
347 2466.775390625 1351.376708984375 12.744844589360234 1650.0 1500.0 0 0.0 0.0 0.0 0.0
348 2471.02197265625 1340.7607421875 11.698339446248468 1650.0 1500.0 0 0.0 0.0 0.0 0.0
363 2473.14501953125 1338.6375732421875 12.089145565864087 1650.0 1500.0 0 0.0 0.0 0.0 0.0
364 2477.391357421875 1330.144775390625 11.674137964350841 1650.0 1500.0 0 0.0 0.0 0.0 0.0
380 2479.5146484375 1328.0216064453125 12.065605100847463 1650.0 1500.0 0 0.0 0.0 0.0 0.0
381 2483.760986328125 1317.4056396484375 11.126237370261208 1650.0 1500.0 0 0.0 0.0 0.0 0.0
398 2488.00732421875 1308.9129638671875 10.77124697966871 1650.0 1500.0 0 0.0 0.0 0.0 0.0
399 2490.130615234375 1302.5433349609375 10.050192608367169 1650.0 1500.0 0 0.0 0.0 0.0 0.0
413 2492.253662109375 1300.420166015625 10.48552033091211 1650.0 1500.0 0 0.0 0.0 0.0 0.0
414 2496.500244140625 1291.9273681640625 10.251254715766272 1650.0 1500.0 0 0.0 0.0 0.0 0.0
431 2500.74658203125 1281.3114013671875 9.435691530638586 1650.0 1500.0 0 0.0 0.0 0.0 0.0
432 2500.74658203125 1279.188232421875 8.887914379080385 1650.0 1500.0 0 0.0 0.0 0.0 0.0
447 2502.86962890625 1272.8187255859375 8.280828306269171 1650.0 1500.0 0 0.0 0.0 0.0 0.0
448 2507.1162109375 1262.2027587890625 7.69661817120145 1650.0 1500.0 0 0.0 0.0 0.0 0.0
463 2509.2392578125 1260.07958984375 8.19505258759272 1650.0 1500.0 0 0.0 0.0 0.0 0.0
464 2515.60888671875 1247.3404541015625 8.094051610924758 1650.0 1500.0 0 0.0 0.0 0.0 0.0
480 2517.73193359375 1243.093994140625 8.063182763695622 1650.0 1500.0 0 0.0 0.0 0.0 0.0
481 2524.1015625 1230.3548583984375 8.007633292154985 1650.0 1500.0 0 0.0 0.0 0.0 0.0
497 2528.347900390625 1223.9853515625 8.449598240935963 1650.0 1500.0 0 0.0 0.0 0.0 0.0
498 2532.594482421875 1215.4925537109375 8.389442536810385 1650.0 1500.0 0 0.0 0.0 0.0 0.0
513 2536.8408203125 1211.2462158203125 9.324390534232705 1650.0 1500.0 0 0.0 0.0 0.0 0.0
514 2543.210205078125 1200.6302490234375 9.59670077435677 1650.0 1500.0 0 0.0 0.0 0.0 0.0
530 2545.33349609375 1198.507080078125 10.044342592939195 1650.0 1500.0 0 0.0 0.0 0.0 0.0
531 2553.826171875 1185.7679443359375 10.668233053376476 1650.0 1500.0 0 0.0 0.0 0.0 0.0
546 2555.949462890625 1181.5216064453125 10.533069539900978 1650.0 1500.0 0 0.0 0.0 0.0 0.0
547 2562.319091796875 1173.02880859375 11.236977906418204 1650.0 1500.0 0 0.0 0.0 0.0 0.0
564 2562.319091796875 1168.782470703125 10.098204360221452 1650.0 1500.0 0 0.0 0.0 0.0 0.0
565 2568.6884765625 1160.2896728515625 10.784073039224474 1650.0 1500.0 0 0.0 0.0 0.0 0.0
580 2570.811767578125 1156.0433349609375 10.636486859518797 1650.0 1500.0 0 0.0 0.0 0.0 0.0
581 2577.181396484375 1147.550537109375 11.287193701376054 1650.0 1500.0 0 0.0 0.0 0.0 0.0
596 2581.427734375 1143.30419921875 12.080178255415234 1650.0 1500.0 0 0.0 0.0 0.0 0.0
597 2587.79736328125 1134.8114013671875 12.63773831317559 1650.0 1500.0 0 0.0 0.0 0.0 0.0
613 2589.92041015625 1130.5650634765625 12.41607840470381 1650.0 1500.0 0 0.0 0.0 0.0 0.0
614 2594.166748046875 1124.1954345703125 12.574880781240275 1650.0 1500.0 0 0.0 0.0 0.0 0.0
630 2594.166748046875 1119.9490966796875 11.390567405680564 1650.0 1500.0 0 0.0 0.0 0.0 0.0
631 2602.65966796875 1107.2099609375 11.791967802536 1650.0 1500.0 0 0.0 0.0 0.0 0.0
647 2604.78271484375 1105.0867309570312 12.180072979652913 1650.0 1500.0 0 0.0 0.0 0.0 0.0
648 2611.15234375 1092.3475952148438 11.610574235719959 1650.0 1500.0 0 0.0 0.0 0.0 0.0
663 2613.275634765625 1090.2244262695312 12.003856024755507 1650.0 1500.0 0 0.0 0.0 0.0 0.0
664 2619.64501953125 1079.6084594726562 11.98256933355485 1650.0 1500.0 0 0.0 0.0 0.0 0.0
681 2623.8916015625 1068.9925537109375 11.050217525937093 1650.0 1500.0 0 0.0 0.0 0.0 0.0
682 2626.0146484375 1062.6229858398438 10.312192382068524 1650.0 1500.0 0 0.0 0.0 0.0 0.0
697 2628.137939453125 1060.499755859375 10.740578889657833 1650.0 1500.0 0 0.0 0.0 0.0 0.0
698 2634.507568359375 1047.7606201171875 10.351190519058342 1650.0 1500.0 0 0.0 0.0 0.0 0.0
713 2636.630615234375 1043.5142822265625 10.222234658979872 1650.0 1500.0 0 0.0 0.0 0.0 0.0
714 2640.876953125 1035.021484375 9.983598301580379 1650.0 1500.0 0 0.0 0.0 0.0 0.0
729 2643.000244140625 1028.6519165039062 9.31529523392414 1650.0 1500.0 0 0.0 0.0 0.0 0.0
730 2647.24658203125 1018.0360107421875 8.603436078597639 1650.0 1500.0 0 0.0 0.0 0.0 0.0
747 2649.369873046875 1015.9127807617188 9.077744323348618 1650.0 1500.0 0 0.0 0.0 0.0 0.0
748 2655.7392578125 1005.296875 9.402533207219065 1650.0 1500.0 0 0.0 0.0 0.0 0.0
763 2655.7392578125 1001.0504760742188 8.327139358986315 1650.0 1500.0 0 0.0 0.0 0.0 0.0
764 2659.98583984375 994.680908203125 8.755445587986138 1650.0 1500.0 0 0.0 0.0 0.0 0.0
780 2659.98583984375 992.5577392578125 8.219695383852162 1650.0 1500.0 0 0.0 0.0 0.0 0.0
781 2662.10888671875 984.06494140625 7.180713421230621 1650.0 1500.0 0 0.0 0.0 0.0 0.0
798 2664.232177734375 977.6953735351562 6.690978062079267 1650.0 1500.0 0 0.0 0.0 0.0 0.0
799 2664.232177734375 973.4490356445312 5.702348570959344 1650.0 1500.0 0 0.0 0.0 0.0 0.0
814 2666.355224609375 969.20263671875 5.758526387276348 1650.0 1500.0 0 0.0 0.0 0.0 0.0
815 2668.478515625 969.20263671875 6.805139974028933 1650.0 1500.0 0 0.0 0.0 0.0 0.0
830 2668.478515625 967.0794677734375 6.304280298692518 1650.0 1500.0 0 0.0 0.0 0.0 0.0
831 2670.6015625 960.7098999023438 5.8678691043380695 1650.0 1500.0 0 0.0 0.0 0.0 0.0
847 2672.724853515625 958.586669921875 6.414904591719804 1650.0 1500.0 0 0.0 0.0 0.0 0.0
848 2674.84814453125 952.2171020507812 5.971918453235787 1650.0 1500.0 0 0.0 0.0 0.0 0.0
863 2674.84814453125 950.0939331054688 5.486079502136079 1650.0 1500.0 0 0.0 0.0 0.0 0.0
864 2676.97119140625 945.8475341796875 5.551860776423553 1650.0 1500.0 0 0.0 0.0 0.0 0.0
879 2679.094482421875 943.724365234375 6.1030969735052025 1650.0 1500.0 0 0.0 0.0 0.0 0.0
880 2683.3408203125 939.4779663085938 7.165837877155646 1650.0 1500.0 0 0.0 0.0 0.0 0.0
897 2685.464111328125 935.2316284179688 7.184592895630644 1650.0 1500.0 0 0.0 0.0 0.0 0.0
898 2687.587158203125 930.9852294921875 7.179846051854824 1650.0 1500.0 0 0.0 0.0 0.0 0.0
913 2689.71044921875 928.862060546875 7.692173517607081 1650.0 1500.0 0 0.0 0.0 0.0 0.0
914 2691.83349609375 924.6156616210938 7.687701289837982 1650.0 1500.0 0 0.0 0.0 0.0 0.0
930 2693.956787109375 920.3692626953125 7.660821268064993 1650.0 1500.0 0 0.0 0.0 0.0 0.0
931 2696.079833984375 918.24609375 8.15541883183375 1650.0 1500.0 0 0.0 0.0 0.0 0.0
946 2698.203125 916.1229248046875 8.641728061330113 1650.0 1500.0 0 0.0 0.0 0.0 0.0
947 2698.203125 913.9996948242188 8.107981280034508 1650.0 1500.0 0 0.0 0.0 0.0 0.0
964 2702.449462890625 907.630126953125 8.57341997771588 1650.0 1500.0 0 0.0 0.0 0.0 0.0
980 2702.449462890625 905.5069580078125 8.04094423043643 1650.0 1500.0 0 0.0 0.0 0.0 0.0
981 2704.57275390625 901.2605590820312 7.998596855375709 1650.0 1500.0 0 0.0 0.0 0.0 0.0
996 2706.69580078125 901.2605590820312 9.024567053780032 1650.0 1500.0 0 0.0 0.0 0.0 0.0
997 2708.819091796875 897.0142211914062 8.979674899254704 1650.0 1500.0 0 0.0 0.0 0.0 0.0
1013 2708.819091796875 894.8909912109375 8.439910501474607 1650.0 1500.0 0 0.0 0.0 0.0 0.0
1014 2710.9423828125 890.6446533203125 8.379978861553013 1650.0 1500.0 0 0.0 0.0 0.0 0.0
1030 2713.0654296875 888.5214233398438 8.860191761995758 1650.0 1500.0 0 0.0 0.0 0.0 0.0
1047 2713.0654296875 886.3982543945312 8.322593007962233 1650.0 1500.0 0 0.0 0.0 0.0 0.0
1048 2715.188720703125 882.15185546875 8.290556656230933 1650.0 1500.0 0 0.0 0.0 0.0 0.0
1063 2717.311767578125 877.905517578125 8.259761979780045 1650.0 1500.0 0 0.0 0.0 0.0 0.0
1081 2719.43505859375 871.5359497070312 7.726642995765957 1650.0 1500.0 0 0.0 0.0 0.0 0.0
1097 2721.55810546875 867.28955078125 7.720568278324521 1650.0 1500.0 0 0.0 0.0 0.0 0.0
1113 2721.55810546875 865.1663818359375 7.203309879707724 1650.0 1500.0 0 0.0 0.0 0.0 0.0
1114 2721.55810546875 863.043212890625 6.695268962773483 1650.0 1500.0 0 0.0 0.0 0.0 0.0
1129 2723.681396484375 858.7968139648438 6.712142234158918 1650.0 1500.0 0 0.0 0.0 0.0 0.0
1146 2723.681396484375 856.6736450195312 6.212919290518457 1650.0 1500.0 0 0.0 0.0 0.0 0.0
1147 2725.8046875 854.5504150390625 6.746476923406561 1650.0 1500.0 0 0.0 0.0 0.0 0.0
1163 2725.8046875 852.42724609375 6.246665791999732 1650.0 1500.0 0 0.0 0.0 0.0 0.0
1180 2727.927734375 852.42724609375 7.28881766593193 1650.0 1500.0 0 0.0 0.0 0.0 0.0
1181 2727.927734375 850.3040771484375 6.779238340192975 1650.0 1500.0 0 0.0 0.0 0.0 0.0
1198 2730.051025390625 848.1808471679688 7.320816692442818 1650.0 1500.0 0 0.0 0.0 0.0 0.0
1214 2730.051025390625 846.0576782226562 6.810662904171664 1650.0 1500.0 0 0.0 0.0 0.0 0.0
1235 2732.174072265625 846.0576782226562 7.847694719850644 1650.0 1500.0 0 0.0 0.0 0.0 0.0
1246 2732.174072265625 843.9345092773438 7.328089484523225 1650.0 1500.0 0 0.0 0.0 0.0 0.0
1263 2734.29736328125 839.6881103515625 7.339769134801557 1650.0 1500.0 0 0.0 0.0 0.0 0.0
1264 2734.29736328125 835.4417114257812 6.32795881826857 1650.0 1500.0 0 0.0 0.0 0.0 0.0
1280 2736.420654296875 835.4417114257812 7.369473957374282 1650.0 1500.0 0 0.0 0.0 0.0 0.0
1281 2736.420654296875 833.3185424804688 6.858417051707292 1650.0 1500.0 0 0.0 0.0 0.0 0.0
1297 2736.420654296875 831.1953735351562 6.356515236925105 1650.0 1500.0 0 0.0 0.0 0.0 0.0
1298 2734.29736328125 829.0721435546875 4.823178562144392 1650.0 1500.0 0 0.0 0.0 0.0 0.0
1313 2734.29736328125 829.0721435546875 4.823154708033144 1650.0 1500.0 0 0.0 0.0 0.0 0.0
1314 2734.29736328125 826.948974609375 4.358235253383526 1652.1231689453125 1500.0 0.9730614344033341 0.0 0.0 0.0 0.0
1331 2734.29736328125 826.948974609375 4.358235253383526 1654.246337890625 1500.0 1.917358875858568 0.0 0.0 0.0 0.0
1332 2736.420654296875 824.8258056640625 4.941214847812702 1656.3695068359375 1500.0 2.8334762706366092 0.0 0.0 0.0 0.0
1348 2738.543701171875 822.7025756835938 5.531671106974272 1660.6158447265625 1500.0 4.583734914128485 0.0 0.0 0.0 0.0
1365 2738.543701171875 820.5794067382812 5.05386413338104 1662.7391357421875 1500.0 5.419263164479062 0.0 0.0 0.0 0.0
1380 2738.543701171875 820.5794067382812 5.05386413338104 1664.8623046875 1500.0 6.22906414410059 0.0 0.0 0.0 0.0
1381 2740.6669921875 818.4562377929688 5.641402844609075 1666.9854736328125 1502.1231689453125 8.81067307784248 0.0 0.0 0.0 0.0
1396 2740.6669921875 816.3330078125 5.1615533593577965 1669.108642578125 1502.1231689453125 9.514865800102427 0.0 0.0 0.0 0.0
1397 2740.6669921875 814.2098388671875 4.690443532517222 1671.2318115234375 1502.1231689453125 10.196813330291079 0.0 0.0 0.0 0.0
1413 2740.6669921875 812.086669921875 4.227965598104518 1671.2318115234375 1502.1231689453125 10.196813330291079 0.0 0.0 0.0 0.0
1414 2740.6669921875 809.9634399414062 3.7739338290673743 1675.478271484375 1502.1231689453125 11.496614047493338 0.0 0.0 0.0 0.0
1430 2740.6669921875 807.8402709960938 3.32825924889174 1675.478271484375 1502.1231689453125 11.496614047493338 0.0 0.0 0.0 0.0
1431 2742.7900390625 803.5938720703125 3.4894477065862475 1679.724609375 1504.246337890625 14.56557101756458 0.0 0.0 0.0 0.0
1432 2742.7900390625 803.5938720703125 3.489422868384139 1681.8477783203125 1506.3695068359375 16.95734480686886 0.0 0.0 0.0 0.0
1447 2742.7900390625 801.470703125 3.0490114310874503 1683.970947265625 1508.4927978515625 19.290834472216957 0.0 0.0 0.0 0.0
1448 2744.913330078125 797.2243041992188 3.248656779781186 1686.0941162109375 1510.615966796875 21.55998398952576 0.0 0.0 0.0 0.0
1463 2744.913330078125 797.2243041992188 3.248656779781186 1688.2174072265625 1512.7391357421875 23.76327633456097 0.0 0.0 0.0 0.0
1464 2744.913330078125 795.1011352539062 2.8127016859727547 1690.340576171875 1514.8623046875 25.96597729631401 0.0 0.0 0.0 0.0
1465 2747.036376953125 792.9779663085938 3.439532807805932 1692.4637451171875 1514.8623046875 26.1089211205569 0.0 0.0 0.0 0.0
1480 2747.036376953125 792.9779663085938 3.439532807805932 1694.5869140625 1516.9854736328125 28.17070281858763 0.0 0.0 0.0 0.0
1481 2747.036376953125 788.7315673828125 2.5687247477017223 1696.7100830078125 1519.108642578125 30.23131282028767 0.0 0.0 0.0 0.0
1482 2747.036376953125 788.7315673828125 2.5687247477017223 1700.95654296875 1521.23193359375 32.15460917186057 0.0 0.0 0.0 0.0
1497 2747.036376953125 786.6083984375 2.145301279776831 1700.95654296875 1521.23193359375 32.15460917186057 0.0 0.0 0.0 0.0
1498 2749.15966796875 784.4851684570312 2.7862523146876015 1707.3260498046875 1525.478271484375 35.67659356554486 0.0 0.0 0.0 0.0
1499 2749.15966796875 782.3619995117188 2.358893849326961 1711.5723876953125 1527.6014404296875 37.227620121390174 0.0 0.0 0.0 0.0
1514 2749.15966796875 782.3619995117188 2.358893849326961 1713.6956787109375 1527.6014404296875 36.99297064344351 0.0 0.0 0.0 0.0
1515 2751.282958984375 778.1156005859375 2.5663093444617004 1722.1883544921875 1533.9710693359375 41.51047661258852 0.0 0.0 0.0 0.0
1530 2751.282958984375 775.992431640625 2.1430325465125435 1722.1883544921875 1533.9710693359375 41.51047661258852 0.0 0.0 0.0 0.0
1531 2753.406005859375 773.8692626953125 2.787085135387983 1730.68115234375 1538.2174072265625 43.64342268918729 0.0 0.0 0.0 0.0
1547 2753.406005859375 771.7460327148438 2.3596134311879524 1730.68115234375 1538.2174072265625 43.64342268918729 0.0 0.0 0.0 0.0
1548 2753.406005859375 769.6228637695312 1.9402039904323374 1745.54345703125 1546.710205078125 47.49926471139328 0.0 0.0 0.0 0.0
1563 2755.529296875 767.4996948242188 2.589649377439372 1745.54345703125 1546.710205078125 47.49926471139328 0.0 0.0 0.0 0.0
1564 2755.529296875 765.37646484375 2.1659288609244527 1681.8477783203125 1472.3985595703125 322.69912385641175 0.0 0.0 0.0 0.0
1580 2755.529296875 763.2532958984375 1.7500872880361982 1681.8477783203125 1470.275390625 321.9616737404847 0.0 0.0 0.0 0.0
1581 2757.65234375 761.130126953125 2.401125153474183 1683.970947265625 1463.90576171875 321.5536382503876 0.0 0.0 0.0 0.0
1598 2759.775634765625 759.0068969726562 3.058503592630572 1683.970947265625 1461.7825927734375 320.8521727483927 0.0 0.0 0.0 0.0
1599 2759.775634765625 756.8837280273438 2.6260607042738826 1686.0941162109375 1457.5362548828125 321.24125581579625 0.0 0.0 0.0 0.0
1614 2759.775634765625 754.7605590820312 2.2016080643451517 1686.0941162109375 1457.5362548828125 321.24125581579625 0.0 0.0 0.0 0.0
1615 2761.89892578125 752.6373291015625 2.841115221612256 1688.2174072265625 1453.289794921875 321.6748525795873 0.0 0.0 0.0 0.0
1630 2761.89892578125 750.51416015625 2.4127383071248403 1686.0941162109375 1451.1666259765625 319.14455642440345 0.0 0.0 0.0 0.0
1631 2764.02197265625 748.3909912109375 3.049940985547522 1686.0941162109375 1446.9202880859375 317.91446698253236 0.0 0.0 0.0 0.0
1646 2764.02197265625 746.2677612304688 2.6176676454625323 1686.0941162109375 1444.797119140625 317.32876633349036 0.0 0.0 0.0 0.0
1647 2766.145263671875 746.2677612304688 3.690428778500774 1688.2174072265625 1442.673828125 318.65152005689885 0.0 0.0 0.0 0.0
1663 2766.145263671875 744.1445922851562 3.2463698985365426 1688.2174072265625 1442.673828125 318.65152005689885 0.0 0.0 0.0 0.0
1664 2768.268310546875 742.0214233398438 3.8619278060001534 1688.2174072265625 1438.427490234375 317.45243176202035 0.0 0.0 0.0 0.0
1680 2768.268310546875 742.0214233398438 3.8619278060001534 1688.2174072265625 1436.3043212890625 316.881578089973 0.0 0.0 0.0 0.0
1681 2770.3916015625 739.898193359375 4.461566835009862 1690.340576171875 1432.0579833984375 317.69454689757936 0.0 0.0 0.0 0.0
1697 2772.5146484375 739.898193359375 5.519218030183822 1690.340576171875 1429.9346923828125 317.1159186691267 0.0 0.0 0.0 0.0
1698 2774.637939453125 737.7750244140625 6.075447291050082 1692.4637451171875 1425.6883544921875 317.85081551613126 0.0 0.0 0.0 0.0
1714 2778.88427734375 737.7750244140625 8.15340055795155 1692.4637451171875 1423.565185546875 317.2672655686023 0.0 0.0 0.0 0.0
1715 2778.88427734375 735.65185546875 7.628390005784688 1692.4637451171875 1421.4420166015625 316.7024599153268 0.0 0.0 0.0 0.0
1730 2783.130615234375 735.65185546875 9.668146345098052 1692.4637451171875 1421.4420166015625 316.7024599153268 0.0 0.0 0.0 0.0
1731 2785.25390625 735.65185546875 10.677888080215062 1692.4637451171875 1417.195556640625 315.6269189528122 0.0 0.0 0.0 0.0
1732 2785.25390625 733.5286254882812 10.108301373561858 1692.4637451171875 1415.0723876953125 315.11521488916924 0.0 0.0 0.0 0.0
1747 2787.377197265625 733.5286254882812 11.113616978719044 1692.4637451171875 1415.0723876953125 315.11521488916924 0.0 0.0 0.0 0.0
1748 2789.500244140625 733.5286254882812 12.108430981132848 1694.5869140625 1410.8260498046875 315.9309536204355 0.0 0.0 0.0 0.0
1764 2791.62353515625 731.4054565429688 12.488126224056778 1694.5869140625 1410.8260498046875 315.9309536204355 0.0 0.0 0.0 0.0
1765 2795.869873046875 731.4054565429688 14.437873620002314 1696.7100830078125 1404.4564208984375 316.2681996717381 0.0 0.0 0.0 0.0
1779 2795.869873046875 729.2822875976562 13.804086094292721 1696.7100830078125 1404.4564208984375 316.2681996717381 0.0 0.0 0.0 0.0
1780 2797.992919921875 729.2822875976562 14.76977539816155 1696.7100830078125 1400.2100830078125 315.2205044445923 0.0 0.0 0.0 0.0
1781 2802.239501953125 729.2822875976562 16.66831585146791 1698.833251953125 1398.0869140625 316.57095950471 0.0 0.0 0.0 0.0
1797 2802.239501953125 727.1590576171875 15.99756920893958 1698.833251953125 1398.0869140625 316.57095950471 0.0 0.0 0.0 0.0
1798 2806.48583984375 725.035888671875 17.18519055625807 1698.833251953125 1389.5941162109375 314.50493694523385 0.0 0.0 0.0 0.0
1813 2808.60888671875 725.035888671875 18.111371097941074 1698.833251953125 1389.5941162109375 314.50493694523385 0.0 0.0 0.0 0.0
1814 2810.732177734375 722.9127197265625 18.32616405341524 1700.95654296875 1383.224609375 314.8616939674793 0.0 0.0 0.0 0.0
1831 2814.978515625 722.9127197265625 20.138926818317927 1700.95654296875 1381.1014404296875 314.37486314818216 0.0 0.0 0.0 0.0
1832 2817.101806640625 720.7894897460938 20.311187885509703 1703.0797119140625 1376.85498046875 315.3041905837756 0.0 0.0 0.0 0.0
1847 2819.224853515625 720.7894897460938 21.19800884229459 1703.0797119140625 1376.85498046875 315.3041905837756 0.0 0.0 0.0 0.0
1848 2831.964111328125 722.9127197265625 27.044743215859043 1711.5723876953125 1383.224609375 325.4654546536944 0.0 0.0 0.0 0.0
1849 2840.456787109375 725.035888671875 30.927446543546864 1722.1883544921875 1391.71728515625 338.3227397032674 0.0 0.0 0.0 0.0
1863 2851.07275390625 727.1590576171875 35.263563661620516 1722.1883544921875 1391.71728515625 338.3227397032674 0.0 0.0 0.0 0.0
1864 2863.811767578125 729.2822875976562 39.900402477030816 1741.297119140625 1406.5797119140625 0.03682268742657868 0.0 0.0 0.0 0.0
1880 2865.93505859375 729.2822875976562 40.48834196725731 1741.297119140625 1406.5797119140625 0.03682268742657868 0.0 0.0 0.0 0.0
1881 2870.181396484375 727.1590576171875 40.65069666013285 1743.4202880859375 1402.333251953125 357.6880179133264 0.0 0.0 0.0 0.0
1897 2872.3046875 727.1590576171875 41.22568511068886 1743.4202880859375 1402.333251953125 357.6880179133264 0.0 0.0 0.0 0.0
1898 2874.427734375 725.035888671875 40.800117168824286 1743.4202880859375 1398.0869140625 354.4253003338773 0.0 0.0 0.0 0.0
1913 2876.551025390625 725.035888671875 41.37246524086764 1743.4202880859375 1398.0869140625 354.4253003338773 0.0 0.0 0.0 0.0
1930 2876.551025390625 725.035888671875 41.37246524086764 1743.4202880859375 1395.9637451171875 352.8428125985181 0.0 0.0 0.0 0.0
1931 2882.920654296875 722.9127197265625 42.05044799625676 1743.4202880859375 1391.71728515625 349.7779825429298 0.0 0.0 0.0 0.0
1948 2887.1669921875 718.6663208007812 41.14938050851434 1745.54345703125 1389.5941162109375 349.56488418345634 0.0 0.0 0.0 0.0
1949 2889.2900390625 718.6663208007812 41.71561362622224 1745.54345703125 1385.3477783203125 346.64539812567097 0.0 0.0 0.0 0.0
1964 2891.413330078125 718.6663208007812 42.27198444420159 1745.54345703125 1385.3477783203125 346.64539812567097 0.0 0.0 0.0 0.0
1965 2893.53662109375 716.5431518554688 41.81823213243257 1747.6666259765625 1383.224609375 346.54384563577645 0.0 0.0 0.0 0.0
1980 2893.53662109375 716.5431518554688 41.81823213243257 1747.6666259765625 1381.1014404296875 345.1378122900765 0.0 0.0 0.0 0.0
1981 2895.65966796875 716.5431518554688 42.37277129095076 1749.789794921875 1378.9781494140625 345.1417977715307 0.0 0.0 0.0 0.0
1996 2897.782958984375 714.419921875 41.916338903427246 1749.789794921875 1378.9781494140625 345.1417721611297 0.0 0.0 0.0 0.0
1997 2902.029296875 712.2967529296875 42.0101500736757 1749.789794921875 1376.85498046875 343.76981766136 0.0 0.0 0.0 0.0
2013 2902.029296875 712.2967529296875 42.0101500736757 1751.9129638671875 1374.7318115234375 343.83800493421074 0.0 0.0 0.0 0.0
2014 2904.152587890625 712.2967529296875 42.56137351634227 1751.9129638671875 1374.7318115234375 343.83796110631823 0.0 0.0 0.0 0.0
2030 2906.275634765625 710.173583984375 42.09984879969349 1751.9129638671875 1374.7318115234375 343.83796110631823 0.0 0.0 0.0 0.0
2031 2908.39892578125 710.173583984375 42.64947972094152 1754.0362548828125 1370.4854736328125 342.53074899172015 0.0 0.0 0.0 0.0
2047 2908.39892578125 708.0503540039062 41.63304879683479 1754.0362548828125 1370.4854736328125 342.53074899172015 0.0 0.0 0.0 0.0
2048 2912.645263671875 708.0503540039062 42.73884619433688 1756.159423828125 1368.3623046875 342.6265911734978 0.0 0.0 0.0 0.0
2064 2912.645263671875 705.9271850585938 41.72158656437291 1758.2825927734375 1366.239013671875 342.71777643875595 0.0 0.0 0.0 0.0
2065 2914.768310546875 703.8040161132812 41.265062747549734 1758.2825927734375 1366.239013671875 342.71777643875595 0.0 0.0 0.0 0.0
2080 2916.8916015625 703.8040161132812 41.829333713818535 1758.2825927734375 1366.239013671875 342.71777643875595 0.0 0.0 0.0 0.0
2081 2916.8916015625 701.6807861328125 40.821057026570955 1760.40576171875 1364.1158447265625 342.87131550024776 0.0 0.0 0.0 0.0
2082 2916.8916015625 701.6807861328125 40.82108745157177 1760.40576171875 1361.99267578125 341.5561688116 0.0 0.0 0.0 0.0
2097 2919.014892578125 701.6807861328125 41.39312412542385 1760.40576171875 1359.8695068359375 340.27479120142294 0.0 0.0 0.0 0.0
2098 2921.137939453125 699.5576171875 40.96869680191442 1762.5289306640625 1359.8695068359375 341.76542991210306 0.0 0.0 0.0 0.0
2113 2921.137939453125 697.4344482421875 39.96921999455262 1762.5289306640625 1359.8695068359375 341.76542991210306 0.0 0.0 0.0 0.0
2114 2923.26123046875 697.4344482421875 40.55598768538579 1764.652099609375 1357.746337890625 341.9274120300218 0.0 0.0 0.0 0.0
2129 2925.38427734375 695.3112182617188 40.14852060694555 1764.652099609375 1355.6231689453125 340.63640756908404 0.0 0.0 0.0 0.0
2130 2925.38427734375 695.3112182617188 40.14852060694555 1766.775390625 1355.6231689453125 342.1189047626387 0.0 0.0 0.0 0.0
2147 2925.38427734375 695.3112182617188 40.14852060694555 1766.775390625 1355.6231689453125 342.1189047626387 0.0 0.0 0.0 0.0
2148 2927.507568359375 695.3112182617188 40.73216396273277 1768.8985595703125 1351.376708984375 341.000539508471 0.0 0.0 0.0 0.0
2163 2927.507568359375 693.1880493164062 39.735134472277096 1768.8985595703125 1351.376708984375 341.000539508471 0.0 0.0 0.0 0.0
2164 2929.630859375 691.0648803710938 39.34997802357705 1771.021728515625 1349.2535400390625 341.16954901289245 0.0 0.0 0.0 0.0
2181 2931.75390625 688.941650390625 38.95851771650441 1773.1448974609375 1349.2535400390625 342.63981572392504 0.0 0.0 0.0 0.0
2182 2931.75390625 688.941650390625 38.95851771650441 1775.26806640625 1347.13037109375 342.79712099502234 0.0 0.0 0.0 0.0
2197 2933.877197265625 688.941650390625 39.5626004483901 1775.26806640625 1347.13037109375 342.79712099502234 0.0 0.0 0.0 0.0
2198 2933.877197265625 686.8184814453125 38.57790346414131 1777.3912353515625 1345.0072021484375 342.9468522074426 0.0 0.0 0.0 0.0
2213 2933.877197265625 684.6953125 37.603893637913025 1777.3912353515625 1345.0072021484375 342.9468522074426 0.0 0.0 0.0 0.0
2214 2936.000244140625 684.6953125 38.2309217367118 1781.6376953125 1342.884033203125 344.4799770424829 0.0 0.0 0.0 0.0
2229 2936.000244140625 682.5720825195312 37.260744796796914 1781.6376953125 1342.884033203125 344.4799770424829 0.0 0.0 0.0 0.0
2230 2938.12353515625 682.5720825195312 37.893595313322685 1783.7608642578125 1340.7607421875 344.51476898519275 0.0 0.0 0.0 0.0
2246 2938.12353515625 682.5720825195312 37.89362135084239 1785.884033203125 1338.6375732421875 344.5480248114627 0.0 0.0 0.0 0.0
2247 2940.24658203125 678.3257446289062 36.60294264283959 1788.0072021484375 1336.514404296875 344.5471220134823 0.0 0.0 0.0 0.0
2263 2940.24658203125 678.3257446289062 36.60294264283959 1790.13037109375 1336.514404296875 345.9376042327108 0.0 0.0 0.0 0.0
2264 2942.369873046875 676.2025146484375 36.28765054534062 1792.253662109375 1336.514404296875 347.2940501731919 0.0 0.0 0.0 0.0
2280 2942.369873046875 676.2025146484375 36.28765054534062 1794.3768310546875 1334.3912353515625 347.1971242865095 0.0 0.0 0.0 0.0
2281 2942.369873046875 674.079345703125 35.33959800887778 1798.6231689453125 1332.26806640625 348.3972483590451 0.0 0.0 0.0 0.0
2298 2944.4931640625 671.9561767578125 35.05957980010104 1800.746337890625 1330.1448974609375 348.24868257629083 0.0 0.0 0.0 0.0
2299 2944.4931640625 669.8329467773438 34.12603300922893 1804.9927978515625 1328.0216064453125 349.4087480191806 0.0 0.0 0.0 0.0
2315 2946.6162109375 667.7097778320312 33.90310329056787 1807.115966796875 1325.8984375 349.1748419205851 0.0 0.0 0.0 0.0
2316 2946.6162109375 667.7097778320312 33.90310329056787 1809.2391357421875 1325.8984375 350.4488438106056 0.0 0.0 0.0 0.0
2330 2946.6162109375 667.7097778320312 33.90310329056787 1811.3623046875 1325.8984375 351.68950157876407 0.0 0.0 0.0 0.0
2331 2946.6162109375 665.5866088867188 32.983644732084805 1813.4854736328125 1321.652099609375 349.8951903847272 0.0 0.0 0.0 0.0
2332 2946.6162109375 665.5866088867188 32.983644732084805 1815.608642578125 1321.652099609375 351.150421838056 0.0 0.0 0.0 0.0
2347 2946.6162109375 663.46337890625 32.07557003905104 1817.73193359375 1321.652099609375 352.3724706023079 0.0 0.0 0.0 0.0
2348 2948.739501953125 661.3402099609375 31.88718171240862 1821.978271484375 1319.5289306640625 353.2365128502438 0.0 0.0 0.0 0.0
2363 2948.739501953125 661.3402099609375 31.88718171240862 1824.1014404296875 1319.5289306640625 354.4020883929529 0.0 0.0 0.0 0.0
2364 2950.862548828125 659.217041015625 31.704056672734694 1828.3477783203125 1317.40576171875 355.11897624302145 0.0 0.0 0.0 0.0
2380 2950.862548828125 659.217041015625 31.704056672734694 1830.4710693359375 1315.282470703125 354.6574655379341 0.0 0.0 0.0 0.0
2381 2952.98583984375 657.0938110351562 31.53990999918672 1834.7174072265625 1315.282470703125 356.87834695069785 0.0 0.0 0.0 0.0
2397 2955.109130859375 654.9706420898438 31.38040663815908 1834.7174072265625 1315.282470703125 356.87834695069785 0.0 0.0 0.0 0.0
2398 2957.232177734375 652.8474731445312 31.22533647043663 1841.0869140625 1313.1593017578125 358.4193961692276 0.0 0.0 0.0 0.0
2399 2957.232177734375 652.8474731445312 31.22533647043663 1841.0869140625 1311.0361328125 356.75801656988745 0.0 0.0 0.0 0.0
2413 2957.232177734375 652.8474731445312 31.22533647043663 1843.210205078125 1311.0361328125 357.8251174974631 0.0 0.0 0.0 0.0
2414 2959.35546875 650.7242431640625 31.08402402509474 1847.45654296875 1311.0361328125 359.867924956307 0.0 0.0 0.0 0.0
2431 2959.35546875 648.60107421875 30.200393612089677 1849.5797119140625 1308.9129638671875 359.18838241574565 0.0 0.0 0.0 0.0
2432 2961.478515625 648.60107421875 30.94670804780457 1853.8260498046875 1308.9129638671875 1.1527949655676224 0.0 0.0 0.0 0.0
2447 2961.478515625 648.60107421875 30.94670804780457 1853.8260498046875 1306.789794921875 359.44184479065063 0.0 0.0 0.0 0.0
2448 2963.601806640625 646.4779052734375 30.813316274426654 1858.072509765625 1306.789794921875 1.3916079003463153 0.0 0.0 0.0 0.0
2449 2963.601806640625 646.4779052734375 30.813316274426654 1860.1956787109375 1306.789794921875 2.3234474059468226 0.0 0.0 0.0 0.0
2463 2963.601806640625 644.3546752929688 29.93313256971308 1860.1956787109375 1306.789794921875 2.3234474059468226 0.0 0.0 0.0 0.0
2464 2965.724853515625 644.3546752929688 30.683560783688137 1864.4420166015625 1302.5433349609375 0.7267902114618892 0.0 0.0 0.0 0.0
2480 2965.724853515625 644.3546752929688 30.683560783688137 1866.565185546875 1302.5433349609375 1.6783561381191987 0.0 0.0 0.0 0.0
2481 2967.84814453125 642.2315063476562 30.5478863191275 1872.934814453125 1300.420166015625 2.667849408425532 0.0 0.0 0.0 0.0
2496 2967.84814453125 640.1083374023438 29.671247944431336 1872.934814453125 1300.420166015625 2.667849408425532 0.0 0.0 0.0 0.0
2497 2969.971435546875 640.1083374023438 30.42580153493988 1877.18115234375 1296.173828125 1.0407708321221776 0.0 0.0 0.0 0.0
2513 2969.971435546875 640.1083374023438 30.425827022803993 1877.18115234375 1296.173828125 1.0407708321221776 0.0 0.0 0.0 0.0
2514 2972.094482421875 637.985107421875 30.297331446530713 1881.4276123046875 1294.0506591796875 1.2077302891718773 0.0 0.0 0.0 0.0
2515 2972.094482421875 637.985107421875 30.297331446530713 1883.55078125 1291.927490234375 0.46731367741949015 0.0 0.0 0.0 0.0
2530 2974.2177734375 637.985107421875 31.04223609306282 1883.55078125 1291.927490234375 0.46731367741949015 0.0 0.0 0.0 0.0
2531 2974.2177734375 635.8619384765625 30.159093685686372 1892.04345703125 1287.6810302734375 0.9937765380056902 0.0 0.0 0.0 0.0
2548 2976.3408203125 635.8619384765625 30.90602292782649 1894.166748046875 1285.557861328125 0.2796678195391422 0.0 0.0 0.0 0.0
2549 2976.3408203125 635.8619384765625 30.90602292782649 1896.2899169921875 1283.4346923828125 359.5986843922207 0.0 0.0 0.0 0.0
2565 2976.3408203125 635.8619384765625 30.90602292782649 1900.5362548828125 1279.1883544921875 358.2463943087911 0.0 0.0 0.0 0.0
2580 2976.3408203125 635.8619384765625 30.90602292782649 1902.659423828125 1279.1883544921875 359.2706372485883 0.0 0.0 0.0 0.0
2581 2978.464111328125 633.73876953125 30.764167474924427 1906.9058837890625 1277.0650634765625 359.649453108694 0.0 0.0 0.0 0.0
2597 2978.464111328125 633.73876953125 30.764167474924427 1906.9058837890625 1274.94189453125 357.9653520134522 0.0 0.0 0.0 0.0
2598 2980.58740234375 633.73876953125 31.501874527134937 1909.029052734375 1272.8187255859375 357.32562690183244 0.0 0.0 0.0 0.0
2613 2980.58740234375 633.73876953125 31.501874527134937 1911.1522216796875 1272.8187255859375 358.3763674355892 0.0 0.0 0.0 0.0
2614 2984.833740234375 631.6155395507812 32.05845877637036 1913.275390625 1270.695556640625 357.78406320788577 0.0 0.0 0.0 0.0
2630 2986.956787109375 631.6155395507812 32.77585227349263 1913.275390625 1270.695556640625 357.78406320788577 0.0 0.0 0.0 0.0
2631 2989.080078125 631.6155395507812 33.481980571387695 1915.3985595703125 1266.44921875 355.58102803934526 0.0 0.0 0.0 0.0
2647 2989.080078125 629.4923706054688 32.567736224470615 1915.3985595703125 1266.44921875 355.58102803934526 0.0 0.0 0.0 0.0
2648 2993.326416015625 629.4923706054688 33.97529337910468 1917.521728515625 1264.325927734375 355.0533678023007 0.0 0.0 0.0 0.0
2663 2995.44970703125 627.3692016601562 33.74827999028308 1917.521728515625 1264.325927734375 355.0533678023007 0.0 0.0 0.0 0.0
2664 2999.696044921875 627.3692016601562 35.11821274996525 1919.64501953125 1262.2027587890625 354.6175123019857 0.0 0.0 0.0 0.0
2681 3003.9423828125 623.122802734375 34.61570520978899 1919.64501953125 1260.07958984375 353.03104098727715 0.0 0.0 0.0 0.0
2682 3006.065673828125 623.122802734375 35.29226295167633 1919.64501953125 1257.9564208984375 351.4778239702514 0.0 0.0 0.0 0.0
2698 3010.31201171875 618.8764038085938 34.757399688749864 1919.64501953125 1255.833251953125 349.95819247444115 0.0 0.0 0.0 0.0
2699 3010.31201171875 618.8764038085938 34.757399688749864 1921.7681884765625 1255.833251953125 351.21172804088627 0.0 0.0 0.0 0.0
2714 3016.681396484375 614.6300659179688 34.90434193933027 1921.7681884765625 1253.7100830078125 349.6980575552787 0.0 0.0 0.0 0.0
2730 3020.927978515625 612.5068359375 35.30487673747586 1921.7681884765625 1253.7100830078125 349.6980575552787 0.0 0.0 0.0 0.0
2731 3023.051025390625 610.3836669921875 35.04103078274491 1921.7681884765625 1251.5867919921875 348.21820616917097 0.0 0.0 0.0 0.0
2746 3025.17431640625 610.3836669921875 35.710638421478876 1921.7681884765625 1251.5867919921875 348.21820616917097 0.0 0.0 0.0 0.0
2747 3027.29736328125 608.2604675292969 35.44335964950415 1921.7681884765625 1249.463623046875 346.77253577805914 0.0 0.0 0.0 0.0
2763 3027.29736328125 606.1372985839844 34.50529719091834 1923.891357421875 1249.463623046875 348.1080575236494 0.0 0.0 0.0 0.0
2764 3029.420654296875 606.1372985839844 35.183627506076924 1926.0145263671875 1247.3404541015625 348.0032185163245 0.0 0.0 0.0 0.0
2780 3031.5439453125 604.0140991210938 34.92319338140246 1926.0145263671875 1247.3404541015625 348.0032185163245 0.0 0.0 0.0 0.0
2781 3031.5439453125 604.0140991210938 34.92319338140246 1926.0145263671875 1245.21728515625 346.5625462118359 0.0 0.0 0.0 0.0
2800 3033.6669921875 604.0140991210938 35.59466619961094 1926.0145263671875 1245.21728515625 346.5625462118359 0.0 0.0 0.0 0.0
2801 3033.6669921875 604.0140991210938 35.59466619961094 1928.1376953125 1243.0941162109375 346.4998758412764 0.0 0.0 0.0 0.0
2814 3035.790283203125 601.8908996582031 35.33065267277225 1928.1376953125 1240.970947265625 345.09497910748775 0.0 0.0 0.0 0.0
2815 3035.790283203125 601.8908996582031 35.33065267277225 1930.2608642578125 1240.970947265625 346.47214980532954 0.0 0.0 0.0 0.0
2830 3040.03662109375 599.7677307128906 35.735330133333655 1932.3841552734375 1236.7244873046875 345.01081870111005 0.0 0.0 0.0 0.0
2831 3040.03662109375 597.64453125 34.793768512122824 1934.50732421875 1234.601318359375 344.9877447137671 0.0 0.0 0.0 0.0
2847 3042.15966796875 597.64453125 35.467342207723824 1934.50732421875 1234.601318359375 344.9877447137671 0.0 0.0 0.0 0.0
2848 3042.15966796875 595.5213317871094 34.528929994409495 1938.753662109375 1232.4781494140625 346.3461098849656 0.0 0.0 0.0 0.0
2849 3044.282958984375 595.5213317871094 35.20691017106859 1938.753662109375 1230.35498046875 344.94483774440874 0.0 0.0 0.0 0.0
2863 3044.282958984375 595.5213317871094 35.20691017106859 1940.8768310546875 1230.35498046875 346.3256548255723 0.0 0.0 0.0 0.0
2864 3044.282958984375 593.3981628417969 34.27161769034077 1943.0 1226.1085205078125 344.97243940056865 0.0 0.0 0.0 0.0
2880 3044.282958984375 593.3981628417969 34.27161769034077 1943.0 1223.9853515625 343.604630288892 0.0 0.0 0.0 0.0
2881 3046.40625 591.2749633789062 34.02142673775357 1947.2464599609375 1219.739013671875 343.6913289252759 0.0 0.0 0.0 0.0
2897 3046.40625 591.2749633789062 34.02142673775357 1947.2464599609375 1219.739013671875 343.69138786512866 0.0 0.0 0.0 0.0
2898 3048.529296875 589.1517639160156 33.792989640625066 1951.4927978515625 1215.49267578125 343.83167574841264 0.0 0.0 0.0 0.0
2913 3048.529296875 589.1517639160156 33.792989640625066 1951.4927978515625 1213.369384765625 342.4921468860217 0.0 0.0 0.0 0.0
2914 3050.652587890625 587.0285949707031 33.57096350955328 1955.7391357421875 1211.2462158203125 344.02720982950115 0.0 0.0 0.0 0.0
2931 3052.775634765625 584.9053955078125 33.35501586961216 1957.8624267578125 1209.123046875 344.1181324019334 0.0 0.0 0.0 0.0
2932 3052.775634765625 584.9053955078125 33.35501586961216 1957.8624267578125 1206.9998779296875 342.7715948428816 0.0 0.0 0.0 0.0
2948 3057.022216796875 580.6590270996094 32.941087300980726 1959.985595703125 1204.876708984375 342.8559288277553 0.0 0.0 0.0 0.0
2949 3059.145263671875 580.6590270996094 33.644476825005356 1962.1087646484375 1202.7535400390625 342.9361414877231 0.0 0.0 0.0 0.0
2964 3061.2685546875 578.5358276367188 33.43512518233619 1966.3551025390625 1202.7535400390625 345.7601749219115 0.0 0.0 0.0 0.0
2980 3061.2685546875 576.4126281738281 32.52147897554044 1966.3551025390625 1202.7535400390625 345.7601749219115 0.0 0.0 0.0 0.0
2981 3063.3916015625 574.2894592285156 32.32044761661506 1970.6015625 1200.6302490234375 347.0964930874715 0.0 0.0 0.0 0.0
2996 3065.514892578125 574.2894592285156 33.03380281874582 1970.6015625 1200.6302490234375 347.0964930874715 0.0 0.0 0.0 0.0
2997 3065.514892578125 572.166259765625 32.12512046023783 1974.847900390625 1198.507080078125 348.27403122667545 0.0 0.0 0.0 0.0
3013 3065.514892578125 572.166259765625 32.12512046023783 1976.9710693359375 1198.507080078125 349.5713729610842 0.0 0.0 0.0 0.0
3014 3067.637939453125 572.166259765625 32.84150180847224 1979.09423828125 1198.507080078125 350.8350719311353 0.0 0.0 0.0 0.0
3030 3067.637939453125 572.166259765625 32.84150180847224 1979.09423828125 1196.3839111328125 349.329668941158 0.0 0.0 0.0 0.0
3031 3067.637939453125 572.166259765625 32.84150180847224 1983.3406982421875 1194.2607421875 350.3089529177698 0.0 0.0 0.0 0.0
3047 3067.637939453125 572.166259765625 32.84150180847224 1985.4638671875 1194.2607421875 351.5533638081837 0.0 0.0 0.0 0.0
3048 3069.76123046875 572.166259765625 33.546596291083695 1987.5870361328125 1192.1375732421875 351.2837072070765 0.0 0.0 0.0 0.0
3064 3069.76123046875 570.0430603027344 32.63155390198585 1989.710205078125 1190.014404296875 351.0003556595841 0.0 0.0 0.0 0.0
3080 3071.884521484375 570.0430603027344 33.33999956518715 1989.710205078125 1190.014404296875 351.0003556595841 0.0 0.0 0.0 0.0
3081 3071.884521484375 570.0430603027344 33.33999956518715 1989.710205078125 1190.014404296875 351.0003556595841 0.0 0.0 0.0 0.0
3082 3071.884521484375 570.0430603027344 33.33999956518715 1991.8333740234375 1187.89111328125 350.690341255118 0.0 0.0 0.0 0.0
3097 3074.007568359375 567.9198913574219 33.1304752521034 1991.8333740234375 1187.89111328125 350.690341255118 0.0 0.0 0.0 0.0
3098 3076.130859375 567.9198913574219 33.83095058114023 1993.95654296875 1187.89111328125 351.9245820778224 0.0 0.0 0.0 0.0
3114 3076.130859375 565.7966918945312 32.912380777689336 1993.95654296875 1187.89111328125 351.9245820778224 0.0 0.0 0.0 0.0
3115 3078.25390625 563.6734924316406 32.70040698090514 1996.0797119140625 1185.7679443359375 351.637271731334 0.0 0.0 0.0 0.0
3129 3080.377197265625 563.6734924316406 33.407703331050136 1996.0797119140625 1185.7679443359375 351.637271731334 0.0 0.0 0.0 0.0
3130 3082.50048828125 561.5503234863281 33.19633788024084 2002.4493408203125 1183.644775390625 353.6759806552312 0.0 0.0 0.0 0.0
3147 3084.62353515625 561.5503234863281 33.895712933471536 2002.4493408203125 1183.644775390625 353.6759806552312 0.0 0.0 0.0 0.0
3148 3086.746826171875 559.4271240234375 33.67929924790627 2006.6956787109375 1181.5216064453125 354.3813505238275 0.0 0.0 0.0 0.0
3163 3086.746826171875 559.4271240234375 33.67929924790627 2008.8189697265625 1181.5216064453125 355.5153769817204 0.0 0.0 0.0 0.0
3164 3088.869873046875 557.3039245605469 33.460353548692545 2010.9420166015625 1181.5216064453125 356.6175045263297 0.0 0.0 0.0 0.0
3181 3090.9931640625 557.3039245605469 34.15553520761279 2015.1885986328125 1179.3984375 357.1730290192905 0.0 0.0 0.0 0.0
3182 3090.9931640625 557.3039245605469 34.15553520761279 2017.3116455078125 1177.2752685546875 356.6370105035371 0.0 0.0 0.0 0.0
3197 3090.9931640625 557.3039245605469 34.15551936323354 2019.4349365234375 1175.1519775390625 356.1263725495159 0.0 0.0 0.0 0.0
3213 3090.9931640625 557.3039245605469 34.15551936323354 2021.5579833984375 1173.02880859375 355.61824345056715 0.0 0.0 0.0 0.0
3214 3093.1162109375 555.1807556152344 33.90853367960588 2023.6812744140625 1168.782470703125 353.5581461944425 0.0 0.0 0.0 0.0
3230 3093.1162109375 555.1807556152344 33.90853367960588 2025.8043212890625 1168.782470703125 354.71475813531157 0.0 0.0 0.0 0.0
3231 3095.239501953125 555.1807556152344 34.59651154895778 2027.9276123046875 1164.5361328125 352.71513824338217 0.0 0.0 0.0 0.0
3246 3097.36279296875 553.0575561523438 34.33727738304869 2027.9276123046875 1164.5361328125 352.71513824338217 0.0 0.0 0.0 0.0
3247 3099.48583984375 553.0575561523438 35.01823222610526 2027.9276123046875 1160.2896728515625 349.65586822839373 0.0 0.0 0.0 0.0
3263 3099.48583984375 550.9343566894531 34.085250458719415 2027.9276123046875 1160.2896728515625 349.65586822839373 0.0 0.0 0.0 0.0
3264 3103.732177734375 548.8111877441406 34.52936849059735 2030.0509033203125 1156.0433349609375 348.0021688239183 0.0 0.0 0.0 0.0
3265 3103.732177734375 548.8111877441406 34.52936849059735 2030.0509033203125 1153.920166015625 346.561496050902 0.0 0.0 0.0 0.0
3280 3105.85546875 546.68798828125 34.287018592589455 2032.1739501953125 1151.7969970703125 346.49879927204773 0.0 0.0 0.0 0.0
3281 3107.978759765625 544.5647888183594 34.05963956338219 2034.2972412109375 1149.6737060546875 346.4391319116799 0.0 0.0 0.0 0.0
3296 3107.978759765625 544.5647888183594 34.05963956338219 2036.4202880859375 1147.550537109375 346.3821762969984 0.0 0.0 0.0 0.0
3297 3110.101806640625 542.4416198730469 33.830176624843304 2036.4202880859375 1147.550537109375 346.3821762969984 0.0 0.0 0.0 0.0
3314 3110.101806640625 542.4416198730469 33.830176624843304 2038.5435791015625 1145.4273681640625 346.2933851655632 0.0 0.0 0.0 0.0
3315 3112.22509765625 540.3184204101562 33.607174304906984 2042.7899169921875 1145.4273681640625 348.9545249965368 0.0 0.0 0.0 0.0
3330 3112.22509765625 540.3184204101562 33.607174304906984 2042.7899169921875 1143.30419921875 347.4917849517425 0.0 0.0 0.0 0.0
3331 3114.34814453125 538.1952209472656 33.39026333932757 2047.0362548828125 1143.30419921875 350.092684695759 0.0 0.0 0.0 0.0
3347 3114.34814453125 538.1952209472656 33.39024625941483 2047.0362548828125 1143.30419921875 350.092684695759 0.0 0.0 0.0 0.0
3348 3116.471435546875 536.0720520019531 33.16482484013202 2053.4058837890625 1141.1810302734375 352.24186118441577 0.0 0.0 0.0 0.0
3349 3116.471435546875 536.0720520019531 33.16482484013202 2055.5291748046875 1141.1810302734375 353.4345398569824 0.0 0.0 0.0 0.0
3363 3116.471435546875 536.0720520019531 33.16482484013202 2057.6522216796875 1141.1810302734375 354.5945587891701 0.0 0.0 0.0 0.0
3364 3116.471435546875 536.0720520019531 33.16482484013202 2061.8985595703125 1139.057861328125 355.29749837948464 0.0 0.0 0.0 0.0
3380 3118.594482421875 536.0720520019531 33.86468879398546 2061.8985595703125 1139.057861328125 355.29749837948464 0.0 0.0 0.0 0.0
3381 3118.594482421875 533.9488525390625 32.945739281778685 2068.2681884765625 1136.9345703125 356.97672411086296 0.0 0.0 0.0 0.0
3397 3118.594482421875 533.9488525390625 32.945739281778685 2072.5145263671875 1134.8114013671875 357.50580609814335 0.0 0.0 0.0 0.0
3398 3120.7177734375 531.8256530761719 32.7328368316632 2076.7608642578125 1132.688232421875 358.01563453017667 0.0 0.0 0.0 0.0
3413 3120.7177734375 531.8256530761719 32.7328368316632 2076.7608642578125 1130.5650634765625 356.3618693391833 0.0 0.0 0.0 0.0
3414 3122.841064453125 531.8256530761719 33.43965763952063 2081.0074462890625 1128.44189453125 356.87182443600506 0.0 0.0 0.0 0.0
3431 3122.841064453125 529.7024841308594 32.525919414582916 2085.2537841796875 1124.1954345703125 355.81194671793514 0.0 0.0 0.0 0.0
3432 3124.964111328125 529.7024841308594 33.23593134242052 2087.3768310546875 1122.072265625 355.3183197969766 0.0 0.0 0.0 0.0
3447 3124.964111328125 529.7024841308594 33.23593134242052 2089.5001220703125 1119.9490966796875 354.84767129682024 0.0 0.0 0.0 0.0
3448 3127.08740234375 527.5792846679688 33.02933933107418 2091.6234130859375 1117.825927734375 354.3548745443657 0.0 0.0 0.0 0.0
3449 3127.08740234375 527.5792846679688 33.02933933107418 2093.7464599609375 1115.7027587890625 353.92860957965394 0.0 0.0 0.0 0.0
3463 3127.08740234375 527.5792846679688 33.02933933107418 2095.8697509765625 1113.57958984375 353.52229428235506 0.0 0.0 0.0 0.0
3464 3131.333740234375 525.4560852050781 33.51958575186989 2097.9927978515625 1109.3331298828125 351.60276167518106 0.0 0.0 0.0 0.0
3479 3133.45703125 523.3329162597656 33.30512583821123 2100.1160888671875 1107.2099609375 351.30453874143603 0.0 0.0 0.0 0.0
3480 3137.703369140625 521.209716796875 33.78328669420335 2102.2391357421875 1105.0867919921875 351.0467652754101 0.0 0.0 0.0 0.0
3481 3137.703369140625 521.209716796875 33.78328669420335 2102.2391357421875 1102.963623046875 349.5365856833773 0.0 0.0 0.0 0.0
3496 3137.703369140625 519.0865173339844 32.8653398578035 2102.2391357421875 1102.963623046875 349.5365856833773 0.0 0.0 0.0 0.0
3497 3141.94970703125 516.9633483886719 33.35422306699719 2104.3624267578125 1098.7171630859375 347.86321076815904 0.0 0.0 0.0 0.0
3513 3144.07275390625 514.8401489257812 33.14424557617379 2106.4857177734375 1098.7171630859375 349.17111712410235 0.0 0.0 0.0 0.0
3514 3146.196044921875 512.7169494628906 32.92577426756872 2110.7320556640625 1094.4708251953125 348.837933307208 0.0 0.0 0.0 0.0
3530 3148.3193359375 512.7169494628906 33.62952353080629 2110.7320556640625 1094.4708251953125 348.837933307208 0.0 0.0 0.0 0.0
3531 3150.4423828125 510.5937805175781 33.41201292162177 2114.9783935546875 1092.34765625 349.89165733666744 0.0 0.0 0.0 0.0
3546 3152.565673828125 510.5937805175781 34.10799614741728 2114.9783935546875 1092.34765625 349.89165733666744 0.0 0.0 0.0 0.0
3547 3152.565673828125 508.4705810546875 33.186007587570685 2117.1016845703125 1090.2244873046875 349.63478030234694 0.0 0.0 0.0 0.0
3548 3152.565673828125 508.4705810546875 33.186007587570685 2119.2247314453125 1090.2244873046875 350.89676064592317 0.0 0.0 0.0 0.0
3564 3154.688720703125 508.4705810546875 33.88556922359501 2121.3480224609375 1090.2244873046875 352.125600877196 0.0 0.0 0.0 0.0
3565 3156.81201171875 506.3473815917969 33.66940489130102 2123.4710693359375 1088.101318359375 351.802879723694 0.0 0.0 0.0 0.0
3580 3156.81201171875 506.3473815917969 33.66940489130102 2123.4710693359375 1088.101318359375 351.8029820626843 0.0 0.0 0.0 0.0
3581 3158.935302734375 504.2242126464844 33.450875990360096 2127.7174072265625 1088.101318359375 354.1791407714681 0.0 0.0 0.0 0.0
3596 3158.935302734375 504.2242126464844 33.450875990360096 2129.8406982421875 1085.97802734375 353.76119097824454 0.0 0.0 0.0 0.0
3597 3161.058349609375 502.10101318359375 33.2236409734078 2134.0870361328125 1085.97802734375 356.0313955858035 0.0 0.0 0.0 0.0
3613 3163.181640625 502.10101318359375 33.922626511202566 2134.0870361328125 1085.97802734375 356.0313955858035 0.0 0.0 0.0 0.0
3614 3165.3046875 499.9778137207031 33.705411454669324 2140.4566650390625 1083.8548583984375 357.63777851422026 0.0 0.0 0.0 0.0
3629 3167.427978515625 499.9778137207031 34.39668256153522 2142.5799560546875 1083.8548583984375 358.6796915032088 0.0 0.0 0.0 0.0
3630 3169.551025390625 497.8546447753906 34.16616133819947 2146.8262939453125 1083.8548583984375 0.6735416162823924 0.0 0.0 0.0 0.0
3647 3169.551025390625 497.8546447753906 34.16617476238199 2146.8262939453125 1083.8548583984375 0.6735416162823924 0.0 0.0 0.0 0.0
3648 3171.67431640625 495.7314453125 33.94220219247899 2151.0726318359375 1081.731689453125 0.9317391764989651 0.0 0.0 0.0 0.0
3663 3171.67431640625 495.7314453125 33.94220219247899 2153.1956787109375 1081.731689453125 1.8771686695736918 0.0 0.0 0.0 0.0
3664 3173.797607421875 495.7314453125 34.629635364002446 2155.3189697265625 1079.6085205078125 1.1065855752117955 0.0 0.0 0.0 0.0
3684 3173.797607421875 495.7314453125 34.629635364002446 2157.4422607421875 1079.6085205078125 2.0469599324336656 0.0 0.0 0.0 0.0
3696 3175.920654296875 493.6082458496094 34.384376520189306 2157.4422607421875 1079.6085205078125 2.0469599324336656 0.0 0.0 0.0 0.0
3697 3178.0439453125 491.4850769042969 34.14598049199962 2163.8116455078125 1075.3621826171875 1.4830694082137086 0.0 0.0 0.0 0.0
3713 3180.1669921875 491.4850769042969 34.83008661979009 2163.8116455078125 1075.3621826171875 1.4830694082137086 0.0 0.0 0.0 0.0
3714 3184.41357421875 489.36187744140625 35.24167855657474 2168.0582275390625 1071.11572265625 0.011456008203126089 0.0 0.0 0.0 0.0
3715 3184.41357421875 489.36187744140625 35.24167855657474 2170.1812744140625 1071.11572265625 0.9841152148173933 0.0 0.0 0.0 0.0
3729 3184.41357421875 489.36187744140625 35.24167855657474 2170.1812744140625 1068.9925537109375 359.2760802023939 0.0 0.0 0.0 0.0
3730 3188.659912109375 487.23870849609375 35.65012322029821 2174.4276123046875 1066.869384765625 359.5897433628704 0.0 0.0 0.0 0.0
3746 3188.659912109375 485.1155090332031 34.70959804689186 2174.4276123046875 1064.7462158203125 357.9066927993658 0.0 0.0 0.0 0.0
3747 3192.90625 482.9923095703125 35.12644398834988 2178.6739501953125 1062.623046875 358.30353096207926 0.0 0.0 0.0 0.0
3763 3195.029296875 480.869140625 34.86753487788866 2178.6739501953125 1062.623046875 358.30353096207926 0.0 0.0 0.0 0.0
3764 3197.152587890625 478.7459411621094 34.615834614377796 2182.9205322265625 1060.4998779296875 358.671356059653 0.0 0.0 0.0 0.0
3780 3197.152587890625 478.7459411621094 34.615834614377796 2185.0435791015625 1060.4998779296875 359.6832748311431 0.0 0.0 0.0 0.0
3781 3201.39892578125 476.62274169921875 35.03681433479157 2187.1668701171875 1060.4998779296875 0.6657672257282456 0.0 0.0 0.0 0.0
3796 3201.39892578125 476.62274169921875 35.03681433479157 2189.2899169921875 1058.3765869140625 359.94988454495 0.0 0.0 0.0 0.0
3797 3203.522216796875 474.49957275390625 34.780458310871424 2191.4132080078125 1058.3765869140625 0.9244627625936204 0.0 0.0 0.0 0.0
3814 3207.7685546875 472.3763732910156 35.20895208460823 2193.5364990234375 1058.3765869140625 1.8703137015496338 0.0 0.0 0.0 0.0
3815 3207.7685546875 472.3763732910156 35.20895208460823 2193.5364990234375 1056.25341796875 0.1469277953238901 0.0 0.0 0.0 0.0
3831 3209.891845703125 470.253173828125 34.947801865641054 2197.7828369140625 1056.25341796875 2.0557106256203497 0.0 0.0 0.0 0.0
3847 3212.014892578125 468.1300048828125 34.69384347708735 2197.7828369140625 1056.25341796875 2.0557106256203497 0.0 0.0 0.0 0.0
3848 3212.014892578125 468.1300048828125 34.69378244103879 2199.9058837890625 1056.25341796875 2.967679724992948 0.0 0.0 0.0 0.0
3863 3214.13818359375 468.1300048828125 35.36904179414952 2199.9058837890625 1056.25341796875 2.967679724992948 0.0 0.0 0.0 0.0
3864 3214.13818359375 466.0068054199219 34.43182338401985 2202.0291748046875 1054.1302490234375 2.0959948025097646 0.0 0.0 0.0 0.0
3879 3216.26123046875 466.0068054199219 35.11128819206293 2204.1522216796875 1054.1302490234375 3.0067312726320665 0.0 0.0 0.0 0.0
3880 3218.384521484375 463.88360595703125 34.860850307125716 2206.2755126953125 1054.1302490234375 3.8901334129306804 0.0 0.0 0.0 0.0
3897 3218.384521484375 463.88360595703125 34.860809766764554 2206.2755126953125 1054.1302490234375 3.8901334129306804 0.0 0.0 0.0 0.0
3898 3220.507568359375 461.76043701171875 34.61721636699782 2206.2755126953125 1052.007080078125 2.1331695289376498 0.0 0.0 0.0 0.0
3899 3220.507568359375 461.76043701171875 34.61721636699782 2208.3988037109375 1052.007080078125 3.0429007002636013 0.0 0.0 0.0 0.0
3913 3220.507568359375 461.76043701171875 34.61721636699782 2208.3988037109375 1052.007080078125 3.042855701546813 0.0 0.0 0.0 0.0
3914 3222.630859375 461.76043701171875 35.2937632548024 2210.5218505859375 1052.007080078125 3.925092014747406 0.0 0.0 0.0 0.0
3931 3222.630859375 459.6372375488281 34.35747972499832 2212.6451416015625 1052.007080078125 4.780715730778283 0.0 0.0 0.0 0.0
3932 3222.630859375 459.6372375488281 34.35747972499832 2212.6451416015625 1049.8838500976562 3.0095096362892733 0.0 0.0 0.0 0.0
3947 3224.754150390625 459.6372375488281 35.038208135754694 2212.6451416015625 1049.8838500976562 3.0095096362892733 0.0 0.0 0.0 0.0
3948 3226.877197265625 457.5140380859375 34.78973337552539 2214.7681884765625 1047.7606811523438 2.187841426164894 0.0 0.0 0.0 0.0
3963 3226.877197265625 455.390869140625 33.85946348869452 2214.7681884765625 1047.7606811523438 2.187841426164894 0.0 0.0 0.0 0.0
3964 3229.00048828125 455.390869140625 34.54824077537327 2216.8914794921875 1045.6375122070312 1.4186359579522048 0.0 0.0 0.0 0.0
3979 3229.00048828125 455.390869140625 34.54824077537327 2219.0147705078125 1043.5142822265625 0.6687861355646589 0.0 0.0 0.0 0.0
3980 3233.246826171875 453.2676696777344 34.98683312956042 2221.1378173828125 1043.5142822265625 1.6220834555966377 0.0 0.0 0.0 0.0
3996 3233.246826171875 453.2676696777344 34.98683312956042 2221.1378173828125 1041.39111328125 359.9030563714646 0.0 0.0 0.0 0.0
3997 3235.3701171875 451.14447021484375 34.73984353957852 2223.2611083984375 1039.2679443359375 359.1729576491296 0.0 0.0 0.0 0.0
4013 3235.3701171875 451.14447021484375 34.73984353957852 2225.3841552734375 1039.2679443359375 0.17018669769587547 0.0 0.0 0.0 0.0
4014 3237.4931640625 449.02130126953125 34.491590170613534 2225.3841552734375 1037.1447143554688 358.47667172820223 0.0 0.0 0.0 0.0
4030 3239.616455078125 446.8981018066406 34.25021979302306 2225.3841552734375 1037.1447143554688 358.47667172820223 0.0 0.0 0.0 0.0
4031 3241.739501953125 444.77490234375 34.00061997707417 2229.6304931640625 1035.0215454101562 358.84960599218766 0.0 0.0 0.0 0.0
4046 3243.86279296875 444.77490234375 34.68712362918272 2229.6304931640625 1035.0215454101562 358.84960599218766 0.0 0.0 0.0 0.0
4047 3245.98583984375 444.77490234375 35.362445692517134 2231.7537841796875 1032.8983764648438 358.23529616357024 0.0 0.0 0.0 0.0
4065 3248.109130859375 442.6517333984375 35.1049384399141 2236.0001220703125 1030.775146484375 358.6722678535936 0.0 0.0 0.0 0.0
4080 3250.232421875 440.5285339355469 34.84666275375355 2236.0001220703125 1030.775146484375 358.6722678535936 0.0 0.0 0.0 0.0
4081 3252.35546875 440.5285339355469 35.519349920255806 2240.2464599609375 1028.6519775390625 359.0773248348308 0.0 0.0 0.0 0.0
4097 3252.35546875 438.40533447265625 34.58033683973539 2240.2464599609375 1028.6519775390625 359.0773248348308 0.0 0.0 0.0 0.0
4098 3256.601806640625 436.28216552734375 34.99492471521411 2246.6160888671875 1026.52880859375 0.4419436817242399 0.0 0.0 0.0 0.0
4113 3256.601806640625 436.28216552734375 34.99492471521411 2248.7393798828125 1024.4055786132812 359.73634035195425 0.0 0.0 0.0 0.0
4114 3258.72509765625 434.1589660644531 34.724565984333644 2250.8624267578125 1024.4055786132812 0.7171219773786817 0.0 0.0 0.0 0.0
4130 3258.72509765625 434.1589660644531 34.724565984333644 2252.9857177734375 1024.4055786132812 1.6690543003193952 0.0 0.0 0.0 0.0
4131 3260.848388671875 432.0357666015625 34.461752624085236 2259.3553466796875 1024.4055786132812 4.357399133707446 0.0 0.0 0.0 0.0
4147 3262.971435546875 432.0357666015625 35.14069745539646 2259.3553466796875 1024.4055786132812 4.357399133707446 0.0 0.0 0.0 0.0
4148 3265.0947265625 429.91259765625 34.88939027614879 2267.8480224609375 1024.4055786132812 7.5746117938304565 0.0 0.0 0.0 0.0
4163 3265.0947265625 429.91259765625 34.88939027614879 2269.9710693359375 1024.4055786132812 8.317534314493173 0.0 0.0 0.0 0.0
4164 3267.2177734375 427.7893981933594 34.645071765158534 2274.2176513671875 1022.2824096679688 7.958784038639635 0.0 0.0 0.0 0.0
4181 3269.341064453125 425.66619873046875 34.38444393989448 2278.4639892578125 1022.2824096679688 9.397753175605985 0.0 0.0 0.0 0.0
4182 3269.341064453125 425.66619873046875 34.38444393989448 2282.7103271484375 1022.2824096679688 10.74739597374085 0.0 0.0 0.0 0.0
4197 3269.341064453125 425.66619873046875 34.38444393989448 2284.8336181640625 1022.2824096679688 11.390291988053619 0.0 0.0 0.0 0.0
4198 3271.464111328125 423.54302978515625 34.13109966988805 2291.2030029296875 1022.2824096679688 13.198120891205306 0.0 0.0 0.0 0.0
4213 3273.58740234375 423.54302978515625 34.81548044752098 2291.2030029296875 1022.2824096679688 13.198120891205306 0.0 0.0 0.0 0.0
4214 3275.710693359375 421.4198303222656 34.5651677593907 2297.5726318359375 1022.2824096679688 14.836967105787053 0.0 0.0 0.0 0.0
4229 3275.710693359375 421.4198303222656 34.5651677593907 2301.8189697265625 1022.2824096679688 15.842796780098354 0.0 0.0 0.0 0.0
4230 3277.833740234375 419.296630859375 34.321736316635764 2306.0653076171875 1020.1592407226562 14.925860882775353 0.0 0.0 0.0 0.0
4246 3279.95703125 419.296630859375 35.00303243595191 2306.0653076171875 1020.1592407226562 14.925860882775353 0.0 0.0 0.0 0.0
4247 3279.95703125 417.1734619140625 34.07019721609815 2312.4349365234375 1020.1592407226562 16.40181172187323 0.0 0.0 0.0 0.0
4263 3282.080078125 417.1734619140625 34.75547890500223 2312.4349365234375 1020.1592407226562 16.40181172187323 0.0 0.0 0.0 0.0
4264 3282.080078125 415.0502624511719 33.82564433498619 2320.9276123046875 1018.0360107421875 16.471595832528052 0.0 0.0 0.0 0.0
4280 3284.203369140625 415.0502624511719 34.51497156592418 2320.9276123046875 1018.0360107421875 16.471595832528052 0.0 0.0 0.0 0.0
4281 3284.203369140625 412.92706298828125 33.58803932383353 2327.2972412109375 1015.912841796875 16.002640885825045 0.0 0.0 0.0 0.0
4296 3286.32666015625 412.92706298828125 34.28118241525824 2327.2972412109375 1015.912841796875 16.002640885825045 0.0 0.0 0.0 0.0
4297 3286.32666015625 412.92706298828125 34.28118241525824 2333.6668701171875 1015.912841796875 17.376527225184546 0.0 0.0 0.0 0.0
4298 3288.44970703125 410.80389404296875 34.04559644769704 2333.6668701171875 1015.912841796875 17.376527225184546 0.0 0.0 0.0 0.0
4314 3290.572998046875 408.6806945800781 33.81657498902069 2337.9132080078125 1015.912841796875 18.21896133533636 0.0 0.0 0.0 0.0
4315 3290.572998046875 408.6806945800781 33.81657498902069 2342.1595458984375 1015.912841796875 19.00688545424873 0.0 0.0 0.0 0.0
4330 3290.572998046875 408.6806945800781 33.81657498902069 2344.2828369140625 1015.912841796875 19.38151186777843 0.0 0.0 0.0 0.0
4331 3292.696044921875 408.6806945800781 34.505950796185516 2348.5291748046875 1015.912841796875 20.093972178804975 0.0 0.0 0.0 0.0
4347 3292.696044921875 406.5574951171875 33.57911277177675 2348.5291748046875 1015.912841796875 20.093972178804975 0.0 0.0 0.0 0.0
4348 3292.696044921875 406.5574951171875 33.57911277177675 2354.8988037109375 1015.912841796875 21.076631614181366 0.0 0.0 0.0 0.0
4363 3294.8193359375 406.5574951171875 34.27243624692468 2354.8988037109375 1015.912841796875 21.076631614181366 0.0 0.0 0.0 0.0
4364 3294.8193359375 406.5574951171875 34.27243624692468 2365.5147705078125 1018.0360107421875 24.229521375056876 0.0 0.0 0.0 0.0
4380 3294.8193359375 404.434326171875 33.34844980282638 2365.5147705078125 1018.0360107421875 24.229521375056876 0.0 0.0 0.0 0.0
4381 3294.8193359375 404.434326171875 33.34844980282638 2367.6378173828125 1015.912841796875 22.52390819669145 0.0 0.0 0.0 0.0
4397 3294.8193359375 404.434326171875 33.34844980282638 2369.7611083984375 1015.912841796875 22.781892775340964 0.0 0.0 0.0 0.0
4398 3296.9423828125 404.434326171875 34.04534742057648 2374.0074462890625 1015.912841796875 23.344975755033587 0.0 0.0 0.0 0.0
4413 3296.9423828125 404.434326171875 34.04534742057648 2376.1307373046875 1015.912841796875 23.57555278501475 0.0 0.0 0.0 0.0
4414 3296.9423828125 402.3111267089844 33.124127123974844 2378.2537841796875 1015.912841796875 23.798392907227807 0.0 0.0 0.0 0.0
4430 3296.9423828125 402.3111267089844 33.124127123974844 2380.3770751953125 1015.912841796875 24.01384499692847 0.0 0.0 0.0 0.0
4431 3299.065673828125 402.3111267089844 33.824706092202454 2384.6234130859375 1013.7896728515625 22.580197967817227 0.0 0.0 0.0 0.0
4446 3301.18896484375 402.3111267089844 34.514062534129174 2384.6234130859375 1013.7896728515625 22.580197967817227 0.0 0.0 0.0 0.0
4447 3301.18896484375 402.3111267089844 34.514062534129174 2388.8697509765625 1013.7896728515625 23.083783950901804 0.0 0.0 0.0 0.0
4464 3303.31201171875 400.18792724609375 34.280221435973424 2390.9930419921875 1013.7896728515625 23.323067947712886 0.0 0.0 0.0 0.0
4465 3303.31201171875 400.18792724609375 34.280221435973424 2393.1160888671875 1013.7896728515625 23.55433436789974 0.0 0.0 0.0 0.0
4480 3303.31201171875 400.18792724609375 34.280221435973424 2395.2393798828125 1013.7896728515625 23.77793566245387 0.0 0.0 0.0 0.0
4481 3305.435302734375 400.18792724609375 34.962231474847854 2397.3624267578125 1013.7896728515625 23.99405414529045 0.0 0.0 0.0 0.0
4496 3305.435302734375 400.18792724609375 34.962231474847854 2399.4857177734375 1011.6664428710938 22.296206861616 0.0 0.0 0.0 0.0
4497 3307.558349609375 400.18792724609375 35.63306897759169 2401.6090087890625 1011.6664428710938 22.561745589137672 0.0 0.0 0.0 0.0
4513 3307.558349609375 400.18792724609375 35.63306897759169 2403.7320556640625 1011.6664428710938 22.818434796928656 0.0 0.0 0.0 0.0
4514 3309.681640625 400.18792724609375 36.292929291341004 2410.1016845703125 1013.7896728515625 25.39210717157404 0.0 0.0 0.0 0.0
4529 3311.804931640625 400.18792724609375 36.941952731485166 2410.1016845703125 1013.7896728515625 25.39210717157404 0.0 0.0 0.0 0.0
4530 3313.927978515625 400.18792724609375 37.58006125223837 2416.4713134765625 1013.7896728515625 25.86244713481196 0.0 0.0 0.0 0.0
4547 3316.05126953125 400.18792724609375 38.20753547967045 2416.4713134765625 1013.7896728515625 25.86244713481196 0.0 0.0 0.0 0.0
4548 3318.17431640625 400.18792724609375 38.82436237896924 2422.8406982421875 1013.7896728515625 26.28703257069334 0.0 0.0 0.0 0.0
4563 3320.297607421875 400.18792724609375 39.43074055771163 2424.9639892578125 1013.7896728515625 26.41921267350061 0.0 0.0 0.0 0.0
4581 3322.420654296875 398.06475830078125 39.053806277830546 2429.2103271484375 1013.7896728515625 26.670420818133735 0.0 0.0 0.0 0.0
4582 3326.667236328125 398.06475830078125 40.24846117505432 2435.5799560546875 1013.7896728515625 27.012868113879264 0.0 0.0 0.0 0.0
4597 3328.790283203125 398.06475830078125 40.83031029860216 2435.5799560546875 1013.7896728515625 27.012868113879264 0.0 0.0 0.0 0.0
4598 3333.03662109375 398.06475830078125 41.96396582986789 2441.9495849609375 1013.7896728515625 27.322370427542637 0.0 0.0 0.0 0.0
4599 3333.03662109375 398.06475830078125 41.96396582986789 2444.0726318359375 1013.7896728515625 27.419793596202098 0.0 0.0 0.0 0.0
4613 3335.159912109375 398.06475830078125 42.51597563102785 2444.0726318359375 1013.7896728515625 27.419793596202098 0.0 0.0 0.0 0.0
4614 3337.282958984375 395.9415588378906 42.06098728832274 2450.4422607421875 1013.7896728515625 27.69291041491718 0.0 0.0 0.0 0.0
4629 3337.282958984375 395.9415588378906 42.06098728832274 2452.5655517578125 1013.7896728515625 27.777923317852526 0.0 0.0 0.0 0.0
4630 3341.529541015625 395.9415588378906 43.15192232741612 2458.9349365234375 1013.7896728515625 28.016227742480353 0.0 0.0 0.0 0.0
4646 3343.652587890625 395.9415588378906 43.682880818474025 2461.0582275390625 1013.7896728515625 28.090375919513775 0.0 0.0 0.0 0.0
4647 3345.77587890625 395.9415588378906 44.20446898516049 2467.4278564453125 1011.6664428710938 26.37776202549 0.0 0.0 0.0 0.0
4663 3345.77587890625 395.9415588378906 44.20446898516049 2469.5509033203125 1011.6664428710938 26.50686939885877 0.0 0.0 0.0 0.0
4664 3347.89892578125 393.818359375 43.703745374376645 2473.7972412109375 1011.6664428710938 26.752306102367015 0.0 0.0 0.0 0.0
4680 3347.89892578125 393.818359375 43.703745374376645 2475.9205322265625 1011.6664428710938 26.86887999802174 0.0 0.0 0.0 0.0
4681 3350.022216796875 393.818359375 44.2249609782344 2480.1668701171875 1009.5432739257812 25.23799901600742 0.0 0.0 0.0 0.0
4696 3350.022216796875 393.818359375 44.2249609782344 2482.2901611328125 1007.4201049804688 23.493628972754962 0.0 0.0 0.0 0.0
4697 3352.1455078125 393.818359375 44.73685604720583 2484.4132080078125 1007.4201049804688 23.71924361002229 0.0 0.0 0.0 0.0
4714 3352.1455078125 393.818359375 44.73685604720583 2488.6597900390625 1005.296875 22.24278434069157 0.0 0.0 0.0 0.0
4715 3352.1455078125 393.818359375 44.73685604720583 2490.7828369140625 1005.296875 22.510041255973334 0.0 0.0 0.0 0.0
4730 3354.2685546875 393.818359375 45.23946707681873 2490.7828369140625 1005.296875 22.510041255973334 0.0 0.0 0.0 0.0
4731 3354.2685546875 393.818359375 45.23946707681873 2495.0291748046875 1001.050537109375 19.22672550303598 0.0 0.0 0.0 0.0
4746 3356.391845703125 393.818359375 45.73307798473813 2497.1524658203125 1001.050537109375 19.594118805639482 0.0 0.0 0.0 0.0
4747 3356.391845703125 393.818359375 45.73305355353243 2501.3988037109375 998.9273071289062 18.41050183541597 0.0 0.0 0.0 0.0
4763 3356.391845703125 393.818359375 45.73305355353243 2503.5220947265625 998.9273071289062 18.804780301913937 0.0 0.0 0.0 0.0
4764 3358.514892578125 391.6951904296875 45.16819138187556 2505.6451416015625 996.8041381835938 17.311961961826796 0.0 0.0 0.0 0.0
4780 3358.514892578125 391.6951904296875 45.16819138187556 2509.8914794921875 994.6809692382812 16.289121424084243 0.0 0.0 0.0 0.0
4781 3358.514892578125 391.6951904296875 45.16819138187556 2509.8914794921875 994.6809692382812 16.289107962374416 0.0 0.0 0.0 0.0
4796 3358.514892578125 393.818359375 46.226788636882375 2509.8914794921875 994.6809692382812 16.289107962374416 0.0 0.0 0.0 0.0
4797 3358.514892578125 391.6951904296875 45.17726022702304 2514.1380615234375 992.5577392578125 15.339892796943118 0.0 0.0 0.0 0.0
4813 3360.63818359375 391.6951904296875 45.67203379574657 2514.1380615234375 992.5577392578125 15.339892796943118 0.0 0.0 0.0 0.0
4814 3360.63818359375 391.6951904296875 45.67203379574657 2518.3843994140625 990.4345703125 14.397373880301288 0.0 0.0 0.0 0.0
4831 3362.76123046875 391.6951904296875 46.1578028479307 2520.5074462890625 990.4345703125 14.92287052349893 0.0 0.0 0.0 0.0
4832 3362.76123046875 391.6951904296875 46.1578028479307 2522.6307373046875 990.4345703125 15.431345569738355 0.0 0.0 0.0 0.0
4847 3362.76123046875 391.6951904296875 46.1578028479307 2524.7537841796875 988.3114013671875 14.072506387337 0.0 0.0 0.0 0.0
4848 3362.76123046875 391.6951904296875 46.1578028479307 2529.0003662109375 988.3114013671875 15.127250869449071 0.0 0.0 0.0 0.0
4863 3364.884521484375 391.6951904296875 46.63478283411473 2529.0003662109375 988.3114013671875 15.127250869449071 0.0 0.0 0.0 0.0
4864 3364.884521484375 391.6951904296875 46.63478283411473 2531.1234130859375 986.1881713867188 13.786113533391074 0.0 0.0 0.0 0.0
4879 3364.884521484375 391.6951904296875 46.63478283411473 2533.2467041015625 986.1881713867188 14.331447003176464 0.0 0.0 0.0 0.0
4880 3367.0078125 391.6951904296875 47.10304980134063 2537.4930419921875 984.0650024414062 13.593898346855966 0.0 0.0 0.0 0.0
4896 3367.0078125 391.6951904296875 47.10303448149986 2537.4930419921875 984.0650024414062 13.593898346855966 0.0 0.0 0.0 0.0
4897 3369.130859375 391.6951904296875 47.56267970523315 2541.7393798828125 981.9418334960938 12.904345290867752 0.0 0.0 0.0 0.0
4913 3369.130859375 391.6951904296875 47.56267970523315 2543.8626708984375 981.9418334960938 13.478164608285695 0.0 0.0 0.0 0.0
4914 3371.254150390625 391.6951904296875 48.01397646892231 2545.9857177734375 981.9418334960938 14.03337732624179 0.0 0.0 0.0 0.0
4930 3371.254150390625 391.6951904296875 48.01397646892231 2548.1090087890625 981.9418334960938 14.570706612997654 0.0 0.0 0.0 0.0
4931 3373.377197265625 391.6951904296875 48.456880275558404 2552.3553466796875 979.818603515625 13.810199113776775 0.0 0.0 0.0 0.0
4946 3373.377197265625 389.5719909667969 47.3886347230483 2552.3553466796875 979.818603515625 13.810199113776775 0.0 0.0 0.0 0.0
4947 3373.377197265625 389.5719909667969 47.38859696049508 2554.4786376953125 979.818603515625 14.354790765006229 0.0 0.0 0.0 0.0
4948 3373.377197265625 389.5719909667969 47.38859696049508 2556.6016845703125 977.6954345703125 13.046232830448787 0.0 0.0 0.0 0.0
4964 3375.50048828125 389.5719909667969 47.8430554018467 2558.7249755859375 977.6954345703125 13.615421078267033 0.0 0.0 0.0 0.0
4965 3375.50048828125 389.5719909667969 47.84305656681184 2560.8480224609375 975.572265625 12.33210508933422 0.0 0.0 0.0 0.0
4981 3375.50048828125 389.5719909667969 47.84305656681184 2565.0946044921875 973.4490356445312 11.670107372308308 0.0 0.0 0.0 0.0
4982 3375.50048828125 389.5719909667969 47.84305656681184 2567.2176513671875 973.4490356445312 12.28349989299177 0.0 0.0 0.0 0.0
4996 3377.623779296875 389.5719909667969 48.28917041640996 2569.3409423828125 971.3258666992188 11.056393979682625 0.0 0.0 0.0 0.0
4997 3377.623779296875 389.5719909667969 48.28917788093443 2571.4639892578125 969.2026977539062 9.822622668999514 0.0 0.0 0.0 0.0
5013 3377.623779296875 389.5719909667969 48.28917788093443 2571.4639892578125 969.2026977539062 9.822622668999514 0.0 0.0 0.0 0.0
5014 3377.623779296875 389.5719909667969 48.28917788093443 2577.8336181640625 967.0794677734375 10.031363678209473 0.0 0.0 0.0 0.0
5030 3377.623779296875 389.5719909667969 48.28917788093443 2577.8336181640625 964.956298828125 8.185347362084016 0.0 0.0 0.0 0.0
5031 3377.623779296875 389.5719909667969 48.28917788093443 2582.0799560546875 962.8331298828125 7.7696387097292785 0.0 0.0 0.0 0.0
5047 3377.623779296875 389.5719909667969 48.28917788093443 2584.2032470703125 960.7098999023438 6.7369369839579605 0.0 0.0 0.0 0.0
5048 3377.623779296875 389.5719909667969 48.28917788093443 2588.4495849609375 958.5867309570312 6.549200499845469 0.0 0.0 0.0 0.0
5063 3377.623779296875 389.5719909667969 48.28917788093443 2588.4495849609375 956.4635620117188 4.751297001777985 0.0 0.0 0.0 0.0
5064 3377.623779296875 389.5719909667969 48.28917788093443 2592.6959228515625 954.34033203125 4.64512498870657 0.0 0.0 0.0 0.0
5081 3377.623779296875 389.5719909667969 48.28917788093443 2596.9422607421875 950.093994140625 2.8427219462166846 0.0 0.0 0.0 0.0
5082 3377.623779296875 389.5719909667969 48.28917788093443 2599.0655517578125 950.093994140625 3.73112886367268 0.0 0.0 0.0 0.0
5099 3377.623779296875 389.5719909667969 48.28917788093443 2601.1885986328125 945.8475952148438 1.1365880388526008 0.0 0.0 0.0 0.0
5100 3377.623779296875 389.5719909667969 48.28917788093443 2603.3118896484375 943.7244262695312 0.34923057926486223 0.0 0.0 0.0 0.0
5113 3377.623779296875 389.5719909667969 48.28917788093443 2605.4351806640625 943.7244262695312 1.3120303603067995 0.0 0.0 0.0 0.0
5114 3377.623779296875 389.5719909667969 48.28917788093443 2609.6815185546875 939.47802734375 359.80736230187233 0.0 0.0 0.0 0.0
5115 3377.623779296875 389.5719909667969 48.28917788093443 2611.8045654296875 939.47802734375 0.7860568178358136 0.0 0.0 0.0 0.0
5129 3377.623779296875 389.5719909667969 48.28917788093443 2613.9278564453125 937.3548583984375 0.08159772973154844 0.0 0.0 0.0 0.0
5130 3377.623779296875 389.5719909667969 48.28917788093443 2618.1741943359375 933.1084594726562 358.7509645818968 0.0 0.0 0.0 0.0
5146 3377.623779296875 389.5719909667969 48.28917788093443 2620.2974853515625 930.9852905273438 358.12241951456514 0.0 0.0 0.0 0.0
5147 3377.623779296875 389.5719909667969 48.28917788093443 2622.4205322265625 928.862060546875 357.47510223532066 0.0 0.0 0.0 0.0
5163 3377.623779296875 389.5719909667969 48.28917788093443 2624.5438232421875 928.862060546875 358.521599818177 0.0 0.0 0.0 0.0
5164 3377.623779296875 389.5719909667969 48.28917788093443 2628.7901611328125 924.61572265625 357.33186134248194 0.0 0.0 0.0 0.0
5180 3377.623779296875 389.5719909667969 48.28917788093443 2633.0364990234375 922.4924926757812 357.8350228112819 0.0 0.0 0.0 0.0
5181 3377.623779296875 389.5719909667969 48.28917788093443 2633.0364990234375 920.3693237304688 356.1848047484031 0.0 0.0 0.0 0.0
5196 3377.623779296875 389.5719909667969 48.28917788093443 2635.1597900390625 920.3693237304688 357.26818148306063 0.0 0.0 0.0 0.0
5197 3377.623779296875 389.5719909667969 48.28917788093443 2637.2828369140625 918.2461547851562 356.7277781041331 0.0 0.0 0.0 0.0
5214 3377.623779296875 391.6951904296875 49.372810484576746 2639.4061279296875 916.1229248046875 356.1920248155456 0.0 0.0 0.0 0.0
5215 3377.623779296875 391.6951904296875 49.372810484576746 2641.5294189453125 913.999755859375 355.68095772787353 0.0 0.0 0.0 0.0
5230 3377.623779296875 391.6951904296875 49.372810484576746 2643.6524658203125 911.8765869140625 355.19337422827084 0.0 0.0 0.0 0.0
5231 3377.623779296875 391.6951904296875 49.372810484576746 2645.7757568359375 909.7533569335938 354.6840806728062 0.0 0.0 0.0 0.0
5246 3377.623779296875 391.6951904296875 49.372810484576746 2647.8988037109375 909.7533569335938 355.80945695908946 0.0 0.0 0.0 0.0
5247 3377.623779296875 391.6951904296875 49.372810484576746 2650.0220947265625 907.6301879882812 355.33788434910844 0.0 0.0 0.0 0.0
5263 3377.623779296875 391.6951904296875 49.372810484576746 2650.0220947265625 905.5070190429688 353.7367827163474 0.0 0.0 0.0 0.0
5264 3377.623779296875 391.6951904296875 49.372810484576746 2654.2684326171875 903.3837890625 354.4603661630524 0.0 0.0 0.0 0.0
5280 3377.623779296875 391.6951904296875 49.372810484576746 2654.2684326171875 901.2606201171875 352.8772178979547 0.0 0.0 0.0 0.0
5281 3377.623779296875 391.6951904296875 49.372810484576746 2656.3917236328125 899.137451171875 352.47792049724393 0.0 0.0 0.0 0.0
5296 3377.623779296875 391.6951904296875 49.372810484576746 2658.5147705078125 899.137451171875 353.66406323808224 0.0 0.0 0.0 0.0
5297 3377.623779296875 391.6951904296875 49.372810484576746 2660.6380615234375 897.0142211914062 353.27005170353783 0.0 0.0 0.0 0.0
5313 3377.623779296875 391.6951904296875 49.372810484576746 2662.7611083984375 894.8910522460938 352.894154292953 0.0 0.0 0.0 0.0
5314 3377.623779296875 391.6951904296875 49.372810484576746 2664.8843994140625 894.8910522460938 354.06915691873957 0.0 0.0 0.0 0.0
5331 3377.623779296875 391.6951904296875 49.372810484576746 2667.0076904296875 890.6446533203125 352.1129850611341 0.0 0.0 0.0 0.0
5348 3377.623779296875 391.6951904296875 49.372810484576746 2671.2540283203125 888.521484375 352.93140351176976 0.0 0.0 0.0 0.0
5363 3377.623779296875 391.6951904296875 49.372810484576746 2671.2540283203125 888.521484375 352.93140351176976 0.0 0.0 0.0 0.0
5364 3377.623779296875 391.6951904296875 49.372810484576746 2673.3770751953125 886.3983154296875 352.571192603592 0.0 0.0 0.0 0.0
5380 3377.623779296875 391.6951904296875 49.372810484576746 2675.5003662109375 886.3983154296875 353.7549084787198 0.0 0.0 0.0 0.0
5381 3377.623779296875 391.6951904296875 49.372810484576746 2675.5003662109375 884.2750854492188 352.1863793599036 0.0 0.0 0.0 0.0
5396 3377.623779296875 391.6951904296875 49.372810484576746 2677.6234130859375 884.2750854492188 353.3804402120746 0.0 0.0 0.0 0.0
5397 3377.623779296875 391.6951904296875 49.372810484576746 2679.7467041015625 882.1519165039062 353.0237904417336 0.0 0.0 0.0 0.0
5413 3377.623779296875 391.6951904296875 49.372810484576746 2679.7467041015625 880.0287475585938 351.47081359014686 0.0 0.0 0.0 0.0
5414 3377.623779296875 391.6951904296875 49.372810484576746 2681.8699951171875 880.0287475585938 352.6842911656086 0.0 0.0 0.0 0.0
5430 3377.623779296875 391.6951904296875 49.372810484576746 2681.8699951171875 877.905517578125 351.1385400903468 0.0 0.0 0.0 0.0
5431 3377.623779296875 389.5719909667969 48.297372324938166 2683.9930419921875 877.905517578125 352.3607357796427 0.0 0.0 0.0 0.0
5447 3377.623779296875 391.6951904296875 49.38102572330942 2683.9930419921875 877.905517578125 352.3607357796427 0.0 0.0 0.0 0.0
5463 3377.623779296875 391.6951904296875 49.38102572330942 2686.1163330078125 875.7823486328125 352.02722247068766 0.0 0.0 0.0 0.0
5464 3377.623779296875 391.6951904296875 49.381004811959215 2690.3626708984375 873.6591796875 352.9161789182984 0.0 0.0 0.0 0.0
5481 3377.623779296875 391.6951904296875 49.38098923670634 2692.4859619140625 871.5359497070312 352.5817310040826 0.0 0.0 0.0 0.0
5482 3377.623779296875 391.6951904296875 49.38098923670634 2694.6090087890625 869.4127807617188 352.2630607522274 0.0 0.0 0.0 0.0
5497 3377.623779296875 389.5719909667969 48.30547167170808 2694.6090087890625 869.4127807617188 352.2630607522274 0.0 0.0 0.0 0.0
5498 3377.623779296875 391.6951904296875 49.389240179680186 2696.7322998046875 867.2896118164062 351.9339970780147 0.0 0.0 0.0 0.0
5499 3377.623779296875 391.6951904296875 49.38924806612425 2698.8553466796875 865.1663818359375 351.5793642771964 0.0 0.0 0.0 0.0
5513 3377.623779296875 391.6951904296875 49.389263642240834 2698.8553466796875 865.1663818359375 351.5793642771964 0.0 0.0 0.0 0.0
5514 3377.623779296875 391.6951904296875 49.389263642240834 2703.1016845703125 863.043212890625 352.4614492359707 0.0 0.0 0.0 0.0
5530 3377.623779296875 391.6951904296875 49.389263642240834 2705.2249755859375 860.9200439453125 352.12329635607534 0.0 0.0 0.0 0.0
5531 3377.623779296875 391.6951904296875 49.389263642240834 2709.4713134765625 858.7968139648438 353.00524602382285 0.0 0.0 0.0 0.0
5546 3377.623779296875 391.6951904296875 49.389263642240834 2711.5946044921875 856.6736450195312 352.66654378206573 0.0 0.0 0.0 0.0
5547 3377.623779296875 391.6951904296875 49.389263642240834 2713.7176513671875 852.42724609375 350.8052620807194 0.0 0.0 0.0 0.0
5563 3377.623779296875 391.6951904296875 49.389263642240834 2715.8409423828125 852.42724609375 352.03645221207233 0.0 0.0 0.0 0.0
5564 3377.623779296875 391.6951904296875 49.389263642240834 2720.0872802734375 848.180908203125 351.4143441174974 0.0 0.0 0.0 0.0
5580 3377.623779296875 391.6951904296875 49.389263642240834 2722.2105712890625 848.180908203125 352.62935644923493 0.0 0.0 0.0 0.0
5581 3377.623779296875 391.6951904296875 49.389263642240834 2726.4569091796875 841.8113403320312 350.4467681888368 0.0 0.0 0.0 0.0
5596 3377.623779296875 391.6951904296875 49.389263642240834 2728.5799560546875 841.8113403320312 351.68735199473144 0.0 0.0 0.0 0.0
5597 3377.623779296875 391.6951904296875 49.389263642240834 2732.8265380859375 837.56494140625 351.05702135323156 0.0 0.0 0.0 0.0
5614 3377.623779296875 391.6951904296875 49.389263642240834 2737.0728759765625 833.3185424804688 350.5241446043322 0.0 0.0 0.0 0.0
5615 3377.623779296875 391.6951904296875 49.389263642240834 2741.3192138671875 831.1953735351562 351.45697849220846 0.0 0.0 0.0 0.0
5630 3377.623779296875 391.6951904296875 49.389263642240834 2743.4425048828125 831.1953735351562 352.6707802071018 0.0 0.0 0.0 0.0
5631 3377.623779296875 391.6951904296875 49.389263642240834 2745.5655517578125 826.948974609375 350.8491960525122 0.0 0.0 0.0 0.0
5632 3377.623779296875 391.6951904296875 49.389263642240834 2747.6888427734375 824.8258056640625 350.5464688748163 0.0 0.0 0.0 0.0
5646 3377.623779296875 391.6951904296875 49.389263642240834 2751.9351806640625 822.70263671875 351.47786113287736 0.0 0.0 0.0 0.0
5647 3377.623779296875 391.6951904296875 49.389263642240834 2754.0582275390625 820.5794067382812 351.1852809158654 0.0 0.0 0.0 0.0
5663 3377.623779296875 391.6951904296875 49.389263642240834 2756.1815185546875 818.4562377929688 350.9065245271128 0.0 0.0 0.0 0.0
5664 3377.623779296875 391.6951904296875 49.389263642240834 2762.5511474609375 814.2098388671875 351.5284819808 0.0 0.0 0.0 0.0
5680 3377.623779296875 391.6951904296875 49.389263642240834 2764.6741943359375 812.086669921875 351.23364231427365 0.0 0.0 0.0 0.0
5681 3377.623779296875 391.6951904296875 49.381227923691085 2768.9207763671875 807.84033203125 350.68482844885415 0.0 0.0 0.0 0.0
5696 3377.623779296875 391.6951904296875 49.381227923691085 2771.0438232421875 805.7171020507812 350.42925706007804 0.0 0.0 0.0 0.0
5697 3375.50048828125 391.6951904296875 48.94751247638425 2775.2901611328125 803.5939331054688 351.39521978943395 0.0 0.0 0.0 0.0
5713 3375.50048828125 391.6951904296875 48.94751247638425 2777.4134521484375 801.4707641601562 351.1066559449268 0.0 0.0 0.0 0.0
5714 3377.623779296875 391.6951904296875 49.373183308656294 2781.6597900390625 797.224365234375 350.59475969354224 0.0 0.0 0.0 0.0
5731 3377.623779296875 391.6951904296875 49.373183308656294 2788.0294189453125 792.9779663085938 351.2894273075966 0.0 0.0 0.0 0.0
5732 3377.623779296875 391.6951904296875 49.373183308656294 2790.1524658203125 790.8547973632812 351.00568902267645 0.0 0.0 0.0 0.0
5748 3377.623779296875 391.6951904296875 49.365123384445596 2794.3988037109375 788.7316284179688 351.96826534882297 0.0 0.0 0.0 0.0
5749 3377.623779296875 391.6951904296875 49.365123384445596 2798.6453857421875 784.4852294921875 351.44162682536876 0.0 0.0 0.0 0.0
5763 3377.623779296875 391.6951904296875 49.365123384445596 2800.7684326171875 782.362060546875 351.1507704726576 0.0 0.0 0.0 0.0
5764 3377.623779296875 391.6951904296875 49.365123384445596 2802.8917236328125 780.2388305664062 350.90034256849214 0.0 0.0 0.0 0.0
5780 3377.623779296875 391.6951904296875 49.365123384445596 2805.0147705078125 778.1156616210938 350.6347843941302 0.0 0.0 0.0 0.0
5781 3375.50048828125 391.6951904296875 48.93109459417808 2809.2613525390625 773.8692626953125 350.10145887095126 0.0 0.0 0.0 0.0
5796 3375.50048828125 391.6951904296875 48.93109459417808 2811.3843994140625 773.8692626953125 351.3511889216111 0.0 0.0 0.0 0.0
5797 3375.50048828125 391.6951904296875 48.93109459417808 2815.6307373046875 769.6229248046875 350.7915185076026 0.0 0.0 0.0 0.0
5813 3377.623779296875 391.6951904296875 49.357111511430574 2815.6307373046875 769.6229248046875 350.7915185076026 0.0 0.0 0.0 0.0
5814 3377.623779296875 391.6951904296875 49.357111511430574 2822.0003662109375 765.3765258789062 351.45287523472996 0.0 0.0 0.0 0.0
5830 3377.623779296875 391.6951904296875 49.357111511430574 2824.1236572265625 763.2533569335938 351.1616561067976 0.0 0.0 0.0 0.0
5831 3377.623779296875 391.6951904296875 49.357111511430574 2828.3699951171875 759.0069580078125 350.5794510322213 0.0 0.0 0.0 0.0
5846 3377.623779296875 391.6951904296875 49.357111511430574 2830.4930419921875 759.0069580078125 351.8165777329077 0.0 0.0 0.0 0.0
5847 3377.623779296875 391.6951904296875 49.357111511430574 2832.6163330078125 754.7605590820312 350.01367015894317 0.0 0.0 0.0 0.0
5864 3375.50048828125 391.6951904296875 48.922917329380454 2834.7396240234375 752.6373901367188 349.75103030335794 0.0 0.0 0.0 0.0
5865 3377.623779296875 391.6951904296875 49.34906684347426 2838.9859619140625 750.5142211914062 350.7394022537404 0.0 0.0 0.0 0.0
5880 3377.623779296875 391.6951904296875 49.34906684347426 2841.1090087890625 750.5142211914062 351.97232892426797 0.0 0.0 0.0 0.0
5881 3375.50048828125 391.6951904296875 48.91472425560781 2843.2322998046875 746.267822265625 350.1586777389441 0.0 0.0 0.0 0.0
5896 3375.50048828125 391.6951904296875 48.9147246651564 2845.3553466796875 746.267822265625 351.4069218431673 0.0 0.0 0.0 0.0
5897 3375.50048828125 391.6951904296875 48.9147246651564 2847.4786376953125 744.1446533203125 351.14425592628237 0.0 0.0 0.0 0.0
5913 3375.50048828125 391.6951904296875 48.9147246651564 2847.4786376953125 744.1446533203125 351.14425592628237 0.0 0.0 0.0 0.0
5914 3375.50048828125 391.6951904296875 48.9147246651564 2851.7249755859375 739.8982543945312 350.6034103181724 0.0 0.0 0.0 0.0
5929 3375.50048828125 391.6951904296875 48.9147246651564 2853.8482666015625 737.7750854492188 350.31242383891305 0.0 0.0 0.0 0.0
5930 3375.50048828125 391.6951904296875 48.9147246651564 2855.9713134765625 737.7750854492188 351.55668581696665 0.0 0.0 0.0 0.0
5946 3375.50048828125 391.6951904296875 48.9147246651564 2855.9713134765625 735.65185546875 350.03536661688264 0.0 0.0 0.0 0.0
5947 3377.623779296875 391.6951904296875 49.34102215221746 2860.2178955078125 733.5286865234375 351.00360361805355 0.0 0.0 0.0 0.0
5963 3377.623779296875 391.6951904296875 49.34102215221746 2862.3409423828125 731.405517578125 350.733142621688 0.0 0.0 0.0 0.0
5964 3377.623779296875 391.6951904296875 49.34102215221746 2864.4642333984375 729.2822875976562 350.47541498701065 0.0 0.0 0.0 0.0
5981 3375.50048828125 391.6951904296875 48.90651537597283 2868.7105712890625 727.1591186523438 351.4378742376821 0.0 0.0 0.0 0.0
5982 3375.50048828125 391.6951904296875 48.90651537597283 2870.8336181640625 725.0359497070312 351.1472336553535 0.0 0.0 0.0 0.0
5997 3375.50048828125 391.6951904296875 48.90651537597283 2872.9569091796875 722.9127197265625 350.8702152235759 0.0 0.0 0.0 0.0
5998 3375.50048828125 391.6951904296875 48.90651537597283 2875.0802001953125 720.78955078125 350.60612135136125 0.0 0.0 0.0 0.0
6013 3375.50048828125 391.6951904296875 48.90651537597283 2877.2032470703125 718.6663818359375 350.3542561435438 0.0 0.0 0.0 0.0
6014 3375.50048828125 391.6951904296875 48.90651537597283 2881.4495849609375 716.5431518554688 351.2993818416316 0.0 0.0 0.0 0.0
6029 3375.50048828125 391.6951904296875 48.90651537597283 2883.5728759765625 714.4199829101562 351.0153997355773 0.0 0.0 0.0 0.0
6030 3375.50048828125 391.6951904296875 48.90651537597283 2885.6961669921875 712.2968139648438 350.7446012019222 0.0 0.0 0.0 0.0
6046 3375.50048828125 391.6951904296875 48.90651537597283 2887.8192138671875 710.173583984375 350.48624550162765 0.0 0.0 0.0 0.0
6047 3375.50048828125 391.6951904296875 48.9065121525836 2892.0655517578125 708.0504150390625 351.4481387617582 0.0 0.0 0.0 0.0
6063 3375.50048828125 391.6951904296875 48.9065121525836 2892.0655517578125 708.0504150390625 351.4481387617582 0.0 0.0 0.0 0.0
6064 3375.50048828125 391.6951904296875 48.89830651546558 2896.3118896484375 703.8040161132812 350.87960735538525 0.0 0.0 0.0 0.0
6080 3375.50048828125 391.6951904296875 48.89830651546558 2898.4351806640625 701.6808471679688 350.61507934582136 0.0 0.0 0.0 0.0
6081 3375.50048828125 391.6951904296875 48.89830651546558 2902.6815185546875 697.4344482421875 350.0834050600098 0.0 0.0 0.0 0.0
6096 3375.50048828125 391.6951904296875 48.89830651546558 2904.8048095703125 697.4344482421875 351.3337315866131 0.0 0.0 0.0 0.0
6097 3375.50048828125 391.6951904296875 48.89830651546558 2906.9278564453125 695.311279296875 351.07455720302204 0.0 0.0 0.0 0.0
6114 3375.50048828125 391.6951904296875 48.89830651546558 2911.1744384765625 693.1881103515625 352.0322575583701 0.0 0.0 0.0 0.0
6115 3375.50048828125 391.6951904296875 48.89830651546558 2913.2974853515625 691.0648803710938 351.73980604553753 0.0 0.0 0.0 0.0
6130 3375.50048828125 391.6951904296875 48.89830651546558 2913.2974853515625 688.9417114257812 350.21442267216645 0.0 0.0 0.0 0.0
6131 3375.50048828125 391.6951904296875 48.89829963571516 2917.5438232421875 686.8185424804688 351.16959817805537 0.0 0.0 0.0 0.0
6146 3375.50048828125 391.6951904296875 48.89829963571516 2919.6671142578125 684.6953125 350.89158382731404 0.0 0.0 0.0 0.0
6147 3375.50048828125 391.6951904296875 48.89829963571516 2921.7901611328125 682.5721435546875 350.6264410421739 0.0 0.0 0.0 0.0
6163 3375.50048828125 391.6951904296875 48.89829963571516 2923.9134521484375 682.5721435546875 351.86250742724496 0.0 0.0 0.0 0.0
6164 3375.50048828125 391.6951904296875 48.89829963571516 2928.1597900390625 678.3257446289062 351.28090321746913 0.0 0.0 0.0 0.0
6179 3375.50048828125 391.6951904296875 48.89829963571516 2930.2830810546875 676.2025756835938 350.9977478426251 0.0 0.0 0.0 0.0
6180 3375.50048828125 391.6951904296875 48.89829963571516 2932.4061279296875 674.0794067382812 350.7275942615622 0.0 0.0 0.0 0.0
6196 3375.50048828125 391.6951904296875 48.89829963571516 2934.5294189453125 674.0794067382812 351.9609091729024 0.0 0.0 0.0 0.0
6197 3375.50048828125 391.6951904296875 48.89829963571516 2936.6527099609375 669.8330078125 350.1481518657877 0.0 0.0 0.0 0.0
6213 3375.50048828125 391.6951904296875 48.89829963571516 2938.7757568359375 669.8330078125 351.396604172165 0.0 0.0 0.0 0.0
6214 3375.50048828125 391.6951904296875 48.89829963571516 2943.0220947265625 665.5866088867188 350.88469697111134 0.0 0.0 0.0 0.0
6231 3375.50048828125 391.6951904296875 48.89829963571516 2947.2684326171875 661.3402709960938 350.32824430170757 0.0 0.0 0.0 0.0
6232 3375.50048828125 391.6951904296875 48.89829963571516 2949.3917236328125 661.3402709960938 351.57218181514116 0.0 0.0 0.0 0.0
6248 3375.50048828125 391.6951904296875 48.89829963571516 2953.6380615234375 657.0938720703125 351.0439525968123 0.0 0.0 0.0 0.0
6264 3375.50048828125 391.6951904296875 48.89829963571516 2957.8843994140625 652.8474731445312 350.5122942847753 0.0 0.0 0.0 0.0
6280 3375.50048828125 391.6951904296875 48.89829963571516 2960.0076904296875 652.8474731445312 351.7512784452604 0.0 0.0 0.0 0.0
6281 3375.50048828125 391.6951904296875 48.89829963571516 2962.1309814453125 648.6011352539062 349.9527300859371 0.0 0.0 0.0 0.0
6296 3375.50048828125 391.6951904296875 48.89829963571516 2964.2540283203125 648.6011352539062 351.20638990017954 0.0 0.0 0.0 0.0
6297 3375.50048828125 391.6951904296875 48.89829963571516 2966.3773193359375 646.4779052734375 350.95334675724104 0.0 0.0 0.0 0.0
6313 3375.50048828125 391.6951904296875 48.89829963571516 2966.3773193359375 644.354736328125 349.44524954902704 0.0 0.0 0.0 0.0
6314 3375.50048828125 391.6951904296875 48.89829963571516 2968.5003662109375 644.354736328125 350.7122615567018 0.0 0.0 0.0 0.0
6330 3375.50048828125 391.6951904296875 48.89829963571516 2970.6236572265625 642.2315673828125 350.45557110891247 0.0 0.0 0.0 0.0
6346 3375.50048828125 391.6951904296875 48.89829963571516 2972.7467041015625 642.2315673828125 351.6959696053864 0.0 0.0 0.0 0.0
6347 3375.50048828125 391.6951904296875 48.89829963571516 2979.1163330078125 635.8619995117188 350.82983962932525 0.0 0.0 0.0 0.0
6363 3375.50048828125 391.6951904296875 48.89829963571516 2981.2396240234375 633.73876953125 350.5677178006177 0.0 0.0 0.0 0.0
6364 3375.50048828125 391.6951904296875 48.89829963571516 2983.3626708984375 631.6156005859375 350.2784174302458 0.0 0.0 0.0 0.0
6381 3375.50048828125 391.6951904296875 48.89829963571516 2987.6092529296875 629.492431640625 351.25548666255344 0.0 0.0 0.0 0.0
6382 3375.50048828125 391.6951904296875 48.89829963571516 2989.7322998046875 627.3692016601562 350.97331869320385 0.0 0.0 0.0 0.0
6397 3375.50048828125 391.6951904296875 48.89829963571516 2991.8555908203125 625.2460327148438 350.70453371919984 0.0 0.0 0.0 0.0
6413 3375.50048828125 391.6951904296875 48.89829963571516 2993.9786376953125 623.1228637695312 350.4481366883131 0.0 0.0 0.0 0.0
6414 3375.50048828125 391.6951904296875 48.89829963571516 2996.1019287109375 620.9996337890625 350.2037258848601 0.0 0.0 0.0 0.0
6429 3375.50048828125 391.6951904296875 48.89829963571516 2998.2249755859375 620.9996337890625 351.4508204871506 0.0 0.0 0.0 0.0
6430 3375.50048828125 391.6951904296875 48.89829963571516 3000.3482666015625 618.87646484375 351.1861618837089 0.0 0.0 0.0 0.0
6446 3375.50048828125 391.6951904296875 48.89829963571516 3000.3482666015625 616.7532958984375 349.672911487054 0.0 0.0 0.0 0.0
6447 3375.50048828125 391.6951904296875 48.89829963571516 3004.5946044921875 614.6300659179688 350.69392941501604 0.0 0.0 0.0 0.0
6463 3375.50048828125 391.6951904296875 48.89829963571516 3006.7178955078125 612.5068969726562 350.43808894732103 0.0 0.0 0.0 0.0
6464 3375.50048828125 391.6951904296875 48.89829963571516 3008.8409423828125 610.3837280273438 350.19405506260387 0.0 0.0 0.0 0.0
6480 3375.50048828125 391.6951904296875 48.89829963571516 3010.9642333984375 610.3837280273438 351.4414436996395 0.0 0.0 0.0 0.0
6481 3375.50048828125 391.6951904296875 48.89829963571516 3015.2105712890625 606.1373291015625 350.89866710405937 0.0 0.0 0.0 0.0
6496 3375.50048828125 391.6951904296875 48.89829963571516 3017.3338623046875 604.01416015625 350.6333027151967 0.0 0.0 0.0 0.0
6497 3375.50048828125 391.6951904296875 48.89829963571516 3021.5802001953125 601.8909301757812 351.62267314478174 0.0 0.0 0.0 0.0
6514 3375.50048828125 391.6951904296875 48.89829963571516 3023.7032470703125 597.6445922851562 349.8330369720389 0.0 0.0 0.0 0.0
6515 3375.50048828125 391.6951904296875 48.89829963571516 3027.9498291015625 595.5213623046875 350.8157365555625 0.0 0.0 0.0 0.0
6530 3375.50048828125 391.6951904296875 48.89829963571516 3030.0728759765625 593.398193359375 350.55402327338413 0.0 0.0 0.0 0.0
6531 3375.50048828125 391.6951904296875 48.89829963571516 3034.3192138671875 591.2750244140625 351.5109192171104 0.0 0.0 0.0 0.0
6546 3375.50048828125 391.6951904296875 48.89829963571516 3036.4425048828125 589.1517944335938 351.2170061325662 0.0 0.0 0.0 0.0
6547 3375.50048828125 391.6951904296875 48.89829963571516 3038.5657958984375 584.9054565429688 349.45515406448357 0.0 0.0 0.0 0.0
6562 3375.50048828125 391.6951904296875 48.89829963571516 3040.6888427734375 584.9054565429688 350.7218705660612 0.0 0.0 0.0 0.0
6563 3375.50048828125 391.6951904296875 48.89829963571516 3044.9351806640625 580.6590576171875 350.21954425446916 0.0 0.0 0.0 0.0
6579 3375.50048828125 391.6951904296875 48.89829963571516 3049.1815185546875 578.535888671875 351.2385917343539 0.0 0.0 0.0 0.0
6580 3375.50048828125 391.6951904296875 48.89829963571516 3051.3048095703125 574.2894897460938 349.4753216498559 0.0 0.0 0.0 0.0
6596 3375.50048828125 391.6951904296875 48.89829963571516 3053.4281005859375 574.2894897460938 350.74154420348077 0.0 0.0 0.0 0.0
6597 3375.50048828125 391.6951904296875 48.89829963571516 3055.5511474609375 570.0430908203125 349.0124759079638 0.0 0.0 0.0 0.0
6613 3375.50048828125 391.6951904296875 48.89829963571516 3057.6744384765625 570.0430908203125 350.290894032012 0.0 0.0 0.0 0.0
6614 3375.50048828125 391.6951904296875 48.89829963571516 3059.7974853515625 565.7967529296875 348.5929699483502 0.0 0.0 0.0 0.0
6631 3375.50048828125 391.6951904296875 48.89829963571516 3064.0440673828125 561.5503540039062 348.3148614517039 0.0 0.0 0.0 0.0
6632 3375.50048828125 391.6951904296875 48.89829963571516 3064.0440673828125 559.4271850585938 346.86683861284314 0.0 0.0 0.0 0.0
6648 3375.50048828125 391.6951904296875 48.89829963571516 3068.2904052734375 557.303955078125 348.0906139076205 0.0 0.0 0.0 0.0
6663 3375.50048828125 391.6951904296875 48.89829963571516 3070.4134521484375 555.1807861328125 347.9563200845456 0.0 0.0 0.0 0.0
6664 3375.50048828125 391.6951904296875 48.89829963571516 3072.5367431640625 553.0576171875 347.85874519705004 0.0 0.0 0.0 0.0
6680 3375.50048828125 391.6951904296875 48.89829963571516 3072.5367431640625 553.0576171875 347.8587315964796 0.0 0.0 0.0 0.0
6681 3375.50048828125 391.6951904296875 48.89829963571516 3076.7830810546875 548.8112182617188 347.6177297663888 0.0 0.0 0.0 0.0
6696 3375.50048828125 391.6951904296875 48.89829963571516 3076.7830810546875 548.8112182617188 347.6177297663888 0.0 0.0 0.0 0.0
6697 3375.50048828125 391.6951904296875 48.89829963571516 3078.9063720703125 546.6880493164062 347.4697113991815 0.0 0.0 0.0 0.0
6713 3375.50048828125 391.6951904296875 48.89829963571516 3078.9063720703125 546.6880493164062 347.46971890736256 0.0 0.0 0.0 0.0
6714 3375.50048828125 391.6951904296875 48.89829963571516 3081.0294189453125 544.5648193359375 347.3285967120285 0.0 0.0 0.0 0.0
6730 3375.50048828125 391.6951904296875 48.89829963571516 3081.0294189453125 544.5648193359375 347.3285967120285 0.0 0.0 0.0 0.0
6731 3375.50048828125 391.6951904296875 48.89829963571516 3083.1527099609375 542.441650390625 347.1944831309005 0.0 0.0 0.0 0.0
6746 3375.50048828125 391.6951904296875 48.89829963571516 3085.2757568359375 542.441650390625 348.5193510514344 0.0 0.0 0.0 0.0
6763 3375.50048828125 391.6951904296875 48.89829963571516 3085.2757568359375 540.3184509277344 347.0666174108322 0.0 0.0 0.0 0.0
6764 3375.50048828125 391.6951904296875 48.89829963571516 3087.3990478515625 540.3184509277344 348.3947800955278 0.0 0.0 0.0 0.0
6781 3375.50048828125 391.6951904296875 48.89829963571516 3087.3990478515625 540.3184509277344 348.3947800955278 0.0 0.0 0.0 0.0
6797 3375.50048828125 391.6951904296875 48.89829963571516 3087.3990478515625 540.3184509277344 348.3947800955278 0.0 0.0 0.0 0.0
6798 3375.50048828125 391.6951904296875 48.89829963571516 3089.5223388671875 540.3184509277344 349.68905009181935 0.0 0.0 0.0 0.0
6817 3375.50048828125 391.6951904296875 48.89829963571516 3089.5223388671875 538.1952819824219 348.20938399594945 0.0 0.0 0.0 0.0
6833 3375.50048828125 391.6951904296875 48.89829963571516 3091.6453857421875 538.1952819824219 349.50840771667833 0.0 0.0 0.0 0.0
6851 3375.50048828125 391.6951904296875 48.89829963571516 3091.6453857421875 538.1952819824219 349.5084451000024 0.0 0.0 0.0 0.0
6866 3375.50048828125 391.6951904296875 48.89829963571516 3091.6453857421875 538.1952819824219 349.50848848714355 0.0 0.0 0.0 0.0
6880 3375.50048828125 391.6951904296875 48.89829963571516 3091.6453857421875 538.1952819824219 349.50848848714355 0.0 0.0 0.0 0.0
6896 3375.50048828125 391.6951904296875 48.89829963571516 3091.6453857421875 538.1952819824219 349.50848848714355 0.0 0.0 0.0 0.0
6914 3375.50048828125 391.6951904296875 48.89829963571516 3091.6453857421875 540.3184509277344 351.05239004150957 0.0 0.0 0.0 0.0
6931 3352.1455078125 387.44879150390625 40.837442829382454 3093.7686767578125 540.3184509277344 352.2771007860517 0.0 0.0 0.0 0.0
6946 3341.529541015625 385.32562255859375 36.59729022752865 3093.7686767578125 540.3184509277344 352.2771007860517 0.0 0.0 0.0 0.0
6947 3330.91357421875 383.2024230957031 32.039078440155855 3093.7686767578125 540.3184509277344 352.2771007860517 0.0 0.0 0.0 0.0
6962 3328.790283203125 383.2024230957031 31.298118143600213 3093.7686767578125 540.3184509277344 352.2771007860517 0.0 0.0 0.0 0.0
6979 3328.790283203125 381.0792236328125 30.41166229509443 3093.7686767578125 540.3184509277344 352.2771007860517 0.0 0.0 0.0 0.0
6980 3328.790283203125 378.9560546875 29.5367781661515 3093.7686767578125 540.3184509277344 352.2771007860517 0.0 0.0 0.0 0.0
6996 3326.667236328125 378.9560546875 28.756888460092327 3093.7686767578125 540.3184509277344 352.2771007860517 0.0 0.0 0.0 0.0