0 2350.0 1500.0 0 1650.0 1500.0 0 0.0 0.0 0.0 0.0
214 2350.0 1500.0 0 1650.0 1500.0 0 0.0 0.0 0.0 0.0
231 2350.0 1500.0 0 1650.0 1500.0 0 0.0 0.0 0.0 0.0
248 2360.5263671875 1505.2630615234375 0.5922964452833099 1650.0 1500.0 0 0.0 0.0 0.0 0.0
264 2371.052734375 1505.2630615234375 358.66817776485595 1650.0 1500.0 0 0.0 0.0 0.0 0.0
281 2381.578857421875 1505.2630615234375 356.9125200768353 1650.0 1500.0 0 0.0 0.0 0.0 0.0
298 2397.368408203125 1505.2630615234375 354.6131547943775 1650.0 1500.0 0 0.0 0.0 0.0 0.0
315 2418.421142578125 1505.2630615234375 352.0501019457336 1650.0 1500.0 0 0.0 0.0 0.0 0.0
331 2434.21044921875 1505.2630615234375 350.37657537961604 1650.0 1500.0 0 0.0 0.0 0.0 0.0
351 2450.0 1494.73681640625 343.889125248877 1650.0 1500.0 0 0.0 0.0 0.0 0.0
367 2465.78955078125 1484.21044921875 338.24392650860693 1650.0 1500.0 0 0.0 0.0 0.0 0.0
368 2465.78955078125 1484.21044921875 338.2439009673026 1650.0 1500.0 0 0.0 0.0 0.0 0.0
383 2476.31591796875 1473.6842041015625 333.1004044399779 1650.0 1500.0 0 0.0 0.0 0.0 0.0
401 2476.31591796875 1468.4210205078125 330.23848206908906 1650.0 1500.0 0 0.0 0.0 0.0 0.0
415 2481.578857421875 1463.1578369140625 327.9654968955305 1650.0 1500.0 0 0.0 0.0 0.0 0.0
431 2486.842041015625 1463.1578369140625 328.5067013786181 1650.0 1500.0 0 0.0 0.0 0.0 0.0
448 2492.105224609375 1463.1578369140625 329.0222962385947 1650.0 1500.0 0 0.0 0.0 0.0 0.0
465 2502.631591796875 1463.1578369140625 329.9599943592786 1650.0 1500.0 0 0.0 0.0 0.0 0.0
481 2518.421142578125 1463.1578369140625 331.18318073615774 1650.0 1500.0 0 0.0 0.0 0.0 0.0
498 2539.4736328125 1468.4210205078125 334.9482918985997 1650.0 1500.0 0 0.0 0.0 0.0 0.0
514 2550.0 1478.947265625 340.6137705819534 1650.0 1500.0 0 0.0 0.0 0.0 0.0
531 2576.31591796875 1484.21044921875 342.65240911174874 1650.0 1500.0 0 0.0 0.0 0.0 0.0
548 2602.631591796875 1489.4736328125 344.27562903567866 1650.0 1500.0 0 0.0 0.0 0.0 0.0
564 2628.947265625 1489.4736328125 343.2671009015344 1650.0 1500.0 0 0.0 0.0 0.0 0.0
581 2655.26318359375 1489.4736328125 342.46177980961147 1650.0 1500.0 0 0.0 0.0 0.0 0.0
598 2681.578857421875 1473.6842041015625 334.88402230536565 1650.0 1500.0 0 0.0 0.0 0.0 0.0
614 2707.894775390625 1463.1578369140625 331.18407471321916 1650.0 1500.0 0 0.0 0.0 0.0 0.0
631 2734.21044921875 1447.368408203125 326.03508812873105 1650.0 1500.0 0 0.0 0.0 0.0 0.0
648 2755.26318359375 1436.842041015625 323.589216934466 1650.0 1500.0 0 0.0 0.0 0.0 0.0
665 2781.578857421875 1431.578857421875 324.48547952288243 1650.0 1500.0 0 0.0 0.0 0.0 0.0
681 2807.894775390625 1426.315673828125 325.1983047591806 1650.0 1500.0 0 0.0 0.0 0.0 0.0
698 2823.684326171875 1421.0526123046875 324.5978902802637 1650.0 1500.0 0 0.0 0.0 0.0 0.0
718 2844.73681640625 1421.0526123046875 327.05164909095765 1650.0 1500.0 0 0.0 0.0 0.0 0.0
732 2860.5263671875 1421.0526123046875 328.65348891377306 1650.0 1500.0 0 0.0 0.0 0.0 0.0
751 2913.157958984375 1421.0526123046875 332.2155233752641 1650.0 1500.0 0 0.0 0.0 0.0 0.0
767 2944.73681640625 1421.0526123046875 333.85668595051834 1650.0 1500.0 0 0.0 0.0 0.0 0.0
783 2986.842041015625 1421.0526123046875 335.41616883849565 1650.0 1500.0 0 0.0 0.0 0.0 0.0
800 3023.684326171875 1410.5262451171875 332.1724935995011 1650.0 1500.0 0 0.0 0.0 0.0 0.0
815 3060.5263671875 1394.73681640625 327.7167515161589 1650.0 1500.0 0 0.0 0.0 0.0 0.0
831 3092.105224609375 1384.21044921875 326.0520901541607 1650.0 1500.0 0 0.0 0.0 0.0 0.0
848 3113.157958984375 1384.21044921875 328.26531313590306 1650.0 1500.0 0 0.0 0.0 0.0 0.0
864 3139.4736328125 1373.6842041015625 325.9620135316983 1650.0 1500.0 0 0.0 0.0 0.0 0.0
881 3165.78955078125 1368.4210205078125 326.3724067084481 1650.0 1500.0 0 0.0 0.0 0.0 0.0
900 3186.842041015625 1368.4210205078125 328.5324832485727 1650.0 1500.0 0 0.0 0.0 0.0 0.0
919 3202.631591796875 1368.4210205078125 329.9418155161505 1650.0 1500.0 0 0.0 0.0 0.0 0.0
931 3213.157958984375 1368.4210205078125 330.7959784717684 1650.0 1500.0 0 0.0 0.0 0.0 0.0
948 3234.21044921875 1368.4210205078125 332.21924260448736 1650.0 1500.0 0 0.0 0.0 0.0 0.0
964 3239.4736328125 1368.4210205078125 332.55802058721537 1650.0 1500.0 0 0.0 0.0 0.0 0.0
983 3250.0 1373.6842041015625 335.8019773219948 1650.0 1500.0 0 0.0 0.0 0.0 0.0
998 3265.78955078125 1373.6842041015625 336.2590729518431 1650.0 1500.0 0 0.0 0.0 0.0 0.0
1014 3271.052734375 1378.947265625 339.1625412107809 1650.0 1500.0 0 0.0 0.0 0.0 0.0
1031 3281.578857421875 1384.21044921875 341.80185831356283 1650.0 1500.0 0 0.0 0.0 0.0 0.0
1047 3292.105224609375 1384.21044921875 341.5698135855845 1650.0 1500.0 0 0.0 0.0 0.0 0.0
1064 3307.894775390625 1389.4736328125 343.7760095169652 1650.0 1500.0 0 0.0 0.0 0.0 0.0
1081 3318.421142578125 1389.4736328125 343.3629389160109 1650.0 1500.0 0 0.0 0.0 0.0 0.0
1098 3339.4736328125 1389.4736328125 342.67553801223414 1650.0 1500.0 0 0.0 0.0 0.0 0.0
1114 3355.26318359375 1389.4736328125 342.22778608442513 1650.0 1500.0 0 0.0 0.0 0.0 0.0
1131 3371.052734375 1389.4736328125 341.8389646316258 1650.0 1500.0 0 0.0 0.0 0.0 0.0
1150 3397.368408203125 1389.4736328125 341.32158620992607 1650.0 1500.0 0 0.0 0.0 0.0 0.0
1167 3413.157958984375 1389.4736328125 341.05200854714377 1650.0 1500.0 0 0.0 0.0 0.0 0.0
1183 3455.26318359375 1389.4736328125 340.5401338429186 1650.0 1500.0 0 0.0 0.0 0.0 0.0
1184 3455.26318359375 1389.4736328125 340.54010431976127 1650.0 1500.0 0 0.0 0.0 0.0 0.0
1199 3471.052734375 1389.4736328125 340.37342749318196 1650.0 1500.0 0 0.0 0.0 0.0 0.0
1215 3486.842041015625 1389.4736328125 340.2286648921758 1650.0 1500.0 0 0.0 0.0 0.0 0.0
1232 3497.368408203125 1389.4736328125 340.14102941666005 1650.0 1500.0 0 0.0 0.0 0.0 0.0
1249 3513.157958984375 1394.73681640625 342.5388506854297 1650.0 1500.0 0 0.0 0.0 0.0 0.0
1264 3523.684326171875 1394.73681640625 342.23920316678 1650.0 1500.0 0 0.0 0.0 0.0 0.0
1281 3544.73681640625 1400.0 344.14248508474293 1650.0 1500.0 0 0.0 0.0 0.0 0.0
1298 3555.26318359375 1400.0 343.69586829390056 1650.0 1500.0 0 0.0 0.0 0.0 0.0
1314 3576.31591796875 1400.0 342.95255115214144 1650.0 1500.0 0 0.0 0.0 0.0 0.0
1331 3586.842041015625 1405.2630615234375 345.2326983695318 1650.0 1500.0 0 0.0 0.0 0.0 0.0
1348 3602.631591796875 1405.2630615234375 344.4489461607643 1650.0 1500.0 0 0.0 0.0 0.0 0.0
1364 3623.684326171875 1405.2630615234375 343.57920217440966 1650.0 1500.0 0 0.0 0.0 0.0 0.0
1381 3650.0 1405.2630615234375 342.7109719139905 1650.0 1500.0 0 0.0 0.0 0.0 0.0
1398 3671.052734375 1405.2630615234375 342.1331239600675 1650.0 1500.0 0 0.0 0.0 0.0 0.0
1414 3681.578857421875 1410.5262451171875 344.49163239476144 1650.0 1500.0 0 0.0 0.0 0.0 0.0
1431 3702.631591796875 1410.5262451171875 343.61473972699685 1650.0 1500.0 0 0.0 0.0 0.0 0.0
1448 3707.894775390625 1410.5262451171875 343.4060497444266 1650.0 1500.0 0 0.0 0.0 0.0 0.0
1464 3723.684326171875 1410.5262451171875 342.86223088529323 1650.0 1500.0 0 0.0 0.0 0.0 0.0
1481 3728.947265625 1415.7894287109375 345.43234398067165 1650.0 1500.0 0 0.0 0.0 0.0 0.0
1498 3739.4736328125 1421.0526123046875 347.4736153068691 1650.0 1500.0 0 0.0 0.0 0.0 0.0
1517 3744.73681640625 1431.578857421875 352.4597224029018 1650.0 1500.0 0 0.0 0.0 0.0 0.0
1534 3755.26318359375 1442.105224609375 356.30508872710385 1650.0 1500.0 0 0.0 0.0 0.0 0.0
1535 3755.26318359375 1442.105224609375 356.3051067360548 1650.0 1500.0 0 0.0 0.0 0.0 0.0
1566 3765.78955078125 1457.8946533203125 2.079944620459372 1650.0 1500.0 0 0.0 0.0 0.0 0.0
1567 3765.78955078125 1457.8946533203125 2.0799782456528106 1650.0 1500.0 0 0.0 0.0 0.0 0.0
1583 3771.052734375 1463.1578369140625 3.5310423838138973 1650.0 1500.0 0 0.0 0.0 0.0 0.0
1599 3776.31591796875 1468.4210205078125 4.890733032283052 1650.0 1500.0 0 0.0 0.0 0.0 0.0
1664 3781.578857421875 1468.4210205078125 3.693248332448235 1650.0 1500.0 0 0.0 0.0 0.0 0.0
1681 3792.105224609375 1468.4210205078125 1.5012529953153404 1650.0 1500.0 0 0.0 0.0 0.0 0.0
1698 3802.631591796875 1468.4210205078125 359.4981676476622 1650.0 1500.0 0 0.0 0.0 0.0 0.0
1714 3813.157958984375 1468.4210205078125 357.6696577301284 1650.0 1500.0 0 0.0 0.0 0.0 0.0
1731 3828.947265625 1468.4210205078125 355.27377604254224 1650.0 1500.0 0 0.0 0.0 0.0 0.0
1748 3839.4736328125 1468.4210205078125 353.8187196579323 1650.0 1500.0 0 0.0 0.0 0.0 0.0
1764 3844.73681640625 1468.4210205078125 353.1252818763318 1650.0 1500.0 0 0.0 0.0 0.0 0.0
1782 3855.26318359375 1468.4210205078125 351.86255080904084 1650.0 1500.0 0 0.0 0.0 0.0 0.0
1798 3860.5263671875 1468.4210205078125 351.26093169035465 1650.0 1500.0 0 0.0 0.0 0.0 0.0
1814 3865.78955078125 1473.6842041015625 353.3656184292425 1650.0 1500.0 0 0.0 0.0 0.0 0.0
1831 3871.052734375 1478.947265625 355.34741326491576 1650.0 1500.0 0 0.0 0.0 0.0 0.0
1848 3876.31591796875 1489.4736328125 359.7646376368108 1650.0 1500.0 0 0.0 0.0 0.0 0.0
1865 3881.578857421875 1494.73681640625 1.3598801449684146 1650.0 1500.0 0 0.0 0.0 0.0 0.0
1881 3881.578857421875 1505.2630615234375 6.517500306382772 1650.0 1500.0 0 0.0 0.0 0.0 0.0
1898 3881.578857421875 1515.7894287109375 11.428236068144372 1650.0 1500.0 0 0.0 0.0 0.0 0.0
1917 3881.578857421875 1521.0526123046875 13.814987866365044 1650.0 1500.0 0 0.0 0.0 0.0 0.0
1934 3881.578857421875 1531.578857421875 18.31902562923719 1650.0 1500.0 0 0.0 0.0 0.0 0.0
1950 3881.578857421875 1542.105224609375 22.541415907884186 1650.0 1500.0 0 0.0 0.0 0.0 0.0
1951 3881.578857421875 1542.105224609375 22.54142668144732 1650.0 1500.0 0 0.0 0.0 0.0 0.0
1967 3881.578857421875 1547.368408203125 24.579227646009542 1650.0 1500.0 0 0.0 0.0 0.0 0.0
1983 3881.578857421875 1557.8946533203125 28.37506099209918 1650.0 1500.0 0 0.0 0.0 0.0 0.0
1999 3881.578857421875 1563.1578369140625 30.20118722039507 1650.0 1500.0 0 0.0 0.0 0.0 0.0
2014 3881.578857421875 1568.4210205078125 31.95745959035068 1650.0 1500.0 0 0.0 0.0 0.0 0.0
2031 3881.578857421875 1573.6842041015625 33.64505329580254 1650.0 1500.0 0 0.0 0.0 0.0 0.0
2049 3881.578857421875 1584.21044921875 36.760508216227805 1650.0 1500.0 0 0.0 0.0 0.0 0.0
2064 3881.578857421875 1589.4736328125 38.25351763924027 1650.0 1500.0 0 0.0 0.0 0.0 0.0
2081 3881.578857421875 1600.0 40.99891573039139 1650.0 1500.0 0 0.0 0.0 0.0 0.0
2097 3881.578857421875 1610.5262451171875 43.51724938528622 1650.0 1500.0 0 0.0 0.0 0.0 0.0
2114 3881.578857421875 1615.7894287109375 44.721066464339174 1650.0 1500.0 0 0.0 0.0 0.0 0.0
2147 3881.578857421875 1621.0526123046875 45.871686969079946 1650.0 1500.0 0 0.0 0.0 0.0 0.0
2164 3881.578857421875 1626.315673828125 46.971033149896016 1650.0 1500.0 0 0.0 0.0 0.0 0.0
2847 3881.578857421875 1621.0526123046875 45.81803262390909 1650.0 1500.0 0 0.0 0.0 0.0 0.0
2981 3881.578857421875 1615.7894287109375 44.609147420209666 1650.0 1500.0 0 0.0 0.0 0.0 0.0
3014 3876.31591796875 1610.5262451171875 46.13454428313884 1650.0 1500.0 0 0.0 0.0 0.0 0.0
3031 3876.31591796875 1605.2630615234375 44.94084954431739 1650.0 1500.0 0 0.0 0.0 0.0 0.0
3048 3865.78955078125 1600.0 49.409705176206444 1650.0 1500.0 0 0.0 0.0 0.0 0.0
3064 3855.26318359375 1594.73681640625 54.26072197669953 1650.0 1500.0 0 0.0 0.0 0.0 0.0
3115 3855.26318359375 1589.4736328125 53.471871834327715 1650.0 1500.0 0 0.0 0.0 0.0 0.0
3214 3839.4736328125 1589.4736328125 62.127188110760926 1650.0 1500.0 0 0.0 0.0 0.0 0.0
3231 3828.947265625 1589.4736328125 67.92887019354976 1650.0 1500.0 0 0.0 0.0 0.0 0.0
3248 3818.421142578125 1589.4736328125 73.71450604978523 1650.0 1500.0 0 0.0 0.0 0.0 0.0
3264 3802.631591796875 1584.21044921875 82.88112610522995 1650.0 1500.0 0 0.0 0.0 0.0 0.0
3298 3792.105224609375 1584.21044921875 88.36422567088059 1650.0 1500.0 0 0.0 0.0 0.0 0.0
3314 3786.842041015625 1578.947265625 92.16216411286007 1650.0 1500.0 0 0.0 0.0 0.0 0.0
3347 3776.31591796875 1578.947265625 97.28366418682617 1650.0 1500.0 0 0.0 0.0 0.0 0.0
3364 3776.31591796875 1573.6842041015625 98.70721267165885 1650.0 1500.0 0 0.0 0.0 0.0 0.0
3381 3760.5263671875 1568.4210205078125 107.36638576899489 1650.0 1500.0 0 0.0 0.0 0.0 0.0
3398 3755.26318359375 1568.4210205078125 109.57607464787796 1650.0 1500.0 0 0.0 0.0 0.0 0.0
3414 3750.0 1563.1578369140625 113.67584491417725 1650.0 1500.0 0 0.0 0.0 0.0 0.0
3647 3744.73681640625 1552.6314697265625 120.00732366411387 1650.0 1500.0 0 0.0 0.0 0.0 0.0
3664 3739.4736328125 1547.368408203125 124.04767994852457 1650.0 1500.0 0 0.0 0.0 0.0 0.0
3681 3734.21044921875 1542.105224609375 128.02989339926316 1650.0 1500.0 0 0.0 0.0 0.0 0.0
3698 3728.947265625 1536.842041015625 131.9362833324943 1650.0 1500.0 0 0.0 0.0 0.0 0.0
3714 3728.947265625 1531.578857421875 134.5687203178398 1650.0 1500.0 0 0.0 0.0 0.0 0.0
4097 3723.684326171875 1531.578857421875 135.72606231819805 1650.0 1500.0 0 0.0 0.0 0.0 0.0
4214 3718.421142578125 1531.578857421875 136.83195990708447 1650.0 1500.0 0 0.0 0.0 0.0 0.0
4297 3707.894775390625 1531.578857421875 138.85374582388516 1650.0 1500.0 0 0.0 0.0 0.0 0.0
4317 3697.368408203125 1542.105224609375 135.84074792740162 1650.0 1500.0 0 0.0 0.0 0.0 0.0
4318 3697.368408203125 1542.105224609375 135.84077631412416 1650.0 1500.0 0 0.0 0.0 0.0 0.0
4349 3676.31591796875 1547.368408203125 137.4577738021828 1650.0 1500.0 0 0.0 0.0 0.0 0.0
4350 3676.31591796875 1547.368408203125 137.45777918556803 1650.0 1500.0 0 0.0 0.0 0.0 0.0
4366 3671.052734375 1552.6314697265625 135.94495470570644 1650.0 1500.0 0 0.0 0.0 0.0 0.0
4382 3671.052734375 1557.8946533203125 133.33918133753988 1650.0 1500.0 0 0.0 0.0 0.0 0.0
4398 3671.052734375 1563.1578369140625 130.79227101347357 1650.0 1500.0 0 0.0 0.0 0.0 0.0
4814 3665.78955078125 1563.1578369140625 132.11460770247126 1650.0 1500.0 0 0.0 0.0 0.0 0.0
4831 3665.78955078125 1557.8946533203125 134.750858157686 1650.0 1500.0 0 0.0 0.0 0.0 0.0
4848 3660.5263671875 1557.8946533203125 135.90010463105992 1650.0 1500.0 0 0.0 0.0 0.0 0.0
4864 3660.5263671875 1552.6314697265625 138.6114577000984 1650.0 1500.0 0 0.0 0.0 0.0 0.0
4881 3660.5263671875 1547.368408203125 141.36881309496448 1650.0 1500.0 0 0.0 0.0 0.0 0.0
4898 3655.26318359375 1547.368408203125 142.21842923092078 1650.0 1500.0 0 0.0 0.0 0.0 0.0
4931 3655.26318359375 1542.105224609375 145.02711008849033 1650.0 1500.0 0 0.0 0.0 0.0 0.0
4948 3650.0 1542.105224609375 145.706709288963 1650.0 1500.0 0 0.0 0.0 0.0 0.0
4997 3644.73681640625 1536.842041015625 149.07257578454903 1650.0 1500.0 0 0.0 0.0 0.0 0.0
5014 3644.73681640625 1531.578857421875 151.946804983292 1650.0 1500.0 0 0.0 0.0 0.0 0.0
5031 3634.21044921875 1531.578857421875 152.6183464356423 1650.0 1500.0 0 0.0 0.0 0.0 0.0
5048 3628.947265625 1526.315673828125 155.6918235784815 1650.0 1500.0 0 0.0 0.0 0.0 0.0
5064 3623.684326171875 1521.0526123046875 158.6224691061455 1650.0 1500.0 0 0.0 0.0 0.0 0.0
5098 3618.421142578125 1515.7894287109375 161.41024640785378 1650.0 1500.0 0 0.0 0.0 0.0 0.0
5134 3613.157958984375 1515.7894287109375 161.3074825048804 1650.0 1500.0 0 0.0 0.0 0.0 0.0
5197 3602.631591796875 1515.7894287109375 161.12079352910717 1650.0 1500.0 0 0.0 0.0 0.0 0.0
5231 3597.368408203125 1515.7894287109375 161.03193992033334 1650.0 1500.0 0 0.0 0.0 0.0 0.0
5297 3592.105224609375 1515.7894287109375 160.94735754859335 1650.0 1500.0 0 0.0 0.0 0.0 0.0
5331 3586.842041015625 1521.0526123046875 158.1090569066373 1650.0 1500.0 0 0.0 0.0 0.0 0.0
5349 3581.578857421875 1526.315673828125 155.4130949876352 1650.0 1500.0 0 0.0 0.0 0.0 0.0
5364 3576.31591796875 1531.578857421875 152.85746539367454 1650.0 1500.0 0 0.0 0.0 0.0 0.0
5381 3571.052734375 1542.105224609375 147.75271705969863 1650.0 1500.0 0 0.0 0.0 0.0 0.0
5398 3565.78955078125 1547.368408203125 145.62113471397822 1650.0 1500.0 0 0.0 0.0 0.0 0.0
5414 3560.5263671875 1557.8946533203125 141.02170341362057 1650.0 1500.0 0 0.0 0.0 0.0 0.0
5432 3555.26318359375 1563.1578369140625 139.2892638371434 1650.0 1500.0 0 0.0 0.0 0.0 0.0
5447 3550.0 1563.1578369140625 140.23429071511478 1650.0 1500.0 0 0.0 0.0 0.0 0.0
5464 3550.0 1568.4210205078125 137.54248678916684 1650.0 1500.0 0 0.0 0.0 0.0 0.0
5481 3550.0 1573.6842041015625 134.9030276058805 1650.0 1500.0 0 0.0 0.0 0.0 0.0
5498 3550.0 1578.947265625 132.32019970703323 1650.0 1500.0 0 0.0 0.0 0.0 0.0
5831 3544.73681640625 1578.947265625 133.57638410343688 1650.0 1500.0 0 0.0 0.0 0.0 0.0
5848 3539.4736328125 1568.4210205078125 140.01440544511502 1650.0 1500.0 0 0.0 0.0 0.0 0.0
5864 3534.21044921875 1563.1578369140625 143.58866848095016 1650.0 1500.0 0 0.0 0.0 0.0 0.0
5884 3528.947265625 1563.1578369140625 144.33544859484653 1650.0 1500.0 0 0.0 0.0 0.0 0.0
5902 3523.684326171875 1563.1578369140625 145.04737378244275 1650.0 1500.0 0 0.0 0.0 0.0 0.0
5933 3518.421142578125 1552.6314697265625 151.2019021854685 1650.0 1500.0 0 0.0 0.0 0.0 0.0
5949 3513.157958984375 1547.368408203125 154.33854845497217 1650.0 1500.0 0 0.0 0.0 0.0 0.0
5966 3502.631591796875 1547.368408203125 154.79138961830893 1650.0 1500.0 0 0.0 0.0 0.0 0.0
5982 3497.368408203125 1542.105224609375 157.76472313253657 1650.0 1500.0 0 0.0 0.0 0.0 0.0
6014 3486.842041015625 1542.105224609375 157.90332131070386 1650.0 1500.0 0 0.0 0.0 0.0 0.0
6031 3481.578857421875 1536.842041015625 160.72679541539424 1650.0 1500.0 0 0.0 0.0 0.0 0.0
6048 3481.578857421875 1531.578857421875 163.6163631834637 1650.0 1500.0 0 0.0 0.0 0.0 0.0
6097 3476.31591796875 1531.578857421875 163.407599190832 1650.0 1500.0 0 0.0 0.0 0.0 0.0
6164 3465.78955078125 1531.578857421875 163.02829825450772 1650.0 1500.0 0 0.0 0.0 0.0 0.0
6181 3455.26318359375 1531.578857421875 162.68379258459163 1650.0 1500.0 0 0.0 0.0 0.0 0.0
6198 3450.0 1531.578857421875 162.51981978244874 1650.0 1500.0 0 0.0 0.0 0.0 0.0
6214 3444.73681640625 1531.578857421875 162.36369803474554 1650.0 1500.0 0 0.0 0.0 0.0 0.0
6315 3434.21044921875 1536.842041015625 159.44822185675434 1650.0 1500.0 0 0.0 0.0 0.0 0.0
6333 3418.421142578125 1542.105224609375 156.9114630227504 1650.0 1500.0 0 0.0 0.0 0.0 0.0
6334 3418.421142578125 1542.105224609375 156.91144948280646 1650.0 1500.0 0 0.0 0.0 0.0 0.0
6350 3407.894775390625 1552.6314697265625 151.90298325649667 1650.0 1500.0 0 0.0 0.0 0.0 0.0
6365 3397.368408203125 1563.1578369140625 147.4188902657337 1650.0 1500.0 0 0.0 0.0 0.0 0.0
6381 3397.368408203125 1568.4210205078125 144.61537434824757 1650.0 1500.0 0 0.0 0.0 0.0 0.0
6398 3392.105224609375 1578.947265625 140.0909522758516 1650.0 1500.0 0 0.0 0.0 0.0 0.0
6415 3392.105224609375 1584.21044921875 137.40186514839465 1650.0 1500.0 0 0.0 0.0 0.0 0.0
6564 3392.105224609375 1589.4736328125 134.76523726629887 1650.0 1500.0 0 0.0 0.0 0.0 0.0
6748 3386.842041015625 1589.4736328125 135.91389188998764 1650.0 1500.0 0 0.0 0.0 0.0 0.0
6797 3381.578857421875 1589.4736328125 137.0113909552041 1650.0 1500.0 0 0.0 0.0 0.0 0.0
6814 3381.578857421875 1584.21044921875 139.7424150729483 1650.0 1500.0 0 0.0 0.0 0.0 0.0
6831 3371.052734375 1578.947265625 144.0618102238994 1650.0 1500.0 0 0.0 0.0 0.0 0.0
6848 3371.052734375 1573.6842041015625 146.8921987628633 1650.0 1500.0 0 0.0 0.0 0.0 0.0
6864 3365.78955078125 1568.4210205078125 150.210826186085 1650.0 1500.0 0 0.0 0.0 0.0 0.0
6881 3355.26318359375 1568.4210205078125 151.04054251955398 1650.0 1500.0 0 0.0 0.0 0.0 0.0
6899 3350.0 1563.1578369140625 154.18437650064448 1650.0 1500.0 0 0.0 0.0 0.0 0.0
6914 3344.73681640625 1563.1578369140625 154.429051734552 1650.0 1500.0 0 0.0 0.0 0.0 0.0
6931 3334.21044921875 1557.8946533203125 157.50470944009555 1650.0 1500.0 0 0.0 0.0 0.0 0.0
7027 3318.421142578125 1552.6314697265625 160.25352856177085 1650.0 1500.0 0 0.0 0.0 0.0 0.0
7028 3318.421142578125 1552.6314697265625 160.25351322358705 1650.0 1500.0 0 0.0 0.0 0.0 0.0
7048 3313.157958984375 1547.368408203125 162.95897341924905 1650.0 1500.0 0 0.0 0.0 0.0 0.0
7064 3302.631591796875 1547.368408203125 162.62080213750266 1650.0 1500.0 0 0.0 0.0 0.0 0.0
7084 3292.105224609375 1547.368408203125 162.31364989374674 1650.0 1500.0 0 0.0 0.0 0.0 0.0
7101 3281.578857421875 1547.368408203125 162.03465842386788 1650.0 1500.0 0 0.0 0.0 0.0 0.0
7102 3281.578857421875 1547.368408203125 162.03468237669165 1650.0 1500.0 0 0.0 0.0 0.0 0.0
7133 3265.78955078125 1547.368408203125 161.67126333464142 1650.0 1500.0 0 0.0 0.0 0.0 0.0
7149 3260.5263671875 1547.368408203125 161.55593980673825 1650.0 1500.0 0 0.0 0.0 0.0 0.0
7165 3255.26318359375 1547.368408203125 161.44617042563664 1650.0 1500.0 0 0.0 0.0 0.0 0.0
7181 3250.0 1547.368408203125 161.34165673094083 1650.0 1500.0 0 0.0 0.0 0.0 0.0
7197 3239.4736328125 1552.6314697265625 158.52042721222688 1650.0 1500.0 0 0.0 0.0 0.0 0.0
7214 3234.21044921875 1557.8946533203125 155.8034647105435 1650.0 1500.0 0 0.0 0.0 0.0 0.0
7231 3228.947265625 1563.1578369140625 153.22724305793338 1650.0 1500.0 0 0.0 0.0 0.0 0.0
7248 3223.684326171875 1563.1578369140625 153.51779755402345 1650.0 1500.0 0 0.0 0.0 0.0 0.0
7264 3218.421142578125 1573.6842041015625 148.37009281009847 1650.0 1500.0 0 0.0 0.0 0.0 0.0
7281 3213.157958984375 1578.947265625 146.20313953226764 1650.0 1500.0 0 0.0 0.0 0.0 0.0
7298 3213.157958984375 1589.4736328125 140.7030286368156 1650.0 1500.0 0 0.0 0.0 0.0 0.0
7331 3213.157958984375 1594.73681640625 138.00273557944504 1650.0 1500.0 0 0.0 0.0 0.0 0.0
7348 3213.157958984375 1600.0 135.35391494365885 1650.0 1500.0 0 0.0 0.0 0.0 0.0
7365 3207.894775390625 1605.2630615234375 133.9730178226661 1650.0 1500.0 0 0.0 0.0 0.0 0.0
7681 3202.631591796875 1605.2630615234375 135.1567323305457 1650.0 1500.0 0 0.0 0.0 0.0 0.0
7698 3202.631591796875 1600.0 137.85425692590988 1650.0 1500.0 0 0.0 0.0 0.0 0.0
7715 3197.368408203125 1589.4736328125 144.2142770916719 1650.0 1500.0 0 0.0 0.0 0.0 0.0
7732 3192.105224609375 1589.4736328125 144.93182179279512 1650.0 1500.0 0 0.0 0.0 0.0 0.0
7748 3192.105224609375 1584.21044921875 147.77144322500124 1650.0 1500.0 0 0.0 0.0 0.0 0.0
7797 3186.842041015625 1578.947265625 151.05426578822892 1650.0 1500.0 0 0.0 0.0 0.0 0.0
7814 3181.578857421875 1568.4210205078125 156.9698355389105 1650.0 1500.0 0 0.0 0.0 0.0 0.0
7831 3165.78955078125 1563.1578369140625 159.7893919904285 1650.0 1500.0 0 0.0 0.0 0.0 0.0
7864 3160.5263671875 1557.8946533203125 162.51850054496822 1650.0 1500.0 0 0.0 0.0 0.0 0.0
7884 3150.0 1557.8946533203125 162.22074243111558 1650.0 1500.0 0 0.0 0.0 0.0 0.0
7900 3139.4736328125 1552.6314697265625 164.57091468143363 1650.0 1500.0 0 0.0 0.0 0.0 0.0
7917 3118.421142578125 1547.368408203125 166.07523591210395 1650.0 1500.0 0 0.0 0.0 0.0 0.0
7933 3113.157958984375 1547.368408203125 165.74861863569913 1650.0 1500.0 0 0.0 0.0 0.0 0.0
7948 3102.631591796875 1547.368408203125 165.15504670232895 1650.0 1500.0 0 0.0 0.0 0.0 0.0
7964 3086.842041015625 1547.368408203125 164.38146196302023 1650.0 1500.0 0 0.0 0.0 0.0 0.0
7981 3081.578857421875 1542.105224609375 166.8705491214821 1650.0 1500.0 0 0.0 0.0 0.0 0.0
7998 3065.78955078125 1542.105224609375 165.8720338508822 1650.0 1500.0 0 0.0 0.0 0.0 0.0
8014 3055.26318359375 1542.105224609375 165.26718554423388 1650.0 1500.0 0 0.0 0.0 0.0 0.0
8031 3050.0 1542.105224609375 164.97922272928236 1650.0 1500.0 0 0.0 0.0 0.0 0.0
8048 3044.73681640625 1542.105224609375 164.70505603839297 1650.0 1500.0 0 0.0 0.0 0.0 0.0
8097 3039.4736328125 1542.105224609375 164.44406991443952 1650.0 1500.0 0 0.0 0.0 0.0 0.0
8131 3034.21044921875 1547.368408203125 161.43872636243628 1650.0 1500.0 0 0.0 0.0 0.0 0.0
8148 3023.684326171875 1552.6314697265625 158.6085297392808 1650.0 1500.0 0 0.0 0.0 0.0 0.0
8164 3013.157958984375 1563.1578369140625 153.42837711824586 1650.0 1500.0 0 0.0 0.0 0.0 0.0
8181 3013.157958984375 1573.6842041015625 147.74264358318953 1650.0 1500.0 0 0.0 0.0 0.0 0.0
8198 3002.631591796875 1578.947265625 146.22835458524378 1650.0 1500.0 0 0.0 0.0 0.0 0.0
8214 3002.631591796875 1589.4736328125 140.7275028812779 1650.0 1500.0 0 0.0 0.0 0.0 0.0
8231 2997.368408203125 1589.4736328125 141.6066588701091 1650.0 1500.0 0 0.0 0.0 0.0 0.0
8248 2992.105224609375 1594.73681640625 139.83863296910877 1650.0 1500.0 0 0.0 0.0 0.0 0.0
8266 2992.105224609375 1600.0 137.15420268593755 1650.0 1500.0 0 0.0 0.0 0.0 0.0
8284 2992.105224609375 1605.2630615234375 134.52277302230817 1650.0 1500.0 0 0.0 0.0 0.0 0.0
8300 2992.105224609375 1610.5262451171875 131.94847778011774 1650.0 1500.0 0 0.0 0.0 0.0 0.0
8317 2986.842041015625 1615.7894287109375 130.78424615074576 1650.0 1500.0 0 0.0 0.0 0.0 0.0
8682 2986.842041015625 1610.5262451171875 133.3912277048106 1650.0 1500.0 0 0.0 0.0 0.0 0.0
8701 2981.578857421875 1594.73681640625 142.58643867254256 1650.0 1500.0 0 0.0 0.0 0.0 0.0
8717 2976.31591796875 1589.4736328125 146.0702883644613 1650.0 1500.0 0 0.0 0.0 0.0 0.0
8732 2971.052734375 1584.21044921875 149.42178313623344 1650.0 1500.0 0 0.0 0.0 0.0 0.0
8749 2965.78955078125 1573.6842041015625 155.40805424924247 1650.0 1500.0 0 0.0 0.0 0.0 0.0
8764 2960.5263671875 1563.1578369140625 161.11478667838287 1650.0 1500.0 0 0.0 0.0 0.0 0.0
8798 2950.0 1552.6314697265625 166.17651542640408 1650.0 1500.0 0 0.0 0.0 0.0 0.0
8814 2944.73681640625 1547.368408203125 168.56800595473226 1650.0 1500.0 0 0.0 0.0 0.0 0.0
8831 2934.21044921875 1542.105224609375 170.3031657156863 1650.0 1500.0 0 0.0 0.0 0.0 0.0
8848 2928.947265625 1542.105224609375 169.77522342068858 1650.0 1500.0 0 0.0 0.0 0.0 0.0
8864 2923.684326171875 1536.842041015625 171.96528246232424 1650.0 1500.0 0 0.0 0.0 0.0 0.0
8881 2913.157958984375 1531.578857421875 173.36452222292428 1650.0 1500.0 0 0.0 0.0 0.0 0.0
8898 2907.894775390625 1526.315673828125 175.34643136849712 1650.0 1500.0 0 0.0 0.0 0.0 0.0
8914 2907.894775390625 1521.0526123046875 178.08932714050366 1650.0 1500.0 0 0.0 0.0 0.0 0.0
8931 2902.631591796875 1521.0526123046875 177.1978581138547 1650.0 1500.0 0 0.0 0.0 0.0 0.0
8948 2892.105224609375 1515.7894287109375 178.07319873346296 1650.0 1500.0 0 0.0 0.0 0.0 0.0
8964 2881.578857421875 1515.7894287109375 176.36989683853471 1650.0 1500.0 0 0.0 0.0 0.0 0.0
8981 2876.31591796875 1515.7894287109375 175.55774385566338 1650.0 1500.0 0 0.0 0.0 0.0 0.0
8998 2865.78955078125 1515.7894287109375 174.07738369472702 1650.0 1500.0 0 0.0 0.0 0.0 0.0
9014 2855.26318359375 1515.7894287109375 172.72927459666568 1650.0 1500.0 0 0.0 0.0 0.0 0.0
9031 2850.0 1515.7894287109375 172.08688272474967 1650.0 1500.0 0 0.0 0.0 0.0 0.0
9050 2834.21044921875 1515.7894287109375 170.40856012982618 1650.0 1500.0 0 0.0 0.0 0.0 0.0
9067 2823.684326171875 1515.7894287109375 169.39094627612712 1650.0 1500.0 0 0.0 0.0 0.0 0.0
9084 2807.894775390625 1515.7894287109375 168.06310455346818 1650.0 1500.0 0 0.0 0.0 0.0 0.0
9085 2807.894775390625 1515.7894287109375 168.0631142415138 1650.0 1500.0 0 0.0 0.0 0.0 0.0
9100 2797.368408203125 1521.0526123046875 164.63577031290862 1650.0 1500.0 0 0.0 0.0 0.0 0.0
9116 2792.105224609375 1526.315673828125 161.62158373934096 1650.0 1500.0 0 0.0 0.0 0.0 0.0
9148 2792.105224609375 1531.578857421875 158.7238022660656 1650.0 1500.0 0 0.0 0.0 0.0 0.0
9164 2786.842041015625 1536.842041015625 155.99644649017569 1650.0 1500.0 0 0.0 0.0 0.0 0.0
9181 2786.842041015625 1542.105224609375 153.11528460109668 1650.0 1500.0 0 0.0 0.0 0.0 0.0
9198 2786.842041015625 1547.368408203125 150.25329949019476 1650.0 1500.0 0 0.0 0.0 0.0 0.0
9216 2781.578857421875 1552.6314697265625 147.97953511022638 1650.0 1500.0 0 0.0 0.0 0.0 0.0
9231 2781.578857421875 1563.1578369140625 142.42620623488042 1650.0 1500.0 0 0.0 0.0 0.0 0.0
9264 2781.578857421875 1568.4210205078125 139.69602912758785 1650.0 1500.0 0 0.0 0.0 0.0 0.0
9281 2781.578857421875 1573.6842041015625 137.01423011354447 1650.0 1500.0 0 0.0 0.0 0.0 0.0
9298 2781.578857421875 1578.947265625 134.3857451653079 1650.0 1500.0 0 0.0 0.0 0.0 0.0
9364 2776.31591796875 1578.947265625 135.55116069595218 1650.0 1500.0 0 0.0 0.0 0.0 0.0
9548 2776.31591796875 1573.6842041015625 138.25603911732412 1650.0 1500.0 0 0.0 0.0 0.0 0.0
9564 2776.31591796875 1568.4210205078125 141.00780003490357 1650.0 1500.0 0 0.0 0.0 0.0 0.0
9581 2771.052734375 1563.1578369140625 144.54789180850443 1650.0 1500.0 0 0.0 0.0 0.0 0.0
9598 2765.78955078125 1563.1578369140625 145.24984661349507 1650.0 1500.0 0 0.0 0.0 0.0 0.0
9614 2765.78955078125 1552.6314697265625 150.99238219317107 1650.0 1500.0 0 0.0 0.0 0.0 0.0
9631 2760.5263671875 1547.368408203125 154.13823483419674 1650.0 1500.0 0 0.0 0.0 0.0 0.0
9648 2755.26318359375 1542.105224609375 157.14205816265815 1650.0 1500.0 0 0.0 0.0 0.0 0.0
9681 2750.0 1536.842041015625 160.00285493062222 1650.0 1500.0 0 0.0 0.0 0.0 0.0
9698 2744.73681640625 1526.315673828125 165.45862435894162 1650.0 1500.0 0 0.0 0.0 0.0 0.0
9714 2734.21044921875 1521.0526123046875 167.49729256578416 1650.0 1500.0 0 0.0 0.0 0.0 0.0
9731 2728.947265625 1515.7894287109375 169.81579329441826 1650.0 1500.0 0 0.0 0.0 0.0 0.0
9748 2718.421142578125 1515.7894287109375 168.8518843851865 1650.0 1500.0 0 0.0 0.0 0.0 0.0
9764 2707.894775390625 1510.5262451171875 170.55913348270428 1650.0 1500.0 0 0.0 0.0 0.0 0.0
9781 2692.105224609375 1505.2630615234375 171.54308919438512 1650.0 1500.0 0 0.0 0.0 0.0 0.0
9798 2681.578857421875 1500.0 172.98426574959797 1650.0 1500.0 0 0.0 0.0 0.0 0.0
9814 2671.052734375 1494.73681640625 174.2821064347031 1650.0 1500.0 0 0.0 0.0 0.0 0.0
9831 2660.5263671875 1489.4736328125 175.45025819814214 1650.0 1500.0 0 0.0 0.0 0.0 0.0
9849 2655.26318359375 1489.4736328125 174.68067249267006 1650.0 1500.0 0 0.0 0.0 0.0 0.0
9867 2644.73681640625 1489.4736328125 173.27862210550552 1650.0 1500.0 0 0.0 0.0 0.0 0.0
9881 2639.4736328125 1489.4736328125 172.61048448395388 1650.0 1500.0 0 0.0 0.0 0.0 0.0
9915 2628.947265625 1489.4736328125 171.39404879215652 1650.0 1500.0 0 0.0 0.0 0.0 0.0
9932 2618.421142578125 1489.4736328125 170.28728696689518 1650.0 1500.0 0 0.0 0.0 0.0 0.0
9949 2613.157958984375 1489.4736328125 169.76010994400474 1650.0 1500.0 0 0.0 0.0 0.0 0.0
9981 2602.631591796875 1494.73681640625 166.18510868218232 1650.0 1500.0 0 0.0 0.0 0.0 0.0
9998 2597.368408203125 1500.0 163.1001644377995 1650.0 1500.0 0 0.0 0.0 0.0 0.0
10014 2597.368408203125 1505.2630615234375 160.20271463243694 1650.0 1500.0 0 0.0 0.0 0.0 0.0
10031 2592.105224609375 1505.2630615234375 160.15804495691754 1650.0 1500.0 0 0.0 0.0 0.0 0.0
10048 2581.578857421875 1510.5262451171875 157.44661571622407 1650.0 1500.0 0 0.0 0.0 0.0 0.0
10064 2576.31591796875 1515.7894287109375 154.78460348914393 1650.0 1500.0 0 0.0 0.0 0.0 0.0
10097 2571.052734375 1526.315673828125 149.55621566235396 1650.0 1500.0 0 0.0 0.0 0.0 0.0
10119 2560.5263671875 1542.105224609375 142.8443593048729 1650.0 1500.0 0 0.0 0.0 0.0 0.0
10131 2555.26318359375 1547.368408203125 141.0016743821815 1650.0 1500.0 0 0.0 0.0 0.0 0.0
10148 2550.0 1557.8946533203125 136.7556607412904 1650.0 1500.0 0 0.0 0.0 0.0 0.0
10165 2550.0 1563.1578369140625 134.13250951866578 1650.0 1500.0 0 0.0 0.0 0.0 0.0
10181 2550.0 1568.4210205078125 131.56713196006072 1650.0 1500.0 0 0.0 0.0 0.0 0.0
10214 2550.0 1573.6842041015625 129.06312665318242 1650.0 1500.0 0 0.0 0.0 0.0 0.0
10447 2539.4736328125 1573.6842041015625 131.74202107992866 1650.0 1500.0 0 0.0 0.0 0.0 0.0
10464 2534.21044921875 1568.4210205078125 135.56180565484823 1650.0 1500.0 0 0.0 0.0 0.0 0.0
10482 2523.684326171875 1563.1578369140625 140.1978452989997 1650.0 1500.0 0 0.0 0.0 0.0 0.0
10501 2518.421142578125 1557.8946533203125 143.7658625183125 1650.0 1500.0 0 0.0 0.0 0.0 0.0
10516 2513.157958984375 1552.6314697265625 147.2062108763978 1650.0 1500.0 0 0.0 0.0 0.0 0.0
10532 2507.894775390625 1552.6314697265625 147.7832544841175 1650.0 1500.0 0 0.0 0.0 0.0 0.0
10549 2497.368408203125 1542.105224609375 154.08913017250347 1650.0 1500.0 0 0.0 0.0 0.0 0.0
10566 2492.105224609375 1542.105224609375 154.33837954374758 1650.0 1500.0 0 0.0 0.0 0.0 0.0
10581 2481.578857421875 1542.105224609375 154.7912070808842 1650.0 1500.0 0 0.0 0.0 0.0 0.0
10598 2476.31591796875 1536.842041015625 157.76452747716326 1650.0 1500.0 0 0.0 0.0 0.0 0.0
10631 2471.052734375 1536.842041015625 157.83715345766467 1650.0 1500.0 0 0.0 0.0 0.0 0.0
10648 2471.052734375 1531.578857421875 160.73410162592245 1650.0 1500.0 0 0.0 0.0 0.0 0.0
10682 2450.0 1531.578857421875 160.48859441815046 1650.0 1500.0 0 0.0 0.0 0.0 0.0
10700 2444.73681640625 1531.578857421875 160.4302022681302 1650.0 1500.0 0 0.0 0.0 0.0 0.0
10716 2439.4736328125 1531.578857421875 160.37461734173905 1650.0 1500.0 0 0.0 0.0 0.0 0.0
10764 2423.684326171875 1531.578857421875 160.22971675041288 1650.0 1500.0 0 0.0 0.0 0.0 0.0
10781 2418.421142578125 1531.578857421875 160.1837558233301 1650.0 1500.0 0 0.0 0.0 0.0 0.0
10798 2413.157958984375 1531.578857421875 160.14000917039812 1650.0 1500.0 0 0.0 0.0 0.0 0.0
10814 2407.894775390625 1531.578857421875 160.09837262683163 1650.0 1500.0 0 0.0 0.0 0.0 0.0
10831 2402.631591796875 1531.578857421875 160.05871841339535 1650.0 1500.0 0 0.0 0.0 0.0 0.0
10914 2397.368408203125 1536.842041015625 157.2643417978113 1650.0 1500.0 0 0.0 0.0 0.0 0.0
10931 2397.368408203125 1542.105224609375 154.37704959504777 1650.0 1500.0 0 0.0 0.0 0.0 0.0
10948 2392.105224609375 1547.368408203125 151.8766738683379 1650.0 1500.0 0 0.0 0.0 0.0 0.0
10964 2381.578857421875 1557.8946533203125 147.39542741571313 1650.0 1500.0 0 0.0 0.0 0.0 0.0
10982 2376.31591796875 1563.1578369140625 145.28447034782465 1650.0 1500.0 0 0.0 0.0 0.0 0.0
10998 2371.052734375 1563.1578369140625 145.951999529992 1650.0 1500.0 0 0.0 0.0 0.0 0.0
11014 2371.052734375 1568.4210205078125 143.16798056145956 1650.0 1500.0 0 0.0 0.0 0.0 0.0
11034 2371.052734375 1573.6842041015625 140.42557750635194 1650.0 1500.0 0 0.0 0.0 0.0 0.0
11048 2371.052734375 1578.947265625 137.73038142730547 1650.0 1500.0 0 0.0 0.0 0.0 0.0
11381 2360.5263671875 1578.947265625 139.67414599465997 1650.0 1500.0 0 0.0 0.0 0.0 0.0
11397 2355.26318359375 1573.6842041015625 143.25978448370046 1650.0 1500.0 0 0.0 0.0 0.0 0.0
11414 2344.73681640625 1573.6842041015625 144.71613838840727 1650.0 1500.0 0 0.0 0.0 0.0 0.0
11431 2344.73681640625 1568.4210205078125 147.55354324752994 1650.0 1500.0 0 0.0 0.0 0.0 0.0
11451 2334.21044921875 1568.4210205078125 148.62425893419777 1650.0 1500.0 0 0.0 0.0 0.0 0.0
11452 2334.21044921875 1568.4210205078125 148.62428798445262 1650.0 1500.0 0 0.0 0.0 0.0 0.0
11481 2328.947265625 1568.4210205078125 149.13426980038957 1650.0 1500.0 0 0.0 0.0 0.0 0.0
11614 2328.947265625 1563.1578369140625 152.0089057802743 1650.0 1500.0 0 0.0 0.0 0.0 0.0
11681 2318.421142578125 1563.1578369140625 152.674763057095 1650.0 1500.0 0 0.0 0.0 0.0 0.0
11698 2302.631591796875 1563.1578369140625 153.54265939476647 1650.0 1500.0 0 0.0 0.0 0.0 0.0
11715 2297.368408203125 1568.4210205078125 151.087290275491 1650.0 1500.0 0 0.0 0.0 0.0 0.0
11731 2281.578857421875 1573.6842041015625 149.67945400083818 1650.0 1500.0 0 0.0 0.0 0.0 0.0
11749 2271.052734375 1573.6842041015625 150.557449429651 1650.0 1500.0 0 0.0 0.0 0.0 0.0
11765 2271.052734375 1578.947265625 147.71839705395246 1650.0 1500.0 0 0.0 0.0 0.0 0.0
11865 2255.26318359375 1584.21044921875 146.77165856072463 1650.0 1500.0 0 0.0 0.0 0.0 0.0
11883 2244.73681640625 1594.73681640625 142.84975437497857 1650.0 1500.0 0 0.0 0.0 0.0 0.0
11884 2244.73681640625 1594.73681640625 142.84974543226772 1650.0 1500.0 0 0.0 0.0 0.0 0.0
11899 2239.4736328125 1605.2630615234375 138.45962299562382 1650.0 1500.0 0 0.0 0.0 0.0 0.0
11915 2239.4736328125 1610.5262451171875 135.80175118799568 1650.0 1500.0 0 0.0 0.0 0.0 0.0
11931 2234.21044921875 1615.7894287109375 134.3925607813602 1650.0 1500.0 0 0.0 0.0 0.0 0.0
12031 2228.947265625 1615.7894287109375 135.55770687242642 1650.0 1500.0 0 0.0 0.0 0.0 0.0
12081 2223.684326171875 1615.7894287109375 136.6710183416262 1650.0 1500.0 0 0.0 0.0 0.0 0.0
12098 2218.421142578125 1615.7894287109375 137.73458283875107 1650.0 1500.0 0 0.0 0.0 0.0 0.0
12114 2213.157958984375 1610.5262451171875 141.38352581881458 1650.0 1500.0 0 0.0 0.0 0.0 0.0
12131 2207.894775390625 1605.2630615234375 144.91049540901648 1650.0 1500.0 0 0.0 0.0 0.0 0.0
12148 2207.894775390625 1600.0 147.74987717886444 1650.0 1500.0 0 0.0 0.0 0.0 0.0
12164 2197.368408203125 1600.0 148.80286330640075 1650.0 1500.0 0 0.0 0.0 0.0 0.0
12181 2186.842041015625 1594.73681640625 152.37662875353266 1650.0 1500.0 0 0.0 0.0 0.0 0.0
12198 2181.578857421875 1589.4736328125 155.46100076292242 1650.0 1500.0 0 0.0 0.0 0.0 0.0
12218 2160.5263671875 1589.4736328125 156.10216318678584 1650.0 1500.0 0 0.0 0.0 0.0 0.0
12219 2160.5263671875 1589.4736328125 156.10215872678828 1650.0 1500.0 0 0.0 0.0 0.0 0.0
12249 2144.73681640625 1589.4736328125 156.5197907102281 1650.0 1500.0 0 0.0 0.0 0.0 0.0
12267 2128.947265625 1589.4736328125 156.88246556968227 1650.0 1500.0 0 0.0 0.0 0.0 0.0
12268 2128.947265625 1589.4736328125 156.88247396356007 1650.0 1500.0 0 0.0 0.0 0.0 0.0
12283 2118.421142578125 1589.4736328125 157.1020674475077 1650.0 1500.0 0 0.0 0.0 0.0 0.0
12300 2113.157958984375 1589.4736328125 157.20658581157625 1650.0 1500.0 0 0.0 0.0 0.0 0.0
12315 2107.894775390625 1589.4736328125 157.30609545123986 1650.0 1500.0 0 0.0 0.0 0.0 0.0
12364 2107.894775390625 1594.73681640625 154.4186075698159 1650.0 1500.0 0 0.0 0.0 0.0 0.0
12481 2102.631591796875 1594.73681640625 154.65203509926033 1650.0 1500.0 0 0.0 0.0 0.0 0.0
12683 2092.105224609375 1589.4736328125 157.70750853854588 1650.0 1500.0 0 0.0 0.0 0.0 0.0
12699 2092.105224609375 1578.947265625 163.4949495841505 1650.0 1500.0 0 0.0 0.0 0.0 0.0
12715 2086.842041015625 1573.6842041015625 166.03144048751477 1650.0 1500.0 0 0.0 0.0 0.0 0.0
12731 2076.31591796875 1568.4210205078125 168.0145313561407 1650.0 1500.0 0 0.0 0.0 0.0 0.0
12748 2065.78955078125 1563.1578369140625 169.80399791101553 1650.0 1500.0 0 0.0 0.0 0.0 0.0
12764 2060.5263671875 1563.1578369140625 169.2997206827668 1650.0 1500.0 0 0.0 0.0 0.0 0.0
12782 2050.0 1563.1578369140625 168.38261899148733 1650.0 1500.0 0 0.0 0.0 0.0 0.0
12798 2039.4736328125 1563.1578369140625 167.54885658199998 1650.0 1500.0 0 0.0 0.0 0.0 0.0
12814 2028.947265625 1563.1578369140625 166.7909792357537 1650.0 1500.0 0 0.0 0.0 0.0 0.0
12831 2018.421142578125 1568.4210205078125 163.4758604106691 1650.0 1500.0 0 0.0 0.0 0.0 0.0
12848 2013.157958984375 1573.6842041015625 160.51578044000786 1650.0 1500.0 0 0.0 0.0 0.0 0.0
12864 2007.894775390625 1578.947265625 157.69879292114638 1650.0 1500.0 0 0.0 0.0 0.0 0.0
12881 2002.631591796875 1584.21044921875 155.0238050182178 1650.0 1500.0 0 0.0 0.0 0.0 0.0
12898 1997.368408203125 1584.21044921875 155.22819944009933 1650.0 1500.0 0 0.0 0.0 0.0 0.0
12914 1997.368408203125 1589.4736328125 152.35142550694172 1650.0 1500.0 0 0.0 0.0 0.0 0.0
13081 1992.105224609375 1589.4736328125 152.6838947893459 1650.0 1500.0 0 0.0 0.0 0.0 0.0
13397 1997.368408203125 1589.4736328125 152.33384673345142 1650.0 1500.0 0 0.0 0.0 0.0 0.0