0 2000.0 1500.0 0 0.0 0.0 0.0 0.0 0.0 0.0 0.0
504 2000.0 1493.63037109375 0.6960326764134948 0.0 0.0 0.0 0.0 0.0 0.0 0.0
512 1997.876708984375 1461.7825927734375 2.5874290264671345 0.0 0.0 0.0 0.0 0.0 0.0 0.0
521 1997.876708984375 1406.57958984375 6.037580951998962 0.0 0.0 0.0 0.0 0.0 0.0 0.0
529 1997.876708984375 1328.0213623046875 8.932751807911927 0.0 0.0 0.0 0.0 0.0 0.0 0.0
537 1997.876708984375 1245.2169189453125 10.690841048135212 0.0 0.0 0.0 0.0 0.0 0.0 0.0
544 1997.876708984375 1145.4268798828125 11.81346751250311 0.0 0.0 0.0 0.0 0.0 0.0 0.0
553 2006.3695068359375 1030.7744750976562 14.5947497836803 0.0 0.0 0.0 0.0 0.0 0.0 0.0
561 2006.3695068359375 907.6293334960938 13.802097025149578 0.0 0.0 0.0 0.0 0.0 0.0 0.0
568 2006.3695068359375 814.2088623046875 13.473666729918477 0.0 0.0 0.0 0.0 0.0 0.0 0.0
576 2010.6158447265625 725.0347900390625 14.505331400968544 0.0 0.0 0.0 0.0 0.0 0.0 0.0
587 2014.8623046875 652.8462524414062 15.264469121590707 0.0 0.0 0.0 0.0 0.0 0.0 0.0
595 2016.9854736328125 597.6432800292969 15.269898810918278 0.0 0.0 0.0 0.0 0.0 0.0 0.0
600 2016.9854736328125 565.7953796386719 14.786206660877326 0.0 0.0 0.0 0.0 0.0 0.0 0.0
608 2016.9854736328125 542.4402770996094 14.492502765208258 0.0 0.0 0.0 0.0 0.0 0.0 0.0
617 2016.9854736328125 533.947509765625 14.393192524590063 0.0 0.0 0.0 0.0 0.0 0.0 0.0
624 2019.108642578125 529.7011108398438 15.387109718969441 0.0 0.0 0.0 0.0 0.0 0.0 0.0
633 2019.108642578125 527.5779418945312 15.344324051248634 0.0 0.0 0.0 0.0 0.0 0.0 0.0
1888 2027.6014404296875 514.8387756347656 18.983668494039307 0.0 0.0 0.0 0.0 0.0 0.0 0.0
1896 2042.4637451171875 493.6068420410156 24.3120407581265 0.0 0.0 0.0 0.0 0.0 0.0 0.0
1904 2055.202880859375 474.49810791015625 28.067069219373934 0.0 0.0 0.0 0.0 0.0 0.0 0.0
1913 2067.942138671875 457.5125732421875 31.4939874272701 0.0 0.0 0.0 0.0 0.0 0.0 0.0
1920 2087.05078125 434.157470703125 35.86597500321409 0.0 0.0 0.0 0.0 0.0 0.0 0.0
1929 2114.65234375 410.8023376464844 42.33444477149578 0.0 0.0 0.0 0.0 0.0 0.0 0.0
1936 2171.978515625 378.9544677734375 53.906619486655075 0.0 0.0 0.0 0.0 0.0 0.0 0.0
1945 2239.920654296875 344.98338317871094 62.99380367286932 0.0 0.0 0.0 0.0 0.0 0.0 0.0
1952 2322.72509765625 321.62828063964844 73.51766183414668 0.0 0.0 0.0 0.0 0.0 0.0 0.0
1961 2386.4208984375 306.76593017578125 79.54506128900357 0.0 0.0 0.0 0.0 0.0 0.0 0.0
1968 2422.51513671875 304.6427307128906 84.41249097906126 0.0 0.0 0.0 0.0 0.0 0.0 0.0
1977 2431.008056640625 302.51954650878906 84.74664224897072 0.0 0.0 0.0 0.0 0.0 0.0 0.0
4104 2443.7470703125 300.39634704589844 85.65781156523337 0.0 0.0 0.0 0.0 0.0 0.0 0.0
4112 2484.087890625 298.2731628417969 89.45206893416213 0.0 0.0 0.0 0.0 0.0 0.0 0.0
4120 2543.537109375 298.2731628417969 94.15589058259297 0.0 0.0 0.0 0.0 0.0 0.0 0.0
4150 2851.400146484375 289.7803955078125 99.53639377106902 0.0 0.0 0.0 0.0 0.0 0.0 0.0
4152 3008.516357421875 289.7803955078125 101.60102066076433 0.0 0.0 0.0 0.0 0.0 0.0 0.0
4160 3214.4658203125 289.7803955078125 102.55666781665445 0.0 0.0 0.0 0.0 0.0 0.0 0.0
4168 3443.770751953125 289.7803955078125 102.90673593112268 0.0 0.0 0.0 0.0 0.0 0.0 0.0
4178 3666.705810546875 289.7803955078125 103.02084016675929 0.0 0.0 0.0 0.0 0.0 0.0 0.0
4648 3993.32373046875 306.76593017578125 105.2791423677478 0.0 0.0 0.0 0.0 0.0 0.0 0.0
4656 3904.149658203125 311.01231384277344 123.35498667434885 0.0 0.0 0.0 0.0 0.0 0.0 0.0
4664 3814.9755859375 315.2586975097656 172.41588769074508 0.0 0.0 0.0 0.0 0.0 0.0 0.0
4673 3736.41748046875 319.5050811767578 212.63612809619053 0.0 0.0 0.0 0.0 0.0 0.0 0.0
4680 3664.228759765625 323.75146484375 237.98230780223534 0.0 0.0 0.0 0.0 0.0 0.0 0.0
4690 3602.65625 325.8746643066406 252.96036235490521 0.0 0.0 0.0 0.0 0.0 0.0 0.0
4696 3549.576416015625 325.8746643066406 262.5080822586752 0.0 0.0 0.0 0.0 0.0 0.0 0.0
4705 3479.510986328125 325.8746643066406 270.38074276810187 0.0 0.0 0.0 0.0 0.0 0.0 0.0
4712 3396.70654296875 323.75146484375 276.38464727509137 0.0 0.0 0.0 0.0 0.0 0.0 0.0
4721 3292.670166015625 311.01231384277344 282.98094003125516 0.0 0.0 0.0 0.0 0.0 0.0 0.0
4728 3195.00341796875 296.14996337890625 287.0727306680705 0.0 0.0 0.0 0.0 0.0 0.0 0.0
4737 3114.322021484375 281.2876281738281 289.790195848002 0.0 0.0 0.0 0.0 0.0 0.0 0.0
4744 3044.256591796875 262.17889404296875 293.14123455567193 0.0 0.0 0.0 0.0 0.0 0.0 0.0
4753 3003.916015625 253.68612670898438 293.63103651673964 0.0 0.0 0.0 0.0 0.0 0.0 0.0
4760 2974.19140625 245.193359375 294.79324267467666 0.0 0.0 0.0 0.0 0.0 0.0 0.0
4771 2959.3291015625 243.07015991210938 294.37117236339424 0.0 0.0 0.0 0.0 0.0 0.0 0.0
4776 2946.58984375 238.8237762451172 295.1317565277941 0.0 0.0 0.0 0.0 0.0 0.0 0.0
4789 2940.22021484375 236.7005844116211 295.49071415183005 0.0 0.0 0.0 0.0 0.0 0.0 0.0
4792 2933.8505859375 232.4542007446289 296.8216284209627 0.0 0.0 0.0 0.0 0.0 0.0 0.0
4800 2929.604248046875 230.3310089111328 297.33727012511525 0.0 0.0 0.0 0.0 0.0 0.0 0.0
4809 2925.35791015625 228.20781707763672 297.8324844853162 0.0 0.0 0.0 0.0 0.0 0.0 0.0
4816 2923.234619140625 226.08462524414062 298.5857796790368 0.0 0.0 0.0 0.0 0.0 0.0 0.0
4825 2921.111572265625 223.96143341064453 299.3219149037652 0.0 0.0 0.0 0.0 0.0 0.0 0.0
4832 2918.98828125 223.96143341064453 299.0246733305423 0.0 0.0 0.0 0.0 0.0 0.0 0.0
4841 2918.98828125 221.8382339477539 300.0594621597853 0.0 0.0 0.0 0.0 0.0 0.0 0.0
4880 2916.865234375 219.7150421142578 300.7616626724191 0.0 0.0 0.0 0.0 0.0 0.0 0.0
4889 2912.61865234375 219.7150421142578 300.12719272522986 0.0 0.0 0.0 0.0 0.0 0.0 0.0
4896 2908.372314453125 215.46865844726562 301.49667569148824 0.0 0.0 0.0 0.0 0.0 0.0 0.0
4906 2902.002685546875 211.22227478027344 302.46075334094354 0.0 0.0 0.0 0.0 0.0 0.0 0.0
4912 2891.38671875 204.85269927978516 303.6038171975326 0.0 0.0 0.0 0.0 0.0 0.0 0.0
4921 2882.89404296875 200.60631561279297 304.07349734130827 0.0 0.0 0.0 0.0 0.0 0.0 0.0
4928 2880.77099609375 196.35993194580078 305.65635438595507 0.0 0.0 0.0 0.0 0.0 0.0 0.0
4938 2876.5244140625 194.2367401123047 305.81773404485887 0.0 0.0 0.0 0.0 0.0 0.0 0.0
4944 2874.4013671875 192.1135482788086 306.3834307262848 0.0 0.0 0.0 0.0 0.0 0.0 0.0
4959 2872.278076171875 192.1135482788086 305.96267928525015 0.0 0.0 0.0 0.0 0.0 0.0 0.0
4960 2870.155029296875 189.9903564453125 306.5248124706609 0.0 0.0 0.0 0.0 0.0 0.0 0.0
4976 2863.785400390625 185.74396514892578 307.17495367356423 0.0 0.0 0.0 0.0 0.0 0.0 0.0
4977 2853.16943359375 183.6207733154297 306.0589165418403 0.0 0.0 0.0 0.0 0.0 0.0 0.0
4990 2838.30712890625 179.3743896484375 305.2101229819908 0.0 0.0 0.0 0.0 0.0 0.0 0.0
4992 2823.444580078125 177.2511978149414 303.5718432173977 0.0 0.0 0.0 0.0 0.0 0.0 0.0
5007 2810.70556640625 175.1280059814453 302.44032324162265 0.0 0.0 0.0 0.0 0.0 0.0 0.0
5008 2806.459228515625 175.1280059814453 301.7476793259293 0.0 0.0 0.0 0.0 0.0 0.0 0.0
5016 2804.3359375 175.1280059814453 301.40743954505814 0.0 0.0 0.0 0.0 0.0 0.0 0.0
5025 2802.212646484375 175.1280059814453 301.07318837609836 0.0 0.0 0.0 0.0 0.0 0.0 0.0
5088 2797.96630859375 175.1280059814453 300.42789773057973 0.0 0.0 0.0 0.0 0.0 0.0 0.0
5104 2797.96630859375 173.00481414794922 301.454709233114 0.0 0.0 0.0 0.0 0.0 0.0 0.0
5113 2795.84326171875 173.00481414794922 301.11963747952785 0.0 0.0 0.0 0.0 0.0 0.0 0.0
5744 2793.719970703125 173.00481414794922 300.79045649531594 0.0 0.0 0.0 0.0 0.0 0.0 0.0
5760 2791.5966796875 173.00481414794922 300.46712384420243 0.0 0.0 0.0 0.0 0.0 0.0 0.0
5770 2787.350341796875 170.88162231445312 300.8375042123078 0.0 0.0 0.0 0.0 0.0 0.0 0.0
5776 2785.227294921875 170.88162231445312 300.5133487302748 0.0 0.0 0.0 0.0 0.0 0.0 0.0
5785 2783.10400390625 168.75843048095703 301.2049618664551 0.0 0.0 0.0 0.0 0.0 0.0 0.0
5792 2778.857666015625 168.75843048095703 300.55511223714467 0.0 0.0 0.0 0.0 0.0 0.0 0.0
5816 2776.734375 168.75843048095703 300.2359333023386 0.0 0.0 0.0 0.0 0.0 0.0 0.0