0 2025.4384765625 656.2955932617188 4.340406722176837 0.0 0.0 0.0 0.0 0.0 0.0 0.0
1 2025.4384765625 656.2955932617188 4.340406722176837 0.0 0.0 0.0 0.0 0.0 0.0 0.0
137 2025.4384765625 656.2955932617188 4.340406722176837 0.0 0.0 0.0 0.0 0.0 0.0 0.0
153 2025.4384765625 656.2955932617188 4.340406722176837 0.0 0.0 0.0 0.0 0.0 0.0 0.0
167 2025.4384765625 656.2955932617188 4.340406722176837 0.0 0.0 0.0 0.0 0.0 0.0 0.0
181 2025.4384765625 656.2955932617188 4.340406722176837 0.0 0.0 0.0 0.0 0.0 0.0 0.0
198 2025.4384765625 656.2955932617188 4.340406722176837 0.0 0.0 0.0 0.0 0.0 0.0 0.0
213 2025.4384765625 656.2955932617188 4.340406722176837 0.0 0.0 0.0 0.0 0.0 0.0 0.0
229 2025.4384765625 656.2955932617188 4.340406722176837 0.0 0.0 0.0 0.0 0.0 0.0 0.0
246 2025.4384765625 656.2955932617188 4.340406722176837 0.0 0.0 0.0 0.0 0.0 0.0 0.0
262 2025.4384765625 656.2955932617188 4.340406722176837 0.0 0.0 0.0 0.0 0.0 0.0 0.0
560 2025.4384765625 656.2955932617188 4.340406722176837 0.0 0.0 0.0 0.0 0.0 0.0 0.0
571 2025.4384765625 656.2955932617188 4.340406722176837 0.0 0.0 0.0 0.0 0.0 0.0 0.0
582 2025.4384765625 656.2955932617188 4.340406722176837 0.0 0.0 0.0 0.0 0.0 0.0 0.0
595 2025.4384765625 656.2955932617188 4.340406722176837 0.0 0.0 0.0 0.0 0.0 0.0 0.0
612 2025.4384765625 656.2955932617188 4.340406722176837 0.0 0.0 0.0 0.0 0.0 0.0 0.0
629 2025.4384765625 656.2955932617188 4.340406722176837 0.0 0.0 0.0 0.0 0.0 0.0 0.0
645 2043.6928634643555 652.3281440734863 6.043894731331996 0.0 0.0 0.0 0.0 0.0 0.0 0.0
662 2047.9326095581055 643.8486518859863 3.4328150152461703 0.0 0.0 0.0 0.0 0.0 0.0 0.0
679 2056.4121017456055 643.8486518859863 5.250344708850285 0.0 0.0 0.0 0.0 0.0 0.0 0.0
1000 2060.6518478393555 643.8486518859863 6.130927938470542 0.0 0.0 0.0 0.0 0.0 0.0 0.0
1017 2064.8915939331055 643.8486518859863 6.984168699168045 0.0 0.0 0.0 0.0 0.0 0.0 0.0
1033 2077.6105880737305 643.8486518859863 9.317000038422357 0.0 0.0 0.0 0.0 0.0 0.0 0.0
1144 2073.3710861206055 643.8486518859863 8.513350154384376 0.0 0.0 0.0 0.0 0.0 0.0 0.0
1166 2073.3710861206055 648.0883979797363 10.405713125309212 0.0 0.0 0.0 0.0 0.0 0.0 0.0
1183 2069.1313400268555 652.3281440734863 11.611369788457047 0.0 0.0 0.0 0.0 0.0 0.0 0.0
1216 2064.8915939331055 652.3281440734863 10.885649636203489 0.0 0.0 0.0 0.0 0.0 0.0 0.0
1240 2060.6518478393555 652.3281440734863 10.135110248487571 0.0 0.0 0.0 0.0 0.0 0.0 0.0
1256 2056.4121017456055 652.3281440734863 9.359062936035919 0.0 0.0 0.0 0.0 0.0 0.0 0.0
1264 2052.1723556518555 652.3281440734863 8.55677358016802 0.0 0.0 0.0 0.0 0.0 0.0 0.0
1280 2043.6928634643555 652.3281440734863 6.84090821638879 0.0 0.0 0.0 0.0 0.0 0.0 0.0
1296 2035.2136154174805 652.3281440734863 5.008056867455203 0.0 0.0 0.0 0.0 0.0 0.0 0.0
1316 2014.0148849487305 656.5678291320801 1.660090285602898 0.0 0.0 0.0 0.0 0.0 0.0 0.0
1330 1992.8163986206055 660.8075752258301 357.62982092557104 0.0 0.0 0.0 0.0 0.0 0.0 0.0
1351 1963.1381759643555 665.0472602844238 349.53832486139686 0.0 0.0 0.0 0.0 0.0 0.0 0.0
1365 1937.6999435424805 665.0472602844238 339.8961985807131 0.0 0.0 0.0 0.0 0.0 0.0 0.0
1383 1912.261589050293 665.0472602844238 328.9832241528586 0.0 0.0 0.0 0.0 0.0 0.0 0.0
1400 1886.8232345581055 669.2870063781738 317.7448722023194 0.0 0.0 0.0 0.0 0.0 0.0 0.0
1413 1874.104118347168 669.2870063781738 311.72850246814966 0.0 0.0 0.0 0.0 0.0 0.0 0.0
1430 1852.9055099487305 669.2870063781738 301.5138296125659 0.0 0.0 0.0 0.0 0.0 0.0 0.0
1446 1840.186393737793 673.5267524719238 295.21159517921745 0.0 0.0 0.0 0.0 0.0 0.0 0.0
1463 1827.467155456543 673.5267524719238 289.25024243894416 0.0 0.0 0.0 0.0 0.0 0.0 0.0
1480 1806.2685470581055 673.5267524719238 279.7877905946957 0.0 0.0 0.0 0.0 0.0 0.0 0.0
1496 1802.0288009643555 673.5267524719238 277.92922140760714 0.0 0.0 0.0 0.0 0.0 0.0 0.0
1527 1806.2685470581055 673.5267524719238 279.8138010122817 0.0 0.0 0.0 0.0 0.0 0.0 0.0
1545 1891.0629806518555 660.8075752258301 319.75810081958457 0.0 0.0 0.0 0.0 0.0 0.0 0.0
1563 2344.7131271362305 665.0472602844238 19.22659583121618 0.0 0.0 0.0 0.0 0.0 0.0 0.0
1580 3383.4448165893555 665.0472602844238 30.517968897936534 0.0 0.0 0.0 0.0 0.0 0.0 0.0
2183 3892.2111740112305 864.3141670227051 49.182894370027235 0.0 0.0 0.0 0.0 0.0 0.0 0.0
2192 3849.8139572143555 851.5949897766113 49.57953568917237 0.0 0.0 0.0 0.0 0.0 0.0 0.0
2200 3815.8962326049805 838.8758125305176 48.369605569946664 0.0 0.0 0.0 0.0 0.0 0.0 0.0
2208 3760.7797775268555 830.3963813781738 55.09570470507334 0.0 0.0 0.0 0.0 0.0 0.0 0.0
2215 3714.1430587768555 809.1977729797363 54.227902851141685 0.0 0.0 0.0 0.0 0.0 0.0 0.0
2223 3667.5060958862305 792.2389106750488 55.9546312080567 0.0 0.0 0.0 0.0 0.0 0.0 0.0
2231 3616.6293869018555 762.5608711242676 50.08316026830578 0.0 0.0 0.0 0.0 0.0 0.0 0.0
2239 3569.9924240112305 732.8828315734863 38.46574781238251 0.0 0.0 0.0 0.0 0.0 0.0 0.0
2247 3527.5952072143555 711.6842231750488 26.31519811865804 0.0 0.0 0.0 0.0 0.0 0.0 0.0
2255 3476.7184982299805 686.2458686828613 3.373205277901306 0.0 0.0 0.0 0.0 0.0 0.0 0.0
2264 3447.0405197143555 656.5678291320801 342.8685711127838 0.0 0.0 0.0 0.0 0.0 0.0 0.0
2271 3417.3625411987305 626.8897895812988 323.98636343594967 0.0 0.0 0.0 0.0 0.0 0.0 0.0
2281 3387.6845626831055 601.4514961242676 308.28158432219936 0.0 0.0 0.0 0.0 0.0 0.0 0.0
2287 3358.0063400268555 576.0131416320801 295.3984116164979 0.0 0.0 0.0 0.0 0.0 0.0 0.0
2296 3336.8078536987305 554.8145332336426 287.94696793842644 0.0 0.0 0.0 0.0 0.0 0.0 0.0
2303 3319.8488693237305 533.6159248352051 283.43165191271174 0.0 0.0 0.0 0.0 0.0 0.0 0.0
2313 3298.6503829956055 508.1776008605957 278.8318013917508 0.0 0.0 0.0 0.0 0.0 0.0 0.0
2319 3273.2119064331055 478.49956130981445 274.5151702994474 0.0 0.0 0.0 0.0 0.0 0.0 0.0
2329 3243.5339279174805 453.0612373352051 269.1202615205807 0.0 0.0 0.0 0.0 0.0 0.0 0.0
2335 3218.0956954956055 419.14348220825195 268.0259851828714 0.0 0.0 0.0 0.0 0.0 0.0 0.0
2345 3196.8969650268555 397.94487380981445 265.7837352508022 0.0 0.0 0.0 0.0 0.0 0.0 0.0
2351 3171.4587326049805 368.2668342590332 264.6566272160366 0.0 0.0 0.0 0.0 0.0 0.0 0.0
2362 3150.2600021362305 342.8284797668457 264.0811405578968 0.0 0.0 0.0 0.0 0.0 0.0 0.0
2367 3129.0615158081055 308.9107246398926 265.51503054846125 0.0 0.0 0.0 0.0 0.0 0.0 0.0
2379 3107.8627853393555 283.4724006652832 264.7534852180991 0.0 0.0 0.0 0.0 0.0 0.0 0.0
2383 3082.4245529174805 258.0340766906738 262.91810726657286 0.0 0.0 0.0 0.0 0.0 0.0 0.0
2395 3065.4655685424805 236.83546829223633 262.96086473007335 0.0 0.0 0.0 0.0 0.0 0.0 0.0
2400 3048.5068283081055 219.87659072875977 261.9340294209286 0.0 0.0 0.0 0.0 0.0 0.0 0.0
2412 3035.7875900268555 202.91769790649414 262.3865202560799 0.0 0.0 0.0 0.0 0.0 0.0 0.0
2415 3014.5891036987305 181.71909713745117 261.2690302487483 0.0 0.0 0.0 0.0 0.0 0.0 0.0
2429 2997.6301193237305 164.7602195739746 260.52410853101117 0.0 0.0 0.0 0.0 0.0 0.0 0.0
2432 2989.1506271362305 156.2807731628418 260.18559170203537 0.0 0.0 0.0 0.0 0.0 0.0 0.0
2445 2976.4316329956055 147.80133438110352 258.53293337130833 0.0 0.0 0.0 0.0 0.0 0.0 0.0
2448 2972.1918869018555 143.5616111755371 258.45059101145057 0.0 0.0 0.0 0.0 0.0 0.0 0.0
2462 2967.9521408081055 139.32189559936523 258.3721807595979 0.0 0.0 0.0 0.0 0.0 0.0 0.0
2464 2963.7123947143555 135.08217239379883 258.29751037632576 0.0 0.0 0.0 0.0 0.0 0.0 0.0
2480 2963.7123947143555 130.84244918823242 259.6612950135868 0.0 0.0 0.0 0.0 0.0 0.0 0.0
2496 2963.7123947143555 126.60272979736328 260.9897850184919 0.0 0.0 0.0 0.0 0.0 0.0 0.0
2560 2967.9521408081055 126.60272979736328 262.5638184903768 0.0 0.0 0.0 0.0 0.0 0.0 0.0
2608 2972.1918869018555 126.60272979736328 264.17327736142727 0.0 0.0 0.0 0.0 0.0 0.0 0.0
2640 2976.4316329956055 126.60272979736328 265.8177652785759 0.0 0.0 0.0 0.0 0.0 0.0 0.0
2649 2980.6711349487305 126.60272979736328 267.49642078198076 0.0 0.0 0.0 0.0 0.0 0.0 0.0
2840 2984.9108810424805 135.08217239379883 266.83168167103213 0.0 0.0 0.0 0.0 0.0 0.0 0.0
2856 2989.1506271362305 139.32189559936523 267.3578069519245 0.0 0.0 0.0 0.0 0.0 0.0 0.0
2865 2993.3903732299805 143.5616111755371 267.91122565296246 0.0 0.0 0.0 0.0 0.0 0.0 0.0
2872 2997.6301193237305 147.80133438110352 268.49329466361786 0.0 0.0 0.0 0.0 0.0 0.0 0.0
2881 3006.1096115112305 152.04105758666992 270.93993284836694 0.0 0.0 0.0 0.0 0.0 0.0 0.0
2888 3014.5891036987305 160.5204963684082 272.49405567165593 0.0 0.0 0.0 0.0 0.0 0.0 0.0
2897 3027.3080978393555 168.99993515014648 276.24209447879986 0.0 0.0 0.0 0.0 0.0 0.0 0.0
2904 3040.0273361206055 185.95882034301758 278.65143492314314 0.0 0.0 0.0 0.0 0.0 0.0 0.0
2913 3056.9863204956055 190.19854354858398 285.93375945092515 0.0 0.0 0.0 0.0 0.0 0.0 0.0
2920 3069.7053146362305 202.91769790649414 290.7536833029087 0.0 0.0 0.0 0.0 0.0 0.0 0.0
2950 3095.1437911987305 219.87659072875977 303.2453891890024 0.0 0.0 0.0 0.0 0.0 0.0 0.0
2954 3103.6230392456055 219.87659072875977 307.29440682195695 0.0 0.0 0.0 0.0 0.0 0.0 0.0
2959 3107.8627853393555 219.87659072875977 309.3095485809746 0.0 0.0 0.0 0.0 0.0 0.0 0.0
3080 3107.8627853393555 224.11630630493164 309.5845247255348 0.0 0.0 0.0 0.0 0.0 0.0 0.0