0 3907.915771484375 924.9296264648438 173.52118293482826 0.0 0.0 0.0 0.0 0.0 0.0 0.0
61 3907.915771484375 924.9296264648438 173.52118293482826 0.0 0.0 0.0 0.0 0.0 0.0 0.0
83 3907.915771484375 924.9296264648438 173.52118293482826 0.0 0.0 0.0 0.0 0.0 0.0 0.0
111 3907.915771484375 924.9296264648438 173.52118293482826 0.0 0.0 0.0 0.0 0.0 0.0 0.0
132 3705.8238067626953 1045.4096984863281 173.5212006995259 0.0 0.0 0.0 0.0 0.0 0.0 0.0
161 3686.0608673095703 1096.7931213378906 172.66496025246488 0.0 0.0 0.0 0.0 0.0 0.0 0.0
181 3634.6775665283203 1199.5599060058594 173.70337367206085 0.0 0.0 0.0 0.0 0.0 0.0 0.0
182 3634.6775665283203 1199.5599060058594 173.70337158669693 0.0 0.0 0.0 0.0 0.0 0.0 0.0
212 3607.0095977783203 1250.9433288574219 174.52342697451107 0.0 0.0 0.0 0.0 0.0 0.0 0.0
232 3559.5786895751953 1349.7575378417969 174.4879175643999 0.0 0.0 0.0 0.0 0.0 0.0 0.0
261 3539.8159942626953 1385.3306579589844 175.0993250956816 0.0 0.0 0.0 0.0 0.0 0.0 0.0
281 3520.0530548095703 1428.8089294433594 174.7120167673091 0.0 0.0 0.0 0.0 0.0 0.0 0.0
296 3504.2427520751953 1456.4768981933594 175.27975441386874 0.0 0.0 0.0 0.0 0.0 0.0 0.0
315 3480.5274200439453 1515.7654724121094 174.06445127028368 0.0 0.0 0.0 0.0 0.0 0.0 0.0
331 3472.6221466064453 1543.4334411621094 172.79712262138324 0.0 0.0 0.0 0.0 0.0 0.0 0.0
361 3464.7171173095703 1575.0539245605469 171.29036730398357 0.0 0.0 0.0 0.0 0.0 0.0 0.0
381 3456.8118438720703 1602.7218933105469 170.39856812027725 0.0 0.0 0.0 0.0 0.0 0.0 0.0
396 3452.8594512939453 1630.3899841308594 168.61874304258404 0.0 0.0 0.0 0.0 0.0 0.0 0.0
415 3441.0017852783203 1689.6784362792969 166.50122402404128 0.0 0.0 0.0 0.0 0.0 0.0 0.0
432 3433.0965118408203 1721.2990417480469 165.9442756596672 0.0 0.0 0.0 0.0 0.0 0.0 0.0
461 3425.1914825439453 1756.8721618652344 165.17450906512596 0.0 0.0 0.0 0.0 0.0 0.0 0.0
481 3417.2862091064453 1792.4452819824219 164.5326973676745 0.0 0.0 0.0 0.0 0.0 0.0 0.0
495 3413.3335723876953 1828.0184020996094 162.9945877253074 0.0 0.0 0.0 0.0 0.0 0.0 0.0
515 3401.4759063720703 1903.1171569824219 161.4559295167004 0.0 0.0 0.0 0.0 0.0 0.0 0.0
545 3397.5235137939453 1942.6429138183594 160.21382204163427 0.0 0.0 0.0 0.0 0.0 0.0 0.0
564 3389.6182403564453 1986.1211853027344 159.99531529993445 0.0 0.0 0.0 0.0 0.0 0.0 0.0
581 3373.8079376220703 2065.172576904297 160.02674525043344 0.0 0.0 0.0 0.0 0.0 0.0 0.0
582 3373.8079376220703 2065.172576904297 160.02674525526973 0.0 0.0 0.0 0.0 0.0 0.0 0.0
611 3365.9029083251953 2096.7930603027344 160.4505234590333 0.0 0.0 0.0 0.0 0.0 0.0 0.0
631 3357.9976348876953 2132.366180419922 160.5947462496928 0.0 0.0 0.0 0.0 0.0 0.0 0.0
648 3354.0452423095703 2163.986785888672 159.89917567936286 0.0 0.0 0.0 0.0 0.0 0.0 0.0
664 3350.0926055908203 2191.654754638672 159.50337153155712 0.0 0.0 0.0 0.0 0.0 0.0 0.0
681 3350.0926055908203 2243.0381774902344 157.15521973686808 0.0 0.0 0.0 0.0 0.0 0.0 0.0
682 3350.0926055908203 2243.0381774902344 157.1551774888422 0.0 0.0 0.0 0.0 0.0 0.0 0.0
711 3350.0926055908203 2266.7535095214844 156.1952359762328 0.0 0.0 0.0 0.0 0.0 0.0 0.0
731 3354.0452423095703 2318.1370544433594 153.60352381670694 0.0 0.0 0.0 0.0 0.0 0.0 0.0
732 3354.0452423095703 2318.1370544433594 153.6035207565147 0.0 0.0 0.0 0.0 0.0 0.0 0.0
761 3361.9502716064453 2337.8997497558594 150.89431757554067 0.0 0.0 0.0 0.0 0.0 0.0 0.0
781 3377.7605743408203 2373.4729919433594 146.39633740944382 0.0 0.0 0.0 0.0 0.0 0.0 0.0
782 3377.7605743408203 2373.4729919433594 146.39636982989526 0.0 0.0 0.0 0.0 0.0 0.0 0.0
811 3385.6656036376953 2385.3306579589844 144.21849608432652 0.0 0.0 0.0 0.0 0.0 0.0 0.0
831 3401.4759063720703 2409.0459899902344 140.39220606515576 0.0 0.0 0.0 0.0 0.0 0.0 0.0
832 3401.4759063720703 2409.0459899902344 140.39218866251716 0.0 0.0 0.0 0.0 0.0 0.0 0.0
861 3405.4285430908203 2420.9036560058594 139.75134505947958 0.0 0.0 0.0 0.0 0.0 0.0 0.0
882 3417.2862091064453 2440.6665954589844 137.3341397706923 0.0 0.0 0.0 0.0 0.0 0.0 0.0
911 3421.2388458251953 2452.5242614746094 136.88753190409093 0.0 0.0 0.0 0.0 0.0 0.0 0.0
931 3425.1914825439453 2464.3819274902344 136.4693972195228 0.0 0.0 0.0 0.0 0.0 0.0 0.0
948 3433.0965118408203 2468.3345642089844 134.37413266973704 0.0 0.0 0.0 0.0 0.0 0.0 0.0
965 3441.0017852783203 2484.1448669433594 133.30707036844026 0.0 0.0 0.0 0.0 0.0 0.0 0.0
981 3444.9541778564453 2488.0975036621094 132.46495520450398 0.0 0.0 0.0 0.0 0.0 0.0 0.0
1011 3452.8594512939453 2492.0498962402344 130.49750483819835 0.0 0.0 0.0 0.0 0.0 0.0 0.0
1031 3460.7644805908203 2496.0025329589844 128.59619603243155 0.0 0.0 0.0 0.0 0.0 0.0 0.0
1032 3460.7644805908203 2496.0025329589844 128.59618155146788 0.0 0.0 0.0 0.0 0.0 0.0 0.0
1061 3464.7171173095703 2499.9551696777344 127.87978450545722 0.0 0.0 0.0 0.0 0.0 0.0 0.0
1081 3468.6697540283203 2499.9551696777344 126.72956553459531 0.0 0.0 0.0 0.0 0.0 0.0 0.0
1111 3472.6221466064453 2499.9551696777344 125.5889497578851 0.0 0.0 0.0 0.0 0.0 0.0 0.0
1130 3476.5747833251953 2499.9551696777344 124.45816523488276 0.0 0.0 0.0 0.0 0.0 0.0 0.0
1944 3618.445083618164 2077.269588470459 113.22009975109086 0.0 0.0 0.0 0.0 0.0 0.0 0.0
1965 3594.729751586914 2077.269588470459 100.05611730146484 0.0 0.0 0.0 0.0 0.0 0.0 0.0
1981 3567.061538696289 2085.174861907959 84.01456043063223 0.0 0.0 0.0 0.0 0.0 0.0 0.0
2011 3531.488540649414 2093.079891204834 65.0953657158363 0.0 0.0 0.0 0.0 0.0 0.0 0.0
2032 3436.626968383789 2100.985164642334 36.51646928068038 0.0 0.0 0.0 0.0 0.0 0.0 0.0
2061 3385.243423461914 2104.937557220459 26.309215900040385 0.0 0.0 0.0 0.0 0.0 0.0 0.0
2081 3270.618911743164 2104.937557220459 17.617172423806437 0.0 0.0 0.0 0.0 0.0 0.0 0.0
2082 3270.618911743164 2104.937557220459 17.617214296073655 0.0 0.0 0.0 0.0 0.0 0.0 0.0
2111 3199.472671508789 2108.890193939209 13.122483490433012 0.0 0.0 0.0 0.0 0.0 0.0 0.0
2131 3045.322525024414 2108.890193939209 11.095388885849331 0.0 0.0 0.0 0.0 0.0 0.0 0.0
2132 3045.322525024414 2108.890193939209 11.095440555525386 0.0 0.0 0.0 0.0 0.0 0.0 0.0
2161 2962.318618774414 2108.890193939209 10.488115747041718 0.0 0.0 0.0 0.0 0.0 0.0 0.0
2181 2784.452896118164 2108.890193939209 10.007557151430547 0.0 0.0 0.0 0.0 0.0 0.0 0.0
2182 2784.452896118164 2108.890193939209 10.007622639351666 0.0 0.0 0.0 0.0 0.0 0.0 0.0
2198 2693.543960571289 2108.890193939209 9.876448757456842 0.0 0.0 0.0 0.0 0.0 0.0 0.0
2215 2598.682144165039 2108.890193939209 9.804855780911168 0.0 0.0 0.0 0.0 0.0 0.0 0.0
2231 2507.773208618164 2108.890193939209 9.768223339332508 0.0 0.0 0.0 0.0 0.0 0.0 0.0
2261 2408.958999633789 2108.890193939209 9.747769426307855 0.0 0.0 0.0 0.0 0.0 0.0 0.0
2281 2171.804702758789 2108.890193939209 9.732794492162157 0.0 0.0 0.0 0.0 0.0 0.0 0.0
2282 2171.804702758789 2108.890193939209 9.732777890747911 0.0 0.0 0.0 0.0 0.0 0.0 0.0
2311 2053.2276763916016 2104.937557220459 10.746052123645882 0.0 0.0 0.0 0.0 0.0 0.0 0.0
2331 1930.698013305664 2100.985164642334 11.193607776000817 0.0 0.0 0.0 0.0 0.0 0.0 0.0
2348 1681.6861724853516 2089.127498626709 12.081610441650582 0.0 0.0 0.0 0.0 0.0 0.0 0.0
2349 1681.6861724853516 2089.127498626709 12.081569195146926 0.0 0.0 0.0 0.0 0.0 0.0 0.0
2365 1555.2039947509766 2081.222225189209 12.751841774728291 0.0 0.0 0.0 0.0 0.0 0.0 0.0
2382 1436.6268463134766 2073.317195892334 13.172025179773641 0.0 0.0 0.0 0.0 0.0 0.0 0.0
2411 1314.097183227539 2061.459285736084 14.299832102298183 0.0 0.0 0.0 0.0 0.0 0.0 0.0
2431 1088.800796508789 2041.696590423584 14.600729094805502 0.0 0.0 0.0 0.0 0.0 0.0 0.0
2432 1088.800796508789 2041.696590423584 14.600680336925052 0.0 0.0 0.0 0.0 0.0 0.0 0.0
2461 982.0814361572266 2025.886287689209 16.408378966409202 0.0 0.0 0.0 0.0 0.0 0.0 0.0
2482 788.4055328369141 1998.218318939209 17.353319659739213 0.0 0.0 0.0 0.0 0.0 0.0 0.0
2498 693.5438995361328 1986.3605308532715 17.11301369829954 0.0 0.0 0.0 0.0 0.0 0.0 0.0
2515 614.4924774169922 1974.5028648376465 17.609788205522023 0.0 0.0 0.0 0.0 0.0 0.0 0.0
2531 523.5833892822266 1966.597713470459 16.248907542722293 0.0 0.0 0.0 0.0 0.0 0.0 0.0
2563 440.57945251464844 1958.6925621032715 15.767601402498599 0.0 0.0 0.0 0.0 0.0 0.0 0.0
2581 282.4766845703125 1950.787410736084 13.849944245977326 0.0 0.0 0.0 0.0 0.0 0.0 0.0
2582 282.4766845703125 1950.787410736084 13.849927422916949 0.0 0.0 0.0 0.0 0.0 0.0 0.0
2611 211.33043670654297 1950.787410736084 12.176242854371367 0.0 0.0 0.0 0.0 0.0 0.0 0.0
2631 120.42134284973145 1946.8348960876465 12.194639218622171 0.0 0.0 0.0 0.0 0.0 0.0 0.0
2632 120.42134284973145 1946.8348960876465 12.194643260416 0.0 0.0 0.0 0.0 0.0 0.0 0.0
2648 100.658496260643 1942.882381439209 13.625132987956135 0.0 0.0 0.0 0.0 0.0 0.0 0.0