0 2350.0 1500.0 0 1650.0 1500.0 0 0.0 0.0 0.0 0.0
7 2349.9999618530273 1497.447509765625 359.9772074142602 1650.0 1500.0 0 0.0 0.0 0.0 0.0
54 2349.9999618530273 1494.895263671875 359.95431938640235 1650.0 1500.0 0 0.0 0.0 0.0 0.0
62 2347.4474716186523 1494.895263671875 0.1756826303435446 1650.0 1500.0 0 0.0 0.0 0.0 0.0
78 2344.8949813842773 1494.895263671875 0.3971261312587444 1650.0 1500.0 0 0.0 0.0 0.0 0.0
86 2342.3427352905273 1492.3427734375 0.5982258495092196 1650.0 1500.0 0 0.0 0.0 0.0 0.0
94 2339.7902450561523 1489.79052734375 0.8002081882659127 1650.0 1500.0 0 0.0 0.0 0.0 0.0
102 2334.6855087280273 1489.79052734375 1.243672159696871 1650.0 1500.0 0 0.0 0.0 0.0 0.0
110 2329.5807723999023 1487.238037109375 1.6711451461745241 1650.0 1500.0 0 0.0 0.0 0.0 0.0
120 2324.4760360717773 1484.685546875 2.10050037005243 1650.0 1500.0 0 0.0 0.0 0.0 0.0
126 2311.7140731811523 1484.685546875 3.2116457454820875 1650.0 1500.0 0 0.0 0.0 0.0 0.0
135 2291.2948837280273 1482.13330078125 4.987979351738261 1650.0 1500.0 0 0.0 0.0 0.0 0.0
146 2260.6659774780273 1479.580810546875 7.664098518646256 1650.0 1500.0 0 0.0 0.0 0.0 0.0
152 2222.3800888061523 1479.580810546875 10.989402939480499 1650.0 1500.0 0 0.0 0.0 0.0 0.0
168 2130.4938583374023 1474.47607421875 18.916462554730913 1650.0 1500.0 0 0.0 0.0 0.0 0.0
176 2081.9984970092773 1474.47607421875 22.959567452367878 1650.0 1500.0 0 0.0 0.0 0.0 0.0
182 2046.2648544311523 1471.923583984375 25.96203723663413 1650.0 1500.0 0 0.0 0.0 0.0 0.0
190 2013.0837020874023 1466.81884765625 28.799796202409993 1650.0 1500.0 0 0.0 0.0 0.0 0.0
198 2000.3217391967773 1466.81884765625 29.816286748442508 1650.0 1500.0 0 0.0 0.0 0.0 0.0
206 1995.2170028686523 1466.81884765625 30.221579308356866 1650.0 1500.0 0 0.0 0.0 0.0 0.0
214 1995.2170028686523 1464.266357421875 30.313676308949198 1650.0 1500.0 0 0.0 0.0 0.0 0.0
270 2000.3217391967773 1464.266357421875 29.907384715052814 1650.0 1500.0 0 0.0 0.0 0.0 0.0
278 2007.9789657592773 1461.714111328125 29.384267732556225 1650.0 1500.0 0 0.0 0.0 0.0 0.0
286 2015.6361923217773 1459.16162109375 28.85685956722034 1650.0 1500.0 0 0.0 0.0 0.0 0.0
294 2028.3981552124023 1456.609375 27.909410736863776 1650.0 1500.0 0 0.0 0.0 0.0 0.0
302 2043.7126083374023 1448.9521484375 26.90328857900863 1650.0 1500.0 0 0.0 0.0 0.0 0.0
310 2061.5793075561523 1441.294921875 25.664262698083405 1650.0 1500.0 0 0.0 0.0 0.0 0.0
318 2081.9984970092773 1431.08544921875 24.25628910035465 1650.0 1500.0 0 0.0 0.0 0.0 0.0
326 2099.8651962280273 1423.42822265625 22.964179372122715 1650.0 1500.0 0 0.0 0.0 0.0 0.0
334 2122.8366317749023 1415.77099609375 21.209937273638758 1650.0 1500.0 0 0.0 0.0 0.0 0.0
342 2143.2558212280273 1408.11376953125 19.64033416946984 1650.0 1500.0 0 0.0 0.0 0.0 0.0
350 2161.1227645874023 1403.009033203125 18.214265884328654 1650.0 1500.0 0 0.0 0.0 0.0 0.0
358 2173.8847274780273 1395.351806640625 17.255764523801417 1650.0 1500.0 0 0.0 0.0 0.0 0.0
366 2184.0942001342773 1392.7994384765625 16.42178329085516 1650.0 1500.0 0 0.0 0.0 0.0 0.0
374 2189.1989364624023 1390.2470703125 16.023123921688324 1650.0 1500.0 0 0.0 0.0 0.0 0.0
382 2191.7514266967773 1390.2470703125 15.804008994748983 1650.0 1500.0 0 0.0 0.0 0.0 0.0
462 2189.1989364624023 1390.2470703125 16.022996105072536 1650.0 1500.0 0 0.0 0.0 0.0 0.0
470 2181.5417098999023 1390.2470703125 16.67851652534742 1650.0 1500.0 0 0.0 0.0 0.0 0.0
478 2173.8847274780273 1390.2470703125 17.332543324911512 1650.0 1500.0 0 0.0 0.0 0.0 0.0
486 2168.7797470092773 1390.2470703125 17.767898043261482 1650.0 1500.0 0 0.0 0.0 0.0 0.0
494 2166.2275009155273 1390.2470703125 17.985386718319262 1650.0 1500.0 0 0.0 0.0 0.0 0.0
504 2158.5702743530273 1392.7994384765625 18.58735464264197 1650.0 1500.0 0 0.0 0.0 0.0 0.0
510 2158.5702743530273 1395.351806640625 18.538519863533622 1650.0 1500.0 0 0.0 0.0 0.0 0.0
518 2156.0177841186523 1395.351806640625 18.75538473330991 1650.0 1500.0 0 0.0 0.0 0.0 0.0
542 2153.4655380249023 1395.351806640625 18.972016867607095 1650.0 1500.0 0 0.0 0.0 0.0 0.0
550 2150.9130477905273 1395.351806640625 19.18848035655776 1650.0 1500.0 0 0.0 0.0 0.0 0.0
558 2143.2558212280273 1400.45654296875 19.72971718298274 1650.0 1500.0 0 0.0 0.0 0.0 0.0
567 2130.4938583374023 1405.561279296875 20.691087470957143 1650.0 1500.0 0 0.0 0.0 0.0 0.0
575 2112.6271591186523 1413.218505859375 22.0014257876245 1650.0 1500.0 0 0.0 0.0 0.0 0.0
584 2094.7604598999023 1423.42822265625 23.222170596326748 1650.0 1500.0 0 0.0 0.0 0.0 0.0
590 2076.8935165405273 1428.532958984375 24.554701538153722 1650.0 1500.0 0 0.0 0.0 0.0 0.0
598 2064.1315536499023 1433.6376953125 25.453386848668686 1650.0 1500.0 0 0.0 0.0 0.0 0.0
606 2059.0268173217773 1436.190185546875 25.795772485977324 1650.0 1500.0 0 0.0 0.0 0.0 0.0
614 2053.9220809936523 1441.294921875 26.05968370260615 1650.0 1500.0 0 0.0 0.0 0.0 0.0
622 2051.3695907592773 1441.294921875 26.268186299549313 1650.0 1500.0 0 0.0 0.0 0.0 0.0
950 2053.9220809936523 1441.294921875 26.059412741563392 1650.0 1500.0 0 0.0 0.0 0.0 0.0
958 2059.0268173217773 1441.294921875 25.64076341218373 1650.0 1500.0 0 0.0 0.0 0.0 0.0
966 2069.2365341186523 1438.742431640625 24.871950193554426 1650.0 1500.0 0 0.0 0.0 0.0 0.0
974 2084.5507431030273 1436.190185546875 23.669158699988145 1650.0 1500.0 0 0.0 0.0 0.0 0.0
983 2102.4176864624023 1433.6376953125 22.237757214338416 1650.0 1500.0 0 0.0 0.0 0.0 0.0
990 2120.2843856811523 1431.08544921875 20.79032630235031 1650.0 1500.0 0 0.0 0.0 0.0 0.0
998 2133.0463485717773 1425.98046875 19.818197370341068 1650.0 1500.0 0 0.0 0.0 0.0 0.0
1009 2145.8083114624023 1423.42822265625 18.783811040191893 1650.0 1500.0 0 0.0 0.0 0.0 0.0
1015 2156.0177841186523 1418.3232421875 18.00753245557877 1650.0 1500.0 0 0.0 0.0 0.0 0.0
1022 2161.1227645874023 1418.3232421875 17.571884047706078 1650.0 1500.0 0 0.0 0.0 0.0 0.0
1031 2166.2275009155273 1415.77099609375 17.179307926001997 1650.0 1500.0 0 0.0 0.0 0.0 0.0
1038 2168.7797470092773 1413.218505859375 17.00405615930805 1650.0 1500.0 0 0.0 0.0 0.0 0.0
1049 2171.3322372436523 1413.218505859375 16.785630370225817 1650.0 1500.0 0 0.0 0.0 0.0 0.0
1054 2176.4369735717773 1413.218505859375 16.348147657552147 1650.0 1500.0 0 0.0 0.0 0.0 0.0
1065 2178.9894638061523 1410.666259765625 16.16908215387292 1650.0 1500.0 0 0.0 0.0 0.0 0.0
1070 2184.0942001342773 1408.11376953125 15.769099127240509 1650.0 1500.0 0 0.0 0.0 0.0 0.0
1079 2189.1989364624023 1405.561279296875 15.367048741337413 1650.0 1500.0 0 0.0 0.0 0.0 0.0
1086 2191.7514266967773 1405.561279296875 15.147505700086242 1650.0 1500.0 0 0.0 0.0 0.0 0.0
1096 2196.8561630249023 1403.009033203125 14.742274013945206 1650.0 1500.0 0 0.0 0.0 0.0 0.0
1102 2204.5133895874023 1400.45654296875 14.113749412143193 1650.0 1500.0 0 0.0 0.0 0.0 0.0
1113 2207.0658798217773 1400.45654296875 13.893462380361427 1650.0 1500.0 0 0.0 0.0 0.0 0.0
1119 2212.1706161499023 1397.904296875 13.48199438428989 1650.0 1500.0 0 0.0 0.0 0.0 0.0
1127 2214.7228622436523 1395.351806640625 13.29020031532147 1650.0 1500.0 0 0.0 0.0 0.0 0.0
1134 2222.3800888061523 1392.7994384765625 12.653812785580527 1650.0 1500.0 0 0.0 0.0 0.0 0.0
1142 2227.4848251342773 1392.7994384765625 12.211636004993949 1650.0 1500.0 0 0.0 0.0 0.0 0.0
1150 2232.5898056030273 1390.2470703125 11.792087648515235 1650.0 1500.0 0 0.0 0.0 0.0 0.0
1158 2235.1420516967773 1387.694580078125 11.592991386778522 1650.0 1500.0 0 0.0 0.0 0.0 0.0
1166 2240.2467880249023 1387.694580078125 11.149970897476862 1650.0 1500.0 0 0.0 0.0 0.0 0.0
1174 2242.7992782592773 1385.1422119140625 10.948112993690302 1650.0 1500.0 0 0.0 0.0 0.0 0.0
1182 2245.3517684936523 1385.1422119140625 10.726440371024808 1650.0 1500.0 0 0.0 0.0 0.0 0.0
1198 2250.4565048217773 1382.58984375 10.30009624595425 1650.0 1500.0 0 0.0 0.0 0.0 0.0
1222 2253.0089950561523 1382.58984375 10.078250225512392 1650.0 1500.0 0 0.0 0.0 0.0 0.0
1230 2255.5612411499023 1382.58984375 9.856347384560905 1650.0 1500.0 0 0.0 0.0 0.0 0.0
1238 2258.1137313842773 1382.58984375 9.634362670908615 1650.0 1500.0 0 0.0 0.0 0.0 0.0
1249 2263.2184677124023 1382.58984375 9.190213319516488 1650.0 1500.0 0 0.0 0.0 0.0 0.0
1254 2268.3232040405273 1382.58984375 8.745862630864565 1650.0 1500.0 0 0.0 0.0 0.0 0.0
1262 2278.5329208374023 1382.58984375 7.856535916371598 1650.0 1500.0 0 0.0 0.0 0.0 0.0
1270 2286.1899032592773 1385.1422119140625 7.184204856885174 1650.0 1500.0 0 0.0 0.0 0.0 0.0
1278 2293.8471298217773 1390.2470703125 6.511788025755152 1650.0 1500.0 0 0.0 0.0 0.0 0.0
1286 2301.5043563842773 1390.2470703125 5.844409313189544 1650.0 1500.0 0 0.0 0.0 0.0 0.0
1294 2306.6090927124023 1395.351806640625 5.403053686341053 1650.0 1500.0 0 0.0 0.0 0.0 0.0
1302 2314.2663192749023 1397.904296875 4.740143085925666 1650.0 1500.0 0 0.0 0.0 0.0 0.0
1311 2321.9235458374023 1397.904296875 4.073096294416359 1650.0 1500.0 0 0.0 0.0 0.0 0.0
1318 2329.5807723999023 1400.45654296875 3.4158081007281567 1650.0 1500.0 0 0.0 0.0 0.0 0.0
1327 2339.7902450561523 1405.561279296875 2.5531094022079515 1650.0 1500.0 0 0.0 0.0 0.0 0.0
1334 2352.5522079467773 1413.218505859375 1.4947819870827743 1650.0 1500.0 0 0.0 0.0 0.0 0.0
1342 2370.4191513061523 1418.3232421875 359.9910481179707 1650.0 1500.0 0 0.0 0.0 0.0 0.0
1350 2385.7333602905273 1423.42822265625 358.7218640781581 1650.0 1500.0 0 0.0 0.0 0.0 0.0
1358 2398.4953231811523 1431.08544921875 357.71529313110074 1650.0 1500.0 0 0.0 0.0 0.0 0.0
1366 2408.7050399780273 1431.08544921875 356.8364407941361 1650.0 1500.0 0 0.0 0.0 0.0 0.0
1374 2416.3622665405273 1436.190185546875 356.2526482698551 1650.0 1500.0 0 0.0 0.0 0.0 0.0
1382 2421.4670028686523 1438.742431640625 355.8531700214961 1650.0 1500.0 0 0.0 0.0 0.0 0.0
1390 2426.5717391967773 1438.742431640625 355.4156421864673 1650.0 1500.0 0 0.0 0.0 0.0 0.0
1398 2431.6764755249023 1441.294921875 355.0205094932477 1650.0 1500.0 0 0.0 0.0 0.0 0.0
1406 2441.8861923217773 1446.399658203125 354.23850512903005 1650.0 1500.0 0 0.0 0.0 0.0 0.0
1414 2449.5431747436523 1448.9521484375 353.6333835559535 1650.0 1500.0 0 0.0 0.0 0.0 0.0
1422 2459.7528915405273 1448.9521484375 352.76664333848504 1650.0 1500.0 0 0.0 0.0 0.0 0.0
1434 2472.5148544311523 1454.056884765625 351.79576822527036 1650.0 1500.0 0 0.0 0.0 0.0 0.0
1438 2482.7243270874023 1456.609375 350.99279862784505 1650.0 1500.0 0 0.0 0.0 0.0 0.0
1450 2498.0387802124023 1461.714111328125 349.8326765749734 1650.0 1500.0 0 0.0 0.0 0.0 0.0
1454 2505.6960067749023 1464.266357421875 349.2566672144801 1650.0 1500.0 0 0.0 0.0 0.0 0.0
1463 2513.3532333374023 1466.81884765625 348.68471089585717 1650.0 1500.0 0 0.0 0.0 0.0 0.0
1470 2518.4579696655273 1466.81884765625 348.26063614890717 1650.0 1500.0 0 0.0 0.0 0.0 0.0
1482 2521.0104598999023 1466.81884765625 348.04884117432977 1650.0 1500.0 0 0.0 0.0 0.0 0.0
1486 2526.1151962280273 1466.81884765625 347.626254243194 1650.0 1500.0 0 0.0 0.0 0.0 0.0
1494 2533.7724227905273 1466.81884765625 346.9947251115014 1650.0 1500.0 0 0.0 0.0 0.0 0.0
1502 2536.3246688842773 1466.81884765625 346.78449787884847 1650.0 1500.0 0 0.0 0.0 0.0 0.0
1512 2543.9818954467773 1466.81884765625 346.15617970351275 1650.0 1500.0 0 0.0 0.0 0.0 0.0
1518 2551.6391220092773 1466.81884765625 345.530380096526 1650.0 1500.0 0 0.0 0.0 0.0 0.0
1527 2561.8485946655273 1466.81884765625 344.70050001928655 1650.0 1500.0 0 0.0 0.0 0.0 0.0
1534 2577.1630477905273 1464.266357421875 343.38199183636016 1650.0 1500.0 0 0.0 0.0 0.0 0.0
1542 2592.4775009155273 1461.714111328125 342.07080355612686 1650.0 1500.0 0 0.0 0.0 0.0 0.0
1550 2607.7917098999023 1456.609375 340.67351653751734 1650.0 1500.0 0 0.0 0.0 0.0 0.0
1558 2625.6586532592773 1448.9521484375 338.98259516033687 1650.0 1500.0 0 0.0 0.0 0.0 0.0
1566 2648.6300888061523 1441.294921875 336.90722287385904 1650.0 1500.0 0 0.0 0.0 0.0 0.0
1574 2666.4967880249023 1431.08544921875 335.1137386692798 1650.0 1500.0 0 0.0 0.0 0.0 0.0
1582 2686.9159774780273 1423.42822265625 333.2546244250943 1650.0 1500.0 0 0.0 0.0 0.0 0.0
1590 2709.8876571655273 1410.666259765625 330.97556111387684 1650.0 1500.0 0 0.0 0.0 0.0 0.0
1598 2730.3068466186523 1400.45654296875 329.01737854211984 1650.0 1500.0 0 0.0 0.0 0.0 0.0
1606 2753.2782821655273 1385.1422119140625 326.62173590640964 1650.0 1500.0 0 0.0 0.0 0.0 0.0
1616 2773.6974716186523 1374.9326171875 324.6959063123568 1650.0 1500.0 0 0.0 0.0 0.0 0.0
1622 2796.6689071655273 1364.7230224609375 322.62726204078274 1650.0 1500.0 0 0.0 0.0 0.0 0.0
1630 2814.5358505249023 1357.06591796875 321.05195361327947 1650.0 1500.0 0 0.0 0.0 0.0 0.0
1638 2832.4025497436523 1351.9610595703125 319.65297861584224 1650.0 1500.0 0 0.0 0.0 0.0 0.0
1649 2850.2692489624023 1346.8563232421875 318.27407025724426 1650.0 1500.0 0 0.0 0.0 0.0 0.0
1654 2863.0312118530273 1341.75146484375 317.2052206812332 1650.0 1500.0 0 0.0 0.0 0.0 0.0
1663 2873.2409286499023 1339.1990966796875 316.45724890926056 1650.0 1500.0 0 0.0 0.0 0.0 0.0
1670 2880.8979110717773 1336.646728515625 315.8578683867551 1650.0 1500.0 0 0.0 0.0 0.0 0.0
1679 2886.0028915405273 1336.646728515625 315.57358474129444 1650.0 1500.0 0 0.0 0.0 0.0 0.0
1686 2891.1076278686523 1331.5419921875 314.9477218674783 1650.0 1500.0 0 0.0 0.0 0.0 0.0
1695 2896.2123641967773 1331.5419921875 314.6688783355311 1650.0 1500.0 0 0.0 0.0 0.0 0.0
1702 2901.3171005249023 1328.989501953125 314.2183359832022 1650.0 1500.0 0 0.0 0.0 0.0 0.0
1710 2908.9743270874023 1326.4371337890625 313.633682668157 1650.0 1500.0 0 0.0 0.0 0.0 0.0
1718 2914.0790634155273 1323.884765625 313.1870261224947 1650.0 1500.0 0 0.0 0.0 0.0 0.0
1727 2924.2887802124023 1321.3323974609375 312.4776640448963 1650.0 1500.0 0 0.0 0.0 0.0 0.0
1734 2934.4982528686523 1321.3323974609375 311.9534553907356 1650.0 1500.0 0 0.0 0.0 0.0 0.0
1742 2944.7079696655273 1321.3323974609375 311.4357560957112 1650.0 1500.0 0 0.0 0.0 0.0 0.0
1750 2952.3651962280273 1318.7799072265625 310.87064059929924 1650.0 1500.0 0 0.0 0.0 0.0 0.0
1758 2960.0221786499023 1316.2275390625 310.3096705229857 1650.0 1500.0 0 0.0 0.0 0.0 0.0
1766 2965.1271591186523 1316.2275390625 310.05957292798956 1650.0 1500.0 0 0.0 0.0 0.0 0.0
1774 2972.7841415405273 1313.6751708984375 309.50463541763247 1650.0 1500.0 0 0.0 0.0 0.0 0.0
1783 2980.4413681030273 1313.6751708984375 309.1384243750514 1650.0 1500.0 0 0.0 0.0 0.0 0.0
1790 2990.6510848999023 1313.6751708984375 308.656419703608 1650.0 1500.0 0 0.0 0.0 0.0 0.0
1800 2998.3083114624023 1311.122802734375 308.112140152285 1650.0 1500.0 0 0.0 0.0 0.0 0.0
1806 3005.9652938842773 1311.122802734375 307.759491553492 1650.0 1500.0 0 0.0 0.0 0.0 0.0
1814 3016.1750106811523 1311.122802734375 307.2953889865935 1650.0 1500.0 0 0.0 0.0 0.0 0.0
1822 3021.2797470092773 1311.122802734375 307.06486456957487 1650.0 1500.0 0 0.0 0.0 0.0 0.0
1830 3028.9369735717773 1308.5704345703125 306.5330554584563 1650.0 1500.0 0 0.0 0.0 0.0 0.0
1838 3036.5942001342773 1308.5704345703125 306.19596654794 1650.0 1500.0 0 0.0 0.0 0.0 0.0
1846 3044.2511825561523 1306.0179443359375 305.6711428856412 1650.0 1500.0 0 0.0 0.0 0.0 0.0
1854 3051.9084091186523 1306.0179443359375 305.34267824896887 1650.0 1500.0 0 0.0 0.0 0.0 0.0
1862 3059.5656356811523 1303.465576171875 304.82485311788037 1650.0 1500.0 0 0.0 0.0 0.0 0.0
1870 3069.7753524780273 1303.465576171875 304.3996998493563 1650.0 1500.0 0 0.0 0.0 0.0 0.0
1879 3079.9848251342773 1303.465576171875 303.9802777781729 1650.0 1500.0 0 0.0 0.0 0.0 0.0
1886 3090.1942977905273 1300.9132080078125 303.3719299824904 1650.0 1500.0 0 0.0 0.0 0.0 0.0
1894 3108.0612411499023 1298.36083984375 302.4753532584567 1650.0 1500.0 0 0.0 0.0 0.0 0.0
1902 3123.3754501342773 1295.808349609375 301.69345094117386 1650.0 1500.0 0 0.0 0.0 0.0 0.0
1910 3138.6899032592773 1290.70361328125 300.72843664845686 1650.0 1500.0 0 0.0 0.0 0.0 0.0
1918 3148.8993759155273 1290.70361328125 300.35941834260535 1650.0 1500.0 0 0.0 0.0 0.0 0.0
1928 3159.1090927124023 1285.598876953125 299.5939348237661 1650.0 1500.0 0 0.0 0.0 0.0 0.0
1934 3166.7663192749023 1283.04638671875 299.12594077686106 1650.0 1500.0 0 0.0 0.0 0.0 0.0
1942 3176.9757919311523 1283.04638671875 298.7794021388456 1650.0 1500.0 0 0.0 0.0 0.0 0.0
1950 3184.6330184936523 1280.4940185546875 298.3188445194836 1650.0 1500.0 0 0.0 0.0 0.0 0.0
1958 3189.7377548217773 1277.941650390625 297.94543358661736 1650.0 1500.0 0 0.0 0.0 0.0 0.0
1966 3199.9474716186523 1275.3892822265625 297.41164372566493 1650.0 1500.0 0 0.0 0.0 0.0 0.0
1974 3210.1569442749023 1272.8367919921875 296.88472823214767 1650.0 1500.0 0 0.0 0.0 0.0 0.0
1982 3217.8141708374023 1272.8367919921875 296.64786340453975 1650.0 1500.0 0 0.0 0.0 0.0 0.0
1990 3233.1286239624023 1267.7320556640625 295.77486034070967 1650.0 1500.0 0 0.0 0.0 0.0 0.0
1998 3245.8905868530273 1262.6273193359375 294.98999231517587 1650.0 1500.0 0 0.0 0.0 0.0 0.0
2006 3256.1000595092773 1260.0748291015625 294.49482942573036 1650.0 1500.0 0 0.0 0.0 0.0 0.0
2014 3263.7572860717773 1254.9700927734375 293.8654273868674 1650.0 1500.0 0 0.0 0.0 0.0 0.0
2022 3276.5192489624023 1252.417724609375 293.31946492899453 1650.0 1500.0 0 0.0 0.0 0.0 0.0
2030 3281.6239852905273 1247.3128662109375 292.76439022129057 1650.0 1500.0 0 0.0 0.0 0.0 0.0
2038 3291.8337020874023 1239.65576171875 291.8773721149011 1650.0 1500.0 0 0.0 0.0 0.0 0.0
2046 3302.0431747436523 1234.5509033203125 291.21273027064353 1650.0 1500.0 0 0.0 0.0 0.0 0.0
2054 3317.3576278686523 1224.34130859375 290.0232726431884 1650.0 1500.0 0 0.0 0.0 0.0 0.0
2062 3337.7768173217773 1214.1317138671875 288.75852367999465 1650.0 1500.0 0 0.0 0.0 0.0 0.0
2070 3358.1957626342773 1198.8173828125 287.1021917407306 1650.0 1500.0 0 0.0 0.0 0.0 0.0
2079 3383.7199325561523 1186.055419921875 285.6284135369026 1650.0 1500.0 0 0.0 0.0 0.0 0.0
2086 3404.1388778686523 1168.1885986328125 283.83894569687345 1650.0 1500.0 0 0.0 0.0 0.0 0.0
2094 3424.5580673217773 1152.874267578125 282.3124779990592 1650.0 1500.0 0 0.0 0.0 0.0 0.0
2102 3439.8725204467773 1140.1123046875 281.08319261761136 1650.0 1500.0 0 0.0 0.0 0.0 0.0
2110 3452.6344833374023 1129.9027099609375 280.11325964693344 1650.0 1500.0 0 0.0 0.0 0.0 0.0
2118 3460.2917098999023 1119.693115234375 279.1861456079402 1650.0 1500.0 0 0.0 0.0 0.0 0.0
2128 3465.3964462280273 1114.58837890625 278.71959607887663 1650.0 1500.0 0 0.0 0.0 0.0 0.0
2134 3470.5011825561523 1109.4835205078125 278.2564575734169 1650.0 1500.0 0 0.0 0.0 0.0 0.0
2142 3475.6061630249023 1104.3787841796875 277.7967717033066 1650.0 1500.0 0 0.0 0.0 0.0 0.0
2151 3483.2631454467773 1099.2740478515625 277.3348384343136 1650.0 1500.0 0 0.0 0.0 0.0 0.0
2158 3485.8156356811523 1096.7215576171875 277.1075797106705 1650.0 1500.0 0 0.0 0.0 0.0 0.0
2166 3490.9203720092773 1086.511962890625 276.2149735294816 1650.0 1500.0 0 0.0 0.0 0.0 0.0
2174 3501.1300888061523 1083.9595947265625 275.99047184067314 1650.0 1500.0 0 0.0 0.0 0.0 0.0
2182 3506.2348251342773 1076.302490234375 275.3272687641169 1650.0 1500.0 0 0.0 0.0 0.0 0.0
2190 3511.3395614624023 1071.1976318359375 274.88993658238553 1650.0 1500.0 0 0.0 0.0 0.0 0.0
2198 3518.9967880249023 1066.0928955078125 274.4614211958253 1650.0 1500.0 0 0.0 0.0 0.0 0.0
2206 3521.5490341186523 1058.4356689453125 273.8024475180246 1650.0 1500.0 0 0.0 0.0 0.0 0.0
2214 3526.6540145874023 1055.88330078125 273.5977341645641 1650.0 1500.0 0 0.0 0.0 0.0 0.0
2222 3529.2062606811523 1050.7784423828125 273.163791398158 1650.0 1500.0 0 0.0 0.0 0.0 0.0
2230 3536.8634872436523 1043.121337890625 272.5362085249949 1650.0 1500.0 0 0.0 0.0 0.0 0.0
2238 3541.9682235717773 1035.464111328125 271.9011126012009 1650.0 1500.0 0 0.0 0.0 0.0 0.0
2246 3547.0732040405273 1027.806884765625 271.271463662878 1650.0 1500.0 0 0.0 0.0 0.0 0.0
2254 3554.7301864624023 1017.597412109375 270.4485115722442 1650.0 1500.0 0 0.0 0.0 0.0 0.0
2262 3564.9399032592773 1009.940185546875 269.87750183257145 1650.0 1500.0 0 0.0 0.0 0.0 0.0
2270 3570.0446395874023 997.17822265625 268.8279909066694 1650.0 1500.0 0 0.0 0.0 0.0 0.0
2278 3580.2543563842773 986.9686279296875 268.0670145868925 1650.0 1500.0 0 0.0 0.0 0.0 0.0
2286 3585.3590927124023 981.86376953125 267.68982516364986 1650.0 1500.0 0 0.0 0.0 0.0 0.0
2294 3590.4638290405273 976.759033203125 267.3159394219439 1650.0 1500.0 0 0.0 0.0 0.0 0.0
2302 3595.5685653686523 969.101806640625 266.72764016290404 1650.0 1500.0 0 0.0 0.0 0.0 0.0
2311 3598.1210556030273 961.4447021484375 266.1075780480884 1650.0 1500.0 0 0.0 0.0 0.0 0.0
2318 3600.6733016967773 956.33984375 265.7088227654989 1650.0 1500.0 0 0.0 0.0 0.0 0.0
2327 3603.2257919311523 951.235107421875 265.3121558105905 1650.0 1500.0 0 0.0 0.0 0.0 0.0
2334 3608.3305282592773 946.1302490234375 264.9594025962343 1650.0 1500.0 0 0.0 0.0 0.0 0.0
2342 3610.8830184936523 935.9207763671875 264.1333591551039 1650.0 1500.0 0 0.0 0.0 0.0 0.0
2350 3615.9877548217773 930.81591796875 263.79128772799015 1650.0 1500.0 0 0.0 0.0 0.0 0.0
2358 3618.5402450561523 923.15869140625 263.1889624189598 1650.0 1500.0 0 0.0 0.0 0.0 0.0
2366 3623.6449813842773 918.053955078125 262.85557374219223 1650.0 1500.0 0 0.0 0.0 0.0 0.0
2374 3626.1972274780273 912.94921875 262.47423233345006 1650.0 1500.0 0 0.0 0.0 0.0 0.0
2383 3631.3022079467773 902.7396240234375 261.7200293524793 1650.0 1500.0 0 0.0 0.0 0.0 0.0
2390 3633.8544540405273 897.634765625 261.3450563498686 1650.0 1500.0 0 0.0 0.0 0.0 0.0
2400 3636.4069442749023 889.9776611328125 260.75868637066293 1650.0 1500.0 0 0.0 0.0 0.0 0.0
2406 3641.5116806030273 882.3204345703125 260.2357967707128 1650.0 1500.0 0 0.0 0.0 0.0 0.0
2414 3644.0641708374023 874.6632080078125 259.6570094347471 1650.0 1500.0 0 0.0 0.0 0.0 0.0
2422 3646.6164169311523 869.5584716796875 259.2939892652315 1650.0 1500.0 0 0.0 0.0 0.0 0.0
2430 3651.7213973999023 861.9012451171875 258.7866257338177 1650.0 1500.0 0 0.0 0.0 0.0 0.0
2438 3654.2736434936523 856.7965087890625 258.4287709072666 1650.0 1500.0 0 0.0 0.0 0.0 0.0
2450 3659.3783798217773 849.1392822265625 257.9307574157737 1650.0 1500.0 0 0.0 0.0 0.0 0.0
2454 3661.9308700561523 841.4820556640625 257.3683958257071 1650.0 1500.0 0 0.0 0.0 0.0 0.0
2462 3664.4833602905273 833.824951171875 256.81019670563194 1650.0 1500.0 0 0.0 0.0 0.0 0.0
2470 3672.1403427124023 826.167724609375 256.4032220284988 1650.0 1500.0 0 0.0 0.0 0.0 0.0
2479 3674.6928329467773 821.06298828125 256.0599800257721 1650.0 1500.0 0 0.0 0.0 0.0 0.0
2486 3677.2453231811523 813.40576171875 255.5115790494261 1650.0 1500.0 0 0.0 0.0 0.0 0.0
2495 3682.3500595092773 808.301025390625 255.2517202670427 1650.0 1500.0 0 0.0 0.0 0.0 0.0
2502 3684.9025497436523 800.643798828125 254.70957176045965 1650.0 1500.0 0 0.0 0.0 0.0 0.0
2511 3687.4547958374023 795.5389404296875 254.37700902286554 1650.0 1500.0 0 0.0 0.0 0.0 0.0
2518 3690.0072860717773 790.4342041015625 254.0466082665181 1650.0 1500.0 0 0.0 0.0 0.0 0.0
2527 3695.1120223999023 780.224609375 253.39430495186997 1650.0 1500.0 0 0.0 0.0 0.0 0.0
2534 3700.2167587280273 772.5675048828125 252.9527314162409 1650.0 1500.0 0 0.0 0.0 0.0 0.0
2542 3702.7692489624023 764.9102783203125 252.4288331109772 1650.0 1500.0 0 0.0 0.0 0.0 0.0
2550 3707.8739852905273 754.70068359375 251.79770357458892 1650.0 1500.0 0 0.0 0.0 0.0 0.0
2558 3712.9787216186523 747.04345703125 251.37471885447252 1650.0 1500.0 0 0.0 0.0 0.0 0.0
2566 3715.5312118530273 741.938720703125 251.0641251090958 1650.0 1500.0 0 0.0 0.0 0.0 0.0
2574 3718.0834579467773 736.8338623046875 250.7556107511292 1650.0 1500.0 0 0.0 0.0 0.0 0.0
2582 3720.6359481811523 729.1767578125 250.2499574263707 1650.0 1500.0 0 0.0 0.0 0.0 0.0
2590 3720.6359481811523 724.0718994140625 249.8500953642984 1650.0 1500.0 0 0.0 0.0 0.0 0.0
2598 3723.1884384155273 721.51953125 249.74824868721083 1650.0 1500.0 0 0.0 0.0 0.0 0.0
2606 3723.1884384155273 718.9671630859375 249.54883172631577 1650.0 1500.0 0 0.0 0.0 0.0 0.0
2614 3725.7406845092773 713.8623046875 249.2506637013253 1650.0 1500.0 0 0.0 0.0 0.0 0.0
2622 3728.2931747436523 708.757568359375 248.954573628322 1650.0 1500.0 0 0.0 0.0 0.0 0.0
2630 3728.2931747436523 706.2052001953125 248.75655601518406 1650.0 1500.0 0 0.0 0.0 0.0 0.0
2638 3730.8454208374023 698.5479736328125 248.26811453175372 1650.0 1500.0 0 0.0 0.0 0.0 0.0
2646 3733.3979110717773 693.4432373046875 247.97887465801722 1650.0 1500.0 0 0.0 0.0 0.0 0.0
2654 3735.9504013061523 685.7860107421875 247.49727368484147 1650.0 1500.0 0 0.0 0.0 0.0 0.0
2665 3738.5026473999023 680.6812744140625 247.21346238717467 1650.0 1500.0 0 0.0 0.0 0.0 0.0
2670 3741.0551376342773 670.4716796875 246.54647203049183 1650.0 1500.0 0 0.0 0.0 0.0 0.0
2678 3743.6076278686523 662.814453125 246.0777363472946 1650.0 1500.0 0 0.0 0.0 0.0 0.0
2686 3743.6076278686523 655.1572265625 245.50186827331441 1650.0 1500.0 0 0.0 0.0 0.0 0.0
2694 3743.6076278686523 647.5001220703125 244.92940154836583 1650.0 1500.0 0 0.0 0.0 0.0 0.0
2702 3743.6076278686523 639.8428955078125 244.36035681934618 1650.0 1500.0 0 0.0 0.0 0.0 0.0
2710 3746.1598739624023 632.1856689453125 243.91176240161656 1650.0 1500.0 0 0.0 0.0 0.0 0.0
2718 3748.7123641967773 624.528564453125 243.46739183475776 1650.0 1500.0 0 0.0 0.0 0.0 0.0
2727 3751.2646102905273 619.4237060546875 243.2127581910182 1650.0 1500.0 0 0.0 0.0 0.0 0.0
2734 3751.2646102905273 611.7666015625 242.65434098095898 1650.0 1500.0 0 0.0 0.0 0.0 0.0
2742 3756.3695907592773 606.6617431640625 242.5270891941265 1650.0 1500.0 0 0.0 0.0 0.0 0.0
2750 3758.9218368530273 601.5570068359375 242.27945991982153 1650.0 1500.0 0 0.0 0.0 0.0 0.0
2758 3758.9218368530273 596.4521484375 241.910389412772 1650.0 1500.0 0 0.0 0.0 0.0 0.0
2766 3761.4743270874023 593.8997802734375 241.85039861583812 1650.0 1500.0 0 0.0 0.0 0.0 0.0
2774 3761.4743270874023 591.347412109375 241.6663980657703 1650.0 1500.0 0 0.0 0.0 0.0 0.0
3758 3761.4743270874023 591.347412109375 241.6663980657703 1652.5524139404297 1500.0 359.78210688311 0.0 0.0 0.0 0.0
3766 3761.4743270874023 591.347412109375 241.6663980657703 1655.1047821044922 1500.0 359.5643956221516 0.0 0.0 0.0 0.0
3782 3761.4743270874023 591.347412109375 241.6663980657703 1657.6571502685547 1500.0 359.3468497293293 0.0 0.0 0.0 0.0
3798 3761.4743270874023 591.347412109375 241.6663980657703 1660.2096405029297 1500.0 359.12949126577405 0.0 0.0 0.0 0.0
3822 3761.4743270874023 591.347412109375 241.6663980657703 1662.7620086669922 1500.0 358.9123067353318 0.0 0.0 0.0 0.0
3854 3761.4743270874023 591.347412109375 241.6663980657703 1665.3143768310547 1500.0 358.69531376923305 0.0 0.0 0.0 0.0
3870 3761.4743270874023 591.347412109375 241.6663980657703 1667.8667449951172 1500.0 358.4785091917129 0.0 0.0 0.0 0.0
3894 3761.4743270874023 591.347412109375 241.6663980657703 1672.9716033935547 1502.55224609375 358.0973658856067 0.0 0.0 0.0 0.0
3902 3761.4743270874023 591.347412109375 241.6663980657703 1675.5239715576172 1502.55224609375 357.8810889851399 0.0 0.0 0.0 0.0
3910 3761.4743270874023 591.347412109375 241.6663980657703 1678.0763397216797 1507.656982421875 357.7709621026932 0.0 0.0 0.0 0.0
3920 3761.4743270874023 591.347412109375 241.6663980657703 1685.7335662841797 1507.656982421875 357.1242976136961 0.0 0.0 0.0 0.0
3926 3761.4743270874023 591.347412109375 241.6663980657703 1690.8383026123047 1512.761962890625 356.80709755957866 0.0 0.0 0.0 0.0
3935 3761.4743270874023 591.347412109375 241.6663980657703 1698.4955291748047 1517.86669921875 356.28018083081236 0.0 0.0 0.0 0.0
3942 3761.4743270874023 591.347412109375 241.6663980657703 1711.2574920654297 1522.971435546875 355.33585670553515 0.0 0.0 0.0 0.0
3950 3761.4743270874023 591.347412109375 241.6663980657703 1721.4670867919922 1528.076171875 354.61382923718827 0.0 0.0 0.0 0.0
3958 3761.4743270874023 591.347412109375 241.6663980657703 1734.2290496826172 1535.7333984375 353.7581946090363 0.0 0.0 0.0 0.0
3967 3761.4743270874023 591.347412109375 241.6663980657703 1749.5433807373047 1543.390625 352.7099073603014 0.0 0.0 0.0 0.0
3974 3761.4743270874023 591.347412109375 241.6663980657703 1764.8578338623047 1553.60009765625 351.7548447062294 0.0 0.0 0.0 0.0
3982 3761.4743270874023 591.347412109375 241.6663980657703 1780.1721649169922 1561.25732421875 350.7436430530585 0.0 0.0 0.0 0.0
3990 3761.4743270874023 591.347412109375 241.6663980657703 1790.3817596435547 1566.362060546875 350.0780899013339 0.0 0.0 0.0 0.0
3998 3761.4743270874023 591.347412109375 241.6663980657703 1805.6960906982422 1574.019287109375 349.098840257224 0.0 0.0 0.0 0.0
4006 3761.4743270874023 591.347412109375 241.6663980657703 1818.4580535888672 1576.57177734375 348.16571156903785 0.0 0.0 0.0 0.0
4014 3761.4743270874023 591.347412109375 241.6663980657703 1831.2200164794922 1581.676513671875 347.3333511441784 0.0 0.0 0.0 0.0
4022 3761.4743270874023 591.347412109375 241.6663980657703 1841.4296112060547 1584.22900390625 346.61982245086085 0.0 0.0 0.0 0.0
4030 3761.4743270874023 591.347412109375 241.6663980657703 1849.0868377685547 1586.78125 346.11242244902166 0.0 0.0 0.0 0.0
4038 3761.4743270874023 591.347412109375 241.6663980657703 1856.7440643310547 1589.333740234375 345.6093524099575 0.0 0.0 0.0 0.0
4046 3761.4743270874023 591.347412109375 241.6663980657703 1864.4011688232422 1589.333740234375 345.0119819196085 0.0 0.0 0.0 0.0
4054 3761.4743270874023 591.347412109375 241.6663980657703 1872.0583953857422 1591.885986328125 344.51837186477064 0.0 0.0 0.0 0.0
4063 3761.4743270874023 591.347412109375 241.6663980657703 1874.6107635498047 1594.4384765625 344.42177925233875 0.0 0.0 0.0 0.0
4070 3761.4743270874023 591.347412109375 241.6663980657703 1879.7154998779297 1596.990966796875 344.1291658900156 0.0 0.0 0.0 0.0
4078 3761.4743270874023 591.347412109375 241.6663980657703 1887.3727264404297 1596.990966796875 343.5396793877657 0.0 0.0 0.0 0.0
4086 3761.4743270874023 591.347412109375 241.6663980657703 1889.9250946044922 1596.990966796875 343.34354079875857 0.0 0.0 0.0 0.0
4095 3761.4743270874023 591.347412109375 241.6663980657703 1895.0299530029297 1596.990966796875 342.95268986031346 0.0 0.0 0.0 0.0
4102 3761.4743270874023 591.347412109375 241.6663980657703 1897.5823211669922 1599.543212890625 342.86427537941995 0.0 0.0 0.0 0.0
4111 3761.4743270874023 591.347412109375 241.6663980657703 1905.2395477294922 1599.543212890625 342.2818104816354 0.0 0.0 0.0 0.0
4118 3761.4743270874023 591.347412109375 241.6663980657703 1910.3442840576172 1602.095703125 342.0043040468272 0.0 0.0 0.0 0.0
4126 3761.4743270874023 591.347412109375 241.6663980657703 1918.0015106201172 1604.648193359375 341.5374421386744 0.0 0.0 0.0 0.0
4134 3761.4743270874023 591.347412109375 241.6663980657703 1928.2109832763672 1604.648193359375 340.77253475740275 0.0 0.0 0.0 0.0
4142 3761.4743270874023 591.347412109375 241.6663980657703 1935.8682098388672 1604.648193359375 340.20225700128174 0.0 0.0 0.0 0.0
4150 3761.4743270874023 591.347412109375 241.6663980657703 1946.0779266357422 1604.648193359375 339.44808192898404 0.0 0.0 0.0 0.0
4158 3761.4743270874023 591.347412109375 241.6663980657703 1956.2873992919922 1604.648193359375 338.7001580656134 0.0 0.0 0.0 0.0
4166 3761.4743270874023 591.347412109375 241.6663980657703 1963.9446258544922 1604.648193359375 338.1427695523605 0.0 0.0 0.0 0.0
4174 3761.4743270874023 591.347412109375 241.6663980657703 1971.6018524169922 1604.648193359375 337.5889420391067 0.0 0.0 0.0 0.0
4182 3761.4743270874023 591.347412109375 241.6663980657703 1976.7065887451172 1604.648193359375 337.2213232026314 0.0 0.0 0.0 0.0
4190 3761.4743270874023 591.347412109375 241.6663980657703 1984.3638153076172 1604.648193359375 336.67353311529763 0.0 0.0 0.0 0.0
4198 3761.4743270874023 591.347412109375 241.6663980657703 1989.4685516357422 1607.200439453125 336.437398240392 0.0 0.0 0.0 0.0
4206 3761.4743270874023 591.347412109375 241.6663980657703 1997.1257781982422 1607.200439453125 335.8948583088232 0.0 0.0 0.0 0.0
4214 3761.4743270874023 591.347412109375 241.6663980657703 2004.7830047607422 1607.200439453125 335.3560001271316 0.0 0.0 0.0 0.0
4222 3761.4743270874023 591.347412109375 241.6663980657703 2009.8877410888672 1607.200439453125 334.9983979834594 0.0 0.0 0.0 0.0
4230 3761.4743270874023 591.347412109375 241.6663980657703 2020.0972137451172 1607.200439453125 334.28983599099854 0.0 0.0 0.0 0.0
4238 3761.4743270874023 591.347412109375 241.6663980657703 2027.7544403076172 1607.200439453125 333.7621379260808 0.0 0.0 0.0 0.0
4246 3761.4743270874023 591.347412109375 241.6663980657703 2040.5164031982422 1607.200439453125 332.89309576980827 0.0 0.0 0.0 0.0
4254 3761.4743270874023 591.347412109375 241.6663980657703 2053.278366088867 1607.200439453125 332.03456372040563 0.0 0.0 0.0 0.0
4264 3761.4743270874023 591.347412109375 241.6663980657703 2071.145065307617 1607.200439453125 330.8532794267977 0.0 0.0 0.0 0.0
4270 3761.4743270874023 591.347412109375 241.6663980657703 2091.564254760742 1607.200439453125 329.53035328175037 0.0 0.0 0.0 0.0
4278 3761.4743270874023 591.347412109375 241.6663980657703 2109.431198120117 1604.648193359375 328.2438552256131 0.0 0.0 0.0 0.0
4286 3761.4743270874023 591.347412109375 241.6663980657703 2127.297897338867 1602.095703125 326.97771110494745 0.0 0.0 0.0 0.0
4294 3761.4743270874023 591.347412109375 241.6663980657703 2140.059860229492 1599.543212890625 326.0390531265704 0.0 0.0 0.0 0.0
4302 3761.4743270874023 591.347412109375 241.6663980657703 2155.374313354492 1596.990966796875 324.9596076701644 0.0 0.0 0.0 0.0
4310 3761.4743270874023 591.347412109375 241.6663980657703 2165.583786010742 1594.4384765625 324.1927502985471 0.0 0.0 0.0 0.0
4318 3761.4743270874023 591.347412109375 241.6663980657703 2180.898239135742 1591.885986328125 323.1397749606714 0.0 0.0 0.0 0.0
4326 3761.4743270874023 591.347412109375 241.6663980657703 2196.212448120117 1586.78125 321.93538617472285 0.0 0.0 0.0 0.0
4334 3761.4743270874023 591.347412109375 241.6663980657703 2208.974411010742 1586.78125 321.2248973697253 0.0 0.0 0.0 0.0
4342 3761.4743270874023 591.347412109375 241.6663980657703 2224.288864135742 1581.676513671875 320.04517499443335 0.0 0.0 0.0 0.0
4350 3761.4743270874023 591.347412109375 241.6663980657703 2242.155563354492 1576.57177734375 318.7485759784802 0.0 0.0 0.0 0.0
4358 3761.4743270874023 591.347412109375 241.6663980657703 2262.574752807617 1571.467041015625 317.3459192368541 0.0 0.0 0.0 0.0
4366 3761.4743270874023 591.347412109375 241.6663980657703 2288.098678588867 1561.25732421875 315.36715744274244 0.0 0.0 0.0 0.0
4374 3761.4743270874023 591.347412109375 241.6663980657703 2316.175094604492 1553.60009765625 313.5045634662512 0.0 0.0 0.0 0.0
4382 3761.4743270874023 591.347412109375 241.6663980657703 2341.699020385742 1548.495361328125 311.992919565153 0.0 0.0 0.0 0.0
4390 3761.4743270874023 591.347412109375 241.6663980657703 2364.670700073242 1538.285888671875 310.2497982131297 0.0 0.0 0.0 0.0
4398 3761.4743270874023 591.347412109375 241.6663980657703 2390.194625854492 1528.076171875 308.4486002700004 0.0 0.0 0.0 0.0
4406 3761.4743270874023 591.347412109375 241.6663980657703 2418.270797729492 1520.4189453125 306.8001252704665 0.0 0.0 0.0 0.0
4414 3761.4743270874023 591.347412109375 241.6663980657703 2443.794723510742 1512.761962890625 305.29264704730065 0.0 0.0 0.0 0.0
4422 3761.4743270874023 591.347412109375 241.6663980657703 2471.871139526367 1500.0 303.34978457475745 0.0 0.0 0.0 0.0
4432 3761.4743270874023 591.347412109375 241.6663980657703 2492.290328979492 1492.3427734375 302.0994676266272 0.0 0.0 0.0 0.0
4438 3761.4743270874023 591.347412109375 241.6663980657703 2520.366744995117 1484.685546875 300.66664340929395 0.0 0.0 0.0 0.0
4448 3761.4743270874023 591.347412109375 241.6663980657703 2540.785934448242 1477.0283203125 299.48307043571106 0.0 0.0 0.0 0.0
4454 3761.4743270874023 591.347412109375 241.6663980657703 2561.205123901367 1469.37109375 298.32967534280067 0.0 0.0 0.0 0.0
4462 3761.4743270874023 591.347412109375 241.6663980657703 2581.624069213867 1461.7138671875 297.206156440423 0.0 0.0 0.0 0.0
4470 3761.4743270874023 591.347412109375 241.6663980657703 2596.938522338867 1456.609130859375 296.43291583617645 0.0 0.0 0.0 0.0
4480 3761.4743270874023 591.347412109375 241.6663980657703 2614.805221557617 1448.951904296875 295.4113437732751 0.0 0.0 0.0 0.0
4486 3761.4743270874023 591.347412109375 241.6663980657703 2630.119674682617 1441.294921875 294.4620858932813 0.0 0.0 0.0 0.0
4495 3761.4743270874023 591.347412109375 241.6663980657703 2645.434127807617 1436.18994140625 293.744866627518 0.0 0.0 0.0 0.0
4502 3761.4743270874023 591.347412109375 241.6663980657703 2658.196090698242 1428.53271484375 292.87166291698463 0.0 0.0 0.0 0.0
4512 3761.4743270874023 591.347412109375 241.6663980657703 2670.958053588867 1420.875732421875 292.0129588164024 0.0 0.0 0.0 0.0
4518 3761.4743270874023 591.347412109375 241.6663980657703 2686.272262573242 1413.218505859375 291.13223930324114 0.0 0.0 0.0 0.0
4526 3761.4743270874023 591.347412109375 241.6663980657703 2701.586715698242 1405.561279296875 290.26974099966196 0.0 0.0 0.0 0.0
4534 3761.4743270874023 591.347412109375 241.6663980657703 2709.243942260742 1400.45654296875 289.7340972101716 0.0 0.0 0.0 0.0
4542 3761.4743270874023 591.347412109375 241.6663980657703 2722.005905151367 1392.79931640625 288.9289524566547 0.0 0.0 0.0 0.0
4550 3761.4743270874023 591.347412109375 241.6663980657703 2729.663131713867 1385.14208984375 288.1885058371126 0.0 0.0 0.0 0.0
4558 3761.4743270874023 591.347412109375 241.6663980657703 2739.872604370117 1380.037353515625 287.65127051270525 0.0 0.0 0.0 0.0
4566 3761.4743270874023 591.347412109375 241.6663980657703 2747.529830932617 1372.380126953125 286.9239453861751 0.0 0.0 0.0 0.0
4574 3761.4743270874023 591.347412109375 241.6663980657703 2760.291793823242 1364.722900390625 286.16876952761515 0.0 0.0 0.0 0.0
4582 3761.4743270874023 591.347412109375 241.6663980657703 2770.501510620117 1357.0657958984375 285.44214811893363 0.0 0.0 0.0 0.0
4590 3761.4743270874023 591.347412109375 241.6663980657703 2775.606246948242 1349.4085693359375 284.7505969150668 0.0 0.0 0.0 0.0
4598 3761.4743270874023 591.347412109375 241.6663980657703 2785.815719604492 1344.3038330078125 284.2638334726932 0.0 0.0 0.0 0.0
4606 3761.4743270874023 591.347412109375 241.6663980657703 2793.472946166992 1334.09423828125 283.3529366511384 0.0 0.0 0.0 0.0
4614 3761.4743270874023 591.347412109375 241.6663980657703 2806.234909057617 1323.8846435546875 282.44533401004145 0.0 0.0 0.0 0.0
4622 3761.4743270874023 591.347412109375 241.6663980657703 2813.892135620117 1318.7799072265625 281.99501863066496 0.0 0.0 0.0 0.0
4630 3761.4743270874023 591.347412109375 241.6663980657703 2824.101608276367 1311.1226806640625 281.33071982137295 0.0 0.0 0.0 0.0
4638 3761.4743270874023 591.347412109375 241.6663980657703 2831.758834838867 1300.9130859375 280.4533451490429 0.0 0.0 0.0 0.0
4649 3761.4743270874023 591.347412109375 241.6663980657703 2839.416061401367 1293.255859375 279.8062287429399 0.0 0.0 0.0 0.0
4654 3761.4743270874023 591.347412109375 241.6663980657703 2849.625534057617 1285.5987548828125 279.17599152484865 0.0 0.0 0.0 0.0
4663 3761.4743270874023 591.347412109375 241.6663980657703 2857.282760620117 1277.9415283203125 278.54420537821545 0.0 0.0 0.0 0.0
4670 3761.4743270874023 591.347412109375 241.6663980657703 2864.939987182617 1270.2843017578125 277.9200950774939 0.0 0.0 0.0 0.0
4678 3761.4743270874023 591.347412109375 241.6663980657703 2875.149459838867 1260.07470703125 277.1015367958882 0.0 0.0 0.0 0.0
4686 3761.4743270874023 591.347412109375 241.6663980657703 2885.359176635742 1249.865234375 276.2965011810893 0.0 0.0 0.0 0.0
4694 3761.4743270874023 591.347412109375 241.6663980657703 2895.568649291992 1239.6556396484375 275.50492011120457 0.0 0.0 0.0 0.0
4702 3761.4743270874023 591.347412109375 241.6663980657703 2908.330612182617 1226.8936767578125 274.5362419251529 0.0 0.0 0.0 0.0
4710 3761.4743270874023 591.347412109375 241.6663980657703 2918.540328979492 1214.1317138671875 273.55794250327335 0.0 0.0 0.0 0.0
4718 3761.4743270874023 591.347412109375 241.6663980657703 2928.749801635742 1201.36962890625 272.5971586435778 0.0 0.0 0.0 0.0
4726 3761.4743270874023 591.347412109375 241.6663980657703 2944.064254760742 1186.0552978515625 271.5148141726124 0.0 0.0 0.0 0.0
4734 3761.4743270874023 591.347412109375 241.6663980657703 2956.826217651367 1170.740966796875 270.41926217174597 0.0 0.0 0.0 0.0
4742 3761.4743270874023 591.347412109375 241.6663980657703 2969.588180541992 1155.4266357421875 269.349117245156 0.0 0.0 0.0 0.0
4750 3761.4743270874023 591.347412109375 241.6663980657703 2982.350143432617 1137.559814453125 268.0927726129317 0.0 0.0 0.0 0.0
4758 3761.4743270874023 591.347412109375 241.6663980657703 2995.112106323242 1122.2454833984375 267.07779410738056 0.0 0.0 0.0 0.0
4766 3761.4743270874023 591.347412109375 241.6663980657703 3007.874069213867 1104.378662109375 265.8782328592666 0.0 0.0 0.0 0.0
4774 3761.4743270874023 591.347412109375 241.6663980657703 3020.636032104492 1089.0643310546875 264.9172019983611 0.0 0.0 0.0 0.0
4782 3761.4743270874023 591.347412109375 241.6663980657703 3033.397994995117 1073.7498779296875 263.9799765561695 0.0 0.0 0.0 0.0
4790 3761.4743270874023 591.347412109375 241.6663980657703 3048.712448120117 1058.435546875 263.1347869206204 0.0 0.0 0.0 0.0
4799 3761.4743270874023 591.347412109375 241.6663980657703 3053.817184448242 1050.7784423828125 262.6473125651398 0.0 0.0 0.0 0.0
4806 3761.4743270874023 591.347412109375 241.6663980657703 3058.921920776367 1043.1212158203125 262.1651905691007 0.0 0.0 0.0 0.0
4814 3761.4743270874023 591.347412109375 241.6663980657703 3064.026901245117 1038.016357421875 261.8956937284667 0.0 0.0 0.0 0.0
4822 3761.4743270874023 591.347412109375 241.6663980657703 3066.579147338867 1032.91162109375 261.55349134774735 0.0 0.0 0.0 0.0
4830 3761.4743270874023 591.347412109375 241.6663980657703 3066.579147338867 1030.3592529296875 261.3446371829601 0.0 0.0 0.0 0.0
4838 3761.4743270874023 591.347412109375 241.6663980657703 3069.131637573242 1025.25439453125 261.00589680310264 0.0 0.0 0.0 0.0
4846 3761.4743270874023 591.347412109375 241.6663980657703 3071.683883666992 1022.7020263671875 260.87623838166724 0.0 0.0 0.0 0.0
4854 3761.4743270874023 591.347412109375 241.6663980657703 3074.236373901367 1020.149658203125 260.7472414881439 0.0 0.0 0.0 0.0
4863 3761.4743270874023 591.347412109375 241.6663980657703 3076.788864135742 1015.0447998046875 260.4123227084327 0.0 0.0 0.0 0.0
4870 3761.4743270874023 591.347412109375 241.6663980657703 3079.341110229492 1012.492431640625 260.2856271703796 0.0 0.0 0.0 0.0
4879 3761.4743270874023 591.347412109375 241.6663980657703 3081.893600463867 1007.3876953125 259.9536585963027 0.0 0.0 0.0 0.0
4886 3761.4743270874023 591.347412109375 241.6663980657703 3086.998336791992 999.73046875 259.5018633139822 0.0 0.0 0.0 0.0
4895 3761.4743270874023 591.347412109375 241.6663980657703 3092.103073120117 992.0732421875 259.0552609058732 0.0 0.0 0.0 0.0
4902 3761.4743270874023 591.347412109375 241.6663980657703 3094.655563354492 984.4161376953125 258.5277991126259 0.0 0.0 0.0 0.0
4910 3761.4743270874023 591.347412109375 241.6663980657703 3102.312789916992 971.6541748046875 257.77850921505785 0.0 0.0 0.0 0.0
4918 3761.4743270874023 591.347412109375 241.6663980657703 3109.970016479492 958.8922119140625 257.0428568355603 0.0 0.0 0.0 0.0
4926 3761.4743270874023 591.347412109375 241.6663980657703 3115.074752807617 948.6826171875 256.4257819727691 0.0 0.0 0.0 0.0
4934 3761.4743270874023 591.347412109375 241.6663980657703 3117.626998901367 938.4730224609375 255.72137830109534 0.0 0.0 0.0 0.0
4942 3761.4743270874023 591.347412109375 241.6663980657703 3122.731979370117 925.7110595703125 254.92598870952534 0.0 0.0 0.0 0.0
4950 3761.4743270874023 591.347412109375 241.6663980657703 3127.836715698242 915.50146484375 254.33781753578225 0.0 0.0 0.0 0.0
4958 3761.4743270874023 591.347412109375 241.6663980657703 3135.493942260742 902.739501953125 253.66642291841816 0.0 0.0 0.0 0.0
4966 3761.4743270874023 591.347412109375 241.6663980657703 3140.598678588867 889.9775390625 252.90319042987906 0.0 0.0 0.0 0.0
4974 3761.4743270874023 591.347412109375 241.6663980657703 3148.255905151367 874.6630859375 252.06924433133946 0.0 0.0 0.0 0.0
4982 3761.4743270874023 591.347412109375 241.6663980657703 3153.360641479492 859.3487548828125 251.1427887992611 0.0 0.0 0.0 0.0
4990 3761.4743270874023 591.347412109375 241.6663980657703 3158.465377807617 846.5867919921875 250.42028672970392 0.0 0.0 0.0 0.0
4998 3761.4743270874023 591.347412109375 241.6663980657703 3166.122604370117 826.1676025390625 249.27140078323325 0.0 0.0 0.0 0.0
5006 3761.4743270874023 591.347412109375 241.6663980657703 3171.227340698242 808.3009033203125 248.2143220252373 0.0 0.0 0.0 0.0
5014 3761.4743270874023 591.347412109375 241.6663980657703 3173.779830932617 798.09130859375 247.60012158070504 0.0 0.0 0.0 0.0
5022 3761.4743270874023 591.347412109375 241.6663980657703 3178.884567260742 785.329345703125 246.93708946706806 0.0 0.0 0.0 0.0
5030 3761.4743270874023 591.347412109375 241.6663980657703 3183.989303588867 777.672119140625 246.6442117527041 0.0 0.0 0.0 0.0
5038 3761.4743270874023 591.347412109375 241.6663980657703 3186.541793823242 770.014892578125 246.22809138613457 0.0 0.0 0.0 0.0
5049 3761.4743270874023 591.347412109375 241.6663980657703 3186.541793823242 764.91015625 245.86652455175476 0.0 0.0 0.0 0.0
5054 3761.4743270874023 591.347412109375 241.6663980657703 3186.541793823242 759.805419921875 245.5066141068826 0.0 0.0 0.0 0.0
5063 3761.4743270874023 591.347412109375 241.6663980657703 3189.094039916992 754.7005615234375 245.2793647164551 0.0 0.0 0.0 0.0
5070 3761.4743270874023 591.347412109375 241.6663980657703 3191.646530151367 752.148193359375 245.231848865287 0.0 0.0 0.0 0.0
5078 3761.4743270874023 591.347412109375 241.6663980657703 3194.199020385742 747.0433349609375 245.00673983731505 0.0 0.0 0.0 0.0
5086 3761.4743270874023 591.347412109375 241.6663980657703 3194.199020385742 741.9385986328125 244.65077965863114 0.0 0.0 0.0 0.0
5095 3761.4743270874023 591.347412109375 241.6663980657703 3196.751266479492 736.8338623046875 244.43014983738016 0.0 0.0 0.0 0.0
5102 3761.4743270874023 591.347412109375 241.6663980657703 3196.751266479492 729.1766357421875 243.9014523639235 0.0 0.0 0.0 0.0
5110 3761.4743270874023 591.347412109375 241.6663980657703 3199.303756713867 724.07177734375 243.68663948275534 0.0 0.0 0.0 0.0
5118 3761.4743270874023 591.347412109375 241.6663980657703 3199.303756713867 718.967041015625 243.3368790501976 0.0 0.0 0.0 0.0
5126 3761.4743270874023 591.347412109375 241.6663980657703 3199.303756713867 713.8623046875 242.98881210501662 0.0 0.0 0.0 0.0
5134 3761.4743270874023 591.347412109375 241.6663980657703 3201.856246948242 708.7574462890625 242.7811113376088 0.0 0.0 0.0 0.0
5142 3761.4743270874023 591.347412109375 241.6663980657703 3201.856246948242 706.205078125 242.60800739811432 0.0 0.0 0.0 0.0
5153 3761.4743270874023 591.347412109375 241.6663980657703 3204.408493041992 703.6527099609375 242.5749469292699 0.0 0.0 0.0 0.0
5166 3761.4743270874023 591.347412109375 241.6663980657703 3204.408493041992 701.1002197265625 242.4023320425021 0.0 0.0 0.0 0.0
5198 3761.4743270874023 591.347412109375 241.6663980657703 3204.408493041992 698.5478515625 242.2301409145439 0.0 0.0 0.0 0.0