0 2350.0 1500.0 0 1650.0 1500.0 0 0.0 0.0 0.0 0.0
503 2350.0 1500.0 0 1650.0 1500.0 0 0.0 0.0 0.0 0.0
505 2350.0 1500.0 0.0 1650.0 1500.0 0 0.0 0.0 0.0 0.0
603 2346.04736328125 1503.9525146484375 2.880472755398216 1650.0 1500.0 0 0.0 0.0 0.0 0.0
637 2346.04736328125 1507.9051513671875 3.6235360437090094 1650.0 1500.0 0 0.0 0.0 0.0 0.0
654 2342.0947265625 1507.9051513671875 5.769035933566272 1650.0 1500.0 0 0.0 0.0 0.0 0.0
670 2338.142333984375 1507.9051513671875 7.9380136866756175 1650.0 1500.0 0 0.0 0.0 0.0 0.0
703 2334.189697265625 1511.857666015625 10.61194251064859 1650.0 1500.0 0 0.0 0.0 0.0 0.0
737 2330.237060546875 1511.857666015625 12.822742559943663 1650.0 1500.0 0 0.0 0.0 0.0 0.0
770 2326.284423828125 1511.857666015625 15.04724650767406 1650.0 1500.0 0 0.0 0.0 0.0 0.0
790 2322.33203125 1515.810302734375 17.49617724370654 1650.0 1500.0 0 0.0 0.0 0.0 0.0
806 2318.37939453125 1515.810302734375 19.73838833891466 1650.0 1500.0 0 0.0 0.0 0.0 0.0
823 2314.4267578125 1519.7628173828125 22.020315164289258 1650.0 1500.0 0 0.0 0.0 0.0 0.0
839 2306.521728515625 1527.66796875 26.248512273201897 1650.0 1500.0 0 0.0 0.0 0.0 0.0
840 2306.521728515625 1527.66796875 26.248463470589826 1650.0 1500.0 0 0.0 0.0 0.0 0.0
854 2298.616455078125 1527.66796875 30.702287902771502 1650.0 1500.0 0 0.0 0.0 0.0 0.0
871 2294.6640625 1527.66796875 32.91404767669724 1650.0 1500.0 0 0.0 0.0 0.0 0.0
886 2282.80615234375 1531.62060546875 38.791079660545506 1650.0 1500.0 0 0.0 0.0 0.0 0.0
906 2274.901123046875 1531.62060546875 43.0126559124123 1650.0 1500.0 0 0.0 0.0 0.0 0.0
921 2270.948486328125 1531.62060546875 45.092770495259515 1650.0 1500.0 0 0.0 0.0 0.0 0.0
937 2263.04345703125 1535.5731201171875 48.19782276322695 1650.0 1500.0 0 0.0 0.0 0.0 0.0
954 2259.0908203125 1535.5731201171875 50.19429634879623 1650.0 1500.0 0 0.0 0.0 0.0 0.0
970 2255.13818359375 1535.5731201171875 52.1543737019212 1650.0 1500.0 0 0.0 0.0 0.0 0.0
988 2251.185791015625 1535.5731201171875 54.076507550662086 1650.0 1500.0 0 0.0 0.0 0.0 0.0
1005 2247.233154296875 1539.525634765625 54.79890925469431 1650.0 1500.0 0 0.0 0.0 0.0 0.0
1020 2243.280517578125 1539.525634765625 56.666767367238265 1650.0 1500.0 0 0.0 0.0 0.0 0.0
1053 2239.327880859375 1543.478271484375 57.25590783291739 1650.0 1500.0 0 0.0 0.0 0.0 0.0
1120 2235.37548828125 1543.478271484375 59.069692859484064 1650.0 1500.0 0 0.0 0.0 0.0 0.0
1204 2231.4228515625 1543.478271484375 60.841748791896094 1650.0 1500.0 0 0.0 0.0 0.0 0.0
1220 2231.4228515625 1547.4307861328125 59.50438980687133 1650.0 1500.0 0 0.0 0.0 0.0 0.0
1239 2227.47021484375 1547.4307861328125 61.266186995137616 1650.0 1500.0 0 0.0 0.0 0.0 0.0
1270 2223.517822265625 1547.4307861328125 62.9853064109665 1650.0 1500.0 0 0.0 0.0 0.0 0.0
1287 2215.612548828125 1547.4307861328125 66.2546843516266 1650.0 1500.0 0 0.0 0.0 0.0 0.0
1304 2215.612548828125 1551.3834228515625 64.75772963841348 1650.0 1500.0 0 0.0 0.0 0.0 0.0
1337 2211.659912109375 1551.3834228515625 66.38815841031763 1650.0 1500.0 0 0.0 0.0 0.0 0.0
1354 2207.70751953125 1551.3834228515625 67.9751462607394 1650.0 1500.0 0 0.0 0.0 0.0 0.0
1387 2203.7548828125 1551.3834228515625 69.51881859287312 1650.0 1500.0 0 0.0 0.0 0.0 0.0
1404 2199.80224609375 1551.3834228515625 71.01924773689717 1650.0 1500.0 0 0.0 0.0 0.0 0.0
1420 2195.849853515625 1555.3359375 70.85800465246172 1650.0 1500.0 0 0.0 0.0 0.0 0.0
1437 2191.897216796875 1555.3359375 72.32011323876225 1650.0 1500.0 0 0.0 0.0 0.0 0.0
1453 2183.991943359375 1555.3359375 75.07779030242051 1650.0 1500.0 0 0.0 0.0 0.0 0.0
1470 2180.03955078125 1555.3359375 76.4143980341735 1650.0 1500.0 0 0.0 0.0 0.0 0.0
1487 2176.0869140625 1555.3359375 77.70994641285841 1650.0 1500.0 0 0.0 0.0 0.0 0.0
1504 2168.181640625 1555.3359375 80.1434597182649 1650.0 1500.0 0 0.0 0.0 0.0 0.0
1520 2160.276611328125 1555.3359375 82.42458029307247 1650.0 1500.0 0 0.0 0.0 0.0 0.0
1538 2156.323974609375 1559.28857421875 81.67131345235495 1650.0 1500.0 0 0.0 0.0 0.0 0.0
1554 2148.4189453125 1559.28857421875 83.85513526586303 1650.0 1500.0 0 0.0 0.0 0.0 0.0
1587 2144.46630859375 1559.28857421875 84.91050256217213 1650.0 1500.0 0 0.0 0.0 0.0 0.0
1620 2144.46630859375 1563.2410888671875 82.96544217195986 1650.0 1500.0 0 0.0 0.0 0.0 0.0
1639 2140.513671875 1563.2410888671875 84.05044558278652 1650.0 1500.0 0 0.0 0.0 0.0 0.0
1654 2140.513671875 1567.1937255859375 82.122056378931 1650.0 1500.0 0 0.0 0.0 0.0 0.0
1686 2132.608642578125 1567.1937255859375 84.2769422509748 1650.0 1500.0 0 0.0 0.0 0.0 0.0
1705 2124.70361328125 1567.1937255859375 86.29182218357619 1650.0 1500.0 0 0.0 0.0 0.0 0.0
1720 2116.79833984375 1567.1937255859375 88.17382944116133 1650.0 1500.0 0 0.0 0.0 0.0 0.0
1737 2100.988037109375 1567.1937255859375 91.46463448223668 1650.0 1500.0 0 0.0 0.0 0.0 0.0
1754 2093.0830078125 1567.1937255859375 92.99697738730288 1650.0 1500.0 0 0.0 0.0 0.0 0.0
1770 2081.225341796875 1567.1937255859375 95.06564053198352 1650.0 1500.0 0 0.0 0.0 0.0 0.0
1787 2077.272705078125 1567.1937255859375 95.73024073312536 1650.0 1500.0 0 0.0 0.0 0.0 0.0
1804 2073.320068359375 1567.1937255859375 96.37084438395203 1650.0 1500.0 0 0.0 0.0 0.0 0.0
1820 2069.367431640625 1567.1937255859375 96.98818511161119 1650.0 1500.0 0 0.0 0.0 0.0 0.0
1953 2065.4150390625 1567.1937255859375 97.58306155651405 1650.0 1500.0 0 0.0 0.0 0.0 0.0
1973 2061.46240234375 1567.1937255859375 98.15630586517068 1650.0 1500.0 0 0.0 0.0 0.0 0.0
1990 2057.509765625 1567.1937255859375 98.70854935505812 1650.0 1500.0 0 0.0 0.0 0.0 0.0
2004 2049.604736328125 1567.1937255859375 99.73491985159 1650.0 1500.0 0 0.0 0.0 0.0 0.0
2038 2045.652099609375 1567.1937255859375 100.22927895329667 1650.0 1500.0 0 0.0 0.0 0.0 0.0
2054 2041.699462890625 1567.1937255859375 100.70534495148604 1650.0 1500.0 0 0.0 0.0 0.0 0.0
2120 2033.79443359375 1567.1937255859375 101.58970894237535 1650.0 1500.0 0 0.0 0.0 0.0 0.0
2370 2029.841796875 1567.1937255859375 102.01548193957785 1650.0 1500.0 0 0.0 0.0 0.0 0.0
2390 2021.936767578125 1563.2410888671875 104.87052611758452 1650.0 1500.0 0 0.0 0.0 0.0 0.0
2391 2021.936767578125 1563.2410888671875 104.87054524145384 1650.0 1500.0 0 0.0 0.0 0.0 0.0
2421 2014.031494140625 1563.2410888671875 105.45604841978445 1650.0 1500.0 0 0.0 0.0 0.0 0.0
2422 2014.031494140625 1563.2410888671875 105.45603759401956 1650.0 1500.0 0 0.0 0.0 0.0 0.0
2438 2010.0791015625 1563.2410888671875 105.73781705684297 1650.0 1500.0 0 0.0 0.0 0.0 0.0
2454 2006.12646484375 1563.2410888671875 106.00904066480649 1650.0 1500.0 0 0.0 0.0 0.0 0.0
2470 2006.12646484375 1559.28857421875 108.2471811722802 1650.0 1500.0 0 0.0 0.0 0.0 0.0
3537 2002.173828125 1559.28857421875 108.4242704569121 1650.0 1500.0 0 0.0 0.0 0.0 0.0
3556 1994.2686767578125 1559.28857421875 108.75279364965638 1650.0 1500.0 0 0.0 0.0 0.0 0.0
3573 1986.363525390625 1563.2410888671875 106.98595890103866 1650.0 1500.0 0 0.0 0.0 0.0 0.0
3590 1982.4110107421875 1567.1937255859375 105.06935793531602 1650.0 1500.0 0 0.0 0.0 0.0 0.0
3606 1978.45849609375 1571.146240234375 103.23486436974116 1650.0 1500.0 0 0.0 0.0 0.0 0.0
3607 1978.45849609375 1571.146240234375 103.23486228121271 1650.0 1500.0 0 0.0 0.0 0.0 0.0
3770 1974.505859375 1571.146240234375 103.59957231569501 1650.0 1500.0 0 0.0 0.0 0.0 0.0
3787 1970.5533447265625 1571.146240234375 103.95068762010953 1650.0 1500.0 0 0.0 0.0 0.0 0.0
3804 1962.648193359375 1571.146240234375 104.60244358798224 1650.0 1500.0 0 0.0 0.0 0.0 0.0
3820 1950.7904052734375 1575.0987548828125 103.49407592455981 1650.0 1500.0 0 0.0 0.0 0.0 0.0
3837 1946.837890625 1579.0513916015625 101.72833898200133 1650.0 1500.0 0 0.0 0.0 0.0 0.0
3853 1938.9327392578125 1579.0513916015625 102.53960059276955 1650.0 1500.0 0 0.0 0.0 0.0 0.0
3870 1931.027587890625 1583.00390625 101.25130212152715 1650.0 1500.0 0 0.0 0.0 0.0 0.0
3903 1927.0750732421875 1586.95654296875 99.58550521763311 1650.0 1500.0 0 0.0 0.0 0.0 0.0
4120 1923.1224365234375 1586.95654296875 100.08528306737662 1650.0 1500.0 0 0.0 0.0 0.0 0.0
4137 1915.21728515625 1586.95654296875 101.01385120854741 1650.0 1500.0 0 0.0 0.0 0.0 0.0
4170 1911.2647705078125 1586.95654296875 101.46099461703159 1650.0 1500.0 0 0.0 0.0 0.0 0.0
4187 1911.2647705078125 1590.9090576171875 99.27892837995796 1650.0 1500.0 0 0.0 0.0 0.0 0.0
4204 1907.3121337890625 1590.9090576171875 99.79006382129717 1650.0 1500.0 0 0.0 0.0 0.0 0.0
4520 1907.3121337890625 1594.8616943359375 97.6241626671098 1650.0 1500.0 0 0.0 0.0 0.0 0.0
4786 1907.3121337890625 1598.814208984375 95.48202596360278 1650.0 1500.0 0 0.0 0.0 0.0 0.0
5086 1903.359619140625 1598.814208984375 96.13159020698737 1650.0 1500.0 0 0.0 0.0 0.0 0.0
5120 1899.4071044921875 1598.814208984375 96.75758355891114 1650.0 1500.0 0 0.0 0.0 0.0 0.0
5137 1899.4071044921875 1594.8616943359375 98.93641422647866 1650.0 1500.0 0 0.0 0.0 0.0 0.0
5172 1895.4544677734375 1590.9090576171875 101.58101098026344 1650.0 1500.0 0 0.0 0.0 0.0 0.0
5189 1891.501953125 1586.95654296875 104.14413686733326 1650.0 1500.0 0 0.0 0.0 0.0 0.0
5221 1891.501953125 1583.00390625 106.37512470144111 1650.0 1500.0 0 0.0 0.0 0.0 0.0
5237 1891.501953125 1579.0513916015625 108.61440245996505 1650.0 1500.0 0 0.0 0.0 0.0 0.0
5253 1891.501953125 1575.0987548828125 110.85865459316273 1650.0 1500.0 0 0.0 0.0 0.0 0.0
5270 1891.501953125 1571.146240234375 113.10436278832935 1650.0 1500.0 0 0.0 0.0 0.0 0.0
5320 1891.501953125 1567.1937255859375 115.34806530486304 1650.0 1500.0 0 0.0 0.0 0.0 0.0
5337 1891.501953125 1563.2410888671875 117.58650171901797 1650.0 1500.0 0 0.0 0.0 0.0 0.0
5486 1891.501953125 1559.28857421875 119.81606669667053 1650.0 1500.0 0 0.0 0.0 0.0 0.0
5554 1887.54931640625 1559.28857421875 119.55764859894111 1650.0 1500.0 0 0.0 0.0 0.0 0.0
5573 1883.5968017578125 1559.28857421875 119.30893302703339 1650.0 1500.0 0 0.0 0.0 0.0 0.0
5589 1875.691650390625 1555.3359375 120.91068683254286 1650.0 1500.0 0 0.0 0.0 0.0 0.0
5590 1875.691650390625 1555.3359375 120.91069236411761 1650.0 1500.0 0 0.0 0.0 0.0 0.0
5605 1871.739013671875 1551.3834228515625 122.74151635365092 1650.0 1500.0 0 0.0 0.0 0.0 0.0
5622 1867.7864990234375 1551.3834228515625 122.37385672473317 1650.0 1500.0 0 0.0 0.0 0.0 0.0
5637 1863.833984375 1551.3834228515625 122.01988421139765 1650.0 1500.0 0 0.0 0.0 0.0 0.0
5654 1855.9288330078125 1551.3834228515625 121.36276810523361 1650.0 1500.0 0 0.0 0.0 0.0 0.0
5670 1851.9761962890625 1551.3834228515625 121.04645062637564 1650.0 1500.0 0 0.0 0.0 0.0 0.0
5687 1851.9761962890625 1547.4307861328125 123.25597860633599 1650.0 1500.0 0 0.0 0.0 0.0 0.0
5886 1851.9761962890625 1543.478271484375 125.44841167687878 1650.0 1500.0 0 0.0 0.0 0.0 0.0
5906 1848.023681640625 1543.478271484375 124.98038280595154 1650.0 1500.0 0 0.0 0.0 0.0 0.0
5987 1844.071044921875 1543.478271484375 124.52961290728854 1650.0 1500.0 0 0.0 0.0 0.0 0.0
6006 1840.1185302734375 1543.478271484375 124.095560759195 1650.0 1500.0 0 0.0 0.0 0.0 0.0
6021 1836.1658935546875 1543.478271484375 123.67757699481501 1650.0 1500.0 0 0.0 0.0 0.0 0.0
6037 1836.1658935546875 1539.525634765625 125.86646797661012 1650.0 1500.0 0 0.0 0.0 0.0 0.0
6070 1832.21337890625 1539.525634765625 125.38298603252929 1650.0 1500.0 0 0.0 0.0 0.0 0.0