0 2000.0 1500.0 0 0.0 0.0 0.0 0.0 0.0 0.0 0.0
251 2005.9814453125 1500.0 2.953201828121138 0.0 0.0 0.0 0.0 0.0 0.0 0.0
265 2011.962890625 1500.0 5.8330569245530555 0.0 0.0 0.0 0.0 0.0 0.0 0.0
284 2017.944091796875 1500.0 8.634512583813013 0.0 0.0 0.0 0.0 0.0 0.0 0.0
299 2020.934814453125 1500.0 10.014372964741689 0.0 0.0 0.0 0.0 0.0 0.0 0.0
316 2029.906982421875 1500.0 13.967281857235193 0.0 0.0 0.0 0.0 0.0 0.0 0.0
334 2032.897705078125 1500.0 15.261959541287446 0.0 0.0 0.0 0.0 0.0 0.0 0.0
374 2035.888427734375 1500.0 16.53433942250024 0.0 0.0 0.0 0.0 0.0 0.0 0.0
433 2038.879150390625 1500.0 17.784125206229618 0.0 0.0 0.0 0.0 0.0 0.0 0.0
451 2041.869873046875 1500.0 19.011257056328958 0.0 0.0 0.0 0.0 0.0 0.0 0.0
469 2044.860595703125 1500.0 20.215536281021663 0.0 0.0 0.0 0.0 0.0 0.0 0.0
486 2053.83251953125 1500.0 23.627500668223867 0.0 0.0 0.0 0.0 0.0 0.0 0.0
503 2056.8232421875 1500.0 24.74133501957418 0.0 0.0 0.0 0.0 0.0 0.0 0.0
519 2059.81396484375 1500.0 25.832290800850828 0.0 0.0 0.0 0.0 0.0 0.0 0.0
854 2068.7861328125 1500.0 28.906822564958617 0.0 0.0 0.0 0.0 0.0 0.0 0.0
868 2074.767578125 1500.0 30.867933524153756 0.0 0.0 0.0 0.0 0.0 0.0 0.0
886 2083.73974609375 1497.00927734375 32.3776210740331 0.0 0.0 0.0 0.0 0.0 0.0 0.0
903 2086.730224609375 1497.00927734375 33.30177688789492 0.0 0.0 0.0 0.0 0.0 0.0 0.0
921 2095.702392578125 1497.00927734375 35.890458695391864 0.0 0.0 0.0 0.0 0.0 0.0 0.0
936 2095.702392578125 1494.0185546875 34.52815536347817 0.0 0.0 0.0 0.0 0.0 0.0 0.0
954 2098.693115234375 1494.0185546875 35.40251488638721 0.0 0.0 0.0 0.0 0.0 0.0 0.0
1288 2095.702392578125 1494.0185546875 34.50673552585363 0.0 0.0 0.0 0.0 0.0 0.0 0.0
1324 2092.711669921875 1494.0185546875 33.58924557658323 0.0 0.0 0.0 0.0 0.0 0.0 0.0
1492 2089.720947265625 1494.0185546875 32.64981119058407 0.0 0.0 0.0 0.0 0.0 0.0 0.0
1712 2086.730224609375 1494.0185546875 31.688118529508394 0.0 0.0 0.0 0.0 0.0 0.0 0.0
1722 2083.73974609375 1500.0 33.458408559301496 0.0 0.0 0.0 0.0 0.0 0.0 0.0
1736 2083.73974609375 1505.9814453125 36.23599032291184 0.0 0.0 0.0 0.0 0.0 0.0 0.0
1752 2080.7490234375 1511.9627685546875 38.267147076015945 0.0 0.0 0.0 0.0 0.0 0.0 0.0
1769 2077.75830078125 1517.9442138671875 40.41019869299869 0.0 0.0 0.0 0.0 0.0 0.0 0.0
1786 2074.767578125 1523.9256591796875 42.66784943400707 0.0 0.0 0.0 0.0 0.0 0.0 0.0
1802 2071.77685546875 1523.9256591796875 41.956188292271776 0.0 0.0 0.0 0.0 0.0 0.0 0.0
1826 2071.77685546875 1526.916259765625 43.44069671033712 0.0 0.0 0.0 0.0 0.0 0.0 0.0
1903 2071.77685546875 1529.906982421875 44.94241726860132 0.0 0.0 0.0 0.0 0.0 0.0 0.0
1917 2071.77685546875 1532.897705078125 46.460447664696275 0.0 0.0 0.0 0.0 0.0 0.0 0.0
1940 2071.77685546875 1535.888427734375 47.99385708157787 0.0 0.0 0.0 0.0 0.0 0.0 0.0
2253 2077.75830078125 1535.888427734375 49.04434796846331 0.0 0.0 0.0 0.0 0.0 0.0 0.0
2268 2083.73974609375 1535.888427734375 50.04099177656417 0.0 0.0 0.0 0.0 0.0 0.0 0.0
2285 2089.720947265625 1535.888427734375 50.986235752466925 0.0 0.0 0.0 0.0 0.0 0.0 0.0
2302 2095.702392578125 1535.888427734375 51.882603469734676 0.0 0.0 0.0 0.0 0.0 0.0 0.0
2318 2098.693115234375 1535.888427734375 52.31882470872448 0.0 0.0 0.0 0.0 0.0 0.0 0.0
2336 2104.674560546875 1535.888427734375 53.145883750089666 0.0 0.0 0.0 0.0 0.0 0.0 0.0
2349 2107.665283203125 1535.888427734375 53.54829952425821 0.0 0.0 0.0 0.0 0.0 0.0 0.0
2369 2116.637451171875 1535.888427734375 54.66320136225178 0.0 0.0 0.0 0.0 0.0 0.0 0.0
2387 2119.6279296875 1538.879150390625 56.58044219975403 0.0 0.0 0.0 0.0 0.0 0.0 0.0
2411 2122.61865234375 1538.879150390625 56.89008934097352 0.0 0.0 0.0 0.0 0.0 0.0 0.0
2458 2125.609375 1538.879150390625 57.191312093165266 0.0 0.0 0.0 0.0 0.0 0.0 0.0
2518 2134.58154296875 1538.879150390625 58.02506902628376 0.0 0.0 0.0 0.0 0.0 0.0 0.0
2534 2143.5537109375 1538.879150390625 58.79406869008348 0.0 0.0 0.0 0.0 0.0 0.0 0.0
2549 2149.53515625 1538.879150390625 59.27942548798225 0.0 0.0 0.0 0.0 0.0 0.0 0.0
2568 2155.516357421875 1538.879150390625 59.738877310221795 0.0 0.0 0.0 0.0 0.0 0.0 0.0
2585 2158.507080078125 1538.879150390625 59.96230331406953 0.0 0.0 0.0 0.0 0.0 0.0 0.0
2603 2161.497802734375 1538.879150390625 60.17963925822956 0.0 0.0 0.0 0.0 0.0 0.0 0.0
2638 2164.488525390625 1538.879150390625 60.3910369125588 0.0 0.0 0.0 0.0 0.0 0.0 0.0
2652 2170.469970703125 1538.879150390625 60.79116167772372 0.0 0.0 0.0 0.0 0.0 0.0 0.0
2666 2173.460693359375 1538.879150390625 60.98571091487142 0.0 0.0 0.0 0.0 0.0 0.0 0.0
2685 2176.451416015625 1538.879150390625 61.1749356727622 0.0 0.0 0.0 0.0 0.0 0.0 0.0
2699 2182.432861328125 1538.879150390625 61.533112936770976 0.0 0.0 0.0 0.0 0.0 0.0 0.0
2716 2185.42333984375 1538.879150390625 61.70731181476606 0.0 0.0 0.0 0.0 0.0 0.0 0.0
2820 2197.38623046875 1538.879150390625 62.33315377516534 0.0 0.0 0.0 0.0 0.0 0.0 0.0
2835 2203.36767578125 1538.879150390625 62.629326219766 0.0 0.0 0.0 0.0 0.0 0.0 0.0
2849 2209.34912109375 1538.879150390625 62.909603738668466 0.0 0.0 0.0 0.0 0.0 0.0 0.0
2866 2212.33984375 1538.879150390625 63.04587583970405 0.0 0.0 0.0 0.0 0.0 0.0 0.0
2886 2215.33056640625 1538.879150390625 63.17839033927699 0.0 0.0 0.0 0.0 0.0 0.0 0.0
2941 2218.321044921875 1538.879150390625 63.30725062123737 0.0 0.0 0.0 0.0 0.0 0.0 0.0
2965 2221.311767578125 1538.879150390625 63.432585964384984 0.0 0.0 0.0 0.0 0.0 0.0 0.0
2983 2224.302490234375 1538.879150390625 63.55446134072878 0.0 0.0 0.0 0.0 0.0 0.0 0.0
2999 2227.293212890625 1538.879150390625 63.67293246003081 0.0 0.0 0.0 0.0 0.0 0.0 0.0
3016 2233.274658203125 1538.879150390625 63.89717854912273 0.0 0.0 0.0 0.0 0.0 0.0 0.0
3033 2239.256103515625 1538.879150390625 64.10936979398744 0.0 0.0 0.0 0.0 0.0 0.0 0.0
3049 2248.228271484375 1538.879150390625 64.40266855643699 0.0 0.0 0.0 0.0 0.0 0.0 0.0
3066 2251.21875 1538.879150390625 64.4977256668991 0.0 0.0 0.0 0.0 0.0 0.0 0.0
3083 2260.19091796875 1538.879150390625 64.76052569505846 0.0 0.0 0.0 0.0 0.0 0.0 0.0
3099 2263.181640625 1538.879150390625 64.84569406100927 0.0 0.0 0.0 0.0 0.0 0.0 0.0
3121 2269.1630859375 1538.879150390625 65.0069350401629 0.0 0.0 0.0 0.0 0.0 0.0 0.0
3157 2272.15380859375 1538.879150390625 65.08531575356666 0.0 0.0 0.0 0.0 0.0 0.0 0.0
3615 2278.13525390625 1538.879150390625 65.23366741979761 0.0 0.0 0.0 0.0 0.0 0.0 0.0
3640 2281.1259765625 1538.879150390625 65.30577881852695 0.0 0.0 0.0 0.0 0.0 0.0 0.0
3653 2284.11669921875 1538.879150390625 65.37590955224388 0.0 0.0 0.0 0.0 0.0 0.0 0.0
3675 2287.107177734375 1538.879150390625 65.44409017456422 0.0 0.0 0.0 0.0 0.0 0.0 0.0
3724 2290.097900390625 1538.879150390625 65.51040154363274 0.0 0.0 0.0 0.0 0.0 0.0 0.0
3750 2293.088623046875 1538.879150390625 65.57489207738543 0.0 0.0 0.0 0.0 0.0 0.0 0.0
3809 2296.079345703125 1538.879150390625 65.63756225238205 0.0 0.0 0.0 0.0 0.0 0.0 0.0
3844 2299.070068359375 1538.879150390625 65.69854666846474 0.0 0.0 0.0 0.0 0.0 0.0 0.0
3855 2305.051513671875 1538.879150390625 65.8138639801925 0.0 0.0 0.0 0.0 0.0 0.0 0.0
3870 2314.023681640625 1538.879150390625 65.97330898915828 0.0 0.0 0.0 0.0 0.0 0.0 0.0
3883 2320.0048828125 1538.879150390625 66.07388120571106 0.0 0.0 0.0 0.0 0.0 0.0 0.0
3899 2322.99560546875 1538.879150390625 66.12279395294132 0.0 0.0 0.0 0.0 0.0 0.0 0.0
3916 2334.95849609375 1538.879150390625 66.29840691244812 0.0 0.0 0.0 0.0 0.0 0.0 0.0
3940 2340.93994140625 1538.879150390625 66.38147416009537 0.0 0.0 0.0 0.0 0.0 0.0 0.0
3964 2343.9306640625 1538.879150390625 66.42185154368848 0.0 0.0 0.0 0.0 0.0 0.0 0.0
3990 2346.92138671875 1538.879150390625 66.46113270320606 0.0 0.0 0.0 0.0 0.0 0.0 0.0
4014 2352.902587890625 1538.879150390625 66.53543449863052 0.0 0.0 0.0 0.0 0.0 0.0 0.0
4032 2355.893310546875 1538.879150390625 66.57152622149461 0.0 0.0 0.0 0.0 0.0 0.0 0.0
4049 2364.865478515625 1538.879150390625 66.67139426030927 0.0 0.0 0.0 0.0 0.0 0.0 0.0
4065 2376.828369140625 1538.879150390625 66.79096293452923 0.0 0.0 0.0 0.0 0.0 0.0 0.0
4083 2385.80029296875 1538.879150390625 66.8735418833391 0.0 0.0 0.0 0.0 0.0 0.0 0.0
4099 2388.791015625 1538.879150390625 66.90028579334674 0.0 0.0 0.0 0.0 0.0 0.0 0.0
4116 2391.78173828125 1538.879150390625 66.92629653763693 0.0 0.0 0.0 0.0 0.0 0.0 0.0
4133 2394.7724609375 1538.879150390625 66.95159366678514 0.0 0.0 0.0 0.0 0.0 0.0 0.0
4149 2397.76318359375 1538.879150390625 66.97617928102076 0.0 0.0 0.0 0.0 0.0 0.0 0.0
4166 2403.74462890625 1538.879150390625 67.02276574961589 0.0 0.0 0.0 0.0 0.0 0.0 0.0
4183 2406.7353515625 1538.879150390625 67.04540628346696 0.0 0.0 0.0 0.0 0.0 0.0 0.0
4199 2412.716796875 1538.879150390625 67.08823942267674 0.0 0.0 0.0 0.0 0.0 0.0 0.0
4216 2415.70751953125 1538.879150390625 67.10906850464661 0.0 0.0 0.0 0.0 0.0 0.0 0.0
4233 2427.670166015625 1538.879150390625 67.18388994353117 0.0 0.0 0.0 0.0 0.0 0.0 0.0
4249 2433.651611328125 1538.879150390625 67.21931234873041 0.0 0.0 0.0 0.0 0.0 0.0 0.0
4266 2439.633056640625 1538.879150390625 67.25280233135649 0.0 0.0 0.0 0.0 0.0 0.0 0.0
4283 2445.614501953125 1538.879150390625 67.2844681893215 0.0 0.0 0.0 0.0 0.0 0.0 0.0
4304 2448.605224609375 1538.879150390625 67.29985436029322 0.0 0.0 0.0 0.0 0.0 0.0 0.0
4327 2454.58642578125 1538.879150390625 67.32903810356733 0.0 0.0 0.0 0.0 0.0 0.0 0.0
4350 2460.56787109375 1538.879150390625 67.35661225537346 0.0 0.0 0.0 0.0 0.0 0.0 0.0
4375 2463.55859375 1538.879150390625 67.37004570639475 0.0 0.0 0.0 0.0 0.0 0.0 0.0
4387 2472.53076171875 1538.879150390625 67.40714503406954 0.0 0.0 0.0 0.0 0.0 0.0 0.0
4399 2481.5029296875 1538.879150390625 67.44129063241283 0.0 0.0 0.0 0.0 0.0 0.0 0.0
4416 2487.484130859375 1538.879150390625 67.4628099421353 0.0 0.0 0.0 0.0 0.0 0.0 0.0
4440 2496.456298828125 1538.879150390625 67.49259881404478 0.0 0.0 0.0 0.0 0.0 0.0 0.0
4450 2499.447021484375 1538.879150390625 67.50227773243587 0.0 0.0 0.0 0.0 0.0 0.0 0.0
4859 2499.447021484375 1535.888427734375 65.87300243139295 0.0 0.0 0.0 0.0 0.0 0.0 0.0
4943 2502.437744140625 1535.888427734375 65.92745167000334 0.0 0.0 0.0 0.0 0.0 0.0 0.0
4979 2505.428466796875 1535.888427734375 65.98040041207145 0.0 0.0 0.0 0.0 0.0 0.0 0.0
4994 2511.409912109375 1535.888427734375 66.08056249370148 0.0 0.0 0.0 0.0 0.0 0.0 0.0
5012 2514.400634765625 1535.888427734375 66.12926795100498 0.0 0.0 0.0 0.0 0.0 0.0 0.0
5029 2520.3818359375 1535.888427734375 66.22144889147681 0.0 0.0 0.0 0.0 0.0 0.0 0.0
5050 2523.37255859375 1532.897705078125 64.68354511506766 0.0 0.0 0.0 0.0 0.0 0.0 0.0
5075 2529.35400390625 1532.897705078125 64.85348690705341 0.0 0.0 0.0 0.0 0.0 0.0 0.0
5100 2532.3447265625 1532.897705078125 64.9361325184396 0.0 0.0 0.0 0.0 0.0 0.0 0.0
5116 2535.33544921875 1532.897705078125 65.01645862965404 0.0 0.0 0.0 0.0 0.0 0.0 0.0
5133 2538.326171875 1532.897705078125 65.09458100500883 0.0 0.0 0.0 0.0 0.0 0.0 0.0
5149 2544.3076171875 1532.897705078125 65.2424260253267 0.0 0.0 0.0 0.0 0.0 0.0 0.0
5166 2550.2890625 1532.897705078125 65.38233427367514 0.0 0.0 0.0 0.0 0.0 0.0 0.0
5183 2562.251708984375 1532.897705078125 65.63350133876736 0.0 0.0 0.0 0.0 0.0 0.0 0.0
5199 2568.233154296875 1532.897705078125 65.75231391920788 0.0 0.0 0.0 0.0 0.0 0.0 0.0
5216 2574.214599609375 1532.897705078125 65.86476376328987 0.0 0.0 0.0 0.0 0.0 0.0 0.0
5234 2580.196044921875 1532.897705078125 65.97115552277218 0.0 0.0 0.0 0.0 0.0 0.0 0.0
5249 2583.186767578125 1532.897705078125 66.02285781485456 0.0 0.0 0.0 0.0 0.0 0.0 0.0
5268 2586.17724609375 1532.897705078125 66.07314725728995 0.0 0.0 0.0 0.0 0.0 0.0 0.0
5283 2589.16796875 1532.897705078125 66.12208266633924 0.0 0.0 0.0 0.0 0.0 0.0 0.0
5299 2589.16796875 1529.906982421875 64.49464499362884 0.0 0.0 0.0 0.0 0.0 0.0 0.0
5317 2592.15869140625 1529.906982421875 64.58716051006905 0.0 0.0 0.0 0.0 0.0 0.0 0.0
5340 2595.1494140625 1529.906982421875 64.67710425680191 0.0 0.0 0.0 0.0 0.0 0.0 0.0
5364 2601.130859375 1529.906982421875 64.84736894834109 0.0 0.0 0.0 0.0 0.0 0.0 0.0
5381 2604.12158203125 1526.916259765625 63.34986168741622 0.0 0.0 0.0 0.0 0.0 0.0 0.0
5397 2610.10302734375 1526.916259765625 63.591456443874534 0.0 0.0 0.0 0.0 0.0 0.0 0.0
5415 2625.056396484375 1526.916259765625 64.12041171666924 0.0 0.0 0.0 0.0 0.0 0.0 0.0
5431 2631.037841796875 1526.916259765625 64.32061850223461 0.0 0.0 0.0 0.0 0.0 0.0 0.0
5448 2637.019287109375 1526.916259765625 64.51005188085608 0.0 0.0 0.0 0.0 0.0 0.0 0.0
5464 2645.991455078125 1526.916259765625 64.77188403069431 0.0 0.0 0.0 0.0 0.0 0.0 0.0
5481 2648.982177734375 1526.916259765625 64.85677529498834 0.0 0.0 0.0 0.0 0.0 0.0 0.0
5497 2651.97265625 1526.916259765625 64.93930496830957 0.0 0.0 0.0 0.0 0.0 0.0 0.0
5514 2666.92626953125 1526.916259765625 65.30063601180275 0.0 0.0 0.0 0.0 0.0 0.0 0.0
5531 2672.90771484375 1526.916259765625 65.4374121385546 0.0 0.0 0.0 0.0 0.0 0.0 0.0
5547 2687.861083984375 1526.916259765625 65.73670572667999 0.0 0.0 0.0 0.0 0.0 0.0 0.0
5564 2690.851806640625 1526.916259765625 65.79494112414349 0.0 0.0 0.0 0.0 0.0 0.0 0.0
5581 2696.833251953125 1526.916259765625 65.90507651065579 0.0 0.0 0.0 0.0 0.0 0.0 0.0
5597 2702.814697265625 1526.916259765625 66.00932474241853 0.0 0.0 0.0 0.0 0.0 0.0 0.0
5617 2705.805419921875 1526.916259765625 66.06001313695037 0.0 0.0 0.0 0.0 0.0 0.0 0.0
5653 2708.796142578125 1526.916259765625 66.10926786513998 0.0 0.0 0.0 0.0 0.0 0.0 0.0
6352 2711.786865234375 1526.916259765625 66.15716074777066 0.0 0.0 0.0 0.0 0.0 0.0 0.0
6366 2711.786865234375 1529.906982421875 67.78740480621502 0.0 0.0 0.0 0.0 0.0 0.0 0.0
6557 2714.777587890625 1529.906982421875 67.7889244171822 0.0 0.0 0.0 0.0 0.0 0.0 0.0
6581 2714.777587890625 1532.897705078125 69.41857178893348 0.0 0.0 0.0 0.0 0.0 0.0 0.0
6631 2717.768310546875 1535.888427734375 70.95774631898281 0.0 0.0 0.0 0.0 0.0 0.0 0.0
6775 2723.74951171875 1535.888427734375 70.79008814775088 0.0 0.0 0.0 0.0 0.0 0.0 0.0
6786 2726.740234375 1535.888427734375 70.70854940972306 0.0 0.0 0.0 0.0 0.0 0.0 0.0
6800 2729.73095703125 1538.879150390625 72.20983562479104 0.0 0.0 0.0 0.0 0.0 0.0 0.0
6814 2732.7216796875 1538.879150390625 72.0891271032609 0.0 0.0 0.0 0.0 0.0 0.0 0.0
6847 2735.71240234375 1538.879150390625 71.9716980730261 0.0 0.0 0.0 0.0 0.0 0.0 0.0
6864 2738.703125 1538.879150390625 71.85752443733706 0.0 0.0 0.0 0.0 0.0 0.0 0.0
6896 2738.703125 1541.8697509765625 73.47976783066416 0.0 0.0 0.0 0.0 0.0 0.0 0.0
6920 2741.69384765625 1541.8697509765625 73.3240063242833 0.0 0.0 0.0 0.0 0.0 0.0 0.0
6945 2744.6845703125 1541.8697509765625 73.17255078639583 0.0 0.0 0.0 0.0 0.0 0.0 0.0
7210 2756.647216796875 1541.8697509765625 72.62846396955503 0.0 0.0 0.0 0.0 0.0 0.0 0.0
7220 2768.610107421875 1541.8697509765625 72.13979975716516 0.0 0.0 0.0 0.0 0.0 0.0 0.0
7234 2777.582275390625 1541.8697509765625 71.80204432409923 0.0 0.0 0.0 0.0 0.0 0.0 0.0
7251 2786.55419921875 1541.8697509765625 71.4908298546377 0.0 0.0 0.0 0.0 0.0 0.0 0.0
7267 2792.53564453125 1541.8697509765625 71.29447123041783 0.0 0.0 0.0 0.0 0.0 0.0 0.0
7284 2801.5078125 1541.8697509765625 71.02304842718624 0.0 0.0 0.0 0.0 0.0 0.0 0.0
7300 2807.4892578125 1544.8604736328125 72.38958028571138 0.0 0.0 0.0 0.0 0.0 0.0 0.0
7317 2810.47998046875 1544.8604736328125 72.263881983507 0.0 0.0 0.0 0.0 0.0 0.0 0.0
7334 2819.451904296875 1547.8511962890625 73.41166186558958 0.0 0.0 0.0 0.0 0.0 0.0 0.0
7354 2825.433349609375 1550.8419189453125 74.64416717700675 0.0 0.0 0.0 0.0 0.0 0.0 0.0
7367 2834.405517578125 1553.8326416015625 75.59924434536786 0.0 0.0 0.0 0.0 0.0 0.0 0.0
7384 2837.396240234375 1553.8326416015625 75.38524774200053 0.0 0.0 0.0 0.0 0.0 0.0 0.0
7400 2840.386962890625 1553.8326416015625 75.17711482583157 0.0 0.0 0.0 0.0 0.0 0.0 0.0
7417 2846.368408203125 1553.8326416015625 74.78309661554857 0.0 0.0 0.0 0.0 0.0 0.0 0.0
7433 2849.359130859375 1553.8326416015625 74.591517403264 0.0 0.0 0.0 0.0 0.0 0.0 0.0
7521 2849.359130859375 1556.8233642578125 76.20442992059478 0.0 0.0 0.0 0.0 0.0 0.0 0.0
7583 2852.349609375 1559.81396484375 77.5367116830367 0.0 0.0 0.0 0.0 0.0 0.0 0.0
7599 2855.34033203125 1559.81396484375 77.26970967482322 0.0 0.0 0.0 0.0 0.0 0.0 0.0
7617 2858.3310546875 1559.81396484375 77.00996944255654 0.0 0.0 0.0 0.0 0.0 0.0 0.0
7634 2858.3310546875 1562.8046875 78.61149557255959 0.0 0.0 0.0 0.0 0.0 0.0 0.0
7691 2861.32177734375 1562.8046875 78.31517356807969 0.0 0.0 0.0 0.0 0.0 0.0 0.0
7703 2864.3125 1562.8046875 78.02694338567392 0.0 0.0 0.0 0.0 0.0 0.0 0.0
7717 2870.2939453125 1562.8046875 77.48107172978324 0.0 0.0 0.0 0.0 0.0 0.0 0.0
7734 2873.28466796875 1562.8046875 77.2155565732193 0.0 0.0 0.0 0.0 0.0 0.0 0.0
7751 2882.2568359375 1562.8046875 76.48094917388511 0.0 0.0 0.0 0.0 0.0 0.0 0.0
7768 2888.238037109375 1562.8046875 76.01735171738945 0.0 0.0 0.0 0.0 0.0 0.0 0.0
7783 2891.228759765625 1562.8046875 75.79191866659814 0.0 0.0 0.0 0.0 0.0 0.0 0.0
7800 2900.200927734375 1562.8046875 75.16829834375 0.0 0.0 0.0 0.0 0.0 0.0 0.0
7817 2903.191650390625 1562.8046875 74.96614906132062 0.0 0.0 0.0 0.0 0.0 0.0 0.0
7834 2909.173095703125 1562.8046875 74.58340245432383 0.0 0.0 0.0 0.0 0.0 0.0 0.0
7855 2921.1357421875 1562.8046875 73.89576027075746 0.0 0.0 0.0 0.0 0.0 0.0 0.0
7870 2927.1171875 1562.8046875 73.57031857818376 0.0 0.0 0.0 0.0 0.0 0.0 0.0
7884 2936.08935546875 1562.8046875 73.12043413848593 0.0 0.0 0.0 0.0 0.0 0.0 0.0
7901 2939.080078125 1562.8046875 72.974601398063 0.0 0.0 0.0 0.0 0.0 0.0 0.0
8016 2942.07080078125 1562.8046875 72.83278646780487 0.0 0.0 0.0 0.0 0.0 0.0 0.0
8040 2945.0615234375 1562.8046875 72.69489651915646 0.0 0.0 0.0 0.0 0.0 0.0 0.0
8053 2951.04296875 1562.8046875 72.43389075863938 0.0 0.0 0.0 0.0 0.0 0.0 0.0
8076 2954.033447265625 1562.8046875 72.30699194339053 0.0 0.0 0.0 0.0 0.0 0.0 0.0
8089 2957.024169921875 1562.8046875 72.18360242863365 0.0 0.0 0.0 0.0 0.0 0.0 0.0
8101 2960.014892578125 1562.8046875 72.06362777040209 0.0 0.0 0.0 0.0 0.0 0.0 0.0
8118 2963.005615234375 1562.8046875 71.94691810954735 0.0 0.0 0.0 0.0 0.0 0.0 0.0
8134 2965.996337890625 1562.8046875 71.83346365538509 0.0 0.0 0.0 0.0 0.0 0.0 0.0
8151 2980.949951171875 1562.8046875 71.33662697840644 0.0 0.0 0.0 0.0 0.0 0.0 0.0
8168 2989.921875 1562.8046875 71.06193253634117 0.0 0.0 0.0 0.0 0.0 0.0 0.0
8184 2998.89404296875 1562.8046875 70.80878553970817 0.0 0.0 0.0 0.0 0.0 0.0 0.0
8201 3004.87548828125 1562.8046875 70.6491149361723 0.0 0.0 0.0 0.0 0.0 0.0 0.0
8218 3007.8662109375 1562.8046875 70.57148763753675 0.0 0.0 0.0 0.0 0.0 0.0 0.0
8234 3013.84765625 1562.8046875 70.42453908557678 0.0 0.0 0.0 0.0 0.0 0.0 0.0
8251 3019.828857421875 1562.8046875 70.28552233911748 0.0 0.0 0.0 0.0 0.0 0.0 0.0
8268 3022.819580078125 1562.8046875 70.2179604459651 0.0 0.0 0.0 0.0 0.0 0.0 0.0
8295 3025.810302734375 1562.8046875 70.15223634155905 0.0 0.0 0.0 0.0 0.0 0.0 0.0
8317 3025.810302734375 1559.81396484375 68.52212001019416 0.0 0.0 0.0 0.0 0.0 0.0 0.0
8334 3025.810302734375 1556.8233642578125 66.89220650000476 0.0 0.0 0.0 0.0 0.0 0.0 0.0