0 2053.6842041015625 1373.6842041015625 204.93496680602806 0.0 0.0 0.0 0.0 0.0 0.0 0.0
272 2053.6842041015625 1373.6842041015625 204.93496680602806 0.0 0.0 0.0 0.0 0.0 0.0 0.0
289 2053.6842041015625 1373.6842041015625 204.93496680602806 0.0 0.0 0.0 0.0 0.0 0.0 0.0
306 2053.6842041015625 1373.6842041015625 204.93496680602806 0.0 0.0 0.0 0.0 0.0 0.0 0.0
323 2053.6842041015625 1373.6842041015625 204.93496680602806 0.0 0.0 0.0 0.0 0.0 0.0 0.0
340 2053.6842041015625 1373.6842041015625 204.93496680602806 0.0 0.0 0.0 0.0 0.0 0.0 0.0
357 2053.6842041015625 1373.6842041015625 204.93496680602806 0.0 0.0 0.0 0.0 0.0 0.0 0.0
374 2053.6842041015625 1373.6842041015625 204.93496680602806 0.0 0.0 0.0 0.0 0.0 0.0 0.0
396 2053.6842041015625 1373.6842041015625 204.93496680602806 0.0 0.0 0.0 0.0 0.0 0.0 0.0
413 2053.6842041015625 1373.6842041015625 204.93496680602806 0.0 0.0 0.0 0.0 0.0 0.0 0.0
430 2210.9378662109375 1326.2840576171875 207.81273036995987 0.0 0.0 0.0 0.0 0.0 0.0 0.0
446 2214.0955810546875 1345.2314453125 210.08589441503233 0.0 0.0 0.0 0.0 0.0 0.0 0.0
465 2217.2535400390625 1361.02099609375 211.48599574752848 0.0 0.0 0.0 0.0 0.0 0.0 0.0
481 2223.5694580078125 1386.2840576171875 212.73967711202414 0.0 0.0 0.0 0.0 0.0 0.0 0.0
497 2233.0430908203125 1414.7052001953125 212.85546366572282 0.0 0.0 0.0 0.0 0.0 0.0 0.0
515 2239.3587646484375 1436.8104248046875 213.38638550032658 0.0 0.0 0.0 0.0 0.0 0.0 0.0
530 2255.1483154296875 1462.0736083984375 210.2959321461198 0.0 0.0 0.0 0.0 0.0 0.0 0.0
548 2264.6219482421875 1481.02099609375 209.4049339085738 0.0 0.0 0.0 0.0 0.0 0.0 0.0
563 2277.2535400390625 1493.652587890625 206.0667461788604 0.0 0.0 0.0 0.0 0.0 0.0 0.0
581 2293.0430908203125 1509.4420166015625 202.6153780749562 0.0 0.0 0.0 0.0 0.0 0.0 0.0
597 2302.5167236328125 1518.9156494140625 200.77897700743324 0.0 0.0 0.0 0.0 0.0 0.0 0.0
614 2311.9903564453125 1525.2314453125 198.28393333670442 0.0 0.0 0.0 0.0 0.0 0.0 0.0
632 2318.3062744140625 1534.7052001953125 198.25471954065875 0.0 0.0 0.0 0.0 0.0 0.0 0.0
649 2321.4639892578125 1537.863037109375 197.77143707839582 0.0 0.0 0.0 0.0 0.0 0.0 0.0
668 2324.6219482421875 1537.863037109375 196.3220742232321 0.0 0.0 0.0 0.0 0.0 0.0 0.0
872 2324.6219482421875 1534.7052001953125 195.2670621423156 0.0 0.0 0.0 0.0 0.0 0.0 0.0
1100 2324.6219482421875 1531.5472412109375 194.1852194772668 0.0 0.0 0.0 0.0 0.0 0.0 0.0
1204 2324.6219482421875 1528.389404296875 193.076330570777 0.0 0.0 0.0 0.0 0.0 0.0 0.0
1258 2324.6219482421875 1525.2314453125 191.940023712496 0.0 0.0 0.0 0.0 0.0 0.0 0.0
1282 2324.6219482421875 1522.0736083984375 190.77630825208806 0.0 0.0 0.0 0.0 0.0 0.0 0.0
1299 2324.6219482421875 1518.9156494140625 189.5847986314032 0.0 0.0 0.0 0.0 0.0 0.0 0.0
1316 2324.6219482421875 1512.599853515625 187.0886410691959 0.0 0.0 0.0 0.0 0.0 0.0 0.0
1333 2327.7799072265625 1503.126220703125 181.86166936410106 0.0 0.0 0.0 0.0 0.0 0.0 0.0
1350 2330.9378662109375 1493.652587890625 176.4611569964066 0.0 0.0 0.0 0.0 0.0 0.0 0.0
1367 2334.0955810546875 1481.02099609375 169.3211709029137 0.0 0.0 0.0 0.0 0.0 0.0 0.0
1384 2337.2535400390625 1465.2314453125 160.29604786817572 0.0 0.0 0.0 0.0 0.0 0.0 0.0
1401 2343.5694580078125 1439.9683837890625 145.70813842283775 0.0 0.0 0.0 0.0 0.0 0.0 0.0
1418 2349.8851318359375 1417.863037109375 133.7889141963697 0.0 0.0 0.0 0.0 0.0 0.0 0.0
1436 2362.5167236328125 1395.7578125 124.04183998731318 0.0 0.0 0.0 0.0 0.0 0.0 0.0
1453 2371.9903564453125 1373.652587890625 115.2429485921999 0.0 0.0 0.0 0.0 0.0 0.0 0.0
1471 2378.3062744140625 1354.7052001953125 108.28126711285975 0.0 0.0 0.0 0.0 0.0 0.0 0.0
1488 2390.9378662109375 1338.9156494140625 105.33625731518214 0.0 0.0 0.0 0.0 0.0 0.0 0.0
1505 2400.4114990234375 1326.2840576171875 103.1034816117338 0.0 0.0 0.0 0.0 0.0 0.0 0.0
1522 2406.7271728515625 1316.8104248046875 101.34061100571665 0.0 0.0 0.0 0.0 0.0 0.0 0.0
1540 2413.0430908203125 1310.49462890625 100.96542499468285 0.0 0.0 0.0 0.0 0.0 0.0 0.0
1558 2416.2008056640625 1310.49462890625 102.09785536098013 0.0 0.0 0.0 0.0 0.0 0.0 0.0
1575 2419.3587646484375 1310.49462890625 103.20372776219949 0.0 0.0 0.0 0.0 0.0 0.0 0.0
1592 2422.5167236328125 1310.49462890625 104.28318147151171 0.0 0.0 0.0 0.0 0.0 0.0 0.0
1609 2425.6746826171875 1310.49462890625 105.33653026659493 0.0 0.0 0.0 0.0 0.0 0.0 0.0
1628 2425.6746826171875 1310.49462890625 105.33650221941929 0.0 0.0 0.0 0.0 0.0 0.0 0.0
1650 2435.1483154296875 1310.49462890625 108.2733045593935 0.0 0.0 0.0 0.0 0.0 0.0 0.0
1667 2444.6219482421875 1310.49462890625 110.99520818714012 0.0 0.0 0.0 0.0 0.0 0.0 0.0
1683 2454.0955810546875 1310.49462890625 113.51288401190493 0.0 0.0 0.0 0.0 0.0 0.0 0.0
1700 2466.7271728515625 1310.49462890625 116.53506060303755 0.0 0.0 0.0 0.0 0.0 0.0 0.0
1717 2476.2008056640625 1313.652587890625 120.14747509338252 0.0 0.0 0.0 0.0 0.0 0.0 0.0
1735 2488.8323974609375 1316.8104248046875 124.00238584722916 0.0 0.0 0.0 0.0 0.0 0.0 0.0
1751 2498.3062744140625 1319.9683837890625 127.0687036818502 0.0 0.0 0.0 0.0 0.0 0.0 0.0
1766 2510.9378662109375 1319.9683837890625 128.6696263536494 0.0 0.0 0.0 0.0 0.0 0.0 0.0
1782 2520.4114990234375 1323.126220703125 131.37314370350254 0.0 0.0 0.0 0.0 0.0 0.0 0.0
1800 2526.7271728515625 1326.2840576171875 133.63112699966211 0.0 0.0 0.0 0.0 0.0 0.0 0.0
1817 2533.0430908203125 1329.4420166015625 135.7657192581841 0.0 0.0 0.0 0.0 0.0 0.0 0.0
1834 2539.3587646484375 1332.599853515625 137.7809199323488 0.0 0.0 0.0 0.0 0.0 0.0 0.0
1852 2542.5167236328125 1335.7578125 139.62111477181 0.0 0.0 0.0 0.0 0.0 0.0 0.0
1870 2545.6746826171875 1342.0736083984375 143.13137942349115 0.0 0.0 0.0 0.0 0.0 0.0 0.0
1887 2548.8323974609375 1345.2314453125 144.80911674133705 0.0 0.0 0.0 0.0 0.0 0.0 0.0
1905 2555.1483154296875 1354.7052001953125 149.60522906309498 0.0 0.0 0.0 0.0 0.0 0.0 0.0
1922 2558.3062744140625 1361.02099609375 152.75360619100067 0.0 0.0 0.0 0.0 0.0 0.0 0.0
1939 2564.6219482421875 1367.3367919921875 155.3670064745087 0.0 0.0 0.0 0.0 0.0 0.0 0.0
1955 2567.7799072265625 1376.8104248046875 159.88126476148193 0.0 0.0 0.0 0.0 0.0 0.0 0.0
1973 2574.0955810546875 1383.126220703125 161.98217167944125 0.0 0.0 0.0 0.0 0.0 0.0 0.0
1990 2577.2535400390625 1389.4420166015625 164.56645742109936 0.0 0.0 0.0 0.0 0.0 0.0 0.0
2007 2583.5694580078125 1395.7578125 166.31606358162526 0.0 0.0 0.0 0.0 0.0 0.0 0.0
2024 2586.7271728515625 1402.0736083984375 168.6771357208369 0.0 0.0 0.0 0.0 0.0 0.0 0.0
2040 2589.8851318359375 1405.2314453125 169.42282150946943 0.0 0.0 0.0 0.0 0.0 0.0 0.0
2058 2593.0430908203125 1411.5472412109375 171.6166410586792 0.0 0.0 0.0 0.0 0.0 0.0 0.0
2076 2596.2008056640625 1414.7052001953125 172.24344177357358 0.0 0.0 0.0 0.0 0.0 0.0 0.0
2093 2599.3587646484375 1421.02099609375 174.28075332451473 0.0 0.0 0.0 0.0 0.0 0.0 0.0
2110 2599.3587646484375 1427.3367919921875 177.17570949915057 0.0 0.0 0.0 0.0 0.0 0.0 0.0
2127 2599.3587646484375 1433.652587890625 179.96667213985887 0.0 0.0 0.0 0.0 0.0 0.0 0.0
2145 2602.5167236328125 1433.652587890625 178.89194760241878 0.0 0.0 0.0 0.0 0.0 0.0 0.0
2167 2602.5167236328125 1436.8104248046875 180.28095248628028 0.0 0.0 0.0 0.0 0.0 0.0 0.0
2185 2602.5167236328125 1439.9683837890625 181.64321262230283 0.0 0.0 0.0 0.0 0.0 0.0 0.0
2203 2608.8323974609375 1439.9683837890625 179.46531220161228 0.0 0.0 0.0 0.0 0.0 0.0 0.0
2221 2608.8323974609375 1446.2840576171875 182.16946400697213 0.0 0.0 0.0 0.0 0.0 0.0 0.0
2238 2608.8323974609375 1452.599853515625 184.76620687127445 0.0 0.0 0.0 0.0 0.0 0.0 0.0
2255 2611.9903564453125 1458.9156494140625 186.0636052613973 0.0 0.0 0.0 0.0 0.0 0.0 0.0
2273 2615.1483154296875 1465.2314453125 187.28090762605314 0.0 0.0 0.0 0.0 0.0 0.0 0.0
2290 2615.1483154296875 1471.5472412109375 189.66082098845078 0.0 0.0 0.0 0.0 0.0 0.0 0.0
2307 2615.1483154296875 1477.863037109375 191.93406123414258 0.0 0.0 0.0 0.0 0.0 0.0 0.0
2338 2615.1483154296875 1481.02099609375 193.04378537263835 0.0 0.0 0.0 0.0 0.0 0.0 0.0
2812 2615.1483154296875 1477.863037109375 191.90672404170908 0.0 0.0 0.0 0.0 0.0 0.0 0.0
2837 2611.9903564453125 1477.863037109375 193.29983699662975 0.0 0.0 0.0 0.0 0.0 0.0 0.0
2892 2611.9903564453125 1474.7052001953125 192.1690063220152 0.0 0.0 0.0 0.0 0.0 0.0 0.0
2952 2611.9903564453125 1471.5472412109375 191.01067653905443 0.0 0.0 0.0 0.0 0.0 0.0 0.0
2976 2608.8323974609375 1471.5472412109375 192.3860658495584 0.0 0.0 0.0 0.0 0.0 0.0 0.0
2992 2608.8323974609375 1468.389404296875 191.23305270943897 0.0 0.0 0.0 0.0 0.0 0.0 0.0
3016 2608.8323974609375 1465.2314453125 190.05232438319422 0.0 0.0 0.0 0.0 0.0 0.0 0.0
3039 2608.8323974609375 1462.0736083984375 188.84391465259864 0.0 0.0 0.0 0.0 0.0 0.0 0.0
3056 2608.8323974609375 1458.9156494140625 187.60759508802607 0.0 0.0 0.0 0.0 0.0 0.0 0.0
3073 2608.8323974609375 1452.599853515625 185.02167287197938 0.0 0.0 0.0 0.0 0.0 0.0 0.0
3089 2608.8323974609375 1439.9683837890625 179.38878502738987 0.0 0.0 0.0 0.0 0.0 0.0 0.0
3106 2608.8323974609375 1430.49462890625 174.92538660820702 0.0 0.0 0.0 0.0 0.0 0.0 0.0
3124 2608.8323974609375 1414.7052001953125 166.85735624522147 0.0 0.0 0.0 0.0 0.0 0.0 0.0
3142 2608.8323974609375 1405.2314453125 161.84649983011275 0.0 0.0 0.0 0.0 0.0 0.0 0.0
3158 2608.8323974609375 1395.7578125 156.6902195312825 0.0 0.0 0.0 0.0 0.0 0.0 0.0
3176 2608.8323974609375 1376.8104248046875 145.99601204194147 0.0 0.0 0.0 0.0 0.0 0.0 0.0
3192 2608.8323974609375 1357.863037109375 135.33760014902234 0.0 0.0 0.0 0.0 0.0 0.0 0.0
3211 2611.9903564453125 1345.2314453125 128.79084414419208 0.0 0.0 0.0 0.0 0.0 0.0 0.0
3228 2615.1483154296875 1332.599853515625 122.63965895039817 0.0 0.0 0.0 0.0 0.0 0.0 0.0
3245 2615.1483154296875 1326.2840576171875 119.35030610912929 0.0 0.0 0.0 0.0 0.0 0.0 0.0
3263 2618.3062744140625 1323.126220703125 118.41960081537036 0.0 0.0 0.0 0.0 0.0 0.0 0.0
3291 2621.4639892578125 1323.126220703125 119.10195493065547 0.0 0.0 0.0 0.0 0.0 0.0 0.0
3308 2624.6219482421875 1319.9683837890625 118.18101946803034 0.0 0.0 0.0 0.0 0.0 0.0 0.0
3324 2637.2535400390625 1319.9683837890625 120.72449562542263 0.0 0.0 0.0 0.0 0.0 0.0 0.0
3341 2649.8851318359375 1319.9683837890625 123.00193779707195 0.0 0.0 0.0 0.0 0.0 0.0 0.0
3358 2671.9903564453125 1316.8104248046875 124.89415377344358 0.0 0.0 0.0 0.0 0.0 0.0 0.0
3377 2690.9378662109375 1313.652587890625 126.05532902654926 0.0 0.0 0.0 0.0 0.0 0.0 0.0
3394 2713.0430908203125 1313.652587890625 128.82482841524586 0.0 0.0 0.0 0.0 0.0 0.0 0.0
3411 2741.4639892578125 1310.49462890625 130.25279227146092 0.0 0.0 0.0 0.0 0.0 0.0 0.0
3428 2760.4114990234375 1307.3367919921875 130.56524717902138 0.0 0.0 0.0 0.0 0.0 0.0 0.0
3445 2788.8323974609375 1307.3367919921875 132.9848668718593 0.0 0.0 0.0 0.0 0.0 0.0 0.0
3462 2804.6219482421875 1304.1788330078125 132.62835496711804 0.0 0.0 0.0 0.0 0.0 0.0 0.0
3480 2820.4114990234375 1304.1788330078125 133.84094264937187 0.0 0.0 0.0 0.0 0.0 0.0 0.0
3496 2833.0430908203125 1304.1788330078125 134.70469886590476 0.0 0.0 0.0 0.0 0.0 0.0 0.0
3512 2845.6746826171875 1304.1788330078125 135.47366853209746 0.0 0.0 0.0 0.0 0.0 0.0 0.0
3530 2855.1483154296875 1304.1788330078125 136.00153276961035 0.0 0.0 0.0 0.0 0.0 0.0 0.0
3547 2864.6219482421875 1304.1788330078125 136.48464772804118 0.0 0.0 0.0 0.0 0.0 0.0 0.0
3565 2870.9378662109375 1304.1788330078125 136.7879840705727 0.0 0.0 0.0 0.0 0.0 0.0 0.0
3582 2883.5694580078125 1304.1788330078125 137.32789880495704 0.0 0.0 0.0 0.0 0.0 0.0 0.0
3604 2889.8851318359375 1304.1788330078125 137.5821253540278 0.0 0.0 0.0 0.0 0.0 0.0 0.0
3620 2896.2008056640625 1307.3367919921875 139.49410293616782 0.0 0.0 0.0 0.0 0.0 0.0 0.0
3638 2902.5167236328125 1310.49462890625 141.29548937948465 0.0 0.0 0.0 0.0 0.0 0.0 0.0
3653 2905.6746826171875 1316.8104248046875 144.75154169267122 0.0 0.0 0.0 0.0 0.0 0.0 0.0
3671 2908.8323974609375 1319.9683837890625 146.37745898953705 0.0 0.0 0.0 0.0 0.0 0.0 0.0
3688 2911.9903564453125 1323.126220703125 147.9501257673324 0.0 0.0 0.0 0.0 0.0 0.0 0.0
3704 2918.3062744140625 1329.4420166015625 150.89104245061174 0.0 0.0 0.0 0.0 0.0 0.0 0.0
3721 2924.6219482421875 1338.9156494140625 155.24444371681187 0.0 0.0 0.0 0.0 0.0 0.0 0.0
3738 2927.7799072265625 1354.7052001953125 162.90674558601629 0.0 0.0 0.0 0.0 0.0 0.0 0.0
3754 2934.0955810546875 1364.1788330078125 166.27712468015875 0.0 0.0 0.0 0.0 0.0 0.0 0.0
3771 2937.2535400390625 1379.9683837890625 172.96343879126698 0.0 0.0 0.0 0.0 0.0 0.0 0.0
3787 2943.5694580078125 1392.599853515625 176.74303035617282 0.0 0.0 0.0 0.0 0.0 0.0 0.0
3805 2949.8851318359375 1408.389404296875 181.32299134692508 0.0 0.0 0.0 0.0 0.0 0.0 0.0
3821 2956.2008056640625 1424.1788330078125 185.306351669538 0.0 0.0 0.0 0.0 0.0 0.0 0.0
3838 2959.3587646484375 1436.8104248046875 188.839294259741 0.0 0.0 0.0 0.0 0.0 0.0 0.0
3855 2959.3587646484375 1452.599853515625 194.24844324641998 0.0 0.0 0.0 0.0 0.0 0.0 0.0
3872 2962.5167236328125 1462.0736083984375 195.9222728435709 0.0 0.0 0.0 0.0 0.0 0.0 0.0
3890 2962.5167236328125 1477.863037109375 200.524635038825 0.0 0.0 0.0 0.0 0.0 0.0 0.0
3907 2962.5167236328125 1484.1788330078125 202.2703850664914 0.0 0.0 0.0 0.0 0.0 0.0 0.0
3924 2962.5167236328125 1484.1788330078125 202.27038704061832 0.0 0.0 0.0 0.0 0.0 0.0 0.0
3942 2962.5167236328125 1487.3367919921875 203.1201122853904 0.0 0.0 0.0 0.0 0.0 0.0 0.0
4562 2965.6746826171875 1487.3367919921875 201.5824951041471 0.0 0.0 0.0 0.0 0.0 0.0 0.0
4578 2965.6746826171875 1484.1788330078125 200.6666973146572 0.0 0.0 0.0 0.0 0.0 0.0 0.0
4595 2965.6746826171875 1481.02099609375 199.7260475037772 0.0 0.0 0.0 0.0 0.0 0.0 0.0
4613 2965.6746826171875 1474.7052001953125 197.74118668088488 0.0 0.0 0.0 0.0 0.0 0.0 0.0
4630 2965.6746826171875 1465.2314453125 194.5188304945167 0.0 0.0 0.0 0.0 0.0 0.0 0.0
4648 2965.6746826171875 1452.599853515625 189.76449476036512 0.0 0.0 0.0 0.0 0.0 0.0 0.0
4665 2971.9903564453125 1436.8104248046875 180.57816144438772 0.0 0.0 0.0 0.0 0.0 0.0 0.0
4682 2984.6219482421875 1408.389404296875 162.81425113834342 0.0 0.0 0.0 0.0 0.0 0.0 0.0
4700 2997.2535400390625 1379.9683837890625 146.0856540592192 0.0 0.0 0.0 0.0 0.0 0.0 0.0
4718 3016.2008056640625 1351.5472412109375 131.97664359853485 0.0 0.0 0.0 0.0 0.0 0.0 0.0
4740 3038.3062744140625 1326.2840576171875 122.57385210256265 0.0 0.0 0.0 0.0 0.0 0.0 0.0
4757 3063.5694580078125 1304.1788330078125 117.15190929061254 0.0 0.0 0.0 0.0 0.0 0.0 0.0
4774 3085.6746826171875 1285.2314453125 113.59895344669513 0.0 0.0 0.0 0.0 0.0 0.0 0.0
4791 3101.4639892578125 1272.599853515625 111.85230356371272 0.0 0.0 0.0 0.0 0.0 0.0 0.0
4808 3123.5694580078125 1263.126220703125 113.11835044312943 0.0 0.0 0.0 0.0 0.0 0.0 0.0
4823 3142.5167236328125 1247.3367919921875 110.93339491761532 0.0 0.0 0.0 0.0 0.0 0.0 0.0
4838 3161.4639892578125 1231.5472412109375 109.17114768555822 0.0 0.0 0.0 0.0 0.0 0.0 0.0
4858 3174.0955810546875 1215.7578125 106.08304058680599 0.0 0.0 0.0 0.0 0.0 0.0 0.0
4875 3189.8851318359375 1203.126220703125 105.5763370295582 0.0 0.0 0.0 0.0 0.0 0.0 0.0
4891 3205.6746826171875 1193.652587890625 106.36352706481796 0.0 0.0 0.0 0.0 0.0 0.0 0.0
4908 3218.3062744140625 1187.3367919921875 107.42723336816488 0.0 0.0 0.0 0.0 0.0 0.0 0.0
4922 3230.9378662109375 1184.1788330078125 109.68718527070558 0.0 0.0 0.0 0.0 0.0 0.0 0.0
4939 3243.5694580078125 1181.02099609375 111.70073436399133 0.0 0.0 0.0 0.0 0.0 0.0 0.0
4958 3256.2008056640625 1181.02099609375 114.90490421087884 0.0 0.0 0.0 0.0 0.0 0.0 0.0
4975 3262.5167236328125 1181.02099609375 116.4218607929607 0.0 0.0 0.0 0.0 0.0 0.0 0.0
4992 3275.1483154296875 1181.02099609375 119.14725131645088 0.0 0.0 0.0 0.0 0.0 0.0 0.0
5008 3284.6219482421875 1181.02099609375 121.0281568606228 0.0 0.0 0.0 0.0 0.0 0.0 0.0
5025 3294.0955810546875 1187.3367919921875 125.90401125319886 0.0 0.0 0.0 0.0 0.0 0.0 0.0
5042 3303.5694580078125 1196.8104248046875 132.06302807835428 0.0 0.0 0.0 0.0 0.0 0.0 0.0
5059 3309.8851318359375 1206.2840576171875 137.64033447334398 0.0 0.0 0.0 0.0 0.0 0.0 0.0
5077 3319.3587646484375 1212.599853515625 141.2381945550995 0.0 0.0 0.0 0.0 0.0 0.0 0.0
5095 3325.6746826171875 1218.9156494140625 144.6083280643993 0.0 0.0 0.0 0.0 0.0 0.0 0.0
5112 3331.9903564453125 1225.2314453125 147.76735734311222 0.0 0.0 0.0 0.0 0.0 0.0 0.0
5128 3335.1483154296875 1228.389404296875 149.29364671762573 0.0 0.0 0.0 0.0 0.0 0.0 0.0
5146 3335.1483154296875 1231.5472412109375 151.0473027201187 0.0 0.0 0.0 0.0 0.0 0.0 0.0
5164 3335.1483154296875 1234.7052001953125 152.79138075873368 0.0 0.0 0.0 0.0 0.0 0.0 0.0
5184 3338.3062744140625 1237.863037109375 154.14326785069306 0.0 0.0 0.0 0.0 0.0 0.0 0.0
5201 3341.4639892578125 1247.3367919921875 158.7245623121454 0.0 0.0 0.0 0.0 0.0 0.0 0.0
5217 3344.6219482421875 1259.9683837890625 164.59078716759194 0.0 0.0 0.0 0.0 0.0 0.0 0.0
5234 3350.9378662109375 1269.4420166015625 167.8134915861261 0.0 0.0 0.0 0.0 0.0 0.0 0.0
5258 3354.0955810546875 1282.0736083984375 172.97203131004795 0.0 0.0 0.0 0.0 0.0 0.0 0.0
5276 3357.2535400390625 1288.389404296875 174.96830360691365 0.0 0.0 0.0 0.0 0.0 0.0 0.0
5292 3357.2535400390625 1297.863037109375 179.20071880467947 0.0 0.0 0.0 0.0 0.0 0.0 0.0
5309 3360.4114990234375 1304.1788330078125 180.8350682198574 0.0 0.0 0.0 0.0 0.0 0.0 0.0
5325 3360.4114990234375 1310.49462890625 183.48551153615733 0.0 0.0 0.0 0.0 0.0 0.0 0.0
5340 3363.5694580078125 1326.2840576171875 188.3023892483243 0.0 0.0 0.0 0.0 0.0 0.0 0.0
5359 3363.5694580078125 1338.9156494140625 192.771824227784 0.0 0.0 0.0 0.0 0.0 0.0 0.0
5373 3366.7271728515625 1348.389404296875 194.5718041099385 0.0 0.0 0.0 0.0 0.0 0.0 0.0
5392 3369.8851318359375 1364.1788330078125 198.02007440869411 0.0 0.0 0.0 0.0 0.0 0.0 0.0
5409 3373.0430908203125 1379.9683837890625 201.02382586820073 0.0 0.0 0.0 0.0 0.0 0.0 0.0
5426 3376.2008056640625 1389.4420166015625 202.10960196866495 0.0 0.0 0.0 0.0 0.0 0.0 0.0
5442 3379.3587646484375 1398.9156494140625 203.099794574379 0.0 0.0 0.0 0.0 0.0 0.0 0.0
5459 3382.5167236328125 1411.5472412109375 204.73706045136254 0.0 0.0 0.0 0.0 0.0 0.0 0.0
5476 3385.6746826171875 1424.1788330078125 206.19238522797872 0.0 0.0 0.0 0.0 0.0 0.0 0.0
5492 3388.8323974609375 1439.9683837890625 208.11652208539908 0.0 0.0 0.0 0.0 0.0 0.0 0.0
5510 3391.9903564453125 1458.9156494140625 210.34215535542518 0.0 0.0 0.0 0.0 0.0 0.0 0.0
5527 3395.1483154296875 1474.7052001953125 211.70764127354448 0.0 0.0 0.0 0.0 0.0 0.0 0.0
5544 3401.4639892578125 1490.49462890625 211.4464471360393 0.0 0.0 0.0 0.0 0.0 0.0 0.0
5562 3404.6219482421875 1506.2840576171875 212.66236055693827 0.0 0.0 0.0 0.0 0.0 0.0 0.0
5580 3407.7799072265625 1512.599853515625 212.17425959837334 0.0 0.0 0.0 0.0 0.0 0.0 0.0
5604 3407.7799072265625 1515.7578125 212.75085248600254 0.0 0.0 0.0 0.0 0.0 0.0 0.0
5626 3410.9378662109375 1515.7578125 211.08712528525172 0.0 0.0 0.0 0.0 0.0 0.0 0.0
5658 3407.7799072265625 1515.7578125 212.76850936688092 0.0 0.0 0.0 0.0 0.0 0.0 0.0
5675 3401.4639892578125 1509.4420166015625 215.1663361018693 0.0 0.0 0.0 0.0 0.0 0.0 0.0