0 2000.0 1500.0 0 0.0 0.0 0.0 0.0 0.0 0.0 0.0
327 2002.9578857421875 1500.0 358.51021626142034 0.0 0.0 0.0 0.0 0.0 0.0 0.0
344 2005.915771484375 1497.0419921875 357.733882113007 0.0 0.0 0.0 0.0 0.0 0.0 0.0
361 2011.8316650390625 1494.0841064453125 355.3359539275723 0.0 0.0 0.0 0.0 0.0 0.0 0.0
378 2017.7474365234375 1488.1683349609375 353.45566791607746 0.0 0.0 0.0 0.0 0.0 0.0 0.0
394 2026.62109375 1482.2525634765625 349.7091093647647 0.0 0.0 0.0 0.0 0.0 0.0 0.0
411 2032.536865234375 1479.294677734375 346.91981724262865 0.0 0.0 0.0 0.0 0.0 0.0 0.0
428 2038.45263671875 1470.4210205078125 344.7780852525932 0.0 0.0 0.0 0.0 0.0 0.0 0.0
445 2041.4105224609375 1467.463134765625 343.4781975541097 0.0 0.0 0.0 0.0 0.0 0.0 0.0
461 2044.3685302734375 1464.5052490234375 342.13246193095114 0.0 0.0 0.0 0.0 0.0 0.0 0.0
478 2047.326416015625 1461.5472412109375 340.74023690881154 0.0 0.0 0.0 0.0 0.0 0.0 0.0
494 2050.2843017578125 1458.58935546875 339.30071296845244 0.0 0.0 0.0 0.0 0.0 0.0 0.0
511 2050.2843017578125 1458.58935546875 339.30070210590947 0.0 0.0 0.0 0.0 0.0 0.0 0.0
528 2050.2843017578125 1458.58935546875 339.30070210590947 0.0 0.0 0.0 0.0 0.0 0.0 0.0
544 2053.2421875 1455.6314697265625 337.81331570473446 0.0 0.0 0.0 0.0 0.0 0.0 0.0
561 2053.2421875 1455.6314697265625 337.81334554633276 0.0 0.0 0.0 0.0 0.0 0.0 0.0
578 2053.2421875 1452.673583984375 337.9873971416297 0.0 0.0 0.0 0.0 0.0 0.0 0.0
594 2056.2000732421875 1452.673583984375 336.3271154057041 0.0 0.0 0.0 0.0 0.0 0.0 0.0
611 2056.2000732421875 1452.673583984375 336.3270986721419 0.0 0.0 0.0 0.0 0.0 0.0 0.0
628 2056.2000732421875 1452.673583984375 336.3270986721419 0.0 0.0 0.0 0.0 0.0 0.0 0.0
644 2056.2000732421875 1449.7156982421875 336.45686447089076 0.0 0.0 0.0 0.0 0.0 0.0 0.0
661 2059.157958984375 1449.7156982421875 334.79377905217325 0.0 0.0 0.0 0.0 0.0 0.0 0.0
678 2059.157958984375 1449.7156982421875 334.7938223181303 0.0 0.0 0.0 0.0 0.0 0.0 0.0
694 2059.157958984375 1446.7578125 334.8778047925675 0.0 0.0 0.0 0.0 0.0 0.0 0.0
711 2059.157958984375 1446.7578125 334.87781829933476 0.0 0.0 0.0 0.0 0.0 0.0 0.0
728 2062.1158447265625 1446.7578125 333.2131241053362 0.0 0.0 0.0 0.0 0.0 0.0 0.0
744 2065.07373046875 1446.7578125 331.5481214078019 0.0 0.0 0.0 0.0 0.0 0.0 0.0
761 2065.07373046875 1446.7578125 331.5481404772697 0.0 0.0 0.0 0.0 0.0 0.0 0.0
778 2068.0316162109375 1452.673583984375 329.9995528553881 0.0 0.0 0.0 0.0 0.0 0.0 0.0
794 2070.989501953125 1458.58935546875 328.5378714155611 0.0 0.0 0.0 0.0 0.0 0.0 0.0
811 2073.9473876953125 1464.5052490234375 327.15900286676674 0.0 0.0 0.0 0.0 0.0 0.0 0.0
828 2073.9473876953125 1470.4210205078125 327.4238587256692 0.0 0.0 0.0 0.0 0.0 0.0 0.0
844 2076.9052734375 1473.37890625 325.9433661079222 0.0 0.0 0.0 0.0 0.0 0.0 0.0
861 2076.9052734375 1476.3367919921875 326.1137061271793 0.0 0.0 0.0 0.0 0.0 0.0 0.0
878 2076.9052734375 1476.3367919921875 326.11371749946943 0.0 0.0 0.0 0.0 0.0 0.0 0.0
894 2076.9052734375 1476.3367919921875 326.11371749946943 0.0 0.0 0.0 0.0 0.0 0.0 0.0
911 2076.9052734375 1476.3367919921875 326.11371749946943 0.0 0.0 0.0 0.0 0.0 0.0 0.0
928 2079.86328125 1479.294677734375 324.67409433902185 0.0 0.0 0.0 0.0 0.0 0.0 0.0
944 2079.86328125 1479.294677734375 324.67408709250185 0.0 0.0 0.0 0.0 0.0 0.0 0.0
961 2085.779052734375 1476.3367919921875 321.0873336167509 0.0 0.0 0.0 0.0 0.0 0.0 0.0
978 2091.69482421875 1473.37890625 317.4438502140997 0.0 0.0 0.0 0.0 0.0 0.0 0.0
995 2097.6107177734375 1467.463134765625 313.2159460192674 0.0 0.0 0.0 0.0 0.0 0.0 0.0
1011 2097.6107177734375 1467.463134765625 313.2159451881157 0.0 0.0 0.0 0.0 0.0 0.0 0.0
1028 2103.5264892578125 1461.5472412109375 308.8412113934453 0.0 0.0 0.0 0.0 0.0 0.0 0.0
1044 2109.4422607421875 1455.6314697265625 304.3421181357587 0.0 0.0 0.0 0.0 0.0 0.0 0.0
1061 2112.4000244140625 1449.7156982421875 301.20634529446744 0.0 0.0 0.0 0.0 0.0 0.0 0.0
1078 2115.3580322265625 1443.7999267578125 297.9616492121926 0.0 0.0 0.0 0.0 0.0 0.0 0.0
1095 2121.2738037109375 1437.8841552734375 293.275915089106 0.0 0.0 0.0 0.0 0.0 0.0 0.0
1111 2124.2315673828125 1431.9683837890625 289.80431844097086 0.0 0.0 0.0 0.0 0.0 0.0 0.0
1128 2127.1895751953125 1429.0103759765625 287.44919794318423 0.0 0.0 0.0 0.0 0.0 0.0 0.0
1144 2130.1473388671875 1426.052490234375 285.095412805878 0.0 0.0 0.0 0.0 0.0 0.0 0.0
1161 2130.1473388671875 1426.052490234375 285.09536867252314 0.0 0.0 0.0 0.0 0.0 0.0 0.0
1178 2130.1473388671875 1423.0946044921875 283.85551067069946 0.0 0.0 0.0 0.0 0.0 0.0 0.0
1198 2133.1053466796875 1423.0946044921875 282.76792943100907 0.0 0.0 0.0 0.0 0.0 0.0 0.0
1211 2136.0633544921875 1423.0946044921875 281.7039745606228 0.0 0.0 0.0 0.0 0.0 0.0 0.0
1228 2141.9791259765625 1423.0946044921875 279.66823565136843 0.0 0.0 0.0 0.0 0.0 0.0 0.0
1244 2141.9791259765625 1426.052490234375 280.9625936353651 0.0 0.0 0.0 0.0 0.0 0.0 0.0
1261 2144.9368896484375 1429.0103759765625 281.1999961575747 0.0 0.0 0.0 0.0 0.0 0.0 0.0
1278 2144.9368896484375 1431.9683837890625 282.4664867859009 0.0 0.0 0.0 0.0 0.0 0.0 0.0
1294 2147.8948974609375 1434.92626953125 282.64470786157665 0.0 0.0 0.0 0.0 0.0 0.0 0.0
1311 2147.8948974609375 1440.842041015625 285.0770241203111 0.0 0.0 0.0 0.0 0.0 0.0 0.0
1328 2147.8948974609375 1443.7999267578125 286.26895066771647 0.0 0.0 0.0 0.0 0.0 0.0 0.0
1344 2150.8526611328125 1449.7156982421875 287.4195936274194 0.0 0.0 0.0 0.0 0.0 0.0 0.0
1361 2150.8526611328125 1452.673583984375 288.56404059440854 0.0 0.0 0.0 0.0 0.0 0.0 0.0
1378 2153.8106689453125 1455.6314697265625 288.5017188042741 0.0 0.0 0.0 0.0 0.0 0.0 0.0
1395 2156.7684326171875 1458.58935546875 288.441919434154 0.0 0.0 0.0 0.0 0.0 0.0 0.0
1411 2162.6842041015625 1461.5472412109375 287.24844979844124 0.0 0.0 0.0 0.0 0.0 0.0 0.0
1428 2165.6422119140625 1464.5052490234375 287.2380957801654 0.0 0.0 0.0 0.0 0.0 0.0 0.0
1444 2171.5579833984375 1461.5472412109375 283.77574447776726 0.0 0.0 0.0 0.0 0.0 0.0 0.0
1461 2186.3475341796875 1449.7156982421875 273.68380462645325 0.0 0.0 0.0 0.0 0.0 0.0 0.0
1478 2207.0528564453125 1426.052490234375 257.51722051804745 0.0 0.0 0.0 0.0 0.0 0.0 0.0
1494 2266.2105712890625 1343.2314453125 222.52396377643282 0.0 0.0 0.0 0.0 0.0 0.0 0.0
1511 2281.0001220703125 1319.5682373046875 214.51986913764523 0.0 0.0 0.0 0.0 0.0 0.0 0.0
1528 2283.9581298828125 1316.6103515625 213.83732086512603 0.0 0.0 0.0 0.0 0.0 0.0 0.0
1544 2283.9581298828125 1316.6103515625 213.83733195957788 0.0 0.0 0.0 0.0 0.0 0.0 0.0
1561 2286.9158935546875 1316.6103515625 214.60305470202226 0.0 0.0 0.0 0.0 0.0 0.0 0.0
1578 2286.9158935546875 1316.6103515625 214.6030331277332 0.0 0.0 0.0 0.0 0.0 0.0 0.0
1594 2286.9158935546875 1316.6103515625 214.6030331277332 0.0 0.0 0.0 0.0 0.0 0.0 0.0
1611 2289.8739013671875 1316.6103515625 215.34949296994435 0.0 0.0 0.0 0.0 0.0 0.0 0.0
1628 2289.8739013671875 1316.6103515625 215.34947558399676 0.0 0.0 0.0 0.0 0.0 0.0 0.0
1645 2292.8316650390625 1319.5682373046875 217.55435337843676 0.0 0.0 0.0 0.0 0.0 0.0 0.0
1661 2292.8316650390625 1319.5682373046875 217.5543682481091 0.0 0.0 0.0 0.0 0.0 0.0 0.0
1678 2295.7896728515625 1325.4840087890625 221.2603636824527 0.0 0.0 0.0 0.0 0.0 0.0 0.0
1695 2298.7474365234375 1328.4420166015625 223.3701170783237 0.0 0.0 0.0 0.0 0.0 0.0 0.0
1711 2301.7054443359375 1331.39990234375 225.4406164937485 0.0 0.0 0.0 0.0 0.0 0.0 0.0
1728 2304.6634521484375 1340.2735595703125 230.67199994900216 0.0 0.0 0.0 0.0 0.0 0.0 0.0
1744 2304.6634521484375 1343.2314453125 232.3133923088657 0.0 0.0 0.0 0.0 0.0 0.0 0.0
1761 2310.5792236328125 1349.147216796875 235.97590367421515 0.0 0.0 0.0 0.0 0.0 0.0 0.0
1778 2310.5792236328125 1352.1051025390625 237.6361871643869 0.0 0.0 0.0 0.0 0.0 0.0 0.0
1794 2310.5792236328125 1355.06298828125 239.29942293587527 0.0 0.0 0.0 0.0 0.0 0.0 0.0
1811 2313.5369873046875 1358.0208740234375 240.99310493223408 0.0 0.0 0.0 0.0 0.0 0.0 0.0
1828 2310.5792236328125 1358.0208740234375 240.96335426079628 0.0 0.0 0.0 0.0 0.0 0.0 0.0
2126 2313.5369873046875 1363.936767578125 244.22720593704602 0.0 0.0 0.0 0.0 0.0 0.0 0.0
2144 2316.4949951171875 1378.7261962890625 252.15211871372915 0.0 0.0 0.0 0.0 0.0 0.0 0.0
2161 2331.2843017578125 1434.92626953125 274.8083781906498 0.0 0.0 0.0 0.0 0.0 0.0 0.0
2178 2346.0738525390625 1485.21044921875 288.4132624716357 0.0 0.0 0.0 0.0 0.0 0.0 0.0
2194 2354.9476318359375 1502.9578857421875 291.16465530423795 0.0 0.0 0.0 0.0 0.0 0.0 0.0
2211 2357.9053955078125 1505.915771484375 290.9999088465844 0.0 0.0 0.0 0.0 0.0 0.0 0.0
2228 2360.8634033203125 1511.83154296875 291.8720623690583 0.0 0.0 0.0 0.0 0.0 0.0 0.0
2245 2360.8634033203125 1511.83154296875 291.8720437066023 0.0 0.0 0.0 0.0 0.0 0.0 0.0
2261 2363.8211669921875 1514.7894287109375 291.67941904433917 0.0 0.0 0.0 0.0 0.0 0.0 0.0
2278 2363.8211669921875 1514.7894287109375 291.67942686168215 0.0 0.0 0.0 0.0 0.0 0.0 0.0
2295 2363.8211669921875 1514.7894287109375 291.67942686168215 0.0 0.0 0.0 0.0 0.0 0.0 0.0
2311 2363.8211669921875 1514.7894287109375 291.67942686168215 0.0 0.0 0.0 0.0 0.0 0.0 0.0
2328 2363.8211669921875 1514.7894287109375 291.67942686168215 0.0 0.0 0.0 0.0 0.0 0.0 0.0
2344 2366.7791748046875 1514.7894287109375 290.43340487443515 0.0 0.0 0.0 0.0 0.0 0.0 0.0
2361 2369.7369384765625 1508.8736572265625 286.89772331909467 0.0 0.0 0.0 0.0 0.0 0.0 0.0
2378 2372.6949462890625 1502.9578857421875 283.29516889505567 0.0 0.0 0.0 0.0 0.0 0.0 0.0
2394 2375.6529541015625 1500.0 280.95305070653285 0.0 0.0 0.0 0.0 0.0 0.0 0.0
2411 2378.6107177734375 1494.0841064453125 277.2708204052348 0.0 0.0 0.0 0.0 0.0 0.0 0.0
2428 2381.5687255859375 1488.1683349609375 273.55968899861017 0.0 0.0 0.0 0.0 0.0 0.0 0.0
2445 2381.5687255859375 1488.1683349609375 273.5596803615184 0.0 0.0 0.0 0.0 0.0 0.0 0.0
2461 2384.5264892578125 1482.2525634765625 269.83532280411225 0.0 0.0 0.0 0.0 0.0 0.0 0.0
2478 2387.4844970703125 1482.2525634765625 269.0770667481362 0.0 0.0 0.0 0.0 0.0 0.0 0.0
2495 2387.4844970703125 1479.294677734375 267.5753782226281 0.0 0.0 0.0 0.0 0.0 0.0 0.0
2511 2387.4844970703125 1479.294677734375 267.5753655968528 0.0 0.0 0.0 0.0 0.0 0.0 0.0
2528 2390.4422607421875 1476.3367919921875 265.3857657039273 0.0 0.0 0.0 0.0 0.0 0.0 0.0
2544 2396.3580322265625 1476.3367919921875 264.1305665647142 0.0 0.0 0.0 0.0 0.0 0.0 0.0
2561 2396.3580322265625 1476.3367919921875 264.13054778450953 0.0 0.0 0.0 0.0 0.0 0.0 0.0
2578 2402.2738037109375 1479.294677734375 264.40004569586023 0.0 0.0 0.0 0.0 0.0 0.0 0.0
2594 2411.1475830078125 1482.2525634765625 264.06540575033364 0.0 0.0 0.0 0.0 0.0 0.0 0.0
2611 2414.1055908203125 1488.1683349609375 266.40940108592514 0.0 0.0 0.0 0.0 0.0 0.0 0.0
2628 2417.0633544921875 1488.1683349609375 265.7388282392287 0.0 0.0 0.0 0.0 0.0 0.0 0.0
2644 2422.9791259765625 1491.126220703125 265.9103899817337 0.0 0.0 0.0 0.0 0.0 0.0 0.0
2661 2428.8948974609375 1494.0841064453125 266.0714647692363 0.0 0.0 0.0 0.0 0.0 0.0 0.0
2678 2437.7686767578125 1497.0419921875 265.5965719102035 0.0 0.0 0.0 0.0 0.0 0.0 0.0
2694 2440.7264404296875 1497.0419921875 264.94708720692523 0.0 0.0 0.0 0.0 0.0 0.0 0.0
2711 2443.6844482421875 1494.0841064453125 262.79885138125803 0.0 0.0 0.0 0.0 0.0 0.0 0.0
2728 2464.3897705078125 1479.294677734375 252.44173716475044 0.0 0.0 0.0 0.0 0.0 0.0 0.0
2744 2476.2213134765625 1467.463134765625 245.38179734318612 0.0 0.0 0.0 0.0 0.0 0.0 0.0
2761 2493.9686279296875 1446.7578125 234.97685484339922 0.0 0.0 0.0 0.0 0.0 0.0 0.0
2778 2499.8843994140625 1437.8841552734375 230.7248203142845 0.0 0.0 0.0 0.0 0.0 0.0 0.0
2794 2499.8843994140625 1434.92626953125 229.1016735399 0.0 0.0 0.0 0.0 0.0 0.0 0.0
2811 2502.8424072265625 1434.92626953125 229.4626997765675 0.0 0.0 0.0 0.0 0.0 0.0 0.0
2828 2502.8424072265625 1431.9683837890625 227.84808498855517 0.0 0.0 0.0 0.0 0.0 0.0 0.0
2878 2502.8424072265625 1431.9683837890625 227.8481008005577 0.0 0.0 0.0 0.0 0.0 0.0 0.0
2894 2505.8001708984375 1434.92626953125 229.82664716979127 0.0 0.0 0.0 0.0 0.0 0.0 0.0
2911 2508.7581787109375 1443.7999267578125 234.9937420798774 0.0 0.0 0.0 0.0 0.0 0.0 0.0
2928 2508.7581787109375 1449.7156982421875 238.31845551358037 0.0 0.0 0.0 0.0 0.0 0.0 0.0
2945 2514.6739501953125 1473.37890625 251.05089182944116 0.0 0.0 0.0 0.0 0.0 0.0 0.0
2961 2517.6319580078125 1479.294677734375 253.96379262662904 0.0 0.0 0.0 0.0 0.0 0.0 0.0
2978 2517.6319580078125 1485.21044921875 257.1788042728875 0.0 0.0 0.0 0.0 0.0 0.0 0.0
2994 2520.5897216796875 1491.126220703125 259.83874316526567 0.0 0.0 0.0 0.0 0.0 0.0 0.0
3011 2520.5897216796875 1494.0841064453125 261.40902789509755 0.0 0.0 0.0 0.0 0.0 0.0 0.0
3028 2523.5477294921875 1494.0841064453125 260.8701970427194 0.0 0.0 0.0 0.0 0.0 0.0 0.0
3044 2523.5477294921875 1494.0841064453125 260.870218960889 0.0 0.0 0.0 0.0 0.0 0.0 0.0
3061 2529.4635009765625 1488.1683349609375 256.7965992838712 0.0 0.0 0.0 0.0 0.0 0.0 0.0
3078 2538.3370361328125 1467.463134765625 244.82287952638254 0.0 0.0 0.0 0.0 0.0 0.0 0.0
3094 2550.1688232421875 1429.0103759765625 225.58196567156403 0.0 0.0 0.0 0.0 0.0 0.0 0.0
3111 2553.1265869140625 1417.1788330078125 220.02000949966828 0.0 0.0 0.0 0.0 0.0 0.0 0.0
3128 2559.0423583984375 1405.3472900390625 215.536272908691 0.0 0.0 0.0 0.0 0.0 0.0 0.0
3145 2559.0423583984375 1399.4315185546875 212.632863994333 0.0 0.0 0.0 0.0 0.0 0.0 0.0
3161 2562.0003662109375 1399.4315185546875 213.42878996638092 0.0 0.0 0.0 0.0 0.0 0.0 0.0
3178 2562.0003662109375 1399.4315185546875 213.42877316650956 0.0 0.0 0.0 0.0 0.0 0.0 0.0
3201 2562.0003662109375 1399.4315185546875 213.42877316650956 0.0 0.0 0.0 0.0 0.0 0.0 0.0
3211 2562.0003662109375 1399.4315185546875 213.42877316650956 0.0 0.0 0.0 0.0 0.0 0.0 0.0
3228 2562.0003662109375 1399.4315185546875 213.42877316650956 0.0 0.0 0.0 0.0 0.0 0.0 0.0
3244 2562.0003662109375 1405.3472900390625 216.43416865504176 0.0 0.0 0.0 0.0 0.0 0.0 0.0
3261 2562.0003662109375 1414.220947265625 221.105872531134 0.0 0.0 0.0 0.0 0.0 0.0 0.0
3278 2562.0003662109375 1417.1788330078125 222.6772606186916 0.0 0.0 0.0 0.0 0.0 0.0 0.0
3294 2564.9581298828125 1423.0946044921875 226.33511184395843 0.0 0.0 0.0 0.0 0.0 0.0 0.0
3311 2564.9581298828125 1423.0946044921875 226.33510079971217 0.0 0.0 0.0 0.0 0.0 0.0 0.0
3328 2564.9581298828125 1426.052490234375 227.95045256072325 0.0 0.0 0.0 0.0 0.0 0.0 0.0
3344 2564.9581298828125 1426.052490234375 227.9504505605329 0.0 0.0 0.0 0.0 0.0 0.0 0.0
3361 2564.9581298828125 1426.052490234375 227.9504505605329 0.0 0.0 0.0 0.0 0.0 0.0 0.0
3378 2570.8739013671875 1420.13671875 225.68840425860418 0.0 0.0 0.0 0.0 0.0 0.0 0.0
3394 2576.7896728515625 1411.2630615234375 222.1203000049529 0.0 0.0 0.0 0.0 0.0 0.0 0.0
3411 2579.7476806640625 1405.3472900390625 219.67140910431084 0.0 0.0 0.0 0.0 0.0 0.0 0.0
3428 2585.6634521484375 1399.4315185546875 217.98384303052092 0.0 0.0 0.0 0.0 0.0 0.0 0.0
3444 2588.6214599609375 1393.515625 215.73344140394326 0.0 0.0 0.0 0.0 0.0 0.0 0.0
3461 2591.5792236328125 1393.515625 216.4510887635687 0.0 0.0 0.0 0.0 0.0 0.0 0.0
3478 2594.5372314453125 1390.5577392578125 215.69586193204734 0.0 0.0 0.0 0.0 0.0 0.0 0.0
3494 2594.5372314453125 1387.599853515625 214.22248925892154 0.0 0.0 0.0 0.0 0.0 0.0 0.0
3511 2597.4949951171875 1387.599853515625 214.9784726415279 0.0 0.0 0.0 0.0 0.0 0.0 0.0
3528 2597.4949951171875 1387.599853515625 214.9784765485633 0.0 0.0 0.0 0.0 0.0 0.0 0.0
3544 2597.4949951171875 1387.599853515625 214.9784765485633 0.0 0.0 0.0 0.0 0.0 0.0 0.0
3561 2603.4107666015625 1390.5577392578125 217.86010980174058 0.0 0.0 0.0 0.0 0.0 0.0 0.0
3578 2606.3687744140625 1396.4736328125 221.56409029104634 0.0 0.0 0.0 0.0 0.0 0.0 0.0
3594 2606.3687744140625 1399.4315185546875 223.1398332562418 0.0 0.0 0.0 0.0 0.0 0.0 0.0
3611 2606.3687744140625 1408.30517578125 227.99187213989404 0.0 0.0 0.0 0.0 0.0 0.0 0.0
3628 2606.3687744140625 1417.1788330078125 232.93025462168674 0.0 0.0 0.0 0.0 0.0 0.0 0.0
3644 2606.3687744140625 1423.0946044921875 236.2450991853528 0.0 0.0 0.0 0.0 0.0 0.0 0.0
3661 2606.3687744140625 1429.0103759765625 239.5736743784136 0.0 0.0 0.0 0.0 0.0 0.0 0.0
3678 2606.3687744140625 1431.9683837890625 241.23868571567246 0.0 0.0 0.0 0.0 0.0 0.0 0.0
3694 2606.3687744140625 1434.92626953125 242.90353010573142 0.0 0.0 0.0 0.0 0.0 0.0 0.0
3711 2609.3265380859375 1434.92626953125 242.87760807716046 0.0 0.0 0.0 0.0 0.0 0.0 0.0
3728 2615.2425537109375 1431.9683837890625 241.25516786816826 0.0 0.0 0.0 0.0 0.0 0.0 0.0
3745 2621.1583251953125 1426.052490234375 238.15389720996671 0.0 0.0 0.0 0.0 0.0 0.0 0.0
3761 2632.9898681640625 1417.1788330078125 234.115082595346 0.0 0.0 0.0 0.0 0.0 0.0 0.0
3778 2644.8214111328125 1405.3472900390625 229.10191962096576 0.0 0.0 0.0 0.0 0.0 0.0 0.0
3795 2650.7371826171875 1402.389404296875 228.27376566097718 0.0 0.0 0.0 0.0 0.0 0.0 0.0
3811 2653.6951904296875 1399.4315185546875 227.09273066500492 0.0 0.0 0.0 0.0 0.0 0.0 0.0
3828 2653.6951904296875 1399.4315185546875 227.09272699545784 0.0 0.0 0.0 0.0 0.0 0.0 0.0
3844 2653.6951904296875 1399.4315185546875 227.09272699545784 0.0 0.0 0.0 0.0 0.0 0.0 0.0
3861 2656.6529541015625 1399.4315185546875 227.50892349894303 0.0 0.0 0.0 0.0 0.0 0.0 0.0
3878 2656.6529541015625 1399.4315185546875 227.5089526299754 0.0 0.0 0.0 0.0 0.0 0.0 0.0
3894 2659.6109619140625 1402.389404296875 229.49489282880643 0.0 0.0 0.0 0.0 0.0 0.0 0.0
3911 2662.5687255859375 1408.30517578125 233.04509252773374 0.0 0.0 0.0 0.0 0.0 0.0 0.0
3928 2662.5687255859375 1411.2630615234375 234.6967366467046 0.0 0.0 0.0 0.0 0.0 0.0 0.0
3944 2662.5687255859375 1414.220947265625 236.35378037339908 0.0 0.0 0.0 0.0 0.0 0.0 0.0
3961 2662.5687255859375 1414.220947265625 236.35374441895394 0.0 0.0 0.0 0.0 0.0 0.0 0.0
3978 2662.5687255859375 1417.1788330078125 238.0148227768809 0.0 0.0 0.0 0.0 0.0 0.0 0.0
3994 2665.5267333984375 1417.1788330078125 238.1268575640412 0.0 0.0 0.0 0.0 0.0 0.0 0.0
4011 2665.5267333984375 1417.1788330078125 238.1268412260777 0.0 0.0 0.0 0.0 0.0 0.0 0.0
4028 2671.4425048828125 1414.220947265625 236.77141101847462 0.0 0.0 0.0 0.0 0.0 0.0 0.0
4044 2677.3582763671875 1408.30517578125 233.93949283644955 0.0 0.0 0.0 0.0 0.0 0.0 0.0
4061 2680.3160400390625 1408.30517578125 234.16599505270858 0.0 0.0 0.0 0.0 0.0 0.0 0.0
4078 2683.2740478515625 1402.389404296875 231.20518846402737 0.0 0.0 0.0 0.0 0.0 0.0 0.0
4094 2683.2740478515625 1402.389404296875 231.20516353656149 0.0 0.0 0.0 0.0 0.0 0.0 0.0
4111 2683.2740478515625 1399.4315185546875 229.57898753030582 0.0 0.0 0.0 0.0 0.0 0.0 0.0
4128 2686.2320556640625 1399.4315185546875 229.926853515125 0.0 0.0 0.0 0.0 0.0 0.0 0.0
4146 2686.2320556640625 1399.4315185546875 229.92688327472075 0.0 0.0 0.0 0.0 0.0 0.0 0.0
4161 2689.1898193359375 1402.389404296875 231.85888419637797 0.0 0.0 0.0 0.0 0.0 0.0 0.0
4178 2689.1898193359375 1408.30517578125 235.16686952972952 0.0 0.0 0.0 0.0 0.0 0.0 0.0
4194 2689.1898193359375 1429.0103759765625 246.85964750681592 0.0 0.0 0.0 0.0 0.0 0.0 0.0
4211 2689.1898193359375 1443.7999267578125 254.99756165554987 0.0 0.0 0.0 0.0 0.0 0.0 0.0
4228 2689.1898193359375 1449.7156982421875 258.1965562024557 0.0 0.0 0.0 0.0 0.0 0.0 0.0
4244 2689.1898193359375 1449.7156982421875 258.19656932314354 0.0 0.0 0.0 0.0 0.0 0.0 0.0
4261 2689.1898193359375 1452.673583984375 259.78195744621155 0.0 0.0 0.0 0.0 0.0 0.0 0.0
4278 2689.1898193359375 1452.673583984375 259.7819131649876 0.0 0.0 0.0 0.0 0.0 0.0 0.0
4294 2689.1898193359375 1452.673583984375 259.7819131649876 0.0 0.0 0.0 0.0 0.0 0.0 0.0
4311 2689.1898193359375 1449.7156982421875 258.1829410465681 0.0 0.0 0.0 0.0 0.0 0.0 0.0
4328 2692.1478271484375 1443.7999267578125 254.56816612800105 0.0 0.0 0.0 0.0 0.0 0.0 0.0
4344 2701.0213623046875 1429.0103759765625 245.89003220388076 0.0 0.0 0.0 0.0 0.0 0.0 0.0
4361 2703.9793701171875 1423.0946044921875 242.5424308256514 0.0 0.0 0.0 0.0 0.0 0.0 0.0
4378 2706.9371337890625 1417.1788330078125 239.29290026340848 0.0 0.0 0.0 0.0 0.0 0.0 0.0
4395 2709.8951416015625 1414.220947265625 237.75528901305822 0.0 0.0 0.0 0.0 0.0 0.0 0.0
4411 2709.8951416015625 1414.220947265625 237.75530606549904 0.0 0.0 0.0 0.0 0.0 0.0 0.0
4428 2709.8951416015625 1414.220947265625 237.75530606549904 0.0 0.0 0.0 0.0 0.0 0.0 0.0
4444 2712.8529052734375 1411.2630615234375 236.26456660579225 0.0 0.0 0.0 0.0 0.0 0.0 0.0
4461 2712.8529052734375 1411.2630615234375 236.26454017717728 0.0 0.0 0.0 0.0 0.0 0.0 0.0
4478 2712.8529052734375 1414.220947265625 237.92543566646356 0.0 0.0 0.0 0.0 0.0 0.0 0.0
4494 2715.8109130859375 1417.1788330078125 239.65686576782787 0.0 0.0 0.0 0.0 0.0 0.0 0.0
4511 2715.8109130859375 1423.0946044921875 242.98794119361153 0.0 0.0 0.0 0.0 0.0 0.0 0.0
4528 2715.8109130859375 1429.0103759765625 246.3100225439855 0.0 0.0 0.0 0.0 0.0 0.0 0.0
4544 2715.8109130859375 1431.9683837890625 247.96609222895802 0.0 0.0 0.0 0.0 0.0 0.0 0.0
4561 2715.8109130859375 1434.92626953125 249.61639974537474 0.0 0.0 0.0 0.0 0.0 0.0 0.0
4578 2715.8109130859375 1434.92626953125 249.61641696582103 0.0 0.0 0.0 0.0 0.0 0.0 0.0
4595 2718.7689208984375 1431.9683837890625 247.79140992435225 0.0 0.0 0.0 0.0 0.0 0.0 0.0
4611 2718.7689208984375 1429.0103759765625 246.13060110791992 0.0 0.0 0.0 0.0 0.0 0.0 0.0
4628 2721.7266845703125 1420.13671875 241.15452225081702 0.0 0.0 0.0 0.0 0.0 0.0 0.0
4644 2727.6424560546875 1405.3472900390625 233.3972533320768 0.0 0.0 0.0 0.0 0.0 0.0 0.0
4661 2730.6004638671875 1399.4315185546875 230.46586060122104 0.0 0.0 0.0 0.0 0.0 0.0 0.0
4678 2733.5582275390625 1396.4736328125 229.21027431026397 0.0 0.0 0.0 0.0 0.0 0.0 0.0
4694 2733.5582275390625 1393.515625 227.59734791532065 0.0 0.0 0.0 0.0 0.0 0.0 0.0
4711 2733.5582275390625 1390.5577392578125 225.99670065202173 0.0 0.0 0.0 0.0 0.0 0.0 0.0
4728 2733.5582275390625 1390.5577392578125 225.99669342318592 0.0 0.0 0.0 0.0 0.0 0.0 0.0
4744 2733.5582275390625 1390.5577392578125 225.99669342318592 0.0 0.0 0.0 0.0 0.0 0.0 0.0
4761 2730.6004638671875 1396.4736328125 228.86268002585803 0.0 0.0 0.0 0.0 0.0 0.0 0.0
4778 2727.6424560546875 1402.389404296875 231.8487038191411 0.0 0.0 0.0 0.0 0.0 0.0 0.0
4794 2718.7689208984375 1429.0103759765625 247.42984559860844 0.0 0.0 0.0 0.0 0.0 0.0 0.0
4811 2701.0213623046875 1476.3367919921875 276.268760577966 0.0 0.0 0.0 0.0 0.0 0.0 0.0
4828 2680.3160400390625 1529.578857421875 302.15689735646936 0.0 0.0 0.0 0.0 0.0 0.0 0.0
4844 2680.3160400390625 1535.4947509765625 303.7332859530637 0.0 0.0 0.0 0.0 0.0 0.0 0.0
4861 2677.3582763671875 1541.4105224609375 306.66353512110845 0.0 0.0 0.0 0.0 0.0 0.0 0.0
4878 2677.3582763671875 1541.4105224609375 306.6635723791304 0.0 0.0 0.0 0.0 0.0 0.0 0.0
4894 2677.3582763671875 1541.4105224609375 306.6635723791304 0.0 0.0 0.0 0.0 0.0 0.0 0.0
4911 2677.3582763671875 1544.368408203125 307.3573982330589 0.0 0.0 0.0 0.0 0.0 0.0 0.0
4928 2683.2740478515625 1538.45263671875 302.8225081346495 0.0 0.0 0.0 0.0 0.0 0.0 0.0
5256 2692.1478271484375 1532.5367431640625 296.8107261248946 0.0 0.0 0.0 0.0 0.0 0.0 0.0
5265 2724.6846923828125 1520.7052001953125 280.04012922002266 0.0 0.0 0.0 0.0 0.0 0.0 0.0
5278 2807.5057373046875 1497.0419921875 255.47184231397617 0.0 0.0 0.0 0.0 0.0 0.0 0.0
5294 2928.7794189453125 1473.37890625 242.0060827841655 0.0 0.0 0.0 0.0 0.0 0.0 0.0
5311 3129.9163818359375 1434.92626953125 234.75880699933006 0.0 0.0 0.0 0.0 0.0 0.0 0.0
5328 3215.6954345703125 1414.220947265625 231.81380408031146 0.0 0.0 0.0 0.0 0.0 0.0 0.0
5344 3245.2742919921875 1402.389404296875 229.04959418191714 0.0 0.0 0.0 0.0 0.0 0.0 0.0
5361 3257.1058349609375 1396.4736328125 227.49237007722056 0.0 0.0 0.0 0.0 0.0 0.0 0.0
5378 3271.8953857421875 1390.5577392578125 226.5053151957871 0.0 0.0 0.0 0.0 0.0 0.0 0.0
5394 3277.8111572265625 1384.6419677734375 224.34107135884904 0.0 0.0 0.0 0.0 0.0 0.0 0.0
5411 3277.8111572265625 1384.6419677734375 224.3410231802136 0.0 0.0 0.0 0.0 0.0 0.0 0.0
5428 3280.7691650390625 1384.6419677734375 224.832089266051 0.0 0.0 0.0 0.0 0.0 0.0 0.0
5444 3280.7691650390625 1384.6419677734375 224.83209286400103 0.0 0.0 0.0 0.0 0.0 0.0 0.0
5461 3280.7691650390625 1384.6419677734375 224.83209286400103 0.0 0.0 0.0 0.0 0.0 0.0 0.0
5478 3277.8111572265625 1396.4736328125 231.0679239455019 0.0 0.0 0.0 0.0 0.0 0.0 0.0
5495 3271.8953857421875 1414.220947265625 241.05175631934605 0.0 0.0 0.0 0.0 0.0 0.0 0.0
5511 3260.0638427734375 1449.7156982421875 262.5997638372425 0.0 0.0 0.0 0.0 0.0 0.0 0.0
5528 3257.1058349609375 1473.37890625 274.78851843821576 0.0 0.0 0.0 0.0 0.0 0.0 0.0
5545 3254.1480712890625 1479.294677734375 278.4581304311027 0.0 0.0 0.0 0.0 0.0 0.0 0.0
5561 3254.1480712890625 1488.1683349609375 282.27099906496693 0.0 0.0 0.0 0.0 0.0 0.0 0.0
5578 3254.1480712890625 1494.0841064453125 284.71755510328126 0.0 0.0 0.0 0.0 0.0 0.0 0.0
5595 3257.1058349609375 1497.0419921875 284.80710967029495 0.0 0.0 0.0 0.0 0.0 0.0 0.0
5611 3257.1058349609375 1497.0419921875 284.8071357290926 0.0 0.0 0.0 0.0 0.0 0.0 0.0
5628 3263.0216064453125 1494.0841064453125 281.40471928901263 0.0 0.0 0.0 0.0 0.0 0.0 0.0
5644 3277.8111572265625 1473.37890625 267.1703990794597 0.0 0.0 0.0 0.0 0.0 0.0 0.0
5661 3298.5164794921875 1449.7156982421875 251.8679643366444 0.0 0.0 0.0 0.0 0.0 0.0 0.0
5678 3342.8848876953125 1387.599853515625 224.8339707853671 0.0 0.0 0.0 0.0 0.0 0.0 0.0
5694 3357.6744384765625 1366.8946533203125 217.63112534813314 0.0 0.0 0.0 0.0 0.0 0.0 0.0
5711 3360.6322021484375 1363.936767578125 216.831768925443 0.0 0.0 0.0 0.0 0.0 0.0 0.0
5728 3360.6322021484375 1363.936767578125 216.8317538455894 0.0 0.0 0.0 0.0 0.0 0.0 0.0
5744 3360.6322021484375 1366.8946533203125 218.35719302514613 0.0 0.0 0.0 0.0 0.0 0.0 0.0
5761 3339.9271240234375 1402.389404296875 237.8032582173622 0.0 0.0 0.0 0.0 0.0 0.0 0.0
5778 3313.3060302734375 1443.7999267578125 266.3909382684534 0.0 0.0 0.0 0.0 0.0 0.0 0.0
5795 3268.9373779296875 1508.8736572265625 307.7044501542691 0.0 0.0 0.0 0.0 0.0 0.0 0.0
5811 3260.0638427734375 1520.7052001953125 314.48611886841525 0.0 0.0 0.0 0.0 0.0 0.0 0.0
5828 3257.1058349609375 1523.6630859375 316.5349004496379 0.0 0.0 0.0 0.0 0.0 0.0 0.0
5844 3257.1058349609375 1523.6630859375 316.53489055939303 0.0 0.0 0.0 0.0 0.0 0.0 0.0
5861 3257.1058349609375 1523.6630859375 316.5348722542137 0.0 0.0 0.0 0.0 0.0 0.0 0.0
5878 3260.0638427734375 1514.7894287109375 313.36033232933164 0.0 0.0 0.0 0.0 0.0 0.0 0.0
5894 3265.9796142578125 1502.9578857421875 307.56544585997426 0.0 0.0 0.0 0.0 0.0 0.0 0.0
5911 3298.5164794921875 1449.7156982421875 269.84768138482 0.0 0.0 0.0 0.0 0.0 0.0 0.0
5928 3336.9691162109375 1390.5577392578125 236.83262707883716 0.0 0.0 0.0 0.0 0.0 0.0 0.0
5945 3351.7586669921875 1363.936767578125 224.8749627957328 0.0 0.0 0.0 0.0 0.0 0.0 0.0
5961 3354.7164306640625 1358.0208740234375 222.299780476257 0.0 0.0 0.0 0.0 0.0 0.0 0.0
5978 3360.6322021484375 1355.06298828125 221.88097186073875 0.0 0.0 0.0 0.0 0.0 0.0 0.0
5995 3366.5479736328125 1352.1051025390625 221.48756367436073 0.0 0.0 0.0 0.0 0.0 0.0 0.0
6011 3369.5059814453125 1352.1051025390625 222.05515459412376 0.0 0.0 0.0 0.0 0.0 0.0 0.0
6028 3369.5059814453125 1352.1051025390625 222.05515924419439 0.0 0.0 0.0 0.0 0.0 0.0 0.0
6044 3372.4637451171875 1352.1051025390625 222.60756143032802 0.0 0.0 0.0 0.0 0.0 0.0 0.0
6061 3378.3797607421875 1358.0208740234375 226.70080683310252 0.0 0.0 0.0 0.0 0.0 0.0 0.0
6078 3378.3797607421875 1360.9788818359375 228.31880443249804 0.0 0.0 0.0 0.0 0.0 0.0 0.0
6095 3384.2955322265625 1363.936767578125 230.6084064034963 0.0 0.0 0.0 0.0 0.0 0.0 0.0
6111 3390.2113037109375 1366.8946533203125 232.78482378319865 0.0 0.0 0.0 0.0 0.0 0.0 0.0
6128 3461.2008056640625 1340.2735595703125 227.94066397857463 0.0 0.0 0.0 0.0 0.0 0.0 0.0
6144 3555.8533935546875 1292.947265625 221.5590839153951 0.0 0.0 0.0 0.0 0.0 0.0 0.0
6161 3718.5377197265625 1201.25244140625 215.74480261295784 0.0 0.0 0.0 0.0 0.0 0.0 0.0
6178 3751.0745849609375 1186.462890625 216.21189912410307 0.0 0.0 0.0 0.0 0.0 0.0 0.0
6194 3754.0325927734375 1183.5050048828125 215.46568182171268 0.0 0.0 0.0 0.0 0.0 0.0 0.0
6211 3756.9903564453125 1183.5050048828125 216.1901677972213 0.0 0.0 0.0 0.0 0.0 0.0 0.0
6228 3759.9483642578125 1183.5050048828125 216.89619695933175 0.0 0.0 0.0 0.0 0.0 0.0 0.0
6244 3759.9483642578125 1186.462890625 218.42237550581632 0.0 0.0 0.0 0.0 0.0 0.0 0.0
6261 3759.9483642578125 1186.462890625 218.4223567376775 0.0 0.0 0.0 0.0 0.0 0.0 0.0
6278 3759.9483642578125 1192.3787841796875 221.5439583478879 0.0 0.0 0.0 0.0 0.0 0.0 0.0
6294 3762.9061279296875 1204.2103271484375 228.42455836404326 0.0 0.0 0.0 0.0 0.0 0.0 0.0
6311 3762.9061279296875 1221.9576416015625 238.4455333834671 0.0 0.0 0.0 0.0 0.0 0.0 0.0
6328 3762.9061279296875 1236.7471923828125 246.77008769165963 0.0 0.0 0.0 0.0 0.0 0.0 0.0
6344 3765.8641357421875 1272.241943359375 264.83231213375996 0.0 0.0 0.0 0.0 0.0 0.0 0.0
6361 3762.9061279296875 1292.947265625 275.5277195268492 0.0 0.0 0.0 0.0 0.0 0.0 0.0
6378 3762.9061279296875 1301.8209228515625 279.4930043597842 0.0 0.0 0.0 0.0 0.0 0.0 0.0
6395 3762.9061279296875 1313.6524658203125 284.4144744860257 0.0 0.0 0.0 0.0 0.0 0.0 0.0
6411 3762.9061279296875 1322.526123046875 287.89202799162297 0.0 0.0 0.0 0.0 0.0 0.0 0.0
6428 3762.9061279296875 1328.4420166015625 290.1150927205597 0.0 0.0 0.0 0.0 0.0 0.0 0.0
6445 3762.9061279296875 1331.39990234375 291.2026423725655 0.0 0.0 0.0 0.0 0.0 0.0 0.0
6461 3765.8641357421875 1337.315673828125 292.0626910635915 0.0 0.0 0.0 0.0 0.0 0.0 0.0
6478 3765.8641357421875 1343.2314453125 294.1075695184835 0.0 0.0 0.0 0.0 0.0 0.0 0.0
6495 3765.8641357421875 1343.2314453125 294.10756903023764 0.0 0.0 0.0 0.0 0.0 0.0 0.0
6511 3765.8641357421875 1346.1893310546875 295.106751786925 0.0 0.0 0.0 0.0 0.0 0.0 0.0
6528 3768.8218994140625 1349.147216796875 294.78721846009796 0.0 0.0 0.0 0.0 0.0 0.0 0.0
6544 3768.8218994140625 1349.147216796875 294.7872285006665 0.0 0.0 0.0 0.0 0.0 0.0 0.0
6561 3768.8218994140625 1349.147216796875 294.7872285006665 0.0 0.0 0.0 0.0 0.0 0.0 0.0
6578 3768.8218994140625 1352.1051025390625 295.7709058728726 0.0 0.0 0.0 0.0 0.0 0.0 0.0
6594 3768.8218994140625 1352.1051025390625 295.77089723951013 0.0 0.0 0.0 0.0 0.0 0.0 0.0
6611 3768.8218994140625 1352.1051025390625 295.77089723951013 0.0 0.0 0.0 0.0 0.0 0.0 0.0
6628 3768.8218994140625 1352.1051025390625 295.77089723951013 0.0 0.0 0.0 0.0 0.0 0.0 0.0
6645 3768.8218994140625 1355.06298828125 296.7319058353175 0.0 0.0 0.0 0.0 0.0 0.0 0.0
6661 3768.8218994140625 1355.06298828125 296.7319394954425 0.0 0.0 0.0 0.0 0.0 0.0 0.0
6678 3768.8218994140625 1355.06298828125 296.73197915381337 0.0 0.0 0.0 0.0 0.0 0.0 0.0
6695 3771.7799072265625 1352.1051025390625 294.3964991346685 0.0 0.0 0.0 0.0 0.0 0.0 0.0
6711 3792.4852294921875 1310.694580078125 267.34986626805767 0.0 0.0 0.0 0.0 0.0 0.0 0.0
6728 3839.8114013671875 1201.25244140625 216.6913521141808 0.0 0.0 0.0 0.0 0.0 0.0 0.0
6745 3866.4324951171875 1136.1787109375 199.52841990098165 0.0 0.0 0.0 0.0 0.0 0.0 0.0
6761 3881.2220458984375 1094.7681884765625 191.20944602523184 0.0 0.0 0.0 0.0 0.0 0.0 0.0
6778 3884.1798095703125 1091.810302734375 191.43710313702238 0.0 0.0 0.0 0.0 0.0 0.0 0.0
6795 3884.1798095703125 1091.810302734375 191.4371233156992 0.0 0.0 0.0 0.0 0.0 0.0 0.0
6811 3884.1798095703125 1088.8524169921875 190.40258582397416 0.0 0.0 0.0 0.0 0.0 0.0 0.0
6828 3881.2220458984375 1091.810302734375 190.1212329257122 0.0 0.0 0.0 0.0 0.0 0.0 0.0
6844 3881.2220458984375 1097.72607421875 192.274773046327 0.0 0.0 0.0 0.0 0.0 0.0 0.0
6861 3878.2640380859375 1100.6839599609375 192.07310458204674 0.0 0.0 0.0 0.0 0.0 0.0 0.0
6878 3878.2640380859375 1103.641845703125 193.16936522670196 0.0 0.0 0.0 0.0 0.0 0.0 0.0
6895 3878.2640380859375 1109.5576171875 195.46097107397614 0.0 0.0 0.0 0.0 0.0 0.0 0.0
6911 3878.2640380859375 1109.5576171875 195.46102462095325 0.0 0.0 0.0 0.0 0.0 0.0 0.0
6928 3878.2640380859375 1112.5155029296875 196.6310013674437 0.0 0.0 0.0 0.0 0.0 0.0 0.0
6945 3878.2640380859375 1112.5155029296875 196.63098968663505 0.0 0.0 0.0 0.0 0.0 0.0 0.0
6961 3878.2640380859375 1112.5155029296875 196.63098968663505 0.0 0.0 0.0 0.0 0.0 0.0 0.0
6978 3878.2640380859375 1112.5155029296875 196.63098968663505 0.0 0.0 0.0 0.0 0.0 0.0 0.0
6995 3878.2640380859375 1115.473388671875 197.82540943152856 0.0 0.0 0.0 0.0 0.0 0.0 0.0
7011 3878.2640380859375 1115.473388671875 197.82539403796414 0.0 0.0 0.0 0.0 0.0 0.0 0.0
7028 3875.3062744140625 1115.473388671875 196.64101241452016 0.0 0.0 0.0 0.0 0.0 0.0 0.0
7044 3875.3062744140625 1115.473388671875 196.64099825086987 0.0 0.0 0.0 0.0 0.0 0.0 0.0
7061 3875.3062744140625 1118.4312744140625 197.83562405005628 0.0 0.0 0.0 0.0 0.0 0.0 0.0
7078 3875.3062744140625 1118.4312744140625 197.83559685332156 0.0 0.0 0.0 0.0 0.0 0.0 0.0
7094 3875.3062744140625 1118.4312744140625 197.83559685332156 0.0 0.0 0.0 0.0 0.0 0.0 0.0
7111 3875.3062744140625 1121.3892822265625 199.0546792733195 0.0 0.0 0.0 0.0 0.0 0.0 0.0
7128 3866.4324951171875 1127.3050537109375 197.97948796015442 0.0 0.0 0.0 0.0 0.0 0.0 0.0
7144 3854.6009521484375 1133.2208251953125 195.4336534012486 0.0 0.0 0.0 0.0 0.0 0.0 0.0
7161 3798.4010009765625 1153.9261474609375 166.53224270325705 0.0 0.0 0.0 0.0 0.0 0.0 0.0
7178 3706.7061767578125 1171.6734619140625 112.68390717426072 0.0 0.0 0.0 0.0 0.0 0.0 0.0
7195 3656.4219970703125 1156.884033203125 101.1749295560576 0.0 0.0 0.0 0.0 0.0 0.0 0.0
7211 3626.8428955078125 1145.0523681640625 97.05605520619244 0.0 0.0 0.0 0.0 0.0 0.0 0.0
7228 3594.3060302734375 1133.2208251953125 93.24357668785083 0.0 0.0 0.0 0.0 0.0 0.0 0.0
7245 3576.5587158203125 1127.3050537109375 91.26272835285724 0.0 0.0 0.0 0.0 0.0 0.0 0.0
7261 3567.6849365234375 1124.34716796875 90.35454888484227 0.0 0.0 0.0 0.0 0.0 0.0 0.0
7278 3564.7271728515625 1121.3892822265625 91.00288259561123 0.0 0.0 0.0 0.0 0.0 0.0 0.0
7295 3561.7691650390625 1121.3892822265625 90.2154105022586 0.0 0.0 0.0 0.0 0.0 0.0 0.0
7311 3558.8114013671875 1121.3892822265625 89.44765105236891 0.0 0.0 0.0 0.0 0.0 0.0 0.0
7328 3558.8114013671875 1121.3892822265625 89.44769207524692 0.0 0.0 0.0 0.0 0.0 0.0 0.0
7344 3558.8114013671875 1121.3892822265625 89.44769207524692 0.0 0.0 0.0 0.0 0.0 0.0 0.0
7361 3555.8533935546875 1121.3892822265625 88.69926126778816 0.0 0.0 0.0 0.0 0.0 0.0 0.0
7378 3555.8533935546875 1124.34716796875 87.19278484417904 0.0 0.0 0.0 0.0 0.0 0.0 0.0
7395 3555.8533935546875 1124.34716796875 87.19279871719962 0.0 0.0 0.0 0.0 0.0 0.0 0.0
7411 3552.8956298828125 1124.34716796875 86.50200012121067 0.0 0.0 0.0 0.0 0.0 0.0 0.0
7428 3552.8956298828125 1127.3050537109375 84.96911854919992 0.0 0.0 0.0 0.0 0.0 0.0 0.0
7444 3549.9376220703125 1130.262939453125 82.82047594290472 0.0 0.0 0.0 0.0 0.0 0.0 0.0
7461 3549.9376220703125 1133.2208251953125 81.24864826092974 0.0 0.0 0.0 0.0 0.0 0.0 0.0
7478 3546.9798583984375 1148.01025390625 72.72862419627873 0.0 0.0 0.0 0.0 0.0 0.0 0.0
7494 3549.9376220703125 1162.7998046875 64.45503022805141 0.0 0.0 0.0 0.0 0.0 0.0 0.0
7511 3552.8956298828125 1168.715576171875 61.097994290092885 0.0 0.0 0.0 0.0 0.0 0.0 0.0
7528 3555.8533935546875 1180.547119140625 54.25904921060712 0.0 0.0 0.0 0.0 0.0 0.0 0.0
7545 3558.8114013671875 1189.4208984375 49.01079117348624 0.0 0.0 0.0 0.0 0.0 0.0 0.0
7561 3561.7691650390625 1195.336669921875 45.34127089851077 0.0 0.0 0.0 0.0 0.0 0.0 0.0
7578 3561.7691650390625 1195.336669921875 45.34127857270707 0.0 0.0 0.0 0.0 0.0 0.0 0.0
7595 3561.7691650390625 1198.2945556640625 43.75976642659782 0.0 0.0 0.0 0.0 0.0 0.0 0.0
7611 3561.7691650390625 1198.2945556640625 43.7597764952767 0.0 0.0 0.0 0.0 0.0 0.0 0.0
7628 3561.7691650390625 1171.6734619140625 58.897116016117906 0.0 0.0 0.0 0.0 0.0 0.0 0.0
7645 3564.7271728515625 1133.2208251953125 80.45785204606412 0.0 0.0 0.0 0.0 0.0 0.0 0.0
7661 3564.7271728515625 1038.568115234375 114.7218338032163 0.0 0.0 0.0 0.0 0.0 0.0 0.0
7678 3561.7691650390625 1011.947021484375 121.01716702247708 0.0 0.0 0.0 0.0 0.0 0.0 0.0
7694 3561.7691650390625 1008.9891357421875 121.8529627050402 0.0 0.0 0.0 0.0 0.0 0.0 0.0
7711 3561.7691650390625 1006.03125 122.66818791048658 0.0 0.0 0.0 0.0 0.0 0.0 0.0
7728 3561.7691650390625 1006.03125 122.6681819771022 0.0 0.0 0.0 0.0 0.0 0.0 0.0
7745 3558.8114013671875 1008.9891357421875 120.37719689105685 0.0 0.0 0.0 0.0 0.0 0.0 0.0
7761 3558.8114013671875 1014.9049072265625 118.54174425948688 0.0 0.0 0.0 0.0 0.0 0.0 0.0
7778 3558.8114013671875 1050.3997802734375 103.37735086102245 0.0 0.0 0.0 0.0 0.0 0.0 0.0
7795 3555.8533935546875 1115.473388671875 63.59903944447612 0.0 0.0 0.0 0.0 0.0 0.0 0.0
7811 3555.8533935546875 1148.01025390625 45.729685645527894 0.0 0.0 0.0 0.0 0.0 0.0 0.0
7828 3555.8533935546875 1180.547119140625 29.99994867292 0.0 0.0 0.0 0.0 0.0 0.0 0.0
7845 3555.8533935546875 1186.462890625 27.262185415852628 0.0 0.0 0.0 0.0 0.0 0.0 0.0
7861 3555.8533935546875 1189.4208984375 25.91631085801629 0.0 0.0 0.0 0.0 0.0 0.0 0.0
7878 3555.8533935546875 1189.4208984375 25.916333930363635 0.0 0.0 0.0 0.0 0.0 0.0 0.0
7895 3555.8533935546875 1192.3787841796875 24.593516579505547 0.0 0.0 0.0 0.0 0.0 0.0 0.0
7911 3552.8956298828125 1192.3787841796875 25.581593701467938 0.0 0.0 0.0 0.0 0.0 0.0 0.0
7928 3552.8956298828125 1186.462890625 28.35506677319765 0.0 0.0 0.0 0.0 0.0 0.0 0.0
7945 3549.9376220703125 1177.5892333984375 33.546838187309476 0.0 0.0 0.0 0.0 0.0 0.0 0.0
7961 3538.1060791015625 1124.34716796875 64.67759669789788 0.0 0.0 0.0 0.0 0.0 0.0 0.0
7978 3532.1903076171875 1097.72607421875 78.25517821620016 0.0 0.0 0.0 0.0 0.0 0.0 0.0
7995 3529.2322998046875 1091.810302734375 80.86780772868107 0.0 0.0 0.0 0.0 0.0 0.0 0.0
8011 3523.3165283203125 1088.8524169921875 81.33546705843489 0.0 0.0 0.0 0.0 0.0 0.0 0.0
8028 3520.3587646484375 1085.89453125 82.31820344891602 0.0 0.0 0.0 0.0 0.0 0.0 0.0
8045 3508.5269775390625 1088.8524169921875 78.79636111765817 0.0 0.0 0.0 0.0 0.0 0.0 0.0
8061 3499.6534423828125 1094.7681884765625 74.46223196589776 0.0 0.0 0.0 0.0 0.0 0.0 0.0
8078 3455.2850341796875 1142.094482421875 51.991578536099354 0.0 0.0 0.0 0.0 0.0 0.0 0.0
8095 3381.3375244140625 1242.6629638671875 27.81999405559816 0.0 0.0 0.0 0.0 0.0 0.0 0.0
8111 3360.6322021484375 1272.241943359375 22.405899262372458 0.0 0.0 0.0 0.0 0.0 0.0 0.0
8128 3339.9271240234375 1301.8209228515625 18.383839151424468 0.0 0.0 0.0 0.0 0.0 0.0 0.0
8144 3322.1795654296875 1316.6103515625 19.085955484305856 0.0 0.0 0.0 0.0 0.0 0.0 0.0
8161 3316.2637939453125 1322.526123046875 18.926521304731352 0.0 0.0 0.0 0.0 0.0 0.0 0.0
8178 3316.2637939453125 1322.526123046875 18.926485938747504 0.0 0.0 0.0 0.0 0.0 0.0 0.0
8195 3313.3060302734375 1322.526123046875 20.039363750356188 0.0 0.0 0.0 0.0 0.0 0.0 0.0
8211 3310.3480224609375 1322.526123046875 21.128609917415247 0.0 0.0 0.0 0.0 0.0 0.0 0.0
8228 3310.3480224609375 1322.526123046875 21.128600245736976 0.0 0.0 0.0 0.0 0.0 0.0 0.0
8245 3307.3902587890625 1319.5682373046875 23.46859832497205 0.0 0.0 0.0 0.0 0.0 0.0 0.0
8261 3304.4322509765625 1313.6524658203125 27.15523080206259 0.0 0.0 0.0 0.0 0.0 0.0 0.0
8278 3298.5164794921875 1301.8209228515625 34.62103843201902 0.0 0.0 0.0 0.0 0.0 0.0 0.0
8295 3298.5164794921875 1295.9051513671875 37.656430482911105 0.0 0.0 0.0 0.0 0.0 0.0 0.0
8311 3292.6007080078125 1287.0313720703125 43.46010935683407 0.0 0.0 0.0 0.0 0.0 0.0 0.0
8328 3289.6427001953125 1281.1156005859375 47.10810411511949 0.0 0.0 0.0 0.0 0.0 0.0 0.0
8345 3286.6849365234375 1278.15771484375 49.102594121224996 0.0 0.0 0.0 0.0 0.0 0.0 0.0
8361 3283.7269287109375 1278.15771484375 49.4635766580129 0.0 0.0 0.0 0.0 0.0 0.0 0.0
8378 3265.9796142578125 1289.9892578125 45.84194652658198 0.0 0.0 0.0 0.0 0.0 0.0 0.0
8395 3233.4427490234375 1334.3577880859375 32.8395616454514 0.0 0.0 0.0 0.0 0.0 0.0 0.0
8411 3218.6531982421875 1355.06298828125 27.856983728064364 0.0 0.0 0.0 0.0 0.0 0.0 0.0
8428 3200.9058837890625 1378.7261962890625 23.61257134666309 0.0 0.0 0.0 0.0 0.0 0.0 0.0
8445 3197.9478759765625 1384.6419677734375 22.12369954147306 0.0 0.0 0.0 0.0 0.0 0.0 0.0
8461 3194.9901123046875 1387.599853515625 21.92116981582714 0.0 0.0 0.0 0.0 0.0 0.0 0.0
8478 3194.9901123046875 1387.599853515625 21.921201835978707 0.0 0.0 0.0 0.0 0.0 0.0 0.0
8495 3194.9901123046875 1387.599853515625 21.921201835978707 0.0 0.0 0.0 0.0 0.0 0.0 0.0
8511 3192.0321044921875 1387.599853515625 22.969407022449246 0.0 0.0 0.0 0.0 0.0 0.0 0.0
8528 3192.0321044921875 1384.6419677734375 24.286781266639707 0.0 0.0 0.0 0.0 0.0 0.0 0.0
8545 3189.0743408203125 1372.8104248046875 30.862465498032634 0.0 0.0 0.0 0.0 0.0 0.0 0.0
8561 3189.0743408203125 1355.06298828125 40.17760111905747 0.0 0.0 0.0 0.0 0.0 0.0 0.0
8578 3189.0743408203125 1349.147216796875 43.33396218532218 0.0 0.0 0.0 0.0 0.0 0.0 0.0
8595 3189.0743408203125 1346.1893310546875 44.92573232237842 0.0 0.0 0.0 0.0 0.0 0.0 0.0
8611 3189.0743408203125 1346.1893310546875 44.92574167041738 0.0 0.0 0.0 0.0 0.0 0.0 0.0
8628 3186.1163330078125 1343.2314453125 46.965626026323406 0.0 0.0 0.0 0.0 0.0 0.0 0.0
8645 3186.1163330078125 1343.2314453125 46.965630866876154 0.0 0.0 0.0 0.0 0.0 0.0 0.0
8661 3180.2005615234375 1346.1893310546875 46.26524908137384 0.0 0.0 0.0 0.0 0.0 0.0 0.0
8678 3124.0006103515625 1437.8841552734375 24.26152553053717 0.0 0.0 0.0 0.0 0.0 0.0 0.0
8695 3055.9688720703125 1573.9473876953125 8.816772093569938 0.0 0.0 0.0 0.0 0.0 0.0 0.0
8711 3053.0111083984375 1585.7789306640625 6.423275378927229 0.0 0.0 0.0 0.0 0.0 0.0 0.0
8728 3050.0531005859375 1591.6947021484375 5.944324636599134 0.0 0.0 0.0 0.0 0.0 0.0 0.0
8745 3050.0531005859375 1591.6947021484375 5.944307918073747 0.0 0.0 0.0 0.0 0.0 0.0 0.0
8761 3047.0953369140625 1591.6947021484375 7.30284387159017 0.0 0.0 0.0 0.0 0.0 0.0 0.0
8795 3047.0953369140625 1591.6947021484375 7.3028316864724445 0.0 0.0 0.0 0.0 0.0 0.0 0.0
8811 3047.0953369140625 1588.73681640625 8.288538242815122 0.0 0.0 0.0 0.0 0.0 0.0 0.0
8828 3047.0953369140625 1585.7789306640625 9.29770827582081 0.0 0.0 0.0 0.0 0.0 0.0 0.0
8845 3047.0953369140625 1582.821044921875 10.3306021650574 0.0 0.0 0.0 0.0 0.0 0.0 0.0
9151 3044.1373291015625 1582.821044921875 11.613021906071197 0.0 0.0 0.0 0.0 0.0 0.0 0.0
9161 3044.1373291015625 1582.821044921875 11.61301338328471 0.0 0.0 0.0 0.0 0.0 0.0 0.0
9178 3038.2215576171875 1576.9052734375 16.326857929487772 0.0 0.0 0.0 0.0 0.0 0.0 0.0
9195 3020.4742431640625 1556.199951171875 31.612743414591733 0.0 0.0 0.0 0.0 0.0 0.0 0.0
9211 3011.6004638671875 1541.4105224609375 41.21212970736045 0.0 0.0 0.0 0.0 0.0 0.0 0.0
9228 2982.0216064453125 1502.9578857421875 63.064093743826135 0.0 0.0 0.0 0.0 0.0 0.0 0.0
9245 2964.2742919921875 1479.294677734375 74.06522272685046 0.0 0.0 0.0 0.0 0.0 0.0 0.0
9261 2955.4005126953125 1470.4210205078125 77.5397475122513 0.0 0.0 0.0 0.0 0.0 0.0 0.0
9278 2943.5689697265625 1461.5472412109375 80.20316281219706 0.0 0.0 0.0 0.0 0.0 0.0 0.0
9295 2937.6531982421875 1455.6314697265625 82.17926961988931 0.0 0.0 0.0 0.0 0.0 0.0 0.0
9311 2931.7374267578125 1455.6314697265625 81.08949877977491 0.0 0.0 0.0 0.0 0.0 0.0 0.0
9328 2928.7794189453125 1455.6314697265625 80.55924547834022 0.0 0.0 0.0 0.0 0.0 0.0 0.0
9345 2916.9478759765625 1461.5472412109375 75.73643552539917 0.0 0.0 0.0 0.0 0.0 0.0 0.0
9361 2887.3687744140625 1500.0 55.65324543485539 0.0 0.0 0.0 0.0 0.0 0.0 0.0
9378 2848.9161376953125 1570.989501953125 31.4950253979425 0.0 0.0 0.0 0.0 0.0 0.0 0.0
9395 2840.0426025390625 1591.6947021484375 25.1493538117291 0.0 0.0 0.0 0.0 0.0 0.0 0.0
9411 2834.1268310546875 1606.4842529296875 21.04040064882679 0.0 0.0 0.0 0.0 0.0 0.0 0.0
9428 2834.1268310546875 1612.4000244140625 18.61914773010605 0.0 0.0 0.0 0.0 0.0 0.0 0.0
9445 2834.1268310546875 1612.4000244140625 18.61919152376987 0.0 0.0 0.0 0.0 0.0 0.0 0.0
9461 2834.1268310546875 1615.35791015625 17.43275134000723 0.0 0.0 0.0 0.0 0.0 0.0 0.0
9478 2831.1688232421875 1615.35791015625 18.576979661536598 0.0 0.0 0.0 0.0 0.0 0.0 0.0
9495 2831.1688232421875 1615.35791015625 18.577005137722324 0.0 0.0 0.0 0.0 0.0 0.0 0.0
9511 2831.1688232421875 1615.35791015625 18.577005137722324 0.0 0.0 0.0 0.0 0.0 0.0 0.0
9528 2825.2530517578125 1606.4842529296875 24.578008926916738 0.0 0.0 0.0 0.0 0.0 0.0 0.0
9545 2816.3792724609375 1570.989501953125 45.62418930610798 0.0 0.0 0.0 0.0 0.0 0.0 0.0
9561 2810.4635009765625 1544.368408203125 60.84950859583827 0.0 0.0 0.0 0.0 0.0 0.0 0.0
9578 2804.5477294921875 1508.8736572265625 79.25377511968483 0.0 0.0 0.0 0.0 0.0 0.0 0.0
9595 2798.6319580078125 1494.0841064453125 85.56405993034807 0.0 0.0 0.0 0.0 0.0 0.0 0.0
9611 2792.7161865234375 1488.1683349609375 87.16126839851867 0.0 0.0 0.0 0.0 0.0 0.0 0.0
9628 2789.7584228515625 1485.21044921875 87.930039471203 0.0 0.0 0.0 0.0 0.0 0.0 0.0
9645 2780.8846435546875 1485.21044921875 85.90465688816025 0.0 0.0 0.0 0.0 0.0 0.0 0.0
9661 2766.0950927734375 1488.1683349609375 81.5449623258231 0.0 0.0 0.0 0.0 0.0 0.0 0.0
9678 2745.3897705078125 1497.0419921875 74.18116688443362 0.0 0.0 0.0 0.0 0.0 0.0 0.0
9695 2736.5162353515625 1500.0 71.69693765853086 0.0 0.0 0.0 0.0 0.0 0.0 0.0
9711 2721.7266845703125 1505.915771484375 67.56958334478358 0.0 0.0 0.0 0.0 0.0 0.0 0.0
9728 2712.8529052734375 1508.8736572265625 65.5934421155005 0.0 0.0 0.0 0.0 0.0 0.0 0.0
9745 2709.8951416015625 1508.8736572265625 65.49167280309908 0.0 0.0 0.0 0.0 0.0 0.0 0.0
9761 2703.9793701171875 1505.915771484375 66.86727625636567 0.0 0.0 0.0 0.0 0.0 0.0 0.0
9778 2692.1478271484375 1500.0 69.3204050352575 0.0 0.0 0.0 0.0 0.0 0.0 0.0
9795 2680.3160400390625 1491.126220703125 72.95858714931657 0.0 0.0 0.0 0.0 0.0 0.0 0.0
9811 2674.4002685546875 1485.21044921875 75.42406351468841 0.0 0.0 0.0 0.0 0.0 0.0 0.0
9828 2659.6109619140625 1476.3367919921875 77.93922612014578 0.0 0.0 0.0 0.0 0.0 0.0 0.0
9845 2647.7791748046875 1467.463134765625 80.55412057236262 0.0 0.0 0.0 0.0 0.0 0.0 0.0
9862 2644.8214111328125 1467.463134765625 80.03826785829185 0.0 0.0 0.0 0.0 0.0 0.0 0.0
9878 2638.9056396484375 1464.5052490234375 80.55607064713476 0.0 0.0 0.0 0.0 0.0 0.0 0.0
9895 2638.9056396484375 1461.5472412109375 82.11945529478166 0.0 0.0 0.0 0.0 0.0 0.0 0.0
9911 2635.9476318359375 1461.5472412109375 81.56163971863063 0.0 0.0 0.0 0.0 0.0 0.0 0.0
9928 2635.9476318359375 1461.5472412109375 81.5616449537101 0.0 0.0 0.0 0.0 0.0 0.0 0.0
9945 2635.9476318359375 1461.5472412109375 81.5616449537101 0.0 0.0 0.0 0.0 0.0 0.0 0.0
10232 2632.9898681640625 1464.5052490234375 79.47297905137552 0.0 0.0 0.0 0.0 0.0 0.0 0.0
10245 2632.9898681640625 1464.5052490234375 79.47298847566643 0.0 0.0 0.0 0.0 0.0 0.0 0.0
10261 2624.1160888671875 1458.58935546875 80.9946012533961 0.0 0.0 0.0 0.0 0.0 0.0 0.0
10278 2618.2003173828125 1455.6314697265625 81.4545293691128 0.0 0.0 0.0 0.0 0.0 0.0 0.0
10295 2606.3687744140625 1443.7999267578125 84.98493334374083 0.0 0.0 0.0 0.0 0.0 0.0 0.0
10312 2594.5372314453125 1431.9683837890625 88.0436215792333 0.0 0.0 0.0 0.0 0.0 0.0 0.0
10328 2591.5792236328125 1423.0946044921875 91.56753413167675 0.0 0.0 0.0 0.0 0.0 0.0 0.0
10345 2582.7056884765625 1411.2630615234375 94.4999094285433 0.0 0.0 0.0 0.0 0.0 0.0 0.0
10361 2576.7896728515625 1390.5577392578125 101.40522065909838 0.0 0.0 0.0 0.0 0.0 0.0 0.0
10378 2570.8739013671875 1378.7261962890625 104.1119082825322 0.0 0.0 0.0 0.0 0.0 0.0 0.0
10395 2570.8739013671875 1375.768310546875 105.32294664623842 0.0 0.0 0.0 0.0 0.0 0.0 0.0
10411 2567.9161376953125 1372.8104248046875 105.3886876734359 0.0 0.0 0.0 0.0 0.0 0.0 0.0
10428 2564.9581298828125 1372.8104248046875 104.26846562415156 0.0 0.0 0.0 0.0 0.0 0.0 0.0
10445 2559.0423583984375 1372.8104248046875 102.12168896167978 0.0 0.0 0.0 0.0 0.0 0.0 0.0
10462 2550.1688232421875 1375.768310546875 97.84283806970618 0.0 0.0 0.0 0.0 0.0 0.0 0.0
10478 2532.4212646484375 1390.5577392578125 86.08327996555707 0.0 0.0 0.0 0.0 0.0 0.0 0.0
10495 2517.6319580078125 1402.389404296875 77.41612263238764 0.0 0.0 0.0 0.0 0.0 0.0 0.0
10511 2511.7161865234375 1405.3472900390625 75.04145643833269 0.0 0.0 0.0 0.0 0.0 0.0 0.0
10528 2508.7581787109375 1411.2630615234375 71.48046547740458 0.0 0.0 0.0 0.0 0.0 0.0 0.0
10545 2505.8001708984375 1411.2630615234375 71.21350185244862 0.0 0.0 0.0 0.0 0.0 0.0 0.0
10561 2505.8001708984375 1411.2630615234375 71.21351108609448 0.0 0.0 0.0 0.0 0.0 0.0 0.0
10578 2502.8424072265625 1411.2630615234375 70.95401224754764 0.0 0.0 0.0 0.0 0.0 0.0 0.0
10595 2502.8424072265625 1411.2630615234375 70.95402833863042 0.0 0.0 0.0 0.0 0.0 0.0 0.0
10612 2502.8424072265625 1405.3472900390625 74.20997769590949 0.0 0.0 0.0 0.0 0.0 0.0 0.0
10629 2505.8001708984375 1381.68408203125 87.08544801265109 0.0 0.0 0.0 0.0 0.0 0.0 0.0
10645 2505.8001708984375 1372.8104248046875 91.43871541926293 0.0 0.0 0.0 0.0 0.0 0.0 0.0
10661 2505.8001708984375 1363.936767578125 95.60171967002654 0.0 0.0 0.0 0.0 0.0 0.0 0.0
10678 2505.8001708984375 1360.9788818359375 96.96598703894685 0.0 0.0 0.0 0.0 0.0 0.0 0.0
10695 2502.8424072265625 1360.9788818359375 96.03387194107509 0.0 0.0 0.0 0.0 0.0 0.0 0.0
10711 2499.8843994140625 1358.0208740234375 96.46384921575074 0.0 0.0 0.0 0.0 0.0 0.0 0.0
10728 2493.9686279296875 1358.0208740234375 94.66574054210238 0.0 0.0 0.0 0.0 0.0 0.0 0.0
10745 2485.0950927734375 1363.936767578125 89.4028348792244 0.0 0.0 0.0 0.0 0.0 0.0 0.0
10761 2458.4739990234375 1390.5577392578125 71.80775078576923 0.0 0.0 0.0 0.0 0.0 0.0 0.0
10778 2437.7686767578125 1411.2630615234375 60.4047812088813 0.0 0.0 0.0 0.0 0.0 0.0 0.0
10795 2428.8948974609375 1420.13671875 55.957972858013676 0.0 0.0 0.0 0.0 0.0 0.0 0.0
10811 2428.8948974609375 1423.0946044921875 54.30780287658317 0.0 0.0 0.0 0.0 0.0 0.0 0.0
10828 2425.9371337890625 1426.052490234375 52.92574246510205 0.0 0.0 0.0 0.0 0.0 0.0 0.0
10845 2425.9371337890625 1426.052490234375 52.92574954769972 0.0 0.0 0.0 0.0 0.0 0.0 0.0
10861 2425.9371337890625 1426.052490234375 52.92574954769972 0.0 0.0 0.0 0.0 0.0 0.0 0.0
10878 2422.9791259765625 1426.052490234375 53.18062474755297 0.0 0.0 0.0 0.0 0.0 0.0 0.0
10895 2422.9791259765625 1426.052490234375 53.18065221112451 0.0 0.0 0.0 0.0 0.0 0.0 0.0
10912 2422.9791259765625 1426.052490234375 53.18065221112451 0.0 0.0 0.0 0.0 0.0 0.0 0.0
10928 2422.9791259765625 1423.0946044921875 54.83276360162208 0.0 0.0 0.0 0.0 0.0 0.0 0.0
10945 2422.9791259765625 1417.1788330078125 58.1568735808207 0.0 0.0 0.0 0.0 0.0 0.0 0.0
10961 2422.9791259765625 1414.220947265625 59.820753791446776 0.0 0.0 0.0 0.0 0.0 0.0 0.0
10978 2422.9791259765625 1411.2630615234375 61.48575749739419 0.0 0.0 0.0 0.0 0.0 0.0 0.0
10995 2420.0213623046875 1411.2630615234375 61.4998891569704 0.0 0.0 0.0 0.0 0.0 0.0 0.0
11011 2417.0633544921875 1411.2630615234375 61.513644930551635 0.0 0.0 0.0 0.0 0.0 0.0 0.0
11028 2408.1898193359375 1417.1788330078125 58.49307422358285 0.0 0.0 0.0 0.0 0.0 0.0 0.0
11045 2405.2318115234375 1420.13671875 56.97968590498701 0.0 0.0 0.0 0.0 0.0 0.0 0.0
11061 2399.3160400390625 1426.052490234375 54.134913584257305 0.0 0.0 0.0 0.0 0.0 0.0 0.0
11078 2396.3580322265625 1429.0103759765625 52.7584646384216 0.0 0.0 0.0 0.0 0.0 0.0 0.0
11095 2393.4002685546875 1429.0103759765625 53.01796407300114 0.0 0.0 0.0 0.0 0.0 0.0 0.0
11111 2393.4002685546875 1431.9683837890625 51.381295379344834 0.0 0.0 0.0 0.0 0.0 0.0 0.0
11128 2390.4422607421875 1431.9683837890625 51.67919706520681 0.0 0.0 0.0 0.0 0.0 0.0 0.0
11145 2387.4844970703125 1429.0103759765625 53.57018916008869 0.0 0.0 0.0 0.0 0.0 0.0 0.0
11161 2381.5687255859375 1396.4736328125 71.37988640729813 0.0 0.0 0.0 0.0 0.0 0.0 0.0
11178 2378.6107177734375 1363.936767578125 87.41291442703707 0.0 0.0 0.0 0.0 0.0 0.0 0.0
11195 2369.7369384765625 1328.4420166015625 100.14142327674116 0.0 0.0 0.0 0.0 0.0 0.0 0.0
11212 2366.7791748046875 1319.5682373046875 102.83187715292635 0.0 0.0 0.0 0.0 0.0 0.0 0.0
11228 2363.8211669921875 1316.6103515625 102.99569620474128 0.0 0.0 0.0 0.0 0.0 0.0 0.0
11245 2360.8634033203125 1313.6524658203125 103.15312987384428 0.0 0.0 0.0 0.0 0.0 0.0 0.0
11261 2357.9053955078125 1313.6524658203125 102.08077203209339 0.0 0.0 0.0 0.0 0.0 0.0 0.0
11278 2351.9896240234375 1316.6103515625 98.75219535037391 0.0 0.0 0.0 0.0 0.0 0.0 0.0
11295 2349.0318603515625 1316.6103515625 97.77856322834603 0.0 0.0 0.0 0.0 0.0 0.0 0.0
11311 2343.1160888671875 1322.526123046875 93.20044533615808 0.0 0.0 0.0 0.0 0.0 0.0 0.0
11328 2334.2423095703125 1331.39990234375 86.56607515368992 0.0 0.0 0.0 0.0 0.0 0.0 0.0
11345 2331.2843017578125 1334.3577880859375 84.39179676660294 0.0 0.0 0.0 0.0 0.0 0.0 0.0
11361 2325.3685302734375 1343.2314453125 78.64279790399902 0.0 0.0 0.0 0.0 0.0 0.0 0.0
11378 2322.4107666015625 1346.1893310546875 76.61109253198649 0.0 0.0 0.0 0.0 0.0 0.0 0.0
11395 2319.4527587890625 1349.147216796875 74.62193506458365 0.0 0.0 0.0 0.0 0.0 0.0 0.0
11411 2319.4527587890625 1349.147216796875 74.621930113035 0.0 0.0 0.0 0.0 0.0 0.0 0.0
11428 2316.4949951171875 1352.1051025390625 72.6767936869168 0.0 0.0 0.0 0.0 0.0 0.0 0.0
11445 2316.4949951171875 1352.1051025390625 72.67678693310106 0.0 0.0 0.0 0.0 0.0 0.0 0.0
11461 2316.4949951171875 1352.1051025390625 72.67678693310106 0.0 0.0 0.0 0.0 0.0 0.0 0.0
11478 2316.4949951171875 1355.06298828125 71.03242578021278 0.0 0.0 0.0 0.0 0.0 0.0 0.0
11495 2313.5369873046875 1355.06298828125 70.77795590347236 0.0 0.0 0.0 0.0 0.0 0.0 0.0
11512 2313.5369873046875 1352.1051025390625 72.41550787725888 0.0 0.0 0.0 0.0 0.0 0.0 0.0
11528 2313.5369873046875 1346.1893310546875 75.65268591389756 0.0 0.0 0.0 0.0 0.0 0.0 0.0
11545 2316.4949951171875 1331.39990234375 84.02315536976582 0.0 0.0 0.0 0.0 0.0 0.0 0.0
11561 2316.4949951171875 1322.526123046875 88.49713603542213 0.0 0.0 0.0 0.0 0.0 0.0 0.0
11578 2316.4949951171875 1319.5682373046875 89.96754100145156 0.0 0.0 0.0 0.0 0.0 0.0 0.0
11595 2316.4949951171875 1319.5682373046875 89.96757418696538 0.0 0.0 0.0 0.0 0.0 0.0 0.0
11611 2316.4949951171875 1316.6103515625 91.41771699758695 0.0 0.0 0.0 0.0 0.0 0.0 0.0
11628 2316.4949951171875 1316.6103515625 91.4176953070025 0.0 0.0 0.0 0.0 0.0 0.0 0.0
11678 2316.4949951171875 1319.5682373046875 89.94702981488811 0.0 0.0 0.0 0.0 0.0 0.0 0.0
11695 2316.4949951171875 1322.526123046875 88.45656185843106 0.0 0.0 0.0 0.0 0.0 0.0 0.0
11711 2316.4949951171875 1322.526123046875 88.45653289678816 0.0 0.0 0.0 0.0 0.0 0.0 0.0
11728 2316.4949951171875 1325.4840087890625 86.94701582119794 0.0 0.0 0.0 0.0 0.0 0.0 0.0
11745 2313.5369873046875 1325.4840087890625 86.26250652251841 0.0 0.0 0.0 0.0 0.0 0.0 0.0
12051 2313.5369873046875 1328.4420166015625 84.72684926277506 0.0 0.0 0.0 0.0 0.0 0.0 0.0
12061 2313.5369873046875 1331.39990234375 83.17435908745571 0.0 0.0 0.0 0.0 0.0 0.0 0.0
12078 2313.5369873046875 1331.39990234375 83.17439165974619 0.0 0.0 0.0 0.0 0.0 0.0 0.0
12095 2301.7054443359375 1340.2735595703125 76.64324173465874 0.0 0.0 0.0 0.0 0.0 0.0 0.0
12111 2257.3370361328125 1352.1051025390625 67.55426263276749 0.0 0.0 0.0 0.0 0.0 0.0 0.0
12128 2156.7684326171875 1378.7261962890625 57.24513838278605 0.0 0.0 0.0 0.0 0.0 0.0 0.0
12145 2115.3580322265625 1390.5577392578125 53.9202847497846 0.0 0.0 0.0 0.0 0.0 0.0 0.0
12161 2070.989501953125 1402.389404296875 51.78742793208775 0.0 0.0 0.0 0.0 0.0 0.0 0.0
12178 2053.2421875 1408.30517578125 50.51142654877853 0.0 0.0 0.0 0.0 0.0 0.0 0.0
12195 2050.2843017578125 1411.2630615234375 49.25434358188872 0.0 0.0 0.0 0.0 0.0 0.0 0.0
12211 2044.3685302734375 1414.220947265625 48.41716058211094 0.0 0.0 0.0 0.0 0.0 0.0 0.0
12228 2044.3685302734375 1414.220947265625 48.41717910104259 0.0 0.0 0.0 0.0 0.0 0.0 0.0
12245 2041.4105224609375 1414.220947265625 48.79706494224078 0.0 0.0 0.0 0.0 0.0 0.0 0.0
12262 2041.4105224609375 1414.220947265625 48.79707514357173 0.0 0.0 0.0 0.0 0.0 0.0 0.0
12278 2041.4105224609375 1414.220947265625 48.79707514357173 0.0 0.0 0.0 0.0 0.0 0.0 0.0
12295 2041.4105224609375 1414.220947265625 48.79707514357173 0.0 0.0 0.0 0.0 0.0 0.0 0.0
12312 2041.4105224609375 1411.2630615234375 50.42837792855627 0.0 0.0 0.0 0.0 0.0 0.0 0.0
12328 2041.4105224609375 1411.2630615234375 50.42841392230795 0.0 0.0 0.0 0.0 0.0 0.0 0.0
12345 2041.4105224609375 1408.30517578125 52.06859931217511 0.0 0.0 0.0 0.0 0.0 0.0 0.0
12362 2038.45263671875 1408.30517578125 52.3473448842968 0.0 0.0 0.0 0.0 0.0 0.0 0.0
12378 2038.45263671875 1405.3472900390625 53.99622654900233 0.0 0.0 0.0 0.0 0.0 0.0 0.0
12395 2029.5789794921875 1399.4315185546875 57.693041425396444 0.0 0.0 0.0 0.0 0.0 0.0 0.0
12412 1991.1263427734375 1390.5577392578125 62.49931721601925 0.0 0.0 0.0 0.0 0.0 0.0 0.0
12428 1931.9683837890625 1387.599853515625 63.36351846960062 0.0 0.0 0.0 0.0 0.0 0.0 0.0
12445 1908.3052978515625 1387.599853515625 63.103796551443764 0.0 0.0 0.0 0.0 0.0 0.0 0.0
12461 1878.726318359375 1384.6419677734375 64.1414846281418 0.0 0.0 0.0 0.0 0.0 0.0 0.0
12478 1866.8946533203125 1381.68408203125 65.40619141721041 0.0 0.0 0.0 0.0 0.0 0.0 0.0
12495 1863.936767578125 1381.68408203125 65.30964848313076 0.0 0.0 0.0 0.0 0.0 0.0 0.0
12511 1858.02099609375 1381.68408203125 65.12722789316527 0.0 0.0 0.0 0.0 0.0 0.0 0.0
12528 1855.0631103515625 1375.768310546875 68.25671495613184 0.0 0.0 0.0 0.0 0.0 0.0 0.0
12545 1849.1473388671875 1369.8525390625 71.02315266859105 0.0 0.0 0.0 0.0 0.0 0.0 0.0
12561 1849.1473388671875 1366.8946533203125 72.65943217026668 0.0 0.0 0.0 0.0 0.0 0.0 0.0
12578 1849.1473388671875 1358.0208740234375 77.47825590554035 0.0 0.0 0.0 0.0 0.0 0.0 0.0
12595 1846.189453125 1352.1051025390625 80.12511842665728 0.0 0.0 0.0 0.0 0.0 0.0 0.0
12611 1846.189453125 1349.147216796875 81.6926168293007 0.0 0.0 0.0 0.0 0.0 0.0 0.0
12628 1843.2315673828125 1346.1893310546875 82.66245639462917 0.0 0.0 0.0 0.0 0.0 0.0 0.0
12645 1840.273681640625 1343.2314453125 83.59714325587996 0.0 0.0 0.0 0.0 0.0 0.0 0.0
12662 1834.3577880859375 1343.2314453125 82.43381498632542 0.0 0.0 0.0 0.0 0.0 0.0 0.0
12678 1828.4420166015625 1343.2314453125 81.33079656744391 0.0 0.0 0.0 0.0 0.0 0.0 0.0
12695 1807.73681640625 1355.06298828125 72.60441891014577 0.0 0.0 0.0 0.0 0.0 0.0 0.0
12712 1787.031494140625 1372.8104248046875 62.46539998278209 0.0 0.0 0.0 0.0 0.0 0.0 0.0
12728 1778.1578369140625 1381.68408203125 57.84004239759767 0.0 0.0 0.0 0.0 0.0 0.0 0.0
12745 1778.1578369140625 1384.6419677734375 56.183506020620456 0.0 0.0 0.0 0.0 0.0 0.0 0.0
12761 1775.199951171875 1387.599853515625 54.74178344856901 0.0 0.0 0.0 0.0 0.0 0.0 0.0
12778 1775.199951171875 1387.599853515625 54.7417611314755 0.0 0.0 0.0 0.0 0.0 0.0 0.0
12795 1772.2420654296875 1387.599853515625 54.945825683237246 0.0 0.0 0.0 0.0 0.0 0.0 0.0
12811 1772.2420654296875 1387.599853515625 54.94582220326012 0.0 0.0 0.0 0.0 0.0 0.0 0.0
12828 1772.2420654296875 1387.599853515625 54.94582220326012 0.0 0.0 0.0 0.0 0.0 0.0 0.0
12845 1772.2420654296875 1387.599853515625 54.94582220326012 0.0 0.0 0.0 0.0 0.0 0.0 0.0
12862 1772.2420654296875 1387.599853515625 54.94582220326012 0.0 0.0 0.0 0.0 0.0 0.0 0.0
12878 1772.2420654296875 1384.6419677734375 56.60355419646484 0.0 0.0 0.0 0.0 0.0 0.0 0.0
12941 1772.2420654296875 1387.599853515625 54.95102020812263 0.0 0.0 0.0 0.0 0.0 0.0 0.0
12951 1772.2420654296875 1387.599853515625 54.951012178300374 0.0 0.0 0.0 0.0 0.0 0.0 0.0
12961 1769.2841796875 1390.5577392578125 53.54835063937523 0.0 0.0 0.0 0.0 0.0 0.0 0.0
12978 1769.2841796875 1393.515625 51.90895360852571 0.0 0.0 0.0 0.0 0.0 0.0 0.0
12995 1769.2841796875 1399.4315185546875 48.66703288348114 0.0 0.0 0.0 0.0 0.0 0.0 0.0
13011 1766.326171875 1399.4315185546875 49.040058604526536 0.0 0.0 0.0 0.0 0.0 0.0 0.0
13028 1766.326171875 1402.389404296875 47.42845047060305 0.0 0.0 0.0 0.0 0.0 0.0 0.0
13045 1766.326171875 1402.389404296875 47.428462893414775 0.0 0.0 0.0 0.0 0.0 0.0 0.0
13061 1766.326171875 1402.389404296875 47.428462893414775 0.0 0.0 0.0 0.0 0.0 0.0 0.0
13078 1763.3682861328125 1399.4315185546875 49.41612767442129 0.0 0.0 0.0 0.0 0.0 0.0 0.0
13095 1763.3682861328125 1396.4736328125 51.0509356730997 0.0 0.0 0.0 0.0 0.0 0.0 0.0
13111 1763.3682861328125 1387.599853515625 56.024794959583545 0.0 0.0 0.0 0.0 0.0 0.0 0.0
13128 1763.3682861328125 1375.768310546875 62.69875137538813 0.0 0.0 0.0 0.0 0.0 0.0 0.0
13145 1760.410400390625 1369.8525390625 65.90842443110338 0.0 0.0 0.0 0.0 0.0 0.0 0.0
13161 1760.410400390625 1369.8525390625 65.9084078313584 0.0 0.0 0.0 0.0 0.0 0.0 0.0
13178 1757.4525146484375 1363.936767578125 69.01101394582233 0.0 0.0 0.0 0.0 0.0 0.0 0.0
13195 1751.5367431640625 1360.9788818359375 70.18416939756398 0.0 0.0 0.0 0.0 0.0 0.0 0.0
13211 1736.747314453125 1360.9788818359375 69.14658277153794 0.0 0.0 0.0 0.0 0.0 0.0 0.0
13228 1721.957763671875 1363.936767578125 66.78988745957972 0.0 0.0 0.0 0.0 0.0 0.0 0.0
13245 1695.336669921875 1372.8104248046875 61.830061912834225 0.0 0.0 0.0 0.0 0.0 0.0 0.0
13261 1680.5472412109375 1375.768310546875 60.39664089889274 0.0 0.0 0.0 0.0 0.0 0.0 0.0
13279 1677.58935546875 1375.768310546875 60.4415004493475 0.0 0.0 0.0 0.0 0.0 0.0 0.0