0 2023.7674560546875 1647.35791015625 238.72629733188256 0.0 0.0 0.0 0.0 0.0 0.0 0.0
240 2019.013916015625 1647.35791015625 241.1999630115067 0.0 0.0 0.0 0.0 0.0 0.0 0.0
256 2019.013916015625 1642.6044921875 241.9322790825712 0.0 0.0 0.0 0.0 0.0 0.0 0.0
264 2009.5069580078125 1628.343994140625 249.82817797209796 0.0 0.0 0.0 0.0 0.0 0.0 0.0
272 1995.2464599609375 1618.8370361328125 259.13623127300593 0.0 0.0 0.0 0.0 0.0 0.0 0.0
280 1985.739501953125 1609.330078125 266.4079992483915 0.0 0.0 0.0 0.0 0.0 0.0 0.0
288 1971.4791259765625 1595.069580078125 277.2986485342276 0.0 0.0 0.0 0.0 0.0 0.0 0.0
296 1966.7255859375 1590.316162109375 280.8750289177044 0.0 0.0 0.0 0.0 0.0 0.0 0.0
304 1947.711669921875 1571.30224609375 294.288945474883 0.0 0.0 0.0 0.0 0.0 0.0 0.0
312 1942.958251953125 1557.041748046875 302.40700024399683 0.0 0.0 0.0 0.0 0.0 0.0 0.0
320 1933.4512939453125 1542.7813720703125 310.5503839783729 0.0 0.0 0.0 0.0 0.0 0.0 0.0
328 1919.1907958984375 1528.5208740234375 317.9305783459092 0.0 0.0 0.0 0.0 0.0 0.0 0.0
336 1914.4373779296875 1514.260498046875 325.11436218579365 0.0 0.0 0.0 0.0 0.0 0.0 0.0
344 1904.930419921875 1490.4930419921875 335.47344174198366 0.0 0.0 0.0 0.0 0.0 0.0 0.0
352 1900.1768798828125 1471.4791259765625 343.3703134198224 0.0 0.0 0.0 0.0 0.0 0.0 0.0
361 1895.4234619140625 1452.4652099609375 350.34029343067743 0.0 0.0 0.0 0.0 0.0 0.0 0.0
368 1890.669921875 1438.204833984375 354.6828347018108 0.0 0.0 0.0 0.0 0.0 0.0 0.0
379 1881.1629638671875 1428.6978759765625 355.3233998434318 0.0 0.0 0.0 0.0 0.0 0.0 0.0
384 1871.656005859375 1414.4373779296875 357.5825604507826 0.0 0.0 0.0 0.0 0.0 0.0 0.0
394 1862.1490478515625 1404.930419921875 357.89728296161513 0.0 0.0 0.0 0.0 0.0 0.0 0.0
400 1857.3956298828125 1400.177001953125 358.04529294465215 0.0 0.0 0.0 0.0 0.0 0.0 0.0
408 1847.888671875 1395.4234619140625 356.5917534039004 0.0 0.0 0.0 0.0 0.0 0.0 0.0
416 1838.3817138671875 1385.91650390625 357.0179429303681 0.0 0.0 0.0 0.0 0.0 0.0 0.0
425 1833.628173828125 1381.1630859375 357.21827350465026 0.0 0.0 0.0 0.0 0.0 0.0 0.0
432 1824.1212158203125 1376.4095458984375 355.83804101432054 0.0 0.0 0.0 0.0 0.0 0.0 0.0
441 1819.3677978515625 1366.902587890625 357.8909212871439 0.0 0.0 0.0 0.0 0.0 0.0 0.0
448 1809.86083984375 1362.149169921875 356.4510711806389 0.0 0.0 0.0 0.0 0.0 0.0 0.0
456 1809.86083984375 1357.3956298828125 358.3325910252548 0.0 0.0 0.0 0.0 0.0 0.0 0.0
464 1805.1072998046875 1352.6422119140625 358.4545790508521 0.0 0.0 0.0 0.0 0.0 0.0 0.0
472 1800.3538818359375 1352.6422119140625 356.75539231642256 0.0 0.0 0.0 0.0 0.0 0.0 0.0
480 1800.3538818359375 1347.888671875 358.62788964999106 0.0 0.0 0.0 0.0 0.0 0.0 0.0
864 1800.3538818359375 1343.13525390625 0.4435522691646838 0.0 0.0 0.0 0.0 0.0 0.0 0.0
872 1795.600341796875 1343.13525390625 358.680496986713 0.0 0.0 0.0 0.0 0.0 0.0 0.0
880 1786.0933837890625 1333.6282958984375 358.8717041645356 0.0 0.0 0.0 0.0 0.0 0.0 0.0
888 1752.819091796875 1328.874755859375 350.57348097504087 0.0 0.0 0.0 0.0 0.0 0.0 0.0
896 1719.544677734375 1319.3677978515625 345.86895636273323 0.0 0.0 0.0 0.0 0.0 0.0 0.0
904 1686.2703857421875 1309.86083984375 342.30302621086236 0.0 0.0 0.0 0.0 0.0 0.0 0.0
912 1662.5029296875 1300.3538818359375 341.3068926840499 0.0 0.0 0.0 0.0 0.0 0.0 0.0
920 1638.735595703125 1286.093505859375 342.35031529110745 0.0 0.0 0.0 0.0 0.0 0.0 0.0
928 1619.7216796875 1281.3399658203125 340.34126449582675 0.0 0.0 0.0 0.0 0.0 0.0 0.0
936 1591.2008056640625 1271.8330078125 338.8999612651414 0.0 0.0 0.0 0.0 0.0 0.0 0.0
944 1562.679931640625 1262.3260498046875 337.77645264123265 0.0 0.0 0.0 0.0 0.0 0.0 0.0
952 1534.1590576171875 1257.5726318359375 335.01402592615455 0.0 0.0 0.0 0.0 0.0 0.0 0.0
961 1481.8707275390625 1243.3121337890625 333.53210752952964 0.0 0.0 0.0 0.0 0.0 0.0 0.0
968 1443.8428955078125 1238.5587158203125 330.60910535352485 0.0 0.0 0.0 0.0 0.0 0.0 0.0
981 1415.322021484375 1238.5587158203125 327.3964500870395 0.0 0.0 0.0 0.0 0.0 0.0 0.0
989 1396.30810546875 1238.5587158203125 325.5760084906166 0.0 0.0 0.0 0.0 0.0 0.0 0.0
994 1391.5545654296875 1233.80517578125 327.5471319293001 0.0 0.0 0.0 0.0 0.0 0.0 0.0
1001 1382.047607421875 1233.80517578125 326.5510331734855 0.0 0.0 0.0 0.0 0.0 0.0 0.0
1016 1377.294189453125 1233.80517578125 326.0740219621398 0.0 0.0 0.0 0.0 0.0 0.0 0.0
1048 1372.5406494140625 1238.5587158203125 323.177501911764 0.0 0.0 0.0 0.0 0.0 0.0 0.0
1057 1367.7872314453125 1243.3121337890625 320.39143263676465 0.0 0.0 0.0 0.0 0.0 0.0 0.0
1064 1367.7872314453125 1248.065673828125 317.82260720985664 0.0 0.0 0.0 0.0 0.0 0.0 0.0
1072 1367.7872314453125 1252.819091796875 315.25154538040226 0.0 0.0 0.0 0.0 0.0 0.0 0.0
1080 1358.2802734375 1252.819091796875 315.2619949460121 0.0 0.0 0.0 0.0 0.0 0.0 0.0
1088 1353.5267333984375 1257.5726318359375 312.8088323400823 0.0 0.0 0.0 0.0 0.0 0.0 0.0
1096 1348.7733154296875 1262.3260498046875 310.46746393975434 0.0 0.0 0.0 0.0 0.0 0.0 0.0
1104 1348.7733154296875 1267.07958984375 307.91812396715943 0.0 0.0 0.0 0.0 0.0 0.0 0.0
1112 1344.019775390625 1271.8330078125 305.8104340181248 0.0 0.0 0.0 0.0 0.0 0.0 0.0
1120 1339.266357421875 1281.3399658203125 301.4364184582047 0.0 0.0 0.0 0.0 0.0 0.0 0.0
1128 1334.5128173828125 1286.093505859375 299.65840101796493 0.0 0.0 0.0 0.0 0.0 0.0 0.0
1136 1325.005859375 1295.6004638671875 296.4605240654905 0.0 0.0 0.0 0.0 0.0 0.0 0.0
1144 1315.4989013671875 1309.86083984375 291.4862947369718 0.0 0.0 0.0 0.0 0.0 0.0 0.0
1152 1315.4989013671875 1319.3677978515625 286.96058836220834 0.0 0.0 0.0 0.0 0.0 0.0 0.0
1161 1310.7454833984375 1324.121337890625 285.9827809489182 0.0 0.0 0.0 0.0 0.0 0.0 0.0
1168 1301.238525390625 1338.3817138671875 282.3217226305006 0.0 0.0 0.0 0.0 0.0 0.0 0.0
1177 1296.4849853515625 1343.13525390625 281.6134918601375 0.0 0.0 0.0 0.0 0.0 0.0 0.0
1184 1291.7315673828125 1352.6422119140625 278.99846927653414 0.0 0.0 0.0 0.0 0.0 0.0 0.0
1194 1291.7315673828125 1366.902587890625 273.26867645218783 0.0 0.0 0.0 0.0 0.0 0.0 0.0
1200 1291.7315673828125 1381.1630859375 268.0364772733195 0.0 0.0 0.0 0.0 0.0 0.0 0.0
1208 1291.7315673828125 1395.4234619140625 263.2929716091959 0.0 0.0 0.0 0.0 0.0 0.0 0.0
1216 1291.7315673828125 1419.19091796875 256.61382441151494 0.0 0.0 0.0 0.0 0.0 0.0 0.0
1224 1291.7315673828125 1428.6978759765625 254.139716786036 0.0 0.0 0.0 0.0 0.0 0.0 0.0
1232 1286.97802734375 1438.204833984375 253.9395686194349 0.0 0.0 0.0 0.0 0.0 0.0 0.0
1241 1286.97802734375 1447.7117919921875 251.66269976347252 0.0 0.0 0.0 0.0 0.0 0.0 0.0
1248 1286.97802734375 1452.4652099609375 250.56871815263386 0.0 0.0 0.0 0.0 0.0 0.0 0.0
1256 1286.97802734375 1461.97216796875 248.54596844756134 0.0 0.0 0.0 0.0 0.0 0.0 0.0
1264 1286.97802734375 1466.7257080078125 247.5749208392109 0.0 0.0 0.0 0.0 0.0 0.0 0.0
1272 1286.97802734375 1471.4791259765625 246.6427443754732 0.0 0.0 0.0 0.0 0.0 0.0 0.0
1280 1286.97802734375 1480.986083984375 244.9228281273633 0.0 0.0 0.0 0.0 0.0 0.0 0.0
1288 1286.97802734375 1485.7396240234375 244.0979193808726 0.0 0.0 0.0 0.0 0.0 0.0 0.0
1296 1286.97802734375 1500.0 241.90416823412573 0.0 0.0 0.0 0.0 0.0 0.0 0.0
1304 1286.97802734375 1514.260498046875 239.96229673930083 0.0 0.0 0.0 0.0 0.0 0.0 0.0
1312 1286.97802734375 1523.7674560546875 238.77152190656028 0.0 0.0 0.0 0.0 0.0 0.0 0.0
1320 1286.97802734375 1533.2744140625 237.67653165871624 0.0 0.0 0.0 0.0 0.0 0.0 0.0
1328 1286.97802734375 1538.02783203125 237.15206927567093 0.0 0.0 0.0 0.0 0.0 0.0 0.0
1336 1282.224609375 1542.7813720703125 239.04270178985828 0.0 0.0 0.0 0.0 0.0 0.0 0.0
1344 1282.224609375 1547.5347900390625 238.46092340917545 0.0 0.0 0.0 0.0 0.0 0.0 0.0
1472 1282.224609375 1542.7813720703125 239.06925355080975 0.0 0.0 0.0 0.0 0.0 0.0 0.0
1480 1282.224609375 1538.02783203125 239.70528220226407 0.0 0.0 0.0 0.0 0.0 0.0 0.0
1488 1286.97802734375 1533.2744140625 237.74471267914424 0.0 0.0 0.0 0.0 0.0 0.0 0.0
1496 1286.97802734375 1523.7674560546875 238.95111167342452 0.0 0.0 0.0 0.0 0.0 0.0 0.0
1504 1286.97802734375 1519.013916015625 239.58173362391676 0.0 0.0 0.0 0.0 0.0 0.0 0.0
1512 1286.97802734375 1509.5069580078125 240.96284662196575 0.0 0.0 0.0 0.0 0.0 0.0 0.0
1520 1286.97802734375 1495.24658203125 243.34153002245245 0.0 0.0 0.0 0.0 0.0 0.0 0.0
1528 1282.224609375 1480.986083984375 248.76983412539875 0.0 0.0 0.0 0.0 0.0 0.0 0.0
1536 1272.7176513671875 1457.21875 260.4405365554976 0.0 0.0 0.0 0.0 0.0 0.0 0.0
1544 1272.7176513671875 1438.204833984375 267.32992620887364 0.0 0.0 0.0 0.0 0.0 0.0 0.0
1552 1272.7176513671875 1423.9443359375 273.03884597134413 0.0 0.0 0.0 0.0 0.0 0.0 0.0
1560 1263.210693359375 1390.6700439453125 291.9306839671497 0.0 0.0 0.0 0.0 0.0 0.0 0.0
1568 1258.4571533203125 1357.3956298828125 310.39561084582556 0.0 0.0 0.0 0.0 0.0 0.0 0.0
1576 1258.4571533203125 1319.3677978515625 330.65062794260314 0.0 0.0 0.0 0.0 0.0 0.0 0.0
1584 1258.4571533203125 1286.093505859375 346.28135553454047 0.0 0.0 0.0 0.0 0.0 0.0 0.0
1594 1253.7037353515625 1248.065673828125 359.39620736758127 0.0 0.0 0.0 0.0 0.0 0.0 0.0
1600 1248.9501953125 1229.0517578125 4.2313170733381185 0.0 0.0 0.0 0.0 0.0 0.0 0.0
1609 1248.9501953125 1205.2843017578125 11.427441219171556 0.0 0.0 0.0 0.0 0.0 0.0 0.0
1616 1239.4432373046875 1195.77734375 10.188747076147308 0.0 0.0 0.0 0.0 0.0 0.0 0.0
1626 1234.6898193359375 1181.5169677734375 12.250747014293779 0.0 0.0 0.0 0.0 0.0 0.0 0.0
1632 1225.182861328125 1176.763427734375 9.58357148735729 0.0 0.0 0.0 0.0 0.0 0.0 0.0
1640 1225.182861328125 1172.010009765625 11.033797784046158 0.0 0.0 0.0 0.0 0.0 0.0 0.0
1648 1220.4293212890625 1172.010009765625 8.964932464646154 0.0 0.0 0.0 0.0 0.0 0.0 0.0
1656 1215.6759033203125 1162.5030517578125 9.859518961283129 0.0 0.0 0.0 0.0 0.0 0.0 0.0
1664 1210.92236328125 1162.5030517578125 7.821549333538883 0.0 0.0 0.0 0.0 0.0 0.0 0.0
1672 1206.1689453125 1157.74951171875 7.378608412010408 0.0 0.0 0.0 0.0 0.0 0.0 0.0
1680 1201.4154052734375 1152.99609375 6.9618389311302735 0.0 0.0 0.0 0.0 0.0 0.0 0.0
1688 1191.908447265625 1148.2425537109375 4.734969391626805 0.0 0.0 0.0 0.0 0.0 0.0 0.0
1696 1187.155029296875 1143.4891357421875 4.475299937879981 0.0 0.0 0.0 0.0 0.0 0.0 0.0
1704 1172.89453125 1138.735595703125 0.7862850052216572 0.0 0.0 0.0 0.0 0.0 0.0 0.0
1712 1163.3875732421875 1133.982177734375 359.09151872787106 0.0 0.0 0.0 0.0 0.0 0.0 0.0
1720 1153.880615234375 1124.4752197265625 359.23643305759583 0.0 0.0 0.0 0.0 0.0 0.0 0.0
1728 1144.3736572265625 1124.4752197265625 355.8949442271228 0.0 0.0 0.0 0.0 0.0 0.0 0.0
1736 1115.852783203125 1124.4752197265625 347.63568606798435 0.0 0.0 0.0 0.0 0.0 0.0 0.0
1744 1101.5924072265625 1124.4752197265625 343.9459606779688 0.0 0.0 0.0 0.0 0.0 0.0 0.0
1752 1087.3319091796875 1124.4752197265625 340.65210175830214 0.0 0.0 0.0 0.0 0.0 0.0 0.0
1760 1073.0714721679688 1119.7216796875 339.8039048141722 0.0 0.0 0.0 0.0 0.0 0.0 0.0
1768 1063.5645141601562 1119.7216796875 337.8395869875476 0.0 0.0 0.0 0.0 0.0 0.0 0.0
1776 1058.81103515625 1119.7216796875 336.8967777811024 0.0 0.0 0.0 0.0 0.0 0.0 0.0
1784 1044.5505981445312 1119.7216796875 334.38485470586863 0.0 0.0 0.0 0.0 0.0 0.0 0.0
1800 1035.0436401367188 1119.7216796875 332.8420139336612 0.0 0.0 0.0 0.0 0.0 0.0 0.0
1809 1030.2901611328125 1124.4752197265625 329.7138477400913 0.0 0.0 0.0 0.0 0.0 0.0 0.0
1816 1025.5366821289062 1124.4752197265625 329.1039919457501 0.0 0.0 0.0 0.0 0.0 0.0 0.0
1826 1016.0297241210938 1124.4752197265625 327.98222801391785 0.0 0.0 0.0 0.0 0.0 0.0 0.0
1832 1011.2762451171875 1124.4752197265625 327.44494630634233 0.0 0.0 0.0 0.0 0.0 0.0 0.0
1843 1006.5227661132812 1129.2286376953125 324.49856965851717 0.0 0.0 0.0 0.0 0.0 0.0 0.0
1848 1001.769287109375 1133.982177734375 321.6613026199716 0.0 0.0 0.0 0.0 0.0 0.0 0.0
1856 997.0158081054688 1133.982177734375 321.39204432433655 0.0 0.0 0.0 0.0 0.0 0.0 0.0
1864 992.2623291015625 1133.982177734375 321.1342869347976 0.0 0.0 0.0 0.0 0.0 0.0 0.0
1872 982.75537109375 1138.735595703125 318.3039167910596 0.0 0.0 0.0 0.0 0.0 0.0 0.0
1888 978.0018920898438 1138.735595703125 318.1783669019293 0.0 0.0 0.0 0.0 0.0 0.0 0.0
1904 973.2484130859375 1138.735595703125 318.05818723318214 0.0 0.0 0.0 0.0 0.0 0.0 0.0
1928 968.4949340820312 1138.735595703125 317.94320678215587 0.0 0.0 0.0 0.0 0.0 0.0 0.0
1935 968.4949340820312 1143.4891357421875 315.37204583694864 0.0 0.0 0.0 0.0 0.0 0.0 0.0
1944 968.4949340820312 1148.2425537109375 312.803583725517 0.0 0.0 0.0 0.0 0.0 0.0 0.0
2160 968.4949340820312 1152.99609375 310.242753056702 0.0 0.0 0.0 0.0 0.0 0.0 0.0
2200 963.741455078125 1162.5030517578125 305.60800657312484 0.0 0.0 0.0 0.0 0.0 0.0 0.0
2207 939.9740600585938 1172.010009765625 303.2756635899678 0.0 0.0 0.0 0.0 0.0 0.0 0.0
2216 901.9462280273438 1191.02392578125 299.1480496400019 0.0 0.0 0.0 0.0 0.0 0.0 0.0
2224 825.8905639648438 1219.5447998046875 297.2712604720697 0.0 0.0 0.0 0.0 0.0 0.0 0.0
2235 764.0953369140625 1229.0517578125 300.74252380130577 0.0 0.0 0.0 0.0 0.0 0.0 0.0
2242 730.8209838867188 1243.3121337890625 298.56514319884263 0.0 0.0 0.0 0.0 0.0 0.0 0.0
2255 702.300048828125 1267.07958984375 292.65734718349074 0.0 0.0 0.0 0.0 0.0 0.0 0.0
2263 678.5326538085938 1281.3399658203125 290.95115174499074 0.0 0.0 0.0 0.0 0.0 0.0 0.0
2264 659.5187377929688 1300.3538818359375 286.82999861347673 0.0 0.0 0.0 0.0 0.0 0.0 0.0
2273 635.7513427734375 1324.121337890625 282.8897854294828 0.0 0.0 0.0 0.0 0.0 0.0 0.0
2281 611.9839477539062 1347.888671875 279.8863607768253 0.0 0.0 0.0 0.0 0.0 0.0 0.0
2288 602.4769897460938 1366.902587890625 275.3207343937311 0.0 0.0 0.0 0.0 0.0 0.0 0.0
2298 597.7235107421875 1376.4095458984375 273.2335219584003 0.0 0.0 0.0 0.0 0.0 0.0 0.0
2304 597.7235107421875 1381.1630859375 271.38415829494056 0.0 0.0 0.0 0.0 0.0 0.0 0.0
2314 602.4769897460938 1404.930419921875 261.66082910811986 0.0 0.0 0.0 0.0 0.0 0.0 0.0
2320 621.4909057617188 1433.4512939453125 246.35867807981884 0.0 0.0 0.0 0.0 0.0 0.0 0.0
2330 640.5048217773438 1461.97216796875 233.82446367820938 0.0 0.0 0.0 0.0 0.0 0.0 0.0
2336 664.272216796875 1490.4930419921875 221.85779884397994 0.0 0.0 0.0 0.0 0.0 0.0 0.0
2344 678.5326538085938 1519.013916015625 216.58724258792196 0.0 0.0 0.0 0.0 0.0 0.0 0.0
2352 688.0396118164062 1552.288330078125 214.82783026572886 0.0 0.0 0.0 0.0 0.0 0.0 0.0
2360 697.5465698242188 1595.069580078125 214.2491405892273 0.0 0.0 0.0 0.0 0.0 0.0 0.0
2374 707.0535278320312 1628.343994140625 213.06408964632445 0.0 0.0 0.0 0.0 0.0 0.0 0.0
2376 716.5604858398438 1661.618408203125 212.1704737220362 0.0 0.0 0.0 0.0 0.0 0.0 0.0
2391 726.0674438476562 1694.8927001953125 211.4967120841588 0.0 0.0 0.0 0.0 0.0 0.0 0.0
2392 730.8209838867188 1718.66015625 211.97539490092066 0.0 0.0 0.0 0.0 0.0 0.0 0.0
2400 735.574462890625 1732.9205322265625 211.3507966454829 0.0 0.0 0.0 0.0 0.0 0.0 0.0
2408 735.574462890625 1742.427490234375 212.49687597619948 0.0 0.0 0.0 0.0 0.0 0.0 0.0
2416 745.0814208984375 1761.44140625 210.22254818736963 0.0 0.0 0.0 0.0 0.0 0.0 0.0
2424 749.8348999023438 1770.9483642578125 209.18759454337732 0.0 0.0 0.0 0.0 0.0 0.0 0.0
2432 759.3418579101562 1775.701904296875 205.24300350735092 0.0 0.0 0.0 0.0 0.0 0.0 0.0
2440 773.602294921875 1794.7158203125 202.19985361526835 0.0 0.0 0.0 0.0 0.0 0.0 0.0
2448 787.8627319335938 1804.2227783203125 197.74800942221327 0.0 0.0 0.0 0.0 0.0 0.0 0.0
2456 802.1231689453125 1823.2366943359375 196.05916055317834 0.0 0.0 0.0 0.0 0.0 0.0 0.0
2464 821.1370849609375 1847.0040283203125 193.97889800350703 0.0 0.0 0.0 0.0 0.0 0.0 0.0
2471 830.64404296875 1851.757568359375 191.17149402877098 0.0 0.0 0.0 0.0 0.0 0.0 0.0
2481 844.9044799804688 1870.771484375 190.68378068982042 0.0 0.0 0.0 0.0 0.0 0.0 0.0
2488 868.671875 1889.785400390625 186.99207444846144 0.0 0.0 0.0 0.0 0.0 0.0 0.0
2498 882.9323120117188 1904.0457763671875 185.93597861897845 0.0 0.0 0.0 0.0 0.0 0.0 0.0
2503 906.69970703125 1923.0596923828125 183.28932806771766 0.0 0.0 0.0 0.0 0.0 0.0 0.0
2514 920.9601440429688 1937.3201904296875 182.82406597851613 0.0 0.0 0.0 0.0 0.0 0.0 0.0
2519 939.9740600585938 1946.8271484375 179.37810488538244 0.0 0.0 0.0 0.0 0.0 0.0 0.0
2530 968.4949340820312 1956.3341064453125 173.81043700351051 0.0 0.0 0.0 0.0 0.0 0.0 0.0
2535 992.2623291015625 1956.3341064453125 167.04770341681981 0.0 0.0 0.0 0.0 0.0 0.0 0.0
2544 1020.783203125 1956.3341064453125 160.48907748354907 0.0 0.0 0.0 0.0 0.0 0.0 0.0
2552 1044.5505981445312 1961.0875244140625 157.93273594585892 0.0 0.0 0.0 0.0 0.0 0.0 0.0
2560 1077.824951171875 1961.0875244140625 152.59872908736702 0.0 0.0 0.0 0.0 0.0 0.0 0.0
2568 1087.3319091796875 1961.0875244140625 151.19734735497704 0.0 0.0 0.0 0.0 0.0 0.0 0.0
2576 1101.5924072265625 1961.0875244140625 149.33706974811173 0.0 0.0 0.0 0.0 0.0 0.0 0.0
2584 1106.3458251953125 1961.0875244140625 148.7429784356499 0.0 0.0 0.0 0.0 0.0 0.0 0.0
2591 1111.099365234375 1961.0875244140625 148.17375140484887 0.0 0.0 0.0 0.0 0.0 0.0 0.0
2600 1130.11328125 1961.0875244140625 146.23672186832266 0.0 0.0 0.0 0.0 0.0 0.0 0.0
2608 1130.11328125 1956.3341064453125 143.69270631283155 0.0 0.0 0.0 0.0 0.0 0.0 0.0
2616 1144.3736572265625 1951.58056640625 140.4492732221293 0.0 0.0 0.0 0.0 0.0 0.0 0.0
2623 1153.880615234375 1942.0736083984375 135.30826008435366 0.0 0.0 0.0 0.0 0.0 0.0 0.0
2632 1168.14111328125 1937.3201904296875 133.05251830762518 0.0 0.0 0.0 0.0 0.0 0.0 0.0
2639 1187.155029296875 1923.0596923828125 126.92525634712098 0.0 0.0 0.0 0.0 0.0 0.0 0.0
2648 1210.92236328125 1904.0457763671875 120.32126189255774 0.0 0.0 0.0 0.0 0.0 0.0 0.0
2656 1220.4293212890625 1894.538818359375 117.05567411993997 0.0 0.0 0.0 0.0 0.0 0.0 0.0
2664 1248.9501953125 1875.52490234375 113.31712111123636 0.0 0.0 0.0 0.0 0.0 0.0 0.0
2671 1267.964111328125 1856.510986328125 108.73370429172508 0.0 0.0 0.0 0.0 0.0 0.0 0.0
2681 1277.4710693359375 1847.0040283203125 106.69134861271078 0.0 0.0 0.0 0.0 0.0 0.0 0.0
2687 1291.7315673828125 1842.2506103515625 107.96061168329325 0.0 0.0 0.0 0.0 0.0 0.0 0.0
2698 1296.4849853515625 1827.9901123046875 102.83622674371759 0.0 0.0 0.0 0.0 0.0 0.0 0.0
2704 1310.7454833984375 1804.2227783203125 97.43485687218094 0.0 0.0 0.0 0.0 0.0 0.0 0.0
2715 1320.25244140625 1785.2088623046875 93.25390777585471 0.0 0.0 0.0 0.0 0.0 0.0 0.0
2720 1334.5128173828125 1756.68798828125 88.37183351356225 0.0 0.0 0.0 0.0 0.0 0.0 0.0
2728 1353.5267333984375 1742.427490234375 90.22393683710067 0.0 0.0 0.0 0.0 0.0 0.0 0.0
2736 1363.03369140625 1718.66015625 85.80018989437843 0.0 0.0 0.0 0.0 0.0 0.0 0.0
2743 1363.03369140625 1690.1392822265625 77.5586542165313 0.0 0.0 0.0 0.0 0.0 0.0 0.0
2752 1377.294189453125 1656.8648681640625 75.27507316042045 0.0 0.0 0.0 0.0 0.0 0.0 0.0
2760 1377.294189453125 1628.343994140625 69.06712753496424 0.0 0.0 0.0 0.0 0.0 0.0 0.0
2768 1382.047607421875 1595.069580078125 65.33860551588538 0.0 0.0 0.0 0.0 0.0 0.0 0.0
2776 1382.047607421875 1566.5487060546875 61.14472726873532 0.0 0.0 0.0 0.0 0.0 0.0 0.0
2784 1382.047607421875 1538.02783203125 57.820391486968106 0.0 0.0 0.0 0.0 0.0 0.0 0.0
2792 1386.8011474609375 1523.7674560546875 58.56407050301834 0.0 0.0 0.0 0.0 0.0 0.0 0.0
2800 1386.8011474609375 1514.260498046875 57.485850951382474 0.0 0.0 0.0 0.0 0.0 0.0 0.0
2808 1386.8011474609375 1495.24658203125 55.65200974892326 0.0 0.0 0.0 0.0 0.0 0.0 0.0
2816 1382.047607421875 1490.4930419921875 52.77116078472824 0.0 0.0 0.0 0.0 0.0 0.0 0.0
2824 1377.294189453125 1485.7396240234375 50.00110307186776 0.0 0.0 0.0 0.0 0.0 0.0 0.0
2840 1372.5406494140625 1480.986083984375 47.34329416758726 0.0 0.0 0.0 0.0 0.0 0.0 0.0
2848 1367.7872314453125 1476.232666015625 44.798441162446125 0.0 0.0 0.0 0.0 0.0 0.0 0.0
2856 1358.2802734375 1471.4791259765625 39.91991832742542 0.0 0.0 0.0 0.0 0.0 0.0 0.0
2864 1344.019775390625 1466.7257080078125 32.92733801148722 0.0 0.0 0.0 0.0 0.0 0.0 0.0
2872 1334.5128173828125 1466.7257080078125 28.015087628082995 0.0 0.0 0.0 0.0 0.0 0.0 0.0
2882 1329.7593994140625 1466.7257080078125 25.59586711510019 0.0 0.0 0.0 0.0 0.0 0.0 0.0
2888 1320.25244140625 1466.7257080078125 20.911813722033003 0.0 0.0 0.0 0.0 0.0 0.0 0.0
2898 1291.7315673828125 1466.7257080078125 8.481765571057167 0.0 0.0 0.0 0.0 0.0 0.0 0.0
2904 1263.210693359375 1466.7257080078125 357.98373050578334 0.0 0.0 0.0 0.0 0.0 0.0 0.0
2914 1234.6898193359375 1466.7257080078125 349.33674098019134 0.0 0.0 0.0 0.0 0.0 0.0 0.0
2920 1201.4154052734375 1466.7257080078125 341.4144109695685 0.0 0.0 0.0 0.0 0.0 0.0 0.0
2928 1187.155029296875 1466.7257080078125 338.3978117676368 0.0 0.0 0.0 0.0 0.0 0.0 0.0
2936 1144.3736572265625 1476.232666015625 328.19885072533407 0.0 0.0 0.0 0.0 0.0 0.0 0.0
2944 1125.3597412109375 1485.7396240234375 321.90971694191586 0.0 0.0 0.0 0.0 0.0 0.0 0.0
2952 1101.5924072265625 1495.24658203125 316.50877887657384 0.0 0.0 0.0 0.0 0.0 0.0 0.0
2960 1087.3319091796875 1500.0 314.10932031333823 0.0 0.0 0.0 0.0 0.0 0.0 0.0
2968 1077.824951171875 1504.7535400390625 311.85887922883103 0.0 0.0 0.0 0.0 0.0 0.0 0.0
2976 1073.0714721679688 1509.5069580078125 309.5617832197233 0.0 0.0 0.0 0.0 0.0 0.0 0.0
2984 1068.3179931640625 1514.260498046875 307.3739677897173 0.0 0.0 0.0 0.0 0.0 0.0 0.0
2992 1063.5645141601562 1519.013916015625 305.2931361431707 0.0 0.0 0.0 0.0 0.0 0.0 0.0
3000 1058.81103515625 1523.7674560546875 303.31635131148505 0.0 0.0 0.0 0.0 0.0 0.0 0.0
3016 1058.81103515625 1538.02783203125 296.02182802837933 0.0 0.0 0.0 0.0 0.0 0.0 0.0
3024 1058.81103515625 1542.7813720703125 293.6337272240336 0.0 0.0 0.0 0.0 0.0 0.0 0.0
3032 1058.81103515625 1557.041748046875 286.8437805623863 0.0 0.0 0.0 0.0 0.0 0.0 0.0
3040 1054.0575561523438 1576.0556640625 279.9409864856365 0.0 0.0 0.0 0.0 0.0 0.0 0.0
3049 1049.3040771484375 1585.5626220703125 277.46415128753927 0.0 0.0 0.0 0.0 0.0 0.0 0.0
3056 1044.5505981445312 1595.069580078125 275.1947787485732 0.0 0.0 0.0 0.0 0.0 0.0 0.0
3064 1039.797119140625 1614.0836181640625 269.8229639287165 0.0 0.0 0.0 0.0 0.0 0.0 0.0
3072 1039.797119140625 1637.8509521484375 262.11331861168713 0.0 0.0 0.0 0.0 0.0 0.0 0.0
3081 1039.797119140625 1666.371826171875 254.57008344012635 0.0 0.0 0.0 0.0 0.0 0.0 0.0
3088 1039.797119140625 1694.8927001953125 248.5024723729935 0.0 0.0 0.0 0.0 0.0 0.0 0.0
3098 1039.797119140625 1709.1531982421875 245.80979770073765 0.0 0.0 0.0 0.0 0.0 0.0 0.0
3104 1049.3040771484375 1732.9205322265625 237.96748646059413 0.0 0.0 0.0 0.0 0.0 0.0 0.0
3114 1054.0575561523438 1747.1810302734375 234.23778608065814 0.0 0.0 0.0 0.0 0.0 0.0 0.0
3120 1068.3179931640625 1770.9483642578125 226.29674796614074 0.0 0.0 0.0 0.0 0.0 0.0 0.0
3128 1077.824951171875 1785.2088623046875 221.66187470615353 0.0 0.0 0.0 0.0 0.0 0.0 0.0
3136 1087.3319091796875 1794.7158203125 217.29146512992367 0.0 0.0 0.0 0.0 0.0 0.0 0.0
3144 1096.8388671875 1808.9761962890625 213.80093073976042 0.0 0.0 0.0 0.0 0.0 0.0 0.0
3152 1111.099365234375 1832.74365234375 209.81723625530145 0.0 0.0 0.0 0.0 0.0 0.0 0.0
3160 1115.852783203125 1847.0040283203125 209.46036796562552 0.0 0.0 0.0 0.0 0.0 0.0 0.0
3168 1115.852783203125 1861.2645263671875 211.33218123668564 0.0 0.0 0.0 0.0 0.0 0.0 0.0
3176 1120.6063232421875 1870.771484375 210.19766083110648 0.0 0.0 0.0 0.0 0.0 0.0 0.0
3184 1130.11328125 1880.2784423828125 206.94468959626653 0.0 0.0 0.0 0.0 0.0 0.0 0.0
3192 1139.6202392578125 1899.2923583984375 205.58855008032512 0.0 0.0 0.0 0.0 0.0 0.0 0.0
3200 1139.6202392578125 1913.552734375 207.90448351164923 0.0 0.0 0.0 0.0 0.0 0.0 0.0
3208 1144.3736572265625 1923.0596923828125 207.07835753563916 0.0 0.0 0.0 0.0 0.0 0.0 0.0
3216 1149.127197265625 1932.566650390625 206.32683984166277 0.0 0.0 0.0 0.0 0.0 0.0 0.0
3224 1153.880615234375 1942.0736083984375 205.64336538822363 0.0 0.0 0.0 0.0 0.0 0.0 0.0
3232 1158.6341552734375 1946.8271484375 204.17648422203604 0.0 0.0 0.0 0.0 0.0 0.0 0.0
3240 1158.6341552734375 1951.58056640625 205.0686486251486 0.0 0.0 0.0 0.0 0.0 0.0 0.0
3248 1163.3875732421875 1956.3341064453125 203.63343088989737 0.0 0.0 0.0 0.0 0.0 0.0 0.0
3256 1163.3875732421875 1961.0875244140625 204.54747100441398 0.0 0.0 0.0 0.0 0.0 0.0 0.0
3265 1172.89453125 1970.594482421875 201.88175065301022 0.0 0.0 0.0 0.0 0.0 0.0 0.0
3281 1177.6480712890625 1980.1014404296875 201.60211894856883 0.0 0.0 0.0 0.0 0.0 0.0 0.0
3287 1182.4014892578125 1989.6083984375 201.34803205415292 0.0 0.0 0.0 0.0 0.0 0.0 0.0
3299 1187.155029296875 1994.3619384765625 200.12013248030965 0.0 0.0 0.0 0.0 0.0 0.0 0.0
3304 1191.908447265625 1999.1153564453125 198.96173091676997 0.0 0.0 0.0 0.0 0.0 0.0 0.0
3314 1191.908447265625 2008.622314453125 201.0776629287315 0.0 0.0 0.0 0.0 0.0 0.0 0.0
3320 1191.908447265625 2013.3758544921875 202.09374827675896 0.0 0.0 0.0 0.0 0.0 0.0 0.0
3328 1196.6619873046875 2022.8828125 201.794813675576 0.0 0.0 0.0 0.0 0.0 0.0 0.0
3336 1196.6619873046875 2027.63623046875 202.78239766728277 0.0 0.0 0.0 0.0 0.0 0.0 0.0
3344 1196.6619873046875 2032.3897705078125 203.73062281931095 0.0 0.0 0.0 0.0 0.0 0.0 0.0
3360 1196.6619873046875 2037.1431884765625 204.64073065104014 0.0 0.0 0.0 0.0 0.0 0.0 0.0
3368 1191.908447265625 2037.1431884765625 207.08177826161645 0.0 0.0 0.0 0.0 0.0 0.0 0.0
3600 1196.6619873046875 2041.896728515625 205.53636713601506 0.0 0.0 0.0 0.0 0.0 0.0 0.0
3608 1215.6759033203125 2051.4036865234375 198.64951055410467 0.0 0.0 0.0 0.0 0.0 0.0 0.0
3616 1234.6898193359375 2070.4176025390625 194.98140787883642 0.0 0.0 0.0 0.0 0.0 0.0 0.0
3624 1263.210693359375 2075.1710205078125 184.87292114567603 0.0 0.0 0.0 0.0 0.0 0.0 0.0
3632 1286.97802734375 2079.924560546875 178.0383875730554 0.0 0.0 0.0 0.0 0.0 0.0 0.0
3640 1301.238525390625 2079.924560546875 173.29470928265118 0.0 0.0 0.0 0.0 0.0 0.0 0.0
3648 1315.4989013671875 2084.677978515625 170.9052412129016 0.0 0.0 0.0 0.0 0.0 0.0 0.0
3664 1320.25244140625 2084.677978515625 169.46460408844987 0.0 0.0 0.0 0.0 0.0 0.0 0.0
3680 1325.005859375 2084.677978515625 168.07603129185674 0.0 0.0 0.0 0.0 0.0 0.0 0.0
3688 1334.5128173828125 2084.677978515625 165.49583958357368 0.0 0.0 0.0 0.0 0.0 0.0 0.0
3696 1339.266357421875 2084.677978515625 164.2545249191311 0.0 0.0 0.0 0.0 0.0 0.0 0.0
3704 1344.019775390625 2084.677978515625 163.06039563778978 0.0 0.0 0.0 0.0 0.0 0.0 0.0
3712 1348.7733154296875 2084.677978515625 161.91211214362102 0.0 0.0 0.0 0.0 0.0 0.0 0.0
3721 1353.5267333984375 2084.677978515625 160.80836761810787 0.0 0.0 0.0 0.0 0.0 0.0 0.0
3728 1363.03369140625 2089.4315185546875 160.91189118917526 0.0 0.0 0.0 0.0 0.0 0.0 0.0
3737 1372.5406494140625 2089.4315185546875 158.86297273722485 0.0 0.0 0.0 0.0 0.0 0.0 0.0
3744 1377.294189453125 2089.4315185546875 157.87928767389127 0.0 0.0 0.0 0.0 0.0 0.0 0.0
3754 1382.047607421875 2089.4315185546875 156.93490122996818 0.0 0.0 0.0 0.0 0.0 0.0 0.0
3760 1386.8011474609375 2089.4315185546875 156.028459243406 0.0 0.0 0.0 0.0 0.0 0.0 0.0
3784 1391.5545654296875 2089.4315185546875 155.15866658430355 0.0 0.0 0.0 0.0 0.0 0.0 0.0
3792 1396.30810546875 2094.1849365234375 156.623048538523 0.0 0.0 0.0 0.0 0.0 0.0 0.0
3800 1401.0615234375 2094.1849365234375 155.72920361096152 0.0 0.0 0.0 0.0 0.0 0.0 0.0
3808 1405.8150634765625 2098.9384765625 157.1622564352005 0.0 0.0 0.0 0.0 0.0 0.0 0.0
3816 1415.322021484375 2098.9384765625 155.40188485079756 0.0 0.0 0.0 0.0 0.0 0.0 0.0
3824 1420.075439453125 2098.9384765625 154.557510068892 0.0 0.0 0.0 0.0 0.0 0.0 0.0
3832 1420.075439453125 2103.69189453125 156.94840134853354 0.0 0.0 0.0 0.0 0.0 0.0 0.0
3840 1434.3359375 2103.69189453125 154.43060652446587 0.0 0.0 0.0 0.0 0.0 0.0 0.0
3848 1439.08935546875 2108.4454345703125 155.9349391864149 0.0 0.0 0.0 0.0 0.0 0.0 0.0
3864 1448.5963134765625 2108.4454345703125 154.27029282947234 0.0 0.0 0.0 0.0 0.0 0.0 0.0
3880 1453.349853515625 2108.4454345703125 153.47204818861758 0.0 0.0 0.0 0.0 0.0 0.0 0.0
3888 1453.349853515625 2113.1988525390625 155.88014808078734 0.0 0.0 0.0 0.0 0.0 0.0 0.0
3896 1462.8568115234375 2113.1988525390625 154.21981607827794 0.0 0.0 0.0 0.0 0.0 0.0 0.0
3905 1462.8568115234375 2117.952392578125 156.6162134521841 0.0 0.0 0.0 0.0 0.0 0.0 0.0
3912 1467.6102294921875 2122.7059326171875 158.0002592191745 0.0 0.0 0.0 0.0 0.0 0.0 0.0
3928 1472.36376953125 2127.4593505859375 159.3072136403346 0.0 0.0 0.0 0.0 0.0 0.0 0.0
3937 1477.1171875 2127.4593505859375 158.3059253646492 0.0 0.0 0.0 0.0 0.0 0.0 0.0
3944 1477.1171875 2132.2127685546875 160.63111058601638 0.0 0.0 0.0 0.0 0.0 0.0 0.0
3954 1481.8707275390625 2136.9664306640625 161.7899492741065 0.0 0.0 0.0 0.0 0.0 0.0 0.0
3968 1486.6241455078125 2141.7198486328125 162.88274441630372 0.0 0.0 0.0 0.0 0.0 0.0 0.0
3984 1491.377685546875 2146.4732666015625 163.9130476827675 0.0 0.0 0.0 0.0 0.0 0.0 0.0
3992 1491.377685546875 2151.2266845703125 166.12256931195503 0.0 0.0 0.0 0.0 0.0 0.0 0.0
4000 1496.131103515625 2155.9803466796875 166.96584225737547 0.0 0.0 0.0 0.0 0.0 0.0 0.0
4008 1496.131103515625 2160.7337646484375 169.10398493721158 0.0 0.0 0.0 0.0 0.0 0.0 0.0
4016 1500.8846435546875 2165.4871826171875 169.77295915191263 0.0 0.0 0.0 0.0 0.0 0.0 0.0
4032 1500.8846435546875 2170.2406005859375 171.84052086437705 0.0 0.0 0.0 0.0 0.0 0.0 0.0
4040 1510.3916015625 2170.2406005859375 168.99353291547646 0.0 0.0 0.0 0.0 0.0 0.0 0.0
4048 1510.3916015625 2174.9942626953125 171.0812400060051 0.0 0.0 0.0 0.0 0.0 0.0 0.0
4056 1510.3916015625 2179.7476806640625 173.11430568812642 0.0 0.0 0.0 0.0 0.0 0.0 0.0
4064 1515.1451416015625 2184.5010986328125 173.54666306804398 0.0 0.0 0.0 0.0 0.0 0.0 0.0
4080 1519.8985595703125 2189.2545166015625 173.95339853553577 0.0 0.0 0.0 0.0 0.0 0.0 0.0
4088 1524.652099609375 2194.0081787109375 174.33612833286568 0.0 0.0 0.0 0.0 0.0 0.0 0.0
4096 1524.652099609375 2198.7615966796875 176.27917653704543 0.0 0.0 0.0 0.0 0.0 0.0 0.0
4105 1529.405517578125 2208.2684326171875 178.29411360253252 0.0 0.0 0.0 0.0 0.0 0.0 0.0
4112 1534.1590576171875 2208.2684326171875 176.600121399139 0.0 0.0 0.0 0.0 0.0 0.0 0.0
4121 1534.1590576171875 2217.7755126953125 180.24588462997684 0.0 0.0 0.0 0.0 0.0 0.0 0.0
4128 1548.41943359375 2217.7755126953125 175.29223945936417 0.0 0.0 0.0 0.0 0.0 0.0 0.0
4137 1548.41943359375 2222.5289306640625 177.207748712358 0.0 0.0 0.0 0.0 0.0 0.0 0.0
4144 1548.41943359375 2227.2823486328125 179.0665964145096 0.0 0.0 0.0 0.0 0.0 0.0 0.0
4154 1553.1729736328125 2232.0360107421875 179.1448552343327 0.0 0.0 0.0 0.0 0.0 0.0 0.0
4160 1553.1729736328125 2241.5428466796875 182.63587278855496 0.0 0.0 0.0 0.0 0.0 0.0 0.0
4168 1557.9263916015625 2246.2962646484375 182.5012502472104 0.0 0.0 0.0 0.0 0.0 0.0 0.0
4176 1557.9263916015625 2255.8033447265625 185.77969087187176 0.0 0.0 0.0 0.0 0.0 0.0 0.0
4184 1557.9263916015625 2270.0638427734375 190.2238902657963 0.0 0.0 0.0 0.0 0.0 0.0 0.0
4192 1557.9263916015625 2279.5706787109375 192.97928742713813 0.0 0.0 0.0 0.0 0.0 0.0 0.0
4200 1562.679931640625 2289.0777587890625 193.51047116277687 0.0 0.0 0.0 0.0 0.0 0.0 0.0
4208 1572.1868896484375 2298.5845947265625 192.04080913234682 0.0 0.0 0.0 0.0 0.0 0.0 0.0
4216 1572.1868896484375 2308.0916748046875 194.66709652065308 0.0 0.0 0.0 0.0 0.0 0.0 0.0
4224 1581.69384765625 2317.5985107421875 193.06971765331414 0.0 0.0 0.0 0.0 0.0 0.0 0.0
4232 1586.447265625 2327.1055908203125 193.5927461504616 0.0 0.0 0.0 0.0 0.0 0.0 0.0
4240 1595.9542236328125 2341.3658447265625 193.32761704241443 0.0 0.0 0.0 0.0 0.0 0.0 0.0
4248 1600.707763671875 2346.1195068359375 192.5605568678572 0.0 0.0 0.0 0.0 0.0 0.0 0.0
4256 1605.461181640625 2355.6263427734375 193.12976637868746 0.0 0.0 0.0 0.0 0.0 0.0 0.0
4264 1610.2147216796875 2365.1334228515625 193.64728545663888 0.0 0.0 0.0 0.0 0.0 0.0 0.0
4272 1614.9681396484375 2369.8868408203125 192.86159302862526 0.0 0.0 0.0 0.0 0.0 0.0 0.0
4280 1614.9681396484375 2379.3936767578125 195.4287535821608 0.0 0.0 0.0 0.0 0.0 0.0 0.0
4288 1614.9681396484375 2384.1473388671875 196.66377299050546 0.0 0.0 0.0 0.0 0.0 0.0 0.0
4296 1624.47509765625 2388.9007568359375 193.6424638683278 0.0 0.0 0.0 0.0 0.0 0.0 0.0
4305 1624.47509765625 2393.6541748046875 194.94451987988606 0.0 0.0 0.0 0.0 0.0 0.0 0.0
4312 1624.47509765625 2398.4075927734375 196.19776542208194 0.0 0.0 0.0 0.0 0.0 0.0 0.0
4322 1624.47509765625 2403.1612548828125 197.40355622867057 0.0 0.0 0.0 0.0 0.0 0.0 0.0
4327 1629.2286376953125 2403.1612548828125 195.18146185618733 0.0 0.0 0.0 0.0 0.0 0.0 0.0
4337 1629.2286376953125 2407.9146728515625 196.42577007148168 0.0 0.0 0.0 0.0 0.0 0.0 0.0
4344 1629.2286376953125 2412.6680908203125 197.62277686468647 0.0 0.0 0.0 0.0 0.0 0.0 0.0
4592 1629.2286376953125 2417.4215087890625 198.77391919705465 0.0 0.0 0.0 0.0 0.0 0.0 0.0
4608 1629.2286376953125 2422.1751708984375 199.8804820128919 0.0 0.0 0.0 0.0 0.0 0.0 0.0
4616 1643.489013671875 2426.9285888671875 194.56697586734484 0.0 0.0 0.0 0.0 0.0 0.0 0.0
4624 1652.9959716796875 2441.1890869140625 194.16635544805445 0.0 0.0 0.0 0.0 0.0 0.0 0.0
4632 1672.0098876953125 2450.6959228515625 188.94119819251583 0.0 0.0 0.0 0.0 0.0 0.0 0.0
4640 1676.763427734375 2469.7098388671875 192.38585409740296 0.0 0.0 0.0 0.0 0.0 0.0 0.0
4657 1691.0238037109375 2483.9703369140625 190.474110072945 0.0 0.0 0.0 0.0 0.0 0.0 0.0
4664 1691.0238037109375 2488.7237548828125 191.89233462211442 0.0 0.0 0.0 0.0 0.0 0.0 0.0
4672 1695.77734375 2493.4771728515625 191.20927729551414 0.0 0.0 0.0 0.0 0.0 0.0 0.0
4680 1695.77734375 2498.2308349609375 192.600917616573 0.0 0.0 0.0 0.0 0.0 0.0 0.0
4688 1700.53076171875 2502.9842529296875 191.87640776253573 0.0 0.0 0.0 0.0 0.0 0.0 0.0
4696 1705.2843017578125 2512.4910888671875 192.50762151314055 0.0 0.0 0.0 0.0 0.0 0.0 0.0
4704 1710.0377197265625 2517.2447509765625 191.78857021243738 0.0 0.0 0.0 0.0 0.0 0.0 0.0
4713 1714.791259765625 2526.7515869140625 192.42773451685463 0.0 0.0 0.0 0.0 0.0 0.0 0.0
4720 1729.0516357421875 2541.0120849609375 190.5093859948145 0.0 0.0 0.0 0.0 0.0 0.0 0.0
4729 1733.80517578125 2545.7655029296875 189.90763604974117 0.0 0.0 0.0 0.0 0.0 0.0 0.0
4736 1738.55859375 2555.2725830078125 190.7171584167965 0.0 0.0 0.0 0.0 0.0 0.0 0.0
4752 1743.3121337890625 2560.0260009765625 190.10314502359083 0.0 0.0 0.0 0.0 0.0 0.0 0.0
5192 1748.0655517578125 2560.0260009765625 188.05867475902522 0.0 0.0 0.0 0.0 0.0 0.0 0.0
5200 1752.819091796875 2555.2725830078125 184.4304788534937 0.0 0.0 0.0 0.0 0.0 0.0 0.0
5208 1752.819091796875 2550.5189208984375 182.6874234571666 0.0 0.0 0.0 0.0 0.0 0.0 0.0
5216 1757.572509765625 2545.7655029296875 179.05116012854373 0.0 0.0 0.0 0.0 0.0 0.0 0.0
5224 1762.3260498046875 2541.0120849609375 175.42746849903358 0.0 0.0 0.0 0.0 0.0 0.0 0.0
5232 1767.0794677734375 2536.2586669921875 171.83064978593535 0.0 0.0 0.0 0.0 0.0 0.0 0.0
5240 1776.58642578125 2526.7515869140625 164.81001787191622 0.0 0.0 0.0 0.0 0.0 0.0 0.0
5248 1786.0933837890625 2521.9981689453125 160.30798804957305 0.0 0.0 0.0 0.0 0.0 0.0 0.0
5256 1795.600341796875 2512.4910888671875 153.79279542186637 0.0 0.0 0.0 0.0 0.0 0.0 0.0
5264 1819.3677978515625 2502.9842529296875 146.29105839674065 0.0 0.0 0.0 0.0 0.0 0.0 0.0
5272 1852.64208984375 2488.7237548828125 137.79698988146777 0.0 0.0 0.0 0.0 0.0 0.0 0.0
5280 1895.4234619140625 2469.7098388671875 129.79113435128411 0.0 0.0 0.0 0.0 0.0 0.0 0.0
5288 1961.97216796875 2450.6959228515625 125.7015971748574 0.0 0.0 0.0 0.0 0.0 0.0 0.0
5300 2009.5069580078125 2422.1751708984375 118.42546758606 0.0 0.0 0.0 0.0 0.0 0.0 0.0
5307 2061.7952880859375 2412.6680908203125 120.64500531799726 0.0 0.0 0.0 0.0 0.0 0.0 0.0
5314 2128.343994140625 2388.9007568359375 118.67689561517358 0.0 0.0 0.0 0.0 0.0 0.0 0.0
5322 2190.13916015625 2360.3797607421875 115.52081561686742 0.0 0.0 0.0 0.0 0.0 0.0 0.0
5333 2237.674072265625 2350.8729248046875 118.2013566606129 0.0 0.0 0.0 0.0 0.0 0.0 0.0
5341 2270.9482421875 2327.1055908203125 113.11720720375536 0.0 0.0 0.0 0.0 0.0 0.0 0.0
5347 2289.962158203125 2312.8450927734375 110.45587890791091 0.0 0.0 0.0 0.0 0.0 0.0 0.0
5352 2304.22265625 2298.5845947265625 107.28342085516624 0.0 0.0 0.0 0.0 0.0 0.0 0.0
5362 2304.22265625 2289.0777587890625 102.94091691303072 0.0 0.0 0.0 0.0 0.0 0.0 0.0
5368 2304.22265625 2274.8172607421875 96.89388106822128 0.0 0.0 0.0 0.0 0.0 0.0 0.0
5376 2304.22265625 2270.0638427734375 94.93732862972598 0.0 0.0 0.0 0.0 0.0 0.0 0.0
5384 2299.46923828125 2255.8033447265625 87.81882200652348 0.0 0.0 0.0 0.0 0.0 0.0 0.0
5392 2294.7158203125 2255.8033447265625 85.86364985945698 0.0 0.0 0.0 0.0 0.0 0.0 0.0
5400 2289.962158203125 2251.0499267578125 82.2627086005013 0.0 0.0 0.0 0.0 0.0 0.0 0.0
5616 2285.208740234375 2251.0499267578125 80.15102490050555 0.0 0.0 0.0 0.0 0.0 0.0 0.0
5624 2280.455322265625 2246.2962646484375 76.61825309452763 0.0 0.0 0.0 0.0 0.0 0.0 0.0
5631 2251.934326171875 2246.2962646484375 61.64409254220584 0.0 0.0 0.0 0.0 0.0 0.0 0.0
5640 2218.66015625 2236.7894287109375 43.52761822665866 0.0 0.0 0.0 0.0 0.0 0.0 0.0
5648 2171.125244140625 2222.5289306640625 22.399398050075035 0.0 0.0 0.0 0.0 0.0 0.0 0.0
5656 2147.35791015625 2208.2684326171875 15.156825490919516 0.0 0.0 0.0 0.0 0.0 0.0 0.0
5664 2128.343994140625 2194.0081787109375 11.018153933960377 0.0 0.0 0.0 0.0 0.0 0.0 0.0
5672 2109.330078125 2174.9942626953125 8.870634148017814 0.0 0.0 0.0 0.0 0.0 0.0 0.0
5680 2085.5626220703125 2170.2406005859375 1.3885959576803089 0.0 0.0 0.0 0.0 0.0 0.0 0.0
5688 2047.5347900390625 2165.4871826171875 351.3420878161458 0.0 0.0 0.0 0.0 0.0 0.0 0.0
5695 2014.260498046875 2165.4871826171875 342.9773183916245 0.0 0.0 0.0 0.0 0.0 0.0 0.0
5704 2000.0 2170.2406005859375 337.6671056261192 0.0 0.0 0.0 0.0 0.0 0.0 0.0
5712 1957.2186279296875 2179.7476806640625 327.6695044618557 0.0 0.0 0.0 0.0 0.0 0.0 0.0
5720 1923.9443359375 2189.2545166015625 320.8275975321675 0.0 0.0 0.0 0.0 0.0 0.0 0.0
5728 1914.4373779296875 2194.0081787109375 318.0218116348419 0.0 0.0 0.0 0.0 0.0 0.0 0.0
5738 1900.1768798828125 2198.7615966796875 315.4422397106804 0.0 0.0 0.0 0.0 0.0 0.0 0.0
5744 1895.4234619140625 2198.7615966796875 315.43954922524574 0.0 0.0 0.0 0.0 0.0 0.0 0.0
5753 1890.669921875 2203.5150146484375 312.9784440790796 0.0 0.0 0.0 0.0 0.0 0.0 0.0
5760 1885.91650390625 2203.5150146484375 313.08145539312653 0.0 0.0 0.0 0.0 0.0 0.0 0.0
5771 1885.91650390625 2208.2684326171875 310.51966692927397 0.0 0.0 0.0 0.0 0.0 0.0 0.0
5792 1881.1629638671875 2213.0220947265625 308.28581279423315 0.0 0.0 0.0 0.0 0.0 0.0 0.0
5800 1881.1629638671875 2217.7755126953125 305.75099780548356 0.0 0.0 0.0 0.0 0.0 0.0 0.0
5808 1876.4095458984375 2227.2823486328125 301.38074560756587 0.0 0.0 0.0 0.0 0.0 0.0 0.0
5816 1876.4095458984375 2241.5428466796875 294.17314352579535 0.0 0.0 0.0 0.0 0.0 0.0 0.0
5824 1876.4095458984375 2255.8033447265625 287.35064746058026 0.0 0.0 0.0 0.0 0.0 0.0 0.0
5832 1876.4095458984375 2270.0638427734375 280.9754491088242 0.0 0.0 0.0 0.0 0.0 0.0 0.0
5840 1876.4095458984375 2279.5706787109375 276.9455212206504 0.0 0.0 0.0 0.0 0.0 0.0 0.0
5848 1876.4095458984375 2293.8311767578125 271.38920393097214 0.0 0.0 0.0 0.0 0.0 0.0 0.0
5856 1876.4095458984375 2303.3380126953125 267.912049905236 0.0 0.0 0.0 0.0 0.0 0.0 0.0
5864 1890.669921875 2317.5985107421875 257.2315411327143 0.0 0.0 0.0 0.0 0.0 0.0 0.0
5880 1900.1768798828125 2327.1055908203125 250.38365615747009 0.0 0.0 0.0 0.0 0.0 0.0 0.0
5888 1919.1907958984375 2346.1195068359375 238.00764536574155 0.0 0.0 0.0 0.0 0.0 0.0 0.0
5896 1928.69775390625 2355.6263427734375 232.27742948240166 0.0 0.0 0.0 0.0 0.0 0.0 0.0
5904 1942.958251953125 2379.3936767578125 224.69784740519117 0.0 0.0 0.0 0.0 0.0 0.0 0.0
5912 1961.97216796875 2388.9007568359375 215.42030237129 0.0 0.0 0.0 0.0 0.0 0.0 0.0
5920 1966.7255859375 2398.4075927734375 213.92214555447913 0.0 0.0 0.0 0.0 0.0 0.0 0.0
5928 1990.4930419921875 2417.4215087890625 205.3397552037498 0.0 0.0 0.0 0.0 0.0 0.0 0.0
5937 2009.5069580078125 2436.4354248046875 200.36414597418474 0.0 0.0 0.0 0.0 0.0 0.0 0.0
5944 2019.013916015625 2450.6959228515625 199.15917477469424 0.0 0.0 0.0 0.0 0.0 0.0 0.0
5953 2023.7674560546875 2455.4493408203125 198.05537548338216 0.0 0.0 0.0 0.0 0.0 0.0 0.0
5960 2038.02783203125 2464.9564208984375 194.1273262901765 0.0 0.0 0.0 0.0 0.0 0.0 0.0
5970 2042.7813720703125 2474.4632568359375 194.5541070644935 0.0 0.0 0.0 0.0 0.0 0.0 0.0
5976 2061.7952880859375 2483.9703369140625 189.27000936407316 0.0 0.0 0.0 0.0 0.0 0.0 0.0
5984 2080.8092041015625 2493.4771728515625 184.80061388963531 0.0 0.0 0.0 0.0 0.0 0.0 0.0
5992 2104.5765380859375 2502.9842529296875 179.53001108974786 0.0 0.0 0.0 0.0 0.0 0.0 0.0
6000 2114.08349609375 2502.9842529296875 176.1697700044048 0.0 0.0 0.0 0.0 0.0 0.0 0.0
6008 2133.097412109375 2512.4910888671875 173.80620261802042 0.0 0.0 0.0 0.0 0.0 0.0 0.0
6016 2147.35791015625 2512.4910888671875 169.47907559839356 0.0 0.0 0.0 0.0 0.0 0.0 0.0
6024 2161.618408203125 2512.4910888671875 165.59552455384465 0.0 0.0 0.0 0.0 0.0 0.0 0.0
6032 2171.125244140625 2512.4910888671875 163.19604368448313 0.0 0.0 0.0 0.0 0.0 0.0 0.0
6040 2175.878662109375 2512.4910888671875 162.04257180685713 0.0 0.0 0.0 0.0 0.0 0.0 0.0
6048 2180.63232421875 2512.4910888671875 160.93367560225397 0.0 0.0 0.0 0.0 0.0 0.0 0.0
6144 2185.3857421875 2512.4910888671875 159.86815472174095 0.0 0.0 0.0 0.0 0.0 0.0 0.0
6184 2190.13916015625 2507.7376708984375 156.5414756447543 0.0 0.0 0.0 0.0 0.0 0.0 0.0
6192 2194.892578125 2502.9842529296875 153.3033056860828 0.0 0.0 0.0 0.0 0.0 0.0 0.0
6216 2199.646240234375 2498.2308349609375 150.16076903105932 0.0 0.0 0.0 0.0 0.0 0.0 0.0
6272 2199.646240234375 2488.7237548828125 145.08716580964654 0.0 0.0 0.0 0.0 0.0 0.0 0.0
6280 2204.399658203125 2483.9703369140625 142.22758101132035 0.0 0.0 0.0 0.0 0.0 0.0 0.0
6288 2213.906494140625 2479.2169189453125 139.30974839157258 0.0 0.0 0.0 0.0 0.0 0.0 0.0
6296 2223.41357421875 2464.9564208984375 131.90414485562442 0.0 0.0 0.0 0.0 0.0 0.0 0.0
6304 2232.92041015625 2450.6959228515625 125.20714959043201 0.0 0.0 0.0 0.0 0.0 0.0 0.0
6312 2247.180908203125 2431.6820068359375 117.72711152425472 0.0 0.0 0.0 0.0 0.0 0.0 0.0
6320 2270.9482421875 2388.9007568359375 104.39232597627426 0.0 0.0 0.0 0.0 0.0 0.0 0.0
6328 2289.962158203125 2341.3658447265625 92.47747667962523 0.0 0.0 0.0 0.0 0.0 0.0 0.0
6336 2313.729736328125 2293.8311767578125 85.6516867015805 0.0 0.0 0.0 0.0 0.0 0.0 0.0
6344 2327.989990234375 2241.5428466796875 77.24417177169875 0.0 0.0 0.0 0.0 0.0 0.0 0.0
6352 2337.4970703125 2194.0081787109375 70.82793311832472 0.0 0.0 0.0 0.0 0.0 0.0 0.0
6360 2361.264404296875 2127.4593505859375 68.509734587649 0.0 0.0 0.0 0.0 0.0 0.0 0.0
6368 2385.03173828125 2046.650146484375 65.52452811932653 0.0 0.0 0.0 0.0 0.0 0.0 0.0
6377 2404.045654296875 1970.594482421875 62.92691426144182 0.0 0.0 0.0 0.0 0.0 0.0 0.0
6384 2413.552734375 1904.0457763671875 59.273468684332784 0.0 0.0 0.0 0.0 0.0 0.0 0.0
6393 2423.0595703125 1866.0179443359375 59.311583354653806 0.0 0.0 0.0 0.0 0.0 0.0 0.0
6400 2442.073486328125 1808.9761962890625 60.941099459913175 0.0 0.0 0.0 0.0 0.0 0.0 0.0
6410 2461.08740234375 1780.455322265625 65.34313859167355 0.0 0.0 0.0 0.0 0.0 0.0 0.0
6416 2465.841064453125 1766.1949462890625 65.15326503306017 0.0 0.0 0.0 0.0 0.0 0.0 0.0
6426 2470.594482421875 1756.68798828125 65.77120429399918 0.0 0.0 0.0 0.0 0.0 0.0 0.0
6432 2475.347900390625 1751.9344482421875 67.20184152100143 0.0 0.0 0.0 0.0 0.0 0.0 0.0
6440 2480.101318359375 1742.427490234375 67.63369973002358 0.0 0.0 0.0 0.0 0.0 0.0 0.0
6448 2484.85498046875 1737.674072265625 68.96126259070303 0.0 0.0 0.0 0.0 0.0 0.0 0.0
6456 2484.85498046875 1728.1671142578125 67.06161806305249 0.0 0.0 0.0 0.0 0.0 0.0 0.0
6464 2484.85498046875 1723.41357421875 66.15007824537457 0.0 0.0 0.0 0.0 0.0 0.0 0.0
6472 2484.85498046875 1718.66015625 65.2753162400582 0.0 0.0 0.0 0.0 0.0 0.0 0.0
6480 2484.85498046875 1713.9066162109375 64.43610381836442 0.0 0.0 0.0 0.0 0.0 0.0 0.0
6487 2484.85498046875 1709.1531982421875 63.631066196613176 0.0 0.0 0.0 0.0 0.0 0.0 0.0
6496 2480.101318359375 1704.399658203125 60.47829580312958 0.0 0.0 0.0 0.0 0.0 0.0 0.0
6503 2470.594482421875 1699.646240234375 54.97288209494923 0.0 0.0 0.0 0.0 0.0 0.0 0.0
6512 2465.841064453125 1699.646240234375 52.42125792099671 0.0 0.0 0.0 0.0 0.0 0.0 0.0
6519 2461.08740234375 1699.646240234375 49.85786202511201 0.0 0.0 0.0 0.0 0.0 0.0 0.0
6704 2461.08740234375 1694.8927001953125 49.66576495922578 0.0 0.0 0.0 0.0 0.0 0.0 0.0
6712 2451.58056640625 1685.3857421875 44.58999494664664 0.0 0.0 0.0 0.0 0.0 0.0 0.0
6719 2423.0595703125 1661.618408203125 32.365727128490676 0.0 0.0 0.0 0.0 0.0 0.0 0.0
6728 2370.771484375 1618.8370361328125 17.837762409566153 0.0 0.0 0.0 0.0 0.0 0.0 0.0
6735 2323.236572265625 1576.0556640625 10.158300756082724 0.0 0.0 0.0 0.0 0.0 0.0 0.0
6744 2285.208740234375 1533.2744140625 7.909917383013465 0.0 0.0 0.0 0.0 0.0 0.0 0.0
6752 2251.934326171875 1495.24658203125 6.709850556377546 0.0 0.0 0.0 0.0 0.0 0.0 0.0
6760 2218.66015625 1466.7257080078125 3.5760167578187634 0.0 0.0 0.0 0.0 0.0 0.0 0.0
6768 2190.13916015625 1452.4652099609375 358.62159594275323 0.0 0.0 0.0 0.0 0.0 0.0 0.0
6776 2180.63232421875 1438.204833984375 0.4310825159665228 0.0 0.0 0.0 0.0 0.0 0.0 0.0
6784 2171.125244140625 1438.204833984375 357.0137873094152 0.0 0.0 0.0 0.0 0.0 0.0 0.0
6792 2156.86474609375 1433.4512939453125 354.1834970090598 0.0 0.0 0.0 0.0 0.0 0.0 0.0
6800 2147.35791015625 1433.4512939453125 351.1754582088415 0.0 0.0 0.0 0.0 0.0 0.0 0.0
6809 2142.6044921875 1438.204833984375 347.62793760122975 0.0 0.0 0.0 0.0 0.0 0.0 0.0
6816 2128.343994140625 1442.958251953125 341.8777367825064 0.0 0.0 0.0 0.0 0.0 0.0 0.0
6825 2123.590576171875 1447.7117919921875 338.50261044284156 0.0 0.0 0.0 0.0 0.0 0.0 0.0
6831 2118.8370361328125 1452.4652099609375 335.21102594148886 0.0 0.0 0.0 0.0 0.0 0.0 0.0
6842 2114.08349609375 1452.4652099609375 334.37437355315717 0.0 0.0 0.0 0.0 0.0 0.0 0.0
6848 2109.330078125 1466.7257080078125 326.2897115848515 0.0 0.0 0.0 0.0 0.0 0.0 0.0
6864 2104.5765380859375 1471.4791259765625 323.3852974284649 0.0 0.0 0.0 0.0 0.0 0.0 0.0
6880 2104.5765380859375 1480.986083984375 318.24431266589573 0.0 0.0 0.0 0.0 0.0 0.0 0.0
6888 2104.5765380859375 1490.4930419921875 313.1009805593927 0.0 0.0 0.0 0.0 0.0 0.0 0.0
6896 2104.5765380859375 1504.7535400390625 305.48253248556415 0.0 0.0 0.0 0.0 0.0 0.0 0.0
6903 2114.08349609375 1519.013916015625 296.4858867721406 0.0 0.0 0.0 0.0 0.0 0.0 0.0
6912 2123.590576171875 1533.2744140625 287.2215357854411 0.0 0.0 0.0 0.0 0.0 0.0 0.0
6920 2152.111328125 1566.5487060546875 263.31016671921793 0.0 0.0 0.0 0.0 0.0 0.0 0.0
6928 2171.125244140625 1590.316162109375 248.63078786362433 0.0 0.0 0.0 0.0 0.0 0.0 0.0
6935 2204.399658203125 1609.330078125 229.5846771083735 0.0 0.0 0.0 0.0 0.0 0.0 0.0
6944 2228.1669921875 1623.590576171875 217.78230594425335 0.0 0.0 0.0 0.0 0.0 0.0 0.0
6952 2247.180908203125 1642.6044921875 210.47220344687724 0.0 0.0 0.0 0.0 0.0 0.0 0.0
6960 2251.934326171875 1647.35791015625 208.74500331456073 0.0 0.0 0.0 0.0 0.0 0.0 0.0
6968 2261.44140625 1656.8648681640625 205.64096201504873 0.0 0.0 0.0 0.0 0.0 0.0 0.0
7040 2266.19482421875 1661.618408203125 204.17423533898756 0.0 0.0 0.0 0.0 0.0 0.0 0.0
7048 2275.701904296875 1671.1253662109375 201.54792264392933 0.0 0.0 0.0 0.0 0.0 0.0 0.0
7055 2280.455322265625 1680.63232421875 201.29877154489435 0.0 0.0 0.0 0.0 0.0 0.0 0.0
7064 2289.962158203125 1690.1392822265625 198.97938177551447 0.0 0.0 0.0 0.0 0.0 0.0 0.0
7071 2294.7158203125 1694.8927001953125 197.8857240798578 0.0 0.0 0.0 0.0 0.0 0.0 0.0
7080 2304.22265625 1709.1531982421875 197.02401829315005 0.0 0.0 0.0 0.0 0.0 0.0 0.0
7368 2304.22265625 1699.646240234375 194.37534034585946 0.0 0.0 0.0 0.0 0.0 0.0 0.0
7375 2304.22265625 1685.3857421875 189.89492254977978 0.0 0.0 0.0 0.0 0.0 0.0 0.0
7384 2308.97607421875 1661.618408203125 178.71277260272825 0.0 0.0 0.0 0.0 0.0 0.0 0.0
7392 2313.729736328125 1647.35791015625 170.9204458524381 0.0 0.0 0.0 0.0 0.0 0.0 0.0
7400 2313.729736328125 1618.8370361328125 156.36606826531568 0.0 0.0 0.0 0.0 0.0 0.0 0.0
7408 2313.729736328125 1599.8231201171875 146.21547025818342 0.0 0.0 0.0 0.0 0.0 0.0 0.0
7416 2313.729736328125 1585.5626220703125 138.49277820854638 0.0 0.0 0.0 0.0 0.0 0.0 0.0
7424 2318.483154296875 1552.288330078125 121.40226145968131 0.0 0.0 0.0 0.0 0.0 0.0 0.0
7431 2318.483154296875 1528.5208740234375 109.73630484208371 0.0 0.0 0.0 0.0 0.0 0.0 0.0
7440 2318.483154296875 1500.0 97.47478376584195 0.0 0.0 0.0 0.0 0.0 0.0 0.0
7448 2318.483154296875 1471.4791259765625 87.14650692736461 0.0 0.0 0.0 0.0 0.0 0.0 0.0
7456 2318.483154296875 1433.4512939453125 76.46732837981745 0.0 0.0 0.0 0.0 0.0 0.0 0.0
7464 2318.483154296875 1395.4234619140625 68.39958802057265 0.0 0.0 0.0 0.0 0.0 0.0 0.0
7473 2313.729736328125 1362.149169921875 61.046075159271595 0.0 0.0 0.0 0.0 0.0 0.0 0.0
7480 2308.97607421875 1343.13525390625 56.53101885124323 0.0 0.0 0.0 0.0 0.0 0.0 0.0
7488 2308.97607421875 1328.874755859375 55.213828053208545 0.0 0.0 0.0 0.0 0.0 0.0 0.0
7496 2308.97607421875 1314.6143798828125 54.051112312149655 0.0 0.0 0.0 0.0 0.0 0.0 0.0
7506 2304.22265625 1309.86083984375 51.23112051011674 0.0 0.0 0.0 0.0 0.0 0.0 0.0
7512 2304.22265625 1305.107421875 50.98024118740477 0.0 0.0 0.0 0.0 0.0 0.0 0.0
7522 2304.22265625 1290.846923828125 50.3165218061979 0.0 0.0 0.0 0.0 0.0 0.0 0.0
7528 2308.97607421875 1281.3399658203125 52.25326017086081 0.0 0.0 0.0 0.0 0.0 0.0 0.0
7538 2308.97607421875 1271.8330078125 51.68828011534475 0.0 0.0 0.0 0.0 0.0 0.0 0.0
7544 2313.729736328125 1262.3260498046875 53.50639318174251 0.0 0.0 0.0 0.0 0.0 0.0 0.0
7552 2313.729736328125 1257.5726318359375 53.15852536509084 0.0 0.0 0.0 0.0 0.0 0.0 0.0
7560 2318.483154296875 1252.819091796875 55.250516690961206 0.0 0.0 0.0 0.0 0.0 0.0 0.0
7567 2318.483154296875 1243.3121337890625 54.440874179990146 0.0 0.0 0.0 0.0 0.0 0.0 0.0
7576 2318.483154296875 1233.80517578125 53.69716021508128 0.0 0.0 0.0 0.0 0.0 0.0 0.0
7592 2318.483154296875 1224.2982177734375 53.0141469982006 0.0 0.0 0.0 0.0 0.0 0.0 0.0
7600 2318.483154296875 1219.5447998046875 52.68719285005176 0.0 0.0 0.0 0.0 0.0 0.0 0.0
7608 2318.483154296875 1214.791259765625 52.37413145855305 0.0 0.0 0.0 0.0 0.0 0.0 0.0
7616 2323.236572265625 1214.791259765625 54.90967484544939 0.0 0.0 0.0 0.0 0.0 0.0 0.0
7624 2323.236572265625 1210.037841796875 54.50218317070204 0.0 0.0 0.0 0.0 0.0 0.0 0.0
7872 2327.989990234375 1200.5308837890625 56.073995321962 0.0 0.0 0.0 0.0 0.0 0.0 0.0
7880 2332.74365234375 1195.77734375 58.01985748366906 0.0 0.0 0.0 0.0 0.0 0.0 0.0
7887 2337.4970703125 1172.010009765625 57.77207172512129 0.0 0.0 0.0 0.0 0.0 0.0 0.0
7896 2347.00390625 1152.99609375 60.126582602945064 0.0 0.0 0.0 0.0 0.0 0.0 0.0
7903 2356.510986328125 1133.982177734375 62.093434631502134 0.0 0.0 0.0 0.0 0.0 0.0 0.0
7912 2361.264404296875 1110.2147216796875 61.08805395365101 0.0 0.0 0.0 0.0 0.0 0.0 0.0
7919 2366.017822265625 1081.69384765625 59.75006105976388 0.0 0.0 0.0 0.0 0.0 0.0 0.0
7928 2366.017822265625 1072.1868896484375 58.576308061106886 0.0 0.0 0.0 0.0 0.0 0.0 0.0
7935 2370.771484375 1057.9264526367188 59.226436060522985 0.0 0.0 0.0 0.0 0.0 0.0 0.0
7944 2375.52490234375 1043.666015625 59.79583223920832 0.0 0.0 0.0 0.0 0.0 0.0 0.0
7952 2375.52490234375 1029.4055786132812 58.09786152710262 0.0 0.0 0.0 0.0 0.0 0.0 0.0
7960 2380.2783203125 1019.8986206054688 59.35093752441611 0.0 0.0 0.0 0.0 0.0 0.0 0.0
7968 2380.2783203125 1010.3916625976562 58.20932720647727 0.0 0.0 0.0 0.0 0.0 0.0 0.0
7977 2385.03173828125 996.1312255859375 58.904857825780596 0.0 0.0 0.0 0.0 0.0 0.0 0.0
7984 2385.03173828125 986.624267578125 57.79920066892896 0.0 0.0 0.0 0.0 0.0 0.0 0.0
7992 2389.785400390625 977.1173095703125 59.07903744316667 0.0 0.0 0.0 0.0 0.0 0.0 0.0
8000 2394.538818359375 962.8568725585938 59.666761609461446 0.0 0.0 0.0 0.0 0.0 0.0 0.0
8009 2399.292236328125 953.3499145507812 60.779581299102574 0.0 0.0 0.0 0.0 0.0 0.0 0.0
8026 2404.045654296875 943.8429565429688 61.792474884785406 0.0 0.0 0.0 0.0 0.0 0.0 0.0
8048 2404.045654296875 934.3359985351562 60.45520679257015 0.0 0.0 0.0 0.0 0.0 0.0 0.0
8057 2408.79931640625 934.3359985351562 62.906995438902754 0.0 0.0 0.0 0.0 0.0 0.0 0.0
8064 2413.552734375 929.58251953125 64.49395526216307 0.0 0.0 0.0 0.0 0.0 0.0 0.0
8071 2423.0595703125 915.3220825195312 66.50940263479009 0.0 0.0 0.0 0.0 0.0 0.0 0.0
8080 2423.0595703125 910.568603515625 65.62010702176133 0.0 0.0 0.0 0.0 0.0 0.0 0.0
8087 2427.813232421875 901.0616455078125 66.19581679928274 0.0 0.0 0.0 0.0 0.0 0.0 0.0
8096 2437.320068359375 901.0616455078125 70.84196504550874 0.0 0.0 0.0 0.0 0.0 0.0 0.0
8103 2437.320068359375 891.5546875 68.79833802327016 0.0 0.0 0.0 0.0 0.0 0.0 0.0
8112 2442.073486328125 891.5546875 71.11417296927397 0.0 0.0 0.0 0.0 0.0 0.0 0.0
8120 2442.073486328125 886.8012084960938 70.0416052968468 0.0 0.0 0.0 0.0 0.0 0.0 0.0
8152 2446.8271484375 886.8012084960938 72.33327607729149 0.0 0.0 0.0 0.0 0.0 0.0 0.0
8160 2451.58056640625 882.0477294921875 73.39506645411791 0.0 0.0 0.0 0.0 0.0 0.0 0.0
8168 2456.333984375 877.2942504882812 74.39592477501594 0.0 0.0 0.0 0.0 0.0 0.0 0.0
8177 2461.08740234375 867.7872924804688 74.17240616571837 0.0 0.0 0.0 0.0 0.0 0.0 0.0
8184 2465.841064453125 863.0338134765625 75.12865735365546 0.0 0.0 0.0 0.0 0.0 0.0 0.0
8192 2470.594482421875 858.2803344726562 76.02943576157975 0.0 0.0 0.0 0.0 0.0 0.0 0.0
8199 2484.85498046875 848.7733764648438 79.5273346858483 0.0 0.0 0.0 0.0 0.0 0.0 0.0
8210 2499.115234375 844.0198974609375 83.95680899003708 0.0 0.0 0.0 0.0 0.0 0.0 0.0
8216 2503.868896484375 839.2664184570312 84.33932829014282 0.0 0.0 0.0 0.0 0.0 0.0 0.0
8226 2508.622314453125 834.5128784179688 84.6990008142734 0.0 0.0 0.0 0.0 0.0 0.0 0.0
8231 2513.375732421875 829.7593994140625 85.03730208853023 0.0 0.0 0.0 0.0 0.0 0.0 0.0
8243 2518.129150390625 829.7593994140625 86.96019117571342 0.0 0.0 0.0 0.0 0.0 0.0 0.0
8248 2522.8828125 820.25244140625 85.6029439391491 0.0 0.0 0.0 0.0 0.0 0.0 0.0
8257 2527.63623046875 815.4989624023438 85.88751818196033 0.0 0.0 0.0 0.0 0.0 0.0 0.0
8264 2537.143310546875 805.9920043945312 86.39290689149226 0.0 0.0 0.0 0.0 0.0 0.0 0.0
8272 2537.143310546875 796.4850463867188 83.23660779792345 0.0 0.0 0.0 0.0 0.0 0.0 0.0
8280 2541.896728515625 796.4850463867188 85.2107611568444 0.0 0.0 0.0 0.0 0.0 0.0 0.0
8288 2551.403564453125 786.9780883789062 85.79201640107846 0.0 0.0 0.0 0.0 0.0 0.0 0.0
8296 2565.6640625 777.4711303710938 87.98752125440456 0.0 0.0 0.0 0.0 0.0 0.0 0.0
8303 2579.924560546875 767.9641723632812 89.88375827744972 0.0 0.0 0.0 0.0 0.0 0.0 0.0
8312 2589.431396484375 767.9641723632812 93.32874244635588 0.0 0.0 0.0 0.0 0.0 0.0 0.0
8320 2598.9384765625 767.9641723632812 96.55329702737112 0.0 0.0 0.0 0.0 0.0 0.0 0.0
8328 2613.198974609375 758.4572143554688 97.26770265890383 0.0 0.0 0.0 0.0 0.0 0.0 0.0
8336 2627.459228515625 753.7037353515625 99.68036707857078 0.0 0.0 0.0 0.0 0.0 0.0 0.0
8352 2636.96630859375 748.9502563476562 100.51039256680633 0.0 0.0 0.0 0.0 0.0 0.0 0.0
8368 2641.7197265625 748.9502563476562 101.92729858504663 0.0 0.0 0.0 0.0 0.0 0.0 0.0
8384 2646.47314453125 748.9502563476562 103.29271502776999 0.0 0.0 0.0 0.0 0.0 0.0 0.0
8393 2651.226806640625 744.19677734375 102.52777581255117 0.0 0.0 0.0 0.0 0.0 0.0 0.0
8399 2655.980224609375 744.19677734375 103.87108855878051 0.0 0.0 0.0 0.0 0.0 0.0 0.0
8409 2665.487060546875 744.19677734375 106.36509591770715 0.0 0.0 0.0 0.0 0.0 0.0 0.0
8416 2679.74755859375 739.4432983398438 107.67444742041633 0.0 0.0 0.0 0.0 0.0 0.0 0.0
8426 2684.5009765625 734.6898193359375 106.65560731808247 0.0 0.0 0.0 0.0 0.0 0.0 0.0
8431 2698.761474609375 734.6898193359375 109.96636698111243 0.0 0.0 0.0 0.0 0.0 0.0 0.0
8448 2703.514892578125 734.6898193359375 111.02626316176773 0.0 0.0 0.0 0.0 0.0 0.0 0.0
8457 2717.775390625 734.6898193359375 113.85621550168844 0.0 0.0 0.0 0.0 0.0 0.0 0.0
8464 2722.52880859375 734.6898193359375 114.7613019191678 0.0 0.0 0.0 0.0 0.0 0.0 0.0
8480 2732.035888671875 734.6898193359375 116.43072918808332 0.0 0.0 0.0 0.0 0.0 0.0 0.0
8487 2736.789306640625 729.9363403320312 114.9207581064777 0.0 0.0 0.0 0.0 0.0 0.0 0.0
8496 2741.542724609375 729.9363403320312 115.78279951012081 0.0 0.0 0.0 0.0 0.0 0.0 0.0
8503 2755.80322265625 729.9363403320312 118.07663975749725 0.0 0.0 0.0 0.0 0.0 0.0 0.0
8512 2765.310302734375 725.182861328125 117.23492788484913 0.0 0.0 0.0 0.0 0.0 0.0 0.0
8520 2770.063720703125 720.4293823242188 115.68122293088726 0.0 0.0 0.0 0.0 0.0 0.0 0.0
8528 2779.570556640625 720.4293823242188 117.27844847445388 0.0 0.0 0.0 0.0 0.0 0.0 0.0
8535 2793.8310546875 720.4293823242188 119.4013634020366 0.0 0.0 0.0 0.0 0.0 0.0 0.0
8544 2808.091552734375 720.4293823242188 121.27999016613535 0.0 0.0 0.0 0.0 0.0 0.0 0.0
8552 2822.35205078125 720.4293823242188 122.94093630043272 0.0 0.0 0.0 0.0 0.0 0.0 0.0
8560 2836.6123046875 720.4293823242188 124.40840712466189 0.0 0.0 0.0 0.0 0.0 0.0 0.0
8568 2846.119384765625 720.4293823242188 125.30739534618692 0.0 0.0 0.0 0.0 0.0 0.0 0.0
8577 2865.13330078125 720.4293823242188 126.8349499147181 0.0 0.0 0.0 0.0 0.0 0.0 0.0
8584 2879.393798828125 720.4293823242188 127.84584604427741 0.0 0.0 0.0 0.0 0.0 0.0 0.0
8594 2893.654052734375 715.6759033203125 126.4968206368348 0.0 0.0 0.0 0.0 0.0 0.0 0.0
8599 2907.91455078125 715.6759033203125 127.54749609270692 0.0 0.0 0.0 0.0 0.0 0.0 0.0
8610 2922.175048828125 710.9224243164062 126.2350844266721 0.0 0.0 0.0 0.0 0.0 0.0 0.0
8616 2931.681884765625 710.9224243164062 126.98541796095998 0.0 0.0 0.0 0.0 0.0 0.0 0.0
8632 2936.435546875 710.9224243164062 127.34464721994132 0.0 0.0 0.0 0.0 0.0 0.0 0.0
8960 2941.18896484375 715.6759033203125 130.13993418172998 0.0 0.0 0.0 0.0 0.0 0.0 0.0
8968 2950.69580078125 725.182861328125 135.2948661972353 0.0 0.0 0.0 0.0 0.0 0.0 0.0
8975 2964.956298828125 739.4432983398438 142.07031612010618 0.0 0.0 0.0 0.0 0.0 0.0 0.0
8984 2983.97021484375 748.9502563476562 145.35397631629775 0.0 0.0 0.0 0.0 0.0 0.0 0.0
8992 2993.477294921875 763.210693359375 151.36208436342037 0.0 0.0 0.0 0.0 0.0 0.0 0.0
9000 3002.984130859375 763.210693359375 150.05926455020975 0.0 0.0 0.0 0.0 0.0 0.0 0.0
9008 3012.4912109375 777.4711303710938 155.5347390593459 0.0 0.0 0.0 0.0 0.0 0.0 0.0
9016 3017.24462890625 782.224609375 156.97849792903435 0.0 0.0 0.0 0.0 0.0 0.0 0.0
9024 3021.998046875 791.7315673828125 160.54071200916349 0.0 0.0 0.0 0.0 0.0 0.0 0.0
9032 3031.505126953125 791.7315673828125 158.5200378873518 0.0 0.0 0.0 0.0 0.0 0.0 0.0
9040 3036.258544921875 801.238525390625 161.968501696264 0.0 0.0 0.0 0.0 0.0 0.0 0.0
9048 3041.011962890625 805.9920043945312 163.05118958601759 0.0 0.0 0.0 0.0 0.0 0.0 0.0
9056 3050.51904296875 815.4989624023438 164.9816828049929 0.0 0.0 0.0 0.0 0.0 0.0 0.0
9064 3064.779541015625 820.25244140625 163.59999358808716 0.0 0.0 0.0 0.0 0.0 0.0 0.0
9072 3069.532958984375 834.5128784179688 168.64392708780233 0.0 0.0 0.0 0.0 0.0 0.0 0.0
9081 3074.286376953125 834.5128784179688 167.28532551223475 0.0 0.0 0.0 0.0 0.0 0.0 0.0
9088 3079.039794921875 848.7733764648438 171.9515094657495 0.0 0.0 0.0 0.0 0.0 0.0 0.0
9097 3088.546875 863.0338134765625 174.66551736673622 0.0 0.0 0.0 0.0 0.0 0.0 0.0
9104 3088.546875 867.7872924804688 176.59914203181643 0.0 0.0 0.0 0.0 0.0 0.0 0.0
9115 3088.546875 877.2942504882812 180.24496079676433 0.0 0.0 0.0 0.0 0.0 0.0 0.0
9120 3088.546875 882.0477294921875 182.0101661801066 0.0 0.0 0.0 0.0 0.0 0.0 0.0
9136 3088.546875 891.5546875 185.3202410463976 0.0 0.0 0.0 0.0 0.0 0.0 0.0
9145 3088.546875 901.0616455078125 188.41286596005267 0.0 0.0 0.0 0.0 0.0 0.0 0.0
9152 3088.546875 905.8151245117188 189.9046862688328 0.0 0.0 0.0 0.0 0.0 0.0 0.0
9160 3093.30029296875 915.3220825195312 190.7144089147724 0.0 0.0 0.0 0.0 0.0 0.0 0.0
9176 3093.30029296875 929.58251953125 194.65675448706182 0.0 0.0 0.0 0.0 0.0 0.0 0.0
9184 3098.0537109375 939.0894775390625 195.03550502773746 0.0 0.0 0.0 0.0 0.0 0.0 0.0
9192 3098.0537109375 943.8429565429688 196.2853351596812 0.0 0.0 0.0 0.0 0.0 0.0 0.0
9200 3098.0537109375 958.1033935546875 199.63615640768043 0.0 0.0 0.0 0.0 0.0 0.0 0.0
9208 3098.0537109375 962.8568725585938 200.70896239717797 0.0 0.0 0.0 0.0 0.0 0.0 0.0
9224 3098.0537109375 972.3638305664062 202.69196176457774 0.0 0.0 0.0 0.0 0.0 0.0 0.0
9232 3102.807373046875 986.624267578125 203.2197998231527 0.0 0.0 0.0 0.0 0.0 0.0 0.0
9240 3102.807373046875 991.3777465820312 204.15049134681536 0.0 0.0 0.0 0.0 0.0 0.0 0.0
9248 3102.807373046875 996.1312255859375 205.04373427931196 0.0 0.0 0.0 0.0 0.0 0.0 0.0
9265 3102.807373046875 1000.8847045898438 205.90078926892625 0.0 0.0 0.0 0.0 0.0 0.0 0.0
9272 3107.560791015625 1005.63818359375 204.41977855649895 0.0 0.0 0.0 0.0 0.0 0.0 0.0
9281 3107.560791015625 1010.3916625976562 205.3021179285427 0.0 0.0 0.0 0.0 0.0 0.0 0.0
9336 3107.560791015625 1015.1451416015625 206.14869386894733 0.0 0.0 0.0 0.0 0.0 0.0 0.0
9432 3107.560791015625 1024.652099609375 207.70912272590067 0.0 0.0 0.0 0.0 0.0 0.0 0.0
9439 3107.560791015625 1043.666015625 210.3721132374647 0.0 0.0 0.0 0.0 0.0 0.0 0.0
9448 3102.807373046875 1057.9264526367188 214.3706556150072 0.0 0.0 0.0 0.0 0.0 0.0 0.0
9456 3098.0537109375 1076.9403686523438 218.20715770746978 0.0 0.0 0.0 0.0 0.0 0.0 0.0
9464 3093.30029296875 1105.4613037109375 221.75041436877572 0.0 0.0 0.0 0.0 0.0 0.0 0.0
9472 3093.30029296875 1119.7216796875 222.1805267920795 0.0 0.0 0.0 0.0 0.0 0.0 0.0
9480 3093.30029296875 1157.74951171875 223.02499656617206 0.0 0.0 0.0 0.0 0.0 0.0 0.0
9488 3093.30029296875 1172.010009765625 223.304073113337 0.0 0.0 0.0 0.0 0.0 0.0 0.0
9496 3088.546875 1191.02392578125 225.79949335470963 0.0 0.0 0.0 0.0 0.0 0.0 0.0
9504 3088.546875 1210.037841796875 225.73547335889532 0.0 0.0 0.0 0.0 0.0 0.0 0.0
9512 3069.532958984375 1252.819091796875 232.91322806534103 0.0 0.0 0.0 0.0 0.0 0.0 0.0
9520 3064.779541015625 1257.5726318359375 235.01725516162486 0.0 0.0 0.0 0.0 0.0 0.0 0.0
9528 3045.765625 1286.093505859375 240.82846209446546 0.0 0.0 0.0 0.0 0.0 0.0 0.0
9537 3026.75146484375 1309.86083984375 245.9462154491708 0.0 0.0 0.0 0.0 0.0 0.0 0.0
9544 3007.737548828125 1333.6282958984375 249.95432615024203 0.0 0.0 0.0 0.0 0.0 0.0 0.0
9553 2988.7236328125 1362.149169921875 252.17839213947659 0.0 0.0 0.0 0.0 0.0 0.0 0.0
9560 2969.709716796875 1371.6561279296875 258.0654422654054 0.0 0.0 0.0 0.0 0.0 0.0 0.0
9570 2945.9423828125 1390.6700439453125 262.19599399497133 0.0 0.0 0.0 0.0 0.0 0.0 0.0
9576 2931.681884765625 1400.177001953125 264.8772147536421 0.0 0.0 0.0 0.0 0.0 0.0 0.0
9587 2912.66796875 1423.9443359375 264.69012517172564 0.0 0.0 0.0 0.0 0.0 0.0 0.0
9592 2907.91455078125 1433.4512939453125 263.53516710423526 0.0 0.0 0.0 0.0 0.0 0.0 0.0
9603 2888.900634765625 1452.4652099609375 264.9187599930683 0.0 0.0 0.0 0.0 0.0 0.0 0.0
9608 2888.900634765625 1457.21875 263.3375632779281 0.0 0.0 0.0 0.0 0.0 0.0 0.0
9616 2879.393798828125 1466.7257080078125 264.12892485178475 0.0 0.0 0.0 0.0 0.0 0.0 0.0
9624 2869.88671875 1485.7396240234375 262.101414318951 0.0 0.0 0.0 0.0 0.0 0.0 0.0
9631 2860.3798828125 1500.0 261.67927341114165 0.0 0.0 0.0 0.0 0.0 0.0 0.0
9640 2836.6123046875 1519.013916015625 265.0186549634499 0.0 0.0 0.0 0.0 0.0 0.0 0.0
9648 2817.598388671875 1538.02783203125 266.10274545191527 0.0 0.0 0.0 0.0 0.0 0.0 0.0
9656 2803.338134765625 1547.5347900390625 268.25591062971364 0.0 0.0 0.0 0.0 0.0 0.0 0.0
9664 2784.32421875 1576.0556640625 266.0141398773251 0.0 0.0 0.0 0.0 0.0 0.0 0.0
9672 2770.063720703125 1580.8092041015625 269.73323335564817 0.0 0.0 0.0 0.0 0.0 0.0 0.0
9680 2760.556640625 1585.5626220703125 271.4488633527003 0.0 0.0 0.0 0.0 0.0 0.0 0.0
9688 2755.80322265625 1595.069580078125 269.69619877924026 0.0 0.0 0.0 0.0 0.0 0.0 0.0
9696 2751.0498046875 1595.069580078125 271.4786700654651 0.0 0.0 0.0 0.0 0.0 0.0 0.0
9704 2746.29638671875 1604.5765380859375 269.723426078328 0.0 0.0 0.0 0.0 0.0 0.0 0.0
9712 2736.789306640625 1614.0836181640625 269.7972282178152 0.0 0.0 0.0 0.0 0.0 0.0 0.0
9720 2732.035888671875 1618.8370361328125 269.83188852042036 0.0 0.0 0.0 0.0 0.0 0.0 0.0
9728 2722.52880859375 1628.343994140625 269.8935278712528 0.0 0.0 0.0 0.0 0.0 0.0 0.0
9736 2717.775390625 1628.343994140625 271.6698175376923 0.0 0.0 0.0 0.0 0.0 0.0 0.0
9744 2708.2685546875 1633.0975341796875 273.2153009099366 0.0 0.0 0.0 0.0 0.0 0.0 0.0
9752 2694.008056640625 1642.6044921875 274.3923463298527 0.0 0.0 0.0 0.0 0.0 0.0 0.0
9760 2689.254638671875 1642.6044921875 276.0224511041723 0.0 0.0 0.0 0.0 0.0 0.0 0.0
9769 2684.5009765625 1652.1114501953125 273.8754098231127 0.0 0.0 0.0 0.0 0.0 0.0 0.0
9776 2679.74755859375 1656.8648681640625 273.6668982703973 0.0 0.0 0.0 0.0 0.0 0.0 0.0
9787 2674.994140625 1666.371826171875 271.7217851249302 0.0 0.0 0.0 0.0 0.0 0.0 0.0
9791 2665.487060546875 1675.8787841796875 271.5705860074305 0.0 0.0 0.0 0.0 0.0 0.0 0.0
9802 2655.980224609375 1694.8927001953125 268.32668956800023 0.0 0.0 0.0 0.0 0.0 0.0 0.0
9808 2655.980224609375 1718.66015625 260.84833047150937 0.0 0.0 0.0 0.0 0.0 0.0 0.0
9816 2651.226806640625 1732.9205322265625 258.7525613703642 0.0 0.0 0.0 0.0 0.0 0.0 0.0
9824 2651.226806640625 1747.1810302734375 254.94504418610416 0.0 0.0 0.0 0.0 0.0 0.0 0.0
9832 2651.226806640625 1775.701904296875 248.8027754746463 0.0 0.0 0.0 0.0 0.0 0.0 0.0
9840 2651.226806640625 1794.7158203125 245.29788840453205 0.0 0.0 0.0 0.0 0.0 0.0 0.0
9848 2655.980224609375 1808.9761962890625 240.76874746878 0.0 0.0 0.0 0.0 0.0 0.0 0.0
9856 2665.487060546875 1818.483154296875 234.8424782197385 0.0 0.0 0.0 0.0 0.0 0.0 0.0
9864 2665.487060546875 1823.2366943359375 234.4378336810853 0.0 0.0 0.0 0.0 0.0 0.0 0.0
9872 2670.24072265625 1823.2366943359375 231.88316654257466 0.0 0.0 0.0 0.0 0.0 0.0 0.0
9984 2674.994140625 1823.2366943359375 229.3182168126938 0.0 0.0 0.0 0.0 0.0 0.0 0.0
9991 2694.008056640625 1823.2366943359375 219.0450909881944 0.0 0.0 0.0 0.0 0.0 0.0 0.0
10000 2717.775390625 1818.483154296875 205.95699167044575 0.0 0.0 0.0 0.0 0.0 0.0 0.0
10008 2770.063720703125 1808.9761962890625 181.31375735094284 0.0 0.0 0.0 0.0 0.0 0.0 0.0
10016 2808.091552734375 1794.7158203125 164.3596039257218 0.0 0.0 0.0 0.0 0.0 0.0 0.0
10024 2850.872802734375 1789.9622802734375 154.35592244260192 0.0 0.0 0.0 0.0 0.0 0.0 0.0
10032 2884.147216796875 1785.2088623046875 147.92521314520985 0.0 0.0 0.0 0.0 0.0 0.0 0.0
10040 2898.40771484375 1780.455322265625 144.20022701279606 0.0 0.0 0.0 0.0 0.0 0.0 0.0
10048 2931.681884765625 1770.9483642578125 138.1765488234037 0.0 0.0 0.0 0.0 0.0 0.0 0.0
10056 2969.709716796875 1756.68798828125 131.76413600888907 0.0 0.0 0.0 0.0 0.0 0.0 0.0
10064 3007.737548828125 1732.9205322265625 123.42207684854449 0.0 0.0 0.0 0.0 0.0 0.0 0.0
10072 3045.765625 1713.9066162109375 119.2529578741275 0.0 0.0 0.0 0.0 0.0 0.0 0.0
10080 3069.532958984375 1685.3857421875 110.60351583939513 0.0 0.0 0.0 0.0 0.0 0.0 0.0
10089 3079.039794921875 1666.371826171875 104.41959573136441 0.0 0.0 0.0 0.0 0.0 0.0 0.0
10096 3083.79345703125 1652.1114501953125 99.65502484191944 0.0 0.0 0.0 0.0 0.0 0.0 0.0
10105 3088.546875 1642.6044921875 97.20190738541936 0.0 0.0 0.0 0.0 0.0 0.0 0.0
10112 3088.546875 1628.343994140625 91.62358467680838 0.0 0.0 0.0 0.0 0.0 0.0 0.0
10122 3079.039794921875 1618.8370361328125 84.37436374105414 0.0 0.0 0.0 0.0 0.0 0.0 0.0
10128 3069.532958984375 1614.0836181640625 78.65709044804885 0.0 0.0 0.0 0.0 0.0 0.0 0.0
10138 3050.51904296875 1609.330078125 68.12268705881485 0.0 0.0 0.0 0.0 0.0 0.0 0.0
10143 3036.258544921875 1599.8231201171875 59.36411768547373 0.0 0.0 0.0 0.0 0.0 0.0 0.0
10152 3026.75146484375 1595.069580078125 53.89143602265335 0.0 0.0 0.0 0.0 0.0 0.0 0.0
10160 3012.4912109375 1590.316162109375 46.124304584257345 0.0 0.0 0.0 0.0 0.0 0.0 0.0
10169 3002.984130859375 1580.8092041015625 41.351869788513284 0.0 0.0 0.0 0.0 0.0 0.0 0.0
10177 2983.97021484375 1576.0556640625 31.90966354514171 0.0 0.0 0.0 0.0 0.0 0.0 0.0
10183 2974.46337890625 1576.0556640625 27.024841286947094 0.0 0.0 0.0 0.0 0.0 0.0 0.0
10192 2960.202880859375 1576.0556640625 20.0386293374537 0.0 0.0 0.0 0.0 0.0 0.0 0.0
10199 2936.435546875 1576.0556640625 9.559672093727329 0.0 0.0 0.0 0.0 0.0 0.0 0.0
10208 2903.1611328125 1576.0556640625 357.4204750028901 0.0 0.0 0.0 0.0 0.0 0.0 0.0
10216 2879.393798828125 1576.0556640625 350.08363033103615 0.0 0.0 0.0 0.0 0.0 0.0 0.0
10224 2850.872802734375 1576.0556640625 342.9315636729358 0.0 0.0 0.0 0.0 0.0 0.0 0.0
10231 2822.35205078125 1585.5626220703125 333.2587110598074 0.0 0.0 0.0 0.0 0.0 0.0 0.0
10240 2798.58447265625 1595.069580078125 325.84796399584803 0.0 0.0 0.0 0.0 0.0 0.0 0.0
10248 2779.570556640625 1604.5765380859375 319.9020382767094 0.0 0.0 0.0 0.0 0.0 0.0 0.0
10256 2774.817138671875 1609.330078125 317.2483584361291 0.0 0.0 0.0 0.0 0.0 0.0 0.0
10264 2765.310302734375 1618.8370361328125 312.37813962228404 0.0 0.0 0.0 0.0 0.0 0.0 0.0
10272 2746.29638671875 1633.0975341796875 306.3627110129862 0.0 0.0 0.0 0.0 0.0 0.0 0.0
10281 2727.282470703125 1652.1114501953125 299.3110407675011 0.0 0.0 0.0 0.0 0.0 0.0 0.0
10289 2713.02197265625 1666.371826171875 294.7982740068236 0.0 0.0 0.0 0.0 0.0 0.0 0.0
10296 2694.008056640625 1694.8927001953125 286.2891733892378 0.0 0.0 0.0 0.0 0.0 0.0 0.0
10304 2679.74755859375 1728.1671142578125 276.94690883703595 0.0 0.0 0.0 0.0 0.0 0.0 0.0
10312 2651.226806640625 1766.1949462890625 272.40836020898166 0.0 0.0 0.0 0.0 0.0 0.0 0.0
10322 2641.7197265625 1808.9761962890625 262.49822446088785 0.0 0.0 0.0 0.0 0.0 0.0 0.0
10328 2627.459228515625 1856.510986328125 256.0192946013755 0.0 0.0 0.0 0.0 0.0 0.0 0.0
10336 2622.705810546875 1894.538818359375 249.83447544066578 0.0 0.0 0.0 0.0 0.0 0.0 0.0
10344 2617.952392578125 1927.813232421875 245.92397402593235 0.0 0.0 0.0 0.0 0.0 0.0 0.0
10355 2608.4453125 1951.58056640625 246.16847846648824 0.0 0.0 0.0 0.0 0.0 0.0 0.0
10359 2608.4453125 1975.3480224609375 242.4031255127511 0.0 0.0 0.0 0.0 0.0 0.0 0.0
10368 2608.4453125 1989.6083984375 240.40381058286982 0.0 0.0 0.0 0.0 0.0 0.0 0.0
10376 2608.4453125 2008.622314453125 238.13345007920375 0.0 0.0 0.0 0.0 0.0 0.0 0.0
10384 2608.4453125 2027.63623046875 236.2024328581563 0.0 0.0 0.0 0.0 0.0 0.0 0.0
10392 2608.4453125 2032.3897705078125 235.7401098984442 0.0 0.0 0.0 0.0 0.0 0.0 0.0
10400 2613.198974609375 2051.4036865234375 231.99899651401392 0.0 0.0 0.0 0.0 0.0 0.0 0.0
10408 2622.705810546875 2065.6640625 226.67743783827478 0.0 0.0 0.0 0.0 0.0 0.0 0.0
10416 2627.459228515625 2084.677978515625 224.3004841990193 0.0 0.0 0.0 0.0 0.0 0.0 0.0
10424 2632.212890625 2094.1849365234375 222.03384809530138 0.0 0.0 0.0 0.0 0.0 0.0 0.0
10432 2636.96630859375 2103.69189453125 219.96014787616915 0.0 0.0 0.0 0.0 0.0 0.0 0.0
10440 2641.7197265625 2117.952392578125 218.35220953553113 0.0 0.0 0.0 0.0 0.0 0.0 0.0
10448 2646.47314453125 2132.2127685546875 216.94107208651312 0.0 0.0 0.0 0.0 0.0 0.0 0.0
10456 2651.226806640625 2151.2266845703125 216.06793364872848 0.0 0.0 0.0 0.0 0.0 0.0 0.0
10464 2651.226806640625 2160.7337646484375 216.83195002506375 0.0 0.0 0.0 0.0 0.0 0.0 0.0
10472 2651.226806640625 2165.4871826171875 217.1976680174463 0.0 0.0 0.0 0.0 0.0 0.0 0.0
10480 2655.980224609375 2170.2406005859375 215.12552805214023 0.0 0.0 0.0 0.0 0.0 0.0 0.0
10489 2655.980224609375 2174.9942626953125 215.56372901543278 0.0 0.0 0.0 0.0 0.0 0.0 0.0
10504 2660.733642578125 2179.7476806640625 213.5732739259539 0.0 0.0 0.0 0.0 0.0 0.0 0.0
10512 2660.733642578125 2184.5010986328125 214.07691649385202 0.0 0.0 0.0 0.0 0.0 0.0 0.0
10528 2665.487060546875 2189.2545166015625 212.16202843087115 0.0 0.0 0.0 0.0 0.0 0.0 0.0
10536 2670.24072265625 2189.2545166015625 209.68672529190405 0.0 0.0 0.0 0.0 0.0 0.0 0.0
10560 2674.994140625 2194.0081787109375 208.00128183510327 0.0 0.0 0.0 0.0 0.0 0.0 0.0
10752 2674.994140625 2198.7615966796875 208.7374160580868 0.0 0.0 0.0 0.0 0.0 0.0 0.0
10776 2679.74755859375 2203.5150146484375 207.10263962794517 0.0 0.0 0.0 0.0 0.0 0.0 0.0
10784 2684.5009765625 2208.2684326171875 205.55612341592573 0.0 0.0 0.0 0.0 0.0 0.0 0.0
10792 2703.514892578125 2222.5289306640625 199.63437124027732 0.0 0.0 0.0 0.0 0.0 0.0 0.0
10799 2722.52880859375 2236.7894287109375 194.71694528119485 0.0 0.0 0.0 0.0 0.0 0.0 0.0
10808 2732.035888671875 2260.5567626953125 196.43747656581036 0.0 0.0 0.0 0.0 0.0 0.0 0.0
10816 2751.0498046875 2279.5706787109375 193.20741115477966 0.0 0.0 0.0 0.0 0.0 0.0 0.0
10824 2774.817138671875 2293.8311767578125 187.73297734660272 0.0 0.0 0.0 0.0 0.0 0.0 0.0
10831 2793.8310546875 2317.5985107421875 187.50666443540462 0.0 0.0 0.0 0.0 0.0 0.0 0.0
10840 2808.091552734375 2327.1055908203125 184.96727371588025 0.0 0.0 0.0 0.0 0.0 0.0 0.0
10848 2817.598388671875 2336.6124267578125 184.4510338432265 0.0 0.0 0.0 0.0 0.0 0.0 0.0
10857 2822.35205078125 2341.3658447265625 184.2081792019249 0.0 0.0 0.0 0.0 0.0 0.0 0.0
10863 2827.10546875 2341.3658447265625 182.32957806358635 0.0 0.0 0.0 0.0 0.0 0.0 0.0
11080 2827.10546875 2331.8590087890625 178.57984087610592 0.0 0.0 0.0 0.0 0.0 0.0 0.0
11087 2831.85888671875 2322.3519287109375 172.92869048450277 0.0 0.0 0.0 0.0 0.0 0.0 0.0
11095 2831.85888671875 2298.5845947265625 161.28951799173194 0.0 0.0 0.0 0.0 0.0 0.0 0.0
11104 2836.6123046875 2279.5706787109375 150.6332866136231 0.0 0.0 0.0 0.0 0.0 0.0 0.0
11112 2841.365966796875 2265.3101806640625 142.63375406823093 0.0 0.0 0.0 0.0 0.0 0.0 0.0
11120 2846.119384765625 2241.5428466796875 129.9789029516602 0.0 0.0 0.0 0.0 0.0 0.0 0.0
11127 2860.3798828125 2213.0220947265625 117.55985470640167 0.0 0.0 0.0 0.0 0.0 0.0 0.0
11136 2865.13330078125 2198.7615966796875 111.53505872780494 0.0 0.0 0.0 0.0 0.0 0.0 0.0
11143 2865.13330078125 2184.5010986328125 104.87648884383918 0.0 0.0 0.0 0.0 0.0 0.0 0.0
11152 2869.88671875 2174.9942626953125 101.99705285885051 0.0 0.0 0.0 0.0 0.0 0.0 0.0
11160 2869.88671875 2165.4871826171875 97.91349692962058 0.0 0.0 0.0 0.0 0.0 0.0 0.0
11168 2869.88671875 2155.9803466796875 94.05045995704205 0.0 0.0 0.0 0.0 0.0 0.0 0.0
11184 2855.626220703125 2151.2266845703125 86.53155071263905 0.0 0.0 0.0 0.0 0.0 0.0 0.0
11191 2850.872802734375 2151.2266845703125 84.53816952792232 0.0 0.0 0.0 0.0 0.0 0.0 0.0
11200 2850.872802734375 2146.4732666015625 82.97009631099894 0.0 0.0 0.0 0.0 0.0 0.0 0.0
11207 2850.872802734375 2136.9664306640625 80.04501097335287 0.0 0.0 0.0 0.0 0.0 0.0 0.0
11217 2850.872802734375 2132.2127685546875 78.63538535684597 0.0 0.0 0.0 0.0 0.0 0.0 0.0
11223 2855.626220703125 2127.4593505859375 79.33189171563333 0.0 0.0 0.0 0.0 0.0 0.0 0.0
11231 2855.626220703125 2117.952392578125 76.66161856691616 0.0 0.0 0.0 0.0 0.0 0.0 0.0
11240 2860.3798828125 2113.1988525390625 77.47350976198555 0.0 0.0 0.0 0.0 0.0 0.0 0.0
11250 2860.3798828125 2103.69189453125 74.93689741475816 0.0 0.0 0.0 0.0 0.0 0.0 0.0
11256 2865.13330078125 2098.9384765625 75.84881422349952 0.0 0.0 0.0 0.0 0.0 0.0 0.0
11264 2860.3798828125 2094.1849365234375 72.38959398334902 0.0 0.0 0.0 0.0 0.0 0.0 0.0
11272 2850.872802734375 2089.4315185546875 66.65722066185123 0.0 0.0 0.0 0.0 0.0 0.0 0.0
11280 2841.365966796875 2089.4315185546875 61.71830355396867 0.0 0.0 0.0 0.0 0.0 0.0 0.0
11288 2822.35205078125 2089.4315185546875 51.439735027343545 0.0 0.0 0.0 0.0 0.0 0.0 0.0
11296 2793.8310546875 2089.4315185546875 36.037937066476104 0.0 0.0 0.0 0.0 0.0 0.0 0.0
11303 2779.570556640625 2089.4315185546875 28.633614514008457 0.0 0.0 0.0 0.0 0.0 0.0 0.0
11312 2755.80322265625 2094.1849365234375 16.06896799723995 0.0 0.0 0.0 0.0 0.0 0.0 0.0
11320 2732.035888671875 2103.69189453125 2.9979950674349993 0.0 0.0 0.0 0.0 0.0 0.0 0.0
11328 2717.775390625 2108.4454345703125 356.00898751531963 0.0 0.0 0.0 0.0 0.0 0.0 0.0
11336 2698.761474609375 2117.952392578125 346.2723390135905 0.0 0.0 0.0 0.0 0.0 0.0 0.0
11343 2684.5009765625 2122.7059326171875 340.6474493331623 0.0 0.0 0.0 0.0 0.0 0.0 0.0
11352 2674.994140625 2127.4593505859375 336.40044655045506 0.0 0.0 0.0 0.0 0.0 0.0 0.0
11360 2660.733642578125 2136.9664306640625 329.5157392023333 0.0 0.0 0.0 0.0 0.0 0.0 0.0
11368 2646.47314453125 2151.2266845703125 321.05010245127085 0.0 0.0 0.0 0.0 0.0 0.0 0.0
11376 2622.705810546875 2170.2406005859375 311.59646707740535 0.0 0.0 0.0 0.0 0.0 0.0 0.0
11384 2608.4453125 2189.2545166015625 303.15130513669595 0.0 0.0 0.0 0.0 0.0 0.0 0.0
11391 2594.18505859375 2198.7615966796875 300.20664663178934 0.0 0.0 0.0 0.0 0.0 0.0 0.0
11401 2584.677978515625 2217.7755126953125 292.6834771157148 0.0 0.0 0.0 0.0 0.0 0.0 0.0
11408 2565.6640625 2232.0360107421875 290.10026949818223 0.0 0.0 0.0 0.0 0.0 0.0 0.0
11418 2546.650146484375 2255.8033447265625 284.3719758847963 0.0 0.0 0.0 0.0 0.0 0.0 0.0
11423 2537.143310546875 2274.8172607421875 279.115483816553 0.0 0.0 0.0 0.0 0.0 0.0 0.0
11434 2518.129150390625 2298.5845947265625 275.76801396882485 0.0 0.0 0.0 0.0 0.0 0.0 0.0
11439 2513.375732421875 2312.8450927734375 271.934199675075 0.0 0.0 0.0 0.0 0.0 0.0 0.0
11451 2508.622314453125 2331.8590087890625 267.0179653992178 0.0 0.0 0.0 0.0 0.0 0.0 0.0
11455 2503.868896484375 2360.3797607421875 260.2854568081911 0.0 0.0 0.0 0.0 0.0 0.0 0.0
11464 2503.868896484375 2379.3936767578125 255.17051953200206 0.0 0.0 0.0 0.0 0.0 0.0 0.0
11471 2503.868896484375 2393.6541748046875 251.7441893448128 0.0 0.0 0.0 0.0 0.0 0.0 0.0
11480 2503.868896484375 2407.9146728515625 248.69126902500636 0.0 0.0 0.0 0.0 0.0 0.0 0.0
11488 2499.115234375 2426.9285888671875 247.2470798836909 0.0 0.0 0.0 0.0 0.0 0.0 0.0
11495 2499.115234375 2441.1890869140625 244.69553264214454 0.0 0.0 0.0 0.0 0.0 0.0 0.0
11504 2499.115234375 2455.4493408203125 242.43348612568693 0.0 0.0 0.0 0.0 0.0 0.0 0.0
11512 2499.115234375 2464.9564208984375 241.04523484883572 0.0 0.0 0.0 0.0 0.0 0.0 0.0
11520 2499.115234375 2483.9703369140625 238.67927488527312 0.0 0.0 0.0 0.0 0.0 0.0 0.0
11527 2499.115234375 2493.4771728515625 237.59172039171844 0.0 0.0 0.0 0.0 0.0 0.0 0.0
11536 2499.115234375 2512.4910888671875 235.74193351643493 0.0 0.0 0.0 0.0 0.0 0.0 0.0
11544 2499.115234375 2526.7515869140625 234.5171597881885 0.0 0.0 0.0 0.0 0.0 0.0 0.0
11552 2499.115234375 2541.0120849609375 233.43634190112311 0.0 0.0 0.0 0.0 0.0 0.0 0.0
11559 2503.868896484375 2550.5189208984375 230.42260239394602 0.0 0.0 0.0 0.0 0.0 0.0 0.0
11568 2503.868896484375 2555.2725830078125 230.20629567392905 0.0 0.0 0.0 0.0 0.0 0.0 0.0
11575 2513.375732421875 2569.5328369140625 225.09702052539504 0.0 0.0 0.0 0.0 0.0 0.0 0.0
11585 2518.129150390625 2574.2864990234375 222.65134543782628 0.0 0.0 0.0 0.0 0.0 0.0 0.0
11591 2527.63623046875 2579.0399169921875 217.88448345223435 0.0 0.0 0.0 0.0 0.0 0.0 0.0
11601 2527.63623046875 2588.5467529296875 218.50009556325477 0.0 0.0 0.0 0.0 0.0 0.0 0.0
11608 2532.3896484375 2598.0538330078125 216.73166624217305 0.0 0.0 0.0 0.0 0.0 0.0 0.0
11618 2537.143310546875 2598.0538330078125 214.20919679278174 0.0 0.0 0.0 0.0 0.0 0.0 0.0
11623 2541.896728515625 2602.8072509765625 212.2875518598367 0.0 0.0 0.0 0.0 0.0 0.0 0.0
11634 2546.650146484375 2607.5606689453125 210.46509116333442 0.0 0.0 0.0 0.0 0.0 0.0 0.0
11639 2546.650146484375 2612.3143310546875 211.09907968608746 0.0 0.0 0.0 0.0 0.0 0.0 0.0
11656 2556.1572265625 2617.0677490234375 207.02588061245584 0.0 0.0 0.0 0.0 0.0 0.0 0.0
11672 2560.91064453125 2621.8211669921875 205.4835458612461 0.0 0.0 0.0 0.0 0.0 0.0 0.0
11688 2565.6640625 2626.5745849609375 204.0255286849801 0.0 0.0 0.0 0.0 0.0 0.0 0.0
11792 2565.6640625 2631.3282470703125 204.92385971557292 0.0 0.0 0.0 0.0 0.0 0.0 0.0
11799 2570.41748046875 2631.3282470703125 202.55425840807118 0.0 0.0 0.0 0.0 0.0 0.0 0.0
11816 2570.41748046875 2636.0816650390625 203.51162286681716 0.0 0.0 0.0 0.0 0.0 0.0 0.0
11823 2575.171142578125 2636.0816650390625 201.16668336793856 0.0 0.0 0.0 0.0 0.0 0.0 0.0