0 2000.0 1500.0 0 0.0 0.0 0.0 0.0 0.0 0.0 0.0
140 2000.0 1500.0 0 0.0 0.0 0.0 0.0 0.0 0.0 0.0
147 2000.0 1500.0 0 0.0 0.0 0.0 0.0 0.0 0.0 0.0
156 2000.0 1500.0 0 0.0 0.0 0.0 0.0 0.0 0.0 0.0
168 2000.0 1500.0 0 0.0 0.0 0.0 0.0 0.0 0.0 0.0
181 2002.5523681640625 1492.3427734375 1.4747299815487054 0.0 0.0 0.0 0.0 0.0 0.0 0.0
194 2007.6572265625 1487.2379150390625 4.1181164281368865 0.0 0.0 0.0 0.0 0.0 0.0 0.0
222 2022.9715576171875 1464.2664794921875 10.595049796632793 0.0 0.0 0.0 0.0 0.0 0.0 0.0
241 2030.6287841796875 1448.9520263671875 13.192083378897337 0.0 0.0 0.0 0.0 0.0 0.0 0.0
242 2038.285888671875 1433.6376953125 15.448736360779833 0.0 0.0 0.0 0.0 0.0 0.0 0.0
260 2040.8382568359375 1428.5328369140625 16.164590576384683 0.0 0.0 0.0 0.0 0.0 0.0 0.0
278 2045.943115234375 1423.4281005859375 18.077022316445095 0.0 0.0 0.0 0.0 0.0 0.0 0.0
279 2045.943115234375 1418.3233642578125 17.431333644387678 0.0 0.0 0.0 0.0 0.0 0.0 0.0
295 2053.600341796875 1410.6661376953125 20.123858091898114 0.0 0.0 0.0 0.0 0.0 0.0 0.0
311 2061.2574462890625 1397.9041748046875 21.82381765049803 0.0 0.0 0.0 0.0 0.0 0.0 0.0
328 2081.6766357421875 1367.275390625 25.66416194669273 0.0 0.0 0.0 0.0 0.0 0.0 0.0
349 2084.2291259765625 1359.6182861328125 25.405066497178836 0.0 0.0 0.0 0.0 0.0 0.0 0.0
352 2089.3338623046875 1357.0657958984375 27.30994822321162 0.0 0.0 0.0 0.0 0.0 0.0 0.0
368 2089.3338623046875 1354.513427734375 26.780648003200326 0.0 0.0 0.0 0.0 0.0 0.0 0.0
439 2091.8861083984375 1354.513427734375 27.99669391315382 0.0 0.0 0.0 0.0 0.0 0.0 0.0
452 2094.4385986328125 1354.513427734375 29.200908225309888 0.0 0.0 0.0 0.0 0.0 0.0 0.0
463 2096.9910888671875 1354.513427734375 30.392798558030222 0.0 0.0 0.0 0.0 0.0 0.0 0.0
491 2104.6480712890625 1367.275390625 37.474095638698714 0.0 0.0 0.0 0.0 0.0 0.0 0.0
500 2107.2005615234375 1372.3802490234375 40.144408502326996 0.0 0.0 0.0 0.0 0.0 0.0 0.0
511 2114.8577880859375 1377.4849853515625 44.92540034359064 0.0 0.0 0.0 0.0 0.0 0.0 0.0
532 2122.5150146484375 1382.58984375 49.63646283394331 0.0 0.0 0.0 0.0 0.0 0.0 0.0
550 2130.1722412109375 1395.351806640625 57.42463560538221 0.0 0.0 0.0 0.0 0.0 0.0 0.0
568 2132.7244873046875 1413.218505859375 66.40282147118978 0.0 0.0 0.0 0.0 0.0 0.0 0.0
585 2142.9342041015625 1494.8951416015625 109.97348490025064 0.0 0.0 0.0 0.0 0.0 0.0 0.0
602 2153.1436767578125 1551.0478515625 130.6225964184295 0.0 0.0 0.0 0.0 0.0 0.0 0.0
619 2173.5628662109375 1614.857666015625 143.82088045222702 0.0 0.0 0.0 0.0 0.0 0.0 0.0
636 2214.4012451171875 1688.877197265625 148.5039611630255 0.0 0.0 0.0 0.0 0.0 0.0 0.0
652 2219.5059814453125 1699.0867919921875 149.29428052910885 0.0 0.0 0.0 0.0 0.0 0.0 0.0
669 2224.6107177734375 1704.1915283203125 148.6265427699584 0.0 0.0 0.0 0.0 0.0 0.0 0.0
827 2222.0584716796875 1688.877197265625 144.63697780243314 0.0 0.0 0.0 0.0 0.0 0.0 0.0
830 2222.0584716796875 1671.0103759765625 137.9465418809321 0.0 0.0 0.0 0.0 0.0 0.0 0.0
843 2222.0584716796875 1640.3817138671875 123.99276051764645 0.0 0.0 0.0 0.0 0.0 0.0 0.0
865 2224.6107177734375 1609.7529296875 107.91569079081356 0.0 0.0 0.0 0.0 0.0 0.0 0.0
882 2239.9251708984375 1482.1331787109375 53.856186918970366 0.0 0.0 0.0 0.0 0.0 0.0 0.0
899 2247.5823974609375 1413.218505859375 37.007945693470674 0.0 0.0 0.0 0.0 0.0 0.0 0.0
915 2250.1346435546875 1380.037353515625 30.329648511662924 0.0 0.0 0.0 0.0 0.0 0.0 0.0
916 2252.6871337890625 1364.7230224609375 28.187651821011457 0.0 0.0 0.0 0.0 0.0 0.0 0.0
933 2257.7918701171875 1362.170654296875 29.982908870044184 0.0 0.0 0.0 0.0 0.0 0.0 0.0
949 2260.3443603515625 1359.6182861328125 30.563783591135973 0.0 0.0 0.0 0.0 0.0 0.0 0.0
966 2265.4490966796875 1359.6182861328125 32.892766300331516 0.0 0.0 0.0 0.0 0.0 0.0 0.0
984 2268.0013427734375 1367.275390625 36.1873609574958 0.0 0.0 0.0 0.0 0.0 0.0 0.0
1001 2270.5538330078125 1372.3802490234375 38.826027629533144 0.0 0.0 0.0 0.0 0.0 0.0 0.0
1017 2270.5538330078125 1385.1422119140625 43.093840464739856 0.0 0.0 0.0 0.0 0.0 0.0 0.0
1035 2268.0013427734375 1395.351806640625 45.69996469375707 0.0 0.0 0.0 0.0 0.0 0.0 0.0
1333 2288.4205322265625 1380.037353515625 47.75299757840037 0.0 0.0 0.0 0.0 0.0 0.0 0.0
1334 2316.4969482421875 1349.40869140625 47.26113335993813 0.0 0.0 0.0 0.0 0.0 0.0 0.0
1346 2347.1256103515625 1316.2275390625 46.94078497450994 0.0 0.0 0.0 0.0 0.0 0.0 0.0
1366 2403.2784423828125 1254.9700927734375 46.51995037337764 0.0 0.0 0.0 0.0 0.0 0.0 0.0
1384 2464.5357666015625 1183.5029296875 45.38069196461794 0.0 0.0 0.0 0.0 0.0 0.0 0.0
1401 2482.4027099609375 1168.1885986328125 46.70170981020664 0.0 0.0 0.0 0.0 0.0 0.0 0.0
1421 2528.3458251953125 1140.1123046875 51.74234138911129 0.0 0.0 0.0 0.0 0.0 0.0 0.0
1438 2543.6600341796875 1137.559814453125 55.610445658341746 0.0 0.0 0.0 0.0 0.0 0.0 0.0
1456 2569.1839599609375 1140.1123046875 63.4732683842052 0.0 0.0 0.0 0.0 0.0 0.0 0.0
1473 2587.0509033203125 1150.3218994140625 71.91327067605562 0.0 0.0 0.0 0.0 0.0 0.0 0.0
1490 2607.4700927734375 1165.63623046875 81.95615855287235 0.0 0.0 0.0 0.0 0.0 0.0 0.0
1507 2632.9940185546875 1231.99853515625 112.01102095739128 0.0 0.0 0.0 0.0 0.0 0.0 0.0
1558 2661.0701904296875 1443.8472900390625 155.34048910027465 0.0 0.0 0.0 0.0 0.0 0.0 0.0
1566 2666.1751708984375 1477.0284423828125 159.85310645686616 0.0 0.0 0.0 0.0 0.0 0.0 0.0
1579 2671.2799072265625 1502.5523681640625 162.20668719228382 0.0 0.0 0.0 0.0 0.0 0.0 0.0
1758 2745.2991943359375 1132.455078125 26.42828736659203 0.0 0.0 0.0 0.0 0.0 0.0 0.0
1762 2750.4041748046875 1101.8263549804688 23.453497674718903 0.0 0.0 0.0 0.0 0.0 0.0 0.0
1782 2755.5089111328125 1071.1976318359375 21.129853581544126 0.0 0.0 0.0 0.0 0.0 0.0 0.0
1801 2781.0328369140625 1040.56884765625 26.990363706771916 0.0 0.0 0.0 0.0 0.0 0.0 0.0
1822 2806.5567626953125 1027.806884765625 34.927422029921104 0.0 0.0 0.0 0.0 0.0 0.0 0.0
1853 2855.0523681640625 1022.7020874023438 50.476637163810665 0.0 0.0 0.0 0.0 0.0 0.0 0.0
1861 2875.4715576171875 1032.9116821289062 60.80433145652739 0.0 0.0 0.0 0.0 0.0 0.0 0.0
1887 2911.2049560546875 1073.75 85.3598916031462 0.0 0.0 0.0 0.0 0.0 0.0 0.0
1898 2921.4146728515625 1089.0643920898438 93.41113498223763 0.0 0.0 0.0 0.0 0.0 0.0 0.0
1919 2929.0716552734375 1109.4835205078125 103.31031562870379 0.0 0.0 0.0 0.0 0.0 0.0 0.0
1922 2941.8336181640625 1135.0074462890625 113.61161954757569 0.0 0.0 0.0 0.0 0.0 0.0 0.0
1938 2952.0433349609375 1163.0838623046875 123.67766491259451 0.0 0.0 0.0 0.0 0.0 0.0 0.0
1946 2969.9100341796875 1188.6077880859375 129.09676795778157 0.0 0.0 0.0 0.0 0.0 0.0 0.0
1959 2987.7767333984375 1226.8936767578125 137.1551828800216 0.0 0.0 0.0 0.0 0.0 0.0 0.0
1975 3000.5386962890625 1262.627197265625 143.92689056987518 0.0 0.0 0.0 0.0 0.0 0.0 0.0
1983 3008.1959228515625 1288.151123046875 148.34023432461734 0.0 0.0 0.0 0.0 0.0 0.0 0.0
1995 3013.3006591796875 1303.465576171875 150.46552052828872 0.0 0.0 0.0 0.0 0.0 0.0 0.0
2010 3015.8531494140625 1311.1226806640625 151.45690481573484 0.0 0.0 0.0 0.0 0.0 0.0 0.0
2022 3018.4056396484375 1316.2275390625 151.72589097537008 0.0 0.0 0.0 0.0 0.0 0.0 0.0
2253 3008.1959228515625 1316.2275390625 156.4975269760775 0.0 0.0 0.0 0.0 0.0 0.0 0.0
2265 2997.9864501953125 1313.6751708984375 160.92894606356256 0.0 0.0 0.0 0.0 0.0 0.0 0.0
2277 2985.2244873046875 1303.465576171875 165.6647744835497 0.0 0.0 0.0 0.0 0.0 0.0 0.0
2290 2954.5955810546875 1283.04638671875 181.54280808870033 0.0 0.0 0.0 0.0 0.0 0.0 0.0
2305 2926.5194091796875 1262.627197265625 198.8151142206893 0.0 0.0 0.0 0.0 0.0 0.0 0.0
2317 2888.2335205078125 1239.6556396484375 222.63941981926826 0.0 0.0 0.0 0.0 0.0 0.0 0.0
2327 2839.7379150390625 1219.2364501953125 244.76079518303126 0.0 0.0 0.0 0.0 0.0 0.0 0.0
2339 2801.4520263671875 1198.8173828125 260.0049048618107 0.0 0.0 0.0 0.0 0.0 0.0 0.0
2356 2737.6422119140625 1165.63623046875 276.057207572138 0.0 0.0 0.0 0.0 0.0 0.0 0.0
2364 2707.0133056640625 1150.3218994140625 281.7029089749485 0.0 0.0 0.0 0.0 0.0 0.0 0.0
2376 2663.6226806640625 1135.0074462890625 285.0107185404814 0.0 0.0 0.0 0.0 0.0 0.0 0.0
2388 2625.3367919921875 1129.9027099609375 283.97749097376345 0.0 0.0 0.0 0.0 0.0 0.0 0.0
2401 2597.2603759765625 1129.9027099609375 281.83424324307924 0.0 0.0 0.0 0.0 0.0 0.0 0.0
2413 2561.5269775390625 1132.455078125 278.76870148582697 0.0 0.0 0.0 0.0 0.0 0.0 0.0
2425 2525.7933349609375 1157.97900390625 267.3814420226271 0.0 0.0 0.0 0.0 0.0 0.0 0.0
2438 2502.8218994140625 1180.9505615234375 258.76285084078376 0.0 0.0 0.0 0.0 0.0 0.0 0.0
2450 2484.9549560546875 1196.2650146484375 254.26008846366437 0.0 0.0 0.0 0.0 0.0 0.0 0.0
2462 2467.0882568359375 1224.34130859375 245.59893926100906 0.0 0.0 0.0 0.0 0.0 0.0 0.0
2474 2444.1168212890625 1267.7320556640625 235.16127387122808 0.0 0.0 0.0 0.0 0.0 0.0 0.0
2488 2421.1451416015625 1313.6751708984375 227.1928734075372 0.0 0.0 0.0 0.0 0.0 0.0 0.0
2498 2405.8306884765625 1377.4849853515625 215.93859537626184 0.0 0.0 0.0 0.0 0.0 0.0 0.0
2511 2395.6212158203125 1431.0853271484375 208.7565210856706 0.0 0.0 0.0 0.0 0.0 0.0 0.0
2523 2387.9639892578125 1500.0 201.41950764827985 0.0 0.0 0.0 0.0 0.0 0.0 0.0
2538 2380.3067626953125 1538.285888671875 199.67070088988893 0.0 0.0 0.0 0.0 0.0 0.0 0.0
2548 2377.7545166015625 1563.809814453125 197.68098995533256 0.0 0.0 0.0 0.0 0.0 0.0 0.0
2559 2377.7545166015625 1579.1241455078125 195.94605803783887 0.0 0.0 0.0 0.0 0.0 0.0 0.0
2572 2377.7545166015625 1581.6766357421875 195.66340295682096 0.0 0.0 0.0 0.0 0.0 0.0 0.0
2588 2377.7545166015625 1584.22900390625 195.38699083295128 0.0 0.0 0.0 0.0 0.0 0.0 0.0
2596 2377.7545166015625 1586.7813720703125 195.11674726674318 0.0 0.0 0.0 0.0 0.0 0.0 0.0
2683 2377.7545166015625 1584.22900390625 195.39319548625286 0.0 0.0 0.0 0.0 0.0 0.0 0.0
2695 2377.7545166015625 1581.6766357421875 195.67617787372188 0.0 0.0 0.0 0.0 0.0 0.0 0.0
2707 2377.7545166015625 1576.57177734375 196.2691377802497 0.0 0.0 0.0 0.0 0.0 0.0 0.0
2721 2375.2020263671875 1561.2574462890625 199.8129325073358 0.0 0.0 0.0 0.0 0.0 0.0 0.0
2731 2372.6495361328125 1543.390625 204.41324532307254 0.0 0.0 0.0 0.0 0.0 0.0 0.0
2744 2367.5447998046875 1525.52392578125 211.14416338916473 0.0 0.0 0.0 0.0 0.0 0.0 0.0
2756 2352.2305908203125 1497.447509765625 227.33201678723873 0.0 0.0 0.0 0.0 0.0 0.0 0.0
2771 2334.3636474609375 1469.3712158203125 244.9972456650635 0.0 0.0 0.0 0.0 0.0 0.0 0.0
2781 2316.4969482421875 1446.399658203125 259.1135336538929 0.0 0.0 0.0 0.0 0.0 0.0 0.0
2792 2296.0777587890625 1428.5328369140625 269.2783056410381 0.0 0.0 0.0 0.0 0.0 0.0 0.0
2805 2268.0013427734375 1413.218505859375 276.5204857805948 0.0 0.0 0.0 0.0 0.0 0.0 0.0
2822 2242.4774169921875 1397.9041748046875 282.3803295469471 0.0 0.0 0.0 0.0 0.0 0.0 0.0
2829 2219.5059814453125 1385.1422119140625 286.2392990464414 0.0 0.0 0.0 0.0 0.0 0.0 0.0
2842 2186.3248291015625 1372.3802490234375 288.26089054609156 0.0 0.0 0.0 0.0 0.0 0.0 0.0
2855 2155.6961669921875 1369.8277587890625 286.06343729811783 0.0 0.0 0.0 0.0 0.0 0.0 0.0
2871 2135.2769775390625 1369.8277587890625 284.08958589900647 0.0 0.0 0.0 0.0 0.0 0.0 0.0
2879 2107.2005615234375 1380.037353515625 277.66424479316265 0.0 0.0 0.0 0.0 0.0 0.0 0.0
2891 2074.0194091796875 1390.2469482421875 272.57739523292196 0.0 0.0 0.0 0.0 0.0 0.0 0.0
2905 2051.0478515625 1408.11376953125 265.05609316860085 0.0 0.0 0.0 0.0 0.0 0.0 0.0
2916 2030.6287841796875 1425.98046875 258.71480774076315 0.0 0.0 0.0 0.0 0.0 0.0 0.0
2928 2012.761962890625 1443.8472900390625 253.17271551352437 0.0 0.0 0.0 0.0 0.0 0.0 0.0
2940 1994.895263671875 1477.0284423828125 242.90770717311392 0.0 0.0 0.0 0.0 0.0 0.0 0.0
2955 1977.0284423828125 1507.6571044921875 235.88216478412997 0.0 0.0 0.0 0.0 0.0 0.0 0.0
2966 1961.714111328125 1558.705078125 224.3601640600409 0.0 0.0 0.0 0.0 0.0 0.0 0.0
2976 1956.6092529296875 1596.990966796875 215.84530907278332 0.0 0.0 0.0 0.0 0.0 0.0 0.0
2989 1951.5045166015625 1630.172119140625 210.3579654769534 0.0 0.0 0.0 0.0 0.0 0.0 0.0
3001 1951.5045166015625 1650.59130859375 206.21685364316394 0.0 0.0 0.0 0.0 0.0 0.0 0.0
3013 1951.5045166015625 1676.115234375 201.96844195439843 0.0 0.0 0.0 0.0 0.0 0.0 0.0
3026 1951.5045166015625 1686.3248291015625 200.4090263320824 0.0 0.0 0.0 0.0 0.0 0.0 0.0
3039 1951.5045166015625 1691.4295654296875 199.66275101206753 0.0 0.0 0.0 0.0 0.0 0.0 0.0
3050 1951.5045166015625 1693.98193359375 199.2978150929747 0.0 0.0 0.0 0.0 0.0 0.0 0.0
3100 1951.5045166015625 1691.4295654296875 199.67114130357862 0.0 0.0 0.0 0.0 0.0 0.0 0.0
3111 1951.5045166015625 1683.7723388671875 200.87156170683988 0.0 0.0 0.0 0.0 0.0 0.0 0.0
3124 1948.9521484375 1678.6676025390625 203.02717652531746 0.0 0.0 0.0 0.0 0.0 0.0 0.0
3138 1946.399658203125 1673.562744140625 205.26207191676679 0.0 0.0 0.0 0.0 0.0 0.0 0.0
3148 1941.294921875 1665.9056396484375 209.42538390110997 0.0 0.0 0.0 0.0 0.0 0.0 0.0
3161 1933.6376953125 1660.80078125 214.24470930167968 0.0 0.0 0.0 0.0 0.0 0.0 0.0
3173 1913.218505859375 1645.4864501953125 227.62540723272502 0.0 0.0 0.0 0.0 0.0 0.0 0.0
3188 1890.2470703125 1630.172119140625 240.97275290991936 0.0 0.0 0.0 0.0 0.0 0.0 0.0
3197 1877.4849853515625 1612.3052978515625 252.18880640590672 0.0 0.0 0.0 0.0 0.0 0.0 0.0
3210 1864.7230224609375 1602.095703125 259.04723184701976 0.0 0.0 0.0 0.0 0.0 0.0 0.0
3221 1857.06591796875 1594.4385986328125 263.68497757802703 0.0 0.0 0.0 0.0 0.0 0.0 0.0
3238 1851.9610595703125 1591.8861083984375 265.38419008206915 0.0 0.0 0.0 0.0 0.0 0.0 0.0
3247 1846.8563232421875 1591.8861083984375 265.7429875455801 0.0 0.0 0.0 0.0 0.0 0.0 0.0
3258 1841.75146484375 1591.8861083984375 266.08592522821664 0.0 0.0 0.0 0.0 0.0 0.0 0.0
3271 1839.1990966796875 1594.4385986328125 264.9611689087594 0.0 0.0 0.0 0.0 0.0 0.0 0.0
3283 1836.646728515625 1599.5433349609375 262.58696727414946 0.0 0.0 0.0 0.0 0.0 0.0 0.0
3295 1836.646728515625 1604.648193359375 259.9860588515322 0.0 0.0 0.0 0.0 0.0 0.0 0.0
3308 1834.0943603515625 1612.3052978515625 256.5363098848136 0.0 0.0 0.0 0.0 0.0 0.0 0.0
3320 1834.0943603515625 1614.857666015625 255.266275739761 0.0 0.0 0.0 0.0 0.0 0.0 0.0
3333 1834.0943603515625 1619.9625244140625 252.76437785518638 0.0 0.0 0.0 0.0 0.0 0.0 0.0
3344 1834.0943603515625 1622.514892578125 251.5242565424783 0.0 0.0 0.0 0.0 0.0 0.0 0.0
3357 1834.0943603515625 1625.0672607421875 250.29512736841136 0.0 0.0 0.0 0.0 0.0 0.0 0.0
3371 1834.0943603515625 1630.172119140625 247.88270506687013 0.0 0.0 0.0 0.0 0.0 0.0 0.0
3418 1834.0943603515625 1632.7244873046875 246.6891007562571 0.0 0.0 0.0 0.0 0.0 0.0 0.0
3652 1834.0943603515625 1630.172119140625 247.89511025960206 0.0 0.0 0.0 0.0 0.0 0.0 0.0
3663 1834.0943603515625 1627.6197509765625 249.11310856651744 0.0 0.0 0.0 0.0 0.0 0.0 0.0
3679 1834.0943603515625 1619.9625244140625 252.8700795754729 0.0 0.0 0.0 0.0 0.0 0.0 0.0
3694 1836.646728515625 1604.648193359375 260.4032713218816 0.0 0.0 0.0 0.0 0.0 0.0 0.0
3702 1844.303955078125 1571.467041015625 278.3523472577819 0.0 0.0 0.0 0.0 0.0 0.0 0.0
3713 1864.7230224609375 1522.9715576171875 306.5959399349823 0.0 0.0 0.0 0.0 0.0 0.0 0.0
3724 1938.7425537109375 1441.294921875 356.3710241337991 0.0 0.0 0.0 0.0 0.0 0.0 0.0
3738 1992.3427734375 1387.694580078125 17.347575284729032 0.0 0.0 0.0 0.0 0.0 0.0 0.0
3750 2048.4954833984375 1346.856201171875 32.72738220870497 0.0 0.0 0.0 0.0 0.0 0.0 0.0
3761 2091.8861083984375 1316.2275390625 40.99941212665374 0.0 0.0 0.0 0.0 0.0 0.0 0.0
3774 2127.6197509765625 1298.3607177734375 47.84387188794693 0.0 0.0 0.0 0.0 0.0 0.0 0.0
3790 2171.0103759765625 1285.5987548828125 56.280356671169216 0.0 0.0 0.0 0.0 0.0 0.0 0.0
3798 2199.0867919921875 1277.941650390625 60.83437608336368 0.0 0.0 0.0 0.0 0.0 0.0 0.0
3811 2227.1632080078125 1270.284423828125 64.45757391457812 0.0 0.0 0.0 0.0 0.0 0.0 0.0
3823 2257.7918701171875 1267.7320556640625 69.70263625422405 0.0 0.0 0.0 0.0 0.0 0.0 0.0
3839 2283.3157958984375 1267.7320556640625 74.13070471081386 0.0 0.0 0.0 0.0 0.0 0.0 0.0
3847 2296.0777587890625 1267.7320556640625 76.1223836428274 0.0 0.0 0.0 0.0 0.0 0.0 0.0
3860 2319.0494384765625 1270.284423828125 80.18794473274255 0.0 0.0 0.0 0.0 0.0 0.0 0.0
3872 2336.9161376953125 1280.4940185546875 86.62370020457098 0.0 0.0 0.0 0.0 0.0 0.0 0.0
3884 2357.3353271484375 1290.70361328125 92.21071113094911 0.0 0.0 0.0 0.0 0.0 0.0 0.0
3897 2372.6495361328125 1298.3607177734375 95.88053947589606 0.0 0.0 0.0 0.0 0.0 0.0 0.0
4032 2456.8787841796875 1403.0089111328125 122.90677722878411 0.0 0.0 0.0 0.0 0.0 0.0 0.0
4044 2456.8787841796875 1405.561279296875 124.05748187430521 0.0 0.0 0.0 0.0 0.0 0.0 0.0
4056 2456.8787841796875 1408.11376953125 125.19449282703528 0.0 0.0 0.0 0.0 0.0 0.0 0.0
4130 2456.8787841796875 1405.561279296875 124.04357119002913 0.0 0.0 0.0 0.0 0.0 0.0 0.0
4142 2456.8787841796875 1400.45654296875 121.68738528579843 0.0 0.0 0.0 0.0 0.0 0.0 0.0
4162 2456.8787841796875 1385.1422119140625 114.1633358896704 0.0 0.0 0.0 0.0 0.0 0.0 0.0
4168 2461.9835205078125 1362.170654296875 101.77587148511572 0.0 0.0 0.0 0.0 0.0 0.0 0.0
4179 2464.5357666015625 1328.989501953125 84.5557230043919 0.0 0.0 0.0 0.0 0.0 0.0 0.0
4191 2469.6407470703125 1295.808349609375 69.57729830424296 0.0 0.0 0.0 0.0 0.0 0.0 0.0
4207 2477.2977294921875 1242.2080078125 51.1868879204427 0.0 0.0 0.0 0.0 0.0 0.0 0.0
4217 2487.5074462890625 1201.3697509765625 42.0016263495902 0.0 0.0 0.0 0.0 0.0 0.0 0.0
4228 2492.6121826171875 1175.8458251953125 36.865762981184844 0.0 0.0 0.0 0.0 0.0 0.0 0.0
4266 2530.8980712890625 1117.1406860351562 36.748999756529486 0.0 0.0 0.0 0.0 0.0 0.0 0.0
4276 2543.6600341796875 1099.27392578125 37.12404673240485 0.0 0.0 0.0 0.0 0.0 0.0 0.0
4288 2569.1839599609375 1083.9595947265625 42.46933080869189 0.0 0.0 0.0 0.0 0.0 0.0 0.0
4305 2599.8128662109375 1073.75 49.71608987277375 0.0 0.0 0.0 0.0 0.0 0.0 0.0
4316 2622.7843017578125 1071.1976318359375 55.9863810075733 0.0 0.0 0.0 0.0 0.0 0.0 0.0
4325 2645.7559814453125 1071.1976318359375 62.234810841626995 0.0 0.0 0.0 0.0 0.0 0.0 0.0
4338 2673.8321533203125 1071.1976318359375 68.4602715159453 0.0 0.0 0.0 0.0 0.0 0.0 0.0
4355 2696.8038330078125 1076.3023681640625 74.84639780524714 0.0 0.0 0.0 0.0 0.0 0.0 0.0
4362 2714.6705322265625 1086.511962890625 81.96822943258542 0.0 0.0 0.0 0.0 0.0 0.0 0.0
4375 2727.4324951171875 1101.8263549804688 90.3673404621884 0.0 0.0 0.0 0.0 0.0 0.0 0.0
4388 2740.1944580078125 1114.5883178710938 96.67768977231924 0.0 0.0 0.0 0.0 0.0 0.0 0.0
4400 2758.0614013671875 1129.9027099609375 103.04117208985815 0.0 0.0 0.0 0.0 0.0 0.0 0.0
4412 2778.4803466796875 1140.1123046875 105.94937230824931 0.0 0.0 0.0 0.0 0.0 0.0 0.0
4423 2791.2423095703125 1147.7694091796875 108.13543181194731 0.0 0.0 0.0 0.0 0.0 0.0 0.0
4440 2796.3472900390625 1150.3218994140625 108.72112654117353 0.0 0.0 0.0 0.0 0.0 0.0 0.0
4448 2801.4520263671875 1155.4266357421875 110.49415694868577 0.0 0.0 0.0 0.0 0.0 0.0 0.0
4460 2806.5567626953125 1157.97900390625 110.96464637013275 0.0 0.0 0.0 0.0 0.0 0.0 0.0
4473 2806.5567626953125 1160.5313720703125 112.23035355797194 0.0 0.0 0.0 0.0 0.0 0.0 0.0
4489 2809.1092529296875 1163.0838623046875 113.04171817733226 0.0 0.0 0.0 0.0 0.0 0.0 0.0
4497 2809.1092529296875 1165.63623046875 114.29113449962335 0.0 0.0 0.0 0.0 0.0 0.0 0.0
4534 2809.1092529296875 1168.1885986328125 115.53000887791828 0.0 0.0 0.0 0.0 0.0 0.0 0.0
4559 2809.1092529296875 1170.740966796875 116.75782098922463 0.0 0.0 0.0 0.0 0.0 0.0 0.0
4694 2809.1092529296875 1168.1885986328125 115.51887327169081 0.0 0.0 0.0 0.0 0.0 0.0 0.0
4705 2809.1092529296875 1163.0838623046875 112.9985459011886 0.0 0.0 0.0 0.0 0.0 0.0 0.0
4722 2809.1092529296875 1150.3218994140625 106.47230536028434 0.0 0.0 0.0 0.0 0.0 0.0 0.0
4730 2809.1092529296875 1137.559814453125 99.81454865002848 0.0 0.0 0.0 0.0 0.0 0.0 0.0
4743 2809.1092529296875 1119.693115234375 90.42830184753205 0.0 0.0 0.0 0.0 0.0 0.0 0.0
4755 2809.1092529296875 1094.1691284179688 77.46734891139505 0.0 0.0 0.0 0.0 0.0 0.0 0.0
4771 2809.1092529296875 1081.4071655273438 71.26639170113799 0.0 0.0 0.0 0.0 0.0 0.0 0.0
4779 2809.1092529296875 1071.1976318359375 66.49492810955223 0.0 0.0 0.0 0.0 0.0 0.0 0.0
4791 2809.1092529296875 1066.0928344726562 64.16259071889186 0.0 0.0 0.0 0.0 0.0 0.0 0.0
4815 2809.1092529296875 1063.5404052734375 63.01007023013278 0.0 0.0 0.0 0.0 0.0 0.0 0.0
4915 2809.1092529296875 1066.0928344726562 64.17616689945811 0.0 0.0 0.0 0.0 0.0 0.0 0.0
4927 2809.1092529296875 1068.6452026367188 65.35545538861982 0.0 0.0 0.0 0.0 0.0 0.0 0.0
4944 2809.1092529296875 1073.75 67.7654211101381 0.0 0.0 0.0 0.0 0.0 0.0 0.0
4952 2809.1092529296875 1078.8547973632812 70.22290165062395 0.0 0.0 0.0 0.0 0.0 0.0 0.0
4964 2811.6614990234375 1086.511962890625 74.45374203691642 0.0 0.0 0.0 0.0 0.0 0.0 0.0
4975 2811.6614990234375 1091.6167602539062 77.01888136746322 0.0 0.0 0.0 0.0 0.0 0.0 0.0
4988 2814.2139892578125 1096.7215576171875 79.93217212221623 0.0 0.0 0.0 0.0 0.0 0.0 0.0
5000 2814.2139892578125 1101.8263549804688 82.55841762918925 0.0 0.0 0.0 0.0 0.0 0.0 0.0
5012 2814.2139892578125 1104.3787231445312 83.87665998795705 0.0 0.0 0.0 0.0 0.0 0.0 0.0
5025 2816.7664794921875 1104.3787231445312 84.09409633148096 0.0 0.0 0.0 0.0 0.0 0.0 0.0
5087 2814.2139892578125 1104.3787231445312 83.87153947925981 0.0 0.0 0.0 0.0 0.0 0.0 0.0
5099 2809.1092529296875 1104.3787231445312 83.40496735535487 0.0 0.0 0.0 0.0 0.0 0.0 0.0
5112 2796.3472900390625 1101.8263549804688 80.61513782640696 0.0 0.0 0.0 0.0 0.0 0.0 0.0
5130 2778.4803466796875 1099.27392578125 76.62265987065535 0.0 0.0 0.0 0.0 0.0 0.0 0.0
5137 2763.1661376953125 1096.7215576171875 72.50263168967376 0.0 0.0 0.0 0.0 0.0 0.0 0.0
5148 2732.5372314453125 1094.1691284179688 63.23242776611073 0.0 0.0 0.0 0.0 0.0 0.0 0.0
5161 2704.4610595703125 1091.6167602539062 52.52723632953246 0.0 0.0 0.0 0.0 0.0 0.0 0.0
5179 2666.1751708984375 1091.6167602539062 35.216136292207466 0.0 0.0 0.0 0.0 0.0 0.0 0.0
5185 2635.5462646484375 1091.6167602539062 19.616725139074106 0.0 0.0 0.0 0.0 0.0 0.0 0.0
5197 2610.0223388671875 1089.0643920898438 6.076195723540025 0.0 0.0 0.0 0.0 0.0 0.0 0.0
5209 2581.9459228515625 1086.511962890625 351.797801592901 0.0 0.0 0.0 0.0 0.0 0.0 0.0
5222 2553.8697509765625 1083.9595947265625 338.8728677596091 0.0 0.0 0.0 0.0 0.0 0.0 0.0
5234 2536.0028076171875 1081.4071655273438 331.6098359850806 0.0 0.0 0.0 0.0 0.0 0.0 0.0
5245 2515.5838623046875 1081.4071655273438 323.3967028804808 0.0 0.0 0.0 0.0 0.0 0.0 0.0
5257 2490.0599365234375 1083.9595947265625 313.6946518574953 0.0 0.0 0.0 0.0 0.0 0.0 0.0
5273 2469.6407470703125 1089.0643920898438 305.7015763706711 0.0 0.0 0.0 0.0 0.0 0.0 0.0
5284 2449.2215576171875 1099.27392578125 296.54942108272644 0.0 0.0 0.0 0.0 0.0 0.0 0.0
5297 2431.3546142578125 1124.7979125976562 281.8025800645738 0.0 0.0 0.0 0.0 0.0 0.0 0.0
5308 2408.3831787109375 1152.874267578125 268.1455634737057 0.0 0.0 0.0 0.0 0.0 0.0 0.0
5321 2385.4117431640625 1178.398193359375 258.33181608574193 0.0 0.0 0.0 0.0 0.0 0.0 0.0
5331 2367.5447998046875 1211.579345703125 246.89587213674912 0.0 0.0 0.0 0.0 0.0 0.0 0.0
5343 2352.2305908203125 1244.760498046875 237.49690605009556 0.0 0.0 0.0 0.0 0.0 0.0 0.0
5356 2344.5733642578125 1265.1795654296875 232.1096856812076 0.0 0.0 0.0 0.0 0.0 0.0 0.0
5372 2336.9161376953125 1285.5987548828125 227.5445799856288 0.0 0.0 0.0 0.0 0.0 0.0 0.0
5380 2334.3636474609375 1303.465576171875 222.659815940794 0.0 0.0 0.0 0.0 0.0 0.0 0.0
5392 2329.2589111328125 1321.332275390625 219.3393116903411 0.0 0.0 0.0 0.0 0.0 0.0 0.0
5405 2329.2589111328125 1334.09423828125 215.76453556543916 0.0 0.0 0.0 0.0 0.0 0.0 0.0
5421 2326.7066650390625 1349.40869140625 212.97465061670738 0.0 0.0 0.0 0.0 0.0 0.0 0.0
5429 2326.7066650390625 1364.7230224609375 209.45633393812653 0.0 0.0 0.0 0.0 0.0 0.0 0.0
5441 2326.7066650390625 1374.9326171875 207.29469406180158 0.0 0.0 0.0 0.0 0.0 0.0 0.0
5455 2326.7066650390625 1392.79931640625 204.00786518147706 0.0 0.0 0.0 0.0 0.0 0.0 0.0
5471 2329.2589111328125 1418.3233642578125 199.10803711514708 0.0 0.0 0.0 0.0 0.0 0.0 0.0
5478 2331.8114013671875 1436.1900634765625 195.79981123077872 0.0 0.0 0.0 0.0 0.0 0.0 0.0
5491 2334.3636474609375 1454.056884765625 192.93851955014657 0.0 0.0 0.0 0.0 0.0 0.0 0.0
5505 2336.9161376953125 1474.4759521484375 190.33026871479075 0.0 0.0 0.0 0.0 0.0 0.0 0.0
5517 2342.0208740234375 1502.5523681640625 186.80095427730458 0.0 0.0 0.0 0.0 0.0 0.0 0.0
5528 2347.1256103515625 1528.0762939453125 183.99949512210054 0.0 0.0 0.0 0.0 0.0 0.0 0.0
5539 2352.2305908203125 1545.943115234375 181.625335448306 0.0 0.0 0.0 0.0 0.0 0.0 0.0
5555 2359.8875732421875 1558.705078125 178.23761255802685 0.0 0.0 0.0 0.0 0.0 0.0 0.0
5564 2364.9925537109375 1563.809814453125 175.93616188972956 0.0 0.0 0.0 0.0 0.0 0.0 0.0
5576 2367.5447998046875 1566.3621826171875 174.81533223837243 0.0 0.0 0.0 0.0 0.0 0.0 0.0
5588 2370.0972900390625 1566.3621826171875 173.49855622268245 0.0 0.0 0.0 0.0 0.0 0.0 0.0
5601 2370.0972900390625 1568.9146728515625 173.7244934060557 0.0 0.0 0.0 0.0 0.0 0.0 0.0
5712 2370.0972900390625 1566.3621826171875 173.49320956488077 0.0 0.0 0.0 0.0 0.0 0.0 0.0
5744 2370.0972900390625 1563.809814453125 173.25652919083473 0.0 0.0 0.0 0.0 0.0 0.0 0.0
5748 2370.0972900390625 1558.705078125 172.76030980271162 0.0 0.0 0.0 0.0 0.0 0.0 0.0
5762 2364.9925537109375 1545.943115234375 174.34157757125257 0.0 0.0 0.0 0.0 0.0 0.0 0.0
5777 2362.4400634765625 1530.628662109375 174.399254261331 0.0 0.0 0.0 0.0 0.0 0.0 0.0
5785 2357.3353271484375 1510.20947265625 175.58296812971244 0.0 0.0 0.0 0.0 0.0 0.0 0.0
5797 2349.6781005859375 1477.0284423828125 177.88953030273484 0.0 0.0 0.0 0.0 0.0 0.0 0.0
5809 2344.5733642578125 1451.50439453125 179.67649949680737 0.0 0.0 0.0 0.0 0.0 0.0 0.0
5822 2331.8114013671875 1423.4281005859375 187.37241570795345 0.0 0.0 0.0 0.0 0.0 0.0 0.0
5833 2313.9444580078125 1395.351806640625 200.8136979968573 0.0 0.0 0.0 0.0 0.0 0.0 0.0
5846 2296.0777587890625 1374.9326171875 214.47277859886148 0.0 0.0 0.0 0.0 0.0 0.0 0.0
5858 2283.3157958984375 1362.170654296875 223.9388585763015 0.0 0.0 0.0 0.0 0.0 0.0 0.0
5871 2270.5538330078125 1354.513427734375 231.41435174905652 0.0 0.0 0.0 0.0 0.0 0.0 0.0
5883 2262.8966064453125 1349.40869140625 235.98089316060552 0.0 0.0 0.0 0.0 0.0 0.0 0.0
5894 2250.1346435546875 1346.856201171875 240.72474777349177 0.0 0.0 0.0 0.0 0.0 0.0 0.0
5907 2237.3726806640625 1346.856201171875 244.01206566034645 0.0 0.0 0.0 0.0 0.0 0.0 0.0
5921 2229.7154541015625 1346.856201171875 245.86946773656564 0.0 0.0 0.0 0.0 0.0 0.0 0.0
5931 2222.0584716796875 1346.856201171875 247.61749179210403 0.0 0.0 0.0 0.0 0.0 0.0 0.0
5944 2214.4012451171875 1357.0657958984375 244.84280627339683 0.0 0.0 0.0 0.0 0.0 0.0 0.0
5957 2206.7440185546875 1374.9326171875 239.33693848115993 0.0 0.0 0.0 0.0 0.0 0.0 0.0
5972 2196.5343017578125 1397.9041748046875 233.5320402337051 0.0 0.0 0.0 0.0 0.0 0.0 0.0
5981 2196.5343017578125 1410.6661376953125 228.7741888722236 0.0 0.0 0.0 0.0 0.0 0.0 0.0
5993 2193.9820556640625 1420.875732421875 226.13144864687453 0.0 0.0 0.0 0.0 0.0 0.0 0.0
6006 2193.9820556640625 1433.6376953125 221.96599968889132 0.0 0.0 0.0 0.0 0.0 0.0 0.0
6021 2193.9820556640625 1461.7139892578125 214.385834908697 0.0 0.0 0.0 0.0 0.0 0.0 0.0
6029 2193.9820556640625 1482.1331787109375 209.6584294778559 0.0 0.0 0.0 0.0 0.0 0.0 0.0
6042 2193.9820556640625 1507.6571044921875 204.78934230448908 0.0 0.0 0.0 0.0 0.0 0.0 0.0
6055 2193.9820556640625 1540.8382568359375 199.8719146008284 0.0 0.0 0.0 0.0 0.0 0.0 0.0
6071 2193.9820556640625 1574.0194091796875 196.0729608519997 0.0 0.0 0.0 0.0 0.0 0.0 0.0
6079 2193.9820556640625 1604.648193359375 193.32294614209732 0.0 0.0 0.0 0.0 0.0 0.0 0.0
6091 2196.5343017578125 1642.93408203125 189.7824001176215 0.0 0.0 0.0 0.0 0.0 0.0 0.0
6106 2201.6392822265625 1671.0103759765625 186.36405628866748 0.0 0.0 0.0 0.0 0.0 0.0 0.0
6116 2209.2962646484375 1693.98193359375 182.54305460499984 0.0 0.0 0.0 0.0 0.0 0.0 0.0
6128 2222.0584716796875 1709.29638671875 176.8209702120754 0.0 0.0 0.0 0.0 0.0 0.0 0.0
6140 2229.7154541015625 1722.058349609375 173.96628646968037 0.0 0.0 0.0 0.0 0.0 0.0 0.0
6155 2242.4774169921875 1737.3726806640625 169.4220895609443 0.0 0.0 0.0 0.0 0.0 0.0 0.0
6166 2250.1346435546875 1745.0299072265625 166.73420617362916 0.0 0.0 0.0 0.0 0.0 0.0 0.0
6177 2255.2393798828125 1752.68701171875 165.43256054020785 0.0 0.0 0.0 0.0 0.0 0.0 0.0
6189 2257.7918701171875 1755.239501953125 164.59945232849992 0.0 0.0 0.0 0.0 0.0 0.0 0.0
6205 2262.8966064453125 1760.34423828125 163.0269803954933 0.0 0.0 0.0 0.0 0.0 0.0 0.0
6214 2262.8966064453125 1762.8966064453125 163.48352347456193 0.0 0.0 0.0 0.0 0.0 0.0 0.0
6226 2265.4490966796875 1765.448974609375 162.70689669867602 0.0 0.0 0.0 0.0 0.0 0.0 0.0
6239 2268.0013427734375 1765.448974609375 161.46733041322676 0.0 0.0 0.0 0.0 0.0 0.0 0.0
6251 2268.0013427734375 1768.00146484375 161.95722427366337 0.0 0.0 0.0 0.0 0.0 0.0 0.0
6263 2270.5538330078125 1768.00146484375 160.7241349021357 0.0 0.0 0.0 0.0 0.0 0.0 0.0
6276 2270.5538330078125 1770.5538330078125 161.22977741546327 0.0 0.0 0.0 0.0 0.0 0.0 0.0
6484 2268.0013427734375 1768.00146484375 161.98455811283168 0.0 0.0 0.0 0.0 0.0 0.0 0.0
6496 2268.0013427734375 1765.448974609375 161.48441112141126 0.0 0.0 0.0 0.0 0.0 0.0 0.0
6511 2265.4490966796875 1760.34423828125 161.73688757232276 0.0 0.0 0.0 0.0 0.0 0.0 0.0
6527 2262.8966064453125 1747.582275390625 160.3425806491286 0.0 0.0 0.0 0.0 0.0 0.0 0.0
6537 2255.2393798828125 1722.058349609375 158.2865566166181 0.0 0.0 0.0 0.0 0.0 0.0 0.0
6547 2250.1346435546875 1699.0867919921875 154.8772569274744 0.0 0.0 0.0 0.0 0.0 0.0 0.0
6557 2239.9251708984375 1653.1436767578125 143.41477059755857 0.0 0.0 0.0 0.0 0.0 0.0 0.0
6574 2237.3726806640625 1614.857666015625 127.29165440430162 0.0 0.0 0.0 0.0 0.0 0.0 0.0
6581 2232.2679443359375 1561.2574462890625 98.33068562859228 0.0 0.0 0.0 0.0 0.0 0.0 0.0
6594 2232.2679443359375 1510.20947265625 72.49747017771057 0.0 0.0 0.0 0.0 0.0 0.0 0.0
6606 2232.2679443359375 1471.923583984375 56.30125748143928 0.0 0.0 0.0 0.0 0.0 0.0 0.0
6622 2232.2679443359375 1431.0853271484375 42.6547476623864 0.0 0.0 0.0 0.0 0.0 0.0 0.0
6631 2234.8204345703125 1395.351806640625 34.20452475584369 0.0 0.0 0.0 0.0 0.0 0.0 0.0
6643 2242.4774169921875 1362.170654296875 30.016948692436983 0.0 0.0 0.0 0.0 0.0 0.0 0.0
6656 2252.6871337890625 1328.989501953125 27.742516711928374 0.0 0.0 0.0 0.0 0.0 0.0 0.0
6672 2262.8966064453125 1295.808349609375 26.013610786632512 0.0 0.0 0.0 0.0 0.0 0.0 0.0
6680 2275.6585693359375 1267.7320556640625 26.42826625102839 0.0 0.0 0.0 0.0 0.0 0.0 0.0
6692 2283.3157958984375 1237.103271484375 24.430290907914355 0.0 0.0 0.0 0.0 0.0 0.0 0.0
6706 2296.0777587890625 1201.3697509765625 24.090135422642106 0.0 0.0 0.0 0.0 0.0 0.0 0.0
6722 2316.4969482421875 1175.8458251953125 28.208227243480565 0.0 0.0 0.0 0.0 0.0 0.0 0.0
6728 2339.4686279296875 1155.4266357421875 33.32254806373527 0.0 0.0 0.0 0.0 0.0 0.0 0.0
6741 2354.7828369140625 1137.559814453125 35.21671151540636 0.0 0.0 0.0 0.0 0.0 0.0 0.0
6756 2372.6495361328125 1114.5883178710938 36.500163222791 0.0 0.0 0.0 0.0 0.0 0.0 0.0
6766 2393.0687255859375 1096.7215576171875 39.61479482460311 0.0 0.0 0.0 0.0 0.0 0.0 0.0
6777 2421.1451416015625 1081.4071655273438 45.24310942838508 0.0 0.0 0.0 0.0 0.0 0.0 0.0
6790 2449.2215576171875 1071.1976318359375 51.18719810787809 0.0 0.0 0.0 0.0 0.0 0.0 0.0
6805 2474.7454833984375 1066.0928344726562 56.99156374291255 0.0 0.0 0.0 0.0 0.0 0.0 0.0
6814 2513.0313720703125 1058.4356079101562 63.532462743286715 0.0 0.0 0.0 0.0 0.0 0.0 0.0
6827 2546.2125244140625 1055.8832397460938 69.40443241123074 0.0 0.0 0.0 0.0 0.0 0.0 0.0
6839 2576.8411865234375 1053.330810546875 73.59937975600025 0.0 0.0 0.0 0.0 0.0 0.0 0.0
6851 2612.5748291015625 1053.330810546875 78.45049588818233 0.0 0.0 0.0 0.0 0.0 0.0 0.0
6864 2638.0987548828125 1053.330810546875 81.27262833831685 0.0 0.0 0.0 0.0 0.0 0.0 0.0
6875 2666.1751708984375 1053.330810546875 83.75184296344946 0.0 0.0 0.0 0.0 0.0 0.0 0.0
6889 2701.9085693359375 1055.8832397460938 87.14087759851003 0.0 0.0 0.0 0.0 0.0 0.0 0.0
6906 2727.4324951171875 1063.5404052734375 91.5889217819074 0.0 0.0 0.0 0.0 0.0 0.0 0.0
6912 2750.4041748046875 1073.75 96.33110321063128 0.0 0.0 0.0 0.0 0.0 0.0 0.0
6925 2775.9281005859375 1096.7215576171875 105.37834271822572 0.0 0.0 0.0 0.0 0.0 0.0 0.0
6939 2798.8995361328125 1122.2454833984375 113.76820643936694 0.0 0.0 0.0 0.0 0.0 0.0 0.0
6951 2819.3187255859375 1145.217041015625 119.81197545256529 0.0 0.0 0.0 0.0 0.0 0.0 0.0
6962 2829.5284423828125 1178.398193359375 130.51865764160914 0.0 0.0 0.0 0.0 0.0 0.0 0.0
6974 2839.7379150390625 1211.579345703125 138.92421468914625 0.0 0.0 0.0 0.0 0.0 0.0 0.0
6989 2847.3951416015625 1242.2080078125 145.61345062843768 0.0 0.0 0.0 0.0 0.0 0.0 0.0
7001 2855.0523681640625 1280.4940185546875 152.50368401706413 0.0 0.0 0.0 0.0 0.0 0.0 0.0
7011 2860.1571044921875 1321.332275390625 158.95440661573878 0.0 0.0 0.0 0.0 0.0 0.0 0.0
7023 2862.7095947265625 1359.6182861328125 164.28421616752303 0.0 0.0 0.0 0.0 0.0 0.0 0.0
7039 2865.2618408203125 1408.11376953125 169.23417995247542 0.0 0.0 0.0 0.0 0.0 0.0 0.0
7047 2865.2618408203125 1443.8472900390625 172.72177834552107 0.0 0.0 0.0 0.0 0.0 0.0 0.0
7060 2865.2618408203125 1484.685546875 175.63377047904612 0.0 0.0 0.0 0.0 0.0 0.0 0.0
7073 2865.2618408203125 1522.9715576171875 177.65924691652555 0.0 0.0 0.0 0.0 0.0 0.0 0.0
7089 2865.2618408203125 1553.6002197265625 178.92611550352328 0.0 0.0 0.0 0.0 0.0 0.0 0.0
7097 2860.1571044921875 1614.857666015625 182.26654539621535 0.0 0.0 0.0 0.0 0.0 0.0 0.0
7109 2847.3951416015625 1683.7723388671875 186.82331100015682 0.0 0.0 0.0 0.0 0.0 0.0 0.0
7122 2839.7379150390625 1757.7918701171875 187.8508862143263 0.0 0.0 0.0 0.0 0.0 0.0 0.0
7134 2832.0806884765625 1796.0777587890625 189.66798634836775 0.0 0.0 0.0 0.0 0.0 0.0 0.0
7146 2826.9759521484375 1813.944580078125 191.07694022382407 0.0 0.0 0.0 0.0 0.0 0.0 0.0
7157 2821.8712158203125 1824.154052734375 192.84280990960778 0.0 0.0 0.0 0.0 0.0 0.0 0.0
7172 2816.7664794921875 1826.70654296875 195.1892719415199 0.0 0.0 0.0 0.0 0.0 0.0 0.0
7183 2804.0042724609375 1826.70654296875 201.55560565107743 0.0 0.0 0.0 0.0 0.0 0.0 0.0
7194 2786.1375732421875 1826.70654296875 209.9596369054292 0.0 0.0 0.0 0.0 0.0 0.0 0.0
7207 2770.8233642578125 1821.6016845703125 218.10521267934584 0.0 0.0 0.0 0.0 0.0 0.0 0.0
7222 2752.9564208984375 1811.39208984375 228.55580855421871 0.0 0.0 0.0 0.0 0.0 0.0 0.0
7231 2722.3277587890625 1798.630126953125 242.65304007785426 0.0 0.0 0.0 0.0 0.0 0.0 0.0
7244 2694.2513427734375 1780.763427734375 256.0947200483238 0.0 0.0 0.0 0.0 0.0 0.0 0.0
7257 2673.8321533203125 1760.34423828125 267.8627821263698 0.0 0.0 0.0 0.0 0.0 0.0 0.0
7272 2650.8607177734375 1745.0299072265625 275.47651590854775 0.0 0.0 0.0 0.0 0.0 0.0 0.0
7280 2632.9940185546875 1722.058349609375 285.36622597255655 0.0 0.0 0.0 0.0 0.0 0.0 0.0
7293 2612.5748291015625 1688.877197265625 297.0828783111924 0.0 0.0 0.0 0.0 0.0 0.0 0.0
7306 2602.3651123046875 1658.2484130859375 307.4494787821216 0.0 0.0 0.0 0.0 0.0 0.0 0.0
7317 2594.7081298828125 1632.7244873046875 314.8470221446963 0.0 0.0 0.0 0.0 0.0 0.0 0.0
7330 2589.6031494140625 1602.095703125 323.20159575739 0.0 0.0 0.0 0.0 0.0 0.0 0.0
7342 2584.4984130859375 1571.467041015625 329.8645283125883 0.0 0.0 0.0 0.0 0.0 0.0 0.0
7356 2581.9459228515625 1545.943115234375 335.053991505685 0.0 0.0 0.0 0.0 0.0 0.0 0.0
7372 2581.9459228515625 1507.6571044921875 342.30747988995176 0.0 0.0 0.0 0.0 0.0 0.0 0.0
7378 2581.9459228515625 1466.81884765625 348.0122680848052 0.0 0.0 0.0 0.0 0.0 0.0 0.0
7391 2581.9459228515625 1420.875732421875 352.5636648710558 0.0 0.0 0.0 0.0 0.0 0.0 0.0
7405 2594.7081298828125 1359.6182861328125 0.7709265446861195 0.0 0.0 0.0 0.0 0.0 0.0 0.0
7416 2602.3651123046875 1326.4371337890625 4.474112862515028 0.0 0.0 0.0 0.0 0.0 0.0 0.0
7428 2612.5748291015625 1308.5703125 8.911740517174508 0.0 0.0 0.0 0.0 0.0 0.0 0.0
7440 2625.3367919921875 1288.151123046875 13.610557560178108 0.0 0.0 0.0 0.0 0.0 0.0 0.0
7455 2638.0987548828125 1267.7320556640625 17.501966175713164 0.0 0.0 0.0 0.0 0.0 0.0 0.0
7464 2655.9654541015625 1247.3128662109375 22.79686793352232 0.0 0.0 0.0 0.0 0.0 0.0 0.0
7477 2668.7274169921875 1231.99853515625 25.911749111988115 0.0 0.0 0.0 0.0 0.0 0.0 0.0
7489 2694.2513427734375 1219.2364501953125 34.045066913867345 0.0 0.0 0.0 0.0 0.0 0.0 0.0
7505 2719.7752685546875 1209.0269775390625 41.33320320756735 0.0 0.0 0.0 0.0 0.0 0.0 0.0
7513 2742.7469482421875 1203.922119140625 48.04036806998084 0.0 0.0 0.0 0.0 0.0 0.0 0.0
7525 2760.6136474609375 1201.3697509765625 53.088915033299884 0.0 0.0 0.0 0.0 0.0 0.0 0.0
7538 2783.5853271484375 1201.3697509765625 59.77581794702701 0.0 0.0 0.0 0.0 0.0 0.0 0.0
7555 2809.1092529296875 1201.3697509765625 65.95948775651851 0.0 0.0 0.0 0.0 0.0 0.0 0.0
7562 2826.9759521484375 1206.4744873046875 71.8951915754825 0.0 0.0 0.0 0.0 0.0 0.0 0.0
7575 2839.7379150390625 1214.1317138671875 77.5893876398834 0.0 0.0 0.0 0.0 0.0 0.0 0.0
7588 2855.0523681640625 1226.8936767578125 85.35991495219821 0.0 0.0 0.0 0.0 0.0 0.0 0.0
7601 2872.9190673828125 1252.4176025390625 98.04015315897135 0.0 0.0 0.0 0.0 0.0 0.0 0.0
7612 2888.2335205078125 1280.4940185546875 109.94817828029812 0.0 0.0 0.0 0.0 0.0 0.0 0.0
7623 2900.9954833984375 1326.4371337890625 126.65761945084651 0.0 0.0 0.0 0.0 0.0 0.0 0.0
7638 2906.1002197265625 1374.9326171875 141.73741883218142 0.0 0.0 0.0 0.0 0.0 0.0 0.0
7650 2911.2049560546875 1413.218505859375 150.4510272985834 0.0 0.0 0.0 0.0 0.0 0.0 0.0
7660 2913.7574462890625 1456.6092529296875 158.76000123053905 0.0 0.0 0.0 0.0 0.0 0.0 0.0
7673 2913.7574462890625 1487.2379150390625 164.0874343182523 0.0 0.0 0.0 0.0 0.0 0.0 0.0
7689 2913.7574462890625 1502.5523681640625 166.43576978512897 0.0 0.0 0.0 0.0 0.0 0.0 0.0
7697 2913.7574462890625 1512.761962890625 167.87232035784447 0.0 0.0 0.0 0.0 0.0 0.0 0.0
7710 2913.7574462890625 1520.4190673828125 168.88145667703782 0.0 0.0 0.0 0.0 0.0 0.0 0.0
7722 2913.7574462890625 1538.285888671875 170.9138765570998 0.0 0.0 0.0 0.0 0.0 0.0 0.0
7739 2913.7574462890625 1558.705078125 172.877436691474 0.0 0.0 0.0 0.0 0.0 0.0 0.0
7747 2913.7574462890625 1574.0194091796875 174.17145159844318 0.0 0.0 0.0 0.0 0.0 0.0 0.0
7759 2913.7574462890625 1581.6766357421875 174.77664585781582 0.0 0.0 0.0 0.0 0.0 0.0 0.0
7771 2913.7574462890625 1584.22900390625 174.9738490635406 0.0 0.0 0.0 0.0 0.0 0.0 0.0
7783 2913.7574462890625 1586.7813720703125 175.1665988297755 0.0 0.0 0.0 0.0 0.0 0.0 0.0
7808 2913.7574462890625 1589.333740234375 175.35495915564638 0.0 0.0 0.0 0.0 0.0 0.0 0.0
7955 2911.2049560546875 1589.333740234375 176.68256051502544 0.0 0.0 0.0 0.0 0.0 0.0 0.0
7968 2911.2049560546875 1586.7813720703125 176.52111601302096 0.0 0.0 0.0 0.0 0.0 0.0 0.0
8164 2867.8143310546875 1336.646728515625 351.41726753290135 0.0 0.0 0.0 0.0 0.0 0.0 0.0
8176 2852.4998779296875 1272.8367919921875 350.8707723907041 0.0 0.0 0.0 0.0 0.0 0.0 0.0
8187 2834.6331787109375 1234.5509033203125 347.41584439642435 0.0 0.0 0.0 0.0 0.0 0.0 0.0
8200 2816.7664794921875 1201.3697509765625 344.28302354749013 0.0 0.0 0.0 0.0 0.0 0.0 0.0
8215 2786.1375732421875 1163.0838623046875 338.2829712591337 0.0 0.0 0.0 0.0 0.0 0.0 0.0
8233 2763.1661376953125 1145.217041015625 332.71639647641314 0.0 0.0 0.0 0.0 0.0 0.0 0.0
8250 2724.8802490234375 1124.7979125976562 323.9974374639247 0.0 0.0 0.0 0.0 0.0 0.0 0.0
8267 2694.2513427734375 1117.1406860351562 316.06395918826024 0.0 0.0 0.0 0.0 0.0 0.0 0.0
8285 2668.7274169921875 1117.1406860351562 308.38672076319364 0.0 0.0 0.0 0.0 0.0 0.0 0.0
8287 2648.3082275390625 1117.1406860351562 303.0910869402802 0.0 0.0 0.0 0.0 0.0 0.0 0.0
8303 2617.6795654296875 1119.693115234375 295.74885618700705 0.0 0.0 0.0 0.0 0.0 0.0 0.0
8321 2589.6031494140625 1127.3502807617188 288.12330129348743 0.0 0.0 0.0 0.0 0.0 0.0 0.0
8327 2564.0792236328125 1137.559814453125 281.04044677295707 0.0 0.0 0.0 0.0 0.0 0.0 0.0
8345 2530.8980712890625 1152.874267578125 273.10179894631995 0.0 0.0 0.0 0.0 0.0 0.0 0.0
8348 2497.7169189453125 1175.8458251953125 264.0385322804008 0.0 0.0 0.0 0.0 0.0 0.0 0.0
8363 2469.6407470703125 1196.2650146484375 257.72005738793507 0.0 0.0 0.0 0.0 0.0 0.0 0.0
8381 2433.9071044921875 1224.34130859375 251.18917159523343 0.0 0.0 0.0 0.0 0.0 0.0 0.0
8398 2362.4400634765625 1318.7799072265625 235.25887809806508 0.0 0.0 0.0 0.0 0.0 0.0 0.0
8415 2334.3636474609375 1374.9326171875 226.10843785105226 0.0 0.0 0.0 0.0 0.0 0.0 0.0
8433 2296.0777587890625 1436.1900634765625 221.87683466348085 0.0 0.0 0.0 0.0 0.0 0.0 0.0
8450 2283.3157958984375 1456.6092529296875 220.7206242485667 0.0 0.0 0.0 0.0 0.0 0.0 0.0
8467 2275.6585693359375 1489.7904052734375 215.02896489430117 0.0 0.0 0.0 0.0 0.0 0.0 0.0
8484 2270.5538330078125 1540.8382568359375 206.84259844069544 0.0 0.0 0.0 0.0 0.0 0.0 0.0
8501 2270.5538330078125 1574.0194091796875 201.4625027493022 0.0 0.0 0.0 0.0 0.0 0.0 0.0
8518 2270.5538330078125 1604.648193359375 197.5524171572316 0.0 0.0 0.0 0.0 0.0 0.0 0.0
8521 2273.1063232421875 1632.7244873046875 193.63486631336065 0.0 0.0 0.0 0.0 0.0 0.0 0.0
8536 2283.3157958984375 1658.2484130859375 187.3742520812798 0.0 0.0 0.0 0.0 0.0 0.0 0.0
8553 2298.6302490234375 1691.4295654296875 180.3033594816922 0.0 0.0 0.0 0.0 0.0 0.0 0.0
8556 2313.9444580078125 1716.9534912109375 174.46114111585192 0.0 0.0 0.0 0.0 0.0 0.0 0.0
8571 2326.7066650390625 1732.2679443359375 169.84691200420153 0.0 0.0 0.0 0.0 0.0 0.0 0.0
8591 2339.4686279296875 1745.0299072265625 165.53925018071482 0.0 0.0 0.0 0.0 0.0 0.0 0.0
8594 2362.4400634765625 1760.34423828125 158.08435252701005 0.0 0.0 0.0 0.0 0.0 0.0 0.0
8610 2382.8592529296875 1773.106201171875 152.36780351957213 0.0 0.0 0.0 0.0 0.0 0.0 0.0
8627 2403.2784423828125 1790.9730224609375 148.87236954673523 0.0 0.0 0.0 0.0 0.0 0.0 0.0
8644 2451.7738037109375 1811.39208984375 138.4288517039185 0.0 0.0 0.0 0.0 0.0 0.0 0.0
8661 2477.2977294921875 1816.4969482421875 132.14657468470958 0.0 0.0 0.0 0.0 0.0 0.0 0.0
8678 2515.5838623046875 1819.04931640625 123.29404517880815 0.0 0.0 0.0 0.0 0.0 0.0 0.0
8695 2543.6600341796875 1813.944580078125 115.31255984074957 0.0 0.0 0.0 0.0 0.0 0.0 0.0
8712 2566.6317138671875 1796.0777587890625 103.86007059925669 0.0 0.0 0.0 0.0 0.0 0.0 0.0
8729 2602.3651123046875 1757.7918701171875 86.08966634511972 0.0 0.0 0.0 0.0 0.0 0.0 0.0
8747 2627.8890380859375 1724.6107177734375 74.05143925051959 0.0 0.0 0.0 0.0 0.0 0.0 0.0
8763 2655.9654541015625 1686.3248291015625 63.83421030227419 0.0 0.0 0.0 0.0 0.0 0.0 0.0
8764 2668.7274169921875 1660.80078125 57.030695355698526 0.0 0.0 0.0 0.0 0.0 0.0 0.0
8781 2681.4893798828125 1635.27685546875 51.53996509912423 0.0 0.0 0.0 0.0 0.0 0.0 0.0
8798 2686.5941162109375 1609.7529296875 44.71749894810819 0.0 0.0 0.0 0.0 0.0 0.0 0.0
8801 2689.1466064453125 1586.7813720703125 38.83184240187967 0.0 0.0 0.0 0.0 0.0 0.0 0.0
8816 2691.6990966796875 1563.809814453125 33.88491958925664 0.0 0.0 0.0 0.0 0.0 0.0 0.0
8833 2694.2513427734375 1540.8382568359375 29.750162194806933 0.0 0.0 0.0 0.0 0.0 0.0 0.0
8851 2694.2513427734375 1484.685546875 20.899061984887908 0.0 0.0 0.0 0.0 0.0 0.0 0.0
8868 2691.6990966796875 1461.7139892578125 16.8151217933937 0.0 0.0 0.0 0.0 0.0 0.0 0.0
8888 2666.1751708984375 1415.7708740234375 3.362954744327226 0.0 0.0 0.0 0.0 0.0 0.0 0.0
8904 2648.3082275390625 1392.79931640625 355.6932160889147 0.0 0.0 0.0 0.0 0.0 0.0 0.0
8924 2620.2320556640625 1362.170654296875 346.3244946257064 0.0 0.0 0.0 0.0 0.0 0.0 0.0
8942 2610.0223388671875 1354.513427734375 342.7392918437604 0.0 0.0 0.0 0.0 0.0 0.0 0.0
8959 2594.7081298828125 1341.75146484375 338.31386442421456 0.0 0.0 0.0 0.0 0.0 0.0 0.0
8961 2576.8411865234375 1331.5418701171875 332.9569574419878 0.0 0.0 0.0 0.0 0.0 0.0 0.0
8976 2558.9744873046875 1323.8846435546875 327.6993453672596 0.0 0.0 0.0 0.0 0.0 0.0 0.0
8994 2546.2125244140625 1318.7799072265625 324.2120833686491 0.0 0.0 0.0 0.0 0.0 0.0 0.0
9011 2510.4788818359375 1318.7799072265625 312.3716147568587 0.0 0.0 0.0 0.0 0.0 0.0 0.0
9029 2482.4027099609375 1326.4371337890625 301.8008074407257 0.0 0.0 0.0 0.0 0.0 0.0 0.0
9046 2444.1168212890625 1339.1990966796875 289.6881729185892 0.0 0.0 0.0 0.0 0.0 0.0 0.0
9063 2426.2498779296875 1344.3038330078125 285.16629134093574 0.0 0.0 0.0 0.0 0.0 0.0 0.0
9081 2408.3831787109375 1349.40869140625 281.24592489229536 0.0 0.0 0.0 0.0 0.0 0.0 0.0
9083 2393.0687255859375 1354.513427734375 277.95023990005166 0.0 0.0 0.0 0.0 0.0 0.0 0.0
9098 2380.3067626953125 1359.6182861328125 275.0863024318869 0.0 0.0 0.0 0.0 0.0 0.0 0.0
9116 2372.6495361328125 1364.7230224609375 272.48053522553494 0.0 0.0 0.0 0.0 0.0 0.0 0.0
9133 2354.7828369140625 1403.0089111328125 255.9449424331859 0.0 0.0 0.0 0.0 0.0 0.0 0.0
9150 2347.1256103515625 1418.3233642578125 250.1548750571987 0.0 0.0 0.0 0.0 0.0 0.0 0.0
9167 2336.9161376953125 1433.6376953125 245.56260647668734 0.0 0.0 0.0 0.0 0.0 0.0 0.0
9170 2326.7066650390625 1448.9520263671875 241.57299716127787 0.0 0.0 0.0 0.0 0.0 0.0 0.0
9186 2319.0494384765625 1471.923583984375 234.68723251952198 0.0 0.0 0.0 0.0 0.0 0.0 0.0
9203 2313.9444580078125 1492.3427734375 228.92829355905656 0.0 0.0 0.0 0.0 0.0 0.0 0.0
9205 2308.8397216796875 1512.761962890625 224.001829652105 0.0 0.0 0.0 0.0 0.0 0.0 0.0
9222 2308.8397216796875 1522.9715576171875 220.75950550431438 0.0 0.0 0.0 0.0 0.0 0.0 0.0
9239 2308.8397216796875 1535.7335205078125 217.057927553811 0.0 0.0 0.0 0.0 0.0 0.0 0.0
9243 2311.3922119140625 1556.152587890625 210.92687845774134 0.0 0.0 0.0 0.0 0.0 0.0 0.0
9258 2319.0494384765625 1579.1241455078125 203.08373098479777 0.0 0.0 0.0 0.0 0.0 0.0 0.0
9275 2329.2589111328125 1599.5433349609375 195.58724457538287 0.0 0.0 0.0 0.0 0.0 0.0 0.0
9293 2347.1256103515625 1650.59130859375 185.3130997777116 0.0 0.0 0.0 0.0 0.0 0.0 0.0
9310 2357.3353271484375 1681.219970703125 180.72986238084965 0.0 0.0 0.0 0.0 0.0 0.0 0.0
9316 2370.0972900390625 1706.743896484375 175.86454419601625 0.0 0.0 0.0 0.0 0.0 0.0 0.0
9334 2390.5164794921875 1729.7154541015625 168.5942281487491 0.0 0.0 0.0 0.0 0.0 0.0 0.0
9352 2428.8023681640625 1765.448974609375 157.69268933204444 0.0 0.0 0.0 0.0 0.0 0.0 0.0
9369 2441.5643310546875 1775.6585693359375 154.43964654693545 0.0 0.0 0.0 0.0 0.0 0.0 0.0
9387 2454.3262939453125 1783.3157958984375 150.95515944604185 0.0 0.0 0.0 0.0 0.0 0.0 0.0
9389 2456.8787841796875 1788.4205322265625 151.24894953785665 0.0 0.0 0.0 0.0 0.0 0.0 0.0
9405 2461.9835205078125 1788.4205322265625 149.04282087048756 0.0 0.0 0.0 0.0 0.0 0.0 0.0
9422 2464.5357666015625 1790.9730224609375 148.7064384978014 0.0 0.0 0.0 0.0 0.0 0.0 0.0
9439 2467.0882568359375 1793.525390625 148.38047569736023 0.0 0.0 0.0 0.0 0.0 0.0 0.0
9685 2464.5357666015625 1790.9730224609375 148.71729575667547 0.0 0.0 0.0 0.0 0.0 0.0 0.0
9696 2464.5357666015625 1788.4205322265625 147.94065870103896 0.0 0.0 0.0 0.0 0.0 0.0 0.0
9737 2459.4310302734375 1785.8681640625 149.4076508228655 0.0 0.0 0.0 0.0 0.0 0.0 0.0
9745 2454.3262939453125 1783.3157958984375 150.94396935110714 0.0 0.0 0.0 0.0 0.0 0.0 0.0
9765 2444.1168212890625 1778.2109375 154.31418880051518 0.0 0.0 0.0 0.0 0.0 0.0 0.0
9783 2431.3546142578125 1757.7918701171875 155.12206290766036 0.0 0.0 0.0 0.0 0.0 0.0 0.0
9800 2426.2498779296875 1737.3726806640625 151.77982650443283 0.0 0.0 0.0 0.0 0.0 0.0 0.0
9818 2421.1451416015625 1719.505859375 148.62893901504697 0.0 0.0 0.0 0.0 0.0 0.0 0.0
9819 2416.0404052734375 1683.7723388671875 136.75842567274876 0.0 0.0 0.0 0.0 0.0 0.0 0.0
9835 2413.4879150390625 1650.59130859375 121.96126520031439 0.0 0.0 0.0 0.0 0.0 0.0 0.0
9853 2408.3831787109375 1602.095703125 95.79224344258228 0.0 0.0 0.0 0.0 0.0 0.0 0.0
9869 2408.3831787109375 1512.761962890625 55.62752951009776 0.0 0.0 0.0 0.0 0.0 0.0 0.0
9886 2413.4879150390625 1459.16162109375 40.62605817625365 0.0 0.0 0.0 0.0 0.0 0.0 0.0
9904 2421.1451416015625 1413.218505859375 32.44468330656423 0.0 0.0 0.0 0.0 0.0 0.0 0.0
9905 2426.2498779296875 1351.9610595703125 23.776923359794864 0.0 0.0 0.0 0.0 0.0 0.0 0.0
9921 2439.0118408203125 1295.808349609375 21.186086388130832 0.0 0.0 0.0 0.0 0.0 0.0 0.0
9938 2456.8787841796875 1214.1317138671875 18.850814167481076 0.0 0.0 0.0 0.0 0.0 0.0 0.0
9941 2487.5074462890625 1157.97900390625 23.719404816472377 0.0 0.0 0.0 0.0 0.0 0.0 0.0
9957 2510.4788818359375 1132.455078125 28.859192924220395 0.0 0.0 0.0 0.0 0.0 0.0 0.0
9974 2528.3458251953125 1117.1406860351562 33.0405302605696 0.0 0.0 0.0 0.0 0.0 0.0 0.0
9991 2581.9459228515625 1096.7215576171875 46.41700643911827 0.0 0.0 0.0 0.0 0.0 0.0 0.0
10008 2610.0223388671875 1089.0643920898438 52.93607272482427 0.0 0.0 0.0 0.0 0.0 0.0 0.0
10025 2635.5462646484375 1086.511962890625 59.34006232377112 0.0 0.0 0.0 0.0 0.0 0.0 0.0
10027 2668.7274169921875 1083.9595947265625 66.14227736089782 0.0 0.0 0.0 0.0 0.0 0.0 0.0
10043 2696.8038330078125 1081.4071655273438 70.62113525512899 0.0 0.0 0.0 0.0 0.0 0.0 0.0
10061 2727.4324951171875 1081.4071655273438 75.55716186189892 0.0 0.0 0.0 0.0 0.0 0.0 0.0
10078 2798.8995361328125 1078.8547973632812 81.81342862437634 0.0 0.0 0.0 0.0 0.0 0.0 0.0
10096 2832.0806884765625 1078.8547973632812 84.51507552533059 0.0 0.0 0.0 0.0 0.0 0.0 0.0
10113 2893.3382568359375 1083.9595947265625 89.43659313373462 0.0 0.0 0.0 0.0 0.0 0.0 0.0
10131 2911.2049560546875 1091.6167602539062 93.45090620756935 0.0 0.0 0.0 0.0 0.0 0.0 0.0
10148 2931.6241455078125 1096.7215576171875 95.7034930790328 0.0 0.0 0.0 0.0 0.0 0.0 0.0
10149 2952.0433349609375 1109.4835205078125 100.94388745538004 0.0 0.0 0.0 0.0 0.0 0.0 0.0
10166 2964.8052978515625 1122.2454833984375 106.02026659639154 0.0 0.0 0.0 0.0 0.0 0.0 0.0
10184 2975.0147705078125 1147.7694091796875 116.31601535708185 0.0 0.0 0.0 0.0 0.0 0.0 0.0
10187 2980.1197509765625 1170.740966796875 125.1789190163235 0.0 0.0 0.0 0.0 0.0 0.0 0.0
10204 2987.7767333984375 1193.7125244140625 132.08979486397027 0.0 0.0 0.0 0.0 0.0 0.0 0.0
10221 2992.8817138671875 1219.2364501953125 139.46997256160628 0.0 0.0 0.0 0.0 0.0 0.0 0.0
10223 2995.4339599609375 1249.865234375 147.77054348391243 0.0 0.0 0.0 0.0 0.0 0.0 0.0
10239 2995.4339599609375 1277.941650390625 154.83254046508557 0.0 0.0 0.0 0.0 0.0 0.0 0.0
10256 2995.4339599609375 1306.0179443359375 160.56227728422473 0.0 0.0 0.0 0.0 0.0 0.0 0.0
10273 2995.4339599609375 1367.275390625 168.73970389692022 0.0 0.0 0.0 0.0 0.0 0.0 0.0
10290 2995.4339599609375 1392.79931640625 171.5080630603636 0.0 0.0 0.0 0.0 0.0 0.0 0.0
10307 2995.4339599609375 1423.4281005859375 174.1129851862857 0.0 0.0 0.0 0.0 0.0 0.0 0.0
10324 2995.4339599609375 1492.3427734375 177.72137668191246 0.0 0.0 0.0 0.0 0.0 0.0 0.0
10348 2987.7767333984375 1591.8861083984375 182.55560839339088 0.0 0.0 0.0 0.0 0.0 0.0 0.0
10365 2980.1197509765625 1665.9056396484375 185.3100820163964 0.0 0.0 0.0 0.0 0.0 0.0 0.0
10383 2939.2813720703125 1796.0777587890625 193.9525997654208 0.0 0.0 0.0 0.0 0.0 0.0 0.0
10401 2911.2049560546875 1849.6781005859375 200.0427383223195 0.0 0.0 0.0 0.0 0.0 0.0 0.0
10418 2898.4429931640625 1877.75439453125 201.76810953809456 0.0 0.0 0.0 0.0 0.0 0.0 0.0
10420 2880.5762939453125 1898.173583984375 206.2549036840587 0.0 0.0 0.0 0.0 0.0 0.0 0.0
10435 2855.0523681640625 1908.3831787109375 214.90236295379603 0.0 0.0 0.0 0.0 0.0 0.0 0.0
10452 2826.9759521484375 1916.040283203125 223.59230892699676 0.0 0.0 0.0 0.0 0.0 0.0 0.0
10469 2778.4803466796875 1916.040283203125 238.35850295624576 0.0 0.0 0.0 0.0 0.0 0.0 0.0
10486 2750.4041748046875 1905.8306884765625 249.31786322889081 0.0 0.0 0.0 0.0 0.0 0.0 0.0
10504 2724.8802490234375 1898.173583984375 256.97783909488714 0.0 0.0 0.0 0.0 0.0 0.0 0.0
10506 2704.4610595703125 1880.3067626953125 267.4595199050127 0.0 0.0 0.0 0.0 0.0 0.0 0.0
10521 2678.9371337890625 1854.7828369140625 279.4462780588567 0.0 0.0 0.0 0.0 0.0 0.0 0.0
10538 2650.8607177734375 1829.2589111328125 288.55908596504776 0.0 0.0 0.0 0.0 0.0 0.0 0.0
10555 2620.2320556640625 1783.3157958984375 302.10848934979936 0.0 0.0 0.0 0.0 0.0 0.0 0.0
10572 2607.4700927734375 1750.1346435546875 311.67161130445896 0.0 0.0 0.0 0.0 0.0 0.0 0.0
10590 2597.2603759765625 1724.6107177734375 317.55957707337893 0.0 0.0 0.0 0.0 0.0 0.0 0.0
10591 2592.1556396484375 1696.5343017578125 324.69850288386476 0.0 0.0 0.0 0.0 0.0 0.0 0.0
10607 2589.6031494140625 1648.038818359375 335.49134206632704 0.0 0.0 0.0 0.0 0.0 0.0 0.0
10624 2589.6031494140625 1609.7529296875 342.63646855681475 0.0 0.0 0.0 0.0 0.0 0.0 0.0
10641 2599.8128662109375 1505.104736328125 355.56570916879394 0.0 0.0 0.0 0.0 0.0 0.0 0.0
10659 2610.0223388671875 1448.9520263671875 1.7816131460778593 0.0 0.0 0.0 0.0 0.0 0.0 0.0
10676 2630.4415283203125 1390.2469482421875 9.307101838801714 0.0 0.0 0.0 0.0 0.0 0.0 0.0
10678 2663.6226806640625 1328.989501953125 18.065042568657248 0.0 0.0 0.0 0.0 0.0 0.0 0.0
10694 2696.8038330078125 1260.0748291015625 22.629550653582385 0.0 0.0 0.0 0.0 0.0 0.0 0.0
10711 2719.7752685546875 1226.8936767578125 26.79483277708391 0.0 0.0 0.0 0.0 0.0 0.0 0.0
10713 2740.1944580078125 1196.2650146484375 29.395530414890857 0.0 0.0 0.0 0.0 0.0 0.0 0.0
10729 2773.3756103515625 1165.63623046875 35.59057431151041 0.0 0.0 0.0 0.0 0.0 0.0 0.0
10747 2796.3472900390625 1142.6646728515625 38.525787495655436 0.0 0.0 0.0 0.0 0.0 0.0 0.0
10765 2839.7379150390625 1119.693115234375 46.81641713548811 0.0 0.0 0.0 0.0 0.0 0.0 0.0
10783 2867.8143310546875 1114.5883178710938 54.09453164773748 0.0 0.0 0.0 0.0 0.0 0.0 0.0
10801 2911.2049560546875 1112.0359497070312 64.11534061114975 0.0 0.0 0.0 0.0 0.0 0.0 0.0
10813 2929.0716552734375 1112.0359497070312 68.12243363048015 0.0 0.0 0.0 0.0 0.0 0.0 0.0
10858 2987.7767333984375 1147.7694091796875 89.43491646824361 0.0 0.0 0.0 0.0 0.0 0.0 0.0
10861 3000.5386962890625 1165.63623046875 98.23719480818613 0.0 0.0 0.0 0.0 0.0 0.0 0.0
11036 3112.8441162109375 1586.7813720703125 156.234601055795 0.0 0.0 0.0 0.0 0.0 0.0 0.0
11045 3112.8441162109375 1589.333740234375 156.83362583905424 0.0 0.0 0.0 0.0 0.0 0.0 0.0
11064 3112.8441162109375 1591.8861083984375 157.42035992288586 0.0 0.0 0.0 0.0 0.0 0.0 0.0
11254 3112.8441162109375 1589.333740234375 156.82113479904373 0.0 0.0 0.0 0.0 0.0 0.0 0.0
11385 3112.8441162109375 1586.7813720703125 156.20918055500618 0.0 0.0 0.0 0.0 0.0 0.0 0.0
11401 3112.8441162109375 1584.22900390625 155.58423953933962 0.0 0.0 0.0 0.0 0.0 0.0 0.0
11450 3112.8441162109375 1581.6766357421875 154.9461863704893 0.0 0.0 0.0 0.0 0.0 0.0 0.0
11488 3112.8441162109375 1579.1241455078125 154.29479243502632 0.0 0.0 0.0 0.0 0.0 0.0 0.0
11505 3112.8441162109375 1576.57177734375 153.62989518217336 0.0 0.0 0.0 0.0 0.0 0.0 0.0
11512 3110.2918701171875 1571.467041015625 153.4504795644316 0.0 0.0 0.0 0.0 0.0 0.0 0.0
11523 3105.1868896484375 1563.809814453125 153.78873243562126 0.0 0.0 0.0 0.0 0.0 0.0 0.0
11538 3094.9774169921875 1543.390625 152.9715645626805 0.0 0.0 0.0 0.0 0.0 0.0 0.0
11548 3082.2154541015625 1525.52392578125 154.23745499393908 0.0 0.0 0.0 0.0 0.0 0.0 0.0
11560 3066.9010009765625 1505.104736328125 156.551656916052 0.0 0.0 0.0 0.0 0.0 0.0 0.0
11572 3049.0343017578125 1477.0284423828125 158.9754033272721 0.0 0.0 0.0 0.0 0.0 0.0 0.0
11588 3013.3006591796875 1443.8472900390625 175.22780183540777 0.0 0.0 0.0 0.0 0.0 0.0 0.0
11596 2982.6719970703125 1418.3233642578125 193.71190195863534 0.0 0.0 0.0 0.0 0.0 0.0 0.0
11609 2949.4908447265625 1403.0089111328125 213.15186369058216 0.0 0.0 0.0 0.0 0.0 0.0 0.0
11621 2908.6524658203125 1385.1422119140625 234.38046985651866 0.0 0.0 0.0 0.0 0.0 0.0 0.0
11633 2872.9190673828125 1362.170654296875 252.59267181907663 0.0 0.0 0.0 0.0 0.0 0.0 0.0
11645 2834.6331787109375 1334.09423828125 269.02622424073417 0.0 0.0 0.0 0.0 0.0 0.0 0.0
11658 2793.7947998046875 1311.1226806640625 278.98884676476473 0.0 0.0 0.0 0.0 0.0 0.0 0.0
11672 2768.2708740234375 1295.808349609375 284.34697779725985 0.0 0.0 0.0 0.0 0.0 0.0 0.0
11683 2745.2991943359375 1283.04638671875 287.83559818774154 0.0 0.0 0.0 0.0 0.0 0.0 0.0
11695 2719.7752685546875 1267.7320556640625 291.36027341778305 0.0 0.0 0.0 0.0 0.0 0.0 0.0
11706 2694.2513427734375 1254.9700927734375 293.1487219215965 0.0 0.0 0.0 0.0 0.0 0.0 0.0
11721 2676.3846435546875 1242.2080078125 295.7784734323835 0.0 0.0 0.0 0.0 0.0 0.0 0.0
11732 2661.0701904296875 1234.5509033203125 296.35215914859106 0.0 0.0 0.0 0.0 0.0 0.0 0.0
11743 2638.0987548828125 1229.446044921875 294.52218319194765 0.0 0.0 0.0 0.0 0.0 0.0 0.0
11756 2617.6795654296875 1229.446044921875 291.2518711571372 0.0 0.0 0.0 0.0 0.0 0.0 0.0
11771 2599.8128662109375 1231.99853515625 287.6577426357975 0.0 0.0 0.0 0.0 0.0 0.0 0.0
11780 2584.4984130859375 1239.6556396484375 282.4372182569655 0.0 0.0 0.0 0.0 0.0 0.0 0.0
11793 2566.6317138671875 1249.865234375 276.57810912013963 0.0 0.0 0.0 0.0 0.0 0.0 0.0
11805 2541.1077880859375 1262.627197265625 270.56564466743816 0.0 0.0 0.0 0.0 0.0 0.0 0.0
11821 2523.2408447265625 1272.8367919921875 266.4040484053335 0.0 0.0 0.0 0.0 0.0 0.0 0.0
11830 2507.9266357421875 1283.04638671875 262.6523336195879 0.0 0.0 0.0 0.0 0.0 0.0 0.0
11841 2492.6121826171875 1295.808349609375 258.2945598869445 0.0 0.0 0.0 0.0 0.0 0.0 0.0
11854 2474.7454833984375 1321.332275390625 249.77846012623348 0.0 0.0 0.0 0.0 0.0 0.0 0.0
11871 2446.6690673828125 1349.40869140625 244.14560945723784 0.0 0.0 0.0 0.0 0.0 0.0 0.0
11878 2423.6976318359375 1374.9326171875 239.70918385358738 0.0 0.0 0.0 0.0 0.0 0.0 0.0
11891 2405.8306884765625 1418.3233642578125 229.71123388703055 0.0 0.0 0.0 0.0 0.0 0.0 0.0
11904 2385.4117431640625 1459.16162109375 223.9463651335737 0.0 0.0 0.0 0.0 0.0 0.0 0.0
11925 2362.4400634765625 1492.3427734375 222.385377801565 0.0 0.0 0.0 0.0 0.0 0.0 0.0
11932 2334.3636474609375 1548.4954833984375 217.88288946604268 0.0 0.0 0.0 0.0 0.0 0.0 0.0
11940 2319.0494384765625 1591.8861083984375 213.46004686837472 0.0 0.0 0.0 0.0 0.0 0.0 0.0
11955 2303.7349853515625 1650.59130859375 207.98430919037293 0.0 0.0 0.0 0.0 0.0 0.0 0.0
11964 2296.0777587890625 1696.5343017578125 203.49995832048393 0.0 0.0 0.0 0.0 0.0 0.0 0.0
11977 2293.5255126953125 1724.6107177734375 200.47318241124623 0.0 0.0 0.0 0.0 0.0 0.0 0.0
11989 2293.5255126953125 1752.68701171875 197.02182186106717 0.0 0.0 0.0 0.0 0.0 0.0 0.0
12005 2296.0777587890625 1780.763427734375 193.21017592466904 0.0 0.0 0.0 0.0 0.0 0.0 0.0
12014 2303.7349853515625 1801.1824951171875 188.3042494186542 0.0 0.0 0.0 0.0 0.0 0.0 0.0
12025 2319.0494384765625 1819.04931640625 180.7175884438962 0.0 0.0 0.0 0.0 0.0 0.0 0.0
12039 2331.8114013671875 1831.811279296875 175.07062399529428 0.0 0.0 0.0 0.0 0.0 0.0 0.0
12055 2342.0208740234375 1849.6781005859375 171.73412642603455 0.0 0.0 0.0 0.0 0.0 0.0 0.0
12062 2349.6781005859375 1870.09716796875 170.26895903724866 0.0 0.0 0.0 0.0 0.0 0.0 0.0
12075 2357.3353271484375 1887.9639892578125 168.76293303186014 0.0 0.0 0.0 0.0 0.0 0.0 0.0
12088 2364.9925537109375 1903.2783203125 167.16349459290325 0.0 0.0 0.0 0.0 0.0 0.0 0.0
12099 2372.6495361328125 1908.3831787109375 164.25445339771485 0.0 0.0 0.0 0.0 0.0 0.0 0.0
12112 2375.2020263671875 1916.040283203125 164.3070666085314 0.0 0.0 0.0 0.0 0.0 0.0 0.0
12124 2382.8592529296875 1918.5927734375 161.10466053465515 0.0 0.0 0.0 0.0 0.0 0.0 0.0
12139 2398.1737060546875 1921.1451416015625 154.70265202095405 0.0 0.0 0.0 0.0 0.0 0.0 0.0
12148 2408.3831787109375 1923.697509765625 150.91152535258763 0.0 0.0 0.0 0.0 0.0 0.0 0.0
12161 2418.5926513671875 1926.2498779296875 147.37510244517438 0.0 0.0 0.0 0.0 0.0 0.0 0.0
12173 2423.6976318359375 1926.2498779296875 145.27300184320592 0.0 0.0 0.0 0.0 0.0 0.0 0.0
12188 2428.8023681640625 1926.2498779296875 143.2312636279819 0.0 0.0 0.0 0.0 0.0 0.0 0.0
12198 2431.3546142578125 1926.2498779296875 142.22594541398826 0.0 0.0 0.0 0.0 0.0 0.0 0.0
12210 2433.9071044921875 1926.2498779296875 141.23591098100832 0.0 0.0 0.0 0.0 0.0 0.0 0.0
12222 2436.4595947265625 1926.2498779296875 140.26130035788174 0.0 0.0 0.0 0.0 0.0 0.0 0.0
12238 2436.4595947265625 1923.697509765625 139.330624935744 0.0 0.0 0.0 0.0 0.0 0.0 0.0
12246 2436.4595947265625 1921.1451416015625 138.38418613940922 0.0 0.0 0.0 0.0 0.0 0.0 0.0
12271 2436.4595947265625 1918.5927734375 137.4220691170646 0.0 0.0 0.0 0.0 0.0 0.0 0.0
12284 2436.4595947265625 1913.4879150390625 135.43421416732411 0.0 0.0 0.0 0.0 0.0 0.0 0.0
12296 2436.4595947265625 1900.7259521484375 130.06079264156375 0.0 0.0 0.0 0.0 0.0 0.0 0.0
12312 2436.4595947265625 1882.859130859375 121.79636575000032 0.0 0.0 0.0 0.0 0.0 0.0 0.0
12328 2436.4595947265625 1852.23046875 105.93203031656518 0.0 0.0 0.0 0.0 0.0 0.0 0.0
12334 2433.9071044921875 1821.6016845703125 89.617634143989 0.0 0.0 0.0 0.0 0.0 0.0 0.0
12345 2428.8023681640625 1790.9730224609375 73.41638234527665 0.0 0.0 0.0 0.0 0.0 0.0 0.0
12357 2413.4879150390625 1750.1346435546875 51.6097699168111 0.0 0.0 0.0 0.0 0.0 0.0 0.0
12369 2393.0687255859375 1719.505859375 33.97387530742225 0.0 0.0 0.0 0.0 0.0 0.0 0.0
12382 2372.6495361328125 1701.63916015625 20.856378515324252 0.0 0.0 0.0 0.0 0.0 0.0 0.0
12393 2357.3353271484375 1688.877197265625 11.904457394948906 0.0 0.0 0.0 0.0 0.0 0.0 0.0
12406 2336.9161376953125 1673.562744140625 1.4407592306177435 0.0 0.0 0.0 0.0 0.0 0.0 0.0
12422 2308.8397216796875 1665.9056396484375 348.19276911862835 0.0 0.0 0.0 0.0 0.0 0.0 0.0
12430 2285.8682861328125 1653.1436767578125 339.8208191815345 0.0 0.0 0.0 0.0 0.0 0.0 0.0
12443 2270.5538330078125 1645.4864501953125 334.7103982630191 0.0 0.0 0.0 0.0 0.0 0.0 0.0
12455 2255.2393798828125 1640.3817138671875 329.5391166191812 0.0 0.0 0.0 0.0 0.0 0.0 0.0
12467 2237.3726806640625 1635.27685546875 324.00393617005017 0.0 0.0 0.0 0.0 0.0 0.0 0.0
12480 2216.9534912109375 1630.172119140625 318.34197718343233 0.0 0.0 0.0 0.0 0.0 0.0 0.0
12491 2204.1915283203125 1630.172119140625 313.9936279106593 0.0 0.0 0.0 0.0 0.0 0.0 0.0
12505 2193.9820556640625 1627.6197509765625 311.7303085541022 0.0 0.0 0.0 0.0 0.0 0.0 0.0
12517 2188.8773193359375 1627.6197509765625 310.1331686923594 0.0 0.0 0.0 0.0 0.0 0.0 0.0
12528 2181.2200927734375 1627.6197509765625 307.8662117033016 0.0 0.0 0.0 0.0 0.0 0.0 0.0
12541 2178.6676025390625 1627.6197509765625 307.1250053521935 0.0 0.0 0.0 0.0 0.0 0.0 0.0
12556 2176.1153564453125 1627.6197509765625 306.3980338860646 0.0 0.0 0.0 0.0 0.0 0.0 0.0
12567 2173.5628662109375 1625.0672607421875 306.7806210496823 0.0 0.0 0.0 0.0 0.0 0.0 0.0
12590 2171.0103759765625 1625.0672607421875 306.06024053726117 0.0 0.0 0.0 0.0 0.0 0.0 0.0
12605 2168.4581298828125 1625.0672607421875 305.35394176677397 0.0 0.0 0.0 0.0 0.0 0.0 0.0
12725 2171.0103759765625 1625.0672607421875 306.07454326494593 0.0 0.0 0.0 0.0 0.0 0.0 0.0
12785 2206.7440185546875 1607.2005615234375 327.17161741220764 0.0 0.0 0.0 0.0 0.0 0.0 0.0
12788 2216.9534912109375 1602.095703125 333.1479415238198 0.0 0.0 0.0 0.0 0.0 0.0 0.0
12798 2239.9251708984375 1599.5433349609375 345.0724850135094 0.0 0.0 0.0 0.0 0.0 0.0 0.0
12810 2260.3443603515625 1599.5433349609375 355.73098104147266 0.0 0.0 0.0 0.0 0.0 0.0 0.0
12823 2275.6585693359375 1599.5433349609375 3.7778507218358754 0.0 0.0 0.0 0.0 0.0 0.0 0.0
12838 2285.8682861328125 1599.5433349609375 9.106726328883383 0.0 0.0 0.0 0.0 0.0 0.0 0.0
12847 2296.0777587890625 1599.5433349609375 14.364493117931943 0.0 0.0 0.0 0.0 0.0 0.0 0.0
12860 2303.7349853515625 1599.5433349609375 18.244924421210897 0.0 0.0 0.0 0.0 0.0 0.0 0.0
12872 2306.2874755859375 1599.5433349609375 19.529540057915142 0.0 0.0 0.0 0.0 0.0 0.0 0.0
12889 2308.8397216796875 1599.5433349609375 20.805547507784752 0.0 0.0 0.0 0.0 0.0 0.0 0.0
13008 2306.2874755859375 1599.5433349609375 19.520905560721076 0.0 0.0 0.0 0.0 0.0 0.0 0.0
13032 2303.7349853515625 1599.5433349609375 18.22818135594065 0.0 0.0 0.0 0.0 0.0 0.0 0.0
13056 2298.6302490234375 1599.5433349609375 15.613744516055021 0.0 0.0 0.0 0.0 0.0 0.0 0.0
13069 2296.0777587890625 1596.990966796875 14.053706101222247 0.0 0.0 0.0 0.0 0.0 0.0 0.0
13080 2290.9730224609375 1596.990966796875 11.404911042075867 0.0 0.0 0.0 0.0 0.0 0.0 0.0
13094 2283.3157958984375 1596.990966796875 7.400798016498754 0.0 0.0 0.0 0.0 0.0 0.0 0.0
13107 2275.6585693359375 1596.990966796875 3.3872091741783947 0.0 0.0 0.0 0.0 0.0 0.0 0.0
13117 2268.0013427734375 1596.990966796875 359.3837672998936 0.0 0.0 0.0 0.0 0.0 0.0 0.0
13130 2262.8966064453125 1599.5433349609375 356.5680411246556 0.0 0.0 0.0 0.0 0.0 0.0 0.0
13141 2255.2393798828125 1604.648193359375 352.1054307842998 0.0 0.0 0.0 0.0 0.0 0.0 0.0
13154 2247.5823974609375 1604.648193359375 348.23299464796384 0.0 0.0 0.0 0.0 0.0 0.0 0.0
13166 2239.9251708984375 1607.2005615234375 344.00259631373405 0.0 0.0 0.0 0.0 0.0 0.0 0.0
13302 2239.9251708984375 1609.7529296875 343.5474147514642 0.0 0.0 0.0 0.0 0.0 0.0 0.0
13338 2242.4774169921875 1609.7529296875 344.8140764588603 0.0 0.0 0.0 0.0 0.0 0.0 0.0
13362 2247.5823974609375 1604.648193359375 348.1019939110017 0.0 0.0 0.0 0.0 0.0 0.0 0.0
13375 2255.2393798828125 1599.5433349609375 352.55002132656716 0.0 0.0 0.0 0.0 0.0 0.0 0.0
13388 2265.4490966796875 1589.333740234375 358.36077983991805 0.0 0.0 0.0 0.0 0.0 0.0 0.0
13399 2288.4205322265625 1579.1241455078125 9.802723252080455 0.0 0.0 0.0 0.0 0.0 0.0 0.0
13412 2306.2874755859375 1568.9146728515625 17.594617801317213 0.0 0.0 0.0 0.0 0.0 0.0 0.0
13423 2329.2589111328125 1566.3621826171875 28.03680547545457 0.0 0.0 0.0 0.0 0.0 0.0 0.0
13438 2352.2305908203125 1566.3621826171875 37.997005866119196 0.0 0.0 0.0 0.0 0.0 0.0 0.0
13449 2372.6495361328125 1574.0194091796875 48.45272265324877 0.0 0.0 0.0 0.0 0.0 0.0 0.0
13460 2385.4117431640625 1581.6766357421875 55.7338930587282 0.0 0.0 0.0 0.0 0.0 0.0 0.0
13473 2393.0687255859375 1591.8861083984375 62.39832152397196 0.0 0.0 0.0 0.0 0.0 0.0 0.0
13488 2400.7259521484375 1599.5433349609375 67.75878077952098 0.0 0.0 0.0 0.0 0.0 0.0 0.0
13497 2403.2784423828125 1599.5433349609375 68.32651049529562 0.0 0.0 0.0 0.0 0.0 0.0 0.0
13510 2403.2784423828125 1602.095703125 69.54863466835741 0.0 0.0 0.0 0.0 0.0 0.0 0.0
13522 2405.8306884765625 1602.095703125 70.07900115460399 0.0 0.0 0.0 0.0 0.0 0.0 0.0
13804 2405.8306884765625 1599.5433349609375 68.86341322363 0.0 0.0 0.0 0.0 0.0 0.0 0.0
13890 2403.2784423828125 1599.5433349609375 68.29511462396187 0.0 0.0 0.0 0.0 0.0 0.0 0.0
13902 2400.7259521484375 1599.5433349609375 67.71452664589447 0.0 0.0 0.0 0.0 0.0 0.0 0.0
13915 2398.1737060546875 1596.990966796875 65.91087076711403 0.0 0.0 0.0 0.0 0.0 0.0 0.0
13928 2393.0687255859375 1596.990966796875 64.62139011212525 0.0 0.0 0.0 0.0 0.0 0.0 0.0
13946 2387.9639892578125 1596.990966796875 63.27735564685065 0.0 0.0 0.0 0.0 0.0 0.0 0.0
13952 2380.3067626953125 1594.4385986328125 59.9469553642889 0.0 0.0 0.0 0.0 0.0 0.0 0.0
13963 2372.6495361328125 1591.8861083984375 56.4640887277796 0.0 0.0 0.0 0.0 0.0 0.0 0.0
13976 2364.9925537109375 1589.333740234375 52.83627386283575 0.0 0.0 0.0 0.0 0.0 0.0 0.0
13989 2357.3353271484375 1589.333740234375 50.081021498494124 0.0 0.0 0.0 0.0 0.0 0.0 0.0
14004 2349.6781005859375 1589.333740234375 47.18171787455418 0.0 0.0 0.0 0.0 0.0 0.0 0.0
14012 2344.5733642578125 1586.7813720703125 44.28358709917927 0.0 0.0 0.0 0.0 0.0 0.0 0.0
14024 2344.5733642578125 1584.22900390625 43.42484573229825 0.0 0.0 0.0 0.0 0.0 0.0 0.0
14098 2349.6781005859375 1584.22900390625 45.41342894065713 0.0 0.0 0.0 0.0 0.0 0.0 0.0
14111 2354.7828369140625 1584.22900390625 47.340684815737404 0.0 0.0 0.0 0.0 0.0 0.0 0.0
14129 2364.9925537109375 1584.22900390625 50.95557933060161 0.0 0.0 0.0 0.0 0.0 0.0 0.0
14136 2372.6495361328125 1584.22900390625 53.5301174576457 0.0 0.0 0.0 0.0 0.0 0.0 0.0
14148 2385.4117431640625 1586.7813720703125 58.46428747756124 0.0 0.0 0.0 0.0 0.0 0.0 0.0
14159 2400.7259521484375 1591.8861083984375 64.68067339587651 0.0 0.0 0.0 0.0 0.0 0.0 0.0
14175 2408.3831787109375 1599.5433349609375 69.96465148480559 0.0 0.0 0.0 0.0 0.0 0.0 0.0
14185 2418.5926513671875 1604.648193359375 74.25221557056375 0.0 0.0 0.0 0.0 0.0 0.0 0.0
14196 2428.8023681640625 1612.3052978515625 79.44484203492266 0.0 0.0 0.0 0.0 0.0 0.0 0.0
14209 2433.9071044921875 1617.41015625 82.57653672739588 0.0 0.0 0.0 0.0 0.0 0.0 0.0
14222 2439.0118408203125 1622.514892578125 85.59206262589544 0.0 0.0 0.0 0.0 0.0 0.0 0.0
14234 2441.5643310546875 1622.514892578125 85.77081913798224 0.0 0.0 0.0 0.0 0.0 0.0 0.0
14307 2439.0118408203125 1622.514892578125 85.58780281235886 0.0 0.0 0.0 0.0 0.0 0.0 0.0
14322 2436.4595947265625 1622.514892578125 85.40050952289641 0.0 0.0 0.0 0.0 0.0 0.0 0.0
14344 2433.9071044921875 1619.9625244140625 83.85944702787691 0.0 0.0 0.0 0.0 0.0 0.0 0.0
14355 2431.3546142578125 1614.857666015625 80.95869792175381 0.0 0.0 0.0 0.0 0.0 0.0 0.0
14374 2426.2498779296875 1612.3052978515625 78.99634708520313 0.0 0.0 0.0 0.0 0.0 0.0 0.0
14381 2423.6976318359375 1609.7529296875 77.3408885687104 0.0 0.0 0.0 0.0 0.0 0.0 0.0
14393 2418.5926513671875 1602.095703125 72.63684287540332 0.0 0.0 0.0 0.0 0.0 0.0 0.0
14406 2410.9356689453125 1599.5433349609375 69.80238558922503 0.0 0.0 0.0 0.0 0.0 0.0 0.0
14417 2398.1737060546875 1594.4385986328125 64.19401004312704 0.0 0.0 0.0 0.0 0.0 0.0 0.0
14429 2390.5164794921875 1591.8861083984375 60.907806252338105 0.0 0.0 0.0 0.0 0.0 0.0 0.0
14441 2382.8592529296875 1589.333740234375 57.467611384661666 0.0 0.0 0.0 0.0 0.0 0.0 0.0
14454 2370.0972900390625 1584.22900390625 50.967681857382445 0.0 0.0 0.0 0.0 0.0 0.0 0.0
14467 2352.2305908203125 1581.6766357421875 42.86197843052395 0.0 0.0 0.0 0.0 0.0 0.0 0.0
14478 2334.3636474609375 1581.6766357421875 34.848139912287024 0.0 0.0 0.0 0.0 0.0 0.0 0.0
14491 2321.6016845703125 1581.6766357421875 28.796203472691445 0.0 0.0 0.0 0.0 0.0 0.0 0.0
14504 2301.1824951171875 1581.6766357421875 18.40729188060999 0.0 0.0 0.0 0.0 0.0 0.0 0.0
14515 2283.3157958984375 1584.22900390625 9.190666958944007 0.0 0.0 0.0 0.0 0.0 0.0 0.0
14528 2270.5538330078125 1586.7813720703125 2.4693308752868006 0.0 0.0 0.0 0.0 0.0 0.0 0.0
14539 2262.8966064453125 1589.333740234375 358.3524987201394 0.0 0.0 0.0 0.0 0.0 0.0 0.0
14554 2260.3443603515625 1589.333740234375 357.0240795246454 0.0 0.0 0.0 0.0 0.0 0.0 0.0
14564 2257.7918701171875 1591.8861083984375 355.51528042762027 0.0 0.0 0.0 0.0 0.0 0.0 0.0
14589 2255.2393798828125 1591.8861083984375 354.19579442457484 0.0 0.0 0.0 0.0 0.0 0.0 0.0
14736 2257.7918701171875 1591.8861083984375 355.5199910304202 0.0 0.0 0.0 0.0 0.0 0.0 0.0
14749 2260.3443603515625 1591.8861083984375 356.8480341358994 0.0 0.0 0.0 0.0 0.0 0.0 0.0
14761 2268.0013427734375 1589.333740234375 0.9169694141986611 0.0 0.0 0.0 0.0 0.0 0.0 0.0
14777 2278.2110595703125 1576.57177734375 5.972042818083594 0.0 0.0 0.0 0.0 0.0 0.0 0.0
14786 2293.5255126953125 1563.809814453125 12.815201099448075 0.0 0.0 0.0 0.0 0.0 0.0 0.0
14797 2316.4969482421875 1553.6002197265625 22.49026042639332 0.0 0.0 0.0 0.0 0.0 0.0 0.0
14809 2334.3636474609375 1545.943115234375 29.193091310623117 0.0 0.0 0.0 0.0 0.0 0.0 0.0
14824 2349.6781005859375 1545.943115234375 35.9721893228392 0.0 0.0 0.0 0.0 0.0 0.0 0.0
14834 2367.5447998046875 1545.943115234375 43.18743083503006 0.0 0.0 0.0 0.0 0.0 0.0 0.0
14847 2393.0687255859375 1551.0478515625 53.83284055395313 0.0 0.0 0.0 0.0 0.0 0.0 0.0
14858 2410.9356689453125 1571.467041015625 67.66699976279284 0.0 0.0 0.0 0.0 0.0 0.0 0.0
14873 2433.9071044921875 1589.333740234375 79.70429756929218 0.0 0.0 0.0 0.0 0.0 0.0 0.0
14884 2459.4310302734375 1604.648193359375 88.81788211823516 0.0 0.0 0.0 0.0 0.0 0.0 0.0
14895 2482.4027099609375 1614.857666015625 94.04753901641374 0.0 0.0 0.0 0.0 0.0 0.0 0.0
14908 2497.7169189453125 1625.0672607421875 98.65127487614683 0.0 0.0 0.0 0.0 0.0 0.0 0.0
14924 2505.3741455078125 1630.172119140625 100.79138524763175 0.0 0.0 0.0 0.0 0.0 0.0 0.0
14932 2507.9266357421875 1635.27685546875 103.20074080750635 0.0 0.0 0.0 0.0 0.0 0.0 0.0
14945 2513.0313720703125 1637.8292236328125 104.02443084309243 0.0 0.0 0.0 0.0 0.0 0.0 0.0
14957 2513.0313720703125 1640.3817138671875 105.3327443197523 0.0 0.0 0.0 0.0 0.0 0.0 0.0
15043 2513.0313720703125 1637.8292236328125 104.01842785785388 0.0 0.0 0.0 0.0 0.0 0.0 0.0
15092 2510.4788818359375 1637.8292236328125 104.26924763777583 0.0 0.0 0.0 0.0 0.0 0.0 0.0
15105 2510.4788818359375 1635.27685546875 102.95068701404466 0.0 0.0 0.0 0.0 0.0 0.0 0.0
15119 2505.3741455078125 1635.27685546875 103.4129856070511 0.0 0.0 0.0 0.0 0.0 0.0 0.0
15129 2497.7169189453125 1632.7244873046875 102.74079156434868 0.0 0.0 0.0 0.0 0.0 0.0 0.0
15144 2492.6121826171875 1632.7244873046875 103.19297740635005 0.0 0.0 0.0 0.0 0.0 0.0 0.0
15161 2484.9549560546875 1632.7244873046875 103.921498207105 0.0 0.0 0.0 0.0 0.0 0.0 0.0
15164 2469.6407470703125 1632.7244873046875 105.61054256183655 0.0 0.0 0.0 0.0 0.0 0.0 0.0
15177 2454.3262939453125 1632.7244873046875 107.5663976047214 0.0 0.0 0.0 0.0 0.0 0.0 0.0
15190 2439.0118408203125 1632.7244873046875 109.82790725538933 0.0 0.0 0.0 0.0 0.0 0.0 0.0
15205 2418.5926513671875 1632.7244873046875 113.4950143413734 0.0 0.0 0.0 0.0 0.0 0.0 0.0
15214 2393.0687255859375 1640.3817138671875 123.75693511230313 0.0 0.0 0.0 0.0 0.0 0.0 0.0
15226 2372.6495361328125 1653.1436767578125 136.00577254709535 0.0 0.0 0.0 0.0 0.0 0.0 0.0
15239 2352.2305908203125 1673.562744140625 150.94039571008213 0.0 0.0 0.0 0.0 0.0 0.0 0.0
15255 2329.2589111328125 1688.877197265625 165.03123370868497 0.0 0.0 0.0 0.0 0.0 0.0 0.0
15263 2313.9444580078125 1701.63916015625 174.0718045059043 0.0 0.0 0.0 0.0 0.0 0.0 0.0
15275 2308.8397216796875 1704.1915283203125 176.88194618345358 0.0 0.0 0.0 0.0 0.0 0.0 0.0
15289 2306.2874755859375 1706.743896484375 178.33278795385766 0.0 0.0 0.0 0.0 0.0 0.0 0.0
15300 2303.7349853515625 1706.743896484375 179.66686539448546 0.0 0.0 0.0 0.0 0.0 0.0 0.0
15325 2303.7349853515625 1709.29638671875 179.7531440486299 0.0 0.0 0.0 0.0 0.0 0.0 0.0
15668 2306.2874755859375 1709.29638671875 178.42140053303137 0.0 0.0 0.0 0.0 0.0 0.0 0.0
15680 2308.8397216796875 1709.29638671875 177.09283175069334 0.0 0.0 0.0 0.0 0.0 0.0 0.0
15696 2313.9444580078125 1699.0867919921875 173.53587597999814 0.0 0.0 0.0 0.0 0.0 0.0 0.0
15708 2331.8114013671875 1683.7723388671875 161.79687814294175 0.0 0.0 0.0 0.0 0.0 0.0 0.0
15718 2354.7828369140625 1673.562744140625 148.74955028991718 0.0 0.0 0.0 0.0 0.0 0.0 0.0
15730 2372.6495361328125 1665.9056396484375 139.20452833932026 0.0 0.0 0.0 0.0 0.0 0.0 0.0
15741 2393.0687255859375 1658.2484130859375 129.6122643310723 0.0 0.0 0.0 0.0 0.0 0.0 0.0
15755 2421.1451416015625 1655.696044921875 121.49327953270642 0.0 0.0 0.0 0.0 0.0 0.0 0.0
15767 2439.0118408203125 1655.696044921875 117.65466871710046 0.0 0.0 0.0 0.0 0.0 0.0 0.0
15778 2451.7738037109375 1658.2484130859375 116.29245483123526 0.0 0.0 0.0 0.0 0.0 0.0 0.0
15790 2461.9835205078125 1660.80078125 115.5224037797505 0.0 0.0 0.0 0.0 0.0 0.0 0.0
15805 2474.7454833984375 1663.353271484375 114.38350945386648 0.0 0.0 0.0 0.0 0.0 0.0 0.0
15815 2484.9549560546875 1665.9056396484375 113.77984688573281 0.0 0.0 0.0 0.0 0.0 0.0 0.0
15828 2490.0599365234375 1665.9056396484375 112.89022833110761 0.0 0.0 0.0 0.0 0.0 0.0 0.0
15839 2492.6121826171875 1665.9056396484375 112.45505177349554 0.0 0.0 0.0 0.0 0.0 0.0 0.0
16060 2490.0599365234375 1665.9056396484375 112.90008555760579 0.0 0.0 0.0 0.0 0.0 0.0 0.0
16379 2487.5074462890625 1660.80078125 110.74402703731246 0.0 0.0 0.0 0.0 0.0 0.0 0.0
16391 2477.2977294921875 1650.59130859375 106.76884137545915 0.0 0.0 0.0 0.0 0.0 0.0 0.0
16412 2472.1929931640625 1642.93408203125 103.27078351406522 0.0 0.0 0.0 0.0 0.0 0.0 0.0
16419 2461.9835205078125 1632.7244873046875 98.39842269932052 0.0 0.0 0.0 0.0 0.0 0.0 0.0
16429 2441.5643310546875 1614.857666015625 88.01190265819343 0.0 0.0 0.0 0.0 0.0 0.0 0.0
16448 2418.5926513671875 1586.7813720703125 69.34746025135394 0.0 0.0 0.0 0.0 0.0 0.0 0.0
16452 2400.7259521484375 1558.705078125 51.868345069423015 0.0 0.0 0.0 0.0 0.0 0.0 0.0
16465 2380.3067626953125 1543.390625 38.38413734067035 0.0 0.0 0.0 0.0 0.0 0.0 0.0
16477 2359.8875732421875 1528.0762939453125 25.358043122973413 0.0 0.0 0.0 0.0 0.0 0.0 0.0
16491 2336.9161376953125 1517.86669921875 12.527537660969301 0.0 0.0 0.0 0.0 0.0 0.0 0.0
16505 2321.6016845703125 1510.20947265625 4.413789808741285 0.0 0.0 0.0 0.0 0.0 0.0 0.0
16514 2308.8397216796875 1502.5523681640625 358.1191907832897 0.0 0.0 0.0 0.0 0.0 0.0 0.0
16526 2301.1824951171875 1497.447509765625 354.5677790238784 0.0 0.0 0.0 0.0 0.0 0.0 0.0
16539 2285.8682861328125 1492.3427734375 347.5680243536876 0.0 0.0 0.0 0.0 0.0 0.0 0.0
16552 2268.0013427734375 1487.2379150390625 340.0236294153734 0.0 0.0 0.0 0.0 0.0 0.0 0.0
16563 2252.6871337890625 1484.685546875 333.71030848355565 0.0 0.0 0.0 0.0 0.0 0.0 0.0
16575 2237.3726806640625 1484.685546875 327.22650901168237 0.0 0.0 0.0 0.0 0.0 0.0 0.0
16590 2224.6107177734375 1484.685546875 322.1956280821929 0.0 0.0 0.0 0.0 0.0 0.0 0.0
16600 2201.6392822265625 1489.7904052734375 312.4949541714333 0.0 0.0 0.0 0.0 0.0 0.0 0.0
16612 2181.2200927734375 1492.3427734375 305.6497134354753 0.0 0.0 0.0 0.0 0.0 0.0 0.0
16624 2165.9056396484375 1494.8951416015625 300.77504073257444 0.0 0.0 0.0 0.0 0.0 0.0 0.0
16640 2160.8009033203125 1494.8951416015625 299.59703807022504 0.0 0.0 0.0 0.0 0.0 0.0 0.0
16650 2158.2484130859375 1494.8951416015625 299.0201147765203 0.0 0.0 0.0 0.0 0.0 0.0 0.0
16673 2155.6961669921875 1494.8951416015625 298.4551799188981 0.0 0.0 0.0 0.0 0.0 0.0 0.0
16690 2155.6961669921875 1497.447509765625 297.23176213474255 0.0 0.0 0.0 0.0 0.0 0.0 0.0
16697 2153.1436767578125 1502.5523681640625 294.25635402324906 0.0 0.0 0.0 0.0 0.0 0.0 0.0
16710 2153.1436767578125 1507.6571044921875 291.7166157157498 0.0 0.0 0.0 0.0 0.0 0.0 0.0
16723 2153.1436767578125 1510.20947265625 290.4380830020548 0.0 0.0 0.0 0.0 0.0 0.0 0.0
16738 2150.5911865234375 1512.761962890625 288.7950206530526 0.0 0.0 0.0 0.0 0.0 0.0 0.0
16760 2148.0389404296875 1515.3143310546875 287.1790584186399 0.0 0.0 0.0 0.0 0.0 0.0 0.0
16797 2148.0389404296875 1517.86669921875 285.87347160090803 0.0 0.0 0.0 0.0 0.0 0.0 0.0
16849 2140.3817138671875 1548.4954833984375 269.9053626451256 0.0 0.0 0.0 0.0 0.0 0.0 0.0
16858 2137.8292236328125 1556.152587890625 266.09657074780927 0.0 0.0 0.0 0.0 0.0 0.0 0.0
16871 2137.8292236328125 1571.467041015625 258.33000565382986 0.0 0.0 0.0 0.0 0.0 0.0 0.0
16883 2135.2769775390625 1586.7813720703125 251.38254655715917 0.0 0.0 0.0 0.0 0.0 0.0 0.0
16894 2135.2769775390625 1596.990966796875 246.60632151756292 0.0 0.0 0.0 0.0 0.0 0.0 0.0
16906 2135.2769775390625 1602.095703125 244.27152630556043 0.0 0.0 0.0 0.0 0.0 0.0 0.0
16921 2135.2769775390625 1607.2005615234375 241.99048767909454 0.0 0.0 0.0 0.0 0.0 0.0 0.0
16931 2135.2769775390625 1612.3052978515625 239.76537904183442 0.0 0.0 0.0 0.0 0.0 0.0 0.0
16943 2137.8292236328125 1614.857666015625 237.90025199705696 0.0 0.0 0.0 0.0 0.0 0.0 0.0
16955 2140.3817138671875 1617.41015625 236.02588084882873 0.0 0.0 0.0 0.0 0.0 0.0 0.0
16972 2142.9342041015625 1619.9625244140625 234.14434518946794 0.0 0.0 0.0 0.0 0.0 0.0 0.0
16980 2145.4864501953125 1625.0672607421875 231.2645286071118 0.0 0.0 0.0 0.0 0.0 0.0 0.0
16992 2148.0389404296875 1630.172119140625 228.42805580481266 0.0 0.0 0.0 0.0 0.0 0.0 0.0
17005 2153.1436767578125 1632.7244873046875 225.54687250143024 0.0 0.0 0.0 0.0 0.0 0.0 0.0
17016 2158.2484130859375 1637.8292236328125 221.7887881402517 0.0 0.0 0.0 0.0 0.0 0.0 0.0
17029 2171.0103759765625 1640.3817138671875 215.3963677700804 0.0 0.0 0.0 0.0 0.0 0.0 0.0
17041 2183.7723388671875 1642.93408203125 208.7679084372231 0.0 0.0 0.0 0.0 0.0 0.0 0.0
17054 2191.4295654296875 1645.4864501953125 204.54138953798054 0.0 0.0 0.0 0.0 0.0 0.0 0.0
17066 2196.5343017578125 1645.4864501953125 202.0060167801096 0.0 0.0 0.0 0.0 0.0 0.0 0.0
17078 2204.1915283203125 1645.4864501953125 198.12341527048235 0.0 0.0 0.0 0.0 0.0 0.0 0.0
17090 2211.8487548828125 1645.4864501953125 194.17995341018678 0.0 0.0 0.0 0.0 0.0 0.0 0.0
17105 2219.5059814453125 1642.93408203125 190.3563784838846 0.0 0.0 0.0 0.0 0.0 0.0 0.0
17115 2229.7154541015625 1637.8292236328125 185.07986822073406 0.0 0.0 0.0 0.0 0.0 0.0 0.0
17127 2232.2679443359375 1635.27685546875 183.74981907084359 0.0 0.0 0.0 0.0 0.0 0.0 0.0