0 2000.0 1500.0 0 0.0 0.0 0.0 0.0 0.0 0.0 0.0
620 1997.2222900390625 1491.666748046875 -1.7224742067781875 0.0 0.0 0.0 0.0 0.0 0.0 0.0
637 1994.4444580078125 1491.666748046875 -2.826115585069658 0.0 0.0 0.0 0.0 0.0 0.0 0.0
653 1988.888916015625 1491.666748046875 -5.046544192608906 0.0 0.0 0.0 0.0 0.0 0.0 0.0
670 1983.3333740234375 1491.666748046875 -7.276439723045584 0.0 0.0 0.0 0.0 0.0 0.0 0.0
687 1972.2222900390625 1491.666748046875 -11.757310429509843 0.0 0.0 0.0 0.0 0.0 0.0 0.0
704 1961.111083984375 1491.666748046875 343.771453338666 0.0 0.0 0.0 0.0 0.0 0.0 0.0
720 1950.0 1491.666748046875 339.3368223599799 0.0 0.0 0.0 0.0 0.0 0.0 0.0
737 1930.5555419921875 1491.666748046875 331.7773960550437 0.0 0.0 0.0 0.0 0.0 0.0 0.0
754 1913.888916015625 1491.666748046875 325.54140248585594 0.0 0.0 0.0 0.0 0.0 0.0 0.0
770 1900.0 1486.111083984375 321.49729071091485 0.0 0.0 0.0 0.0 0.0 0.0 0.0
787 1886.111083984375 1480.5555419921875 317.7543142191186 0.0 0.0 0.0 0.0 0.0 0.0 0.0
804 1880.5555419921875 1472.2222900390625 317.5010015159049 0.0 0.0 0.0 0.0 0.0 0.0 0.0
820 1872.2222900390625 1452.77783203125 318.3922659387159 0.0 0.0 0.0 0.0 0.0 0.0 0.0
837 1869.4444580078125 1441.666748046875 319.51209360319774 0.0 0.0 0.0 0.0 0.0 0.0 0.0
854 1869.4444580078125 1433.3333740234375 321.0144507052795 0.0 0.0 0.0 0.0 0.0 0.0 0.0
870 1869.4444580078125 1425.0 322.4415444933237 0.0 0.0 0.0 0.0 0.0 0.0 0.0
887 1869.4444580078125 1422.2222900390625 322.90892315640593 0.0 0.0 0.0 0.0 0.0 0.0 0.0
954 1866.6666259765625 1422.2222900390625 321.90034285782383 0.0 0.0 0.0 0.0 0.0 0.0 0.0
971 1861.111083984375 1422.2222900390625 319.9177134667582 0.0 0.0 0.0 0.0 0.0 0.0 0.0
987 1858.3333740234375 1422.2222900390625 318.93564126057765 0.0 0.0 0.0 0.0 0.0 0.0 0.0
1020 1852.77783203125 1422.2222900390625 317.00837377318845 0.0 0.0 0.0 0.0 0.0 0.0 0.0
1071 1852.77783203125 1419.4444580078125 317.56837924284446 0.0 0.0 0.0 0.0 0.0 0.0 0.0
1087 1861.111083984375 1416.666748046875 321.07446406168333 0.0 0.0 0.0 0.0 0.0 0.0 0.0
1104 1888.888916015625 1411.111083984375 332.53968364279285 0.0 0.0 0.0 0.0 0.0 0.0 0.0
1121 1919.4444580078125 1411.111083984375 344.93350856598875 0.0 0.0 0.0 0.0 0.0 0.0 0.0
1137 1958.3333740234375 1411.111083984375 0.3990300350507141 0.0 0.0 0.0 0.0 0.0 0.0 0.0
1154 1986.111083984375 1411.111083984375 10.745309693711661 0.0 0.0 0.0 0.0 0.0 0.0 0.0
1170 2016.6666259765625 1419.4444580078125 22.826965275011183 0.0 0.0 0.0 0.0 0.0 0.0 0.0
1187 2041.6666259765625 1430.5555419921875 33.132374225828386 0.0 0.0 0.0 0.0 0.0 0.0 0.0
1204 2086.1112060546875 1444.4444580078125 47.165856864575346 0.0 0.0 0.0 0.0 0.0 0.0 0.0
1221 2130.5555419921875 1450.0 55.89851735182842 0.0 0.0 0.0 0.0 0.0 0.0 0.0
1237 2166.6666259765625 1452.77783203125 61.10739101322061 0.0 0.0 0.0 0.0 0.0 0.0 0.0
1254 2205.5555419921875 1458.3333740234375 66.36173580335347 0.0 0.0 0.0 0.0 0.0 0.0 0.0
1271 2227.7777099609375 1463.888916015625 69.79595759549812 0.0 0.0 0.0 0.0 0.0 0.0 0.0
1288 2244.4444580078125 1466.666748046875 71.6092953943399 0.0 0.0 0.0 0.0 0.0 0.0 0.0
1304 2255.5555419921875 1466.666748046875 72.04229411469016 0.0 0.0 0.0 0.0 0.0 0.0 0.0
1321 2263.8887939453125 1466.666748046875 72.34912492389725 0.0 0.0 0.0 0.0 0.0 0.0 0.0
1337 2269.4444580078125 1466.666748046875 72.54601607160163 0.0 0.0 0.0 0.0 0.0 0.0 0.0
1354 2275.0001220703125 1466.666748046875 72.73551630776234 0.0 0.0 0.0 0.0 0.0 0.0 0.0
1438 2275.0001220703125 1463.888916015625 71.6223421370652 0.0 0.0 0.0 0.0 0.0 0.0 0.0
1454 2275.0001220703125 1461.111083984375 70.51161616973275 0.0 0.0 0.0 0.0 0.0 0.0 0.0
1471 2275.0001220703125 1455.5555419921875 68.30214413200973 0.0 0.0 0.0 0.0 0.0 0.0 0.0
1488 2275.0001220703125 1452.77783203125 67.20129330924973 0.0 0.0 0.0 0.0 0.0 0.0 0.0
1504 2275.0001220703125 1450.0 66.10449336111441 0.0 0.0 0.0 0.0 0.0 0.0 0.0
1521 2269.4444580078125 1447.2222900390625 64.50745764902518 0.0 0.0 0.0 0.0 0.0 0.0 0.0
1537 2258.3333740234375 1441.666748046875 61.087581072144474 0.0 0.0 0.0 0.0 0.0 0.0 0.0
1555 2247.2222900390625 1430.5555419921875 55.23441971859204 0.0 0.0 0.0 0.0 0.0 0.0 0.0
1572 2233.3333740234375 1422.2222900390625 49.63665034626477 0.0 0.0 0.0 0.0 0.0 0.0 0.0
1588 2222.2222900390625 1413.888916015625 44.36775188745022 0.0 0.0 0.0 0.0 0.0 0.0 0.0
1605 2208.3333740234375 1405.5555419921875 38.210341278361376 0.0 0.0 0.0 0.0 0.0 0.0 0.0
1622 2194.4444580078125 1397.2222900390625 31.846330860886553 0.0 0.0 0.0 0.0 0.0 0.0 0.0
1638 2169.4444580078125 1386.111083984375 20.903990864472206 0.0 0.0 0.0 0.0 0.0 0.0 0.0
1655 2136.1112060546875 1372.2222900390625 6.230302130200556 0.0 0.0 0.0 0.0 0.0 0.0 0.0
1671 2086.1112060546875 1352.77783203125 345.9016694863426 0.0 0.0 0.0 0.0 0.0 0.0 0.0
1688 2036.1112060546875 1341.666748046875 328.1177578623119 0.0 0.0 0.0 0.0 0.0 0.0 0.0
1705 1983.3333740234375 1330.5555419921875 312.9837712266617 0.0 0.0 0.0 0.0 0.0 0.0 0.0
1721 1916.6666259765625 1313.888916015625 299.79771615587333 0.0 0.0 0.0 0.0 0.0 0.0 0.0
1738 1886.111083984375 1305.5555419921875 294.9838698234635 0.0 0.0 0.0 0.0 0.0 0.0 0.0
1755 1855.5555419921875 1286.111083984375 293.98577056847915 0.0 0.0 0.0 0.0 0.0 0.0 0.0
1772 1830.5555419921875 1272.2222900390625 292.75890409462386 0.0 0.0 0.0 0.0 0.0 0.0 0.0
1788 1813.888916015625 1261.111083984375 292.57667343916063 0.0 0.0 0.0 0.0 0.0 0.0 0.0
1805 1802.77783203125 1258.3333740234375 291.04270424854565 0.0 0.0 0.0 0.0 0.0 0.0 0.0
1822 1791.6666259765625 1252.77783203125 290.49056622100187 0.0 0.0 0.0 0.0 0.0 0.0 0.0
1838 1780.5555419921875 1250.0 289.10476300881976 0.0 0.0 0.0 0.0 0.0 0.0 0.0
1855 1766.6666259765625 1250.0 286.4067744739158 0.0 0.0 0.0 0.0 0.0 0.0 0.0
1872 1755.5555419921875 1247.2222900390625 285.3148944905896 0.0 0.0 0.0 0.0 0.0 0.0 0.0
1888 1747.2222900390625 1244.4444580078125 284.7765877867788 0.0 0.0 0.0 0.0 0.0 0.0 0.0
1905 1736.111083984375 1238.888916015625 284.7268583257123 0.0 0.0 0.0 0.0 0.0 0.0 0.0
1922 1730.5555419921875 1236.111083984375 284.70304906327476 0.0 0.0 0.0 0.0 0.0 0.0 0.0
1939 1725.0 1233.3333740234375 284.6802040341813 0.0 0.0 0.0 0.0 0.0 0.0 0.0
1955 1719.4444580078125 1230.5555419921875 284.658369761423 0.0 0.0 0.0 0.0 0.0 0.0 0.0
1972 1719.4444580078125 1227.77783203125 285.64604130128737 0.0 0.0 0.0 0.0 0.0 0.0 0.0
1988 1716.6666259765625 1227.77783203125 285.12860034350456 0.0 0.0 0.0 0.0 0.0 0.0 0.0
2005 1716.6666259765625 1225.0 286.1119899565303 0.0 0.0 0.0 0.0 0.0 0.0 0.0
2105 1719.4444580078125 1225.0 286.65564987998323 0.0 0.0 0.0 0.0 0.0 0.0 0.0
2122 1738.888916015625 1219.4444580078125 293.035247924315 0.0 0.0 0.0 0.0 0.0 0.0 0.0
2138 1777.77783203125 1211.111083984375 307.3051755452782 0.0 0.0 0.0 0.0 0.0 0.0 0.0
2155 1827.77783203125 1194.4444580078125 329.0584246273113 0.0 0.0 0.0 0.0 0.0 0.0 0.0
2172 1919.4444580078125 1158.3333740234375 2.7979821136185166 0.0 0.0 0.0 0.0 0.0 0.0 0.0
2188 1969.4444580078125 1141.6666870117188 17.1566714737313 0.0 0.0 0.0 0.0 0.0 0.0 0.0
2205 2016.6666259765625 1122.2222290039062 26.947655105201903 0.0 0.0 0.0 0.0 0.0 0.0 0.0
2222 2075.0001220703125 1102.77783203125 36.52542014954525 0.0 0.0 0.0 0.0 0.0 0.0 0.0
2238 2116.6666259765625 1088.888916015625 41.809279293775965 0.0 0.0 0.0 0.0 0.0 0.0 0.0
2255 2169.4444580078125 1069.4444580078125 46.20188437112532 0.0 0.0 0.0 0.0 0.0 0.0 0.0
2272 2211.1112060546875 1050.0 47.757959478793275 0.0 0.0 0.0 0.0 0.0 0.0 0.0
2289 2263.8887939453125 1016.6666870117188 47.013387703139244 0.0 0.0 0.0 0.0 0.0 0.0 0.0
2305 2327.7777099609375 950.0 40.86622894025887 0.0 0.0 0.0 0.0 0.0 0.0 0.0
2322 2350.0001220703125 922.2222290039062 37.95743516181776 0.0 0.0 0.0 0.0 0.0 0.0 0.0
2339 2388.8887939453125 888.888916015625 37.70157622308825 0.0 0.0 0.0 0.0 0.0 0.0 0.0
2356 2405.5555419921875 877.77783203125 38.46619705751335 0.0 0.0 0.0 0.0 0.0 0.0 0.0
2372 2427.7777099609375 869.4444580078125 41.09360651988236 0.0 0.0 0.0 0.0 0.0 0.0 0.0
2389 2430.5555419921875 872.2222290039062 42.65217350414928 0.0 0.0 0.0 0.0 0.0 0.0 0.0
2405 2430.5555419921875 886.1111450195312 47.49947456038127 0.0 0.0 0.0 0.0 0.0 0.0 0.0
2422 2430.5555419921875 900.0 52.576924876701725 0.0 0.0 0.0 0.0 0.0 0.0 0.0
2439 2416.6666259765625 911.1111450195312 54.500496375901776 0.0 0.0 0.0 0.0 0.0 0.0 0.0
2456 2402.7777099609375 916.6666870117188 54.3488110314554 0.0 0.0 0.0 0.0 0.0 0.0 0.0
2472 2388.8887939453125 916.6666870117188 51.92423127666912 0.0 0.0 0.0 0.0 0.0 0.0 0.0
2489 2375.0001220703125 911.1111450195312 47.15407823608548 0.0 0.0 0.0 0.0 0.0 0.0 0.0
2506 2369.4444580078125 902.77783203125 43.115918524735264 0.0 0.0 0.0 0.0 0.0 0.0 0.0
2522 2361.1112060546875 891.6666870117188 37.5199865454811 0.0 0.0 0.0 0.0 0.0 0.0 0.0
2539 2352.7777099609375 883.3333740234375 32.766348648556985 0.0 0.0 0.0 0.0 0.0 0.0 0.0
2556 2338.8887939453125 872.2222290039062 25.581923133974 0.0 0.0 0.0 0.0 0.0 0.0 0.0
2573 2308.3333740234375 872.2222290039062 14.539674204902816 0.0 0.0 0.0 0.0 0.0 0.0 0.0
2589 2266.6666259765625 877.77783203125 -1.7646336080262017 0.0 0.0 0.0 0.0 0.0 0.0 0.0
2606 2219.4444580078125 897.2222290039062 337.7115928843722 0.0 0.0 0.0 0.0 0.0 0.0 0.0
2622 2183.3333740234375 908.3333740234375 322.4592709545232 0.0 0.0 0.0 0.0 0.0 0.0 0.0
2639 2130.5555419921875 922.2222290039062 303.0144481004669 0.0 0.0 0.0 0.0 0.0 0.0 0.0
2656 2080.5555419921875 930.5556030273438 289.41278122205335 0.0 0.0 0.0 0.0 0.0 0.0 0.0
2673 2027.7777099609375 933.3333740234375 280.1741415163154 0.0 0.0 0.0 0.0 0.0 0.0 0.0
2689 1988.888916015625 933.3333740234375 275.3817147038054 0.0 0.0 0.0 0.0 0.0 0.0 0.0
2706 1941.6666259765625 927.77783203125 272.6120489653896 0.0 0.0 0.0 0.0 0.0 0.0 0.0
2719 1888.888916015625 930.5556030273438 267.75343433013927 0.0 0.0 0.0 0.0 0.0 0.0 0.0
2735 1858.3333740234375 947.2222290039062 260.41955260984946 0.0 0.0 0.0 0.0 0.0 0.0 0.0
2752 1816.6666259765625 980.5556030273438 249.43921124449628 0.0 0.0 0.0 0.0 0.0 0.0 0.0
2769 1777.77783203125 1000.0 245.15852582617902 0.0 0.0 0.0 0.0 0.0 0.0 0.0
2786 1750.0 1019.4444580078125 240.87161631018702 0.0 0.0 0.0 0.0 0.0 0.0 0.0
2802 1727.77783203125 1030.5556030273438 239.41186400148564 0.0 0.0 0.0 0.0 0.0 0.0 0.0
2818 1716.6666259765625 1033.3333740234375 239.72057448682446 0.0 0.0 0.0 0.0 0.0 0.0 0.0
2836 1702.77783203125 1038.888916015625 239.34679687655608 0.0 0.0 0.0 0.0 0.0 0.0 0.0
2852 1697.2222900390625 1041.6666870117188 238.99971988741024 0.0 0.0 0.0 0.0 0.0 0.0 0.0
2869 1694.4444580078125 1044.4444580078125 238.31284784912094 0.0 0.0 0.0 0.0 0.0 0.0 0.0
2886 1691.6666259765625 1047.2222290039062 237.64271148799065 0.0 0.0 0.0 0.0 0.0 0.0 0.0
2902 1688.888916015625 1047.2222290039062 238.01767657382996 0.0 0.0 0.0 0.0 0.0 0.0 0.0
2919 1686.111083984375 1050.0 237.35475725147168 0.0 0.0 0.0 0.0 0.0 0.0 0.0
2936 1680.5555419921875 1050.0 238.10158908868956 0.0 0.0 0.0 0.0 0.0 0.0 0.0
2952 1677.77783203125 1052.77783203125 237.4365707320471 0.0 0.0 0.0 0.0 0.0 0.0 0.0
2969 1675.0 1052.77783203125 237.81525409521458 0.0 0.0 0.0 0.0 0.0 0.0 0.0
2986 1672.2222900390625 1052.77783203125 238.1870961527725 0.0 0.0 0.0 0.0 0.0 0.0 0.0
3002 1669.4444580078125 1055.5556030273438 237.52003278476417 0.0 0.0 0.0 0.0 0.0 0.0 0.0
3018 1666.6666259765625 1055.5556030273438 237.8972151052257 0.0 0.0 0.0 0.0 0.0 0.0 0.0
3035 1663.888916015625 1058.3333740234375 237.23722470010995 0.0 0.0 0.0 0.0 0.0 0.0 0.0
3052 1658.3333740234375 1061.1111450195312 236.97780250119882 0.0 0.0 0.0 0.0 0.0 0.0 0.0
3068 1647.2222900390625 1066.6666870117188 236.50043420015132 0.0 0.0 0.0 0.0 0.0 0.0 0.0
3085 1638.888916015625 1072.2222290039062 235.67699025128056 0.0 0.0 0.0 0.0 0.0 0.0 0.0
3103 1627.77783203125 1083.3333740234375 233.42492617368438 0.0 0.0 0.0 0.0 0.0 0.0 0.0
3118 1613.888916015625 1097.2222290039062 230.93392776480525 0.0 0.0 0.0 0.0 0.0 0.0 0.0
3135 1591.6666259765625 1125.0 226.06928778663413 0.0 0.0 0.0 0.0 0.0 0.0 0.0
3152 1572.2222900390625 1152.77783203125 221.6111725628239 0.0 0.0 0.0 0.0 0.0 0.0 0.0
3169 1558.3333740234375 1175.0 218.23514853681223 0.0 0.0 0.0 0.0 0.0 0.0 0.0
3185 1541.6666259765625 1208.3333740234375 213.30436048890664 0.0 0.0 0.0 0.0 0.0 0.0 0.0
3202 1519.4444580078125 1247.2222900390625 209.49967472254676 0.0 0.0 0.0 0.0 0.0 0.0 0.0
3218 1508.3333740234375 1280.5555419921875 204.91276122125302 0.0 0.0 0.0 0.0 0.0 0.0 0.0
3236 1494.4444580078125 1319.4444580078125 200.96426130831475 0.0 0.0 0.0 0.0 0.0 0.0 0.0
3252 1486.111083984375 1350.0 197.69315240966083 0.0 0.0 0.0 0.0 0.0 0.0 0.0
3269 1475.0 1375.0 196.70390533438223 0.0 0.0 0.0 0.0 0.0 0.0 0.0
3285 1469.4444580078125 1391.666748046875 195.53469223156912 0.0 0.0 0.0 0.0 0.0 0.0 0.0
3302 1463.888916015625 1408.3333740234375 194.4927097558944 0.0 0.0 0.0 0.0 0.0 0.0 0.0
3319 1455.5555419921875 1419.4444580078125 195.37645283641695 0.0 0.0 0.0 0.0 0.0 0.0 0.0
3336 1447.2222900390625 1430.5555419921875 196.18232341192788 0.0 0.0 0.0 0.0 0.0 0.0 0.0
3352 1436.111083984375 1441.666748046875 197.7990899886086 0.0 0.0 0.0 0.0 0.0 0.0 0.0
3369 1419.4444580078125 1458.3333740234375 199.88802809499123 0.0 0.0 0.0 0.0 0.0 0.0 0.0
3386 1397.2222900390625 1469.4444580078125 204.3818397227709 0.0 0.0 0.0 0.0 0.0 0.0 0.0
3403 1383.3333740234375 1475.0 207.261577759416 0.0 0.0 0.0 0.0 0.0 0.0 0.0
3419 1366.6666259765625 1480.5555419921875 210.64260121134674 0.0 0.0 0.0 0.0 0.0 0.0 0.0
3436 1355.5555419921875 1483.3333740234375 212.98982710813203 0.0 0.0 0.0 0.0 0.0 0.0 0.0
3452 1344.4444580078125 1483.3333740234375 215.96489583298683 0.0 0.0 0.0 0.0 0.0 0.0 0.0
3469 1333.3333740234375 1483.3333740234375 218.77231722650356 0.0 0.0 0.0 0.0 0.0 0.0 0.0
3486 1325.0 1483.3333740234375 220.78433406092043 0.0 0.0 0.0 0.0 0.0 0.0 0.0
3502 1316.6666259765625 1483.3333740234375 222.70505976938796 0.0 0.0 0.0 0.0 0.0 0.0 0.0
3520 1308.3333740234375 1483.3333740234375 224.5367133084837 0.0 0.0 0.0 0.0 0.0 0.0 0.0
3537 1302.77783203125 1483.3333740234375 225.71872749111225 0.0 0.0 0.0 0.0 0.0 0.0 0.0
3552 1297.2222900390625 1483.3333740234375 226.86258751084964 0.0 0.0 0.0 0.0 0.0 0.0 0.0
3586 1294.4444580078125 1480.5555419921875 228.38577903125994 0.0 0.0 0.0 0.0 0.0 0.0 0.0
3903 1286.111083984375 1480.5555419921875 229.94399178854982 0.0 0.0 0.0 0.0 0.0 0.0 0.0
3920 1233.3333740234375 1472.2222900390625 239.71444931895482 0.0 0.0 0.0 0.0 0.0 0.0 0.0
3937 1150.0 1447.2222900390625 252.71589430286986 0.0 0.0 0.0 0.0 0.0 0.0 0.0
3953 1083.3333740234375 1419.4444580078125 261.89847434776834 0.0 0.0 0.0 0.0 0.0 0.0 0.0
3970 1002.77783203125 1377.77783203125 270.8386786677381 0.0 0.0 0.0 0.0 0.0 0.0 0.0
3987 961.1111450195312 1352.77783203125 275.324360543799 0.0 0.0 0.0 0.0 0.0 0.0 0.0
4003 927.7777709960938 1322.2222900390625 281.22843677367035 0.0 0.0 0.0 0.0 0.0 0.0 0.0
4020 913.888916015625 1305.5555419921875 284.66322224540056 0.0 0.0 0.0 0.0 0.0 0.0 0.0
4036 908.3333740234375 1294.4444580078125 287.4335737824835 0.0 0.0 0.0 0.0 0.0 0.0 0.0
4053 908.3333740234375 1286.111083984375 290.26106139504066 0.0 0.0 0.0 0.0 0.0 0.0 0.0
4070 913.888916015625 1286.111083984375 291.51012007953017 0.0 0.0 0.0 0.0 0.0 0.0 0.0
4086 941.6666870117188 1286.111083984375 298.9214602352167 0.0 0.0 0.0 0.0 0.0 0.0 0.0
4103 963.888916015625 1288.888916015625 304.73306069419334 0.0 0.0 0.0 0.0 0.0 0.0 0.0
4120 991.6666870117188 1302.77783203125 310.2435104471684 0.0 0.0 0.0 0.0 0.0 0.0 0.0
4136 1016.6666259765625 1316.666748046875 315.87952482774614 0.0 0.0 0.0 0.0 0.0 0.0 0.0
4153 1041.6666259765625 1327.77783203125 323.2281885209595 0.0 0.0 0.0 0.0 0.0 0.0 0.0
4170 1063.888916015625 1341.666748046875 330.1021833266168 0.0 0.0 0.0 0.0 0.0 0.0 0.0
4187 1086.111083984375 1355.5555419921875 338.0261561133384 0.0 0.0 0.0 0.0 0.0 0.0 0.0
4203 1108.3333740234375 1375.0 346.9229605281748 0.0 0.0 0.0 0.0 0.0 0.0 0.0
4220 1127.77783203125 1388.888916015625 -4.51715505954175 0.0 0.0 0.0 0.0 0.0 0.0 0.0
4236 1138.888916015625 1397.2222900390625 0.6073928626325085 0.0 0.0 0.0 0.0 0.0 0.0 0.0
4253 1147.2222900390625 1405.5555419921875 4.812034255051131 0.0 0.0 0.0 0.0 0.0 0.0 0.0
4270 1152.77783203125 1411.111083984375 7.684240330290265 0.0 0.0 0.0 0.0 0.0 0.0 0.0
4303 1152.77783203125 1411.111083984375 7.684254904698832 0.0 0.0 0.0 0.0 0.0 0.0 0.0
4320 1155.5555419921875 1411.111083984375 8.728153344583077 0.0 0.0 0.0 0.0 0.0 0.0 0.0
4337 1158.3333740234375 1408.3333740234375 9.352704774604874 0.0 0.0 0.0 0.0 0.0 0.0 0.0
4353 1175.0 1397.2222900390625 13.446810470554354 0.0 0.0 0.0 0.0 0.0 0.0 0.0
4370 1194.4444580078125 1388.888916015625 18.45559536996079 0.0 0.0 0.0 0.0 0.0 0.0 0.0
4387 1219.4444580078125 1380.5555419921875 24.503920723549882 0.0 0.0 0.0 0.0 0.0 0.0 0.0
4403 1263.888916015625 1380.5555419921875 36.38536642793358 0.0 0.0 0.0 0.0 0.0 0.0 0.0
4420 1300.0 1380.5555419921875 44.380369788884686 0.0 0.0 0.0 0.0 0.0 0.0 0.0
4437 1347.2222900390625 1380.5555419921875 52.48135112244796 0.0 0.0 0.0 0.0 0.0 0.0 0.0
4453 1388.888916015625 1380.5555419921875 58.09370497833321 0.0 0.0 0.0 0.0 0.0 0.0 0.0
4470 1438.888916015625 1375.0 61.52157877427564 0.0 0.0 0.0 0.0 0.0 0.0 0.0
4487 1472.2222900390625 1363.888916015625 61.053284195550745 0.0 0.0 0.0 0.0 0.0 0.0 0.0
4504 1500.0 1355.5555419921875 61.02618465311116 0.0 0.0 0.0 0.0 0.0 0.0 0.0
4521 1511.111083984375 1350.0 60.22605771114699 0.0 0.0 0.0 0.0 0.0 0.0 0.0
4537 1522.2222900390625 1341.666748046875 58.5158934892454 0.0 0.0 0.0 0.0 0.0 0.0 0.0
4554 1530.5555419921875 1336.111083984375 57.56282268656449 0.0 0.0 0.0 0.0 0.0 0.0 0.0
4570 1536.111083984375 1330.5555419921875 56.290464287963005 0.0 0.0 0.0 0.0 0.0 0.0 0.0
4587 1538.888916015625 1327.77783203125 55.67009860887133 0.0 0.0 0.0 0.0 0.0 0.0 0.0
4604 1538.888916015625 1325.0 54.63947887278444 0.0 0.0 0.0 0.0 0.0 0.0 0.0
4620 1538.888916015625 1322.2222900390625 53.616850287857034 0.0 0.0 0.0 0.0 0.0 0.0 0.0
4637 1538.888916015625 1319.4444580078125 52.60240708487402 0.0 0.0 0.0 0.0 0.0 0.0 0.0
4654 1538.888916015625 1313.888916015625 50.607393574341884 0.0 0.0 0.0 0.0 0.0 0.0 0.0
4671 1538.888916015625 1308.3333740234375 48.648298188168226 0.0 0.0 0.0 0.0 0.0 0.0 0.0
4687 1538.888916015625 1300.0 45.79358620974111 0.0 0.0 0.0 0.0 0.0 0.0 0.0
4704 1541.6666259765625 1291.666748046875 43.633477714563085 0.0 0.0 0.0 0.0 0.0 0.0 0.0
4721 1561.111083984375 1286.111083984375 45.85179542016368 0.0 0.0 0.0 0.0 0.0 0.0 0.0
4738 1591.6666259765625 1283.3333740234375 50.472615753223906 0.0 0.0 0.0 0.0 0.0 0.0 0.0
4754 1641.6666259765625 1280.5555419921875 56.642274150301546 0.0 0.0 0.0 0.0 0.0 0.0 0.0
4771 1700.0 1280.5555419921875 62.69553745194236 0.0 0.0 0.0 0.0 0.0 0.0 0.0
4788 1783.3333740234375 1294.4444580078125 71.72926993733618 0.0 0.0 0.0 0.0 0.0 0.0 0.0
4804 1863.888916015625 1330.5555419921875 83.14505871222292 0.0 0.0 0.0 0.0 0.0 0.0 0.0
4821 1958.3333740234375 1391.666748046875 95.1951113239426 0.0 0.0 0.0 0.0 0.0 0.0 0.0
4838 2022.2222900390625 1430.5555419921875 99.91677489864347 0.0 0.0 0.0 0.0 0.0 0.0 0.0
4855 2069.4444580078125 1452.77783203125 100.68904208290779 0.0 0.0 0.0 0.0 0.0 0.0 0.0
4872 2130.5555419921875 1461.111083984375 96.06656981506488 0.0 0.0 0.0 0.0 0.0 0.0 0.0
4888 2161.1112060546875 1441.666748046875 86.39506834066569 0.0 0.0 0.0 0.0 0.0 0.0 0.0
4905 2172.2222900390625 1400.0 70.11490973255735 0.0 0.0 0.0 0.0 0.0 0.0 0.0
5154 2188.8887939453125 1358.3333740234375 56.70322332937448 0.0 0.0 0.0 0.0 0.0 0.0 0.0
5171 2200.0001220703125 1355.5555419921875 57.21307914328543 0.0 0.0 0.0 0.0 0.0 0.0 0.0
5188 2230.5555419921875 1350.0 59.01396395215693 0.0 0.0 0.0 0.0 0.0 0.0 0.0
5204 2269.4444580078125 1347.2222900390625 62.11750809329334 0.0 0.0 0.0 0.0 0.0 0.0 0.0
5221 2319.4444580078125 1336.111083984375 62.89752263506281 0.0 0.0 0.0 0.0 0.0 0.0 0.0
5238 2361.1112060546875 1327.77783203125 63.67612494401695 0.0 0.0 0.0 0.0 0.0 0.0 0.0
5254 2397.2222900390625 1316.666748046875 63.00748805528684 0.0 0.0 0.0 0.0 0.0 0.0 0.0
5271 2427.7777099609375 1302.77783203125 61.12957890948272 0.0 0.0 0.0 0.0 0.0 0.0 0.0
5288 2450.0001220703125 1286.111083984375 57.834750163757974 0.0 0.0 0.0 0.0 0.0 0.0 0.0
5305 2472.2222900390625 1250.0 49.248563652139055 0.0 0.0 0.0 0.0 0.0 0.0 0.0
5321 2497.2222900390625 1200.0 39.54576640862638 0.0 0.0 0.0 0.0 0.0 0.0 0.0
5338 2516.6666259765625 1166.666748046875 34.96505070100584 0.0 0.0 0.0 0.0 0.0 0.0 0.0
5355 2530.5555419921875 1150.0 33.96529338512036 0.0 0.0 0.0 0.0 0.0 0.0 0.0
5371 2541.6666259765625 1133.3333740234375 32.40789218342146 0.0 0.0 0.0 0.0 0.0 0.0 0.0
5388 2547.2222900390625 1130.5556030273438 33.175127887891705 0.0 0.0 0.0 0.0 0.0 0.0 0.0
5438 2541.6666259765625 1127.77783203125 30.77638992954111 0.0 0.0 0.0 0.0 0.0 0.0 0.0
5455 2527.7777099609375 1127.77783203125 26.4123872450442 0.0 0.0 0.0 0.0 0.0 0.0 0.0
5472 2505.5555419921875 1119.4444580078125 16.918743778980655 0.0 0.0 0.0 0.0 0.0 0.0 0.0
5488 2475.0001220703125 1105.5556030273438 3.4241085580157034 0.0 0.0 0.0 0.0 0.0 0.0 0.0
5505 2441.6666259765625 1083.3333740234375 -10.440100184472541 0.0 0.0 0.0 0.0 0.0 0.0 0.0
5522 2397.2222900390625 1063.888916015625 333.83385600957206 0.0 0.0 0.0 0.0 0.0 0.0 0.0
5538 2319.4444580078125 1027.77783203125 314.95324162790854 0.0 0.0 0.0 0.0 0.0 0.0 0.0
5555 2263.8887939453125 1008.3333740234375 304.0572384207704 0.0 0.0 0.0 0.0 0.0 0.0 0.0
5572 2208.3333740234375 986.1111450195312 296.8189515234161 0.0 0.0 0.0 0.0 0.0 0.0 0.0
5588 2138.8887939453125 963.888916015625 289.574738448739 0.0 0.0 0.0 0.0 0.0 0.0 0.0
5605 2086.1112060546875 952.77783203125 284.0868336285803 0.0 0.0 0.0 0.0 0.0 0.0 0.0
5622 2022.2222900390625 950.0 276.6985722571174 0.0 0.0 0.0 0.0 0.0 0.0 0.0
5639 1950.0 950.0 270.2896055275124 0.0 0.0 0.0 0.0 0.0 0.0 0.0
5656 1900.0 961.1111450195312 263.68548761705995 0.0 0.0 0.0 0.0 0.0 0.0 0.0
5672 1847.2222900390625 980.5556030273438 256.3092531540375 0.0 0.0 0.0 0.0 0.0 0.0 0.0
5688 1802.77783203125 1008.3333740234375 248.17221906889313 0.0 0.0 0.0 0.0 0.0 0.0 0.0
5705 1775.0 1030.5556030273438 242.44497657249167 0.0 0.0 0.0 0.0 0.0 0.0 0.0
5722 1744.4444580078125 1061.1111450195312 235.6188815906127 0.0 0.0 0.0 0.0 0.0 0.0 0.0
5739 1719.4444580078125 1086.1111450195312 231.09400471666333 0.0 0.0 0.0 0.0 0.0 0.0 0.0
5755 1702.77783203125 1111.1111450195312 226.02146660094124 0.0 0.0 0.0 0.0 0.0 0.0 0.0
5772 1688.888916015625 1133.3333740234375 221.995252438994 0.0 0.0 0.0 0.0 0.0 0.0 0.0
5789 1663.888916015625 1166.666748046875 218.04865775041088 0.0 0.0 0.0 0.0 0.0 0.0 0.0
5806 1605.5555419921875 1205.5555419921875 219.98087131426854 0.0 0.0 0.0 0.0 0.0 0.0 0.0
5822 1516.6666259765625 1250.0 224.52207738975136 0.0 0.0 0.0 0.0 0.0 0.0 0.0
5839 1447.2222900390625 1283.3333740234375 227.13101141240426 0.0 0.0 0.0 0.0 0.0 0.0 0.0
5855 1363.888916015625 1311.111083984375 231.71824838602387 0.0 0.0 0.0 0.0 0.0 0.0 0.0
5872 1322.2222900390625 1319.4444580078125 235.05380881819784 0.0 0.0 0.0 0.0 0.0 0.0 0.0
5890 1263.888916015625 1325.0 240.02127899391988 0.0 0.0 0.0 0.0 0.0 0.0 0.0
5906 1222.2222900390625 1325.0 243.9764134061718 0.0 0.0 0.0 0.0 0.0 0.0 0.0
5922 1191.6666259765625 1322.2222900390625 247.28260065917868 0.0 0.0 0.0 0.0 0.0 0.0 0.0
5939 1163.888916015625 1308.3333740234375 253.64807282593165 0.0 0.0 0.0 0.0 0.0 0.0 0.0
5956 1152.77783203125 1294.4444580078125 259.13007516889905 0.0 0.0 0.0 0.0 0.0 0.0 0.0
5972 1136.111083984375 1266.666748046875 268.84292464674024 0.0 0.0 0.0 0.0 0.0 0.0 0.0
5989 1133.3333740234375 1258.3333740234375 271.82357146873835 0.0 0.0 0.0 0.0 0.0 0.0 0.0
6006 1130.5555419921875 1247.2222900390625 275.7323022204708 0.0 0.0 0.0 0.0 0.0 0.0 0.0
6022 1130.5555419921875 1236.111083984375 279.87816881418814 0.0 0.0 0.0 0.0 0.0 0.0 0.0
6038 1133.3333740234375 1222.2222900390625 285.35930409789887 0.0 0.0 0.0 0.0 0.0 0.0 0.0
6056 1163.888916015625 1197.2222900390625 301.35565092905904 0.0 0.0 0.0 0.0 0.0 0.0 0.0
6072 1227.77783203125 1144.4444580078125 333.18912241384015 0.0 0.0 0.0 0.0 0.0 0.0 0.0
6122 1302.77783203125 1119.4444580078125 1.277149750700417 0.0 0.0 0.0 0.0 0.0 0.0 0.0
6139 1391.6666259765625 1102.77783203125 25.94886063061957 0.0 0.0 0.0 0.0 0.0 0.0 0.0
6155 1586.111083984375 1080.5556030273438 52.27427183464545 0.0 0.0 0.0 0.0 0.0 0.0 0.0
6172 1750.0 1077.77783203125 65.32411138782234 0.0 0.0 0.0 0.0 0.0 0.0 0.0
6189 1902.77783203125 1077.77783203125 71.67893997592364 0.0 0.0 0.0 0.0 0.0 0.0 0.0
6205 2061.1112060546875 1136.1111450195312 85.8827236131845 0.0 0.0 0.0 0.0 0.0 0.0 0.0
6222 2141.6666259765625 1236.111083984375 106.16444844385235 0.0 0.0 0.0 0.0 0.0 0.0 0.0
6239 2188.8887939453125 1288.888916015625 112.654199555128 0.0 0.0 0.0 0.0 0.0 0.0 0.0
6256 2250.0001220703125 1336.111083984375 113.58063467447772 0.0 0.0 0.0 0.0 0.0 0.0 0.0
6273 2294.4444580078125 1361.111083984375 111.83201058467796 0.0 0.0 0.0 0.0 0.0 0.0 0.0
6289 2327.7777099609375 1372.2222900390625 108.72011574931435 0.0 0.0 0.0 0.0 0.0 0.0 0.0
6306 2375.0001220703125 1388.888916015625 105.68384488365822 0.0 0.0 0.0 0.0 0.0 0.0 0.0
6322 2397.2222900390625 1400.0 105.4568837845579 0.0 0.0 0.0 0.0 0.0 0.0 0.0
6339 2419.4444580078125 1405.5555419921875 103.55016663097938 0.0 0.0 0.0 0.0 0.0 0.0 0.0
6356 2436.1112060546875 1413.888916015625 103.62051664544482 0.0 0.0 0.0 0.0 0.0 0.0 0.0
6372 2444.4444580078125 1416.666748046875 103.17990901535492 0.0 0.0 0.0 0.0 0.0 0.0 0.0
6389 2450.0001220703125 1416.666748046875 102.24620481758464 0.0 0.0 0.0 0.0 0.0 0.0 0.0
6407 2450.0001220703125 1408.3333740234375 99.12143794568073 0.0 0.0 0.0 0.0 0.0 0.0 0.0
6423 2450.0001220703125 1391.666748046875 92.62231923248304 0.0 0.0 0.0 0.0 0.0 0.0 0.0
6439 2433.3333740234375 1291.666748046875 49.98041894880154 0.0 0.0 0.0 0.0 0.0 0.0 0.0
6456 2416.6666259765625 1194.4444580078125 21.42589766149647 0.0 0.0 0.0 0.0 0.0 0.0 0.0
6473 2402.7777099609375 1152.77783203125 9.817042882938111 0.0 0.0 0.0 0.0 0.0 0.0 0.0
6489 2358.3333740234375 1080.5556030273438 -9.782968071526795 0.0 0.0 0.0 0.0 0.0 0.0 0.0
6506 2258.3333740234375 1041.6666870117188 320.26933726109183 0.0 0.0 0.0 0.0 0.0 0.0 0.0
6523 1997.2222900390625 1038.888916015625 279.1768178058734 0.0 0.0 0.0 0.0 0.0 0.0 0.0
6540 1641.6666259765625 1038.888916015625 263.7140220780593 0.0 0.0 0.0 0.0 0.0 0.0 0.0
6556 1408.3333740234375 1050.0 258.21235891207164 0.0 0.0 0.0 0.0 0.0 0.0 0.0
6573 1100.0 1083.3333740234375 253.5558141740604 0.0 0.0 0.0 0.0 0.0 0.0 0.0
6589 897.2222290039062 1111.1111450195312 251.33516809654157 0.0 0.0 0.0 0.0 0.0 0.0 0.0
6606 747.2222290039062 1155.5556030273438 245.96683288160125 0.0 0.0 0.0 0.0 0.0 0.0 0.0
6623 658.3333740234375 1197.2222900390625 240.46351000014724 0.0 0.0 0.0 0.0 0.0 0.0 0.0
6640 633.3333740234375 1211.111083984375 238.47482895099526 0.0 0.0 0.0 0.0 0.0 0.0 0.0
6656 600.0 1225.0 237.76583197526298 0.0 0.0 0.0 0.0 0.0 0.0 0.0
6673 588.888916015625 1230.5555419921875 237.22547401597492 0.0 0.0 0.0 0.0 0.0 0.0 0.0
6707 591.6666870117188 1233.3333740234375 235.77032440470563 0.0 0.0 0.0 0.0 0.0 0.0 0.0
6723 594.4444580078125 1230.5555419921875 236.40948113317359 0.0 0.0 0.0 0.0 0.0 0.0 0.0
6740 602.7777709960938 1225.0 237.34773901879345 0.0 0.0 0.0 0.0 0.0 0.0 0.0
6757 613.888916015625 1213.888916015625 240.29178297075404 0.0 0.0 0.0 0.0 0.0 0.0 0.0
6776 625.0 1202.77783203125 243.55012830465986 0.0 0.0 0.0 0.0 0.0 0.0 0.0
6790 638.888916015625 1194.4444580078125 245.68076466498212 0.0 0.0 0.0 0.0 0.0 0.0 0.0
6807 652.7777709960938 1186.111083984375 248.06657915754784 0.0 0.0 0.0 0.0 0.0 0.0 0.0
6823 666.6666870117188 1180.5555419921875 249.49442714357428 0.0 0.0 0.0 0.0 0.0 0.0 0.0
6840 697.2222290039062 1172.2222900390625 251.5342554672103 0.0 0.0 0.0 0.0 0.0 0.0 0.0
6856 722.2222290039062 1163.888916015625 254.310665413023 0.0 0.0 0.0 0.0 0.0 0.0 0.0
6873 783.3333740234375 1150.0 261.6580171975196 0.0 0.0 0.0 0.0 0.0 0.0 0.0
6890 850.0 1144.4444580078125 269.3418255112608 0.0 0.0 0.0 0.0 0.0 0.0 0.0
6907 961.1111450195312 1133.3333740234375 312.5323168395997 0.0 0.0 0.0 0.0 0.0 0.0 0.0
6923 1080.5555419921875 1127.77783203125 4.792594447200429 0.0 0.0 0.0 0.0 0.0 0.0 0.0
6940 1233.3333740234375 1125.0 42.159498806142196 0.0 0.0 0.0 0.0 0.0 0.0 0.0
6957 1405.5555419921875 1119.4444580078125 60.6065972355029 0.0 0.0 0.0 0.0 0.0 0.0 0.0
6973 1597.2222900390625 1116.6666870117188 69.88921644992762 0.0 0.0 0.0 0.0 0.0 0.0 0.0
6990 1719.4444580078125 1116.6666870117188 73.44932380609602 0.0 0.0 0.0 0.0 0.0 0.0 0.0
7007 1897.2222900390625 1116.6666870117188 75.75132327569536 0.0 0.0 0.0 0.0 0.0 0.0 0.0
7023 1963.888916015625 1138.888916015625 82.42506060605145 0.0 0.0 0.0 0.0 0.0 0.0 0.0
7040 2008.3333740234375 1161.1111450195312 88.00378597923074 0.0 0.0 0.0 0.0 0.0 0.0 0.0
7057 2055.5555419921875 1180.5555419921875 91.15824601018241 0.0 0.0 0.0 0.0 0.0 0.0 0.0
7073 2075.0001220703125 1188.888916015625 92.40187824344733 0.0 0.0 0.0 0.0 0.0 0.0 0.0
7090 2091.6666259765625 1194.4444580078125 92.80035906135863 0.0 0.0 0.0 0.0 0.0 0.0 0.0
7107 2102.7777099609375 1197.2222900390625 92.71307355184574 0.0 0.0 0.0 0.0 0.0 0.0 0.0
7123 2108.3333740234375 1197.2222900390625 92.15044648880429 0.0 0.0 0.0 0.0 0.0 0.0 0.0
7140 2111.1112060546875 1191.666748046875 89.72617892513156 0.0 0.0 0.0 0.0 0.0 0.0 0.0
7157 2111.1112060546875 1180.5555419921875 85.28537290448162 0.0 0.0 0.0 0.0 0.0 0.0 0.0
7173 2111.1112060546875 1169.4444580078125 80.8112807589266 0.0 0.0 0.0 0.0 0.0 0.0 0.0
7190 2105.5555419921875 1161.1111450195312 77.44617633319771 0.0 0.0 0.0 0.0 0.0 0.0 0.0
7207 2100.0001220703125 1155.5556030273438 75.11247360216558 0.0 0.0 0.0 0.0 0.0 0.0 0.0
7223 2091.6666259765625 1150.0 72.58903571385903 0.0 0.0 0.0 0.0 0.0 0.0 0.0
7240 2088.8887939453125 1147.2222290039062 71.35479962457616 0.0 0.0 0.0 0.0 0.0 0.0 0.0
7274 2088.8887939453125 1144.4444580078125 70.24478270535894 0.0 0.0 0.0 0.0 0.0 0.0 0.0