0 2350.0 1500.0 0 1650.0 1500.0 0 0.0 0.0 0.0 0.0
79 2350.0 1500.0 0 1650.0 1500.0 0 0.0 0.0 0.0 0.0
81 2350.0 1500.0 0 1650.0 1500.0 0 0.0 0.0 0.0 0.0
96 2350.0 1500.0 0 1650.0 1500.0 0 0.0 0.0 0.0 0.0
113 2350.0 1500.0 0 1650.0 1500.0 0 0.0 0.0 0.0 0.0
129 2350.0 1500.0 0 1650.0 1500.0 0 0.0 0.0 0.0 0.0
147 2350.0 1500.0 0 1650.0 1500.0 0 0.0 0.0 0.0 0.0
163 2313.157958984375 1478.9473876953125 359.7300576341972 1650.0 1500.0 0 0.0 0.0 0.0 0.0
179 2281.578857421875 1463.157958984375 358.80348205840363 1650.0 1500.0 0 0.0 0.0 0.0 0.0
196 2244.73681640625 1457.894775390625 353.5566019108755 1650.0 1500.0 0 0.0 0.0 0.0 0.0
213 2197.368408203125 1442.1053466796875 351.76557472495705 1650.0 1500.0 0 0.0 0.0 0.0 0.0
230 2165.78955078125 1431.5789794921875 350.84245377388316 1650.0 1500.0 0 0.0 0.0 0.0 0.0
246 2118.4210205078125 1431.5789794921875 344.52402101795235 1650.0 1500.0 0 0.0 0.0 0.0 0.0
263 2071.0526123046875 1426.3157958984375 341.88577973400743 1650.0 1500.0 0 0.0 0.0 0.0 0.0
279 2034.2105712890625 1426.3157958984375 338.797974093381 1650.0 1500.0 0 0.0 0.0 0.0 0.0
296 2002.631591796875 1426.3157958984375 336.72395122619236 1650.0 1500.0 0 0.0 0.0 0.0 0.0
313 1976.3157958984375 1426.3157958984375 335.319740068597 1650.0 1500.0 0 0.0 0.0 0.0 0.0
329 1950.0 1426.3157958984375 334.17929562683815 1650.0 1500.0 0 0.0 0.0 0.0 0.0
346 1923.6842041015625 1421.0526123046875 335.4029035802967 1650.0 1500.0 0 0.0 0.0 0.0 0.0
366 1902.631591796875 1415.78955078125 336.6703023055324 1650.0 1500.0 0 0.0 0.0 0.0 0.0
382 1876.3157958984375 1405.26318359375 339.53669038904553 1650.0 1500.0 0 0.0 0.0 0.0 0.0
399 1844.73681640625 1394.7369384765625 341.38786625314214 1650.0 1500.0 0 0.0 0.0 0.0 0.0
400 1844.73681640625 1394.7369384765625 341.3879040494445 1650.0 1500.0 0 0.0 0.0 0.0 0.0
416 1823.6842041015625 1378.9473876953125 345.97909930049167 1650.0 1500.0 0 0.0 0.0 0.0 0.0
431 1813.1578369140625 1363.157958984375 351.3811104884525 1650.0 1500.0 0 0.0 0.0 0.0 0.0
447 1807.894775390625 1352.631591796875 355.0218496905392 1650.0 1500.0 0 0.0 0.0 0.0 0.0
464 1797.368408203125 1342.1053466796875 357.2282787282674 1650.0 1500.0 0 0.0 0.0 0.0 0.0
479 1797.368408203125 1331.5789794921875 1.7251850371818023 1650.0 1500.0 0 0.0 0.0 0.0 0.0
496 1786.842041015625 1326.3157958984375 1.171071054264246 1650.0 1500.0 0 0.0 0.0 0.0 0.0
513 1786.842041015625 1315.78955078125 5.471062296184925 1650.0 1500.0 0 0.0 0.0 0.0 0.0
529 1786.842041015625 1300.0 11.403531542734925 1650.0 1500.0 0 0.0 0.0 0.0 0.0
546 1781.5789794921875 1289.4737548828125 13.37382818443308 1650.0 1500.0 0 0.0 0.0 0.0 0.0
563 1781.5789794921875 1278.9473876953125 16.959696073910948 1650.0 1500.0 0 0.0 0.0 0.0 0.0
579 1781.5789794921875 1257.894775390625 23.235448767081152 1650.0 1500.0 0 0.0 0.0 0.0 0.0
596 1781.5789794921875 1247.368408203125 26.14567291782822 1650.0 1500.0 0 0.0 0.0 0.0 0.0
613 1781.5789794921875 1231.5789794921875 30.046954116600944 1650.0 1500.0 0 0.0 0.0 0.0 0.0
629 1781.5789794921875 1226.3157958984375 31.29552484759091 1650.0 1500.0 0 0.0 0.0 0.0 0.0
646 1786.842041015625 1221.0526123046875 34.82265404455728 1650.0 1500.0 0 0.0 0.0 0.0 0.0
663 1792.105224609375 1215.78955078125 38.26398600760564 1650.0 1500.0 0 0.0 0.0 0.0 0.0
680 1797.368408203125 1215.78955078125 40.78967353182975 1650.0 1500.0 0 0.0 0.0 0.0 0.0
729 1802.631591796875 1215.78955078125 43.35057728449817 1650.0 1500.0 0 0.0 0.0 0.0 0.0
814 1807.894775390625 1215.78955078125 45.94184872806653 1650.0 1500.0 0 0.0 0.0 0.0 0.0
862 1813.1578369140625 1215.78955078125 48.55841719600471 1650.0 1500.0 0 0.0 0.0 0.0 0.0
963 1818.4210205078125 1215.78955078125 51.19502770660978 1650.0 1500.0 0 0.0 0.0 0.0 0.0
1046 1823.6842041015625 1215.78955078125 53.84610244039675 1650.0 1500.0 0 0.0 0.0 0.0 0.0
1079 1823.6842041015625 1210.5263671875 54.08637445932408 1650.0 1500.0 0 0.0 0.0 0.0 0.0
1113 1823.6842041015625 1205.26318359375 54.316025361624895 1650.0 1500.0 0 0.0 0.0 0.0 0.0
1129 1823.6842041015625 1200.0 54.53551172139288 1650.0 1500.0 0 0.0 0.0 0.0 0.0
1182 1823.6842041015625 1189.4737548828125 54.937235696561686 1650.0 1500.0 0 0.0 0.0 0.0 0.0
1183 1823.6842041015625 1189.4737548828125 54.93722472357945 1650.0 1500.0 0 0.0 0.0 0.0 0.0
1199 1823.6842041015625 1184.2105712890625 55.12919117703257 1650.0 1500.0 0 0.0 0.0 0.0 0.0
1216 1823.6842041015625 1178.9473876953125 55.31267430403756 1650.0 1500.0 0 0.0 0.0 0.0 0.0
1232 1823.6842041015625 1173.6842041015625 55.48800364376683 1650.0 1500.0 0 0.0 0.0 0.0 0.0
1247 1818.4210205078125 1173.6842041015625 52.84169794595363 1650.0 1500.0 0 0.0 0.0 0.0 0.0
1263 1818.4210205078125 1168.421142578125 53.12634221802222 1650.0 1500.0 0 0.0 0.0 0.0 0.0
1279 1818.4210205078125 1157.894775390625 53.64743812769535 1650.0 1500.0 0 0.0 0.0 0.0 0.0
1296 1813.1578369140625 1157.894775390625 51.01202207679688 1650.0 1500.0 0 0.0 0.0 0.0 0.0
1313 1807.894775390625 1152.631591796875 48.87331775801931 1650.0 1500.0 0 0.0 0.0 0.0 0.0
1329 1802.631591796875 1147.368408203125 46.84560306772727 1650.0 1500.0 0 0.0 0.0 0.0 0.0
1346 1802.631591796875 1136.8421630859375 47.89522300520997 1650.0 1500.0 0 0.0 0.0 0.0 0.0
1363 1797.368408203125 1126.3157958984375 46.477447781539524 1650.0 1500.0 0 0.0 0.0 0.0 0.0
1379 1797.368408203125 1121.0526123046875 47.041052175012226 1650.0 1500.0 0 0.0 0.0 0.0 0.0
1396 1792.105224609375 1115.78955078125 45.11037752289889 1650.0 1500.0 0 0.0 0.0 0.0 0.0
1429 1786.842041015625 1115.78955078125 42.55979781164933 1650.0 1500.0 0 0.0 0.0 0.0 0.0
1446 1781.5789794921875 1115.78955078125 40.04535050837438 1650.0 1500.0 0 0.0 0.0 0.0 0.0
1463 1781.5789794921875 1110.5263671875 40.8847700010906 1650.0 1500.0 0 0.0 0.0 0.0 0.0
1529 1781.5789794921875 1105.26318359375 41.68865903623333 1650.0 1500.0 0 0.0 0.0 0.0 0.0
2879 1795.7197189331055 1207.5855865478516 30.541103607832873 1650.0 1500.0 0 0.0 0.0 0.0 0.0
2881 1795.7197189331055 1207.5855865478516 30.54112331873567 1650.0 1500.0 0 0.0 0.0 0.0 0.0
2897 1779.930290222168 1207.5855865478516 26.460165441133967 1650.0 1500.0 0 0.0 0.0 0.0 0.0
2929 1769.403923034668 1207.5855865478516 23.65271935138174 1650.0 1500.0 0 0.0 0.0 0.0 0.0
2946 1758.8776779174805 1207.5855865478516 20.761695282719067 1650.0 1500.0 0 0.0 0.0 0.0 0.0
2996 1753.6144943237305 1207.5855865478516 19.296849737041285 1650.0 1500.0 0 0.0 0.0 0.0 0.0
3013 1753.6144943237305 1202.3224029541016 18.56123393093538 1650.0 1500.0 0 0.0 0.0 0.0 0.0
3046 1748.3513107299805 1202.3224029541016 17.06812242810642 1650.0 1500.0 0 0.0 0.0 0.0 0.0
3063 1743.0881271362305 1202.3224029541016 15.557176391065994 1650.0 1500.0 0 0.0 0.0 0.0 0.0
3079 1737.8249435424805 1202.3224029541016 14.02924512758264 1650.0 1500.0 0 0.0 0.0 0.0 0.0
3096 1732.561882019043 1202.3224029541016 12.485249807760567 1650.0 1500.0 0 0.0 0.0 0.0 0.0
3146 1727.298698425293 1202.3224029541016 10.926152668899263 1650.0 1500.0 0 0.0 0.0 0.0 0.0
3346 1727.298698425293 1197.0592803955078 10.40710055187067 1650.0 1500.0 0 0.0 0.0 0.0 0.0
3379 1727.298698425293 1186.532974243164 9.422842163320809 1650.0 1500.0 0 0.0 0.0 0.0 0.0
3396 1727.298698425293 1176.006607055664 8.48993584982773 1650.0 1500.0 0 0.0 0.0 0.0 0.0
3413 1722.035514831543 1165.4803009033203 6.091136373286389 1650.0 1500.0 0 0.0 0.0 0.0 0.0
3430 1716.772331237793 1149.6908721923828 3.4942731652454597 1650.0 1500.0 0 0.0 0.0 0.0 0.0
3446 1716.772331237793 1139.1645050048828 2.8750802700743776 1650.0 1500.0 0 0.0 0.0 0.0 0.0
3463 1716.772331237793 1123.3750762939453 2.0189030872965645 1650.0 1500.0 0 0.0 0.0 0.0 0.0
3479 1716.772331237793 1112.8487091064453 1.4787448972970765 1650.0 1500.0 0 0.0 0.0 0.0 0.0
3496 1716.772331237793 1102.3224029541016 0.9676184506361096 1650.0 1500.0 0 0.0 0.0 0.0 0.0
3513 1711.5092697143555 1097.0592803955078 359.12915392291757 1650.0 1500.0 0 0.0 0.0 0.0 0.0
3529 1711.5092697143555 1091.7960968017578 358.9315893906087 1650.0 1500.0 0 0.0 0.0 0.0 0.0
3563 1706.2460861206055 1091.7960968017578 357.2906880814072 1650.0 1500.0 0 0.0 0.0 0.0 0.0
3763 1706.2460861206055 1097.0592803955078 357.44579322451295 1650.0 1500.0 0 0.0 0.0 0.0 0.0
3779 1706.2460861206055 1102.3224029541016 357.6054455826446 1650.0 1500.0 0 0.0 0.0 0.0 0.0
3796 1706.2460861206055 1107.5855865478516 357.7698089018654 1650.0 1500.0 0 0.0 0.0 0.0 0.0
3829 1706.2460861206055 1112.8487091064453 357.9389940037065 1650.0 1500.0 0 0.0 0.0 0.0 0.0
3846 1706.2460861206055 1118.1118927001953 358.1131744417934 1650.0 1500.0 0 0.0 0.0 0.0 0.0
3863 1706.2460861206055 1123.3750762939453 358.2924668163952 1650.0 1500.0 0 0.0 0.0 0.0 0.0
3879 1706.2460861206055 1128.638198852539 358.4770739958716 1650.0 1500.0 0 0.0 0.0 0.0 0.0
3896 1706.2460861206055 1133.901382446289 358.66709307108783 1650.0 1500.0 0 0.0 0.0 0.0 0.0
3913 1706.2460861206055 1139.1645050048828 358.8626774897608 1650.0 1500.0 0 0.0 0.0 0.0 0.0
3930 1706.2460861206055 1144.4276885986328 359.0640083351162 1650.0 1500.0 0 0.0 0.0 0.0 0.0
4079 1711.5092697143555 1144.4276885986328 0.6930699549871377 1650.0 1500.0 0 0.0 0.0 0.0 0.0
4129 1716.772331237793 1144.4276885986328 2.314423485392169 1650.0 1500.0 0 0.0 0.0 0.0 0.0
4163 1722.035514831543 1144.4276885986328 3.9268869616223157 1650.0 1500.0 0 0.0 0.0 0.0 0.0
4179 1727.298698425293 1144.4276885986328 5.529244741928139 1650.0 1500.0 0 0.0 0.0 0.0 0.0
4213 1727.298698425293 1149.6908721923828 5.924483050769098 1650.0 1500.0 0 0.0 0.0 0.0 0.0