0 2350.0 1500.0 0 1650.0 1500.0 0 0.0 0.0 0.0 0.0
8 2350.0 1500.0 0 1650.0 1500.0 0 0.0 0.0 0.0 0.0
24 2350.0 1500.0 0 1650.0 1500.0 0 0.0 0.0 0.0 0.0
34 2350.0 1500.0 0 1650.0 1500.0 0 0.0 0.0 0.0 0.0
50 2350.0 1500.0 0 1650.0 1500.0 0 0.0 0.0 0.0 0.0
67 2350.0 1500.0 0 1650.0 1500.0 0 0.0 0.0 0.0 0.0
84 2350.0 1500.0 0 1650.0 1500.0 0 0.0 0.0 0.0 0.0
100 2350.0 1500.0 0 1650.0 1500.0 0 0.0 0.0 0.0 0.0
117 2350.0 1500.0 0 1650.0 1500.0 0 0.0 0.0 0.0 0.0
134 2350.0 1500.0 0 1650.0 1500.0 0 0.0 0.0 0.0 0.0
150 2350.0 1500.0 0 1650.0 1500.0 0 0.0 0.0 0.0 0.0
167 2350.0 1500.0 0 1650.0 1500.0 0 0.0 0.0 0.0 0.0
184 2350.0 1500.0 0 1650.0 1500.0 0 0.0 0.0 0.0 0.0
200 2350.0 1500.0 0 1650.0 1500.0 0 0.0 0.0 0.0 0.0
217 2340.60107421875 1495.3045654296875 3.03291179906779 1650.0 1500.0 0 0.0 0.0 0.0 0.0
234 2331.206298828125 1495.3045654296875 3.607323315795327 1650.0 1500.0 0 0.0 0.0 0.0 0.0
250 2326.5068359375 1495.3045654296875 3.8830345538112283 1650.0 1500.0 0 0.0 0.0 0.0 0.0
267 2321.811279296875 1490.605224609375 6.474831186091194 1650.0 1500.0 0 0.0 0.0 0.0 0.0
284 2317.112060546875 1490.605224609375 6.634299115638498 1650.0 1500.0 0 0.0 0.0 0.0 0.0
304 2307.71728515625 1490.605224609375 6.928246183406429 1650.0 1500.0 0 0.0 0.0 0.0 0.0
317 2303.01806640625 1490.605224609375 7.069315405767156 1650.0 1500.0 0 0.0 0.0 0.0 0.0
334 2293.619140625 1490.605224609375 7.3294637176318815 1650.0 1500.0 0 0.0 0.0 0.0 0.0
350 2284.224365234375 1490.605224609375 7.56918728882232 1650.0 1500.0 0 0.0 0.0 0.0 0.0
367 2274.829345703125 1485.9058837890625 10.03140092560011 1650.0 1500.0 0 0.0 0.0 0.0 0.0
384 2265.430908203125 1485.9058837890625 10.059981343361699 1650.0 1500.0 0 0.0 0.0 0.0 0.0
400 2256.035888671875 1485.9058837890625 10.086336140289461 1650.0 1500.0 0 0.0 0.0 0.0 0.0
544 2251.33642578125 1485.9058837890625 10.098967272306083 1650.0 1500.0 0 0.0 0.0 0.0 0.0
560 2237.2421875 1481.2064208984375 12.288141851591035 1650.0 1500.0 0 0.0 0.0 0.0 0.0
576 2213.753173828125 1476.510986328125 13.957622726159343 1650.0 1500.0 0 0.0 0.0 0.0 0.0
592 2190.26025390625 1471.8116455078125 15.333616097658762 1650.0 1500.0 0 0.0 0.0 0.0 0.0
608 2171.466796875 1467.1123046875 16.684994901788684 1650.0 1500.0 0 0.0 0.0 0.0 0.0
624 2152.673095703125 1462.416748046875 17.834894219123953 1650.0 1500.0 0 0.0 0.0 0.0 0.0
640 2133.8834228515625 1457.7174072265625 18.816320289767816 1650.0 1500.0 0 0.0 0.0 0.0 0.0
656 2124.4847412109375 1457.7174072265625 18.159694886670366 1650.0 1500.0 0 0.0 0.0 0.0 0.0
672 2110.3905029296875 1453.01806640625 19.4173469121518 1650.0 1500.0 0 0.0 0.0 0.0 0.0
696 2100.99560546875 1453.01806640625 18.714410489971613 1650.0 1500.0 0 0.0 0.0 0.0 0.0
704 2096.29638671875 1453.01806640625 18.376969434916987 1650.0 1500.0 0 0.0 0.0 0.0 0.0
720 2086.9014892578125 1453.01806640625 17.754703418015595 1650.0 1500.0 0 0.0 0.0 0.0 0.0
744 2077.5028076171875 1453.01806640625 17.18053233955419 1650.0 1500.0 0 0.0 0.0 0.0 0.0
752 2072.8072509765625 1453.01806640625 16.905230701514427 1650.0 1500.0 0 0.0 0.0 0.0 0.0
767 2068.10791015625 1453.01806640625 16.640872134905123 1650.0 1500.0 0 0.0 0.0 0.0 0.0
784 2063.408447265625 1453.01806640625 16.387225453813983 1650.0 1500.0 0 0.0 0.0 0.0 0.0
800 2058.713134765625 1453.01806640625 16.144036422728675 1650.0 1500.0 0 0.0 0.0 0.0 0.0
824 2054.013671875 1453.01806640625 15.91047427460046 1650.0 1500.0 0 0.0 0.0 0.0 0.0
889 2049.3143310546875 1453.01806640625 15.686411237062714 1650.0 1500.0 0 0.0 0.0 0.0 0.0
905 2049.3143310546875 1457.7174072265625 13.258244750410142 1650.0 1500.0 0 0.0 0.0 0.0 0.0
920 2044.6148681640625 1457.7174072265625 13.141863543737827 1650.0 1500.0 0 0.0 0.0 0.0 0.0
936 2039.9195556640625 1462.416748046875 10.69787556494299 1650.0 1500.0 0 0.0 0.0 0.0 0.0
960 2030.520751953125 1462.416748046875 10.674314212016895 1650.0 1500.0 0 0.0 0.0 0.0 0.0
968 2025.8253173828125 1467.1123046875 8.334103322748433 1650.0 1500.0 0 0.0 0.0 0.0 0.0
984 2021.1259765625 1467.1123046875 8.418017166502352 1650.0 1500.0 0 0.0 0.0 0.0 0.0
1008 2011.7310791015625 1471.8116455078125 6.337135333386584 1650.0 1500.0 0 0.0 0.0 0.0 0.0
1017 2007.0316162109375 1476.510986328125 4.183500761513869 1650.0 1500.0 0 0.0 0.0 0.0 0.0
1034 1997.6329345703125 1481.2064208984375 2.450138005935912 1650.0 1500.0 0 0.0 0.0 0.0 0.0
1056 1988.238037109375 1481.2064208984375 3.0698235795114783 1650.0 1500.0 0 0.0 0.0 0.0 0.0
2833 1989.2733154296875 1476.0170974731445 2.6298041171596083 1650.0 1500.0 0 0.0 0.0 0.0 0.0
2851 1993.9727783203125 1476.0170974731445 2.1809969896815176 1650.0 1500.0 0 0.0 0.0 0.0 0.0
2868 2003.3675537109375 1476.0170974731445 1.2474025356828236 1650.0 1500.0 0 0.0 0.0 0.0 0.0
2884 2017.4617919921875 1480.7165603637695 358.60485269658557 1650.0 1500.0 0 0.0 0.0 0.0 0.0
2901 2026.860595703125 1480.7165603637695 357.52863101006216 1650.0 1500.0 0 0.0 0.0 0.0 0.0
2918 2036.25537109375 1480.7165603637695 356.41099454415894 1650.0 1500.0 0 0.0 0.0 0.0 0.0
2934 2045.650146484375 1485.4157791137695 354.1645020870105 1650.0 1500.0 0 0.0 0.0 0.0 0.0
2950 2050.349609375 1485.4157791137695 353.5528748570876 1650.0 1500.0 0 0.0 0.0 0.0 0.0
2967 2055.0489501953125 1485.4157791137695 352.9300347755799 1650.0 1500.0 0 0.0 0.0 0.0 0.0
3273 2059.748291015625 1490.111213684082 351.264269352894 1650.0 1500.0 0 0.0 0.0 0.0 0.0
3289 2069.1431884765625 1490.111213684082 349.9120470343921 1650.0 1500.0 0 0.0 0.0 0.0 0.0
3313 2078.5380859375 1490.111213684082 348.5114143750146 1650.0 1500.0 0 0.0 0.0 0.0 0.0
3329 2083.2373046875 1490.111213684082 347.79874123455465 1650.0 1500.0 0 0.0 0.0 0.0 0.0
3354 2087.936767578125 1490.111213684082 347.07379108690054 1650.0 1500.0 0 0.0 0.0 0.0 0.0
3369 2092.6322021484375 1490.111213684082 346.3371140746596 1650.0 1500.0 0 0.0 0.0 0.0 0.0
3393 2097.3316650390625 1490.111213684082 345.58742037490964 1650.0 1500.0 0 0.0 0.0 0.0 0.0
3552 2102.0308837890625 1490.111213684082 344.82524665196286 1650.0 1500.0 0 0.0 0.0 0.0 0.0
3568 2111.42578125 1490.111213684082 343.2505801198681 1650.0 1500.0 0 0.0 0.0 0.0 0.0
3584 2125.52001953125 1490.111213684082 340.77159105103374 1650.0 1500.0 0 0.0 0.0 0.0 0.0
3600 2144.3135986328125 1490.111213684082 337.2557436482323 1650.0 1500.0 0 0.0 0.0 0.0 0.0
3617 2158.40771484375 1485.4157791137695 335.33385467760434 1650.0 1500.0 0 0.0 0.0 0.0 0.0
3634 2172.5020751953125 1485.4157791137695 332.5014665345766 1650.0 1500.0 0 0.0 0.0 0.0 0.0
3833 2172.5020751953125 1485.4157791137695 332.50147994357053 1650.0 1500.0 0 0.0 0.0 0.0 0.0
3953 2167.8065185546875 1485.4157791137695 333.43245293146725 1650.0 1500.0 0 0.0 0.0 0.0 0.0
4017 2163.107177734375 1485.4157791137695 334.3517949715937 1650.0 1500.0 0 0.0 0.0 0.0 0.0