0 2064.0579795837402 1090.5226516723633 181.9258376670415 0.0 0.0 0.0 0.0 0.0 0.0 0.0
8 1889.5834579467773 1174.9865455627441 181.3425462456365 0.0 0.0 0.0 0.0 0.0 0.0 0.0
16 1889.5834579467773 1167.3389625549316 184.32795851974734 0.0 0.0 0.0 0.0 0.0 0.0 0.0
24 1881.9358749389648 1154.5929908752441 187.09370865909537 0.0 0.0 0.0 0.0 0.0 0.0 0.0
31 1876.8374862670898 1139.2978248596191 191.07829110997776 0.0 0.0 0.0 0.0 0.0 0.0 0.0
40 1869.1899032592773 1126.5518531799316 193.16151155654043 0.0 0.0 0.0 0.0 0.0 0.0 0.0
47 1864.0915145874023 1108.7074928283691 197.26902816919537 0.0 0.0 0.0 0.0 0.0 0.0 0.0
56 1851.3456649780273 1083.2156715393066 200.5930998317165 0.0 0.0 0.0 0.0 0.0 0.0 0.0
63 1838.5996932983398 1060.2729225158691 202.70028596224566 0.0 0.0 0.0 0.0 0.0 0.0 0.0
72 1825.8537216186523 1042.4285621643066 203.22671575329136 0.0 0.0 0.0 0.0 0.0 0.0 0.0
79 1815.6569442749023 1024.5842018127441 204.47226608020154 0.0 0.0 0.0 0.0 0.0 0.0 0.0
88 1810.5585556030273 1011.8382301330566 206.00310184775756 0.0 0.0 0.0 0.0 0.0 0.0 0.0
95 1797.8125839233398 996.5430641174316 205.438755724922 0.0 0.0 0.0 0.0 0.0 0.0 0.0
104 1795.2633895874023 986.3462867736816 207.14787582665636 0.0 0.0 0.0 0.0 0.0 0.0 0.0
111 1787.6158065795898 973.6004371643066 207.53636019203933 0.0 0.0 0.0 0.0 0.0 0.0 0.0
120 1782.5174179077148 968.5020484924316 206.94447856448917 0.0 0.0 0.0 0.0 0.0 0.0 0.0
127 1774.8698348999023 958.3052101135254 206.75035729836603 0.0 0.0 0.0 0.0 0.0 0.0 0.0
136 1764.6730575561523 945.5592994689941 206.32219247173035 0.0 0.0 0.0 0.0 0.0 0.0 0.0
143 1759.5746688842773 935.3625221252441 207.06651708228807 0.0 0.0 0.0 0.0 0.0 0.0 0.0
152 1746.8288192749023 922.6165504455566 205.75736497364002 0.0 0.0 0.0 0.0 0.0 0.0 0.0
159 1736.6320419311523 914.9689674377441 204.17292192043854 0.0 0.0 0.0 0.0 0.0 0.0 0.0
168 1731.5336532592773 907.3213844299316 204.4405732006459 0.0 0.0 0.0 0.0 0.0 0.0 0.0
176 1721.3368759155273 899.6738624572754 202.97532310646514 0.0 0.0 0.0 0.0 0.0 0.0 0.0
184 1716.2384872436523 894.5754737854004 202.63223612963534 0.0 0.0 0.0 0.0 0.0 0.0 0.0
192 1711.1400985717773 889.4770851135254 202.307998742637 0.0 0.0 0.0 0.0 0.0 0.0 0.0
200 1706.0417098999023 889.4770851135254 200.53118561006275 0.0 0.0 0.0 0.0 0.0 0.0 0.0
208 1700.9433212280273 886.9278907775879 199.57335297458908 0.0 0.0 0.0 0.0 0.0 0.0 0.0
216 1700.9433212280273 884.3786964416504 200.3538820583586 0.0 0.0 0.0 0.0 0.0 0.0 0.0
224 1695.8449325561523 884.3786964416504 198.62969769082585 0.0 0.0 0.0 0.0 0.0 0.0 0.0
232 1693.2957382202148 881.8295021057129 198.5760604852862 0.0 0.0 0.0 0.0 0.0 0.0 0.0
240 1690.7465438842773 881.8295021057129 197.72691201851868 0.0 0.0 0.0 0.0 0.0 0.0 0.0
256 1685.6481552124023 881.8295021057129 196.07636242818253 0.0 0.0 0.0 0.0 0.0 0.0 0.0
272 1683.0989608764648 881.8295021057129 195.26322746817092 0.0 0.0 0.0 0.0 0.0 0.0 0.0
279 1678.0005722045898 881.8295021057129 193.68462815953936 0.0 0.0 0.0 0.0 0.0 0.0 0.0
288 1675.4513778686523 881.8295021057129 192.9073908981786 0.0 0.0 0.0 0.0 0.0 0.0 0.0
295 1670.3529891967773 881.8295021057129 191.4000622701823 0.0 0.0 0.0 0.0 0.0 0.0 0.0
304 1665.2546005249023 881.8295021057129 189.93954320956405 0.0 0.0 0.0 0.0 0.0 0.0 0.0
311 1652.5086288452148 892.0262794494629 182.8287506242406 0.0 0.0 0.0 0.0 0.0 0.0 0.0
320 1647.4102401733398 897.1246681213379 179.6354184484061 0.0 0.0 0.0 0.0 0.0 0.0 0.0
327 1637.2135848999023 907.3213844299316 173.48733705556336 0.0 0.0 0.0 0.0 0.0 0.0 0.0
336 1627.0168075561523 914.9689674377441 168.715231385627 0.0 0.0 0.0 0.0 0.0 0.0 0.0
343 1624.4676132202148 920.0673561096191 166.1336939028105 0.0 0.0 0.0 0.0 0.0 0.0 0.0
352 1616.8200302124023 925.1657447814941 163.11845722985996 0.0 0.0 0.0 0.0 0.0 0.0 0.0
359 1611.7216415405273 935.3625221252441 158.1553422281563 0.0 0.0 0.0 0.0 0.0 0.0 0.0
368 1606.6232528686523 940.4609107971191 155.63806078365033 0.0 0.0 0.0 0.0 0.0 0.0 0.0
376 1601.5248641967773 948.1084938049316 152.07978095984905 0.0 0.0 0.0 0.0 0.0 0.0 0.0
384 1596.4264755249023 955.7560157775879 148.66738173172413 0.0 0.0 0.0 0.0 0.0 0.0 0.0
392 1593.8772811889648 960.8544044494629 146.424964618137 0.0 0.0 0.0 0.0 0.0 0.0 0.0
400 1588.7788925170898 968.5020484924316 143.2677867004543 0.0 0.0 0.0 0.0 0.0 0.0 0.0
408 1586.2296981811523 976.1496315002441 140.03715321628513 0.0 0.0 0.0 0.0 0.0 0.0 0.0
416 1581.1313095092773 986.3462867736816 136.1215018465978 0.0 0.0 0.0 0.0 0.0 0.0 0.0
424 1578.5821151733398 993.9938697814941 133.1397008130631 0.0 0.0 0.0 0.0 0.0 0.0 0.0
432 1576.0329208374023 999.0922584533691 131.33771062575263 0.0 0.0 0.0 0.0 0.0 0.0 0.0
440 1570.9345321655273 1011.8382301330566 126.96295690107067 0.0 0.0 0.0 0.0 0.0 0.0 0.0
447 1570.9345321655273 1016.9366188049316 124.85634075374716 0.0 0.0 0.0 0.0 0.0 0.0 0.0
456 1568.3853378295898 1024.5842018127441 122.34874872395619 0.0 0.0 0.0 0.0 0.0 0.0 0.0
463 1568.3853378295898 1027.1333961486816 121.33046536741278 0.0 0.0 0.0 0.0 0.0 0.0 0.0
472 1568.3853378295898 1034.7809791564941 118.3710253140205 0.0 0.0 0.0 0.0 0.0 0.0 0.0
479 1568.3853378295898 1037.3301734924316 117.39611271472421 0.0 0.0 0.0 0.0 0.0 0.0 0.0
488 1568.3853378295898 1042.4285621643066 115.4913853928847 0.0 0.0 0.0 0.0 0.0 0.0 0.0
495 1565.8361434936523 1044.9777565002441 115.24431673704495 0.0 0.0 0.0 0.0 0.0 0.0 0.0
504 1565.8361434936523 1047.5269508361816 114.3067191017499 0.0 0.0 0.0 0.0 0.0 0.0 0.0
511 1565.8361434936523 1055.1745338439941 111.59798590901428 0.0 0.0 0.0 0.0 0.0 0.0 0.0
520 1565.8361434936523 1060.2729225158691 109.84005972378858 0.0 0.0 0.0 0.0 0.0 0.0 0.0
527 1565.8361434936523 1062.8221168518066 108.97322594370948 0.0 0.0 0.0 0.0 0.0 0.0 0.0
536 1565.8361434936523 1073.0188941955566 105.69343604128042 0.0 0.0 0.0 0.0 0.0 0.0 0.0
543 1565.8361434936523 1075.5680885314941 104.8859662769276 0.0 0.0 0.0 0.0 0.0 0.0 0.0
552 1565.8361434936523 1083.2156715393066 102.56942788571399 0.0 0.0 0.0 0.0 0.0 0.0 0.0
559 1565.8361434936523 1090.8631324768066 100.35813123995521 0.0 0.0 0.0 0.0 0.0 0.0 0.0
568 1565.8361434936523 1093.4123268127441 99.63291146068681 0.0 0.0 0.0 0.0 0.0 0.0 0.0
575 1565.8361434936523 1101.0599098205566 97.55944447170492 0.0 0.0 0.0 0.0 0.0 0.0 0.0
584 1565.8361434936523 1108.7074928283691 95.58612199123093 0.0 0.0 0.0 0.0 0.0 0.0 0.0
592 1565.8361434936523 1121.4534645080566 92.55992133812106 0.0 0.0 0.0 0.0 0.0 0.0 0.0
600 1565.8361434936523 1124.0026588439941 91.96551119694018 0.0 0.0 0.0 0.0 0.0 0.0 0.0
608 1565.8361434936523 1134.1994361877441 89.7470519999811 0.0 0.0 0.0 0.0 0.0 0.0 0.0
616 1565.8361434936523 1141.8470191955566 88.17011773511697 0.0 0.0 0.0 0.0 0.0 0.0 0.0
624 1565.8361434936523 1149.4946022033691 86.67638831018908 0.0 0.0 0.0 0.0 0.0 0.0 0.0
631 1565.8361434936523 1157.1421852111816 85.2624171535193 0.0 0.0 0.0 0.0 0.0 0.0 0.0
640 1565.8361434936523 1159.6913795471191 84.79988547300894 0.0 0.0 0.0 0.0 0.0 0.0 0.0
647 1565.8361434936523 1167.3389625549316 83.48723655398865 0.0 0.0 0.0 0.0 0.0 0.0 0.0
656 1565.8361434936523 1174.9865455627441 82.24614175339795 0.0 0.0 0.0 0.0 0.0 0.0 0.0
663 1565.8361434936523 1180.0849342346191 81.4496121512245 0.0 0.0 0.0 0.0 0.0 0.0 0.0
672 1565.8361434936523 1190.2817115783691 79.97163607633692 0.0 0.0 0.0 0.0 0.0 0.0 0.0
679 1565.8361434936523 1197.9291725158691 78.92488308514939 0.0 0.0 0.0 0.0 0.0 0.0 0.0
688 1565.8361434936523 1205.5767555236816 77.93659380841618 0.0 0.0 0.0 0.0 0.0 0.0 0.0
695 1565.8361434936523 1208.1259498596191 77.61356424029677 0.0 0.0 0.0 0.0 0.0 0.0 0.0
704 1565.8361434936523 1215.7735328674316 76.6989991939815 0.0 0.0 0.0 0.0 0.0 0.0 0.0
720 1565.8361434936523 1218.3227272033691 76.4001193811421 0.0 0.0 0.0 0.0 0.0 0.0 0.0
727 1565.8361434936523 1223.4211158752441 75.82529680482799 0.0 0.0 0.0 0.0 0.0 0.0 0.0
744 1565.8361434936523 1225.9703102111816 75.5435284826386 0.0 0.0 0.0 0.0 0.0 0.0 0.0
752 1565.8361434936523 1231.0686988830566 75.00168959115607 0.0 0.0 0.0 0.0 0.0 0.0 0.0
759 1565.8361434936523 1233.6178932189941 74.73609242814675 0.0 0.0 0.0 0.0 0.0 0.0 0.0
768 1565.8361434936523 1241.2654762268066 73.98462633755656 0.0 0.0 0.0 0.0 0.0 0.0 0.0
775 1565.8361434936523 1246.3638648986816 73.50304884701333 0.0 0.0 0.0 0.0 0.0 0.0 0.0
784 1565.8361434936523 1256.5606422424316 72.6119400659284 0.0 0.0 0.0 0.0 0.0 0.0 0.0
792 1565.8361434936523 1264.2082252502441 71.98187311803886 0.0 0.0 0.0 0.0 0.0 0.0 0.0
800 1565.8361434936523 1271.8558082580566 71.38801119716388 0.0 0.0 0.0 0.0 0.0 0.0 0.0
808 1565.8361434936523 1279.5033912658691 70.82825110044948 0.0 0.0 0.0 0.0 0.0 0.0 0.0
816 1565.8361434936523 1282.0525856018066 70.64542653180342 0.0 0.0 0.0 0.0 0.0 0.0 0.0
824 1565.8361434936523 1289.7001686096191 70.12842400289978 0.0 0.0 0.0 0.0 0.0 0.0 0.0
831 1565.8361434936523 1292.2493629455566 69.95955540162092 0.0 0.0 0.0 0.0 0.0 0.0 0.0
840 1565.8361434936523 1302.4461402893066 69.33500454357113 0.0 0.0 0.0 0.0 0.0 0.0 0.0
848 1565.8361434936523 1307.5444068908691 69.03499149964341 0.0 0.0 0.0 0.0 0.0 0.0 0.0
856 1565.8361434936523 1310.0936012268066 68.88797453718482 0.0 0.0 0.0 0.0 0.0 0.0 0.0
864 1565.8361434936523 1317.7411842346191 68.47249814805426 0.0 0.0 0.0 0.0 0.0 0.0 0.0
872 1565.8361434936523 1327.9379615783691 67.96040789640716 0.0 0.0 0.0 0.0 0.0 0.0 0.0
879 1563.2869491577148 1338.1347389221191 68.5705968415879 0.0 0.0 0.0 0.0 0.0 0.0 0.0
888 1560.7377548217773 1343.2331275939941 69.4246828427327 0.0 0.0 0.0 0.0 0.0 0.0 0.0
895 1560.7377548217773 1348.3315162658691 69.12113349086812 0.0 0.0 0.0 0.0 0.0 0.0 0.0
904 1560.7377548217773 1355.9790992736816 68.69212224313449 0.0 0.0 0.0 0.0 0.0 0.0 0.0
911 1558.1885604858398 1358.5282936096191 69.69784950952837 0.0 0.0 0.0 0.0 0.0 0.0 0.0
1080 1558.1885604858398 1361.0774879455566 69.5375715023687 0.0 0.0 0.0 0.0 0.0 0.0 0.0
1128 1555.6393661499023 1361.0774879455566 70.70384405590656 0.0 0.0 0.0 0.0 0.0 0.0 0.0
1144 1553.0901718139648 1361.0774879455566 71.86613291191077 0.0 0.0 0.0 0.0 0.0 0.0 0.0
1184 1550.5409774780273 1361.0774879455566 73.02400983014095 0.0 0.0 0.0 0.0 0.0 0.0 0.0
1191 1547.9917831420898 1361.0774879455566 74.17696950319154 0.0 0.0 0.0 0.0 0.0 0.0 0.0
1200 1545.4425888061523 1361.0774879455566 75.32462182657403 0.0 0.0 0.0 0.0 0.0 0.0 0.0
1216 1542.8933944702148 1358.5282936096191 76.77126584324577 0.0 0.0 0.0 0.0 0.0 0.0 0.0
1224 1542.8933944702148 1355.9790992736816 77.08373017098441 0.0 0.0 0.0 0.0 0.0 0.0 0.0
1231 1540.3442001342773 1355.9790992736816 78.21591754095843 0.0 0.0 0.0 0.0 0.0 0.0 0.0
1240 1535.2458114624023 1350.8807106018066 81.23123332658798 0.0 0.0 0.0 0.0 0.0 0.0 0.0
1247 1535.2458114624023 1348.3315162658691 81.63304847915643 0.0 0.0 0.0 0.0 0.0 0.0 0.0
1256 1532.6967391967773 1348.3315162658691 82.73529021119876 0.0 0.0 0.0 0.0 0.0 0.0 0.0
1263 1527.5983505249023 1343.2331275939941 85.85684023149915 0.0 0.0 0.0 0.0 0.0 0.0 0.0
1272 1517.4015731811523 1333.0363502502441 92.33955018031068 0.0 0.0 0.0 0.0 0.0 0.0 0.0
1279 1514.8523788452148 1327.9379615783691 94.61346860433156 0.0 0.0 0.0 0.0 0.0 0.0 0.0
1287 1507.2047958374023 1320.2903785705566 99.58979123678776 0.0 0.0 0.0 0.0 0.0 0.0 0.0
1295 1502.1064071655273 1312.6427955627441 103.71774640724868 0.0 0.0 0.0 0.0 0.0 0.0 0.0
1304 1497.0080184936523 1299.8969459533691 109.69378165326577 0.0 0.0 0.0 0.0 0.0 0.0 0.0
1311 1491.9096298217773 1287.1509742736816 115.87308556947849 0.0 0.0 0.0 0.0 0.0 0.0 0.0
1320 1484.2620468139648 1271.8558082580566 123.81616397839417 0.0 0.0 0.0 0.0 0.0 0.0 0.0
1327 1479.1636581420898 1264.2082252502441 128.0124614269919 0.0 0.0 0.0 0.0 0.0 0.0 0.0
1336 1466.4176864624023 1248.9130592346191 136.43325013317585 0.0 0.0 0.0 0.0 0.0 0.0 0.0
1343 1458.7701034545898 1236.1670875549316 142.82689899766942 0.0 0.0 0.0 0.0 0.0 0.0 0.0
1352 1453.6717147827148 1225.9703102111816 147.7094476006877 0.0 0.0 0.0 0.0 0.0 0.0 0.0
1359 1448.5733261108398 1218.3227272033691 151.27256469858312 0.0 0.0 0.0 0.0 0.0 0.0 0.0
1367 1443.4749374389648 1213.2243385314941 153.5581467085082 0.0 0.0 0.0 0.0 0.0 0.0 0.0
1375 1438.3765487670898 1203.0275611877441 157.99928512569434 0.0 0.0 0.0 0.0 0.0 0.0 0.0
1384 1435.8273544311523 1197.9291725158691 160.16253120545153 0.0 0.0 0.0 0.0 0.0 0.0 0.0
1391 1433.2781600952148 1195.3801002502441 161.13451885602242 0.0 0.0 0.0 0.0 0.0 0.0 0.0
1400 1428.1797714233398 1185.1833229064941 165.18182926040188 0.0 0.0 0.0 0.0 0.0 0.0 0.0
1407 1423.0815048217773 1174.9865455627441 168.99397231273284 0.0 0.0 0.0 0.0 0.0 0.0 0.0
1416 1415.4339218139648 1164.7897682189941 172.18320813566143 0.0 0.0 0.0 0.0 0.0 0.0 0.0
1424 1405.2371444702148 1154.5929908752441 174.69071108356738 0.0 0.0 0.0 0.0 0.0 0.0 0.0
1431 1402.6879501342773 1149.4946022033691 176.34601973533634 0.0 0.0 0.0 0.0 0.0 0.0 0.0
1440 1392.4911727905273 1134.1994361877441 180.31116667385962 0.0 0.0 0.0 0.0 0.0 0.0 0.0
1447 1382.2943954467773 1126.5518531799316 181.08390468781707 0.0 0.0 0.0 0.0 0.0 0.0 0.0
1456 1377.1960067749023 1116.3550758361816 183.83109339265596 0.0 0.0 0.0 0.0 0.0 0.0 0.0
1463 1364.4500350952148 1103.6091041564941 185.46319148845228 0.0 0.0 0.0 0.0 0.0 0.0 0.0
1472 1354.2532577514648 1093.4123268127441 186.63460873013085 0.0 0.0 0.0 0.0 0.0 0.0 0.0
1479 1346.6056747436523 1085.7648658752441 187.4433583837903 0.0 0.0 0.0 0.0 0.0 0.0 0.0
1488 1341.5072860717773 1080.6664772033691 187.9532123166849 0.0 0.0 0.0 0.0 0.0 0.0 0.0
1495 1331.3105087280273 1067.9205055236816 189.70202424175775 0.0 0.0 0.0 0.0 0.0 0.0 0.0
1504 1321.1137313842773 1057.7237281799316 190.43498154807602 0.0 0.0 0.0 0.0 0.0 0.0 0.0
1511 1313.4662704467773 1047.5269508361816 191.7723816183561 0.0 0.0 0.0 0.0 0.0 0.0 0.0
1520 1308.3678817749023 1042.4285621643066 192.04541447351542 0.0 0.0 0.0 0.0 0.0 0.0 0.0
1527 1303.2694931030273 1034.7809791564941 193.14040723071278 0.0 0.0 0.0 0.0 0.0 0.0 0.0
1536 1298.1711044311523 1029.6825904846191 193.33828982799182 0.0 0.0 0.0 0.0 0.0 0.0 0.0
1543 1293.0727157592773 1024.5842018127441 193.52526271269537 0.0 0.0 0.0 0.0 0.0 0.0 0.0
1552 1287.9743270874023 1019.4858131408691 193.70197988151656 0.0 0.0 0.0 0.0 0.0 0.0 0.0
1559 1287.9743270874023 1016.9366188049316 194.56781530602765 0.0 0.0 0.0 0.0 0.0 0.0 0.0
1567 1282.8759384155273 1011.8382301330566 194.68716521615593 0.0 0.0 0.0 0.0 0.0 0.0 0.0
1575 1280.3267440795898 1011.8382301330566 193.89468586764448 0.0 0.0 0.0 0.0 0.0 0.0 0.0
1584 1272.6791610717773 1004.1906471252441 194.12299629306838 0.0 0.0 0.0 0.0 0.0 0.0 0.0
1591 1270.1299667358398 1004.1906471252441 193.3390747772136 0.0 0.0 0.0 0.0 0.0 0.0 0.0
1600 1262.4823837280273 1001.6414527893066 191.95350641928363 0.0 0.0 0.0 0.0 0.0 0.0 0.0
1607 1252.2856063842773 993.9938697814941 191.64092129817587 0.0 0.0 0.0 0.0 0.0 0.0 0.0
1616 1244.6380233764648 991.4446754455566 190.35272443633326 0.0 0.0 0.0 0.0 0.0 0.0 0.0
1623 1231.8920516967773 986.3462867736816 188.6904837404101 0.0 0.0 0.0 0.0 0.0 0.0 0.0
1631 1226.7936630249023 983.7970924377441 188.23504584324658 0.0 0.0 0.0 0.0 0.0 0.0 0.0
1640 1219.1460800170898 981.2480201721191 187.144981870743 0.0 0.0 0.0 0.0 0.0 0.0 0.0
1647 1206.4002304077148 973.6004371643066 186.6684736838467 0.0 0.0 0.0 0.0 0.0 0.0 0.0
1655 1201.3018417358398 971.0512428283691 186.30105818468067 0.0 0.0 0.0 0.0 0.0 0.0 0.0
1663 1196.2034530639648 971.0512428283691 185.00562077494445 0.0 0.0 0.0 0.0 0.0 0.0 0.0
1671 1188.5558700561523 968.5020484924316 184.10641470105386 0.0 0.0 0.0 0.0 0.0 0.0 0.0
1679 1178.3590927124023 960.8544044494629 184.52633804742325 0.0 0.0 0.0 0.0 0.0 0.0 0.0
1688 1170.7115097045898 960.8544044494629 182.70351279031817 0.0 0.0 0.0 0.0 0.0 0.0 0.0
1695 1168.1623153686523 958.3052101135254 183.09719579242054 0.0 0.0 0.0 0.0 0.0 0.0 0.0
1704 1157.9655380249023 958.3052101135254 180.80225905165267 0.0 0.0 0.0 0.0 0.0 0.0 0.0
1720 1152.8671493530273 958.3052101135254 179.69513984538608 0.0 0.0 0.0 0.0 0.0 0.0 0.0
1727 1147.7687606811523 958.3052101135254 178.62711110412923 0.0 0.0 0.0 0.0 0.0 0.0 0.0
1736 1140.1211776733398 958.3052101135254 177.1091607894421 0.0 0.0 0.0 0.0 0.0 0.0 0.0
1743 1132.4735946655273 958.3052101135254 175.67198606141815 0.0 0.0 0.0 0.0 0.0 0.0 0.0
1752 1127.3752059936523 958.3052101135254 174.74881904265445 0.0 0.0 0.0 0.0 0.0 0.0 0.0
1759 1117.1784286499023 958.3052101135254 173.0332895430275 0.0 0.0 0.0 0.0 0.0 0.0 0.0
1767 1106.9816513061523 958.3052101135254 171.4407547949967 0.0 0.0 0.0 0.0 0.0 0.0 0.0
1775 1089.1374130249023 958.3052101135254 168.9888517139655 0.0 0.0 0.0 0.0 0.0 0.0 0.0
1784 1078.9406356811523 958.3052101135254 167.69061827371044 0.0 0.0 0.0 0.0 0.0 0.0 0.0
1791 1063.6454696655273 958.3052101135254 165.9508160147099 0.0 0.0 0.0 0.0 0.0 0.0 0.0
1800 1050.8994979858398 958.3052101135254 164.63307409451713 0.0 0.0 0.0 0.0 0.0 0.0 0.0
1807 1043.2519149780273 958.3052101135254 163.88748959911803 0.0 0.0 0.0 0.0 0.0 0.0 0.0
1816 1033.0551376342773 958.3052101135254 162.9676189470969 0.0 0.0 0.0 0.0 0.0 0.0 0.0
1823 1022.8583602905273 958.3052101135254 162.11664490581998 0.0 0.0 0.0 0.0 0.0 0.0 0.0
1831 1017.7599716186523 960.8544044494629 160.58655905225177 0.0 0.0 0.0 0.0 0.0 0.0 0.0
1840 1012.6615829467773 965.9528541564941 157.9814985580501 0.0 0.0 0.0 0.0 0.0 0.0 0.0
1847 1010.1123886108398 965.9528541564941 157.85561610563812 0.0 0.0 0.0 0.0 0.0 0.0 0.0
1856 1002.4648056030273 971.0512428283691 155.27912653840932 0.0 0.0 0.0 0.0 0.0 0.0 0.0
1863 1002.4648056030273 973.6004371643066 154.09942056586695 0.0 0.0 0.0 0.0 0.0 0.0 0.0
1871 997.3665390014648 978.6988258361816 151.7374621298583 0.0 0.0 0.0 0.0 0.0 0.0 0.0
1879 992.2681503295898 983.7970924377441 149.47085462214935 0.0 0.0 0.0 0.0 0.0 0.0 0.0
1888 987.1697616577148 991.4446754455566 146.17274002045232 0.0 0.0 0.0 0.0 0.0 0.0 0.0
1895 984.6205673217773 999.0922584533691 142.8537890690092 0.0 0.0 0.0 0.0 0.0 0.0 0.0
1904 979.5221786499023 1006.7398414611816 139.8717033110523 0.0 0.0 0.0 0.0 0.0 0.0 0.0
1911 976.9729843139648 1011.8382301330566 137.86202966062464 0.0 0.0 0.0 0.0 0.0 0.0 0.0
1920 971.8745956420898 1024.5842018127441 133.0227505171677 0.0 0.0 0.0 0.0 0.0 0.0 0.0
1927 971.8745956420898 1029.6825904846191 130.81661555799025 0.0 0.0 0.0 0.0 0.0 0.0 0.0
1936 969.3254013061523 1037.3301734924316 128.04645881732668 0.0 0.0 0.0 0.0 0.0 0.0 0.0
1943 966.7762069702148 1042.4285621643066 126.41672575260242 0.0 0.0 0.0 0.0 0.0 0.0 0.0
1952 966.7762069702148 1050.0761451721191 123.30063695388668 0.0 0.0 0.0 0.0 0.0 0.0 0.0
1959 964.2270126342773 1057.7237281799316 120.8655609228984 0.0 0.0 0.0 0.0 0.0 0.0 0.0
1967 961.6778182983398 1062.8221168518066 119.49796018520448 0.0 0.0 0.0 0.0 0.0 0.0 0.0
1975 959.1286239624023 1070.4696998596191 117.24656181776663 0.0 0.0 0.0 0.0 0.0 0.0 0.0
1984 956.5794296264648 1078.1172828674316 115.10797466740866 0.0 0.0 0.0 0.0 0.0 0.0 0.0
1991 956.5794296264648 1080.6664772033691 114.17205474336146 0.0 0.0 0.0 0.0 0.0 0.0 0.0
2000 956.5794296264648 1088.3140602111816 111.46848455134594 0.0 0.0 0.0 0.0 0.0 0.0 0.0
2007 956.5794296264648 1090.8631324768066 110.57959493606776 0.0 0.0 0.0 0.0 0.0 0.0 0.0
2016 954.0302352905273 1101.0599098205566 107.98390129470579 0.0 0.0 0.0 0.0 0.0 0.0 0.0
2023 951.4810409545898 1106.1582984924316 107.13172600162642 0.0 0.0 0.0 0.0 0.0 0.0 0.0
2031 948.9318466186523 1111.2566871643066 106.31526911280966 0.0 0.0 0.0 0.0 0.0 0.0 0.0
2039 948.9318466186523 1118.9042701721191 103.93545959469162 0.0 0.0 0.0 0.0 0.0 0.0 0.0
2047 948.9318466186523 1124.0026588439941 102.39672430213531 0.0 0.0 0.0 0.0 0.0 0.0 0.0
2056 946.3826522827148 1131.6502418518066 101.06504481011515 0.0 0.0 0.0 0.0 0.0 0.0 0.0
2063 946.3826522827148 1141.8470191955566 98.25368700802244 0.0 0.0 0.0 0.0 0.0 0.0 0.0
2071 943.8334579467773 1149.4946022033691 97.16256641398505 0.0 0.0 0.0 0.0 0.0 0.0 0.0
2079 943.8334579467773 1164.7897682189941 93.43744255994056 0.0 0.0 0.0 0.0 0.0 0.0 0.0
2088 941.2842636108398 1172.4373512268066 92.63180867042476 0.0 0.0 0.0 0.0 0.0 0.0 0.0
2095 941.2842636108398 1185.1833229064941 89.84905802174131 0.0 0.0 0.0 0.0 0.0 0.0 0.0
2104 938.7350692749023 1197.9291725158691 88.26820928260392 0.0 0.0 0.0 0.0 0.0 0.0 0.0
2111 936.1858749389648 1205.5767555236816 87.77418146490587 0.0 0.0 0.0 0.0 0.0 0.0 0.0
2120 936.1858749389648 1213.2243385314941 86.30149740068995 0.0 0.0 0.0 0.0 0.0 0.0 0.0
2127 936.1858749389648 1220.8719215393066 84.90764786058648 0.0 0.0 0.0 0.0 0.0 0.0 0.0
2136 936.1858749389648 1225.9703102111816 84.01251762608294 0.0 0.0 0.0 0.0 0.0 0.0 0.0
2143 931.0874862670898 1236.1670875549316 84.37409237728576 0.0 0.0 0.0 0.0 0.0 0.0 0.0
2152 931.0874862670898 1243.8146705627441 83.0845633402648 0.0 0.0 0.0 0.0 0.0 0.0 0.0
2159 931.0874862670898 1251.4622535705566 81.86552271406597 0.0 0.0 0.0 0.0 0.0 0.0 0.0
2167 931.0874862670898 1256.5606422424316 81.0831955941959 0.0 0.0 0.0 0.0 0.0 0.0 0.0
2175 931.0874862670898 1264.2082252502441 79.97460708279542 0.0 0.0 0.0 0.0 0.0 0.0 0.0
2184 931.0874862670898 1269.3066139221191 79.26348208148212 0.0 0.0 0.0 0.0 0.0 0.0 0.0
2191 931.0874862670898 1274.4050025939941 78.57927128310811 0.0 0.0 0.0 0.0 0.0 0.0 0.0
2207 928.5382919311523 1276.9541969299316 79.34736422542787 0.0 0.0 0.0 0.0 0.0 0.0 0.0
2216 928.5382919311523 1279.5033912658691 78.99701229489213 0.0 0.0 0.0 0.0 0.0 0.0 0.0
2239 928.5382919311523 1282.0525856018066 78.65344283880611 0.0 0.0 0.0 0.0 0.0 0.0 0.0
2264 925.9890975952148 1284.6017799377441 79.41964246626483 0.0 0.0 0.0 0.0 0.0 0.0 0.0
2528 923.4399032592773 1279.5033912658691 81.3239438161448 0.0 0.0 0.0 0.0 0.0 0.0 0.0
2536 923.4399032592773 1266.7574195861816 83.51473207953262 0.0 0.0 0.0 0.0 0.0 0.0 0.0
2543 920.8907089233398 1256.5606422424316 86.57117246444571 0.0 0.0 0.0 0.0 0.0 0.0 0.0
2552 918.3415145874023 1236.1670875549316 92.41599336095751 0.0 0.0 0.0 0.0 0.0 0.0 0.0
2560 915.7923202514648 1208.1259498596191 101.70372564942647 0.0 0.0 0.0 0.0 0.0 0.0 0.0
2567 910.6939926147461 1182.6341285705566 112.39309655043365 0.0 0.0 0.0 0.0 0.0 0.0 0.0
2575 905.5956039428711 1154.5929908752441 125.17052286828542 0.0 0.0 0.0 0.0 0.0 0.0 0.0
2584 905.5956039428711 1129.1010475158691 136.64622990848397 0.0 0.0 0.0 0.0 0.0 0.0 0.0
2591 905.5956039428711 1108.7074928283691 146.08806438951964 0.0 0.0 0.0 0.0 0.0 0.0 0.0
2600 905.5956039428711 1093.4123268127441 153.18767588377264 0.0 0.0 0.0 0.0 0.0 0.0 0.0
2607 905.5956039428711 1083.2156715393066 157.8882092938728 0.0 0.0 0.0 0.0 0.0 0.0 0.0
2616 905.5956039428711 1075.5680885314941 161.3821699543487 0.0 0.0 0.0 0.0 0.0 0.0 0.0
2623 905.5956039428711 1067.9205055236816 164.83400679748618 0.0 0.0 0.0 0.0 0.0 0.0 0.0
2631 903.0464096069336 1062.8221168518066 166.80740465704926 0.0 0.0 0.0 0.0 0.0 0.0 0.0
2639 903.0464096069336 1055.1745338439941 170.1694814434338 0.0 0.0 0.0 0.0 0.0 0.0 0.0
2647 895.3988265991211 1042.4285621643066 174.26816155535644 0.0 0.0 0.0 0.0 0.0 0.0 0.0
2663 890.3004379272461 1032.2317848205566 177.49675332897826 0.0 0.0 0.0 0.0 0.0 0.0 0.0
2671 885.2020492553711 1027.1333961486816 178.5395590165663 0.0 0.0 0.0 0.0 0.0 0.0 0.0
2679 882.6528549194336 1019.4858131408691 181.0506081154206 0.0 0.0 0.0 0.0 0.0 0.0 0.0
2687 880.1036605834961 1014.3874244689941 182.4767187896705 0.0 0.0 0.0 0.0 0.0 0.0 0.0
2695 877.5544662475586 1011.8382301330566 182.87665564901081 0.0 0.0 0.0 0.0 0.0 0.0 0.0
2703 875.0052719116211 1006.7398414611816 184.23397058396276 0.0 0.0 0.0 0.0 0.0 0.0 0.0
2711 867.3576889038086 996.5430641174316 186.13036026474006 0.0 0.0 0.0 0.0 0.0 0.0 0.0
2720 864.8085556030273 993.9938697814941 186.42910779195117 0.0 0.0 0.0 0.0 0.0 0.0 0.0
2727 859.7101669311523 986.3462867736816 187.89561872645848 0.0 0.0 0.0 0.0 0.0 0.0 0.0
2736 854.6117782592773 983.7970924377441 187.47471428687803 0.0 0.0 0.0 0.0 0.0 0.0 0.0
2743 849.5133895874023 973.6004371643066 189.74233383944554 0.0 0.0 0.0 0.0 0.0 0.0 0.0
2752 844.4150009155273 968.5020484924316 190.12666734029747 0.0 0.0 0.0 0.0 0.0 0.0 0.0
2759 839.3166122436523 960.8544044494629 191.34970600530292 0.0 0.0 0.0 0.0 0.0 0.0 0.0
2767 834.2182235717773 953.2068824768066 192.49123111908838 0.0 0.0 0.0 0.0 0.0 0.0 0.0
2776 826.5706405639648 948.1084938049316 192.00358751727308 0.0 0.0 0.0 0.0 0.0 0.0 0.0
2784 816.3738632202148 940.4609107971191 191.68631452246237 0.0 0.0 0.0 0.0 0.0 0.0 0.0
2791 813.8246688842773 937.9117164611816 191.82911566897442 0.0 0.0 0.0 0.0 0.0 0.0 0.0
2800 808.7263412475586 930.2641334533691 192.93860127584517 0.0 0.0 0.0 0.0 0.0 0.0 0.0
2807 798.5295639038086 925.1657447814941 191.71373220010517 0.0 0.0 0.0 0.0 0.0 0.0 0.0
2816 788.3327865600586 917.5181617736816 191.42351736556216 0.0 0.0 0.0 0.0 0.0 0.0 0.0
2823 780.6852035522461 914.9689674377441 190.14789593089418 0.0 0.0 0.0 0.0 0.0 0.0 0.0
2831 775.5868148803711 912.4197731018066 189.62929096613388 0.0 0.0 0.0 0.0 0.0 0.0 0.0
2839 767.9392318725586 907.3213844299316 189.33878562632586 0.0 0.0 0.0 0.0 0.0 0.0 0.0
2847 760.2916488647461 902.2229957580566 189.06834024179622 0.0 0.0 0.0 0.0 0.0 0.0 0.0
2855 755.1933212280273 899.6738624572754 188.5964850943316 0.0 0.0 0.0 0.0 0.0 0.0 0.0
2863 752.6441268920898 897.1246681213379 188.82625081385723 0.0 0.0 0.0 0.0 0.0 0.0 0.0
2871 742.4473495483398 894.5754737854004 187.05873635693345 0.0 0.0 0.0 0.0 0.0 0.0 0.0
2879 734.7997665405273 892.0262794494629 186.03791587696887 0.0 0.0 0.0 0.0 0.0 0.0 0.0
2887 727.1521835327148 889.4770851135254 185.07745214581965 0.0 0.0 0.0 0.0 0.0 0.0 0.0
2895 716.9554061889648 886.9278907775879 183.58790703267087 0.0 0.0 0.0 0.0 0.0 0.0 0.0
2903 704.2094955444336 881.8295021057129 182.5877065860685 0.0 0.0 0.0 0.0 0.0 0.0 0.0
2911 694.0127182006836 879.2803077697754 181.28559690212566 0.0 0.0 0.0 0.0 0.0 0.0 0.0
2920 686.3651351928711 879.2803077697754 179.6284150623351 0.0 0.0 0.0 0.0 0.0 0.0 0.0
2927 676.1683578491211 876.7311134338379 178.55155826088233 0.0 0.0 0.0 0.0 0.0 0.0 0.0
2936 668.5207748413086 871.6327247619629 179.02602503391054 0.0 0.0 0.0 0.0 0.0 0.0 0.0
2943 660.8731918334961 871.6327247619629 177.4870191942977 0.0 0.0 0.0 0.0 0.0 0.0 0.0
2952 653.2256088256836 869.0835304260254 177.04043460944663 0.0 0.0 0.0 0.0 0.0 0.0 0.0
2959 645.5780868530273 869.0835304260254 175.60696266607656 0.0 0.0 0.0 0.0 0.0 0.0 0.0
2967 637.9305038452148 869.0835304260254 174.25057854435826 0.0 0.0 0.0 0.0 0.0 0.0 0.0
2976 630.2829208374023 869.0835304260254 172.96779805792764 0.0 0.0 0.0 0.0 0.0 0.0 0.0
2984 622.6353378295898 869.0835304260254 171.75518509538315 0.0 0.0 0.0 0.0 0.0 0.0 0.0
2991 617.5369491577148 869.0835304260254 170.97702714196694 0.0 0.0 0.0 0.0 0.0 0.0 0.0
3000 607.3401718139648 869.0835304260254 169.53339394263165 0.0 0.0 0.0 0.0 0.0 0.0 0.0
3007 602.2417831420898 869.0835304260254 168.83894502022954 0.0 0.0 0.0 0.0 0.0 0.0 0.0
3016 594.5942611694336 869.0835304260254 167.85551672214174 0.0 0.0 0.0 0.0 0.0 0.0 0.0
3023 586.9466781616211 869.0835304260254 166.92732494370708 0.0 0.0 0.0 0.0 0.0 0.0 0.0
3031 581.8482894897461 869.0835304260254 166.3322557177673 0.0 0.0 0.0 0.0 0.0 0.0 0.0
3039 574.2007064819336 871.6327247619629 164.40329247738626 0.0 0.0 0.0 0.0 0.0 0.0 0.0
3047 571.6515121459961 871.6327247619629 164.14949112936566 0.0 0.0 0.0 0.0 0.0 0.0 0.0
3055 564.0039291381836 874.1819190979004 162.33710741700608 0.0 0.0 0.0 0.0 0.0 0.0 0.0
3063 556.3563461303711 876.7311134338379 160.62320350262846 0.0 0.0 0.0 0.0 0.0 0.0 0.0
3071 551.2579574584961 881.8295021057129 158.01688413493943 0.0 0.0 0.0 0.0 0.0 0.0 0.0
3079 543.6104354858398 886.9278907775879 155.4313712046911 0.0 0.0 0.0 0.0 0.0 0.0 0.0
3088 535.9628524780273 892.0262794494629 152.9922688505512 0.0 0.0 0.0 0.0 0.0 0.0 0.0
3095 528.3152694702148 899.6738624572754 149.58386751345134 0.0 0.0 0.0 0.0 0.0 0.0 0.0
3104 520.6676864624023 904.7721900939941 147.49081880931638 0.0 0.0 0.0 0.0 0.0 0.0 0.0
3111 518.1184921264648 907.3213844299316 146.42447729720928 0.0 0.0 0.0 0.0 0.0 0.0 0.0
3120 513.0201034545898 917.5181617736816 142.15680922989552 0.0 0.0 0.0 0.0 0.0 0.0 0.0
3127 507.92171478271484 922.6165504455566 140.3098009612328 0.0 0.0 0.0 0.0 0.0 0.0 0.0
3136 502.82332611083984 927.7149391174316 138.54917940837973 0.0 0.0 0.0 0.0 0.0 0.0 0.0
3143 497.72493743896484 940.4609107971191 133.6638233685234 0.0 0.0 0.0 0.0 0.0 0.0 0.0
3152 492.62654876708984 945.5592994689941 132.22653015105777 0.0 0.0 0.0 0.0 0.0 0.0 0.0
3159 490.0774154663086 955.7560157775879 128.35726963033247 0.0 0.0 0.0 0.0 0.0 0.0 0.0
3167 484.9790267944336 963.4035987854004 126.18000129144207 0.0 0.0 0.0 0.0 0.0 0.0 0.0
3176 479.8806381225586 971.0512428283691 124.13473007400478 0.0 0.0 0.0 0.0 0.0 0.0 0.0
3184 477.3314437866211 983.7970924377441 119.74901899128324 0.0 0.0 0.0 0.0 0.0 0.0 0.0
3192 472.2330551147461 993.9938697814941 117.19680328544948 0.0 0.0 0.0 0.0 0.0 0.0 0.0
3200 467.1346664428711 1009.2890357971191 113.13095350181399 0.0 0.0 0.0 0.0 0.0 0.0 0.0
3207 467.1346664428711 1022.0350074768066 108.80472721566198 0.0 0.0 0.0 0.0 0.0 0.0 0.0
3216 462.0362777709961 1037.3301734924316 105.59709999886124 0.0 0.0 0.0 0.0 0.0 0.0 0.0
3223 462.0362777709961 1047.5269508361816 102.51134771381595 0.0 0.0 0.0 0.0 0.0 0.0 0.0
3231 462.0362777709961 1057.7237281799316 99.61075123771482 0.0 0.0 0.0 0.0 0.0 0.0 0.0
3239 456.9378890991211 1065.3713111877441 99.32151381124581 0.0 0.0 0.0 0.0 0.0 0.0 0.0
3247 456.9378890991211 1080.6664772033691 95.39248845446272 0.0 0.0 0.0 0.0 0.0 0.0 0.0
3255 456.9378890991211 1090.8631324768066 92.94474144488171 0.0 0.0 0.0 0.0 0.0 0.0 0.0
3263 456.9378890991211 1101.0599098205566 90.6600741169996 0.0 0.0 0.0 0.0 0.0 0.0 0.0
3271 456.9378890991211 1113.8058815002441 88.04298551362385 0.0 0.0 0.0 0.0 0.0 0.0 0.0
3279 456.9378890991211 1121.4534645080566 86.55601644624008 0.0 0.0 0.0 0.0 0.0 0.0 0.0
3287 456.9378890991211 1131.6502418518066 84.71225162294971 0.0 0.0 0.0 0.0 0.0 0.0 0.0
3295 456.9378890991211 1139.2978248596191 83.40434899794292 0.0 0.0 0.0 0.0 0.0 0.0 0.0
3304 456.9378890991211 1144.3962135314941 82.56471773567998 0.0 0.0 0.0 0.0 0.0 0.0 0.0
3311 456.9378890991211 1149.4946022033691 81.75628464657234 0.0 0.0 0.0 0.0 0.0 0.0 0.0
3320 456.9378890991211 1154.5929908752441 80.97806860286721 0.0 0.0 0.0 0.0 0.0 0.0 0.0
3327 456.9378890991211 1159.6913795471191 80.22905556174695 0.0 0.0 0.0 0.0 0.0 0.0 0.0
3336 456.9378890991211 1162.2405738830566 79.86175233940799 0.0 0.0 0.0 0.0 0.0 0.0 0.0
3343 454.3886947631836 1167.3389625549316 80.2322851678999 0.0 0.0 0.0 0.0 0.0 0.0 0.0
3352 454.3886947631836 1169.8881568908691 79.86490858300047 0.0 0.0 0.0 0.0 0.0 0.0 0.0
3359 454.3886947631836 1177.5357398986816 78.82407186665833 0.0 0.0 0.0 0.0 0.0 0.0 0.0
3375 454.3886947631836 1182.6341285705566 78.15655352004691 0.0 0.0 0.0 0.0 0.0 0.0 0.0
3384 454.3886947631836 1185.1833229064941 77.8292631495159 0.0 0.0 0.0 0.0 0.0 0.0 0.0
3399 454.3886947631836 1190.2817115783691 77.19967052472202 0.0 0.0 0.0 0.0 0.0 0.0 0.0
3408 454.3886947631836 1192.8309059143066 76.89101379064098 0.0 0.0 0.0 0.0 0.0 0.0 0.0
3423 454.3886947631836 1195.3801002502441 76.58837777139334 0.0 0.0 0.0 0.0 0.0 0.0 0.0
3431 454.3886947631836 1197.9291725158691 76.29167058135559 0.0 0.0 0.0 0.0 0.0 0.0 0.0
3447 454.3886947631836 1200.4783668518066 76.00074669334236 0.0 0.0 0.0 0.0 0.0 0.0 0.0
3455 451.8395004272461 1200.4783668518066 77.13902440765943 0.0 0.0 0.0 0.0 0.0 0.0 0.0
3479 451.8395004272461 1203.0275611877441 76.8315591699454 0.0 0.0 0.0 0.0 0.0 0.0 0.0
3488 449.2903060913086 1205.5767555236816 77.64340240774882 0.0 0.0 0.0 0.0 0.0 0.0 0.0
3511 449.2903060913086 1208.1259498596191 77.32610241943081 0.0 0.0 0.0 0.0 0.0 0.0 0.0
3527 446.7411117553711 1208.1259498596191 78.45687426582461 0.0 0.0 0.0 0.0 0.0 0.0 0.0
4167 375.9390411376953 1231.0173034667969 78.20130129488517 0.0 0.0 0.0 0.0 0.0 0.0 0.0
4183 375.9390411376953 1233.5664978027344 77.94908068469466 0.0 0.0 0.0 0.0 0.0 0.0 0.0
4191 378.4882354736328 1233.5664978027344 77.18250753696141 0.0 0.0 0.0 0.0 0.0 0.0 0.0
4200 378.4882354736328 1238.6648864746094 76.71118224092363 0.0 0.0 0.0 0.0 0.0 0.0 0.0
4207 386.1358184814453 1243.7632751464844 73.97604835918669 0.0 0.0 0.0 0.0 0.0 0.0 0.0
4216 388.6850128173828 1246.3124694824219 73.00834168754857 0.0 0.0 0.0 0.0 0.0 0.0 0.0
4224 401.43092346191406 1253.9600524902344 68.65743572432693 0.0 0.0 0.0 0.0 0.0 0.0 0.0
4231 421.82447814941406 1264.1568298339844 62.082361744599936 0.0 0.0 0.0 0.0 0.0 0.0 0.0
4240 437.11964416503906 1269.2552185058594 57.32355692308424 0.0 0.0 0.0 0.0 0.0 0.0 0.0
4247 447.3163604736328 1274.3534851074219 54.27207007446107 0.0 0.0 0.0 0.0 0.0 0.0 0.0
4255 460.0623321533203 1279.4518737792969 50.55546656599141 0.0 0.0 0.0 0.0 0.0 0.0 0.0
4263 465.1607208251953 1282.0010681152344 49.12183107940437 0.0 0.0 0.0 0.0 0.0 0.0 0.0
4271 475.3574981689453 1287.0994567871094 46.36157779319983 0.0 0.0 0.0 0.0 0.0 0.0 0.0
4279 477.9066925048828 1287.0994567871094 45.581863789681435 0.0 0.0 0.0 0.0 0.0 0.0 0.0
4287 480.4558868408203 1287.0994567871094 44.80488477894288 0.0 0.0 0.0 0.0 0.0 0.0 0.0
4295 485.5542755126953 1287.0994567871094 43.26244238544068 0.0 0.0 0.0 0.0 0.0 0.0 0.0
4303 488.1034698486328 1287.0994567871094 42.49441325161435 0.0 0.0 0.0 0.0 0.0 0.0 0.0
4311 493.2018585205078 1287.0994567871094 40.97137522778023 0.0 0.0 0.0 0.0 0.0 0.0 0.0
4320 503.39857482910156 1287.0994567871094 37.982191282606195 0.0 0.0 0.0 0.0 0.0 0.0 0.0
4327 516.1445465087891 1284.5502624511719 34.008052665658326 0.0 0.0 0.0 0.0 0.0 0.0 0.0
4336 533.9889068603516 1276.9026794433594 27.942527628650666 0.0 0.0 0.0 0.0 0.0 0.0 0.0
4343 546.7348785400391 1271.8042907714844 23.740804274728234 0.0 0.0 0.0 0.0 0.0 0.0 0.0
4352 572.2267608642578 1259.0584411621094 15.15859494064496 0.0 0.0 0.0 0.0 0.0 0.0 0.0
4359 600.2678985595703 1248.8616638183594 7.196409307022108 0.0 0.0 0.0 0.0 0.0 0.0 0.0
4367 628.3089752197266 1238.6648864746094 359.9420691778613 0.0 0.0 0.0 0.0 0.0 0.0 0.0
4375 674.1944122314453 1225.9189147949219 350.91451843556877 0.0 0.0 0.0 0.0 0.0 0.0 0.0
4384 725.1782379150391 1213.1729431152344 343.2166020660018 0.0 0.0 0.0 0.0 0.0 0.0 0.0
4391 760.8669586181641 1200.4269714355469 337.6619266218341 0.0 0.0 0.0 0.0 0.0 0.0 0.0
4400 786.3588409423828 1192.7793884277344 334.5701886353619 0.0 0.0 0.0 0.0 0.0 0.0 0.0
4407 801.6540069580078 1185.1318054199219 331.96597538608046 0.0 0.0 0.0 0.0 0.0 0.0 0.0
4416 811.8507843017578 1180.0334167480469 330.3212773910548 0.0 0.0 0.0 0.0 0.0 0.0 0.0
4424 816.9491729736328 1172.3858337402344 327.95804123272274 0.0 0.0 0.0 0.0 0.0 0.0 0.0
4431 819.4983062744141 1169.8366394042969 327.1896220381624 0.0 0.0 0.0 0.0 0.0 0.0 0.0
4440 819.4983062744141 1167.2874450683594 326.38709305903126 0.0 0.0 0.0 0.0 0.0 0.0 0.0
4447 822.0475006103516 1157.0907897949219 323.279594011087 0.0 0.0 0.0 0.0 0.0 0.0 0.0
4456 822.0475006103516 1146.8940124511719 320.107267317322 0.0 0.0 0.0 0.0 0.0 0.0 0.0
4463 822.0475006103516 1136.6972351074219 316.96898256690673 0.0 0.0 0.0 0.0 0.0 0.0 0.0
4471 822.0475006103516 1123.9512634277344 313.113441517333 0.0 0.0 0.0 0.0 0.0 0.0 0.0
4479 822.0475006103516 1113.7544860839844 310.0826193451601 0.0 0.0 0.0 0.0 0.0 0.0 0.0
4487 822.0475006103516 1101.0085144042969 306.3879828502661 0.0 0.0 0.0 0.0 0.0 0.0 0.0
4495 822.0475006103516 1093.3609313964844 304.2100181089751 0.0 0.0 0.0 0.0 0.0 0.0 0.0
4503 822.0475006103516 1083.1641540527344 301.3774788948027 0.0 0.0 0.0 0.0 0.0 0.0 0.0
4511 824.5966949462891 1080.6149597167969 301.0566196125752 0.0 0.0 0.0 0.0 0.0 0.0 0.0
4520 824.5966949462891 1070.4181823730469 298.30975140777156 0.0 0.0 0.0 0.0 0.0 0.0 0.0
4527 824.5966949462891 1065.3197937011719 296.95685958056936 0.0 0.0 0.0 0.0 0.0 0.0 0.0
4536 827.1458892822266 1057.6722106933594 295.4156734922417 0.0 0.0 0.0 0.0 0.0 0.0 0.0
4543 827.1458892822266 1050.0247497558594 293.46920242227463 0.0 0.0 0.0 0.0 0.0 0.0 0.0
4552 829.6950836181641 1044.9263610839844 292.668856358335 0.0 0.0 0.0 0.0 0.0 0.0 0.0
4559 832.2442779541016 1039.8279724121094 291.8904434323765 0.0 0.0 0.0 0.0 0.0 0.0 0.0
4567 834.7934722900391 1032.1803894042969 290.5271860855591 0.0 0.0 0.0 0.0 0.0 0.0 0.0
4575 839.8918609619141 1021.9836120605469 289.1282049661078 0.0 0.0 0.0 0.0 0.0 0.0 0.0
4583 844.9902496337891 1016.8852233886719 288.95796446224875 0.0 0.0 0.0 0.0 0.0 0.0 0.0
4591 852.6378326416016 1006.6884460449219 288.14872343999775 0.0 0.0 0.0 0.0 0.0 0.0 0.0
4600 857.7362213134766 1001.5900573730469 288.01575608235646 0.0 0.0 0.0 0.0 0.0 0.0 0.0
4607 865.3838043212891 993.9424743652344 287.82748851696255 0.0 0.0 0.0 0.0 0.0 0.0 0.0
4616 875.5805206298828 991.3932800292969 289.2976272423931 0.0 0.0 0.0 0.0 0.0 0.0 0.0
4623 880.6789093017578 986.2948913574219 289.1209249160062 0.0 0.0 0.0 0.0 0.0 0.0 0.0
4632 888.3264923095703 981.1965026855469 289.4501752333912 0.0 0.0 0.0 0.0 0.0 0.0 0.0
4640 893.4248809814453 978.6473083496094 289.86173644665234 0.0 0.0 0.0 0.0 0.0 0.0 0.0
4647 901.0724639892578 973.5489196777344 290.1555023918878 0.0 0.0 0.0 0.0 0.0 0.0 0.0
4655 911.2692413330078 970.9997253417969 291.5098858215362 0.0 0.0 0.0 0.0 0.0 0.0 0.0
4663 918.9168243408203 970.9997253417969 292.95161485559777 0.0 0.0 0.0 0.0 0.0 0.0 0.0
4672 926.5644073486328 968.4505310058594 293.71652945206245 0.0 0.0 0.0 0.0 0.0 0.0 0.0
4679 934.2119903564453 965.9013366699219 294.4503146512533 0.0 0.0 0.0 0.0 0.0 0.0 0.0
4687 949.5071563720703 963.3521423339844 296.42219375445876 0.0 0.0 0.0 0.0 0.0 0.0 0.0
4695 959.7038116455078 963.3521423339844 298.1051920199735 0.0 0.0 0.0 0.0 0.0 0.0 0.0
4703 969.9005889892578 963.3521423339844 299.7107803727574 0.0 0.0 0.0 0.0 0.0 0.0 0.0
4711 980.0973663330078 963.3521423339844 301.2413379946176 0.0 0.0 0.0 0.0 0.0 0.0 0.0
4719 992.8433380126953 963.3521423339844 303.04255462648575 0.0 0.0 0.0 0.0 0.0 0.0 0.0
4727 997.9417266845703 963.3521423339844 303.7452440524153 0.0 0.0 0.0 0.0 0.0 0.0 0.0
4736 1003.0401153564453 963.3521423339844 304.4305955434898 0.0 0.0 0.0 0.0 0.0 0.0 0.0
4743 1010.6876983642578 963.3521423339844 305.42082648395143 0.0 0.0 0.0 0.0 0.0 0.0 0.0
4752 1018.3352813720703 963.3521423339844 306.3743077590236 0.0 0.0 0.0 0.0 0.0 0.0 0.0
4759 1028.5320587158203 963.3521423339844 307.5830563826664 0.0 0.0 0.0 0.0 0.0 0.0 0.0
4767 1038.7288360595703 963.3521423339844 308.73182903848 0.0 0.0 0.0 0.0 0.0 0.0 0.0
4775 1051.4748077392578 963.3521423339844 310.079152242106 0.0 0.0 0.0 0.0 0.0 0.0 0.0
4784 1064.2206573486328 963.3521423339844 311.3426414640519 0.0 0.0 0.0 0.0 0.0 0.0 0.0
4791 1079.5158233642578 970.9997253417969 314.9054764374432 0.0 0.0 0.0 0.0 0.0 0.0 0.0
4799 1099.9093780517578 976.0981140136719 317.80185884159414 0.0 0.0 0.0 0.0 0.0 0.0 0.0
4807 1115.2045440673828 983.7456970214844 320.91998441103897 0.0 0.0 0.0 0.0 0.0 0.0 0.0
4816 1133.0489044189453 991.3932800292969 323.8868727297191 0.0 0.0 0.0 0.0 0.0 0.0 0.0
4823 1145.7948760986328 999.0408630371094 326.51631570544026 0.0 0.0 0.0 0.0 0.0 0.0 0.0
4832 1163.6392364501953 1006.6884460449219 328.9941502509587 0.0 0.0 0.0 0.0 0.0 0.0 0.0
4840 1176.3850860595703 1011.7868347167969 330.54028763950436 0.0 0.0 0.0 0.0 0.0 0.0 0.0
4847 1186.5818634033203 1019.4344177246094 332.7743157955714 0.0 0.0 0.0 0.0 0.0 0.0 0.0
4856 1194.2294464111328 1024.5328063964844 334.1869122425391 0.0 0.0 0.0 0.0 0.0 0.0 0.0
4863 1201.8770294189453 1032.1803894042969 336.30384173503774 0.0 0.0 0.0 0.0 0.0 0.0 0.0
4872 1209.5246124267578 1034.7295837402344 336.80176058348985 0.0 0.0 0.0 0.0 0.0 0.0 0.0
4879 1212.0738067626953 1039.8279724121094 338.27117762286264 0.0 0.0 0.0 0.0 0.0 0.0 0.0
4887 1219.7213897705078 1044.9263610839844 339.44580636772116 0.0 0.0 0.0 0.0 0.0 0.0 0.0
4895 1222.2705841064453 1044.9263610839844 339.31107233490144 0.0 0.0 0.0 0.0 0.0 0.0 0.0
4903 1227.3689727783203 1050.0247497558594 340.58510318828735 0.0 0.0 0.0 0.0 0.0 0.0 0.0
4911 1235.0165557861328 1055.1231384277344 341.65665547847914 0.0 0.0 0.0 0.0 0.0 0.0 0.0
4919 1242.6641387939453 1057.6722106933594 341.92974388448215 0.0 0.0 0.0 0.0 0.0 0.0 0.0
4927 1250.3117218017578 1062.7705993652344 342.9406676181915 0.0 0.0 0.0 0.0 0.0 0.0 0.0
4936 1255.4101104736328 1067.8689880371094 344.0969632102764 0.0 0.0 0.0 0.0 0.0 0.0 0.0
4943 1268.1560821533203 1075.5165710449219 345.3333718732406 0.0 0.0 0.0 0.0 0.0 0.0 0.0
4952 1280.9019317626953 1083.1641540527344 346.4791142557129 0.0 0.0 0.0 0.0 0.0 0.0 0.0
4959 1293.6479034423828 1093.3609313964844 348.2462662818989 0.0 0.0 0.0 0.0 0.0 0.0 0.0
4967 1298.7462921142578 1098.4593200683594 349.2229904568359 0.0 0.0 0.0 0.0 0.0 0.0 0.0
4975 1311.4922637939453 1103.5577087402344 349.3804217440518 0.0 0.0 0.0 0.0 0.0 0.0 0.0
4983 1319.1398468017578 1111.2052917480469 350.7623273953317 0.0 0.0 0.0 0.0 0.0 0.0 0.0
4991 1324.2382354736328 1116.3036804199219 351.6511672380891 0.0 0.0 0.0 0.0 0.0 0.0 0.0
5000 1334.4350128173828 1121.4020690917969 351.9211539335129 0.0 0.0 0.0 0.0 0.0 0.0 0.0
5007 1339.5334014892578 1126.5004577636719 352.7689759897285 0.0 0.0 0.0 0.0 0.0 0.0 0.0
5016 1344.6317901611328 1131.5988464355469 353.58662822254433 0.0 0.0 0.0 0.0 0.0 0.0 0.0
5023 1349.7301788330078 1136.6972351074219 354.37501174840565 0.0 0.0 0.0 0.0 0.0 0.0 0.0
5032 1352.2793731689453 1141.7956237792969 355.47240529436516 0.0 0.0 0.0 0.0 0.0 0.0 0.0
5039 1354.8285675048828 1144.3448181152344 355.839208516114 0.0 0.0 0.0 0.0 0.0 0.0 0.0
5047 1359.9269561767578 1149.4432067871094 356.54620222019946 0.0 0.0 0.0 0.0 0.0 0.0 0.0
5056 1362.4761505126953 1154.5415954589844 357.59024999890613 0.0 0.0 0.0 0.0 0.0 0.0 0.0
5063 1365.0253448486328 1157.0907897949219 357.9177858137024 0.0 0.0 0.0 0.0 0.0 0.0 0.0
5072 1367.5745391845703 1162.1891784667969 358.9273976622176 0.0 0.0 0.0 0.0 0.0 0.0 0.0
5079 1370.1237335205078 1167.2874450683594 359.91126948285444 0.0 0.0 0.0 0.0 0.0 0.0 0.0
5088 1370.1237335205078 1169.8366394042969 0.6007649340529468 0.0 0.0 0.0 0.0 0.0 0.0 0.0
5095 1372.6729278564453 1172.3858337402344 0.8717631670249801 0.0 0.0 0.0 0.0 0.0 0.0 0.0
5103 1372.6729278564453 1174.9350280761719 1.5542762235073013 0.0 0.0 0.0 0.0 0.0 0.0 0.0
5111 1372.6729278564453 1177.4842224121094 2.2317018131468416 0.0 0.0 0.0 0.0 0.0 0.0 0.0
5120 1377.7713165283203 1185.1318054199219 3.346805262211447 0.0 0.0 0.0 0.0 0.0 0.0 0.0
5136 1380.3203887939453 1190.2301940917969 4.21504507170512 0.0 0.0 0.0 0.0 0.0 0.0 0.0
5143 1380.3203887939453 1192.7793884277344 4.871834466958589 0.0 0.0 0.0 0.0 0.0 0.0 0.0
5159 1380.3203887939453 1197.8777770996094 6.164260464312562 0.0 0.0 0.0 0.0 0.0 0.0 0.0
5175 1380.3203887939453 1200.4269714355469 6.8050542579875355 0.0 0.0 0.0 0.0 0.0 0.0 0.0
5199 1382.8695831298828 1205.5253601074219 7.579422538455063 0.0 0.0 0.0 0.0 0.0 0.0 0.0
5207 1382.8695831298828 1208.0745544433594 8.208111532291255 0.0 0.0 0.0 0.0 0.0 0.0 0.0
5223 1385.4187774658203 1213.1729431152344 8.943644766555266 0.0 0.0 0.0 0.0 0.0 0.0 0.0
5232 1385.4187774658203 1215.7221374511719 9.560361432986141 0.0 0.0 0.0 0.0 0.0 0.0 0.0
5239 1387.9679718017578 1218.2713317871094 9.659538680290368 0.0 0.0 0.0 0.0 0.0 0.0 0.0
5255 1387.9679718017578 1220.8205261230469 10.26982529644026 0.0 0.0 0.0 0.0 0.0 0.0 0.0
5599 1387.9679718017578 1213.1729431152344 8.38815168582694 0.0 0.0 0.0 0.0 0.0 0.0 0.0
5607 1387.9679718017578 1197.8777770996094 4.422641379184782 0.0 0.0 0.0 0.0 0.0 0.0 0.0
5616 1387.9679718017578 1180.0334167480469 359.53760533241217 0.0 0.0 0.0 0.0 0.0 0.0 0.0
5623 1387.9679718017578 1162.1891784667969 354.42119476776367 0.0 0.0 0.0 0.0 0.0 0.0 0.0
5632 1387.9679718017578 1149.4432067871094 350.66637507096124 0.0 0.0 0.0 0.0 0.0 0.0 0.0
5639 1387.9679718017578 1139.2464294433594 347.6059856069005 0.0 0.0 0.0 0.0 0.0 0.0 0.0
5647 1387.9679718017578 1121.4020690917969 342.10280646300333 0.0 0.0 0.0 0.0 0.0 0.0 0.0
5655 1390.5171661376953 1108.6560974121094 338.00606964753524 0.0 0.0 0.0 0.0 0.0 0.0 0.0
5663 1393.0663604736328 1095.9101257324219 333.9347676787824 0.0 0.0 0.0 0.0 0.0 0.0 0.0
5672 1395.6155548095703 1083.1641540527344 329.9088868559661 0.0 0.0 0.0 0.0 0.0 0.0 0.0
5679 1398.1647491455078 1072.9673767089844 326.73715795536367 0.0 0.0 0.0 0.0 0.0 0.0 0.0
5688 1400.7139434814453 1062.7705993652344 323.6227388728913 0.0 0.0 0.0 0.0 0.0 0.0 0.0
5695 1403.2631378173828 1057.6722106933594 322.1340929921089 0.0 0.0 0.0 0.0 0.0 0.0 0.0
5704 1403.2631378173828 1050.0247497558594 319.7578989124845 0.0 0.0 0.0 0.0 0.0 0.0 0.0
5711 1405.8123321533203 1039.8279724121094 316.8008860337165 0.0 0.0 0.0 0.0 0.0 0.0 0.0
5720 1408.3615264892578 1032.1803894042969 314.67873175625897 0.0 0.0 0.0 0.0 0.0 0.0 0.0
5727 1408.3615264892578 1019.4344177246094 310.8710394921371 0.0 0.0 0.0 0.0 0.0 0.0 0.0
5736 1410.9107208251953 1009.2376403808594 308.17273629278696 0.0 0.0 0.0 0.0 0.0 0.0 0.0
5743 1418.5583038330078 988.8440856933594 303.4622536821578 0.0 0.0 0.0 0.0 0.0 0.0 0.0
5752 1423.6566925048828 976.0981140136719 300.7219637109374 0.0 0.0 0.0 0.0 0.0 0.0 0.0
5759 1431.3042755126953 963.3521423339844 298.52812238062535 0.0 0.0 0.0 0.0 0.0 0.0 0.0
5767 1438.9518585205078 953.1553649902344 297.11509578925467 0.0 0.0 0.0 0.0 0.0 0.0 0.0
5775 1449.1486358642578 937.8603210449219 294.9784335867926 0.0 0.0 0.0 0.0 0.0 0.0 0.0
5783 1456.7962188720703 930.2126770019531 294.40154733562844 0.0 0.0 0.0 0.0 0.0 0.0 0.0
5791 1464.4438018798828 917.4667663574219 292.64417753340916 0.0 0.0 0.0 0.0 0.0 0.0 0.0
5799 1477.1897735595703 899.6224060058594 290.7860604476852 0.0 0.0 0.0 0.0 0.0 0.0 0.0
5807 1487.3864288330078 881.7780456542969 288.6498234410665 0.0 0.0 0.0 0.0 0.0 0.0 0.0
5816 1500.1324005126953 863.9337463378906 287.21084303660297 0.0 0.0 0.0 0.0 0.0 0.0 0.0
5823 1512.8783721923828 840.9909973144531 284.9033345741774 0.0 0.0 0.0 0.0 0.0 0.0 0.0
5832 1520.5259552001953 820.5974426269531 282.3186256294732 0.0 0.0 0.0 0.0 0.0 0.0 0.0
5839 1535.8211212158203 805.3023376464844 282.5680152420796 0.0 0.0 0.0 0.0 0.0 0.0 0.0
5847 1546.0178985595703 792.5563659667969 282.21835253090984 0.0 0.0 0.0 0.0 0.0 0.0 0.0
5855 1568.9606475830078 772.1628112792969 283.0573764306414 0.0 0.0 0.0 0.0 0.0 0.0 0.0
5863 1579.1574249267578 759.4169006347656 282.66747550468017 0.0 0.0 0.0 0.0 0.0 0.0 0.0
5872 1591.9033966064453 746.6709289550781 282.8475930346716 0.0 0.0 0.0 0.0 0.0 0.0 0.0
5879 1604.6492462158203 733.9249572753906 283.0114130020191 0.0 0.0 0.0 0.0 0.0 0.0 0.0
5888 1614.8460235595703 728.8265686035156 284.1771996721789 0.0 0.0 0.0 0.0 0.0 0.0 0.0
5895 1619.9444122314453 721.1789855957031 283.6586905050352 0.0 0.0 0.0 0.0 0.0 0.0 0.0
5904 1630.1411895751953 713.5314025878906 284.2554000178038 0.0 0.0 0.0 0.0 0.0 0.0 0.0
5911 1635.2395782470703 708.4330139160156 284.2709597116466 0.0 0.0 0.0 0.0 0.0 0.0 0.0
5919 1647.9855499267578 700.7854919433594 285.3530125624944 0.0 0.0 0.0 0.0 0.0 0.0 0.0
5927 1650.5347442626953 700.7854919433594 285.90894830376027 0.0 0.0 0.0 0.0 0.0 0.0 0.0
5936 1663.2807159423828 693.1379089355469 286.8698573392967 0.0 0.0 0.0 0.0 0.0 0.0 0.0
5943 1670.9282989501953 688.0395202636719 287.3065749532001 0.0 0.0 0.0 0.0 0.0 0.0 0.0
5951 1681.1250762939453 688.0395202636719 289.38571082361165 0.0 0.0 0.0 0.0 0.0 0.0 0.0
5959 1691.3218536376953 685.4903259277344 290.7785720215786 0.0 0.0 0.0 0.0 0.0 0.0 0.0
5967 1706.6168975830078 677.8427429199219 291.83208560184596 0.0 0.0 0.0 0.0 0.0 0.0 0.0
5975 1714.2644805908203 677.8427429199219 293.2632780318268 0.0 0.0 0.0 0.0 0.0 0.0 0.0
5983 1727.0104522705078 677.8427429199219 295.51968439512086 0.0 0.0 0.0 0.0 0.0 0.0 0.0
5991 1739.7564239501953 677.8427429199219 297.65074473797415 0.0 0.0 0.0 0.0 0.0 0.0 0.0
5999 1749.9532012939453 677.8427429199219 299.27735148443185 0.0 0.0 0.0 0.0 0.0 0.0 0.0
6007 1767.7975616455078 677.8427429199219 301.899413503126 0.0 0.0 0.0 0.0 0.0 0.0 0.0
6016 1777.9943389892578 677.8427429199219 303.32606008896323 0.0 0.0 0.0 0.0 0.0 0.0 0.0
6023 1793.2895050048828 677.8427429199219 305.3148958003224 0.0 0.0 0.0 0.0 0.0 0.0 0.0
6032 1806.0354766845703 680.3919372558594 307.57186883765917 0.0 0.0 0.0 0.0 0.0 0.0 0.0
6039 1818.7813262939453 682.9411315917969 309.7000927998254 0.0 0.0 0.0 0.0 0.0 0.0 0.0
6047 1831.5272979736328 688.0395202636719 312.4275035080338 0.0 0.0 0.0 0.0 0.0 0.0 0.0
6055 1844.2732696533203 695.6871032714844 315.73723685662304 0.0 0.0 0.0 0.0 0.0 0.0 0.0
6063 1859.5684356689453 705.8838806152344 319.7389426655852 0.0 0.0 0.0 0.0 0.0 0.0 0.0
6072 1872.3144073486328 713.5314025878906 322.62590633073245 0.0 0.0 0.0 0.0 0.0 0.0 0.0
6079 1879.9619903564453 721.1789855957031 325.21794864787626 0.0 0.0 0.0 0.0 0.0 0.0 0.0
6087 1890.1587677001953 731.3757629394531 328.4997141588732 0.0 0.0 0.0 0.0 0.0 0.0 0.0
6095 1897.8063507080078 736.4741516113281 330.08961867428604 0.0 0.0 0.0 0.0 0.0 0.0 0.0
6104 1905.4538116455078 746.6709289550781 333.1536427024323 0.0 0.0 0.0 0.0 0.0 0.0 0.0
6111 1913.1015167236328 759.4169006347656 336.8424891102794 0.0 0.0 0.0 0.0 0.0 0.0 0.0
6119 1918.1999053955078 767.0644226074219 338.9629784517092 0.0 0.0 0.0 0.0 0.0 0.0 0.0
6127 1925.8473663330078 782.3595886230469 343.0973447679172 0.0 0.0 0.0 0.0 0.0 0.0 0.0
6136 1930.9457550048828 797.6547546386719 347.21456329331625 0.0 0.0 0.0 0.0 0.0 0.0 0.0
6143 1941.1425323486328 812.9499206542969 350.57423929041664 0.0 0.0 0.0 0.0 0.0 0.0 0.0
6151 1946.2409210205078 828.2450256347656 354.29116052215386 0.0 0.0 0.0 0.0 0.0 0.0 0.0
6159 1953.8886260986328 843.5401916503906 357.43642060282224 0.0 0.0 0.0 0.0 0.0 0.0 0.0
6167 1958.9870147705078 856.2861633300781 0.08889070289548329 0.0 0.0 0.0 0.0 0.0 0.0 0.0
6175 1964.0854034423828 874.1304626464844 3.843339074135301 0.0 0.0 0.0 0.0 0.0 0.0 0.0
6183 1969.1835479736328 884.3272399902344 5.508525532925049 0.0 0.0 0.0 0.0 0.0 0.0 0.0
6191 1971.7328643798828 899.6224060058594 8.747178972395844 0.0 0.0 0.0 0.0 0.0 0.0 0.0
6200 1976.8312530517578 914.9175720214844 11.285560548576072 0.0 0.0 0.0 0.0 0.0 0.0 0.0
6207 1976.8312530517578 925.1142883300781 13.601490190565599 0.0 0.0 0.0 0.0 0.0 0.0 0.0
6215 1984.4787139892578 945.5079040527344 16.268254172467195 0.0 0.0 0.0 0.0 0.0 0.0 0.0
6223 1987.0280303955078 960.8029479980469 18.815479839938277 0.0 0.0 0.0 0.0 0.0 0.0 0.0
6231 1989.5771026611328 973.5489196777344 20.717090855493964 0.0 0.0 0.0 0.0 0.0 0.0 0.0
6239 1994.6754913330078 988.8440856933594 22.361303188901886 0.0 0.0 0.0 0.0 0.0 0.0 0.0
6247 2004.8722686767578 1009.2376403808594 23.553563025983905 0.0 0.0 0.0 0.0 0.0 0.0 0.0
6255 2004.8722686767578 1024.5328063964844 26.213017395989525 0.0 0.0 0.0 0.0 0.0 0.0 0.0
6263 2007.4215850830078 1039.8279724121094 28.056368905476106 0.0 0.0 0.0 0.0 0.0 0.0 0.0
6271 2009.9706573486328 1057.6722106933594 30.13101768389332 0.0 0.0 0.0 0.0 0.0 0.0 0.0
6279 2012.5199737548828 1072.9673767089844 31.684040140260876 0.0 0.0 0.0 0.0 0.0 0.0 0.0
6287 2012.5199737548828 1088.2625427246094 33.789217839896864 0.0 0.0 0.0 0.0 0.0 0.0 0.0
6295 2015.0690460205078 1101.0085144042969 34.753114224963255 0.0 0.0 0.0 0.0 0.0 0.0 0.0
6304 2015.0690460205078 1113.7544860839844 36.344308278524906 0.0 0.0 0.0 0.0 0.0 0.0 0.0
6311 2017.6183624267578 1123.9512634277344 36.850038066442366 0.0 0.0 0.0 0.0 0.0 0.0 0.0
6320 2020.1674346923828 1131.5988464355469 37.03592786292323 0.0 0.0 0.0 0.0 0.0 0.0 0.0
6327 2020.1674346923828 1139.2464294433594 37.92896425557994 0.0 0.0 0.0 0.0 0.0 0.0 0.0
6336 2020.1674346923828 1149.4432067871094 39.06051299962614 0.0 0.0 0.0 0.0 0.0 0.0 0.0
6343 2025.2658233642578 1157.0907897949219 38.43509484511371 0.0 0.0 0.0 0.0 0.0 0.0 0.0
6351 2025.2658233642578 1164.7382507324219 39.275207967675485 0.0 0.0 0.0 0.0 0.0 0.0 0.0
6359 2025.2658233642578 1169.8366394042969 39.82090191121979 0.0 0.0 0.0 0.0 0.0 0.0 0.0
6367 2025.2658233642578 1177.4842224121094 40.60821099396428 0.0 0.0 0.0 0.0 0.0 0.0 0.0
6375 2027.8151397705078 1180.0334167480469 40.11952774514883 0.0 0.0 0.0 0.0 0.0 0.0 0.0
6383 2030.3642120361328 1190.2301940917969 40.42031900496822 0.0 0.0 0.0 0.0 0.0 0.0 0.0
6391 2032.9135284423828 1192.7793884277344 39.93497794097924 0.0 0.0 0.0 0.0 0.0 0.0 0.0
6399 2035.4626007080078 1197.8777770996094 39.72748347800449 0.0 0.0 0.0 0.0 0.0 0.0 0.0
6407 2038.0119171142578 1202.9761657714844 39.52621803857794 0.0 0.0 0.0 0.0 0.0 0.0 0.0
6416 2040.5609893798828 1210.6237487792969 39.598553613831584 0.0 0.0 0.0 0.0 0.0 0.0 0.0
6432 2043.1103057861328 1215.7221374511719 39.40116391211227 0.0 0.0 0.0 0.0 0.0 0.0 0.0
6439 2045.6593780517578 1218.2713317871094 38.93388355465778 0.0 0.0 0.0 0.0 0.0 0.0 0.0
6447 2045.6593780517578 1220.8205261230469 39.21472688489949 0.0 0.0 0.0 0.0 0.0 0.0 0.0
6455 2045.6593780517578 1225.9189147949219 39.76199682278558 0.0 0.0 0.0 0.0 0.0 0.0 0.0
6463 2048.208694458008 1228.4681091308594 39.288309528810416 0.0 0.0 0.0 0.0 0.0 0.0 0.0
6471 2050.757766723633 1231.0173034667969 38.82308688151237 0.0 0.0 0.0 0.0 0.0 0.0 0.0
6479 2050.757766723633 1233.5664978027344 39.10532735272277 0.0 0.0 0.0 0.0 0.0 0.0 0.0
6488 2053.307083129883 1236.1156921386719 38.64328101055749 0.0 0.0 0.0 0.0 0.0 0.0 0.0
6495 2055.856155395508 1241.2140808105469 38.474908826065004 0.0 0.0 0.0 0.0 0.0 0.0 0.0
6504 2055.856155395508 1243.7632751464844 38.76166097752967 0.0 0.0 0.0 0.0 0.0 0.0 0.0
6520 2060.954544067383 1246.3124694824219 37.57420857465395 0.0 0.0 0.0 0.0 0.0 0.0 0.0
6527 2060.954544067383 1248.8616638183594 37.872583137356415 0.0 0.0 0.0 0.0 0.0 0.0 0.0
6535 2060.954544067383 1251.4108581542969 38.16710805081361 0.0 0.0 0.0 0.0 0.0 0.0 0.0
6543 2063.503860473633 1251.4108581542969 37.42299747915739 0.0 0.0 0.0 0.0 0.0 0.0 0.0
6559 2066.052932739258 1253.9600524902344 36.99113527494346 0.0 0.0 0.0 0.0 0.0 0.0 0.0
6575 2068.602249145508 1256.5092468261719 36.567031014368 0.0 0.0 0.0 0.0 0.0 0.0 0.0
6583 2068.602249145508 1259.0584411621094 36.87836626247331 0.0 0.0 0.0 0.0 0.0 0.0 0.0
6607 2071.151321411133 1259.0584411621094 36.141357949933976 0.0 0.0 0.0 0.0 0.0 0.0 0.0
6663 2073.700637817383 1261.6076354980469 35.73267601959684 0.0 0.0 0.0 0.0 0.0 0.0 0.0
6679 2076.249710083008 1264.1568298339844 35.33149727880918 0.0 0.0 0.0 0.0 0.0 0.0 0.0
6687 2078.798782348633 1264.1568298339844 34.603356337725685 0.0 0.0 0.0 0.0 0.0 0.0 0.0
6695 2083.897171020508 1264.1568298339844 33.164459930441765 0.0 0.0 0.0 0.0 0.0 0.0 0.0
6704 2094.093948364258 1266.7060241699219 30.738323377634444 0.0 0.0 0.0 0.0 0.0 0.0 0.0
6711 2099.192337036133 1266.7060241699219 29.35033679957975 0.0 0.0 0.0 0.0 0.0 0.0 0.0
6719 2106.840042114258 1266.7060241699219 27.312694294088246 0.0 0.0 0.0 0.0 0.0 0.0 0.0
6727 2114.487503051758 1266.7060241699219 25.32117105629321 0.0 0.0 0.0 0.0 0.0 0.0 0.0
6736 2127.233596801758 1266.7060241699219 22.132172718315545 0.0 0.0 0.0 0.0 0.0 0.0 0.0
6743 2137.430374145508 1266.7060241699219 19.668141604324987 0.0 0.0 0.0 0.0 0.0 0.0 0.0
6751 2150.176223754883 1266.7060241699219 16.724518716325363 0.0 0.0 0.0 0.0 0.0 0.0 0.0
6759 2160.373001098633 1266.7060241699219 14.458489612845781 0.0 0.0 0.0 0.0 0.0 0.0 0.0
6768 2170.569778442383 1266.7060241699219 12.280840469398456 0.0 0.0 0.0 0.0 0.0 0.0 0.0
6775 2180.766555786133 1266.7060241699219 10.190991372874393 0.0 0.0 0.0 0.0 0.0 0.0 0.0
6783 2193.512405395508 1264.1568298339844 7.107723050496105 0.0 0.0 0.0 0.0 0.0 0.0 0.0
6791 2211.356887817383 1256.5092468261719 2.0508059080673746 0.0 0.0 0.0 0.0 0.0 0.0 0.0
6799 2224.102737426758 1248.8616638183594 358.0165470083159 0.0 0.0 0.0 0.0 0.0 0.0 0.0
6807 2236.848831176758 1238.6648864746094 353.4485013602011 0.0 0.0 0.0 0.0 0.0 0.0 0.0
6816 2249.594680786133 1228.4681091308594 349.0758625847723 0.0 0.0 0.0 0.0 0.0 0.0 0.0
6823 2259.791458129883 1220.8205261230469 345.8614655298446 0.0 0.0 0.0 0.0 0.0 0.0 0.0
6832 2269.988235473633 1205.5253601074219 340.5117508088375 0.0 0.0 0.0 0.0 0.0 0.0 0.0
6839 2272.537551879883 1195.3285827636719 337.2168302941309 0.0 0.0 0.0 0.0 0.0 0.0 0.0
6847 2280.185012817383 1180.0334167480469 332.2825627757453 0.0 0.0 0.0 0.0 0.0 0.0 0.0
6855 2285.283401489258 1164.7382507324219 327.5176529983163 0.0 0.0 0.0 0.0 0.0 0.0 0.0
6863 2292.930862426758 1149.4432067871094 323.0022738462267 0.0 0.0 0.0 0.0 0.0 0.0 0.0
6871 2295.480178833008 1141.7956237792969 320.7439948402564 0.0 0.0 0.0 0.0 0.0 0.0 0.0
6879 2298.029251098633 1131.5988464355469 317.762172902362 0.0 0.0 0.0 0.0 0.0 0.0 0.0
6887 2303.127639770508 1111.2052917480469 312.10683206753885 0.0 0.0 0.0 0.0 0.0 0.0 0.0
6895 2303.127639770508 1098.4593200683594 308.3596402221222 0.0 0.0 0.0 0.0 0.0 0.0 0.0
6904 2305.676956176758 1083.1641540527344 304.3406015111469 0.0 0.0 0.0 0.0 0.0 0.0 0.0
6911 2305.676956176758 1070.4181823730469 300.8179295957541 0.0 0.0 0.0 0.0 0.0 0.0 0.0
6919 2305.676956176758 1047.4755554199219 294.8664413544248 0.0 0.0 0.0 0.0 0.0 0.0 0.0
6927 2305.676956176758 1037.2787780761719 292.3097174502277 0.0 0.0 0.0 0.0 0.0 0.0 0.0
6935 2305.676956176758 1027.0820007324219 289.8395296062581 0.0 0.0 0.0 0.0 0.0 0.0 0.0
6943 2305.676956176758 1016.8852233886719 287.45714550452067 0.0 0.0 0.0 0.0 0.0 0.0 0.0
6951 2305.676956176758 1004.1392517089844 284.6163482315428 0.0 0.0 0.0 0.0 0.0 0.0 0.0
6959 2303.127639770508 996.4916687011719 282.3890355450188 0.0 0.0 0.0 0.0 0.0 0.0 0.0
6967 2300.578567504883 986.2948913574219 279.7041649781098 0.0 0.0 0.0 0.0 0.0 0.0 0.0
6975 2300.578567504883 973.5489196777344 277.2517838262132 0.0 0.0 0.0 0.0 0.0 0.0 0.0
6983 2292.930862426758 958.2537536621094 272.60042289735566 0.0 0.0 0.0 0.0 0.0 0.0 0.0
6991 2290.381790161133 942.9587097167969 269.50198690577906 0.0 0.0 0.0 0.0 0.0 0.0 0.0
6999 2282.734329223633 920.0159606933594 264.2881833052321 0.0 0.0 0.0 0.0 0.0 0.0 0.0
7007 2277.635940551758 899.6224060058594 260.49586330379526 0.0 0.0 0.0 0.0 0.0 0.0 0.0
7015 2272.537551879883 879.2288513183594 257.03904375245384 0.0 0.0 0.0 0.0 0.0 0.0 0.0
7023 2267.439163208008 856.2861633300781 253.7204529865827 0.0 0.0 0.0 0.0 0.0 0.0 0.0
7031 2267.439163208008 835.8926086425781 252.31219107834528 0.0 0.0 0.0 0.0 0.0 0.0 0.0
7039 2267.439163208008 812.9499206542969 250.90209065162622 0.0 0.0 0.0 0.0 0.0 0.0 0.0
7047 2267.439163208008 790.0071716308594 249.64768126862452 0.0 0.0 0.0 0.0 0.0 0.0 0.0
7055 2269.988235473633 769.6136169433594 249.35720507716465 0.0 0.0 0.0 0.0 0.0 0.0 0.0
7063 2282.734329223633 744.1217346191406 251.62389796839653 0.0 0.0 0.0 0.0 0.0 0.0 0.0
7071 2292.930862426758 721.1789855957031 253.07381353405378 0.0 0.0 0.0 0.0 0.0 0.0 0.0
7079 2300.578567504883 700.7854919433594 253.83729798881404 0.0 0.0 0.0 0.0 0.0 0.0 0.0
7087 2318.422805786133 675.2935485839844 256.8405111480762 0.0 0.0 0.0 0.0 0.0 0.0 0.0
7095 2331.168899536133 654.8999938964844 258.560625837543 0.0 0.0 0.0 0.0 0.0 0.0 0.0
7104 2354.111526489258 631.9573059082031 262.43412952474404 0.0 0.0 0.0 0.0 0.0 0.0 0.0
7111 2371.956008911133 611.5637512207031 264.7975161596172 0.0 0.0 0.0 0.0 0.0 0.0 0.0
7119 2392.349563598633 593.7194519042969 267.81417156286886 0.0 0.0 0.0 0.0 0.0 0.0 0.0
7127 2410.193801879883 575.8750915527344 269.84920656549764 0.0 0.0 0.0 0.0 0.0 0.0 0.0
7135 2428.038040161133 563.1291198730469 272.408681337818 0.0 0.0 0.0 0.0 0.0 0.0 0.0
7143 2443.333206176758 555.4815368652344 274.95308430383926 0.0 0.0 0.0 0.0 0.0 0.0 0.0
7151 2461.177688598633 540.1864318847656 276.5578992023214 0.0 0.0 0.0 0.0 0.0 0.0 0.0
7159 2466.276077270508 535.0880432128906 276.8663305886254 0.0 0.0 0.0 0.0 0.0 0.0 0.0
7168 2479.021926879883 529.9896545410156 278.958986504779 0.0 0.0 0.0 0.0 0.0 0.0 0.0
7175 2489.218704223633 524.8912658691406 280.3492302254096 0.0 0.0 0.0 0.0 0.0 0.0 0.0
7184 2494.317092895508 522.3420715332031 281.02474636581536 0.0 0.0 0.0 0.0 0.0 0.0 0.0
7191 2501.964797973633 519.7928771972656 282.2561351447017 0.0 0.0 0.0 0.0 0.0 0.0 0.0
7200 2504.513870239258 517.2436828613281 282.3029183094004 0.0 0.0 0.0 0.0 0.0 0.0 0.0
7207 2512.161331176758 514.6944885253906 283.48621568994986 0.0 0.0 0.0 0.0 0.0 0.0 0.0
7216 2517.259719848633 512.1452941894531 284.0721772388524 0.0 0.0 0.0 0.0 0.0 0.0 0.0
7223 2519.809036254883 512.1452941894531 284.64084650769735 0.0 0.0 0.0 0.0 0.0 0.0 0.0
7232 2524.907424926758 509.5960998535156 285.1934588487362 0.0 0.0 0.0 0.0 0.0 0.0 0.0
7239 2527.456497192383 509.5960998535156 285.75094545177546 0.0 0.0 0.0 0.0 0.0 0.0 0.0
7247 2530.005813598633 509.5960998535156 286.3028916418475 0.0 0.0 0.0 0.0 0.0 0.0 0.0
7255 2535.104202270508 509.5960998535156 287.3844722098803 0.0 0.0 0.0 0.0 0.0 0.0 0.0
7263 2537.653274536133 507.0469055175781 287.33149822773976 0.0 0.0 0.0 0.0 0.0 0.0 0.0
7271 2540.202590942383 507.0469055175781 287.8672595735501 0.0 0.0 0.0 0.0 0.0 0.0 0.0
7279 2547.850051879883 507.0469055175781 289.42518332837994 0.0 0.0 0.0 0.0 0.0 0.0 0.0
7287 2550.399368286133 507.0469055175781 289.93891344058625 0.0 0.0 0.0 0.0 0.0 0.0 0.0
7295 2555.497756958008 507.0469055175781 290.9445381450827 0.0 0.0 0.0 0.0 0.0 0.0 0.0
7304 2565.694534301758 509.5960998535156 293.4919872400294 0.0 0.0 0.0 0.0 0.0 0.0 0.0
7311 2570.792922973633 514.6944885253906 295.72388379013614 0.0 0.0 0.0 0.0 0.0 0.0 0.0
7319 2575.891311645508 517.2436828613281 297.2641833037001 0.0 0.0 0.0 0.0 0.0 0.0 0.0
7327 2580.989700317383 519.7928771972656 298.7794157765916 0.0 0.0 0.0 0.0 0.0 0.0 0.0
7335 2588.637161254883 527.4404602050781 302.0359356541595 0.0 0.0 0.0 0.0 0.0 0.0 0.0
7343 2598.833938598633 537.6372375488281 306.26753845907587 0.0 0.0 0.0 0.0 0.0 0.0 0.0
7351 2614.129104614258 547.8339538574219 310.87013642943407 0.0 0.0 0.0 0.0 0.0 0.0 0.0
7359 2624.325881958008 558.0307312011719 314.80555353066984 0.0 0.0 0.0 0.0 0.0 0.0 0.0
7368 2631.973342895508 568.2275085449219 318.4314129755447 0.0 0.0 0.0 0.0 0.0 0.0 0.0
7375 2642.170120239258 580.9734802246094 322.8098292028919 0.0 0.0 0.0 0.0 0.0 0.0 0.0
7384 2652.366897583008 596.2686462402344 327.74389191360603 0.0 0.0 0.0 0.0 0.0 0.0 0.0
7391 2665.112991333008 611.5637512207031 332.37627288596826 0.0 0.0 0.0 0.0 0.0 0.0 0.0
7399 2677.858840942383 629.4081115722656 337.4160028594411 0.0 0.0 0.0 0.0 0.0 0.0 0.0
7407 2690.604934692383 652.3508605957031 343.49157119222014 0.0 0.0 0.0 0.0 0.0 0.0 0.0
7416 2695.703323364258 667.6459655761719 347.58910772467533 0.0 0.0 0.0 0.0 0.0 0.0 0.0
7423 2705.900100708008 682.9411315917969 350.9201317151907 0.0 0.0 0.0 0.0 0.0 0.0 0.0
7433 2718.645950317383 708.4330139160156 356.31011579305743 0.0 0.0 0.0 0.0 0.0 0.0 0.0
7439 2723.744338989258 723.7281799316406 359.683740626116 0.0 0.0 0.0 0.0 0.0 0.0 0.0
7447 2731.391799926758 746.6709289550781 4.2732595382874905 0.0 0.0 0.0 0.0 0.0 0.0 0.0
7455 2736.490188598633 764.5152282714844 7.715270362588214 0.0 0.0 0.0 0.0 0.0 0.0 0.0
7463 2741.588577270508 782.3595886230469 10.889404600991995 0.0 0.0 0.0 0.0 0.0 0.0 0.0
7471 2746.686965942383 800.2039489746094 13.808638181402202 0.0 0.0 0.0 0.0 0.0 0.0 0.0
7479 2756.883743286133 830.7942199707031 17.84704412182812 0.0 0.0 0.0 0.0 0.0 0.0 0.0
7487 2761.982131958008 848.6385803222656 20.18430307797543 0.0 0.0 0.0 0.0 0.0 0.0 0.0
7495 2764.531448364258 869.0320739746094 23.34671647408861 0.0 0.0 0.0 0.0 0.0 0.0 0.0
7504 2772.178909301758 891.9748229980469 25.424105879994542 0.0 0.0 0.0 0.0 0.0 0.0 0.0
7511 2777.277297973633 912.3683776855469 27.48816661035987 0.0 0.0 0.0 0.0 0.0 0.0 0.0
7519 2779.826614379883 935.3111267089844 30.332368710393055 0.0 0.0 0.0 0.0 0.0 0.0 0.0
7527 2782.375686645508 948.0570983886719 31.519510495596975 0.0 0.0 0.0 0.0 0.0 0.0 0.0
7536 2784.925003051758 963.3521423339844 32.96819130240773 0.0 0.0 0.0 0.0 0.0 0.0 0.0
7543 2784.925003051758 981.1965026855469 35.29084288865697 0.0 0.0 0.0 0.0 0.0 0.0 0.0
7551 2784.925003051758 993.9424743652344 36.849437969557854 0.0 0.0 0.0 0.0 0.0 0.0 0.0
7559 2784.925003051758 1009.2376403808594 38.584290789506596 0.0 0.0 0.0 0.0 0.0 0.0 0.0
7568 2784.925003051758 1019.4344177246094 39.68304975372955 0.0 0.0 0.0 0.0 0.0 0.0 0.0
7575 2787.474075317383 1034.7295837402344 40.50651472306701 0.0 0.0 0.0 0.0 0.0 0.0 0.0
7583 2790.023391723633 1042.3771667480469 40.53713447691551 0.0 0.0 0.0 0.0 0.0 0.0 0.0
7591 2790.023391723633 1052.5739440917969 41.537494587546334 0.0 0.0 0.0 0.0 0.0 0.0 0.0
7600 2792.572463989258 1062.7705993652344 41.760951292861805 0.0 0.0 0.0 0.0 0.0 0.0 0.0
7607 2792.572463989258 1072.9673767089844 42.69915699162321 0.0 0.0 0.0 0.0 0.0 0.0 0.0
7616 2795.121780395508 1075.5165710449219 42.17402229555442 0.0 0.0 0.0 0.0 0.0 0.0 0.0
7623 2795.121780395508 1085.7133483886719 43.09118042769465 0.0 0.0 0.0 0.0 0.0 0.0 0.0
7632 2797.670852661133 1095.9101257324219 43.22987818156268 0.0 0.0 0.0 0.0 0.0 0.0 0.0
7639 2800.220169067383 1103.5577087402344 43.14483571661428 0.0 0.0 0.0 0.0 0.0 0.0 0.0
7647 2802.769241333008 1108.6560974121094 42.84073792709647 0.0 0.0 0.0 0.0 0.0 0.0 0.0
7655 2805.318557739258 1113.7544860839844 42.54569226291953 0.0 0.0 0.0 0.0 0.0 0.0 0.0
7663 2805.318557739258 1121.4020690917969 43.228003704537386 0.0 0.0 0.0 0.0 0.0 0.0 0.0
7671 2810.416946411133 1129.0496520996094 42.40802200041803 0.0 0.0 0.0 0.0 0.0 0.0 0.0
7679 2810.416946411133 1131.5988464355469 42.643341676828626 0.0 0.0 0.0 0.0 0.0 0.0 0.0
7687 2812.966018676758 1139.2464294433594 42.58324148268177 0.0 0.0 0.0 0.0 0.0 0.0 0.0
7695 2815.515335083008 1144.3448181152344 42.29589391030872 0.0 0.0 0.0 0.0 0.0 0.0 0.0
7704 2818.064407348633 1146.8940124511719 41.77781557673951 0.0 0.0 0.0 0.0 0.0 0.0 0.0
7711 2818.064407348633 1149.4432067871094 42.021410728764565 0.0 0.0 0.0 0.0 0.0 0.0 0.0
7719 2818.064407348633 1154.5415954589844 42.49597051589676 0.0 0.0 0.0 0.0 0.0 0.0 0.0
7727 2823.162796020508 1157.0907897949219 41.22499460579853 0.0 0.0 0.0 0.0 0.0 0.0 0.0
7735 2823.162796020508 1164.7382507324219 41.95836409449795 0.0 0.0 0.0 0.0 0.0 0.0 0.0
7743 2825.711868286133 1164.7382507324219 41.19592105849371 0.0 0.0 0.0 0.0 0.0 0.0 0.0
7751 2828.261184692383 1167.2874450683594 40.69694714658145 0.0 0.0 0.0 0.0 0.0 0.0 0.0
7759 2830.810256958008 1174.9350280761719 40.71954987262926 0.0 0.0 0.0 0.0 0.0 0.0 0.0
7767 2833.359573364258 1174.9350280761719 39.962715353305285 0.0 0.0 0.0 0.0 0.0 0.0 0.0
7775 2833.359573364258 1180.0334167480469 40.490733100775046 0.0 0.0 0.0 0.0 0.0 0.0 0.0
7783 2838.457962036133 1182.5826110839844 39.26401147336391 0.0 0.0 0.0 0.0 0.0 0.0 0.0
7791 2841.007034301758 1185.1318054199219 38.799209164328246 0.0 0.0 0.0 0.0 0.0 0.0 0.0
7799 2846.105422973633 1192.7793884277344 38.18606025609732 0.0 0.0 0.0 0.0 0.0 0.0 0.0
7807 2848.654739379883 1197.8777770996094 38.031494063587544 0.0 0.0 0.0 0.0 0.0 0.0 0.0
7816 2853.753128051758 1200.4269714355469 36.860916114617126 0.0 0.0 0.0 0.0 0.0 0.0 0.0
7823 2853.753128051758 1202.9761657714844 37.16847339781519 0.0 0.0 0.0 0.0 0.0 0.0 0.0
7832 2861.400588989258 1208.0745544433594 35.621026584818296 0.0 0.0 0.0 0.0 0.0 0.0 0.0
7839 2861.400588989258 1210.6237487792969 35.94440120413343 0.0 0.0 0.0 0.0 0.0 0.0 0.0
7847 2863.949905395508 1210.6237487792969 35.21256998889878 0.0 0.0 0.0 0.0 0.0 0.0 0.0
7855 2866.498977661133 1213.1729431152344 34.82086322689598 0.0 0.0 0.0 0.0 0.0 0.0 0.0
7863 2874.146682739258 1215.7221374511719 33.025383714241386 0.0 0.0 0.0 0.0 0.0 0.0 0.0
7871 2879.245071411133 1215.7221374511719 31.60652149799789 0.0 0.0 0.0 0.0 0.0 0.0 0.0
7879 2886.892532348633 1215.7221374511719 29.520717166375206 0.0 0.0 0.0 0.0 0.0 0.0 0.0
7887 2894.540237426758 1218.2713317871094 27.893509007158073 0.0 0.0 0.0 0.0 0.0 0.0 0.0
7895 2904.737014770508 1218.2713317871094 25.24025465551658 0.0 0.0 0.0 0.0 0.0 0.0 0.0
7903 2914.933792114258 1218.2713317871094 22.671243117084416 0.0 0.0 0.0 0.0 0.0 0.0 0.0
7911 2930.228958129883 1218.2713317871094 19.00971226582014 0.0 0.0 0.0 0.0 0.0 0.0 0.0
7919 2942.974807739258 1218.2713317871094 16.096356131259697 0.0 0.0 0.0 0.0 0.0 0.0 0.0
7927 2958.269973754883 1218.2713317871094 12.797036997780893 0.0 0.0 0.0 0.0 0.0 0.0 0.0
7935 2978.663528442383 1218.2713317871094 8.740020118416467 0.0 0.0 0.0 0.0 0.0 0.0 0.0
7943 2993.958694458008 1218.2713317871094 5.888632328316831 0.0 0.0 0.0 0.0 0.0 0.0 0.0
7951 3016.901321411133 1218.2713317871094 2.014501499009967 0.0 0.0 0.0 0.0 0.0 0.0 0.0
7959 3034.745803833008 1218.2713317871094 359.2363618732328 0.0 0.0 0.0 0.0 0.0 0.0 0.0
7967 3057.688430786133 1223.3697204589844 357.30395985573347 0.0 0.0 0.0 0.0 0.0 0.0 0.0
7975 3070.434280395508 1223.3697204589844 355.54903107982665 0.0 0.0 0.0 0.0 0.0 0.0 0.0
7983 3080.631057739258 1223.3697204589844 354.2130298387869 0.0 0.0 0.0 0.0 0.0 0.0 0.0
7991 3093.377151489258 1225.9189147949219 353.33548817615963 0.0 0.0 0.0 0.0 0.0 0.0 0.0
7999 3101.024612426758 1225.9189147949219 352.4032901318247 0.0 0.0 0.0 0.0 0.0 0.0 0.0
8007 3108.672317504883 1225.9189147949219 351.5060268733194 0.0 0.0 0.0 0.0 0.0 0.0 0.0
8016 3111.221389770508 1225.9189147949219 351.2107854776067 0.0 0.0 0.0 0.0 0.0 0.0 0.0
8023 3113.770706176758 1225.9189147949219 350.91934428456784 0.0 0.0 0.0 0.0 0.0 0.0 0.0
8032 3116.319778442383 1225.9189147949219 350.6317191558785 0.0 0.0 0.0 0.0 0.0 0.0 0.0
8039 3118.869094848633 1225.9189147949219 350.3477730557498 0.0 0.0 0.0 0.0 0.0 0.0 0.0
8047 3121.418167114258 1225.9189147949219 350.0675352140313 0.0 0.0 0.0 0.0 0.0 0.0 0.0
8055 3123.967483520508 1223.3697204589844 349.0424486950351 0.0 0.0 0.0 0.0 0.0 0.0 0.0
8063 3129.065872192383 1218.2713317871094 347.0278311021548 0.0 0.0 0.0 0.0 0.0 0.0 0.0
8071 3129.065872192383 1213.1729431152344 345.4808507587601 0.0 0.0 0.0 0.0 0.0 0.0 0.0
8079 3131.614944458008 1208.0745544433594 343.7257985896384 0.0 0.0 0.0 0.0 0.0 0.0 0.0
8087 3136.713333129883 1195.3285827636719 339.4874012431124 0.0 0.0 0.0 0.0 0.0 0.0 0.0
8095 3139.262649536133 1185.1318054199219 336.1996453955636 0.0 0.0 0.0 0.0 0.0 0.0 0.0
8103 3144.361038208008 1164.7382507324219 329.75290303426664 0.0 0.0 0.0 0.0 0.0 0.0 0.0
8111 3144.361038208008 1149.4432067871094 324.9406715431127 0.0 0.0 0.0 0.0 0.0 0.0 0.0
8119 3144.361038208008 1134.1480407714844 320.1781189663808 0.0 0.0 0.0 0.0 0.0 0.0 0.0
8127 3144.361038208008 1108.6560974121094 312.47558845449174 0.0 0.0 0.0 0.0 0.0 0.0 0.0
8135 3144.361038208008 1085.7133483886719 305.84259601998775 0.0 0.0 0.0 0.0 0.0 0.0 0.0
8143 3144.361038208008 1067.8689880371094 300.9037106562457 0.0 0.0 0.0 0.0 0.0 0.0 0.0
8151 3144.361038208008 1047.4755554199219 295.57059300936476 0.0 0.0 0.0 0.0 0.0 0.0 0.0
8159 3144.361038208008 1029.6311950683594 291.16267657932246 0.0 0.0 0.0 0.0 0.0 0.0 0.0
8167 3144.361038208008 1009.2376403808594 286.46923687614037 0.0 0.0 0.0 0.0 0.0 0.0 0.0
8175 3149.459182739258 983.7456970214844 282.2137974079783 0.0 0.0 0.0 0.0 0.0 0.0 0.0
8183 3149.459182739258 965.9013366699219 278.6699378444602 0.0 0.0 0.0 0.0 0.0 0.0 0.0
8191 3149.459182739258 942.9587097167969 274.5306127595554 0.0 0.0 0.0 0.0 0.0 0.0 0.0
8199 3149.459182739258 925.1142883300781 271.5564240478974 0.0 0.0 0.0 0.0 0.0 0.0 0.0
8207 3149.459182739258 909.8191833496094 269.17960465474863 0.0 0.0 0.0 0.0 0.0 0.0 0.0
8216 3152.008499145508 889.4256286621094 266.9458198070122 0.0 0.0 0.0 0.0 0.0 0.0 0.0
8223 3157.106887817383 874.1304626464844 266.226996605937 0.0 0.0 0.0 0.0 0.0 0.0 0.0
8232 3167.303665161133 858.8353576660156 266.8804654482923 0.0 0.0 0.0 0.0 0.0 0.0 0.0
8239 3169.852737426758 851.1877746582031 266.50866040836684 0.0 0.0 0.0 0.0 0.0 0.0 0.0
8247 3180.049514770508 840.9909973144531 267.82591530800255 0.0 0.0 0.0 0.0 0.0 0.0 0.0
8255 3192.795608520508 825.6958312988281 268.96998919836744 0.0 0.0 0.0 0.0 0.0 0.0 0.0
8263 3202.992385864258 810.4007263183594 269.3724234810518 0.0 0.0 0.0 0.0 0.0 0.0 0.0
8271 3210.639846801758 800.2039489746094 269.8408214107459 0.0 0.0 0.0 0.0 0.0 0.0 0.0
8279 3225.935012817383 787.4579772949219 271.78849106684515 0.0 0.0 0.0 0.0 0.0 0.0 0.0
8287 3228.484329223633 782.3595886230469 271.61963164437304 0.0 0.0 0.0 0.0 0.0 0.0 0.0
8295 3241.230178833008 777.2611999511719 274.0303808191544 0.0 0.0 0.0 0.0 0.0 0.0 0.0
8303 3246.328567504883 774.7120056152344 274.88026853894746 0.0 0.0 0.0 0.0 0.0 0.0 0.0
8311 3256.525344848633 772.1628112792969 276.9518787182599 0.0 0.0 0.0 0.0 0.0 0.0 0.0
8319 3266.722122192383 769.6136169433594 278.93268356039613 0.0 0.0 0.0 0.0 0.0 0.0 0.0
8327 3276.918899536133 767.0644226074219 280.82467570664073 0.0 0.0 0.0 0.0 0.0 0.0 0.0
8335 3282.017288208008 764.5152282714844 281.48671721909807 0.0 0.0 0.0 0.0 0.0 0.0 0.0
8343 3292.214065551758 764.5152282714844 283.7951029312725 0.0 0.0 0.0 0.0 0.0 0.0 0.0
8351 3310.058303833008 761.9660339355469 287.0175137092379 0.0 0.0 0.0 0.0 0.0 0.0 0.0
8359 3330.451858520508 756.8677062988281 289.8964586297095 0.0 0.0 0.0 0.0 0.0 0.0 0.0
8367 3343.197952270508 756.8677062988281 292.3344081022686 0.0 0.0 0.0 0.0 0.0 0.0 0.0
8375 3363.591262817383 756.8677062988281 295.90972154727933 0.0 0.0 0.0 0.0 0.0 0.0 0.0
8383 3381.435745239258 756.8677062988281 298.79770331779685 0.0 0.0 0.0 0.0 0.0 0.0 0.0
8391 3406.927688598633 756.8677062988281 302.4732638019783 0.0 0.0 0.0 0.0 0.0 0.0 0.0
8399 3429.870315551758 756.8677062988281 305.44256705646325 0.0 0.0 0.0 0.0 0.0 0.0 0.0
8407 3463.009963989258 756.8677062988281 309.113244607788 0.0 0.0 0.0 0.0 0.0 0.0 0.0
8416 3493.600051879883 756.8677062988281 312.0356078166229 0.0 0.0 0.0 0.0 0.0 0.0 0.0
8423 3534.387161254883 756.8677062988281 315.2406963302355 0.0 0.0 0.0 0.0 0.0 0.0 0.0
8432 3575.174270629883 759.4169006347656 318.517358595617 0.0 0.0 0.0 0.0 0.0 0.0 0.0
8439 3621.059768676758 777.2611999511719 325.2551580715228 0.0 0.0 0.0 0.0 0.0 0.0 0.0
8447 3672.043655395508 795.1055603027344 330.62048344998203 0.0 0.0 0.0 0.0 0.0 0.0 0.0
8455 3705.183059692383 810.4007263183594 334.5406204253554 0.0 0.0 0.0 0.0 0.0 0.0 0.0
8463 3733.224075317383 825.6958312988281 338.0281378903179 0.0 0.0 0.0 0.0 0.0 0.0 0.0
8471 3758.716018676758 840.9909973144531 341.1546299032557 0.0 0.0 0.0 0.0 0.0 0.0 0.0
8479 3781.658889770508 861.3845520019531 345.3878333755527 0.0 0.0 0.0 0.0 0.0 0.0 0.0
8487 3796.953811645508 879.2288513183594 349.0924985592918 0.0 0.0 0.0 0.0 0.0 0.0 0.0
8495 3809.699905395508 891.9748229980469 351.3431694628564 0.0 0.0 0.0 0.0 0.0 0.0 0.0
8503 3817.347366333008 904.7207946777344 354.0116277917409 0.0 0.0 0.0 0.0 0.0 0.0 0.0
8511 3832.642532348633 922.5650939941406 356.8181516507425 0.0 0.0 0.0 0.0 0.0 0.0 0.0
8519 3842.839309692383 935.3111267089844 358.76638472921684 0.0 0.0 0.0 0.0 0.0 0.0 0.0
8671 3830.093460083008 891.9748229980469 346.8063484833421 0.0 0.0 0.0 0.0 0.0 0.0 0.0
8679 3789.306350708008 856.2861633300781 337.3245373955373 0.0 0.0 0.0 0.0 0.0 0.0 0.0
8687 3738.322463989258 823.1466369628906 325.71251154246863 0.0 0.0 0.0 0.0 0.0 0.0 0.0
8695 3682.240188598633 787.4579772949219 308.60241891833186 0.0 0.0 0.0 0.0 0.0 0.0 0.0
8703 3618.510452270508 744.1217346191406 283.9158090690066 0.0 0.0 0.0 0.0 0.0 0.0 0.0
8711 3549.682327270508 710.9822082519531 259.20833504893375 0.0 0.0 0.0 0.0 0.0 0.0 0.0
8719 3488.501663208008 672.7443542480469 239.55589059350154 0.0 0.0 0.0 0.0 0.0 0.0 0.0
8727 3412.026077270508 626.8589172363281 221.01250194575914 0.0 0.0 0.0 0.0 0.0 0.0 0.0
8735 3343.197952270508 588.6210632324219 208.56005575157764 0.0 0.0 0.0 0.0 0.0 0.0 0.0
8743 3253.976028442383 545.2848205566406 197.03635759774187 0.0 0.0 0.0 0.0 0.0 0.0 0.0
8751 3162.205276489258 494.3009338378906 190.34784871473812 0.0 0.0 0.0 0.0 0.0 0.0 0.0
8759 3065.335891723633 445.8663024902344 185.08339600039568 0.0 0.0 0.0 0.0 0.0 0.0 0.0
8767 2942.974807739258 394.88250732421875 179.68823669442236 0.0 0.0 0.0 0.0 0.0 0.0 0.0
8775 2833.359573364258 343.898681640625 177.65860726489717 0.0 0.0 0.0 0.0 0.0 0.0 0.0
8783 2718.645950317383 295.4640197753906 175.58316950188203 0.0 0.0 0.0 0.0 0.0 0.0 0.0
8791 2609.030715942383 249.57858276367188 174.3158216224312 0.0 0.0 0.0 0.0 0.0 0.0 0.0
8799 2507.062942504883 201.14395141601562 174.60522797425602 0.0 0.0 0.0 0.0 0.0 0.0 0.0
8807 2425.488967895508 165.45526123046875 174.17359353893613 0.0 0.0 0.0 0.0 0.0 0.0 0.0
8816 2338.816360473633 127.21739196777344 173.9322220485313 0.0 0.0 0.0 0.0 0.0 0.0 0.0
8823 2285.283401489258 101.72547912597656 174.22608706843647 0.0 0.0 0.0 0.0 0.0 0.0 0.0
8832 2221.553665161133 63.48760986328125 176.08308751915553 0.0 0.0 0.0 0.0 0.0 0.0 0.0
8839 2152.725540161133 25.249740600585938 176.87958543710505 0.0 0.0 0.0 0.0 0.0 0.0 0.0
8847 2088.995559692383 -12.988128662109375 177.96720728301727 0.0 0.0 0.0 0.0 0.0 0.0 0.0
8855 2032.9135284423828 -46.127620697021484 178.56763483891467 0.0 0.0 0.0 0.0 0.0 0.0 0.0
8863 1992.1264190673828 -74.16872596740723 179.76655824640505 0.0 0.0 0.0 0.0 0.0 0.0 0.0
9095 2096.643264770508 -81.81629943847656 211.59354675323493 0.0 0.0 0.0 0.0 0.0 0.0 0.0
9104 2096.643264770508 -51.22600173950195 206.27808418662482 0.0 0.0 0.0 0.0 0.0 0.0 0.0
9111 2096.643264770508 -18.086517333984375 199.52635955434363 0.0 0.0 0.0 0.0 0.0 0.0 0.0
9119 2096.643264770508 17.60216522216797 191.05264538232865 0.0 0.0 0.0 0.0 0.0 0.0 0.0
9127 2096.643264770508 45.64326477050781 183.7057229936018 0.0 0.0 0.0 0.0 0.0 0.0 0.0
9135 2096.643264770508 76.23356628417969 174.9499387366767 0.0 0.0 0.0 0.0 0.0 0.0 0.0
9143 2096.643264770508 101.72547912597656 167.26494226094604 0.0 0.0 0.0 0.0 0.0 0.0 0.0
9151 2096.643264770508 127.21739196777344 159.31492042504448 0.0 0.0 0.0 0.0 0.0 0.0 0.0
9159 2096.643264770508 152.7093048095703 151.25313015679382 0.0 0.0 0.0 0.0 0.0 0.0 0.0
9167 2096.643264770508 178.20123291015625 143.23917074295258 0.0 0.0 0.0 0.0 0.0 0.0 0.0
9175 2099.192337036133 206.24234008789062 134.46134952497977 0.0 0.0 0.0 0.0 0.0 0.0 0.0
9183 2104.290725708008 236.8326416015625 124.98206558506426 0.0 0.0 0.0 0.0 0.0 0.0 0.0
9191 2111.938430786133 272.52130126953125 114.34449150489691 0.0 0.0 0.0 0.0 0.0 0.0 0.0
9199 2114.487503051758 315.8575744628906 104.14264031253846 0.0 0.0 0.0 0.0 0.0 0.0 0.0
9207 2124.684280395508 364.2922058105469 92.99401399133914 0.0 0.0 0.0 0.0 0.0 0.0 0.0
9216 2127.233596801758 402.5300598144531 86.77189451071244 0.0 0.0 0.0 0.0 0.0 0.0 0.0
9223 2129.782669067383 433.1203918457031 82.31122494725905 0.0 0.0 0.0 0.0 0.0 0.0 0.0
9232 2134.881057739258 458.6122741699219 78.22496207195333 0.0 0.0 0.0 0.0 0.0 0.0 0.0
9239 2134.881057739258 476.4566345214844 76.5867681047559 0.0 0.0 0.0 0.0 0.0 0.0 0.0
9247 2134.881057739258 484.1042175292969 75.91201403365359 0.0 0.0 0.0 0.0 0.0 0.0 0.0