0 2000.0 1500.0 0 0.0 0.0 0.0 0.0 0.0 0.0 0.0
61 2000.0 1500.0 0 0.0 0.0 0.0 0.0 0.0 0.0 0.0
71 2000.0 1500.0 0 0.0 0.0 0.0 0.0 0.0 0.0 0.0
78 2000.0 1500.0 0 0.0 0.0 0.0 0.0 0.0 0.0 0.0
90 2000.0 1500.0 0 0.0 0.0 0.0 0.0 0.0 0.0 0.0
94 2002.9952392578125 1491.0146484375 0.041921746509331115 0.0 0.0 0.0 0.0 0.0 0.0 0.0
107 2002.9952392578125 1473.0438232421875 357.5383651005918 0.0 0.0 0.0 0.0 0.0 0.0 0.0
109 2002.9952392578125 1461.063232421875 356.02930176930835 0.0 0.0 0.0 0.0 0.0 0.0 0.0
117 2002.9952392578125 1446.087646484375 354.3645341511666 0.0 0.0 0.0 0.0 0.0 0.0 0.0
125 2005.9903564453125 1434.1070556640625 354.54306450946535 0.0 0.0 0.0 0.0 0.0 0.0 0.0
132 2005.9903564453125 1425.1217041015625 353.60521218523087 0.0 0.0 0.0 0.0 0.0 0.0 0.0
138 2005.9903564453125 1416.13623046875 352.73721701988575 0.0 0.0 0.0 0.0 0.0 0.0 0.0
146 2005.9903564453125 1404.15576171875 351.69236310097705 0.0 0.0 0.0 0.0 0.0 0.0 0.0
154 2005.9903564453125 1395.17041015625 350.9674117211521 0.0 0.0 0.0 0.0 0.0 0.0 0.0
162 2005.9903564453125 1386.1849365234375 350.29679688350996 0.0 0.0 0.0 0.0 0.0 0.0 0.0
170 2005.9903564453125 1374.2044677734375 349.4900519276203 0.0 0.0 0.0 0.0 0.0 0.0 0.0
178 2005.9903564453125 1359.228759765625 348.6020928436825 0.0 0.0 0.0 0.0 0.0 0.0 0.0
187 2005.9903564453125 1344.2530517578125 347.8203872764519 0.0 0.0 0.0 0.0 0.0 0.0 0.0
195 2005.9903564453125 1326.2823486328125 347.0140292991251 0.0 0.0 0.0 0.0 0.0 0.0 0.0
203 2005.9903564453125 1305.31640625 346.2239532291195 0.0 0.0 0.0 0.0 0.0 0.0 0.0
210 2002.9952392578125 1290.3406982421875 344.35013062237846 0.0 0.0 0.0 0.0 0.0 0.0 0.0
219 2002.9952392578125 1263.384521484375 343.9041953370151 0.0 0.0 0.0 0.0 0.0 0.0 0.0
224 2000.0 1242.4185791015625 342.2982280708848 0.0 0.0 0.0 0.0 0.0 0.0 0.0
232 2000.0 1221.45263671875 342.2649781992753 0.0 0.0 0.0 0.0 0.0 0.0 0.0
240 1997.0048828125 1206.4769287109375 340.86647077509696 0.0 0.0 0.0 0.0 0.0 0.0 0.0
248 1994.009765625 1185.510986328125 339.74953837379957 0.0 0.0 0.0 0.0 0.0 0.0 0.0
257 1991.0146484375 1167.540283203125 338.7360344490942 0.0 0.0 0.0 0.0 0.0 0.0 0.0
264 1988.01953125 1146.5743408203125 337.96315196948774 0.0 0.0 0.0 0.0 0.0 0.0 0.0
272 1988.01953125 1131.5986328125 338.45920253155225 0.0 0.0 0.0 0.0 0.0 0.0 0.0
280 1982.029296875 1119.6181030273438 336.007803536361 0.0 0.0 0.0 0.0 0.0 0.0 0.0
288 1976.0389404296875 1104.6424560546875 334.00744264076457 0.0 0.0 0.0 0.0 0.0 0.0 0.0
296 1970.0487060546875 1089.6668090820312 332.25829698633703 0.0 0.0 0.0 0.0 0.0 0.0 0.0
304 1967.0535888671875 1077.686279296875 331.8328536647791 0.0 0.0 0.0 0.0 0.0 0.0 0.0
310 1961.0633544921875 1059.7154541015625 330.6301899934617 0.0 0.0 0.0 0.0 0.0 0.0 0.0
319 1955.0731201171875 1044.7398071289062 329.30810073349755 0.0 0.0 0.0 0.0 0.0 0.0 0.0
326 1952.077880859375 1035.75439453125 328.85894892903804 0.0 0.0 0.0 0.0 0.0 0.0 0.0
335 1946.087646484375 1020.7787475585938 327.7621346649285 0.0 0.0 0.0 0.0 0.0 0.0 0.0
342 1943.092529296875 1008.7982177734375 327.791809287615 0.0 0.0 0.0 0.0 0.0 0.0 0.0
351 1937.102294921875 993.8225708007812 326.8310143327002 0.0 0.0 0.0 0.0 0.0 0.0 0.0
358 1931.1119384765625 981.8419799804688 325.60519639765437 0.0 0.0 0.0 0.0 0.0 0.0 0.0
366 1925.1217041015625 966.8663330078125 324.92380760439903 0.0 0.0 0.0 0.0 0.0 0.0 0.0
374 1919.1314697265625 951.8906860351562 324.3296504677436 0.0 0.0 0.0 0.0 0.0 0.0 0.0
382 1907.15087890625 939.91015625 320.7695132625195 0.0 0.0 0.0 0.0 0.0 0.0 0.0
390 1898.16552734375 921.9393310546875 319.95775596319595 0.0 0.0 0.0 0.0 0.0 0.0 0.0
396 1886.18505859375 900.9734497070312 318.5854738961616 0.0 0.0 0.0 0.0 0.0 0.0 0.0
404 1883.1898193359375 891.988037109375 318.9884289165313 0.0 0.0 0.0 0.0 0.0 0.0 0.0
412 1874.2044677734375 877.0123291015625 317.90996798445804 0.0 0.0 0.0 0.0 0.0 0.0 0.0
421 1865.2191162109375 862.0366821289062 316.97898456550246 0.0 0.0 0.0 0.0 0.0 0.0 0.0
428 1859.228759765625 853.05126953125 316.2115901581462 0.0 0.0 0.0 0.0 0.0 0.0 0.0
439 1856.233642578125 844.06591796875 316.8026115722142 0.0 0.0 0.0 0.0 0.0 0.0 0.0
444 1850.243408203125 832.0853881835938 316.6635818662383 0.0 0.0 0.0 0.0 0.0 0.0 0.0
452 1841.258056640625 826.0950927734375 313.9932774992661 0.0 0.0 0.0 0.0 0.0 0.0 0.0
460 1835.2677001953125 814.1145629882812 314.16018892253834 0.0 0.0 0.0 0.0 0.0 0.0 0.0
468 1829.2774658203125 805.129150390625 313.6442244878864 0.0 0.0 0.0 0.0 0.0 0.0 0.0
476 1826.2823486328125 799.138916015625 313.75261801429565 0.0 0.0 0.0 0.0 0.0 0.0 0.0
482 1817.2969970703125 787.1583862304688 312.72942555813097 0.0 0.0 0.0 0.0 0.0 0.0 0.0
493 1808.3115234375 778.1729736328125 311.11867106067956 0.0 0.0 0.0 0.0 0.0 0.0 0.0
498 1802.3212890625 769.1875610351562 310.87497768502703 0.0 0.0 0.0 0.0 0.0 0.0 0.0
506 1796.3310546875 763.1973266601562 309.8934282302941 0.0 0.0 0.0 0.0 0.0 0.0 0.0
514 1787.3455810546875 757.20703125 307.7779605968327 0.0 0.0 0.0 0.0 0.0 0.0 0.0
522 1781.3553466796875 751.216796875 307.01459136013193 0.0 0.0 0.0 0.0 0.0 0.0 0.0
530 1775.3651123046875 745.2265014648438 306.3053089974965 0.0 0.0 0.0 0.0 0.0 0.0 0.0
539 1763.384521484375 736.2410888671875 304.24119288979347 0.0 0.0 0.0 0.0 0.0 0.0 0.0
546 1757.394287109375 733.2459716796875 302.8082079352064 0.0 0.0 0.0 0.0 0.0 0.0 0.0
555 1748.408935546875 724.2605590820312 302.21484815834964 0.0 0.0 0.0 0.0 0.0 0.0 0.0
560 1736.4283447265625 718.2703247070312 299.6991799798217 0.0 0.0 0.0 0.0 0.0 0.0 0.0
569 1727.4429931640625 715.2752075195312 297.45571015136574 0.0 0.0 0.0 0.0 0.0 0.0 0.0
576 1715.46240234375 709.284912109375 295.4336238114742 0.0 0.0 0.0 0.0 0.0 0.0 0.0
585 1709.47216796875 706.289794921875 294.47874471092666 0.0 0.0 0.0 0.0 0.0 0.0 0.0
592 1703.48193359375 703.294677734375 293.57707426578185 0.0 0.0 0.0 0.0 0.0 0.0 0.0
601 1697.4915771484375 697.3043823242188 293.82914290363397 0.0 0.0 0.0 0.0 0.0 0.0 0.0
608 1694.4964599609375 697.3043823242188 292.8074811757042 0.0 0.0 0.0 0.0 0.0 0.0 0.0
616 1688.5062255859375 694.3092651367188 291.99931447605115 0.0 0.0 0.0 0.0 0.0 0.0 0.0
624 1682.5159912109375 694.3092651367188 290.0714584364589 0.0 0.0 0.0 0.0 0.0 0.0 0.0
632 1679.5208740234375 688.3189697265625 291.4975742981644 0.0 0.0 0.0 0.0 0.0 0.0 0.0
640 1670.535400390625 688.3189697265625 288.6949858294332 0.0 0.0 0.0 0.0 0.0 0.0 0.0
646 1664.545166015625 685.3238525390625 288.11922785271054 0.0 0.0 0.0 0.0 0.0 0.0 0.0
654 1658.554931640625 685.3238525390625 286.35549513197293 0.0 0.0 0.0 0.0 0.0 0.0 0.0
662 1649.5694580078125 679.3335571289062 286.30400262804915 0.0 0.0 0.0 0.0 0.0 0.0 0.0
670 1643.5792236328125 679.3335571289062 284.6195590869887 0.0 0.0 0.0 0.0 0.0 0.0 0.0
678 1637.5889892578125 679.3335571289062 283.0099761634006 0.0 0.0 0.0 0.0 0.0 0.0 0.0
686 1634.5938720703125 673.3433227539062 284.7995285748109 0.0 0.0 0.0 0.0 0.0 0.0 0.0
694 1628.603515625 673.3433227539062 283.18183936864597 0.0 0.0 0.0 0.0 0.0 0.0 0.0
702 1625.6083984375 670.3482055664062 283.694985131668 0.0 0.0 0.0 0.0 0.0 0.0 0.0
710 1622.61328125 670.3482055664062 282.8930146982247 0.0 0.0 0.0 0.0 0.0 0.0 0.0
719 1616.623046875 670.3482055664062 281.3614249577603 0.0 0.0 0.0 0.0 0.0 0.0 0.0
726 1613.6279296875 670.3482055664062 280.613614057619 0.0 0.0 0.0 0.0 0.0 0.0 0.0
732 1610.6328125 670.3482055664062 279.8833711787194 0.0 0.0 0.0 0.0 0.0 0.0 0.0
740 1604.6424560546875 670.3482055664062 278.490562750938 0.0 0.0 0.0 0.0 0.0 0.0 0.0
748 1601.6473388671875 670.3482055664062 277.8109249323414 0.0 0.0 0.0 0.0 0.0 0.0 0.0
756 1598.6522216796875 670.3482055664062 277.1476512717183 0.0 0.0 0.0 0.0 0.0 0.0 0.0
764 1595.6571044921875 670.3482055664062 276.5004252738788 0.0 0.0 0.0 0.0 0.0 0.0 0.0
772 1589.6668701171875 670.3482055664062 275.2676346074016 0.0 0.0 0.0 0.0 0.0 0.0 0.0
780 1586.6717529296875 673.3433227539062 273.2415529013582 0.0 0.0 0.0 0.0 0.0 0.0 0.0
788 1577.686279296875 679.3335571289062 268.8815013455822 0.0 0.0 0.0 0.0 0.0 0.0 0.0
796 1574.691162109375 682.3287353515625 266.9655054024337 0.0 0.0 0.0 0.0 0.0 0.0 0.0
804 1568.700927734375 685.3238525390625 264.75051450327646 0.0 0.0 0.0 0.0 0.0 0.0 0.0
810 1562.710693359375 697.3043823242188 258.17504083018844 0.0 0.0 0.0 0.0 0.0 0.0 0.0
819 1559.715576171875 700.2994995117188 256.49314919860234 0.0 0.0 0.0 0.0 0.0 0.0 0.0
826 1556.7203369140625 709.284912109375 251.79771640738204 0.0 0.0 0.0 0.0 0.0 0.0 0.0
835 1550.7301025390625 718.2703247070312 247.3688226584768 0.0 0.0 0.0 0.0 0.0 0.0 0.0
842 1544.7398681640625 724.2605590820312 244.66664671106452 0.0 0.0 0.0 0.0 0.0 0.0 0.0
851 1538.7496337890625 730.2508544921875 242.12307556725 0.0 0.0 0.0 0.0 0.0 0.0 0.0
858 1535.75439453125 739.2362670898438 237.94627657135823 0.0 0.0 0.0 0.0 0.0 0.0 0.0
866 1529.76416015625 748.2216186523438 234.4184034486247 0.0 0.0 0.0 0.0 0.0 0.0 0.0
874 1523.77392578125 754.2119140625 232.51627129253558 0.0 0.0 0.0 0.0 0.0 0.0 0.0
882 1520.77880859375 763.1973266601562 228.81655733461054 0.0 0.0 0.0 0.0 0.0 0.0 0.0
890 1514.78857421875 766.1924438476562 228.6271369937075 0.0 0.0 0.0 0.0 0.0 0.0 0.0
896 1511.7933349609375 775.1778564453125 225.14641299443207 0.0 0.0 0.0 0.0 0.0 0.0 0.0
904 1505.8031005859375 781.1680908203125 223.8677619875291 0.0 0.0 0.0 0.0 0.0 0.0 0.0
912 1505.8031005859375 787.1583862304688 221.17948649274888 0.0 0.0 0.0 0.0 0.0 0.0 0.0
920 1499.8128662109375 793.1486206054688 220.17660335087209 0.0 0.0 0.0 0.0 0.0 0.0 0.0
928 1496.8177490234375 802.134033203125 217.21625530154756 0.0 0.0 0.0 0.0 0.0 0.0 0.0
936 1490.8275146484375 808.1243286132812 216.49263838039195 0.0 0.0 0.0 0.0 0.0 0.0 0.0
944 1487.832275390625 814.1145629882812 214.9417200341873 0.0 0.0 0.0 0.0 0.0 0.0 0.0
952 1484.837158203125 823.0999755859375 212.33077006747476 0.0 0.0 0.0 0.0 0.0 0.0 0.0
960 1481.842041015625 832.0853881835938 209.90076187794523 0.0 0.0 0.0 0.0 0.0 0.0 0.0
969 1475.851806640625 838.0756225585938 209.6992275034126 0.0 0.0 0.0 0.0 0.0 0.0 0.0
976 1475.851806640625 844.06591796875 207.469307710605 0.0 0.0 0.0 0.0 0.0 0.0 0.0
982 1469.861572265625 856.0464477539062 205.4458034634862 0.0 0.0 0.0 0.0 0.0 0.0 0.0
991 1463.8712158203125 862.0366821289062 205.56390298395138 0.0 0.0 0.0 0.0 0.0 0.0 0.0
999 1463.8712158203125 865.0317993164062 204.5075231256497 0.0 0.0 0.0 0.0 0.0 0.0 0.0
1007 1460.8760986328125 871.0220947265625 203.60420906625978 0.0 0.0 0.0 0.0 0.0 0.0 0.0
1014 1457.8809814453125 880.0075073242188 201.8065369642813 0.0 0.0 0.0 0.0 0.0 0.0 0.0
1022 1457.8809814453125 885.9977416992188 199.88666963013793 0.0 0.0 0.0 0.0 0.0 0.0 0.0
1030 1454.8858642578125 891.988037109375 199.24326575734966 0.0 0.0 0.0 0.0 0.0 0.0 0.0
1038 1451.8907470703125 900.9734497070312 197.77465241315133 0.0 0.0 0.0 0.0 0.0 0.0 0.0
1046 1448.8956298828125 906.9636840820312 197.25131262341455 0.0 0.0 0.0 0.0 0.0 0.0 0.0
1054 1445.9005126953125 915.9490966796875 195.93528646390348 0.0 0.0 0.0 0.0 0.0 0.0 0.0
1062 1445.9005126953125 924.9345092773438 193.48699318133737 0.0 0.0 0.0 0.0 0.0 0.0 0.0
1068 1442.9052734375 933.9198608398438 192.4627038792966 0.0 0.0 0.0 0.0 0.0 0.0 0.0
1076 1436.9150390625 945.900390625 192.04830378402676 0.0 0.0 0.0 0.0 0.0 0.0 0.0
1085 1433.919921875 954.8858032226562 191.1364160572707 0.0 0.0 0.0 0.0 0.0 0.0 0.0
1093 1433.919921875 963.8712158203125 189.00894342645785 0.0 0.0 0.0 0.0 0.0 0.0 0.0
1101 1430.9248046875 975.8517456054688 187.71212190536482 0.0 0.0 0.0 0.0 0.0 0.0 0.0
1108 1427.9296875 987.832275390625 186.5445392898755 0.0 0.0 0.0 0.0 0.0 0.0 0.0
1116 1421.939453125 996.8176879882812 187.37048566014334 0.0 0.0 0.0 0.0 0.0 0.0 0.0
1125 1418.9442138671875 1008.7982177734375 186.23700496449612 0.0 0.0 0.0 0.0 0.0 0.0 0.0
1132 1418.9442138671875 1023.7738647460938 183.3914042728772 0.0 0.0 0.0 0.0 0.0 0.0 0.0
1141 1418.9442138671875 1032.75927734375 181.8062721479655 0.0 0.0 0.0 0.0 0.0 0.0 0.0
1146 1412.9539794921875 1041.7446899414062 183.05067788328762 0.0 0.0 0.0 0.0 0.0 0.0 0.0
1154 1412.9539794921875 1053.7252197265625 181.01832531467102 0.0 0.0 0.0 0.0 0.0 0.0 0.0
1162 1406.9637451171875 1065.7057495117188 181.84856957166585 0.0 0.0 0.0 0.0 0.0 0.0 0.0
1170 1403.9686279296875 1074.6911010742188 181.7433783060547 0.0 0.0 0.0 0.0 0.0 0.0 0.0
1178 1403.9686279296875 1086.671630859375 179.83397202727417 0.0 0.0 0.0 0.0 0.0 0.0 0.0
1186 1403.9686279296875 1095.6570434570312 178.5061736617189 0.0 0.0 0.0 0.0 0.0 0.0 0.0
1194 1403.9686279296875 1107.6375732421875 176.90438644726953 0.0 0.0 0.0 0.0 0.0 0.0 0.0
1202 1397.9783935546875 1119.6181030273438 178.17816814892694 0.0 0.0 0.0 0.0 0.0 0.0 0.0
1210 1397.9783935546875 1128.603515625 176.97154766865037 0.0 0.0 0.0 0.0 0.0 0.0 0.0
1218 1397.9783935546875 1140.5841064453125 175.5168763268416 0.0 0.0 0.0 0.0 0.0 0.0 0.0
1227 1394.983154296875 1146.5743408203125 176.26820900386423 0.0 0.0 0.0 0.0 0.0 0.0 0.0
1232 1394.983154296875 1158.5548095703125 174.88130743343072 0.0 0.0 0.0 0.0 0.0 0.0 0.0
1240 1391.988037109375 1167.540283203125 175.3298157284858 0.0 0.0 0.0 0.0 0.0 0.0 0.0
1248 1391.988037109375 1176.525634765625 174.33354301250716 0.0 0.0 0.0 0.0 0.0 0.0 0.0
1256 1391.988037109375 1182.515869140625 173.703064040478 0.0 0.0 0.0 0.0 0.0 0.0 0.0
1264 1391.988037109375 1191.5013427734375 172.82777168980624 0.0 0.0 0.0 0.0 0.0 0.0 0.0
1272 1391.988037109375 1200.4866943359375 172.01784605023738 0.0 0.0 0.0 0.0 0.0 0.0 0.0
1280 1391.988037109375 1209.47216796875 171.26852567562668 0.0 0.0 0.0 0.0 0.0 0.0 0.0
1288 1391.988037109375 1218.45751953125 170.5753738628813 0.0 0.0 0.0 0.0 0.0 0.0 0.0
1296 1388.992919921875 1224.44775390625 171.60244223022409 0.0 0.0 0.0 0.0 0.0 0.0 0.0
1304 1385.997802734375 1236.4283447265625 172.06042453253514 0.0 0.0 0.0 0.0 0.0 0.0 0.0
1312 1385.997802734375 1245.4136962890625 171.3079243258681 0.0 0.0 0.0 0.0 0.0 0.0 0.0
1318 1385.997802734375 1251.4039306640625 170.83194619634787 0.0 0.0 0.0 0.0 0.0 0.0 0.0
1326 1383.002685546875 1260.389404296875 171.60034123060365 0.0 0.0 0.0 0.0 0.0 0.0 0.0
1334 1383.002685546875 1269.374755859375 170.88227385519997 0.0 0.0 0.0 0.0 0.0 0.0 0.0
1343 1383.002685546875 1275.364990234375 170.42816376587894 0.0 0.0 0.0 0.0 0.0 0.0 0.0
1351 1383.002685546875 1287.3455810546875 169.608576673804 0.0 0.0 0.0 0.0 0.0 0.0 0.0
1358 1383.002685546875 1296.3309326171875 169.04018302493336 0.0 0.0 0.0 0.0 0.0 0.0 0.0
1366 1383.002685546875 1305.31640625 168.5145423664639 0.0 0.0 0.0 0.0 0.0 0.0 0.0
1374 1383.002685546875 1317.296875 167.88243256376705 0.0 0.0 0.0 0.0 0.0 0.0 0.0
1382 1380.007568359375 1326.2823486328125 168.88203555472933 0.0 0.0 0.0 0.0 0.0 0.0 0.0
1390 1380.007568359375 1335.2677001953125 168.36831695134703 0.0 0.0 0.0 0.0 0.0 0.0 0.0
1396 1380.007568359375 1347.2481689453125 167.750549459076 0.0 0.0 0.0 0.0 0.0 0.0 0.0
1404 1377.012451171875 1356.233642578125 168.7604412389535 0.0 0.0 0.0 0.0 0.0 0.0 0.0
1412 1377.012451171875 1368.214111328125 168.1041926817374 0.0 0.0 0.0 0.0 0.0 0.0 0.0
1420 1377.012451171875 1383.1898193359375 167.3821167403712 0.0 0.0 0.0 0.0 0.0 0.0 0.0
1428 1377.012451171875 1398.16552734375 166.74656400921964 0.0 0.0 0.0 0.0 0.0 0.0 0.0
1436 1377.012451171875 1410.14599609375 166.28814657150645 0.0 0.0 0.0 0.0 0.0 0.0 0.0
1444 1377.012451171875 1428.1168212890625 165.69716483513162 0.0 0.0 0.0 0.0 0.0 0.0 0.0
1452 1377.012451171875 1440.0972900390625 165.34192305421652 0.0 0.0 0.0 0.0 0.0 0.0 0.0
1460 1377.012451171875 1458.068115234375 164.88409187632698 0.0 0.0 0.0 0.0 0.0 0.0 0.0
1468 1377.012451171875 1470.0487060546875 164.60892386851327 0.0 0.0 0.0 0.0 0.0 0.0 0.0
1474 1377.012451171875 1482.0291748046875 164.3608246800104 0.0 0.0 0.0 0.0 0.0 0.0 0.0
1482 1377.012451171875 1488.01953125 164.2432204754694 0.0 0.0 0.0 0.0 0.0 0.0 0.0
1490 1377.012451171875 1505.990234375 163.9400867908908 0.0 0.0 0.0 0.0 0.0 0.0 0.0
1498 1377.012451171875 1514.9757080078125 163.7999705619756 0.0 0.0 0.0 0.0 0.0 0.0 0.0
1506 1377.012451171875 1526.9561767578125 163.63157137503327 0.0 0.0 0.0 0.0 0.0 0.0 0.0
1514 1377.012451171875 1538.936767578125 163.47977929046186 0.0 0.0 0.0 0.0 0.0 0.0 0.0
1522 1377.012451171875 1547.922119140625 163.37458387540318 0.0 0.0 0.0 0.0 0.0 0.0 0.0
1531 1377.012451171875 1562.8978271484375 163.22029862025732 0.0 0.0 0.0 0.0 0.0 0.0 0.0
1538 1377.012451171875 1580.8685302734375 163.06121965547487 0.0 0.0 0.0 0.0 0.0 0.0 0.0
1546 1377.012451171875 1592.84912109375 162.9656054027961 0.0 0.0 0.0 0.0 0.0 0.0 0.0
1554 1377.012451171875 1607.8248291015625 162.86050720119937 0.0 0.0 0.0 0.0 0.0 0.0 0.0
1560 1377.012451171875 1622.8004150390625 162.7680120805108 0.0 0.0 0.0 0.0 0.0 0.0 0.0
1568 1377.012451171875 1637.776123046875 162.6866378280182 0.0 0.0 0.0 0.0 0.0 0.0 0.0
1576 1380.007568359375 1652.7518310546875 161.2372623543779 0.0 0.0 0.0 0.0 0.0 0.0 0.0
1584 1380.007568359375 1664.7322998046875 161.32140094842492 0.0 0.0 0.0 0.0 0.0 0.0 0.0
1592 1380.007568359375 1682.703125 161.42989377501294 0.0 0.0 0.0 0.0 0.0 0.0 0.0
1601 1380.007568359375 1691.6884765625 161.48000382059047 0.0 0.0 0.0 0.0 0.0 0.0 0.0
1609 1380.007568359375 1703.6690673828125 161.5402356818899 0.0 0.0 0.0 0.0 0.0 0.0 0.0
1616 1383.002685546875 1712.6544189453125 160.13529031789977 0.0 0.0 0.0 0.0 0.0 0.0 0.0
1624 1383.002685546875 1721.639892578125 160.28348972803366 0.0 0.0 0.0 0.0 0.0 0.0 0.0
1632 1383.002685546875 1727.630126953125 160.3771875016539 0.0 0.0 0.0 0.0 0.0 0.0 0.0
1640 1383.002685546875 1733.620361328125 160.466013599968 0.0 0.0 0.0 0.0 0.0 0.0 0.0
1648 1383.002685546875 1742.605712890625 160.58916077157284 0.0 0.0 0.0 0.0 0.0 0.0 0.0
1654 1383.002685546875 1757.5814208984375 160.7697633893095 0.0 0.0 0.0 0.0 0.0 0.0 0.0
1662 1383.002685546875 1763.5716552734375 160.8382261580545 0.0 0.0 0.0 0.0 0.0 0.0 0.0
1670 1383.002685546875 1772.55712890625 160.93319399161317 0.0 0.0 0.0 0.0 0.0 0.0 0.0
1678 1383.002685546875 1778.54736328125 160.99319408120726 0.0 0.0 0.0 0.0 0.0 0.0 0.0
1686 1383.002685546875 1784.53759765625 161.05009468374328 0.0 0.0 0.0 0.0 0.0 0.0 0.0
1695 1383.002685546875 1790.5279541015625 161.10408843863684 0.0 0.0 0.0 0.0 0.0 0.0 0.0
1702 1383.002685546875 1793.5230712890625 161.13033141569082 0.0 0.0 0.0 0.0 0.0 0.0 0.0
1718 1383.002685546875 1799.5133056640625 161.18011235554457 0.0 0.0 0.0 0.0 0.0 0.0 0.0
1726 1383.002685546875 1802.5084228515625 161.20433880765302 0.0 0.0 0.0 0.0 0.0 0.0 0.0
1732 1383.002685546875 1805.5035400390625 161.22795117975363 0.0 0.0 0.0 0.0 0.0 0.0 0.0
1748 1383.002685546875 1808.4986572265625 161.2509423041156 0.0 0.0 0.0 0.0 0.0 0.0 0.0
1773 1383.002685546875 1811.4937744140625 161.2733112762608 0.0 0.0 0.0 0.0 0.0 0.0 0.0
2227 1383.002685546875 1811.4937744140625 161.2733112762608 0.0 0.0 0.0 0.0 0.0 0.0 0.0
2236 1611.8655395507812 1540.732816696167 156.81905063168927 0.0 0.0 0.0 0.0 0.0 0.0 0.0
2241 1614.8606567382812 1534.7424602508545 154.73609892453038 0.0 0.0 0.0 0.0 0.0 0.0 0.0
2253 1617.8557739257812 1528.7522258758545 152.76149658278996 0.0 0.0 0.0 0.0 0.0 0.0 0.0
2257 1620.8508911132812 1519.7668743133545 149.59019366569143 0.0 0.0 0.0 0.0 0.0 0.0 0.0
2265 1623.8460083007812 1510.781400680542 146.6411432525868 0.0 0.0 0.0 0.0 0.0 0.0 0.0
2273 1623.8460083007812 1498.800931930542 141.7124340984085 0.0 0.0 0.0 0.0 0.0 0.0 0.0
2281 1626.8412475585938 1486.8203411102295 138.27260650712503 0.0 0.0 0.0 0.0 0.0 0.0 0.0
2289 1632.8314819335938 1471.8447551727295 135.31259271051073 0.0 0.0 0.0 0.0 0.0 0.0 0.0
2296 1635.8265991210938 1453.873929977417 130.70359494026357 0.0 0.0 0.0 0.0 0.0 0.0 0.0
2305 1638.8217163085938 1432.9079875946045 125.9794953176721 0.0 0.0 0.0 0.0 0.0 0.0 0.0
2311 1644.8119506835938 1411.942045211792 123.24609729258373 0.0 0.0 0.0 0.0 0.0 0.0 0.0
2320 1647.8070678710938 1390.9761028289795 119.73295881121635 0.0 0.0 0.0 0.0 0.0 0.0 0.0
2327 1650.8023071289062 1361.024808883667 115.30440532677102 0.0 0.0 0.0 0.0 0.0 0.0 0.0
2336 1653.7974243164062 1334.0686321258545 112.2607939361159 0.0 0.0 0.0 0.0 0.0 0.0 0.0
2343 1656.7925415039062 1307.112455368042 109.84573208477093 0.0 0.0 0.0 0.0 0.0 0.0 0.0
2354 1656.7925415039062 1280.156156539917 106.63648193010812 0.0 0.0 0.0 0.0 0.0 0.0 0.0
2359 1656.7925415039062 1256.1950969696045 104.3162264268052 0.0 0.0 0.0 0.0 0.0 0.0 0.0
2366 1662.7827758789062 1226.243803024292 104.6203165726049 0.0 0.0 0.0 0.0 0.0 0.0 0.0
2375 1662.7827758789062 1202.2827434539795 102.67797256503854 0.0 0.0 0.0 0.0 0.0 0.0 0.0
2382 1662.7827758789062 1181.316801071167 101.26479202475042 0.0 0.0 0.0 0.0 0.0 0.0 0.0
2390 1662.7827758789062 1157.3557415008545 99.95398590998491 0.0 0.0 0.0 0.0 0.0 0.0 0.0
2396 1662.7827758789062 1130.399564743042 98.78523809716677 0.0 0.0 0.0 0.0 0.0 0.0 0.0
2404 1662.7827758789062 1106.4385051727295 97.94267879220433 0.0 0.0 0.0 0.0 0.0 0.0 0.0
2413 1662.7827758789062 1085.472562789917 97.330335653762 0.0 0.0 0.0 0.0 0.0 0.0 0.0
2421 1656.7925415039062 1064.5066204071045 94.04286262097122 0.0 0.0 0.0 0.0 0.0 0.0 0.0
2429 1653.7974243164062 1043.540678024292 92.70367775034572 0.0 0.0 0.0 0.0 0.0 0.0 0.0
2438 1653.7974243164062 1028.565092086792 92.91104760921235 0.0 0.0 0.0 0.0 0.0 0.0 0.0
2445 1650.8023071289062 1007.5990886688232 91.76464448855893 0.0 0.0 0.0 0.0 0.0 0.0 0.0
2453 1647.8070678710938 989.628324508667 90.72649495474786 0.0 0.0 0.0 0.0 0.0 0.0 0.0
2461 1644.8119506835938 962.6720867156982 90.15489603966978 0.0 0.0 0.0 0.0 0.0 0.0 0.0
2470 1641.8168334960938 941.706205368042 89.47893404935962 0.0 0.0 0.0 0.0 0.0 0.0 0.0
2477 1638.8217163085938 920.7402629852295 88.91845293366532 0.0 0.0 0.0 0.0 0.0 0.0 0.0
2483 1635.8265991210938 899.774320602417 88.45378833172174 0.0 0.0 0.0 0.0 0.0 0.0 0.0
2491 1629.8363647460938 878.8083782196045 86.6943250730186 0.0 0.0 0.0 0.0 0.0 0.0 0.0
2498 1620.8508911132812 860.8376140594482 83.62685760658576 0.0 0.0 0.0 0.0 0.0 0.0 0.0
2507 1617.8557739257812 842.8667888641357 83.81428559882187 0.0 0.0 0.0 0.0 0.0 0.0 0.0
2515 1611.8655395507812 821.9008464813232 82.86381405625013 0.0 0.0 0.0 0.0 0.0 0.0 0.0
2525 1602.8801879882812 803.930082321167 80.4079530368395 0.0 0.0 0.0 0.0 0.0 0.0 0.0
2531 1593.8947143554688 782.9641399383545 78.7250172278732 0.0 0.0 0.0 0.0 0.0 0.0 0.0
2539 1587.9044799804688 761.998197555542 78.66574547903264 0.0 0.0 0.0 0.0 0.0 0.0 0.0
2546 1578.9190063476562 738.0371379852295 77.69022170325735 0.0 0.0 0.0 0.0 0.0 0.0 0.0
2554 1569.9336547851562 723.0614910125732 75.62037359174644 0.0 0.0 0.0 0.0 0.0 0.0 0.0
2560 1560.9483032226562 702.0955486297607 74.80481366290206 0.0 0.0 0.0 0.0 0.0 0.0 0.0
2569 1551.9628295898438 684.1247844696045 73.65402288512786 0.0 0.0 0.0 0.0 0.0 0.0 0.0
2576 1539.9823608398438 666.153959274292 71.4019481650381 0.0 0.0 0.0 0.0 0.0 0.0 0.0
2585 1530.9968872070312 651.1783123016357 70.23576006359389 0.0 0.0 0.0 0.0 0.0 0.0 0.0
2592 1522.0115356445312 633.2074871063232 69.83161205530712 0.0 0.0 0.0 0.0 0.0 0.0 0.0
2602 1510.0310668945312 618.231840133667 67.61508648929555 0.0 0.0 0.0 0.0 0.0 0.0 0.0
2608 1501.0455932617188 603.2561931610107 66.99770470583684 0.0 0.0 0.0 0.0 0.0 0.0 0.0
2616 1495.0553588867188 591.2756633758545 67.08656479606913 0.0 0.0 0.0 0.0 0.0 0.0 0.0
2624 1489.0651245117188 579.295072555542 67.16514176569996 0.0 0.0 0.0 0.0 0.0 0.0 0.0
2632 1480.0796508789062 570.309720993042 65.22202289996795 0.0 0.0 0.0 0.0 0.0 0.0 0.0
2640 1474.0894165039062 555.3340129852295 66.21311341127603 0.0 0.0 0.0 0.0 0.0 0.0 0.0
2646 1465.1040649414062 543.3534832000732 65.10147271315805 0.0 0.0 0.0 0.0 0.0 0.0 0.0
2654 1456.1185913085938 534.3681316375732 63.37899369933018 0.0 0.0 0.0 0.0 0.0 0.0 0.0
2662 1447.1332397460938 525.382719039917 61.84191902990824 0.0 0.0 0.0 0.0 0.0 0.0 0.0
2670 1432.1575317382812 513.4021892547607 58.90461943966818 0.0 0.0 0.0 0.0 0.0 0.0 0.0
2678 1426.1672973632812 504.4167766571045 59.070047940221 0.0 0.0 0.0 0.0 0.0 0.0 0.0
2686 1414.1867065429688 498.42651176452637 55.90645990542936 0.0 0.0 0.0 0.0 0.0 0.0 0.0
2694 1408.1964721679688 492.43624687194824 55.40594377992659 0.0 0.0 0.0 0.0 0.0 0.0 0.0
2703 1399.2111206054688 486.4459819793701 53.76924203038823 0.0 0.0 0.0 0.0 0.0 0.0 0.0
2710 1387.2305297851562 480.455717086792 51.176114258708026 0.0 0.0 0.0 0.0 0.0 0.0 0.0
2719 1378.2451782226562 477.46056938171387 48.85019636318805 0.0 0.0 0.0 0.0 0.0 0.0 0.0
2726 1369.2597045898438 471.47030448913574 47.823622024728536 0.0 0.0 0.0 0.0 0.0 0.0 0.0
2732 1354.2841186523438 465.4800395965576 44.921772073387956 0.0 0.0 0.0 0.0 0.0 0.0 0.0
2740 1345.2986450195312 465.4800395965576 41.86378571105058 0.0 0.0 0.0 0.0 0.0 0.0 0.0
2748 1333.3181762695312 462.4849224090576 39.389543100050844 0.0 0.0 0.0 0.0 0.0 0.0 0.0
2756 1318.3424682617188 462.4849224090576 35.10698099410513 0.0 0.0 0.0 0.0 0.0 0.0 0.0
2764 1303.3668823242188 462.4849224090576 31.31071704331748 0.0 0.0 0.0 0.0 0.0 0.0 0.0
2772 1291.3862915039062 462.4849224090576 28.56401695931936 0.0 0.0 0.0 0.0 0.0 0.0 0.0
2780 1273.4154663085938 462.4849224090576 25.017251819435444 0.0 0.0 0.0 0.0 0.0 0.0 0.0
2788 1261.4349975585938 462.4849224090576 22.887946759328997 0.0 0.0 0.0 0.0 0.0 0.0 0.0
2796 1243.4641723632812 462.4849224090576 20.151453971034698 0.0 0.0 0.0 0.0 0.0 0.0 0.0
2804 1231.4837036132812 465.4800395965576 17.046251571647304 0.0 0.0 0.0 0.0 0.0 0.0 0.0
2810 1216.5079956054688 468.47518730163574 13.99283185963111 0.0 0.0 0.0 0.0 0.0 0.0 0.0
2819 1207.5226440429688 474.46545219421387 10.153509550070225 0.0 0.0 0.0 0.0 0.0 0.0 0.0
2826 1192.5469360351562 480.455717086792 6.493246371599184 0.0 0.0 0.0 0.0 0.0 0.0 0.0
2835 1183.5614624023438 483.450834274292 4.781301349345199 0.0 0.0 0.0 0.0 0.0 0.0 0.0
2842 1168.5858764648438 492.43624687194824 0.3521371115793386 0.0 0.0 0.0 0.0 0.0 0.0 0.0
2851 1159.6004028320312 498.42651176452637 357.61600833290174 0.0 0.0 0.0 0.0 0.0 0.0 0.0
2858 1144.6248168945312 507.4118938446045 354.1533593300271 0.0 0.0 0.0 0.0 0.0 0.0 0.0
2866 1132.6442260742188 510.40707206726074 353.7391768210779 0.0 0.0 0.0 0.0 0.0 0.0 0.0
2874 1120.6637573242188 522.387601852417 349.0447786402373 0.0 0.0 0.0 0.0 0.0 0.0 0.0
2882 1108.6832275390625 528.377836227417 347.74831743614106 0.0 0.0 0.0 0.0 0.0 0.0 0.0
2890 1099.6978149414062 534.3681316375732 346.13716116283183 0.0 0.0 0.0 0.0 0.0 0.0 0.0
2896 1087.71728515625 540.3583660125732 345.17304418944866 0.0 0.0 0.0 0.0 0.0 0.0 0.0
2904 1078.7318725585938 546.3486614227295 343.80021821904523 0.0 0.0 0.0 0.0 0.0 0.0 0.0
2912 1066.7513427734375 552.3388957977295 343.10448538047046 0.0 0.0 0.0 0.0 0.0 0.0 0.0
2920 1057.7659301757812 558.3291912078857 341.92463614792473 0.0 0.0 0.0 0.0 0.0 0.0 0.0
2928 1042.790283203125 561.3243083953857 343.3565236787026 0.0 0.0 0.0 0.0 0.0 0.0 0.0
2936 1033.8048706054688 564.3194255828857 343.5711790722024 0.0 0.0 0.0 0.0 0.0 0.0 0.0
2944 1021.8243408203125 570.309720993042 342.9017614176935 0.0 0.0 0.0 0.0 0.0 0.0 0.0
2953 1012.8389282226562 573.304838180542 343.15479593051697 0.0 0.0 0.0 0.0 0.0 0.0 0.0
2960 1000.8583984375 579.295072555542 342.53332715510294 0.0 0.0 0.0 0.0 0.0 0.0 0.0
2969 988.8778686523438 582.2902507781982 343.3653854281142 0.0 0.0 0.0 0.0 0.0 0.0 0.0
2976 979.8924560546875 588.2804851531982 342.1611467819578 0.0 0.0 0.0 0.0 0.0 0.0 0.0
2982 967.9119262695312 594.2707805633545 341.65410332860796 0.0 0.0 0.0 0.0 0.0 0.0 0.0
2990 952.936279296875 597.2658977508545 343.1206599913379 0.0 0.0 0.0 0.0 0.0 0.0 0.0
2998 937.9606323242188 606.2513103485107 341.7063909087633 0.0 0.0 0.0 0.0 0.0 0.0 0.0
3006 925.9801025390625 615.236722946167 339.90442751641945 0.0 0.0 0.0 0.0 0.0 0.0 0.0
3014 899.02392578125 624.222074508667 341.2029481320425 0.0 0.0 0.0 0.0 0.0 0.0 0.0
3022 884.0482177734375 633.2074871063232 340.06558562320606 0.0 0.0 0.0 0.0 0.0 0.0 0.0
3030 872.0676879882812 642.1928997039795 338.46886909645184 0.0 0.0 0.0 0.0 0.0 0.0 0.0
3038 857.092041015625 651.1783123016357 337.7276030039495 0.0 0.0 0.0 0.0 0.0 0.0 0.0
3046 845.1115112304688 657.1685466766357 337.7321724616918 0.0 0.0 0.0 0.0 0.0 0.0 0.0
3054 839.1212158203125 663.158842086792 336.3477982639281 0.0 0.0 0.0 0.0 0.0 0.0 0.0
3062 833.1309814453125 669.149076461792 335.06507159683395 0.0 0.0 0.0 0.0 0.0 0.0 0.0
3069 827.1406860351562 672.144193649292 335.2305840153549 0.0 0.0 0.0 0.0 0.0 0.0 0.0
3076 821.1504516601562 678.1344890594482 334.0302691065375 0.0 0.0 0.0 0.0 0.0 0.0 0.0
3085 815.16015625 687.1199016571045 331.6160719504882 0.0 0.0 0.0 0.0 0.0 0.0 0.0
3092 806.1748046875 693.1101360321045 331.52330561561416 0.0 0.0 0.0 0.0 0.0 0.0 0.0
3102 797.1893920898438 705.0906658172607 328.97059910348236 0.0 0.0 0.0 0.0 0.0 0.0 0.0
3108 788.2039794921875 714.076078414917 327.9120071493246 0.0 0.0 0.0 0.0 0.0 0.0 0.0
3116 776.2234497070312 726.0566082000732 326.6988795349854 0.0 0.0 0.0 0.0 0.0 0.0 0.0
3124 764.242919921875 738.0371379852295 325.6566399227754 0.0 0.0 0.0 0.0 0.0 0.0 0.0
3132 758.2526245117188 744.0274333953857 325.1750750685809 0.0 0.0 0.0 0.0 0.0 0.0 0.0
3140 746.2720947265625 756.007963180542 324.3478919978587 0.0 0.0 0.0 0.0 0.0 0.0 0.0
3146 740.2818603515625 767.9884929656982 321.69167517851395 0.0 0.0 0.0 0.0 0.0 0.0 0.0
3154 734.2915649414062 776.9738445281982 320.39912715786363 0.0 0.0 0.0 0.0 0.0 0.0 0.0
3162 725.3062133789062 785.9592571258545 320.2815329333125 0.0 0.0 0.0 0.0 0.0 0.0 0.0
3170 722.31103515625 797.9397869110107 316.97786767983933 0.0 0.0 0.0 0.0 0.0 0.0 0.0
3178 722.31103515625 806.925199508667 313.78785202733354 0.0 0.0 0.0 0.0 0.0 0.0 0.0
3186 716.32080078125 818.9057292938232 312.3079444526761 0.0 0.0 0.0 0.0 0.0 0.0 0.0
3194 713.32568359375 833.8813762664795 308.93404079186024 0.0 0.0 0.0 0.0 0.0 0.0 0.0
3203 710.3305053710938 842.8667888641357 307.58166130732957 0.0 0.0 0.0 0.0 0.0 0.0 0.0
3210 707.3353881835938 854.847318649292 305.5448597513234 0.0 0.0 0.0 0.0 0.0 0.0 0.0
3219 707.3353881835938 872.8181438446045 301.0315965857185 0.0 0.0 0.0 0.0 0.0 0.0 0.0
3226 704.3402709960938 893.784086227417 297.8850505001051 0.0 0.0 0.0 0.0 0.0 0.0 0.0
3233 704.3402709960938 911.7548503875732 294.4341682114599 0.0 0.0 0.0 0.0 0.0 0.0 0.0
3240 704.3402709960938 929.7256755828857 291.47512755866666 0.0 0.0 0.0 0.0 0.0 0.0 0.0
3248 701.3451538085938 953.6867351531982 289.57155666188737 0.0 0.0 0.0 0.0 0.0 0.0 0.0
3256 701.3451538085938 971.6574993133545 287.3163899609965 0.0 0.0 0.0 0.0 0.0 0.0 0.0
3264 701.3451538085938 992.623441696167 285.1238411897221 0.0 0.0 0.0 0.0 0.0 0.0 0.0
3272 701.3451538085938 1010.5942668914795 283.52119743929256 0.0 0.0 0.0 0.0 0.0 0.0 0.0
3280 701.3451538085938 1031.560209274292 281.9658534354231 0.0 0.0 0.0 0.0 0.0 0.0 0.0
3288 701.3451538085938 1046.535795211792 280.9955081401352 0.0 0.0 0.0 0.0 0.0 0.0 0.0
3296 701.3451538085938 1067.5017375946045 279.866415412975 0.0 0.0 0.0 0.0 0.0 0.0 0.0
3304 701.3451538085938 1079.482328414917 279.288458368365 0.0 0.0 0.0 0.0 0.0 0.0 0.0
3312 701.3451538085938 1097.4531536102295 278.5503438358952 0.0 0.0 0.0 0.0 0.0 0.0 0.0
3318 701.3451538085938 1115.4238567352295 277.92203900736877 0.0 0.0 0.0 0.0 0.0 0.0 0.0
3326 701.3451538085938 1130.399564743042 277.4650104332393 0.0 0.0 0.0 0.0 0.0 0.0 0.0
3335 701.3451538085938 1148.3703899383545 276.998228862653 0.0 0.0 0.0 0.0 0.0 0.0 0.0
3342 701.3451538085938 1169.336332321167 276.5459727415059 0.0 0.0 0.0 0.0 0.0 0.0 0.0
3352 701.3451538085938 1187.307035446167 276.2160717453519 0.0 0.0 0.0 0.0 0.0 0.0 0.0
3358 701.3451538085938 1205.2778606414795 275.9353122050642 0.0 0.0 0.0 0.0 0.0 0.0 0.0
3366 701.3451538085938 1226.243803024292 275.6633274396839 0.0 0.0 0.0 0.0 0.0 0.0 0.0
3374 701.3451538085938 1247.2097454071045 275.43747994419715 0.0 0.0 0.0 0.0 0.0 0.0 0.0
3382 701.3451538085938 1268.175687789917 275.2499265482144 0.0 0.0 0.0 0.0 0.0 0.0 0.0
3390 698.3499755859375 1292.1367473602295 276.4312676864067 0.0 0.0 0.0 0.0 0.0 0.0 0.0
3396 695.3548583984375 1316.097806930542 277.3880625723115 0.0 0.0 0.0 0.0 0.0 0.0 0.0
3404 692.3597412109375 1343.0539836883545 278.0744821839967 0.0 0.0 0.0 0.0 0.0 0.0 0.0
3412 689.3645629882812 1364.019926071167 278.8247916702579 0.0 0.0 0.0 0.0 0.0 0.0 0.0
3420 683.3743286132812 1393.9712200164795 280.3870257215074 0.0 0.0 0.0 0.0 0.0 0.0 0.0
3428 683.3743286132812 1408.946928024292 279.61680385440286 0.0 0.0 0.0 0.0 0.0 0.0 0.0
3436 680.3792114257812 1429.9128704071045 280.1034645038625 0.0 0.0 0.0 0.0 0.0 0.0 0.0
3444 680.3792114257812 1450.878812789917 279.12520626986935 0.0 0.0 0.0 0.0 0.0 0.0 0.0
3453 680.3792114257812 1474.8398723602295 278.21836743226385 0.0 0.0 0.0 0.0 0.0 0.0 0.0
3460 680.3792114257812 1495.805814743042 277.55927917309833 0.0 0.0 0.0 0.0 0.0 0.0 0.0
3469 680.3792114257812 1513.776517868042 277.0784705981075 0.0 0.0 0.0 0.0 0.0 0.0 0.0
3474 680.3792114257812 1525.7571086883545 276.7914057664393 0.0 0.0 0.0 0.0 0.0 0.0 0.0
3482 680.3792114257812 1534.7424602508545 276.5934441342489 0.0 0.0 0.0 0.0 0.0 0.0 0.0
3490 680.3792114257812 1546.723051071167 276.357061348963 0.0 0.0 0.0 0.0 0.0 0.0 0.0
3498 680.3792114257812 1555.708402633667 276.1940475583368 0.0 0.0 0.0 0.0 0.0 0.0 0.0
3506 680.3792114257812 1561.698637008667 276.0913796078971 0.0 0.0 0.0 0.0 0.0 0.0 0.0
3514 680.3792114257812 1570.6841106414795 275.94972908970016 0.0 0.0 0.0 0.0 0.0 0.0 0.0
3522 680.3792114257812 1579.6694622039795 275.8194991881402 0.0 0.0 0.0 0.0 0.0 0.0 0.0
3530 680.3792114257812 1585.659818649292 275.7374613286042 0.0 0.0 0.0 0.0 0.0 0.0 0.0
3538 680.3792114257812 1591.650053024292 275.6599305294685 0.0 0.0 0.0 0.0 0.0 0.0 0.0
3546 680.3792114257812 1597.640287399292 275.58671665961435 0.0 0.0 0.0 0.0 0.0 0.0 0.0
3554 683.3743286132812 1606.625638961792 273.94779587802105 0.0 0.0 0.0 0.0 0.0 0.0 0.0
3560 686.3694458007812 1615.6111125946045 272.44164707182387 0.0 0.0 0.0 0.0 0.0 0.0 0.0
3569 686.3694458007812 1624.5964641571045 272.59383496359646 0.0 0.0 0.0 0.0 0.0 0.0 0.0
3576 692.3597412109375 1633.581937789917 269.666902033607 0.0 0.0 0.0 0.0 0.0 0.0 0.0
3585 695.3548583984375 1642.567289352417 268.511835873015 0.0 0.0 0.0 0.0 0.0 0.0 0.0
3592 701.3451538085938 1657.5429973602295 266.3587586475471 0.0 0.0 0.0 0.0 0.0 0.0 0.0
3601 704.3402709960938 1663.5332317352295 265.23611477295526 0.0 0.0 0.0 0.0 0.0 0.0 0.0
3608 707.3353881835938 1672.5185832977295 264.44960976356947 0.0 0.0 0.0 0.0 0.0 0.0 0.0
3616 707.3353881835938 1678.508939743042 264.9924464444414 0.0 0.0 0.0 0.0 0.0 0.0 0.0
3624 710.3305053710938 1678.508939743042 263.35044090085927 0.0 0.0 0.0 0.0 0.0 0.0 0.0
4085 710.3305053710938 1678.508939743042 263.35044090085927 0.0 0.0 0.0 0.0 0.0 0.0 0.0
4093 710.3305053710938 1678.508939743042 263.35044090085927 0.0 0.0 0.0 0.0 0.0 0.0 0.0
4103 710.3305053710938 1678.508939743042 263.35044090085927 0.0 0.0 0.0 0.0 0.0 0.0 0.0
4109 710.3305053710938 1678.508939743042 263.35044090085927 0.0 0.0 0.0 0.0 0.0 0.0 0.0
4117 710.3305053710938 1678.508939743042 263.35044090085927 0.0 0.0 0.0 0.0 0.0 0.0 0.0
4125 482.4168701171875 1431.7967739105225 264.25958822519505 0.0 0.0 0.0 0.0 0.0 0.0 0.0
4133 488.40716552734375 1407.83571434021 266.1714929878625 0.0 0.0 0.0 0.0 0.0 0.0 0.0
4139 488.40716552734375 1386.8697719573975 265.38585600652664 0.0 0.0 0.0 0.0 0.0 0.0 0.0
4147 494.39739990234375 1359.913595199585 266.9737850185693 0.0 0.0 0.0 0.0 0.0 0.0 0.0
4156 494.39739990234375 1344.938009262085 266.29470398249055 0.0 0.0 0.0 0.0 0.0 0.0 0.0
4162 494.39739990234375 1323.9720668792725 265.49012685362936 0.0 0.0 0.0 0.0 0.0 0.0 0.0
4172 497.392578125 1306.00124168396 266.1794169602369 0.0 0.0 0.0 0.0 0.0 0.0 0.0
4178 497.392578125 1291.0255336761475 265.59155658225103 0.0 0.0 0.0 0.0 0.0 0.0 0.0
4187 500.3876953125 1267.064474105835 266.0436572522342 0.0 0.0 0.0 0.0 0.0 0.0 0.0
4194 503.3828125 1246.0985317230225 266.5347628119913 0.0 0.0 0.0 0.0 0.0 0.0 0.0
4202 503.3828125 1222.13747215271 265.5937286734977 0.0 0.0 0.0 0.0 0.0 0.0 0.0
4210 506.3779296875 1201.1715297698975 266.1547090043031 0.0 0.0 0.0 0.0 0.0 0.0 0.0
4219 506.3779296875 1174.215353012085 265.19032929459826 0.0 0.0 0.0 0.0 0.0 0.0 0.0
4224 509.37310791015625 1141.2689418792725 265.4308421965346 0.0 0.0 0.0 0.0 0.0 0.0 0.0
4232 509.37310791015625 1111.31764793396 264.5307228141103 0.0 0.0 0.0 0.0 0.0 0.0 0.0
4240 512.3682250976562 1075.375997543335 264.84234267277355 0.0 0.0 0.0 0.0 0.0 0.0 0.0
4248 515.3633422851562 1042.4295864105225 265.16056334117064 0.0 0.0 0.0 0.0 0.0 0.0 0.0
4257 518.3584594726562 1012.4781703948975 265.4970859508433 0.0 0.0 0.0 0.0 0.0 0.0 0.0
4264 518.3584594726562 985.521993637085 264.6573786796847 0.0 0.0 0.0 0.0 0.0 0.0 0.0
4273 521.3536376953125 958.5658168792725 265.18306473534165 0.0 0.0 0.0 0.0 0.0 0.0 0.0
4280 521.3536376953125 943.5901699066162 264.70976125944117 0.0 0.0 0.0 0.0 0.0 0.0 0.0
4290 521.3536376953125 922.6242275238037 264.149126331313 0.0 0.0 0.0 0.0 0.0 0.0 0.0
4296 524.3487548828125 904.6534023284912 265.02122782044245 0.0 0.0 0.0 0.0 0.0 0.0 0.0
4304 527.3438720703125 892.672872543335 265.99569724907565 0.0 0.0 0.0 0.0 0.0 0.0 0.0
4310 530.3389892578125 874.7021083831787 266.6159938106378 0.0 0.0 0.0 0.0 0.0 0.0 0.0
4319 536.3292846679688 856.7312831878662 268.42958530392184 0.0 0.0 0.0 0.0 0.0 0.0 0.0
4326 539.3244018554688 841.75563621521 268.8927131063275 0.0 0.0 0.0 0.0 0.0 0.0 0.0
4335 545.314697265625 820.7896938323975 270.1852034758074 0.0 0.0 0.0 0.0 0.0 0.0 0.0
4342 554.300048828125 802.8189296722412 272.7566194449873 0.0 0.0 0.0 0.0 0.0 0.0 0.0
4351 560.2903442382812 781.8529872894287 273.43542942806334 0.0 0.0 0.0 0.0 0.0 0.0 0.0
4358 566.2805786132812 760.8870449066162 274.0061718362382 0.0 0.0 0.0 0.0 0.0 0.0 0.0
4366 581.2562866210938 736.9259853363037 277.7337734645418 0.0 0.0 0.0 0.0 0.0 0.0 0.0
4374 581.2562866210938 724.9454555511475 276.1781597134486 0.0 0.0 0.0 0.0 0.0 0.0 0.0
4382 587.2465209960938 709.9698085784912 277.00046519826157 0.0 0.0 0.0 0.0 0.0 0.0 0.0
4390 596.23193359375 700.984395980835 279.80344318619285 0.0 0.0 0.0 0.0 0.0 0.0 0.0
4396 599.22705078125 686.0087490081787 278.93512908888613 0.0 0.0 0.0 0.0 0.0 0.0 0.0
4405 602.2222290039062 680.0184535980225 279.4124835694432 0.0 0.0 0.0 0.0 0.0 0.0 0.0
4412 608.2124633789062 674.0282192230225 281.18863191804854 0.0 0.0 0.0 0.0 0.0 0.0 0.0
4421 614.2027587890625 662.04762840271 281.8603483598859 0.0 0.0 0.0 0.0 0.0 0.0 0.0
4428 623.1881103515625 656.05739402771 284.7618035934494 0.0 0.0 0.0 0.0 0.0 0.0 0.0
4437 629.1784057617188 644.0768642425537 285.06172895641964 0.0 0.0 0.0 0.0 0.0 0.0 0.0
4444 641.158935546875 635.0914516448975 288.3202723826631 0.0 0.0 0.0 0.0 0.0 0.0 0.0
4452 659.1296997070312 620.1158046722412 292.14140917035616 0.0 0.0 0.0 0.0 0.0 0.0 0.0
4460 674.1054077148438 608.135274887085 295.00154149186466 0.0 0.0 0.0 0.0 0.0 0.0 0.0
4469 689.0810546875 599.1498622894287 298.2435908662269 0.0 0.0 0.0 0.0 0.0 0.0 0.0
4476 704.0567016601562 593.1596279144287 301.93598394655055 0.0 0.0 0.0 0.0 0.0 0.0 0.0
4482 713.0421142578125 584.1742153167725 302.34728633653424 0.0 0.0 0.0 0.0 0.0 0.0 0.0
4491 722.0275268554688 581.1790981292725 304.56812111531974 0.0 0.0 0.0 0.0 0.0 0.0 0.0
4498 731.012939453125 578.1839199066162 306.6370775854567 0.0 0.0 0.0 0.0 0.0 0.0 0.0
4506 737.003173828125 578.1839199066162 308.6506276434666 0.0 0.0 0.0 0.0 0.0 0.0 0.0
4514 742.9934692382812 575.1888027191162 309.5138896927205 0.0 0.0 0.0 0.0 0.0 0.0 0.0
4523 751.9788208007812 575.1888027191162 312.31722003156887 0.0 0.0 0.0 0.0 0.0 0.0 0.0
4530 757.9691162109375 575.1888027191162 314.1118811040114 0.0 0.0 0.0 0.0 0.0 0.0 0.0
4538 769.9496459960938 575.1888027191162 317.4211176753196 0.0 0.0 0.0 0.0 0.0 0.0 0.0
4546 781.93017578125 575.1888027191162 320.4617716944771 0.0 0.0 0.0 0.0 0.0 0.0 0.0
4555 793.9107055664062 575.1888027191162 323.2487090991858 0.0 0.0 0.0 0.0 0.0 0.0 0.0
4560 811.8815307617188 581.1790981292725 329.3465854975575 0.0 0.0 0.0 0.0 0.0 0.0 0.0
4569 835.8425903320312 590.1644496917725 336.6711900730387 0.0 0.0 0.0 0.0 0.0 0.0 0.0
4576 859.8036499023438 602.1449794769287 344.0709146992243 0.0 0.0 0.0 0.0 0.0 0.0 0.0
4585 883.7647094726562 611.130392074585 348.98519904914303 0.0 0.0 0.0 0.0 0.0 0.0 0.0
4592 898.7403564453125 620.1158046722412 353.18706481273307 0.0 0.0 0.0 0.0 0.0 0.0 0.0
4602 916.7111206054688 629.1012172698975 356.7570074273079 0.0 0.0 0.0 0.0 0.0 0.0 0.0
4608 931.6868286132812 632.0963344573975 357.4157451797389 0.0 0.0 0.0 0.0 0.0 0.0 0.0
4616 940.6721801757812 641.0817470550537 1.0512283750704796 0.0 0.0 0.0 0.0 0.0 0.0 0.0
4625 955.6478881835938 647.0719814300537 2.4985031190017963 0.0 0.0 0.0 0.0 0.0 0.0 0.0
4632 970.6235961914062 656.05739402771 5.0422827040201526 0.0 0.0 0.0 0.0 0.0 0.0 0.0
4640 979.6089477539062 665.0428066253662 8.020723009258688 0.0 0.0 0.0 0.0 0.0 0.0 0.0
4646 991.5895385742188 674.0282192230225 10.284394811963764 0.0 0.0 0.0 0.0 0.0 0.0 0.0
4655 1006.5651245117188 686.0087490081787 13.031189005025368 0.0 0.0 0.0 0.0 0.0 0.0 0.0
4662 1024.5359497070312 697.989278793335 14.87850197259462 0.0 0.0 0.0 0.0 0.0 0.0 0.0
4671 1048.4970092773438 715.9600429534912 17.566806122198074 0.0 0.0 0.0 0.0 0.0 0.0 0.0
4678 1066.4678344726562 730.9356899261475 19.80552643926471 0.0 0.0 0.0 0.0 0.0 0.0 0.0
4687 1084.4386596679688 745.91139793396 21.67061175455298 0.0 0.0 0.0 0.0 0.0 0.0 0.0
4694 1105.4044799804688 763.8821620941162 23.602501511651155 0.0 0.0 0.0 0.0 0.0 0.0 0.0
4702 1123.3753051757812 778.8578701019287 24.830402681788186 0.0 0.0 0.0 0.0 0.0 0.0 0.0
4710 1138.3510131835938 790.838399887085 25.530455639747146 0.0 0.0 0.0 0.0 0.0 0.0 0.0
4719 1153.3265991210938 799.823751449585 25.06997303376842 0.0 0.0 0.0 0.0 0.0 0.0 0.0
4726 1168.3023071289062 820.7896938323975 28.774100411859834 0.0 0.0 0.0 0.0 0.0 0.0 0.0
4732 1186.2731323242188 835.7653408050537 29.129662588543923 0.0 0.0 0.0 0.0 0.0 0.0 0.0
4740 1204.2439575195312 853.7361660003662 30.384628142684093 0.0 0.0 0.0 0.0 0.0 0.0 0.0
4748 1225.2098999023438 874.7021083831787 31.549569415409607 0.0 0.0 0.0 0.0 0.0 0.0 0.0
4756 1243.1806030273438 892.672872543335 32.367742592065284 0.0 0.0 0.0 0.0 0.0 0.0 0.0
4764 1258.1563110351562 910.6436977386475 33.868576628491965 0.0 0.0 0.0 0.0 0.0 0.0 0.0
4773 1276.1271362304688 931.60964012146 35.145537032739 0.0 0.0 0.0 0.0 0.0 0.0 0.0
4780 1294.0979614257812 952.5755214691162 36.17588552972198 0.0 0.0 0.0 0.0 0.0 0.0 0.0
4789 1309.0735473632812 970.5463466644287 37.03578397251168 0.0 0.0 0.0 0.0 0.0 0.0 0.0
4796 1327.0443725585938 994.5074062347412 38.514765693927686 0.0 0.0 0.0 0.0 0.0 0.0 0.0
4804 1339.0248413085938 1012.4781703948975 39.91356735167032 0.0 0.0 0.0 0.0 0.0 0.0 0.0
4810 1351.0054321289062 1036.43922996521 42.65562583061556 0.0 0.0 0.0 0.0 0.0 0.0 0.0
4819 1362.9859008789062 1054.4100551605225 43.40247706465156 0.0 0.0 0.0 0.0 0.0 0.0 0.0
4826 1371.9713745117188 1072.380880355835 45.047794757219194 0.0 0.0 0.0 0.0 0.0 0.0 0.0
4835 1380.9567260742188 1087.3565883636475 45.714449118532386 0.0 0.0 0.0 0.0 0.0 0.0 0.0
4842 1386.9470825195312 1099.3370571136475 46.629125607416526 0.0 0.0 0.0 0.0 0.0 0.0 0.0
4852 1392.9373168945312 1111.31764793396 47.449168473872916 0.0 0.0 0.0 0.0 0.0 0.0 0.0
4858 1395.9324340820312 1120.30299949646 48.59421201061339 0.0 0.0 0.0 0.0 0.0 0.0 0.0
4866 1404.9177856445312 1132.28346824646 48.08857020194385 0.0 0.0 0.0 0.0 0.0 0.0 0.0
4877 1413.9032592773438 1141.2689418792725 46.89933855392495 0.0 0.0 0.0 0.0 0.0 0.0 0.0
4882 1413.9032592773438 1150.2542934417725 49.25971127682989 0.0 0.0 0.0 0.0 0.0 0.0 0.0
4890 1419.8934936523438 1162.234884262085 49.806602118555745 0.0 0.0 0.0 0.0 0.0 0.0 0.0
4896 1425.8837280273438 1174.215353012085 50.296597025631016 0.0 0.0 0.0 0.0 0.0 0.0 0.0
4904 1431.8739624023438 1189.1910610198975 51.397459122046584 0.0 0.0 0.0 0.0 0.0 0.0 0.0
4912 1434.8692016601562 1201.1715297698975 52.90014499672834 0.0 0.0 0.0 0.0 0.0 0.0 0.0
4920 1443.8545532226562 1219.14235496521 53.13917139074563 0.0 0.0 0.0 0.0 0.0 0.0 0.0
4928 1446.8496704101562 1234.1180629730225 55.06938085899701 0.0 0.0 0.0 0.0 0.0 0.0 0.0
4936 1449.8447875976562 1252.088888168335 57.311607285913894 0.0 0.0 0.0 0.0 0.0 0.0 0.0
4944 1455.8350219726562 1267.064474105835 57.5525601042978 0.0 0.0 0.0 0.0 0.0 0.0 0.0
4953 1458.8302612304688 1285.0352993011475 59.46278639800276 0.0 0.0 0.0 0.0 0.0 0.0 0.0
4960 1461.8253784179688 1300.01100730896 60.665822239845184 0.0 0.0 0.0 0.0 0.0 0.0 0.0
4969 1461.8253784179688 1314.98659324646 62.98298719129163 0.0 0.0 0.0 0.0 0.0 0.0 0.0
4976 1461.8253784179688 1329.9623012542725 65.04349573126329 0.0 0.0 0.0 0.0 0.0 0.0 0.0
4982 1461.8253784179688 1344.938009262085 66.8738163460548 0.0 0.0 0.0 0.0 0.0 0.0 0.0
4990 1461.8253784179688 1356.918478012085 68.20330780836765 0.0 0.0 0.0 0.0 0.0 0.0 0.0
4998 1464.8204956054688 1374.8893032073975 68.6690507843994 0.0 0.0 0.0 0.0 0.0 0.0 0.0
5006 1464.8204956054688 1392.86012840271 70.33700822645112 0.0 0.0 0.0 0.0 0.0 0.0 0.0
5014 1464.8204956054688 1404.84059715271 71.34544998294665 0.0 0.0 0.0 0.0 0.0 0.0 0.0
5022 1464.8204956054688 1419.8163051605225 72.46246247482615 0.0 0.0 0.0 0.0 0.0 0.0 0.0
5030 1464.8204956054688 1434.7918910980225 73.45191146563228 0.0 0.0 0.0 0.0 0.0 0.0 0.0
5038 1464.8204956054688 1449.767599105835 74.32810496898803 0.0 0.0 0.0 0.0 0.0 0.0 0.0
5046 1464.8204956054688 1461.7481899261475 74.96331977777645 0.0 0.0 0.0 0.0 0.0 0.0 0.0
5054 1464.8204956054688 1476.7237758636475 75.66623370617809 0.0 0.0 0.0 0.0 0.0 0.0 0.0
5060 1464.8204956054688 1488.70436668396 76.17569828054086 0.0 0.0 0.0 0.0 0.0 0.0 0.0
5069 1467.8156127929688 1500.68483543396 75.29222413543407 0.0 0.0 0.0 0.0 0.0 0.0 0.0
5076 1467.8156127929688 1515.6605434417725 75.95742756811204 0.0 0.0 0.0 0.0 0.0 0.0 0.0
5085 1467.8156127929688 1527.6410121917725 76.43955103721656 0.0 0.0 0.0 0.0 0.0 0.0 0.0
5092 1467.8156127929688 1539.621603012085 76.87631002265458 0.0 0.0 0.0 0.0 0.0 0.0 0.0
5101 1467.8156127929688 1545.611837387085 77.08388233298696 0.0 0.0 0.0 0.0 0.0 0.0 0.0
5108 1467.8156127929688 1557.5924282073975 77.4599753584228 0.0 0.0 0.0 0.0 0.0 0.0 0.0
5116 1467.8156127929688 1566.5777797698975 77.72160239101622 0.0 0.0 0.0 0.0 0.0 0.0 0.0
5124 1467.8156127929688 1575.56325340271 77.96429327486602 0.0 0.0 0.0 0.0 0.0 0.0 0.0
5132 1467.8156127929688 1581.55348777771 78.1181142236636 0.0 0.0 0.0 0.0 0.0 0.0 0.0
5140 1467.8156127929688 1587.54372215271 78.26434036103983 0.0 0.0 0.0 0.0 0.0 0.0 0.0
5146 1467.8156127929688 1590.53883934021 78.33558538909001 0.0 0.0 0.0 0.0 0.0 0.0 0.0
5154 1467.8156127929688 1593.53395652771 78.40501622856739 0.0 0.0 0.0 0.0 0.0 0.0 0.0
5162 1467.8156127929688 1596.52907371521 78.47271883452139 0.0 0.0 0.0 0.0 0.0 0.0 0.0
5210 1464.8204956054688 1596.52907371521 79.96476403809554 0.0 0.0 0.0 0.0 0.0 0.0 0.0
5220 1461.8253784179688 1596.52907371521 81.45705768949797 0.0 0.0 0.0 0.0 0.0 0.0 0.0
5233 1458.8302612304688 1596.52907371521 82.94856188136673 0.0 0.0 0.0 0.0 0.0 0.0 0.0
5477 1458.8302612304688 1596.52907371521 82.94856188136673 0.0 0.0 0.0 0.0 0.0 0.0 0.0
5484 1458.8302612304688 1596.52907371521 82.94856188136673 0.0 0.0 0.0 0.0 0.0 0.0 0.0
5490 1458.8302612304688 1596.52907371521 82.94856188136673 0.0 0.0 0.0 0.0 0.0 0.0 0.0
5498 1458.8302612304688 1596.52907371521 82.94856188136673 0.0 0.0 0.0 0.0 0.0 0.0 0.0
5506 1458.8302612304688 1596.52907371521 82.94856188136673 0.0 0.0 0.0 0.0 0.0 0.0 0.0
5514 1458.8302612304688 1596.52907371521 82.94856188136673 0.0 0.0 0.0 0.0 0.0 0.0 0.0
5522 1458.8302612304688 1596.52907371521 82.94856188136673 0.0 0.0 0.0 0.0 0.0 0.0 0.0
5530 1630.1194610595703 1356.0173110961914 86.08795013786118 0.0 0.0 0.0 0.0 0.0 0.0 0.0
5538 1636.1096954345703 1347.031837463379 90.70946091073438 0.0 0.0 0.0 0.0 0.0 0.0 0.0
5546 1636.1096954345703 1338.046485900879 92.10792873550406 0.0 0.0 0.0 0.0 0.0 0.0 0.0
5554 1639.1048126220703 1326.0658950805664 95.21860738334937 0.0 0.0 0.0 0.0 0.0 0.0 0.0
5562 1642.0999298095703 1320.0756607055664 97.45633220930546 0.0 0.0 0.0 0.0 0.0 0.0 0.0
5569 1642.0999298095703 1305.1000747680664 98.85260992920348 0.0 0.0 0.0 0.0 0.0 0.0 0.0
5576 1645.0950469970703 1296.114601135254 101.11719465928894 0.0 0.0 0.0 0.0 0.0 0.0 0.0
5585 1648.0902862548828 1287.129249572754 103.21081731036378 0.0 0.0 0.0 0.0 0.0 0.0 0.0
5592 1651.0854034423828 1275.1486587524414 105.23515491510653 0.0 0.0 0.0 0.0 0.0 0.0 0.0
5601 1654.0805206298828 1260.1730728149414 107.09583439027466 0.0 0.0 0.0 0.0 0.0 0.0 0.0
5608 1660.0707550048828 1245.197364807129 110.15364442193314 0.0 0.0 0.0 0.0 0.0 0.0 0.0
5616 1663.0658721923828 1230.2216567993164 111.40012231217116 0.0 0.0 0.0 0.0 0.0 0.0 0.0
5624 1666.0609893798828 1215.2460708618164 112.48988345340723 0.0 0.0 0.0 0.0 0.0 0.0 0.0
5632 1666.0609893798828 1200.270362854004 112.01831004646499 0.0 0.0 0.0 0.0 0.0 0.0 0.0
5640 1672.0513458251953 1182.2995376586914 114.31066855752613 0.0 0.0 0.0 0.0 0.0 0.0 0.0
5648 1675.0464630126953 1164.3288345336914 114.87986806892064 0.0 0.0 0.0 0.0 0.0 0.0 0.0
5654 1684.0318145751953 1146.358009338379 118.11110631085245 0.0 0.0 0.0 0.0 0.0 0.0 0.0
5662 1690.0220489501953 1128.3871841430664 119.48584821395474 0.0 0.0 0.0 0.0 0.0 0.0 0.0
5670 1696.0124053955078 1107.421241760254 120.37217281872339 0.0 0.0 0.0 0.0 0.0 0.0 0.0
5678 1704.9977569580078 1089.4504165649414 122.7465167209761 0.0 0.0 0.0 0.0 0.0 0.0 0.0
5686 1716.9783477783203 1065.489356994629 125.27952768254238 0.0 0.0 0.0 0.0 0.0 0.0 0.0
5694 1725.9636993408203 1044.5234146118164 126.45880793081247 0.0 0.0 0.0 0.0 0.0 0.0 0.0
5703 1737.9441680908203 1023.5574722290039 128.68967558161145 0.0 0.0 0.0 0.0 0.0 0.0 0.0
5710 1746.9296417236328 999.5964126586914 128.80151479489297 0.0 0.0 0.0 0.0 0.0 0.0 0.0
5718 1755.9149932861328 981.6256484985352 129.83786308106085 0.0 0.0 0.0 0.0 0.0 0.0 0.0
5726 1767.8955841064453 963.6548843383789 131.96809705889024 0.0 0.0 0.0 0.0 0.0 0.0 0.0
5732 1779.8760528564453 945.6840591430664 133.73928318550622 0.0 0.0 0.0 0.0 0.0 0.0 0.0
5740 1791.8566436767578 927.7132949829102 135.2110633506434 0.0 0.0 0.0 0.0 0.0 0.0 0.0
5748 1806.8322296142578 912.7375869750977 138.28132864169473 0.0 0.0 0.0 0.0 0.0 0.0 0.0
5756 1824.8030548095703 897.7619400024414 141.99084409156805 0.0 0.0 0.0 0.0 0.0 0.0 0.0
5764 1833.7885284423828 885.7814102172852 142.43741474004383 0.0 0.0 0.0 0.0 0.0 0.0 0.0
5772 1854.7543487548828 870.8057632446289 146.47322528071837 0.0 0.0 0.0 0.0 0.0 0.0 0.0
5780 1869.7300567626953 855.8301162719727 147.68371773102837 0.0 0.0 0.0 0.0 0.0 0.0 0.0
5788 1881.7106475830078 846.8447036743164 149.43597797409734 0.0 0.0 0.0 0.0 0.0 0.0 0.0
5796 1899.6813507080078 834.8641738891602 152.07243723105864 0.0 0.0 0.0 0.0 0.0 0.0 0.0
5804 1917.6521759033203 828.8738784790039 156.2734837740892 0.0 0.0 0.0 0.0 0.0 0.0 0.0
5812 1938.6181182861328 816.8933486938477 158.63272984825568 0.0 0.0 0.0 0.0 0.0 0.0 0.0
5819 1950.5987091064453 807.9079360961914 159.03177484913627 0.0 0.0 0.0 0.0 0.0 0.0 0.0
5826 1968.5694122314453 804.9128189086914 163.36775821140114 0.0 0.0 0.0 0.0 0.0 0.0 0.0
5834 1986.5402374267578 795.9274063110352 164.77175124915635 0.0 0.0 0.0 0.0 0.0 0.0 0.0
5842 2001.5159454345703 786.9420547485352 165.1945706151824 0.0 0.0 0.0 0.0 0.0 0.0 0.0
5851 2013.4964141845703 783.9468765258789 167.21319781261587 0.0 0.0 0.0 0.0 0.0 0.0 0.0
5858 2031.4672393798828 774.9615249633789 168.00293378847772 0.0 0.0 0.0 0.0 0.0 0.0 0.0
5866 2046.4429473876953 768.9712295532227 169.18350269983404 0.0 0.0 0.0 0.0 0.0 0.0 0.0
5874 2067.408889770508 762.9809951782227 171.5031299303365 0.0 0.0 0.0 0.0 0.0 0.0 0.0
5882 2082.384475708008 759.9858169555664 173.50147775540262 0.0 0.0 0.0 0.0 0.0 0.0 0.0
5890 2100.3553009033203 753.9955825805664 174.5331882074442 0.0 0.0 0.0 0.0 0.0 0.0 0.0
5896 2112.335891723633 751.0004043579102 175.59439133346314 0.0 0.0 0.0 0.0 0.0 0.0 0.0
5904 2130.306594848633 751.0004043579102 178.9117583252666 0.0 0.0 0.0 0.0 0.0 0.0 0.0
5912 2145.2823028564453 748.0052871704102 179.98496759492076 0.0 0.0 0.0 0.0 0.0 0.0 0.0
5920 2154.2676544189453 748.0052871704102 181.4382370995171 0.0 0.0 0.0 0.0 0.0 0.0 0.0
5928 2163.2530059814453 748.0052871704102 182.78148595502728 0.0 0.0 0.0 0.0 0.0 0.0 0.0
5936 2172.2386016845703 748.0052871704102 184.0224444290085 0.0 0.0 0.0 0.0 0.0 0.0 0.0
5944 2184.2190704345703 748.0052871704102 185.51233545428556 0.0 0.0 0.0 0.0 0.0 0.0 0.0
5952 2193.2044219970703 748.0052871704102 186.54369811547588 0.0 0.0 0.0 0.0 0.0 0.0 0.0
5960 2205.1848907470703 748.0052871704102 187.78079145737533 0.0 0.0 0.0 0.0 0.0 0.0 0.0
5968 2220.1607208251953 748.0052871704102 189.137127445602 0.0 0.0 0.0 0.0 0.0 0.0 0.0
5976 2232.1411895751953 748.0052871704102 190.11242487474522 0.0 0.0 0.0 0.0 0.0 0.0 0.0
5982 2250.1118927001953 751.0004043579102 192.7518816142815 0.0 0.0 0.0 0.0 0.0 0.0 0.0
5990 2271.0779571533203 751.0004043579102 193.74045323775084 0.0 0.0 0.0 0.0 0.0 0.0 0.0
5998 2292.0437774658203 759.9858169555664 198.65249922210103 0.0 0.0 0.0 0.0 0.0 0.0 0.0
6006 2316.0049591064453 765.9761123657227 201.31850075966207 0.0 0.0 0.0 0.0 0.0 0.0 0.0
6014 2336.9707794189453 771.9663467407227 203.59681453888385 0.0 0.0 0.0 0.0 0.0 0.0 0.0
6022 2348.9512481689453 771.9663467407227 203.09692610614928 0.0 0.0 0.0 0.0 0.0 0.0 0.0
6030 2363.9270782470703 777.9566421508789 205.38932547680298 0.0 0.0 0.0 0.0 0.0 0.0 0.0
6038 2378.9026641845703 783.9468765258789 207.38471339481475 0.0 0.0 0.0 0.0 0.0 0.0 0.0
6046 2390.8831329345703 789.9371719360352 209.38288903918198 0.0 0.0 0.0 0.0 0.0 0.0 0.0
6054 2405.8589630126953 795.9274063110352 210.85615211655482 0.0 0.0 0.0 0.0 0.0 0.0 0.0
6062 2420.8345489501953 804.9128189086914 213.505873933766 0.0 0.0 0.0 0.0 0.0 0.0 0.0
6069 2429.8199005126953 807.9079360961914 213.80599317484513 0.0 0.0 0.0 0.0 0.0 0.0 0.0
6076 2438.8052520751953 813.8982315063477 215.51475744079752 0.0 0.0 0.0 0.0 0.0 0.0 0.0
6084 2450.7859649658203 819.8884658813477 216.61321211376367 0.0 0.0 0.0 0.0 0.0 0.0 0.0
6092 2456.7761993408203 822.8836441040039 217.12991834902002 0.0 0.0 0.0 0.0 0.0 0.0 0.0
6101 2462.7664337158203 828.8738784790039 219.05528180397124 0.0 0.0 0.0 0.0 0.0 0.0 0.0
6108 2471.7517852783203 834.8641738891602 220.28933645841357 0.0 0.0 0.0 0.0 0.0 0.0 0.0
6116 2480.7371368408203 849.8398208618164 225.3880249548093 0.0 0.0 0.0 0.0 0.0 0.0 0.0
6124 2486.7273712158203 864.8154678344727 230.5984108185698 0.0 0.0 0.0 0.0 0.0 0.0 0.0
6132 2504.6983184814453 885.7814102172852 234.21265865709512 0.0 0.0 0.0 0.0 0.0 0.0 0.0
6140 2519.6739044189453 915.7327651977539 240.85152046846326 0.0 0.0 0.0 0.0 0.0 0.0 0.0
6148 2540.6397247314453 942.6889419555664 243.29284890550673 0.0 0.0 0.0 0.0 0.0 0.0 0.0
6154 2558.6106719970703 972.6402969360352 246.8807731562034 0.0 0.0 0.0 0.0 0.0 0.0 0.0
6162 2579.5764923095703 996.6012954711914 247.02912231273461 0.0 0.0 0.0 0.0 0.0 0.0 0.0
6171 2597.5474395751953 1026.5527114868164 249.69410532107796 0.0 0.0 0.0 0.0 0.0 0.0 0.0
6178 2612.5230255126953 1053.508888244629 251.94686458313993 0.0 0.0 0.0 0.0 0.0 0.0 0.0
6186 2630.4937286376953 1086.4552993774414 254.08723241338348 0.0 0.0 0.0 0.0 0.0 0.0 0.0
6194 2645.4695587158203 1116.406593322754 256.02958545412446 0.0 0.0 0.0 0.0 0.0 0.0 0.0
6203 2654.4549102783203 1143.362892150879 259.04470139138255 0.0 0.0 0.0 0.0 0.0 0.0 0.0
6210 2666.4353790283203 1173.3141860961914 260.887183210523 0.0 0.0 0.0 0.0 0.0 0.0 0.0
6219 2675.4207305908203 1200.270362854004 262.8790967829232 0.0 0.0 0.0 0.0 0.0 0.0 0.0
6226 2684.4063262939453 1221.2363052368164 263.3472352735725 0.0 0.0 0.0 0.0 0.0 0.0 0.0
6234 2693.3916778564453 1242.202247619629 263.732071634306 0.0 0.0 0.0 0.0 0.0 0.0 0.0
6240 2699.3819122314453 1260.1730728149414 264.7286955805604 0.0 0.0 0.0 0.0 0.0 0.0 0.0
6248 2705.3721466064453 1278.1437759399414 265.5736627456081 0.0 0.0 0.0 0.0 0.0 0.0 0.0
6256 2708.3672637939453 1296.114601135254 267.5806136808796 0.0 0.0 0.0 0.0 0.0 0.0 0.0
6264 2708.3672637939453 1308.0951919555664 269.7060779287318 0.0 0.0 0.0 0.0 0.0 0.0 0.0
6272 2708.3672637939453 1320.0756607055664 271.6237435082478 0.0 0.0 0.0 0.0 0.0 0.0 0.0
6280 2711.3623809814453 1335.051368713379 272.35478694025784 0.0 0.0 0.0 0.0 0.0 0.0 0.0
6288 2711.3623809814453 1347.031837463379 274.01080096842367 0.0 0.0 0.0 0.0 0.0 0.0 0.0
6296 2714.3574981689453 1365.0026626586914 274.78273494860736 0.0 0.0 0.0 0.0 0.0 0.0 0.0
6304 2714.3574981689453 1379.978370666504 276.50697997880235 0.0 0.0 0.0 0.0 0.0 0.0 0.0
6312 2720.3477325439453 1400.9443130493164 275.8636791432373 0.0 0.0 0.0 0.0 0.0 0.0 0.0
6319 2723.3428497314453 1421.910255432129 276.6529874823489 0.0 0.0 0.0 0.0 0.0 0.0 0.0
6326 2723.3428497314453 1439.880958557129 278.40408088833317 0.0 0.0 0.0 0.0 0.0 0.0 0.0
6335 2726.3379669189453 1451.8615493774414 278.0117080311279 0.0 0.0 0.0 0.0 0.0 0.0 0.0
6342 2726.3379669189453 1463.8420181274414 279.1008399636325 0.0 0.0 0.0 0.0 0.0 0.0 0.0
6351 2726.3379669189453 1469.832374572754 279.61634612766824 0.0 0.0 0.0 0.0 0.0 0.0 0.0
6358 2726.3379669189453 1475.822608947754 280.1043724368702 0.0 0.0 0.0 0.0 0.0 0.0 0.0
6366 2726.3379669189453 1481.812843322754 280.56645344538003 0.0 0.0 0.0 0.0 0.0 0.0 0.0
6374 2726.3379669189453 1484.807960510254 280.7911974434103 0.0 0.0 0.0 0.0 0.0 0.0 0.0
6382 2726.3379669189453 1493.7934341430664 281.41267650908503 0.0 0.0 0.0 0.0 0.0 0.0 0.0
6390 2726.3379669189453 1499.7836685180664 281.804829337133 0.0 0.0 0.0 0.0 0.0 0.0 0.0
6396 2726.3379669189453 1508.7690200805664 282.34695633415043 0.0 0.0 0.0 0.0 0.0 0.0 0.0
6404 2726.3379669189453 1514.759376525879 282.6889605725935 0.0 0.0 0.0 0.0 0.0 0.0 0.0
6412 2726.3379669189453 1520.749610900879 283.01272341859476 0.0 0.0 0.0 0.0 0.0 0.0 0.0
6420 2726.3379669189453 1523.744728088379 283.1701281982556 0.0 0.0 0.0 0.0 0.0 0.0 0.0
6428 2726.3379669189453 1529.734962463379 283.4680765984828 0.0 0.0 0.0 0.0 0.0 0.0 0.0