0 2000.0 1500.0 0 0.0 0.0 0.0 0.0 0.0 0.0 0.0
19 2000.0 1500.0 0 0.0 0.0 0.0 0.0 0.0 0.0 0.0
36 2000.0 1500.0 0 0.0 0.0 0.0 0.0 0.0 0.0 0.0
53 2000.0 1500.0 0 0.0 0.0 0.0 0.0 0.0 0.0 0.0
69 2000.0 1389.4737548828125 356.82854383697986 0.0 0.0 0.0 0.0 0.0 0.0 0.0
86 2000.0 1284.2105712890625 354.918052923425 0.0 0.0 0.0 0.0 0.0 0.0 0.0
103 2000.0 1184.2105712890625 353.7489718843941 0.0 0.0 0.0 0.0 0.0 0.0 0.0
120 2000.0 1073.6842041015625 352.9468379494113 0.0 0.0 0.0 0.0 0.0 0.0 0.0
136 2015.7894287109375 942.1052856445312 355.28495760739867 0.0 0.0 0.0 0.0 0.0 0.0 0.0
153 2042.1053466796875 847.3684692382812 359.4606125483093 0.0 0.0 0.0 0.0 0.0 0.0 0.0
169 2068.4210205078125 805.26318359375 4.598780555198289 0.0 0.0 0.0 0.0 0.0 0.0 0.0
186 2089.4737548828125 800.0 10.387529000640768 0.0 0.0 0.0 0.0 0.0 0.0 0.0
203 2110.5262451171875 852.631591796875 25.36096501018504 0.0 0.0 0.0 0.0 0.0 0.0 0.0
219 2115.7894287109375 1010.5263061523438 85.6740339185551 0.0 0.0 0.0 0.0 0.0 0.0 0.0
236 2115.7894287109375 1205.26318359375 130.62415288723992 0.0 0.0 0.0 0.0 0.0 0.0 0.0
253 2099.9998779296875 1447.368408203125 156.42900776560396 0.0 0.0 0.0 0.0 0.0 0.0 0.0
270 2084.2105712890625 1715.78955078125 167.54736041495528 0.0 0.0 0.0 0.0 0.0 0.0 0.0
287 2063.1578369140625 1973.6842041015625 172.70101013831567 0.0 0.0 0.0 0.0 0.0 0.0 0.0
303 2036.8421630859375 2178.9473876953125 176.0303177510829 0.0 0.0 0.0 0.0 0.0 0.0 0.0
319 2010.5263671875 2273.6842041015625 179.9445043229075 0.0 0.0 0.0 0.0 0.0 0.0 0.0
336 1989.4736328125 2300.0001220703125 184.5812549495675 0.0 0.0 0.0 0.0 0.0 0.0 0.0
353 1978.9473876953125 2300.0001220703125 187.78576841029383 0.0 0.0 0.0 0.0 0.0 0.0 0.0
369 1963.1578369140625 2194.73681640625 215.62741154730762 0.0 0.0 0.0 0.0 0.0 0.0 0.0
386 1963.1578369140625 1968.4210205078125 299.0749294669833 0.0 0.0 0.0 0.0 0.0 0.0 0.0
403 1978.9473876953125 1705.26318359375 332.7240892646901 0.0 0.0 0.0 0.0 0.0 0.0 0.0
419 2015.7894287109375 1447.368408203125 348.7283924986491 0.0 0.0 0.0 0.0 0.0 0.0 0.0
436 2052.6314697265625 1252.631591796875 355.8503841745377 0.0 0.0 0.0 0.0 0.0 0.0 0.0
453 2084.2105712890625 1131.5789794921875 0.10197563117372965 0.0 0.0 0.0 0.0 0.0 0.0 0.0
469 2099.9998779296875 1073.6842041015625 1.791317188713336 0.0 0.0 0.0 0.0 0.0 0.0 0.0
486 2105.2630615234375 1063.1578979492188 2.782438780742339 0.0 0.0 0.0 0.0 0.0 0.0 0.0
503 2110.5262451171875 1068.4210815429688 4.785682884817561 0.0 0.0 0.0 0.0 0.0 0.0 0.0
519 2099.9998779296875 1205.26318359375 29.573796292280363 0.0 0.0 0.0 0.0 0.0 0.0 0.0
537 2068.4210205078125 1368.4210205078125 96.07924425477549 0.0 0.0 0.0 0.0 0.0 0.0 0.0
553 2036.8421630859375 1552.631591796875 139.584877155893 0.0 0.0 0.0 0.0 0.0 0.0 0.0
569 2015.7894287109375 1752.631591796875 159.66062098604579 0.0 0.0 0.0 0.0 0.0 0.0 0.0
586 2005.26318359375 1921.0526123046875 167.1642778099565 0.0 0.0 0.0 0.0 0.0 0.0 0.0
603 2000.0 2021.0526123046875 169.82933159632535 0.0 0.0 0.0 0.0 0.0 0.0 0.0
619 1994.73681640625 2057.894775390625 171.52005355506628 0.0 0.0 0.0 0.0 0.0 0.0 0.0
653 1989.4736328125 1963.157958984375 174.8920578633135 0.0 0.0 0.0 0.0 0.0 0.0 0.0
669 1989.4736328125 1721.0526123046875 342.1492284695438 0.0 0.0 0.0 0.0 0.0 0.0 0.0
686 1989.4736328125 1436.8421630859375 347.94770600736376 0.0 0.0 0.0 0.0 0.0 0.0 0.0
703 1989.4736328125 1157.894775390625 350.1841770375701 0.0 0.0 0.0 0.0 0.0 0.0 0.0
719 2026.3157958984375 963.1578979492188 356.5446275512753 0.0 0.0 0.0 0.0 0.0 0.0 0.0
737 2063.1578369140625 894.7368774414062 3.518711774800323 0.0 0.0 0.0 0.0 0.0 0.0 0.0
753 2105.2630615234375 884.2105712890625 14.57096560211454 0.0 0.0 0.0 0.0 0.0 0.0 0.0
769 2163.1578369140625 894.7368774414062 31.07940168887665 0.0 0.0 0.0 0.0 0.0 0.0 0.0
786 2226.3157958984375 973.6842041015625 62.803374751276266 0.0 0.0 0.0 0.0 0.0 0.0 0.0
803 2278.9473876953125 1142.1052856445312 107.81472828177428 0.0 0.0 0.0 0.0 0.0 0.0 0.0
819 2310.5262451171875 1378.9473876953125 140.15311969214844 0.0 0.0 0.0 0.0 0.0 0.0 0.0
836 2326.3157958984375 1594.73681640625 155.04405711081534 0.0 0.0 0.0 0.0 0.0 0.0 0.0
853 2326.3157958984375 1721.0526123046875 161.85582481829712 0.0 0.0 0.0 0.0 0.0 0.0 0.0
869 2315.7894287109375 1784.2105712890625 166.85272814598102 0.0 0.0 0.0 0.0 0.0 0.0 0.0
886 2294.7369384765625 1815.78955078125 173.25015726844418 0.0 0.0 0.0 0.0 0.0 0.0 0.0
903 2268.4210205078125 1815.78955078125 181.49169472082264 0.0 0.0 0.0 0.0 0.0 0.0 0.0
919 2231.5789794921875 1773.6842041015625 198.11801169213544 0.0 0.0 0.0 0.0 0.0 0.0 0.0
936 2194.7369384765625 1610.5263671875 262.2517072980583 0.0 0.0 0.0 0.0 0.0 0.0 0.0
953 2157.8946533203125 1389.4737548828125 307.32291174410744 0.0 0.0 0.0 0.0 0.0 0.0 0.0
970 2126.3157958984375 1173.6842041015625 327.05101364664796 0.0 0.0 0.0 0.0 0.0 0.0 0.0
986 2115.7894287109375 1047.3684692382812 335.2003249833355 0.0 0.0 0.0 0.0 0.0 0.0 0.0
1003 2110.5262451171875 1000.0 337.30030310267614 0.0 0.0 0.0 0.0 0.0 0.0 0.0
1019 2110.5262451171875 989.4736938476562 338.0817288897898 0.0 0.0 0.0 0.0 0.0 0.0 0.0
1036 2110.5262451171875 1010.5263061523438 336.3201214177075 0.0 0.0 0.0 0.0 0.0 0.0 0.0
1053 2110.5262451171875 1184.2105712890625 262.5521897762097 0.0 0.0 0.0 0.0 0.0 0.0 0.0
1069 2110.5262451171875 1421.0526123046875 209.3396978538729 0.0 0.0 0.0 0.0 0.0 0.0 0.0
1092 2121.0526123046875 1715.78955078125 184.51145304935937 0.0 0.0 0.0 0.0 0.0 0.0 0.0
1103 2147.3685302734375 1984.2105712890625 173.4363646104435 0.0 0.0 0.0 0.0 0.0 0.0 0.0
1119 2152.6314697265625 2121.0526123046875 171.71087463636002 0.0 0.0 0.0 0.0 0.0 0.0 0.0
1137 2152.6314697265625 2173.6842041015625 171.69359926687125 0.0 0.0 0.0 0.0 0.0 0.0 0.0
1153 2142.1053466796875 2178.9473876953125 174.92840105998556 0.0 0.0 0.0 0.0 0.0 0.0 0.0
1169 2094.7369384765625 2057.894775390625 215.77519959067584 0.0 0.0 0.0 0.0 0.0 0.0 0.0
1187 2063.1578369140625 1800.0 300.7481221701824 0.0 0.0 0.0 0.0 0.0 0.0 0.0
1204 2042.1053466796875 1463.157958984375 331.942341884322 0.0 0.0 0.0 0.0 0.0 0.0 0.0
1219 2042.1053466796875 1178.9473876953125 343.99663471942705 0.0 0.0 0.0 0.0 0.0 0.0 0.0
1236 2052.6314697265625 1063.1578979492188 349.0119754640852 0.0 0.0 0.0 0.0 0.0 0.0 0.0
1253 2068.4210205078125 1031.5789794921875 353.6617610484713 0.0 0.0 0.0 0.0 0.0 0.0 0.0
1269 2084.2105712890625 1031.5789794921875 358.6324953449258 0.0 0.0 0.0 0.0 0.0 0.0 0.0
1286 2094.7369384765625 1063.1578979492188 4.047515361005608 0.0 0.0 0.0 0.0 0.0 0.0 0.0
1303 2094.7369384765625 1210.5263671875 44.65637863578751 0.0 0.0 0.0 0.0 0.0 0.0 0.0
1319 2068.4210205078125 1405.26318359375 117.65968436451828 0.0 0.0 0.0 0.0 0.0 0.0 0.0
1336 2047.3685302734375 1636.8421630859375 151.30218639944968 0.0 0.0 0.0 0.0 0.0 0.0 0.0
1353 2036.8421630859375 1852.631591796875 163.9031624998389 0.0 0.0 0.0 0.0 0.0 0.0 0.0
1369 2026.3157958984375 1926.3157958984375 168.50981461069762 0.0 0.0 0.0 0.0 0.0 0.0 0.0
1386 2026.3157958984375 1921.0526123046875 168.4162344733976 0.0 0.0 0.0 0.0 0.0 0.0 0.0
1403 2036.8421630859375 1626.3157958984375 1.9024035027433968 0.0 0.0 0.0 0.0 0.0 0.0 0.0
1419 2089.4737548828125 1273.6842041015625 0.7218988721927673 0.0 0.0 0.0 0.0 0.0 0.0 0.0
1436 2115.7894287109375 1036.8421020507812 359.1598443184049 0.0 0.0 0.0 0.0 0.0 0.0 0.0
1453 2121.0526123046875 910.5263061523438 357.0456081487136 0.0 0.0 0.0 0.0 0.0 0.0 0.0
1469 2121.0526123046875 873.6842041015625 356.1305912111019 0.0 0.0 0.0 0.0 0.0 0.0 0.0
1486 2126.3157958984375 873.6842041015625 357.7884477112236 0.0 0.0 0.0 0.0 0.0 0.0 0.0
1503 2126.3157958984375 1057.894775390625 94.36521032341147 0.0 0.0 0.0 0.0 0.0 0.0 0.0
1519 2115.7894287109375 1321.0526123046875 142.9338779269167 0.0 0.0 0.0 0.0 0.0 0.0 0.0
1536 2110.5262451171875 1621.0526123046875 161.54643066480836 0.0 0.0 0.0 0.0 0.0 0.0 0.0