0 2056.16357421875 1724.654052734375 308.53669917977595 0.0 0.0 0.0 0.0 0.0 0.0 0.0
5 2056.16357421875 1724.654052734375 308.53669917977595 0.0 0.0 0.0 0.0 0.0 0.0 0.0
70 2056.16357421875 1724.654052734375 308.53669917977595 0.0 0.0 0.0 0.0 0.0 0.0 0.0
88 2056.16357421875 1724.654052734375 308.53669917977595 0.0 0.0 0.0 0.0 0.0 0.0 0.0
105 2056.16357421875 1724.654052734375 308.53669917977595 0.0 0.0 0.0 0.0 0.0 0.0 0.0
124 2056.16357421875 1724.654052734375 308.53669917977595 0.0 0.0 0.0 0.0 0.0 0.0 0.0
149 2056.16357421875 1724.654052734375 308.53669917977595 0.0 0.0 0.0 0.0 0.0 0.0 0.0
155 2056.16357421875 1724.654052734375 308.53669917977595 0.0 0.0 0.0 0.0 0.0 0.0 0.0
173 1955.8969802856445 1393.1996459960938 307.3431080355669 0.0 0.0 0.0 0.0 0.0 0.0 0.0
189 1952.5932693481445 1284.1763305664062 308.14359221319705 0.0 0.0 0.0 0.0 0.0 0.0 0.0
206 1945.9856033325195 1089.255859375 308.60831782704105 0.0 0.0 0.0 0.0 0.0 0.0 0.0
223 1942.682014465332 910.85400390625 309.2925378249557 0.0 0.0 0.0 0.0 0.0 0.0 0.0
240 1936.0744705200195 722.541015625 309.0423189670581 0.0 0.0 0.0 0.0 0.0 0.0 0.0
257 1932.7707595825195 587.0877685546875 309.2588568059762 0.0 0.0 0.0 0.0 0.0 0.0 0.0
274 1926.163215637207 441.72332763671875 308.74623361654227 0.0 0.0 0.0 0.0 0.0 0.0 0.0
290 1919.555793762207 369.04107666015625 307.6711582035901 0.0 0.0 0.0 0.0 0.0 0.0 0.0
307 1903.0371170043945 296.35887145996094 304.26291006325863 0.0 0.0 0.0 0.0 0.0 0.0 0.0
324 1896.429573059082 266.62522888183594 303.17612642577825 0.0 0.0 0.0 0.0 0.0 0.0 0.0
340 1889.822151184082 246.8028106689453 301.74486752585267 0.0 0.0 0.0 0.0 0.0 0.0 0.0
357 1886.518440246582 240.19532775878906 300.85385757484534 0.0 0.0 0.0 0.0 0.0 0.0 0.0
373 1879.9108963012695 240.19532775878906 298.1235529764024 0.0 0.0 0.0 0.0 0.0 0.0 0.0
390 1879.9108963012695 253.4102783203125 296.75882519611525 0.0 0.0 0.0 0.0 0.0 0.0 0.0
406 1879.9108963012695 279.8401794433594 293.3954569390341 0.0 0.0 0.0 0.0 0.0 0.0 0.0
423 1876.6071853637695 375.6485595703125 257.9827631696112 0.0 0.0 0.0 0.0 0.0 0.0 0.0
440 1869.9997634887695 527.6204833984375 189.30854581703755 0.0 0.0 0.0 0.0 0.0 0.0 0.0
457 1863.392219543457 719.2372436523438 155.78436031722777 0.0 0.0 0.0 0.0 0.0 0.0 0.0
473 1860.088508605957 877.816650390625 142.97048683476606 0.0 0.0 0.0 0.0 0.0 0.0 0.0
491 1860.088508605957 1056.2184448242188 136.08704645966975 0.0 0.0 0.0 0.0 0.0 0.0 0.0
507 1860.088508605957 1201.5829467773438 133.38602122800825 0.0 0.0 0.0 0.0 0.0 0.0 0.0
524 1860.088508605957 1267.6576538085938 132.56121589251921 0.0 0.0 0.0 0.0 0.0 0.0 0.0
541 1860.088508605957 1300.6950073242188 132.2297368416402 0.0 0.0 0.0 0.0 0.0 0.0 0.0
557 1863.392219543457 1333.7323608398438 130.83867837359207 0.0 0.0 0.0 0.0 0.0 0.0 0.0
573 1866.6960525512695 1353.5548706054688 129.6228088156858 0.0 0.0 0.0 0.0 0.0 0.0 0.0
591 1869.9997634887695 1360.1622924804688 128.34818348056723 0.0 0.0 0.0 0.0 0.0 0.0 0.0
607 1869.9997634887695 1366.7697143554688 128.465686846567 0.0 0.0 0.0 0.0 0.0 0.0 0.0
624 1869.9997634887695 1370.0735473632812 128.523052104601 0.0 0.0 0.0 0.0 0.0 0.0 0.0
640 1869.9997634887695 1373.3772583007812 128.57901261222838 0.0 0.0 0.0 0.0 0.0 0.0 0.0
940 1869.9997634887695 1370.0735473632812 128.5216291522275 0.0 0.0 0.0 0.0 0.0 0.0 0.0
957 1876.6071853637695 1363.4660034179688 125.47104803250862 0.0 0.0 0.0 0.0 0.0 0.0 0.0
975 1893.125862121582 1330.4286499023438 114.81789943308634 0.0 0.0 0.0 0.0 0.0 0.0 0.0
991 1932.7707595825195 1241.2277221679688 68.78125430935098 0.0 0.0 0.0 0.0 0.0 0.0 0.0