0 2000.0 1500.0 0 0.0 0.0 0.0 0.0 0.0 0.0 0.0
86 2000.0 1500.0 0 0.0 0.0 0.0 0.0 0.0 0.0 0.0
104 2000.0 1500.0 0 0.0 0.0 0.0 0.0 0.0 0.0 0.0
123 2012.658203125 1436.7088623046875 14.894442272705362 0.0 0.0 0.0 0.0 0.0 0.0 0.0
139 2025.31640625 1360.759521484375 25.799590617219167 0.0 0.0 0.0 0.0 0.0 0.0 0.0
153 2037.974609375 1284.8101806640625 32.74423511587679 0.0 0.0 0.0 0.0 0.0 0.0 0.0
165 2050.6329345703125 1208.86083984375 37.14252627434462 0.0 0.0 0.0 0.0 0.0 0.0 0.0
180 2063.2911376953125 1132.911376953125 39.92202311132314 0.0 0.0 0.0 0.0 0.0 0.0 0.0
196 2088.6075439453125 1069.6203002929688 45.73484023538623 0.0 0.0 0.0 0.0 0.0 0.0 0.0
210 2126.5821533203125 1018.9873657226562 54.215766697700474 0.0 0.0 0.0 0.0 0.0 0.0 0.0
228 2151.8988037109375 981.0126953125 57.98191273864484 0.0 0.0 0.0 0.0 0.0 0.0 0.0
244 2189.8734130859375 943.0380249023438 64.3738204502813 0.0 0.0 0.0 0.0 0.0 0.0 0.0
258 2227.8480224609375 905.0633544921875 68.94555324657841 0.0 0.0 0.0 0.0 0.0 0.0 0.0
275 2278.4810791015625 879.7468872070312 77.76212597240516 0.0 0.0 0.0 0.0 0.0 0.0 0.0
291 2329.1138916015625 867.088623046875 87.07629575564692 0.0 0.0 0.0 0.0 0.0 0.0 0.0
307 2367.0885009765625 854.430419921875 91.63236315911018 0.0 0.0 0.0 0.0 0.0 0.0 0.0
325 2405.0633544921875 854.430419921875 98.96101698596715 0.0 0.0 0.0 0.0 0.0 0.0 0.0
339 2443.0379638671875 854.430419921875 104.74824129339103 0.0 0.0 0.0 0.0 0.0 0.0 0.0
358 2481.0125732421875 854.430419921875 109.28737398428078 0.0 0.0 0.0 0.0 0.0 0.0 0.0
373 2518.9874267578125 854.430419921875 112.83291857245513 0.0 0.0 0.0 0.0 0.0 0.0 0.0
391 2556.9620361328125 854.430419921875 115.59542901115032 0.0 0.0 0.0 0.0 0.0 0.0 0.0
405 2607.5948486328125 867.088623046875 122.2502165429876 0.0 0.0 0.0 0.0 0.0 0.0 0.0
423 2632.9112548828125 879.7468872070312 127.35020789041789 0.0 0.0 0.0 0.0 0.0 0.0 0.0
455 2708.8607177734375 955.6962280273438 146.49997677282244 0.0 0.0 0.0 0.0 0.0 0.0 0.0
471 2734.1771240234375 1006.3291625976562 158.83937936161462 0.0 0.0 0.0 0.0 0.0 0.0 0.0
486 2746.8353271484375 1044.3038330078125 167.41228816517255 0.0 0.0 0.0 0.0 0.0 0.0 0.0
500 2746.8353271484375 1094.936767578125 180.16769904687004 0.0 0.0 0.0 0.0 0.0 0.0 0.0
516 2759.4935302734375 1145.5697021484375 186.08990302022886 0.0 0.0 0.0 0.0 0.0 0.0 0.0
531 2759.4935302734375 1183.5443115234375 192.48678477053147 0.0 0.0 0.0 0.0 0.0 0.0 0.0
548 2772.1519775390625 1234.17724609375 194.95145397727066 0.0 0.0 0.0 0.0 0.0 0.0 0.0
565 2772.1519775390625 1272.1519775390625 199.4463888378697 0.0 0.0 0.0 0.0 0.0 0.0 0.0
580 2772.1519775390625 1322.7847900390625 203.80809845621337 0.0 0.0 0.0 0.0 0.0 0.0 0.0
594 2772.1519775390625 1373.417724609375 206.96967781744584 0.0 0.0 0.0 0.0 0.0 0.0 0.0
612 2772.1519775390625 1411.3924560546875 208.81286937335523 0.0 0.0 0.0 0.0 0.0 0.0 0.0
631 2784.8101806640625 1462.025390625 206.6489457367224 0.0 0.0 0.0 0.0 0.0 0.0 0.0
644 2784.8101806640625 1500.0 208.5636047242121 0.0 0.0 0.0 0.0 0.0 0.0 0.0
658 2784.8101806640625 1525.3165283203125 209.63508044578657 0.0 0.0 0.0 0.0 0.0 0.0 0.0
674 2784.8101806640625 1550.6329345703125 210.53440475217172 0.0 0.0 0.0 0.0 0.0 0.0 0.0
691 2784.8101806640625 1575.9493408203125 211.28904386472786 0.0 0.0 0.0 0.0 0.0 0.0 0.0
706 2784.8101806640625 1588.607666015625 211.6333664146867 0.0 0.0 0.0 0.0 0.0 0.0 0.0
740 2784.8101806640625 1601.265869140625 211.94746038382544 0.0 0.0 0.0 0.0 0.0 0.0 0.0
1252 2784.8101806640625 1588.607666015625 211.59995221068777 0.0 0.0 0.0 0.0 0.0 0.0 0.0
1272 2784.8101806640625 1563.2911376953125 210.74004357439068 0.0 0.0 0.0 0.0 0.0 0.0 0.0
1287 2784.8101806640625 1525.3165283203125 208.9304934893029 0.0 0.0 0.0 0.0 0.0 0.0 0.0
1300 2784.8101806640625 1462.025390625 203.17691798410567 0.0 0.0 0.0 0.0 0.0 0.0 0.0
1316 2784.8101806640625 1398.7342529296875 192.46605399683796 0.0 0.0 0.0 0.0 0.0 0.0 0.0
1332 2784.8101806640625 1335.443115234375 174.00845893835344 0.0 0.0 0.0 0.0 0.0 0.0 0.0
1349 2797.4683837890625 1259.49365234375 138.31397362606464 0.0 0.0 0.0 0.0 0.0 0.0 0.0
1370 2797.4683837890625 1183.5443115234375 105.44704142764428 0.0 0.0 0.0 0.0 0.0 0.0 0.0
1381 2810.1265869140625 1107.594970703125 83.80047749062277 0.0 0.0 0.0 0.0 0.0 0.0 0.0
1396 2822.7847900390625 1006.3291625976562 65.81946657743595 0.0 0.0 0.0 0.0 0.0 0.0 0.0
1415 2848.1011962890625 955.6962280273438 64.60618686104357 0.0 0.0 0.0 0.0 0.0 0.0 0.0
1431 2860.7593994140625 892.4050903320312 58.68298681119393 0.0 0.0 0.0 0.0 0.0 0.0 0.0
1445 2886.0758056640625 841.7721557617188 59.61463143097296 0.0 0.0 0.0 0.0 0.0 0.0 0.0
1458 2911.3924560546875 816.4557495117188 63.975485069315255 0.0 0.0 0.0 0.0 0.0 0.0 0.0
1474 2936.7088623046875 791.1392822265625 67.42609985185686 0.0 0.0 0.0 0.0 0.0 0.0 0.0
1490 2962.0252685546875 778.4810180664062 72.80291767700629 0.0 0.0 0.0 0.0 0.0 0.0 0.0
1507 2999.9998779296875 765.8228149414062 80.52937224529114 0.0 0.0 0.0 0.0 0.0 0.0 0.0
1524 3025.3165283203125 765.8228149414062 87.3117684697562 0.0 0.0 0.0 0.0 0.0 0.0 0.0
1539 3050.6329345703125 765.8228149414062 93.16669930559789 0.0 0.0 0.0 0.0 0.0 0.0 0.0
1558 3075.9493408203125 765.8228149414062 98.17973638571118 0.0 0.0 0.0 0.0 0.0 0.0 0.0
1572 3113.9239501953125 765.8228149414062 104.13356729083964 0.0 0.0 0.0 0.0 0.0 0.0 0.0
1590 3139.2406005859375 765.8228149414062 107.48927635548628 0.0 0.0 0.0 0.0 0.0 0.0 0.0
1605 3177.2152099609375 778.4810180664062 115.684234121988 0.0 0.0 0.0 0.0 0.0 0.0 0.0
1623 3202.5316162109375 803.7974853515625 126.5109901494732 0.0 0.0 0.0 0.0 0.0 0.0 0.0
1638 3227.8480224609375 841.7721557617188 139.83685032742693 0.0 0.0 0.0 0.0 0.0 0.0 0.0
1655 3253.1644287109375 892.4050903320312 153.987835458935 0.0 0.0 0.0 0.0 0.0 0.0 0.0
1670 3265.8228759765625 955.6962280273438 169.89757493216462 0.0 0.0 0.0 0.0 0.0 0.0 0.0
1683 3291.1392822265625 1018.9873657226562 177.87098821461052 0.0 0.0 0.0 0.0 0.0 0.0 0.0
1699 3303.7974853515625 1094.936767578125 188.0900149000971 0.0 0.0 0.0 0.0 0.0 0.0 0.0
1714 3329.1138916015625 1170.8861083984375 191.37446745294113 0.0 0.0 0.0 0.0 0.0 0.0 0.0
1732 3329.1138916015625 1234.17724609375 199.05984634487726 0.0 0.0 0.0 0.0 0.0 0.0 0.0
1750 3341.7720947265625 1297.4683837890625 200.65384993663065 0.0 0.0 0.0 0.0 0.0 0.0 0.0
1764 3354.4302978515625 1360.759521484375 201.72388584496719 0.0 0.0 0.0 0.0 0.0 0.0 0.0
1780 3354.4302978515625 1424.0506591796875 206.09408954962794 0.0 0.0 0.0 0.0 0.0 0.0 0.0
1799 3367.0885009765625 1474.68359375 204.7003004814029 0.0 0.0 0.0 0.0 0.0 0.0 0.0
1814 3367.0885009765625 1525.3165283203125 207.61560161043647 0.0 0.0 0.0 0.0 0.0 0.0 0.0
1827 3367.0885009765625 1563.2911376953125 209.31487633558135 0.0 0.0 0.0 0.0 0.0 0.0 0.0
1842 3367.0885009765625 1588.607666015625 210.26565167816858 0.0 0.0 0.0 0.0 0.0 0.0 0.0
1861 3367.0885009765625 1601.265869140625 210.69943420547935 0.0 0.0 0.0 0.0 0.0 0.0 0.0
1890 3367.0885009765625 1613.924072265625 211.09526248582785 0.0 0.0 0.0 0.0 0.0 0.0 0.0
2372 3367.0885009765625 1601.265869140625 210.657480617823 0.0 0.0 0.0 0.0 0.0 0.0 0.0
2390 3367.0885009765625 1563.2911376953125 208.81487432782106 0.0 0.0 0.0 0.0 0.0 0.0 0.0
2406 3367.0885009765625 1525.3165283203125 206.2343176203139 0.0 0.0 0.0 0.0 0.0 0.0 0.0
2421 3367.0885009765625 1462.025390625 198.10504560856037 0.0 0.0 0.0 0.0 0.0 0.0 0.0
2436 3367.0885009765625 1386.075927734375 177.39569631829815 0.0 0.0 0.0 0.0 0.0 0.0 0.0
2455 3341.7720947265625 1310.1265869140625 152.08096885259175 0.0 0.0 0.0 0.0 0.0 0.0 0.0
2470 3316.4556884765625 1259.49365234375 130.71923128766096 0.0 0.0 0.0 0.0 0.0 0.0 0.0
2483 3278.4810791015625 1196.2025146484375 96.6677684076684 0.0 0.0 0.0 0.0 0.0 0.0 0.0
2500 3240.5062255859375 1132.911376953125 66.83452348760716 0.0 0.0 0.0 0.0 0.0 0.0 0.0
2521 3202.5316162109375 1082.2785034179688 46.02256257645513 0.0 0.0 0.0 0.0 0.0 0.0 0.0
2538 3164.5570068359375 1031.6456298828125 30.99639222917739 0.0 0.0 0.0 0.0 0.0 0.0 0.0
2553 3139.2406005859375 1006.3291625976562 22.620038832875707 0.0 0.0 0.0 0.0 0.0 0.0 0.0
2567 3101.2657470703125 981.0126953125 11.77877475163433 0.0 0.0 0.0 0.0 0.0 0.0 0.0
2582 3075.9493408203125 955.6962280273438 7.219481770784 0.0 0.0 0.0 0.0 0.0 0.0 0.0
2596 3050.6329345703125 943.0380249023438 1.1663756877538276 0.0 0.0 0.0 0.0 0.0 0.0 0.0
2612 3025.3165283203125 943.0380249023438 352.9838606031115 0.0 0.0 0.0 0.0 0.0 0.0 0.0
2626 2999.9998779296875 943.0380249023438 345.8000452094799 0.0 0.0 0.0 0.0 0.0 0.0 0.0
2642 2987.3416748046875 943.0380249023438 342.46506415452757 0.0 0.0 0.0 0.0 0.0 0.0 0.0
2658 2962.0252685546875 943.0380249023438 336.7030505056816 0.0 0.0 0.0 0.0 0.0 0.0 0.0
2674 2949.3670654296875 943.0380249023438 334.04666176080707 0.0 0.0 0.0 0.0 0.0 0.0 0.0
2690 2936.7088623046875 955.6962280273438 326.8773112403305 0.0 0.0 0.0 0.0 0.0 0.0 0.0
2709 2911.3924560546875 993.6708984375 309.33555340616715 0.0 0.0 0.0 0.0 0.0 0.0 0.0
2722 2898.7342529296875 1031.6456298828125 294.0172335270962 0.0 0.0 0.0 0.0 0.0 0.0 0.0
2741 2886.0758056640625 1082.2785034179688 276.9690114147607 0.0 0.0 0.0 0.0 0.0 0.0 0.0
2755 2873.4176025390625 1145.5697021484375 260.904444995969 0.0 0.0 0.0 0.0 0.0 0.0 0.0
2774 2860.7593994140625 1196.2025146484375 252.066154348851 0.0 0.0 0.0 0.0 0.0 0.0 0.0
2788 2848.1011962890625 1259.49365234375 243.7314680139583 0.0 0.0 0.0 0.0 0.0 0.0 0.0
2807 2848.1011962890625 1322.7847900390625 234.5687159746202 0.0 0.0 0.0 0.0 0.0 0.0 0.0
2821 2848.1011962890625 1386.075927734375 228.31623430412333 0.0 0.0 0.0 0.0 0.0 0.0 0.0
2837 2848.1011962890625 1449.3670654296875 224.07346368451908 0.0 0.0 0.0 0.0 0.0 0.0 0.0
2849 2848.1011962890625 1500.0 221.6173580983291 0.0 0.0 0.0 0.0 0.0 0.0 0.0
2866 2848.1011962890625 1537.9747314453125 220.18628628918492 0.0 0.0 0.0 0.0 0.0 0.0 0.0
2884 2848.1011962890625 1563.2911376953125 219.38571281303166 0.0 0.0 0.0 0.0 0.0 0.0 0.0
2915 2848.1011962890625 1575.9493408203125 219.02049017928098 0.0 0.0 0.0 0.0 0.0 0.0 0.0
2981 2848.1011962890625 1550.6329345703125 219.92433036900152 0.0 0.0 0.0 0.0 0.0 0.0 0.0
2995 2835.4429931640625 1512.658203125 229.33744643539842 0.0 0.0 0.0 0.0 0.0 0.0 0.0
3009 2810.1265869140625 1436.7088623046875 263.1909146925576 0.0 0.0 0.0 0.0 0.0 0.0 0.0
3026 2784.8101806640625 1360.759521484375 299.55020527876695 0.0 0.0 0.0 0.0 0.0 0.0 0.0
3043 2746.8353271484375 1259.49365234375 332.78894492129325 0.0 0.0 0.0 0.0 0.0 0.0 0.0
3059 2708.8607177734375 1183.5443115234375 346.72253015938145 0.0 0.0 0.0 0.0 0.0 0.0 0.0
3074 2658.2279052734375 1132.911376953125 347.9534080131358 0.0 0.0 0.0 0.0 0.0 0.0 0.0
3091 2620.2530517578125 1082.2785034179688 351.3227769371821 0.0 0.0 0.0 0.0 0.0 0.0 0.0
3108 2582.2784423828125 1044.3038330078125 351.0026350139219 0.0 0.0 0.0 0.0 0.0 0.0 0.0
3125 2544.3038330078125 1018.9873657226562 347.8982588138432 0.0 0.0 0.0 0.0 0.0 0.0 0.0
3139 2506.3289794921875 993.6708984375 345.58784066880156 0.0 0.0 0.0 0.0 0.0 0.0 0.0
3157 2455.6961669921875 981.0126953125 338.1965972346473 0.0 0.0 0.0 0.0 0.0 0.0 0.0
3172 2405.0633544921875 968.3544921875 332.85092555678466 0.0 0.0 0.0 0.0 0.0 0.0 0.0
3190 2341.7720947265625 955.6962280273438 327.49897773816656 0.0 0.0 0.0 0.0 0.0 0.0 0.0
3206 2291.1392822265625 955.6962280273438 321.3621984026175 0.0 0.0 0.0 0.0 0.0 0.0 0.0
3221 2240.5062255859375 955.6962280273438 316.89810431437263 0.0 0.0 0.0 0.0 0.0 0.0 0.0
3237 2202.5316162109375 955.6962280273438 314.2916851674629 0.0 0.0 0.0 0.0 0.0 0.0 0.0
3249 2164.5570068359375 993.6708984375 299.37153113457634 0.0 0.0 0.0 0.0 0.0 0.0 0.0
3266 2126.5821533203125 1056.9620361328125 280.80400719275826 0.0 0.0 0.0 0.0 0.0 0.0 0.0
3283 2088.6075439453125 1120.253173828125 268.51031872850496 0.0 0.0 0.0 0.0 0.0 0.0 0.0
3300 2063.2911376953125 1196.2025146484375 255.45951959192726 0.0 0.0 0.0 0.0 0.0 0.0 0.0
3315 2025.31640625 1272.1519775390625 250.10480680987806 0.0 0.0 0.0 0.0 0.0 0.0 0.0
3331 2012.658203125 1348.101318359375 240.77636458892061 0.0 0.0 0.0 0.0 0.0 0.0 0.0
3345 2000.0 1411.3924560546875 236.1011033870736 0.0 0.0 0.0 0.0 0.0 0.0 0.0
3363 1987.341796875 1474.68359375 232.95572975750085 0.0 0.0 0.0 0.0 0.0 0.0 0.0
3381 1974.6834716796875 1512.658203125 233.11817685124254 0.0 0.0 0.0 0.0 0.0 0.0 0.0
3393 1974.6834716796875 1563.2911376953125 228.17345107736026 0.0 0.0 0.0 0.0 0.0 0.0 0.0
3409 1974.6834716796875 1588.607666015625 226.09466614953004 0.0 0.0 0.0 0.0 0.0 0.0 0.0
3441 1974.6834716796875 1601.265869140625 225.14518988166367 0.0 0.0 0.0 0.0 0.0 0.0 0.0
3491 1974.6834716796875 1563.2911376953125 229.1169766428094 0.0 0.0 0.0 0.0 0.0 0.0 0.0
3507 1974.6834716796875 1487.341796875 246.58545914861276 0.0 0.0 0.0 0.0 0.0 0.0 0.0
3524 1974.6834716796875 1398.7342529296875 286.0393307934687 0.0 0.0 0.0 0.0 0.0 0.0 0.0
3539 1974.6834716796875 1297.4683837890625 330.21632352485017 0.0 0.0 0.0 0.0 0.0 0.0 0.0
3557 1974.6834716796875 1196.2025146484375 357.95927994209796 0.0 0.0 0.0 0.0 0.0 0.0 0.0
3572 1974.6834716796875 1094.936767578125 14.066824282928678 0.0 0.0 0.0 0.0 0.0 0.0 0.0
3589 1949.3670654296875 1018.9873657226562 15.093525397017686 0.0 0.0 0.0 0.0 0.0 0.0 0.0
3605 1911.392333984375 943.0380249023438 12.569297108020919 0.0 0.0 0.0 0.0 0.0 0.0 0.0
3621 1860.759521484375 892.4050903320312 4.73565639092385 0.0 0.0 0.0 0.0 0.0 0.0 0.0
3637 1822.7847900390625 854.430419921875 0.5438505244063094 0.0 0.0 0.0 0.0 0.0 0.0 0.0
3649 1772.15185546875 816.4557495117188 354.57794821169546 0.0 0.0 0.0 0.0 0.0 0.0 0.0
3671 1734.17724609375 778.4810180664062 353.3152963086988 0.0 0.0 0.0 0.0 0.0 0.0 0.0
3683 1683.5443115234375 753.1646118164062 346.88512971058685 0.0 0.0 0.0 0.0 0.0 0.0 0.0
3699 1632.911376953125 740.50634765625 339.138678452096 0.0 0.0 0.0 0.0 0.0 0.0 0.0
3714 1582.2784423828125 727.84814453125 333.5304257428803 0.0 0.0 0.0 0.0 0.0 0.0 0.0
3730 1518.9873046875 727.84814453125 324.4309359848639 0.0 0.0 0.0 0.0 0.0 0.0 0.0
3747 1443.0379638671875 727.84814453125 317.4261739698283 0.0 0.0 0.0 0.0 0.0 0.0 0.0
3765 1367.088623046875 753.1646118164062 305.92702718151156 0.0 0.0 0.0 0.0 0.0 0.0 0.0
3779 1316.4556884765625 803.7974853515625 290.1739543954317 0.0 0.0 0.0 0.0 0.0 0.0 0.0
3798 1265.82275390625 867.088623046875 276.4875610648254 0.0 0.0 0.0 0.0 0.0 0.0 0.0
3812 1215.1898193359375 968.3544921875 260.48581753477004 0.0 0.0 0.0 0.0 0.0 0.0 0.0
3826 1164.556884765625 1069.6203002929688 251.84619682044263 0.0 0.0 0.0 0.0 0.0 0.0 0.0
3841 1139.240478515625 1158.2279052734375 243.35103029862398 0.0 0.0 0.0 0.0 0.0 0.0 0.0
3857 1101.2657470703125 1246.83544921875 241.2656621410452 0.0 0.0 0.0 0.0 0.0 0.0 0.0
3873 1063.2911376953125 1335.443115234375 240.0613919530578 0.0 0.0 0.0 0.0 0.0 0.0 0.0
3899 1037.9746704101562 1398.7342529296875 239.0238473657737 0.0 0.0 0.0 0.0 0.0 0.0 0.0
3909 1012.658203125 1462.025390625 238.3401161423547 0.0 0.0 0.0 0.0 0.0 0.0 0.0
3922 1000.0 1500.0 237.2479649204111 0.0 0.0 0.0 0.0 0.0 0.0 0.0
3943 987.3417358398438 1525.3165283203125 238.04969770108002 0.0 0.0 0.0 0.0 0.0 0.0 0.0
4019 987.3417358398438 1487.341796875 246.71383607321138 0.0 0.0 0.0 0.0 0.0 0.0 0.0
4037 987.3417358398438 1424.0506591796875 269.7575697384656 0.0 0.0 0.0 0.0 0.0 0.0 0.0
4050 987.3417358398438 1348.101318359375 304.97477393274085 0.0 0.0 0.0 0.0 0.0 0.0 0.0
4071 987.3417358398438 1259.49365234375 338.9829105715097 0.0 0.0 0.0 0.0 0.0 0.0 0.0
4083 987.3417358398438 1158.2279052734375 3.10714733229986 0.0 0.0 0.0 0.0 0.0 0.0 0.0
4100 987.3417358398438 1069.6203002929688 15.940458603184993 0.0 0.0 0.0 0.0 0.0 0.0 0.0
4121 962.0252685546875 993.6708984375 16.258849444942427 0.0 0.0 0.0 0.0 0.0 0.0 0.0
4136 911.3923950195312 930.3797607421875 8.775382776182653 0.0 0.0 0.0 0.0 0.0 0.0 0.0
4150 873.417724609375 879.7468872070312 5.395151509633479 0.0 0.0 0.0 0.0 0.0 0.0 0.0
4163 822.7847900390625 829.1139526367188 0.061560069717359056 0.0 0.0 0.0 0.0 0.0 0.0 0.0
4177 784.8101196289062 791.1392822265625 357.2143574546988 0.0 0.0 0.0 0.0 0.0 0.0 0.0
4195 746.8353881835938 778.4810180664062 349.5781185498446 0.0 0.0 0.0 0.0 0.0 0.0 0.0
4211 708.8607177734375 778.4810180664062 340.08923867230874 0.0 0.0 0.0 0.0 0.0 0.0 0.0
4225 645.569580078125 778.4810180664062 328.94117063189645 0.0 0.0 0.0 0.0 0.0 0.0 0.0
4241 594.9367065429688 778.4810180664062 322.414455981926 0.0 0.0 0.0 0.0 0.0 0.0 0.0
4257 518.9873046875 778.4810180664062 316.1407788166389 0.0 0.0 0.0 0.0 0.0 0.0 0.0
4273 455.6961669921875 816.4557495117188 301.35076424164254 0.0 0.0 0.0 0.0 0.0 0.0 0.0
4289 405.0632629394531 879.7468872070312 283.5902265652636 0.0 0.0 0.0 0.0 0.0 0.0 0.0
4309 367.0885925292969 943.0380249023438 270.3337495870353 0.0 0.0 0.0 0.0 0.0 0.0 0.0
4322 341.7721252441406 1031.6456298828125 254.34504280506388 0.0 0.0 0.0 0.0 0.0 0.0 0.0
4341 329.1138916015625 1107.594970703125 243.48324515084954 0.0 0.0 0.0 0.0 0.0 0.0 0.0
4355 316.45567321777344 1170.8861083984375 237.92536522657872 0.0 0.0 0.0 0.0 0.0 0.0 0.0
4373 303.7974395751953 1234.17724609375 234.18234078695644 0.0 0.0 0.0 0.0 0.0 0.0 0.0
4388 303.7974395751953 1297.4683837890625 228.0535557464397 0.0 0.0 0.0 0.0 0.0 0.0 0.0
4405 303.7974395751953 1348.101318359375 224.49868187919776 0.0 0.0 0.0 0.0 0.0 0.0 0.0
4421 303.7974395751953 1373.417724609375 223.00598292835917 0.0 0.0 0.0 0.0 0.0 0.0 0.0
4437 303.7974395751953 1398.7342529296875 221.75241883513723 0.0 0.0 0.0 0.0 0.0 0.0 0.0
4450 303.7974395751953 1411.3924560546875 221.18034976485274 0.0 0.0 0.0 0.0 0.0 0.0 0.0
4483 303.7974395751953 1424.0506591796875 220.65820325376237 0.0 0.0 0.0 0.0 0.0 0.0 0.0