0 2000.0 1500.0 0 0.0 0.0 0.0 0.0 0.0 0.0 0.0
36 2000.0 1500.0 0 0.0 0.0 0.0 0.0 0.0 0.0 0.0
45 2000.0 1500.0 0 0.0 0.0 0.0 0.0 0.0 0.0 0.0
57 2000.0 1500.0 0 0.0 0.0 0.0 0.0 0.0 0.0 0.0
73 2000.0 1500.0 0 0.0 0.0 0.0 0.0 0.0 0.0 0.0
90 2000.0 1500.0 0 0.0 0.0 0.0 0.0 0.0 0.0 0.0
107 2000.0 1500.0 0 0.0 0.0 0.0 0.0 0.0 0.0 0.0
123 2014.95361328125 1491.0279541015625 1.0103846811006605 0.0 0.0 0.0 0.0 0.0 0.0 0.0
140 2041.869873046875 1479.065185546875 3.638890300577131 0.0 0.0 0.0 0.0 0.0 0.0 0.0
159 2101.683837890625 1470.093017578125 12.036492935293992 0.0 0.0 0.0 0.0 0.0 0.0 0.0
174 2149.53515625 1464.1116943359375 17.394511220752058 0.0 0.0 0.0 0.0 0.0 0.0 0.0
191 2182.432861328125 1464.1116943359375 21.69470740546783 0.0 0.0 0.0 0.0 0.0 0.0 0.0
208 2194.3955078125 1464.1116943359375 23.13748030936454 0.0 0.0 0.0 0.0 0.0 0.0 0.0
277 2197.38623046875 1464.1116943359375 23.490763423667765 0.0 0.0 0.0 0.0 0.0 0.0 0.0
291 2185.42333984375 1464.1116943359375 21.949381414000477 0.0 0.0 0.0 0.0 0.0 0.0 0.0
308 2128.60009765625 1464.1116943359375 10.067797434552027 0.0 0.0 0.0 0.0 0.0 0.0 0.0
324 2062.8046875 1464.1116943359375 347.9119760409241 0.0 0.0 0.0 0.0 0.0 0.0 0.0
341 2035.888427734375 1470.093017578125 339.3325627347955 0.0 0.0 0.0 0.0 0.0 0.0 0.0
358 2026.916259765625 1470.093017578125 335.97259695275625 0.0 0.0 0.0 0.0 0.0 0.0 0.0
483 2026.916259765625 1467.102294921875 335.4371373954204 0.0 0.0 0.0 0.0 0.0 0.0 0.0
491 2035.888427734375 1464.1116943359375 338.1437278105079 0.0 0.0 0.0 0.0 0.0 0.0 0.0
508 2053.83251953125 1464.1116943359375 344.3246205447038 0.0 0.0 0.0 0.0 0.0 0.0 0.0
526 2065.79541015625 1461.1209716796875 347.5170203921155 0.0 0.0 0.0 0.0 0.0 0.0 0.0
579 2053.83251953125 1461.1209716796875 343.3536941007165 0.0 0.0 0.0 0.0 0.0 0.0 0.0
590 2032.897705078125 1461.1209716796875 335.4595645583848 0.0 0.0 0.0 0.0 0.0 0.0 0.0
608 1979.065185546875 1467.102294921875 312.5753489797216 0.0 0.0 0.0 0.0 0.0 0.0 0.0
624 1934.20458984375 1470.093017578125 293.95003485366806 0.0 0.0 0.0 0.0 0.0 0.0 0.0
641 1907.288330078125 1470.093017578125 283.8352036351187 0.0 0.0 0.0 0.0 0.0 0.0 0.0
658 1895.325439453125 1473.083740234375 278.91908465236895 0.0 0.0 0.0 0.0 0.0 0.0 0.0
741 1901.306884765625 1473.083740234375 281.10087802929695 0.0 0.0 0.0 0.0 0.0 0.0 0.0
757 1931.2138671875 1473.083740234375 293.1067842943929 0.0 0.0 0.0 0.0 0.0 0.0 0.0
775 1955.139404296875 1473.083740234375 303.04698757813355 0.0 0.0 0.0 0.0 0.0 0.0 0.0
793 2053.83251953125 1473.083740234375 340.9820960434365 0.0 0.0 0.0 0.0 0.0 0.0 0.0
809 2104.674560546875 1473.083740234375 355.8805766727868 0.0 0.0 0.0 0.0 0.0 0.0 0.0
824 2110.656005859375 1473.083740234375 357.56074834485526 0.0 0.0 0.0 0.0 0.0 0.0 0.0
847 2113.646728515625 1476.074462890625 359.31719889886745 0.0 0.0 0.0 0.0 0.0 0.0 0.0
859 2107.665283203125 1482.055908203125 359.6015817928515 0.0 0.0 0.0 0.0 0.0 0.0 0.0
874 2065.79541015625 1491.0279541015625 348.1217921085497 0.0 0.0 0.0 0.0 0.0 0.0 0.0
891 2014.95361328125 1497.0093994140625 328.44632471198804 0.0 0.0 0.0 0.0 0.0 0.0 0.0
908 1907.288330078125 1497.0093994140625 283.8244684095316 0.0 0.0 0.0 0.0 0.0 0.0 0.0
925 1796.63232421875 1497.0093994140625 255.76557258325863 0.0 0.0 0.0 0.0 0.0 0.0 0.0
941 1727.84619140625 1497.0093994140625 244.01353509793034 0.0 0.0 0.0 0.0 0.0 0.0 0.0
957 1715.8834228515625 1497.0093994140625 242.1339585967545 0.0 0.0 0.0 0.0 0.0 0.0 0.0
1013 1742.7996826171875 1497.0093994140625 247.28380209151203 0.0 0.0 0.0 0.0 0.0 0.0 0.0
1023 1787.6602783203125 1491.0279541015625 261.73760568312025 0.0 0.0 0.0 0.0 0.0 0.0 0.0
1040 1907.288330078125 1491.0279541015625 320.4815065249963 0.0 0.0 0.0 0.0 0.0 0.0 0.0
1057 2080.7490234375 1491.0279541015625 5.703713349112007 0.0 0.0 0.0 0.0 0.0 0.0 0.0
1075 2230.283935546875 1505.9814453125 26.61139508072595 0.0 0.0 0.0 0.0 0.0 0.0 0.0
1091 2281.1259765625 1514.95361328125 32.92814722000448 0.0 0.0 0.0 0.0 0.0 0.0 0.0
1129 2245.237548828125 1514.95361328125 30.45717879395594 0.0 0.0 0.0 0.0 0.0 0.0 0.0
1141 2203.36767578125 1514.95361328125 26.3465275511117 0.0 0.0 0.0 0.0 0.0 0.0 0.0
1158 2083.73974609375 1514.95361328125 333.4696837436983 0.0 0.0 0.0 0.0 0.0 0.0 0.0
1174 1949.158203125 1514.95361328125 277.6868610071471 0.0 0.0 0.0 0.0 0.0 0.0 0.0
1193 1841.492919921875 1514.95361328125 252.67594183426843 0.0 0.0 0.0 0.0 0.0 0.0 0.0
1208 1835.511474609375 1514.95361328125 251.37783801221155 0.0 0.0 0.0 0.0 0.0 0.0 0.0
1245 1850.4649658203125 1514.95361328125 254.94986855378068 0.0 0.0 0.0 0.0 0.0 0.0 0.0
1257 1895.325439453125 1514.95361328125 269.2577728802913 0.0 0.0 0.0 0.0 0.0 0.0 0.0
1273 1985.04638671875 1514.95361328125 309.9565220291154 0.0 0.0 0.0 0.0 0.0 0.0 0.0
1292 2098.693115234375 1514.95361328125 349.51825432407367 0.0 0.0 0.0 0.0 0.0 0.0 0.0
1308 2182.432861328125 1514.95361328125 8.20550639196454 0.0 0.0 0.0 0.0 0.0 0.0 0.0
1324 2209.34912109375 1514.95361328125 13.251637458033564 0.0 0.0 0.0 0.0 0.0 0.0 0.0
1347 2206.3583984375 1514.95361328125 12.68061162534304 0.0 0.0 0.0 0.0 0.0 0.0 0.0
1358 2143.5537109375 1514.95361328125 353.28199321562096 0.0 0.0 0.0 0.0 0.0 0.0 0.0
1374 1838.502197265625 1497.0093994140625 249.2380564599864 0.0 0.0 0.0 0.0 0.0 0.0 0.0
1391 1566.348388671875 1455.1395263671875 235.52191960433044 0.0 0.0 0.0 0.0 0.0 0.0 0.0
1411 1365.971435546875 1428.2232666015625 230.81993657776388 0.0 0.0 0.0 0.0 0.0 0.0 0.0
1425 1359.989990234375 1428.2232666015625 230.37033512824718 0.0 0.0 0.0 0.0 0.0 0.0 0.0
1441 1359.989990234375 1434.20458984375 227.90266204826548 0.0 0.0 0.0 0.0 0.0 0.0 0.0
1458 1440.739013671875 1470.093017578125 203.04068534049222 0.0 0.0 0.0 0.0 0.0 0.0 0.0
1474 1620.1810302734375 1508.97216796875 98.77043719133556 0.0 0.0 0.0 0.0 0.0 0.0 0.0
1491 1781.6788330078125 1526.9163818359375 70.19983560239208 0.0 0.0 0.0 0.0 0.0 0.0 0.0
1510 2263.181640625 1580.7490234375 51.55861815590307 0.0 0.0 0.0 0.0 0.0 0.0 0.0
1525 2403.74462890625 1580.7490234375 45.70284275579515 0.0 0.0 0.0 0.0 0.0 0.0 0.0
1541 2421.688720703125 1580.7490234375 45.04234115488483 0.0 0.0 0.0 0.0 0.0 0.0 0.0
1558 2415.70751953125 1571.77685546875 41.365322186415106 0.0 0.0 0.0 0.0 0.0 0.0 0.0
1576 2200.376953125 1535.888427734375 242.6744272361783 0.0 0.0 0.0 0.0 0.0 0.0 0.0
1591 1889.3441162109375 1500.0 231.45722624177756 0.0 0.0 0.0 0.0 0.0 0.0 0.0
1608 1587.2833251953125 1452.1488037109375 229.74380846456842 0.0 0.0 0.0 0.0 0.0 0.0 0.0
1626 1356.9993896484375 1419.2510986328125 228.71177985411708 0.0 0.0 0.0 0.0 0.0 0.0 0.0
1644 1303.166748046875 1416.2603759765625 227.14703493901027 0.0 0.0 0.0 0.0 0.0 0.0 0.0
1669 1312.1387939453125 1425.2325439453125 223.65654897485092 0.0 0.0 0.0 0.0 0.0 0.0 0.0
1679 1356.9993896484375 1434.20458984375 219.8918372676584 0.0 0.0 0.0 0.0 0.0 0.0 0.0
1691 1446.7203369140625 1449.1580810546875 202.41600854002013 0.0 0.0 0.0 0.0 0.0 0.0 0.0
1708 1703.920654296875 1485.0465087890625 71.52621388867419 0.0 0.0 0.0 0.0 0.0 0.0 0.0
1724 1964.111572265625 1502.99072265625 53.37552577000748 0.0 0.0 0.0 0.0 0.0 0.0 0.0
1746 2275.14453125 1511.962890625 45.220031842227705 0.0 0.0 0.0 0.0 0.0 0.0 0.0
1761 2337.94921875 1511.962890625 43.57565908545731 0.0 0.0 0.0 0.0 0.0 0.0 0.0
1774 2343.9306640625 1511.962890625 43.42556473313257 0.0 0.0 0.0 0.0 0.0 0.0 0.0
1791 2299.070068359375 1491.0279541015625 32.18559169882315 0.0 0.0 0.0 0.0 0.0 0.0 0.0
1808 2104.674560546875 1461.1209716796875 259.8656509158551 0.0 0.0 0.0 0.0 0.0 0.0 0.0
1824 1805.6044921875 1419.2510986328125 237.7974303687912 0.0 0.0 0.0 0.0 0.0 0.0 0.0
1842 1530.4599609375 1374.390625 232.05974894726313 0.0 0.0 0.0 0.0 0.0 0.0 0.0
1861 1401.85986328125 1356.4464111328125 230.04730536989786 0.0 0.0 0.0 0.0 0.0 0.0 0.0
1875 1356.9993896484375 1350.4649658203125 229.4332081407166 0.0 0.0 0.0 0.0 0.0 0.0 0.0
1901 1356.9993896484375 1353.4556884765625 228.2005556984717 0.0 0.0 0.0 0.0 0.0 0.0 0.0
1911 1395.87841796875 1359.4371337890625 227.99357498329175 0.0 0.0 0.0 0.0 0.0 0.0 0.0
1923 1491.5809326171875 1374.390625 225.95359155533674 0.0 0.0 0.0 0.0 0.0 0.0 0.0
1940 1730.8369140625 1407.288330078125 50.242037303270926 0.0 0.0 0.0 0.0 0.0 0.0 0.0
1957 2170.469970703125 1407.288330078125 42.41425589928243 0.0 0.0 0.0 0.0 0.0 0.0 0.0
1975 2346.92138671875 1407.288330078125 41.04159723160442 0.0 0.0 0.0 0.0 0.0 0.0 0.0
1992 2397.76318359375 1398.3162841796875 38.025204240692425 0.0 0.0 0.0 0.0 0.0 0.0 0.0
2008 2394.7724609375 1389.3441162109375 34.17951386626438 0.0 0.0 0.0 0.0 0.0 0.0 0.0
2024 2311.032958984375 1356.4464111328125 358.61695527521357 0.0 0.0 0.0 0.0 0.0 0.0 0.0
2040 2032.897705078125 1305.6044921875 259.0022748084177 0.0 0.0 0.0 0.0 0.0 0.0 0.0
2057 1751.7718505859375 1269.716064453125 237.49773799836726 0.0 0.0 0.0 0.0 0.0 0.0 0.0
2073 1503.543701171875 1230.8370361328125 231.922631777402 0.0 0.0 0.0 0.0 0.0 0.0 0.0
2091 1383.9156494140625 1221.8648681640625 228.35415590780894 0.0 0.0 0.0 0.0 0.0 0.0 0.0
2108 1339.05517578125 1221.8648681640625 226.2958242609967 0.0 0.0 0.0 0.0 0.0 0.0 0.0
2123 1336.064453125 1221.8648681640625 226.16153141931943 0.0 0.0 0.0 0.0 0.0 0.0 0.0
2143 1354.0086669921875 1221.8648681640625 227.0872308577692 0.0 0.0 0.0 0.0 0.0 0.0 0.0
2157 1395.87841796875 1227.8463134765625 226.63717279892148 0.0 0.0 0.0 0.0 0.0 0.0 0.0
2173 1626.162353515625 1227.8463134765625 30.290090144123006 0.0 0.0 0.0 0.0 0.0 0.0 0.0
2190 1943.1767578125 1245.79052734375 39.313854483728626 0.0 0.0 0.0 0.0 0.0 0.0 0.0
2209 2215.33056640625 1263.7347412109375 42.25853876399989 0.0 0.0 0.0 0.0 0.0 0.0 0.0
2224 2352.902587890625 1275.697509765625 43.60220093323587 0.0 0.0 0.0 0.0 0.0 0.0 0.0
2240 2379.819091796875 1275.697509765625 43.00831720635171 0.0 0.0 0.0 0.0 0.0 0.0 0.0
2275 2343.9306640625 1275.697509765625 44.07884801096993 0.0 0.0 0.0 0.0 0.0 0.0 0.0
2290 2179.442138671875 1245.79052734375 256.31756855075116 0.0 0.0 0.0 0.0 0.0 0.0 0.0
2307 1895.325439453125 1212.892822265625 236.13148736634014 0.0 0.0 0.0 0.0 0.0 0.0 0.0
2323 1644.1065673828125 1168.0322265625 232.2094301928921 0.0 0.0 0.0 0.0 0.0 0.0 0.0
2345 1494.571533203125 1150.0880126953125 229.38980672112734 0.0 0.0 0.0 0.0 0.0 0.0 0.0
2358 1482.6087646484375 1150.0880126953125 228.63902369240884 0.0 0.0 0.0 0.0 0.0 0.0 0.0
2372 1479.6180419921875 1150.0880126953125 228.45526273331114 0.0 0.0 0.0 0.0 0.0 0.0 0.0
2404 1509.5250244140625 1150.0880126953125 230.79449457370333 0.0 0.0 0.0 0.0 0.0 0.0 0.0
2424 1626.162353515625 1150.0880126953125 274.35769375778057 0.0 0.0 0.0 0.0 0.0 0.0 0.0
2441 1892.3348388671875 1150.0880126953125 8.956293907057166 0.0 0.0 0.0 0.0 0.0 0.0 0.0
2498 2173.460693359375 1182.9857177734375 34.53184872084902 0.0 0.0 0.0 0.0 0.0 0.0 0.0
2501 2645.991455078125 1257.7532958984375 45.753953175361424 0.0 0.0 0.0 0.0 0.0 0.0 0.0
2526 2580.196044921875 1257.7532958984375 51.005057461719694 0.0 0.0 0.0 0.0 0.0 0.0 0.0
2540 2460.56787109375 1248.7811279296875 88.36034901615568 0.0 0.0 0.0 0.0 0.0 0.0 0.0
2559 2044.860595703125 1185.9764404296875 212.92863548436037 0.0 0.0 0.0 0.0 0.0 0.0 0.0
2575 1623.1717529296875 1126.1624755859375 224.37022363140198 0.0 0.0 0.0 0.0 0.0 0.0 0.0
2598 1485.5994873046875 1111.2089233398438 225.27506536226235 0.0 0.0 0.0 0.0 0.0 0.0 0.0
2610 1440.739013671875 1108.21826171875 224.90816427114004 0.0 0.0 0.0 0.0 0.0 0.0 0.0
2623 1380.9249267578125 1108.21826171875 223.41280271365792 0.0 0.0 0.0 0.0 0.0 0.0 0.0
2643 1377.9342041015625 1108.21826171875 223.3396472652172 0.0 0.0 0.0 0.0 0.0 0.0 0.0
2657 1536.44140625 1144.106689453125 92.70754782571646 0.0 0.0 0.0 0.0 0.0 0.0 0.0
2673 1682.9857177734375 1168.0322265625 70.10616739336689 0.0 0.0 0.0 0.0 0.0 0.0 0.0
2690 2032.897705078125 1224.8555908203125 55.00046817264283 0.0 0.0 0.0 0.0 0.0 0.0 0.0
2710 2538.326171875 1272.706787109375 47.4266886135975 0.0 0.0 0.0 0.0 0.0 0.0 0.0
2724 2780.572998046875 1278.688232421875 43.572837930453 0.0 0.0 0.0 0.0 0.0 0.0 0.0
2743 2846.368408203125 1284.6695556640625 44.08952587644729 0.0 0.0 0.0 0.0 0.0 0.0 0.0
2759 2849.359130859375 1284.6695556640625 44.00196236821112 0.0 0.0 0.0 0.0 0.0 0.0 0.0
2773 2768.610107421875 1284.6695556640625 49.684368724253524 0.0 0.0 0.0 0.0 0.0 0.0 0.0
2790 2493.465576171875 1245.79052734375 226.37736023776245 0.0 0.0 0.0 0.0 0.0 0.0 0.0
2807 2161.497802734375 1197.9393310546875 227.6511220058752 0.0 0.0 0.0 0.0 0.0 0.0 0.0
2823 1964.111572265625 1174.013671875 227.19687178205322 0.0 0.0 0.0 0.0 0.0 0.0 0.0
2840 1856.4464111328125 1153.0787353515625 228.87257454544255 0.0 0.0 0.0 0.0 0.0 0.0 0.0
2858 1688.9671630859375 1138.125244140625 226.78310149900176 0.0 0.0 0.0 0.0 0.0 0.0 0.0
2875 1662.05078125 1138.125244140625 225.6700462095584 0.0 0.0 0.0 0.0 0.0 0.0 0.0
2894 1671.02294921875 1153.0787353515625 219.39318748467127 0.0 0.0 0.0 0.0 0.0 0.0 0.0
2907 1712.8927001953125 1165.0416259765625 212.03042779664497 0.0 0.0 0.0 0.0 0.0 0.0 0.0
2922 1922.2418212890625 1230.8370361328125 89.21924150458534 0.0 0.0 0.0 0.0 0.0 0.0 0.0
2945 2400.75390625 1302.61376953125 57.1786858249583 0.0 0.0 0.0 0.0 0.0 0.0 0.0
2960 2562.251708984375 1320.5579833984375 51.29287973874502 0.0 0.0 0.0 0.0 0.0 0.0 0.0
2973 2840.386962890625 1347.474365234375 47.40974027945722 0.0 0.0 0.0 0.0 0.0 0.0 0.0
2992 2903.191650390625 1347.474365234375 45.0801775278258 0.0 0.0 0.0 0.0 0.0 0.0 0.0
3015 2813.470703125 1323.5487060546875 26.114957814847976 0.0 0.0 0.0 0.0 0.0 0.0 0.0
3023 2645.991455078125 1299.623046875 279.1816919237414 0.0 0.0 0.0 0.0 0.0 0.0 0.0
3040 2197.38623046875 1239.80908203125 238.90156246065158 0.0 0.0 0.0 0.0 0.0 0.0 0.0
3058 1700.929931640625 1168.0322265625 230.4959725135913 0.0 0.0 0.0 0.0 0.0 0.0 0.0
3074 1237.371337890625 1102.2368774414062 228.60516631802295 0.0 0.0 0.0 0.0 0.0 0.0 0.0
3090 941.2919921875 1066.3484497070312 227.42631273497437 0.0 0.0 0.0 0.0 0.0 0.0 0.0
3107 845.5894775390625 1066.3484497070312 224.36900085645726 0.0 0.0 0.0 0.0 0.0 0.0 0.0
3123 839.6080932617188 1069.339111328125 222.9939081000589 0.0 0.0 0.0 0.0 0.0 0.0 0.0
3145 938.30126953125 1129.1531982421875 166.34103122712472 0.0 0.0 0.0 0.0 0.0 0.0 0.0
3158 1228.399169921875 1200.929931640625 81.17631008495817 0.0 0.0 0.0 0.0 0.0 0.0 0.0
3172 1401.85986328125 1248.7811279296875 66.53649876751342 0.0 0.0 0.0 0.0 0.0 0.0 0.0
3192 1928.22314453125 1329.5301513671875 52.32885937716021 0.0 0.0 0.0 0.0 0.0 0.0 0.0
3211 2122.61865234375 1341.492919921875 47.14933046566302 0.0 0.0 0.0 0.0 0.0 0.0 0.0
3224 2155.516357421875 1341.492919921875 45.76604510968462 0.0 0.0 0.0 0.0 0.0 0.0 0.0
3257 2113.646728515625 1341.492919921875 48.28912025442299 0.0 0.0 0.0 0.0 0.0 0.0 0.0
3273 2020.934814453125 1338.502197265625 61.248648968182614 0.0 0.0 0.0 0.0 0.0 0.0 0.0
3290 1751.7718505859375 1287.6602783203125 220.34208907024527 0.0 0.0 0.0 0.0 0.0 0.0 0.0
3307 1428.776123046875 1251.7718505859375 224.53681434402506 0.0 0.0 0.0 0.0 0.0 0.0 0.0
3323 968.208251953125 1185.9764404296875 227.28802708358137 0.0 0.0 0.0 0.0 0.0 0.0 0.0
3347 893.4407348632812 1185.9764404296875 224.7132930937429 0.0 0.0 0.0 0.0 0.0 0.0 0.0
3361 887.4592895507812 1185.9764404296875 224.5159447495019 0.0 0.0 0.0 0.0 0.0 0.0 0.0
3373 893.4407348632812 1185.9764404296875 224.7222379578743 0.0 0.0 0.0 0.0 0.0 0.0 0.0
3390 989.1431884765625 1206.911376953125 207.00120504007293 0.0 0.0 0.0 0.0 0.0 0.0 0.0
3407 1198.4921875 1239.80908203125 80.24793237071347 0.0 0.0 0.0 0.0 0.0 0.0 0.0
3423 1479.6180419921875 1272.706787109375 57.48629884803069 0.0 0.0 0.0 0.0 0.0 0.0 0.0
3440 1784.6695556640625 1302.61376953125 49.25527985787921 0.0 0.0 0.0 0.0 0.0 0.0 0.0
3457 2023.925537109375 1302.61376953125 43.358427120071944 0.0 0.0 0.0 0.0 0.0 0.0 0.0
3475 2104.674560546875 1305.6044921875 42.89001464921713 0.0 0.0 0.0 0.0 0.0 0.0 0.0
3491 2110.656005859375 1305.6044921875 42.76846202703627 0.0 0.0 0.0 0.0 0.0 0.0 0.0
3507 2071.77685546875 1302.61376953125 42.135299831238676 0.0 0.0 0.0 0.0 0.0 0.0 0.0
3524 1766.725341796875 1266.725341796875 230.35149395893666 0.0 0.0 0.0 0.0 0.0 0.0 0.0
3544 1443.7296142578125 1218.8741455078125 228.97726719309446 0.0 0.0 0.0 0.0 0.0 0.0 0.0
3561 1117.7432861328125 1165.0416259765625 229.23922427984724 0.0 0.0 0.0 0.0 0.0 0.0 0.0
3573 902.412841796875 1162.0509033203125 224.06821282299484 0.0 0.0 0.0 0.0 0.0 0.0 0.0
3592 800.72900390625 1162.0509033203125 222.32727576595266 0.0 0.0 0.0 0.0 0.0 0.0 0.0
3608 782.7847900390625 1162.0509033203125 222.05550238264073 0.0 0.0 0.0 0.0 0.0 0.0 0.0
3623 785.7755126953125 1168.0322265625 219.5549946626328 0.0 0.0 0.0 0.0 0.0 0.0 0.0
3641 893.4407348632812 1188.9671630859375 183.7282973989731 0.0 0.0 0.0 0.0 0.0 0.0 0.0
3657 1183.5386962890625 1227.8463134765625 73.8394611287811 0.0 0.0 0.0 0.0 0.0 0.0 0.0
3672 1479.6180419921875 1263.7347412109375 55.31205217169869 0.0 0.0 0.0 0.0 0.0 0.0 0.0
3692 1793.6416015625 1281.678955078125 46.907573785798824 0.0 0.0 0.0 0.0 0.0 0.0 0.0
3707 1832.520751953125 1281.678955078125 45.381029573141994 0.0 0.0 0.0 0.0 0.0 0.0 0.0
3740 1802.61376953125 1278.688232421875 45.29692265981323 0.0 0.0 0.0 0.0 0.0 0.0 0.0
3757 1721.8648681640625 1269.716064453125 43.834708095512305 0.0 0.0 0.0 0.0 0.0 0.0 0.0
3773 1395.87841796875 1215.8834228515625 233.25784451265412 0.0 0.0 0.0 0.0 0.0 0.0 0.0
3790 1022.0408935546875 1159.0601806640625 229.85252959265642 0.0 0.0 0.0 0.0 0.0 0.0 0.0
3813 438.85418701171875 1078.3112182617188 228.23287853227362 0.0 0.0 0.0 0.0 0.0 0.0 0.0
3827 181.6539306640625 1045.4135131835938 227.59741886684333 0.0 0.0 0.0 0.0 0.0 0.0 0.0
3842 145.76551818847656 1039.43212890625 227.98138259545794 0.0 0.0 0.0 0.0 0.0 0.0 0.0
3856 133.80271911621094 1039.43212890625 227.34227746368413 0.0 0.0 0.0 0.0 0.0 0.0 0.0
3872 154.73760986328125 1039.43212890625 228.6592145267183 0.0 0.0 0.0 0.0 0.0 0.0 0.0
3889 340.16107177734375 1099.2461547851562 78.27715478746197 0.0 0.0 0.0 0.0 0.0 0.0 0.0
3907 654.1846313476562 1188.9671630859375 62.49595960998159 0.0 0.0 0.0 0.0 0.0 0.0 0.0
3924 1386.9063720703125 1308.59521484375 51.305130155867566 0.0 0.0 0.0 0.0 0.0 0.0 0.0
3943 1850.4649658203125 1371.39990234375 48.509057392580026 0.0 0.0 0.0 0.0 0.0 0.0 0.0
3959 2128.60009765625 1386.3533935546875 44.85354256592401 0.0 0.0 0.0 0.0 0.0 0.0 0.0
3974 2155.516357421875 1386.3533935546875 44.055262196895576 0.0 0.0 0.0 0.0 0.0 0.0 0.0
3990 2158.507080078125 1383.3626708984375 42.75082051700691 0.0 0.0 0.0 0.0 0.0 0.0 0.0
4011 2005.9814453125 1350.4649658203125 280.04560934617143 0.0 0.0 0.0 0.0 0.0 0.0 0.0
4027 1826.539306640625 1317.5672607421875 251.49125887099046 0.0 0.0 0.0 0.0 0.0 0.0 0.0
4040 1339.05517578125 1245.79052734375 233.33821004537754 0.0 0.0 0.0 0.0 0.0 0.0 0.0
4057 935.310546875 1203.920654296875 227.77503759606327 0.0 0.0 0.0 0.0 0.0 0.0 0.0
4074 561.4729614257812 1147.097412109375 228.39022186120644 0.0 0.0 0.0 0.0 0.0 0.0 0.0
4090 343.1517639160156 1132.143798828125 225.62670639587157 0.0 0.0 0.0 0.0 0.0 0.0 0.0
4107 337.1703796386719 1132.143798828125 225.3914449641178 0.0 0.0 0.0 0.0 0.0 0.0 0.0
4134 388.0122985839844 1147.097412109375 218.669782950245 0.0 0.0 0.0 0.0 0.0 0.0 0.0
4144 585.3985595703125 1197.9393310546875 82.0218415447454 0.0 0.0 0.0 0.0 0.0 0.0 0.0
4157 788.7661743164062 1221.8648681640625 60.77454311302845 0.0 0.0 0.0 0.0 0.0 0.0 0.0
4173 1267.2783203125 1293.6417236328125 51.21016065650273 0.0 0.0 0.0 0.0 0.0 0.0 0.0
4192 1922.2418212890625 1359.4371337890625 46.65826821186992 0.0 0.0 0.0 0.0 0.0 0.0 0.0
4212 2026.916259765625 1374.390625 47.285351517748744 0.0 0.0 0.0 0.0 0.0 0.0 0.0
4227 2062.8046875 1380.3720703125 47.73456227784616 0.0 0.0 0.0 0.0 0.0 0.0 0.0
4246 2014.95361328125 1380.3720703125 51.83432332810285 0.0 0.0 0.0 0.0 0.0 0.0 0.0
4257 1901.306884765625 1368.4091796875 77.81937247007886 0.0 0.0 0.0 0.0 0.0 0.0 0.0
4273 1635.134521484375 1332.520751953125 202.84708371234058 0.0 0.0 0.0 0.0 0.0 0.0 0.0
4289 1312.1387939453125 1290.6510009765625 220.14232417961233 0.0 0.0 0.0 0.0 0.0 0.0 0.0
4308 914.3756103515625 1233.82763671875 226.07352756974046 0.0 0.0 0.0 0.0 0.0 0.0 0.0
4323 576.4264526367188 1185.9764404296875 227.46821331611824 0.0 0.0 0.0 0.0 0.0 0.0 0.0
4340 453.80767822265625 1168.0322265625 227.86091928808287 0.0 0.0 0.0 0.0 0.0 0.0 0.0
4357 441.84490966796875 1168.0322265625 227.23138225836107 0.0 0.0 0.0 0.0 0.0 0.0 0.0
4376 459.78912353515625 1168.0322265625 228.31585747469694 0.0 0.0 0.0 0.0 0.0 0.0 0.0
4390 492.68682861328125 1171.02294921875 229.31001445692243 0.0 0.0 0.0 0.0 0.0 0.0 0.0
4411 839.6080932617188 1230.8370361328125 50.038345591076784 0.0 0.0 0.0 0.0 0.0 0.0 0.0
4427 1034.003662109375 1254.7625732421875 48.24645104702737 0.0 0.0 0.0 0.0 0.0 0.0 0.0
4440 1431.766845703125 1311.5859375 48.13839269532125 0.0 0.0 0.0 0.0 0.0 0.0 0.0
4459 1892.3348388671875 1377.38134765625 48.10982658345883 0.0 0.0 0.0 0.0 0.0 0.0 0.0
4474 1931.2138671875 1380.3720703125 47.28426769326533 0.0 0.0 0.0 0.0 0.0 0.0 0.0
4502 1880.3719482421875 1380.3720703125 51.5305157871835 0.0 0.0 0.0 0.0 0.0 0.0 0.0
4512 1742.7996826171875 1371.39990234375 138.4465534404385 0.0 0.0 0.0 0.0 0.0 0.0 0.0
4523 1614.1995849609375 1356.4464111328125 180.83766345779182 0.0 0.0 0.0 0.0 0.0 0.0 0.0
4539 1306.157470703125 1302.61376953125 215.42149535292032 0.0 0.0 0.0 0.0 0.0 0.0 0.0
4558 1010.0780029296875 1266.725341796875 223.2704436410674 0.0 0.0 0.0 0.0 0.0 0.0 0.0
4573 770.8219604492188 1239.80908203125 225.25568739402775 0.0 0.0 0.0 0.0 0.0 0.0 0.0
4592 687.0823364257812 1239.80908203125 223.2567798069823 0.0 0.0 0.0 0.0 0.0 0.0 0.0
4608 678.1102905273438 1245.79052734375 220.716731438412 0.0 0.0 0.0 0.0 0.0 0.0 0.0
4628 731.94287109375 1254.7625732421875 215.06977681085039 0.0 0.0 0.0 0.0 0.0 0.0 0.0
4640 827.6453247070312 1269.716064453125 187.13381996796798 0.0 0.0 0.0 0.0 0.0 0.0 0.0
4657 1132.69677734375 1305.6044921875 70.22517877340422 0.0 0.0 0.0 0.0 0.0 0.0 0.0
4673 1467.6552734375 1323.5487060546875 50.85633362781362 0.0 0.0 0.0 0.0 0.0 0.0 0.0
4690 1733.82763671875 1323.5487060546875 43.675898827694574 0.0 0.0 0.0 0.0 0.0 0.0 0.0
4707 1853.4556884765625 1323.5487060546875 41.95298281478015 0.0 0.0 0.0 0.0 0.0 0.0 0.0
4723 1895.325439453125 1323.5487060546875 41.49066010490626 0.0 0.0 0.0 0.0 0.0 0.0 0.0
4756 1862.427734375 1323.5487060546875 41.96800227179319 0.0 0.0 0.0 0.0 0.0 0.0 0.0
4772 1674.013671875 1323.5487060546875 214.59133244709147 0.0 0.0 0.0 0.0 0.0 0.0 0.0
4789 1557.3763427734375 1323.5487060546875 217.0594380594938 0.0 0.0 0.0 0.0 0.0 0.0 0.0
4808 1105.780517578125 1260.7440185546875 225.38450809723577 0.0 0.0 0.0 0.0 0.0 0.0 0.0
4824 938.30126953125 1239.80908203125 226.3275408065461 0.0 0.0 0.0 0.0 0.0 0.0 0.0
4840 887.4592895507812 1230.8370361328125 227.32364577645518 0.0 0.0 0.0 0.0 0.0 0.0 0.0
4871 929.3291015625 1230.8370361328125 230.5160588867396 0.0 0.0 0.0 0.0 0.0 0.0 0.0
4890 1129.7060546875 1230.8370361328125 18.82813928482853 0.0 0.0 0.0 0.0 0.0 0.0 0.0
4907 1488.5902099609375 1239.80908203125 35.20109534541147 0.0 0.0 0.0 0.0 0.0 0.0 0.0
4924 1805.6044921875 1251.7718505859375 40.03697716415051 0.0 0.0 0.0 0.0 0.0 0.0 0.0
4946 2020.934814453125 1251.7718505859375 39.996880407116485 0.0 0.0 0.0 0.0 0.0 0.0 0.0
4964 2086.730224609375 1251.7718505859375 39.988607538402285 0.0 0.0 0.0 0.0 0.0 0.0 0.0
4986 2083.73974609375 1245.79052734375 37.44455799364281 0.0 0.0 0.0 0.0 0.0 0.0 0.0
4992 2053.83251953125 1236.818359375 32.01165125933495 0.0 0.0 0.0 0.0 0.0 0.0 0.0
5007 1895.325439453125 1197.9393310546875 288.9686253060141 0.0 0.0 0.0 0.0 0.0 0.0 0.0
5023 1757.7532958984375 1177.00439453125 258.6079146073007 0.0 0.0 0.0 0.0 0.0 0.0 0.0
5040 1374.943603515625 1120.1810302734375 236.2026943352214 0.0 0.0 0.0 0.0 0.0 0.0 0.0
5059 1004.0966796875 1075.320556640625 229.3775061614174 0.0 0.0 0.0 0.0 0.0 0.0 0.0
5073 767.831298828125 1075.320556640625 223.4304701611967 0.0 0.0 0.0 0.0 0.0 0.0 0.0
5091 734.93359375 1078.3112182617188 221.75826978674434 0.0 0.0 0.0 0.0 0.0 0.0 0.0
5128 740.9149780273438 1084.2926635742188 219.23486286218338 0.0 0.0 0.0 0.0 0.0 0.0 0.0
5139 773.8126831054688 1084.2926635742188 219.00348664260264 0.0 0.0 0.0 0.0 0.0 0.0 0.0
5159 923.3477783203125 1111.2089233398438 107.72010077297335 0.0 0.0 0.0 0.0 0.0 0.0 0.0
5174 1213.4456787109375 1111.2089233398438 60.38343412615915 0.0 0.0 0.0 0.0 0.0 0.0 0.0
5192 1635.134521484375 1111.2089233398438 44.951974720225316 0.0 0.0 0.0 0.0 0.0 0.0 0.0
5210 1832.520751953125 1099.2461547851562 39.96835868902105 0.0 0.0 0.0 0.0 0.0 0.0 0.0
5223 1868.4091796875 1096.2554321289062 38.98130081625427 0.0 0.0 0.0 0.0 0.0 0.0 0.0
5239 1895.325439453125 1090.2740478515625 37.0622164457019 0.0 0.0 0.0 0.0 0.0 0.0 0.0
5256 1898.316162109375 1087.2833251953125 35.9081073304444 0.0 0.0 0.0 0.0 0.0 0.0 0.0
5272 1883.3626708984375 1072.329833984375 28.55135205561229 0.0 0.0 0.0 0.0 0.0 0.0 0.0
5291 1811.5858154296875 1042.4228515625 357.79985146978674 0.0 0.0 0.0 0.0 0.0 0.0 0.0
5306 1407.84130859375 994.5715942382812 244.89415148669468 0.0 0.0 0.0 0.0 0.0 0.0 0.0
5323 1051.9478759765625 940.739013671875 233.06647065623798 0.0 0.0 0.0 0.0 0.0 0.0 0.0
5346 770.8219604492188 898.8692016601562 229.95034206957536 0.0 0.0 0.0 0.0 0.0 0.0 0.0
5364 713.9986572265625 895.8784790039062 227.9137373136408 0.0 0.0 0.0 0.0 0.0 0.0 0.0
5374 702.035888671875 895.8784790039062 227.27999852531713 0.0 0.0 0.0 0.0 0.0 0.0 0.0
5391 699.045166015625 895.8784790039062 227.12490516251194 0.0 0.0 0.0 0.0 0.0 0.0 0.0
5407 702.035888671875 901.8599243164062 224.745745699287 0.0 0.0 0.0 0.0 0.0 0.0 0.0
5423 740.9149780273438 919.8040771484375 216.19036836335545 0.0 0.0 0.0 0.0 0.0 0.0 0.0
5440 827.6453247070312 931.7669067382812 197.3818810042611 0.0 0.0 0.0 0.0 0.0 0.0 0.0
5457 1010.0780029296875 958.6832275390625 95.1924265989459 0.0 0.0 0.0 0.0 0.0 0.0 0.0
5473 1240.362060546875 973.63671875 62.482341253331505 0.0 0.0 0.0 0.0 0.0 0.0 0.0
5492 1455.6925048828125 973.63671875 48.71673904723777 0.0 0.0 0.0 0.0 0.0 0.0 0.0
5507 1605.2275390625 973.63671875 44.161759967168685 0.0 0.0 0.0 0.0 0.0 0.0 0.0
5524 1650.0880126953125 973.63671875 43.131765429825414 0.0 0.0 0.0 0.0 0.0 0.0 0.0
5540 1656.0694580078125 973.63671875 43.00014872260139 0.0 0.0 0.0 0.0 0.0 0.0 0.0
5576 1641.115966796875 973.63671875 43.36921567901454 0.0 0.0 0.0 0.0 0.0 0.0 0.0
5590 1605.2275390625 973.63671875 44.56662874546286 0.0 0.0 0.0 0.0 0.0 0.0 0.0
5614 1395.87841796875 952.7017822265625 227.7878129263372 0.0 0.0 0.0 0.0 0.0 0.0 0.0
5626 1150.6409912109375 937.748291015625 225.01371411056311 0.0 0.0 0.0 0.0 0.0 0.0 0.0
5641 992.1337890625 937.748291015625 222.31429368134422 0.0 0.0 0.0 0.0 0.0 0.0 0.0
5657 950.2640380859375 937.748291015625 221.76772561870894 0.0 0.0 0.0 0.0 0.0 0.0 0.0
5673 926.33837890625 937.748291015625 221.5016497976111 0.0 0.0 0.0 0.0 0.0 0.0 0.0
5689 926.33837890625 940.739013671875 220.25616385871928 0.0 0.0 0.0 0.0 0.0 0.0 0.0
5706 926.33837890625 946.7203979492188 217.7664638934591 0.0 0.0 0.0 0.0 0.0 0.0 0.0
5722 989.1431884765625 973.63671875 196.64193188273933 0.0 0.0 0.0 0.0 0.0 0.0 0.0
5739 1300.176025390625 1027.4693603515625 70.3629403207994 0.0 0.0 0.0 0.0 0.0 0.0 0.0
5759 1542.4227294921875 1033.4507446289062 51.79980653258355 0.0 0.0 0.0 0.0 0.0 0.0 0.0
5773 1724.8555908203125 1033.4507446289062 45.05394497096511 0.0 0.0 0.0 0.0 0.0 0.0 0.0
5790 1829.530029296875 1033.4507446289062 42.85812527514954 0.0 0.0 0.0 0.0 0.0 0.0 0.0
5807 1838.502197265625 1033.4507446289062 42.68146642861161 0.0 0.0 0.0 0.0 0.0 0.0 0.0
5874 1802.61376953125 1033.4507446289062 43.63701671567237 0.0 0.0 0.0 0.0 0.0 0.0 0.0
5890 1703.920654296875 1033.4507446289062 52.804346280883 0.0 0.0 0.0 0.0 0.0 0.0 0.0
5907 1171.575927734375 973.63671875 224.17300854759083 0.0 0.0 0.0 0.0 0.0 0.0 0.0
5924 905.4035034179688 940.739013671875 226.0527984669069 0.0 0.0 0.0 0.0 0.0 0.0 0.0
5940 749.8870849609375 925.7855224609375 225.73950376306288 0.0 0.0 0.0 0.0 0.0 0.0 0.0
5957 708.0172729492188 925.7855224609375 224.39465003817497 0.0 0.0 0.0 0.0 0.0 0.0 0.0
5973 705.0265502929688 925.7855224609375 224.3006450932918 0.0 0.0 0.0 0.0 0.0 0.0 0.0
5990 725.9614868164062 940.739013671875 217.7219217796574 0.0 0.0 0.0 0.0 0.0 0.0 0.0
6007 866.5244140625 964.6646118164062 123.98070664575431 0.0 0.0 0.0 0.0 0.0 0.0 0.0
6023 1150.6409912109375 1006.534423828125 70.88195538717758 0.0 0.0 0.0 0.0 0.0 0.0 0.0
6040 1635.134521484375 1072.329833984375 52.733473876091686 0.0 0.0 0.0 0.0 0.0 0.0 0.0
6057 1925.2325439453125 1078.3112182617188 44.87147945073165 0.0 0.0 0.0 0.0 0.0 0.0 0.0
6073 2035.888427734375 1078.3112182617188 42.68737748897423 0.0 0.0 0.0 0.0 0.0 0.0 0.0
6091 2116.637451171875 1087.2833251953125 44.03271702787392 0.0 0.0 0.0 0.0 0.0 0.0 0.0
6108 2125.609375 1087.2833251953125 43.78425382471776 0.0 0.0 0.0 0.0 0.0 0.0 0.0
6124 2122.61865234375 1087.2833251953125 43.86891847978294 0.0 0.0 0.0 0.0 0.0 0.0 0.0
6142 2071.77685546875 1096.2554321289062 51.94159458178306 0.0 0.0 0.0 0.0 0.0 0.0 0.0
6158 1880.3719482421875 1111.2089233398438 182.53327314449538 0.0 0.0 0.0 0.0 0.0 0.0 0.0
6175 1581.3018798828125 1111.2089233398438 208.39466268780387 0.0 0.0 0.0 0.0 0.0 0.0 0.0
6190 1422.7947998046875 1111.2089233398438 214.59323510839226 0.0 0.0 0.0 0.0 0.0 0.0 0.0
6209 1105.780517578125 1102.2368774414062 219.47607736391348 0.0 0.0 0.0 0.0 0.0 0.0 0.0
6223 893.4407348632812 1075.320556640625 224.17619391621975 0.0 0.0 0.0 0.0 0.0 0.0 0.0
6243 884.4686279296875 1075.320556640625 223.9189791348578 0.0 0.0 0.0 0.0 0.0 0.0 0.0
6264 917.3663330078125 1075.320556640625 225.15735122176181 0.0 0.0 0.0 0.0 0.0 0.0 0.0
6275 1010.0780029296875 1075.320556640625 235.64743132852448 0.0 0.0 0.0 0.0 0.0 0.0 0.0
6290 1219.4271240234375 1075.320556640625 14.162672508057746 0.0 0.0 0.0 0.0 0.0 0.0 0.0
6307 1515.5064697265625 1075.320556640625 31.85316331857515 0.0 0.0 0.0 0.0 0.0 0.0 0.0
6327 1733.82763671875 1075.320556640625 36.834377165805755 0.0 0.0 0.0 0.0 0.0 0.0 0.0
6342 1787.6602783203125 1078.3112182617188 38.611611473609564 0.0 0.0 0.0 0.0 0.0 0.0 0.0
6368 1784.6695556640625 1078.3112182617188 38.58140088814806 0.0 0.0 0.0 0.0 0.0 0.0 0.0
6378 1730.8369140625 1078.3112182617188 37.68845135936005 0.0 0.0 0.0 0.0 0.0 0.0 0.0
6390 1647.0972900390625 1078.3112182617188 34.148474550338825 0.0 0.0 0.0 0.0 0.0 0.0 0.0
6407 1446.7203369140625 1069.339111328125 239.82825506164073 0.0 0.0 0.0 0.0 0.0 0.0 0.0
6426 1162.603759765625 1039.43212890625 230.47133288195323 0.0 0.0 0.0 0.0 0.0 0.0 0.0
6441 1117.7432861328125 1036.44140625 228.82610977827676 0.0 0.0 0.0 0.0 0.0 0.0 0.0
6480 1171.575927734375 1042.4228515625 230.456692682359 0.0 0.0 0.0 0.0 0.0 0.0 0.0
6490 1282.2318115234375 1048.4042358398438 257.6942268447259 0.0 0.0 0.0 0.0 0.0 0.0 0.0
6506 1694.948486328125 1099.2461547851562 33.70976297170373 0.0 0.0 0.0 0.0 0.0 0.0 0.0
6522 2095.702392578125 1129.1531982421875 41.55913033443547 0.0 0.0 0.0 0.0 0.0 0.0 0.0
6540 2314.023681640625 1135.134521484375 41.54776647774958 0.0 0.0 0.0 0.0 0.0 0.0 0.0
6557 2331.9677734375 1135.134521484375 41.365921813635374 0.0 0.0 0.0 0.0 0.0 0.0 0.0
6576 2305.051513671875 1135.134521484375 41.70501101819911 0.0 0.0 0.0 0.0 0.0 0.0 0.0
6589 2242.246826171875 1132.143798828125 40.86994408894666 0.0 0.0 0.0 0.0 0.0 0.0 0.0
6606 2053.83251953125 1114.19970703125 237.22129390072678 0.0 0.0 0.0 0.0 0.0 0.0 0.0
6625 1736.818359375 1066.3484497070312 231.1545515848718 0.0 0.0 0.0 0.0 0.0 0.0 0.0
6640 1362.980712890625 1012.5158081054688 228.96354537879898 0.0 0.0 0.0 0.0 0.0 0.0 0.0
6657 1081.8548583984375 964.6646118164062 229.41388467805996 0.0 0.0 0.0 0.0 0.0 0.0 0.0
6673 1078.8641357421875 964.6646118164062 229.21384695262998 0.0 0.0 0.0 0.0 0.0 0.0 0.0
6692 1114.7525634765625 964.6646118164062 232.44297861916704 0.0 0.0 0.0 0.0 0.0 0.0 0.0
6706 1333.07373046875 994.5715942382812 40.10299343502815 0.0 0.0 0.0 0.0 0.0 0.0 0.0
6723 1638.125244140625 1036.44140625 45.41541110748805 0.0 0.0 0.0 0.0 0.0 0.0 0.0
6740 1913.2696533203125 1069.339111328125 46.33359647117154 0.0 0.0 0.0 0.0 0.0 0.0 0.0
6756 1979.065185546875 1069.339111328125 44.27640076144616 0.0 0.0 0.0 0.0 0.0 0.0 0.0
6774 2053.83251953125 1069.339111328125 42.760931378041725 0.0 0.0 0.0 0.0 0.0 0.0 0.0
6802 1997.00927734375 1069.339111328125 44.720397356296694 0.0 0.0 0.0 0.0 0.0 0.0 0.0
6812 1898.316162109375 1069.339111328125 56.48401555801062 0.0 0.0 0.0 0.0 0.0 0.0 0.0
6824 1739.80908203125 1069.339111328125 164.18425809326368 0.0 0.0 0.0 0.0 0.0 0.0 0.0
6840 1392.8876953125 1024.4786376953125 210.7446884680512 0.0 0.0 0.0 0.0 0.0 0.0 0.0
6856 1069.89208984375 976.62744140625 223.18852527155389 0.0 0.0 0.0 0.0 0.0 0.0 0.0
6874 923.3477783203125 955.6925048828125 225.7348056726347 0.0 0.0 0.0 0.0 0.0 0.0 0.0
6890 908.3942260742188 955.6925048828125 225.17050135775685 0.0 0.0 0.0 0.0 0.0 0.0 0.0
6906 902.412841796875 955.6925048828125 224.95416554891165 0.0 0.0 0.0 0.0 0.0 0.0 0.0
6924 1016.0594482421875 982.6088256835938 187.39814344058516 0.0 0.0 0.0 0.0 0.0 0.0 0.0
6940 1659.0601806640625 1078.3112182617188 57.82650182393771 0.0 0.0 0.0 0.0 0.0 0.0 0.0
6956 1886.3533935546875 1117.1903076171875 52.721427244889675 0.0 0.0 0.0 0.0 0.0 0.0 0.0
6973 2269.1630859375 1174.013671875 49.5437343321749 0.0 0.0 0.0 0.0 0.0 0.0 0.0
6991 2466.54931640625 1191.9578857421875 46.959425784131675 0.0 0.0 0.0 0.0 0.0 0.0 0.0
7024 2424.679443359375 1191.9578857421875 49.995871912333236 0.0 0.0 0.0 0.0 0.0 0.0 0.0
7039 2284.11669921875 1191.9578857421875 141.92755761892352 0.0 0.0 0.0 0.0 0.0 0.0 0.0
7055 1838.502197265625 1123.1717529296875 212.06758905340342 0.0 0.0 0.0 0.0 0.0 0.0 0.0
7076 1497.562255859375 1081.3019409179688 222.72452190688273 0.0 0.0 0.0 0.0 0.0 0.0 0.0
7096 1315.1295166015625 1063.3577270507812 224.36077626457188 0.0 0.0 0.0 0.0 0.0 0.0 0.0
7107 1309.1480712890625 1060.3670654296875 225.36648718688537 0.0 0.0 0.0 0.0 0.0 0.0 0.0
7127 1306.157470703125 1060.3670654296875 225.25188138242055 0.0 0.0 0.0 0.0 0.0 0.0 0.0
7142 1306.157470703125 1069.339111328125 221.51444888382105 0.0 0.0 0.0 0.0 0.0 0.0 0.0
7157 1371.952880859375 1090.2740478515625 206.4676434802795 0.0 0.0 0.0 0.0 0.0 0.0 0.0
7173 1772.706787109375 1174.013671875 63.43301392870729 0.0 0.0 0.0 0.0 0.0 0.0 0.0
7189 2050.842041015625 1197.9393310546875 50.9860146491667 0.0 0.0 0.0 0.0 0.0 0.0 0.0
7207 2170.469970703125 1197.9393310546875 45.86445047024083 0.0 0.0 0.0 0.0 0.0 0.0 0.0
7223 2176.451416015625 1197.9393310546875 45.619315979736804 0.0 0.0 0.0 0.0 0.0 0.0 0.0
7246 2092.711669921875 1185.9764404296875 41.67131005732919 0.0 0.0 0.0 0.0 0.0 0.0 0.0
7255 1916.2603759765625 1168.0322265625 239.57573540811768 0.0 0.0 0.0 0.0 0.0 0.0 0.0
7274 1467.6552734375 1105.2275390625 230.64392564988339 0.0 0.0 0.0 0.0 0.0 0.0 0.0
7293 794.7476196289062 1006.534423828125 228.7069566285012 0.0 0.0 0.0 0.0 0.0 0.0 0.0
7307 681.1009521484375 991.5809326171875 228.14348970586923 0.0 0.0 0.0 0.0 0.0 0.0 0.0
7323 636.240478515625 985.5995483398438 228.00052569265495 0.0 0.0 0.0 0.0 0.0 0.0 0.0
7339 630.259033203125 988.5902099609375 226.4806240999826 0.0 0.0 0.0 0.0 0.0 0.0 0.0
7358 645.2125244140625 991.5809326171875 225.8832026278768 0.0 0.0 0.0 0.0 0.0 0.0 0.0
7372 699.045166015625 997.5623168945312 225.60518469831663 0.0 0.0 0.0 0.0 0.0 0.0 0.0
7389 881.4779052734375 1027.4693603515625 59.78943821669291 0.0 0.0 0.0 0.0 0.0 0.0 0.0
7408 1228.399169921875 1072.329833984375 50.84526942923163 0.0 0.0 0.0 0.0 0.0 0.0 0.0
7427 1787.6602783203125 1147.097412109375 48.224797101878245 0.0 0.0 0.0 0.0 0.0 0.0 0.0
7442 2020.934814453125 1179.9951171875 48.08194436855994 0.0 0.0 0.0 0.0 0.0 0.0 0.0
7456 2044.860595703125 1185.9764404296875 48.98164639243972 0.0 0.0 0.0 0.0 0.0 0.0 0.0
7478 2002.99072265625 1185.9764404296875 52.879601850850555 0.0 0.0 0.0 0.0 0.0 0.0 0.0
7489 1877.3812255859375 1185.9764404296875 114.50449952492403 0.0 0.0 0.0 0.0 0.0 0.0 0.0
7505 1527.46923828125 1171.02294921875 199.3834763662638 0.0 0.0 0.0 0.0 0.0 0.0 0.0
7525 1156.6224365234375 1135.134521484375 218.5388093311729 0.0 0.0 0.0 0.0 0.0 0.0 0.0
7542 833.626708984375 1093.2647705078125 224.7412782995719 0.0 0.0 0.0 0.0 0.0 0.0 0.0
7559 699.045166015625 1072.329833984375 226.76684199543206 0.0 0.0 0.0 0.0 0.0 0.0 0.0
7606 725.9614868164062 1072.329833984375 228.4124017672658 0.0 0.0 0.0 0.0 0.0 0.0 0.0
7610 995.12451171875 1099.2461547851562 42.86193062656907 0.0 0.0 0.0 0.0 0.0 0.0 0.0
7624 1584.2926025390625 1162.0509033203125 45.45419075910737 0.0 0.0 0.0 0.0 0.0 0.0 0.0
7642 1760.743896484375 1179.9951171875 45.63654419468957 0.0 0.0 0.0 0.0 0.0 0.0 0.0
7656 1982.055908203125 1188.9671630859375 43.573912972528966 0.0 0.0 0.0 0.0 0.0 0.0 0.0
7673 2020.934814453125 1188.9671630859375 42.780426622364295 0.0 0.0 0.0 0.0 0.0 0.0 0.0
7690 2017.9443359375 1188.9671630859375 42.84282251241117 0.0 0.0 0.0 0.0 0.0 0.0 0.0
7705 1757.7532958984375 1168.0322265625 226.49609041775898 0.0 0.0 0.0 0.0 0.0 0.0 0.0
7725 1318.1202392578125 1111.2089233398438 227.13707145941368 0.0 0.0 0.0 0.0 0.0 0.0 0.0
7740 725.9614868164062 1021.4879150390625 228.31608009082942 0.0 0.0 0.0 0.0 0.0 0.0 0.0
7759 594.3706665039062 1015.5065307617188 225.50753848568962 0.0 0.0 0.0 0.0 0.0 0.0 0.0
7773 588.3892211914062 1015.5065307617188 225.27720123311803 0.0 0.0 0.0 0.0 0.0 0.0 0.0
7796 630.259033203125 1021.4879150390625 224.025153539209 0.0 0.0 0.0 0.0 0.0 0.0 0.0
7806 785.7755126953125 1051.3949584960938 87.81656545734356 0.0 0.0 0.0 0.0 0.0 0.0 0.0
7824 1174.566650390625 1093.2647705078125 56.619288389516406 0.0 0.0 0.0 0.0 0.0 0.0 0.0
7844 1859.4371337890625 1203.920654296875 50.38370511312093 0.0 0.0 0.0 0.0 0.0 0.0 0.0
7859 2002.99072265625 1221.8648681640625 48.69877613542025 0.0 0.0 0.0 0.0 0.0 0.0 0.0
7873 2086.730224609375 1221.8648681640625 45.39869293204928 0.0 0.0 0.0 0.0 0.0 0.0 0.0
7902 2020.934814453125 1221.8648681640625 50.33249891578712 0.0 0.0 0.0 0.0 0.0 0.0 0.0
7908 1865.41845703125 1191.9578857421875 234.32399896975107 0.0 0.0 0.0 0.0 0.0 0.0 0.0
7923 1703.920654296875 1174.013671875 229.98476823022304 0.0 0.0 0.0 0.0 0.0 0.0 0.0
7940 1273.259765625 1108.21826171875 228.97615964595832 0.0 0.0 0.0 0.0 0.0 0.0 0.0
7956 803.7196655273438 1051.3949584960938 227.34582648011258 0.0 0.0 0.0 0.0 0.0 0.0 0.0
7976 447.8262939453125 1009.525146484375 226.86552806096904 0.0 0.0 0.0 0.0 0.0 0.0 0.0
7990 435.863525390625 1009.525146484375 226.31508985680313 0.0 0.0 0.0 0.0 0.0 0.0 0.0
8012 492.68682861328125 1015.5065307617188 226.5528966935023 0.0 0.0 0.0 0.0 0.0 0.0 0.0
8022 663.15673828125 1033.4507446289062 43.652456867081675 0.0 0.0 0.0 0.0 0.0 0.0 0.0
8041 1117.7432861328125 1099.2461547851562 47.15753272167746 0.0 0.0 0.0 0.0 0.0 0.0 0.0
8056 1706.911376953125 1194.9486083984375 48.81548911657847 0.0 0.0 0.0 0.0 0.0 0.0 0.0
8073 1916.2603759765625 1212.892822265625 46.431329151726864 0.0 0.0 0.0 0.0 0.0 0.0 0.0
8090 2008.97216796875 1212.892822265625 43.83138295614793 0.0 0.0 0.0 0.0 0.0 0.0 0.0
8106 1931.2138671875 1191.9578857421875 28.87622384761668 0.0 0.0 0.0 0.0 0.0 0.0 0.0
8123 1542.4227294921875 1096.2554321289062 245.6801453467757 0.0 0.0 0.0 0.0 0.0 0.0 0.0
8141 1150.6409912109375 1027.4693603515625 233.95886502222015 0.0 0.0 0.0 0.0 0.0 0.0 0.0
8157 923.3477783203125 1009.525146484375 228.0481726519497 0.0 0.0 0.0 0.0 0.0 0.0 0.0
8173 851.5709228515625 1009.525146484375 225.28110866351892 0.0 0.0 0.0 0.0 0.0 0.0 0.0
8189 845.5894775390625 1012.5158081054688 223.86915255379233 0.0 0.0 0.0 0.0 0.0 0.0 0.0
8221 845.5894775390625 1015.5065307617188 222.6250070909373 0.0 0.0 0.0 0.0 0.0 0.0 0.0