0 1303.166748046875 1661.4979248046875 235.60573521817446 0.0 0.0 0.0 0.0 0.0 0.0 0.0
132 1206.6010437011719 1293.8826122283936 239.26078195024414 0.0 0.0 0.0 0.0 0.0 0.0 0.0
155 1218.5638122558594 1293.8826122283936 245.5880964728813 0.0 0.0 0.0 0.0 0.0 0.0 0.0
158 1221.5545349121094 1290.8918895721436 247.56693617561936 0.0 0.0 0.0 0.0 0.0 0.0 0.0
162 1227.5358581542969 1290.8918895721436 250.79271056106128 0.0 0.0 0.0 0.0 0.0 0.0 0.0
171 1230.5265808105469 1290.8918895721436 252.41271856488075 0.0 0.0 0.0 0.0 0.0 0.0 0.0
187 1233.5173034667969 1290.8918895721436 254.0391583974649 0.0 0.0 0.0 0.0 0.0 0.0 0.0
241 1233.5173034667969 1293.8826122283936 253.82966172615565 0.0 0.0 0.0 0.0 0.0 0.0 0.0
249 1233.5173034667969 1296.873212814331 253.6141221894338 0.0 0.0 0.0 0.0 0.0 0.0 0.0
259 1230.5265808105469 1302.854658126831 251.44444496805508 0.0 0.0 0.0 0.0 0.0 0.0 0.0
268 1224.5452575683594 1308.836103439331 247.48088951562326 0.0 0.0 0.0 0.0 0.0 0.0 0.0
271 1218.5638122558594 1314.8174266815186 243.35380412303917 0.0 0.0 0.0 0.0 0.0 0.0 0.0
277 1215.5730895996094 1320.7988719940186 240.6697036854808 0.0 0.0 0.0 0.0 0.0 0.0 0.0
287 1206.6010437011719 1323.7895946502686 235.52129587692863 0.0 0.0 0.0 0.0 0.0 0.0 0.0
294 1200.6195983886719 1326.7803173065186 231.85836202276764 0.0 0.0 0.0 0.0 0.0 0.0 0.0
301 1197.6288757324219 1326.7803173065186 230.44936218687624 0.0 0.0 0.0 0.0 0.0 0.0 0.0
309 1191.6475524902344 1326.7803173065186 227.71381453313754 0.0 0.0 0.0 0.0 0.0 0.0 0.0
317 1188.6568298339844 1326.7803173065186 226.36797498599068 0.0 0.0 0.0 0.0 0.0 0.0 0.0
358 1188.6568298339844 1329.770917892456 225.4101655465004 0.0 0.0 0.0 0.0 0.0 0.0 0.0
401 1188.6568298339844 1326.7803173065186 226.3461317047082 0.0 0.0 0.0 0.0 0.0 0.0 0.0
409 1194.6381530761719 1323.7895946502686 230.00136080980823 0.0 0.0 0.0 0.0 0.0 0.0 0.0
417 1200.6195983886719 1317.8081493377686 234.40836626231746 0.0 0.0 0.0 0.0 0.0 0.0 0.0
426 1206.6010437011719 1314.8174266815186 238.06885055787305 0.0 0.0 0.0 0.0 0.0 0.0 0.0
433 1215.5730895996094 1308.836103439331 243.75058081419226 0.0 0.0 0.0 0.0 0.0 0.0 0.0
441 1224.5452575683594 1305.845380783081 248.91010491122407 0.0 0.0 0.0 0.0 0.0 0.0 0.0
449 1227.5358581542969 1302.854658126831 250.81718168760833 0.0 0.0 0.0 0.0 0.0 0.0 0.0
455 1233.5173034667969 1302.854658126831 254.07158272074568 0.0 0.0 0.0 0.0 0.0 0.0 0.0
463 1236.5080261230469 1302.854658126831 255.70320099418828 0.0 0.0 0.0 0.0 0.0 0.0 0.0
488 1239.4987487792969 1302.854658126831 257.33862060418085 0.0 0.0 0.0 0.0 0.0 0.0 0.0
542 1239.4987487792969 1305.845380783081 257.2257988232702 0.0 0.0 0.0 0.0 0.0 0.0 0.0
549 1233.5173034667969 1311.8267040252686 253.539095024857 0.0 0.0 0.0 0.0 0.0 0.0 0.0
557 1230.5265808105469 1314.8174266815186 251.65136606616826 0.0 0.0 0.0 0.0 0.0 0.0 0.0
565 1224.5452575683594 1320.7988719940186 247.6969565169388 0.0 0.0 0.0 0.0 0.0 0.0 0.0
573 1221.5545349121094 1323.7895946502686 245.67940555125634 0.0 0.0 0.0 0.0 0.0 0.0 0.0
581 1218.5638122558594 1323.7895946502686 244.1124634053891 0.0 0.0 0.0 0.0 0.0 0.0 0.0
587 1218.5638122558594 1326.7803173065186 243.6181595017974 0.0 0.0 0.0 0.0 0.0 0.0 0.0
609 1215.5730895996094 1326.7803173065186 242.0693407629913 0.0 0.0 0.0 0.0 0.0 0.0 0.0
630 1212.5823669433594 1326.7803173065186 240.53545674685122 0.0 0.0 0.0 0.0 0.0 0.0 0.0
649 1215.5730895996094 1326.7803173065186 242.08441012148845 0.0 0.0 0.0 0.0 0.0 0.0 0.0
657 1236.5080261230469 1314.8174266815186 254.34773482886644 0.0 0.0 0.0 0.0 0.0 0.0 0.0
665 1248.4707946777344 1311.8267040252686 260.92466539012275 0.0 0.0 0.0 0.0 0.0 0.0 0.0
674 1260.4336853027344 1305.845380783081 267.117539652432 0.0 0.0 0.0 0.0 0.0 0.0 0.0
682 1266.4150085449219 1305.845380783081 270.3549502299178 0.0 0.0 0.0 0.0 0.0 0.0 0.0
690 1269.4057312011719 1305.845380783081 271.9650242842804 0.0 0.0 0.0 0.0 0.0 0.0 0.0
702 1272.3964538574219 1302.854658126831 273.22564028560316 0.0 0.0 0.0 0.0 0.0 0.0 0.0
742 1275.3871765136719 1302.854658126831 274.81846936378463 0.0 0.0 0.0 0.0 0.0 0.0 0.0
754 1275.3871765136719 1305.845380783081 275.2161983949892 0.0 0.0 0.0 0.0 0.0 0.0 0.0
760 1266.4150085449219 1311.8267040252686 270.9214866535487 0.0 0.0 0.0 0.0 0.0 0.0 0.0
770 1248.4707946777344 1320.7988719940186 261.02659168726916 0.0 0.0 0.0 0.0 0.0 0.0 0.0
774 1215.5730895996094 1332.761640548706 241.46657047651613 0.0 0.0 0.0 0.0 0.0 0.0 0.0
782 1197.6288757324219 1338.743085861206 231.25493004228449 0.0 0.0 0.0 0.0 0.0 0.0 0.0
790 1182.6753845214844 1344.7244091033936 222.76642140374278 0.0 0.0 0.0 0.0 0.0 0.0 0.0
798 1170.7126159667969 1347.7151317596436 216.91731613875137 0.0 0.0 0.0 0.0 0.0 0.0 0.0
806 1164.7311706542969 1350.7058544158936 213.49660252945736 0.0 0.0 0.0 0.0 0.0 0.0 0.0
814 1161.7404479980469 1350.7058544158936 212.41608216768677 0.0 0.0 0.0 0.0 0.0 0.0 0.0
822 1158.7498474121094 1353.6965770721436 210.1107394715019 0.0 0.0 0.0 0.0 0.0 0.0 0.0
844 1155.7591247558594 1353.6965770721436 209.10322342856122 0.0 0.0 0.0 0.0 0.0 0.0 0.0
869 1164.7311706542969 1341.733808517456 217.21974954585696 0.0 0.0 0.0 0.0 0.0 0.0 0.0
876 1179.6846618652344 1332.761640548706 226.8037021902122 0.0 0.0 0.0 0.0 0.0 0.0 0.0
884 1200.6195983886719 1311.8267040252686 241.61844208855828 0.0 0.0 0.0 0.0 0.0 0.0 0.0
893 1209.5917663574219 1308.836103439331 246.79507095237128 0.0 0.0 0.0 0.0 0.0 0.0 0.0
898 1221.5545349121094 1299.863935470581 253.9361239441566 0.0 0.0 0.0 0.0 0.0 0.0 0.0
907 1230.5265808105469 1293.8826122283936 258.98098082723845 0.0 0.0 0.0 0.0 0.0 0.0 0.0
914 1239.4987487792969 1293.8826122283936 263.8980787953234 0.0 0.0 0.0 0.0 0.0 0.0 0.0
922 1251.4615173339844 1287.9011669158936 269.89186651895284 0.0 0.0 0.0 0.0 0.0 0.0 0.0
930 1260.4336853027344 1287.9011669158936 274.67812148809963 0.0 0.0 0.0 0.0 0.0 0.0 0.0
944 1266.4150085449219 1287.9011669158936 277.82001971690215 0.0 0.0 0.0 0.0 0.0 0.0 0.0
992 1263.4242858886719 1290.8918895721436 276.6788045316706 0.0 0.0 0.0 0.0 0.0 0.0 0.0
1000 1245.4800720214844 1305.845380783081 267.82599585457956 0.0 0.0 0.0 0.0 0.0 0.0 0.0
1008 1233.5173034667969 1314.8174266815186 261.26401761809166 0.0 0.0 0.0 0.0 0.0 0.0 0.0
1016 1221.5545349121094 1320.7988719940186 254.34875071060245 0.0 0.0 0.0 0.0 0.0 0.0 0.0
1024 1206.6010437011719 1329.770917892456 245.07182103999938 0.0 0.0 0.0 0.0 0.0 0.0 0.0
1030 1200.6195983886719 1329.770917892456 241.9748330828938 0.0 0.0 0.0 0.0 0.0 0.0 0.0
1038 1194.6381530761719 1335.752363204956 237.6573746711442 0.0 0.0 0.0 0.0 0.0 0.0 0.0
1063 1191.6475524902344 1335.752363204956 236.1719751040417 0.0 0.0 0.0 0.0 0.0 0.0 0.0
1090 1197.6288757324219 1335.752363204956 239.21333611861874 0.0 0.0 0.0 0.0 0.0 0.0 0.0
1092 1227.5358581542969 1320.7988719940186 256.47785239653524 0.0 0.0 0.0 0.0 0.0 0.0 0.0
1100 1269.4057312011719 1302.854658126831 276.42718742592524 0.0 0.0 0.0 0.0 0.0 0.0 0.0
1108 1392.0245056152344 1263.975507736206 308.22292945790485 0.0 0.0 0.0 0.0 0.0 0.0 0.0
1116 1427.9128112792969 1249.0220165252686 313.6945796671714 0.0 0.0 0.0 0.0 0.0 0.0 0.0
1124 1454.8291931152344 1240.049970626831 317.7253352106054 0.0 0.0 0.0 0.0 0.0 0.0 0.0
1132 1469.7826843261719 1234.068525314331 319.2729877559013 0.0 0.0 0.0 0.0 0.0 0.0 0.0
1140 1478.7547302246094 1231.077802658081 320.38199450930983 0.0 0.0 0.0 0.0 0.0 0.0 0.0
1148 1484.7361755371094 1231.077802658081 321.98087231867237 0.0 0.0 0.0 0.0 0.0 0.0 0.0
1162 1487.7268981933594 1231.077802658081 322.7606992100696 0.0 0.0 0.0 0.0 0.0 0.0 0.0
1195 1481.7454528808594 1237.059247970581 324.19499235162334 0.0 0.0 0.0 0.0 0.0 0.0 0.0
1204 1466.7919616699219 1246.0312938690186 324.99169947677217 0.0 0.0 0.0 0.0 0.0 0.0 0.0
1216 1448.8477478027344 1257.9941844940186 326.93232065482835 0.0 0.0 0.0 0.0 0.0 0.0 0.0
1219 1406.9779968261719 1278.9289989471436 328.81405903634425 0.0 0.0 0.0 0.0 0.0 0.0 0.0
1225 1374.0802917480469 1296.873212814331 332.2835399275182 0.0 0.0 0.0 0.0 0.0 0.0 0.0
1232 1341.1825866699219 1308.836103439331 332.83392648142427 0.0 0.0 0.0 0.0 0.0 0.0 0.0
1240 1302.3034362792969 1323.7895946502686 334.6184141479383 0.0 0.0 0.0 0.0 0.0 0.0 0.0
1248 1272.3964538574219 1329.770917892456 332.46617111659845 0.0 0.0 0.0 0.0 0.0 0.0 0.0
1256 1245.4800720214844 1338.743085861206 332.3649473378588 0.0 0.0 0.0 0.0 0.0 0.0 0.0
1264 1236.5080261230469 1344.7244091033936 334.0500479393247 0.0 0.0 0.0 0.0 0.0 0.0 0.0
1272 1233.5173034667969 1344.7244091033936 333.5539895867998 0.0 0.0 0.0 0.0 0.0 0.0 0.0
1310 1233.5173034667969 1341.733808517456 332.00579221688395 0.0 0.0 0.0 0.0 0.0 0.0 0.0
1320 1242.4894714355469 1332.761640548706 329.2763785774468 0.0 0.0 0.0 0.0 0.0 0.0 0.0
1327 1251.4615173339844 1323.7895946502686 326.82350749326497 0.0 0.0 0.0 0.0 0.0 0.0 0.0
1338 1275.3871765136719 1299.863935470581 321.8171429804144 0.0 0.0 0.0 0.0 0.0 0.0 0.0
1345 1290.3406677246094 1287.9011669158936 320.38058848946173 0.0 0.0 0.0 0.0 0.0 0.0 0.0
1352 1314.2662048339844 1272.947675704956 320.1227983041429 0.0 0.0 0.0 0.0 0.0 0.0 0.0
1358 1341.1825866699219 1260.9849071502686 321.67891050826097 0.0 0.0 0.0 0.0 0.0 0.0 0.0
1365 1365.1081237792969 1252.0127391815186 323.4307615763168 0.0 0.0 0.0 0.0 0.0 0.0 0.0
1372 1386.0430603027344 1246.0312938690186 325.4561340467694 0.0 0.0 0.0 0.0 0.0 0.0 0.0
1380 1403.9872741699219 1243.040693283081 327.84577024404877 0.0 0.0 0.0 0.0 0.0 0.0 0.0
1388 1415.9500427246094 1243.040693283081 330.1934960006065 0.0 0.0 0.0 0.0 0.0 0.0 0.0
1396 1421.9314880371094 1243.040693283081 331.30735156702167 0.0 0.0 0.0 0.0 0.0 0.0 0.0
1409 1424.9222106933594 1243.040693283081 331.8496691284099 0.0 0.0 0.0 0.0 0.0 0.0 0.0
1435 1424.9222106933594 1246.0312938690186 333.4105829616562 0.0 0.0 0.0 0.0 0.0 0.0 0.0
1443 1406.9779968261719 1260.9849071502686 339.44664935147534 0.0 0.0 0.0 0.0 0.0 0.0 0.0
1450 1377.0710144042969 1278.9289989471436 348.56119309865807 0.0 0.0 0.0 0.0 0.0 0.0 0.0
1458 1344.1731872558594 1293.8826122283936 359.2776943004328 0.0 0.0 0.0 0.0 0.0 0.0 0.0
1466 1302.3034362792969 1308.836103439331 16.893791041133255 0.0 0.0 0.0 0.0 0.0 0.0 0.0
1473 1266.4150085449219 1317.8081493377686 34.15957480765218 0.0 0.0 0.0 0.0 0.0 0.0 0.0
1480 1236.5080261230469 1323.7895946502686 50.09215098288658 0.0 0.0 0.0 0.0 0.0 0.0 0.0
1488 1215.5730895996094 1329.770917892456 62.09303520532947 0.0 0.0 0.0 0.0 0.0 0.0 0.0
1495 1203.6103210449219 1332.761640548706 68.86289978017888 0.0 0.0 0.0 0.0 0.0 0.0 0.0
1505 1197.6288757324219 1335.752363204956 72.35534610657109 0.0 0.0 0.0 0.0 0.0 0.0 0.0
1512 1194.6381530761719 1335.752363204956 73.98155441349837 0.0 0.0 0.0 0.0 0.0 0.0 0.0
1550 1197.6288757324219 1332.761640548706 72.10451711474758 0.0 0.0 0.0 0.0 0.0 0.0 0.0
1551 1215.5730895996094 1317.8081493377686 59.87376780254428 0.0 0.0 0.0 0.0 0.0 0.0 0.0
1560 1266.4150085449219 1284.9104442596436 27.16669783942787 0.0 0.0 0.0 0.0 0.0 0.0 0.0
1574 1311.2754821777344 1266.966230392456 9.74785285993417 0.0 0.0 0.0 0.0 0.0 0.0 0.0
1579 1341.1825866699219 1257.9941844940186 1.8539866276246215 0.0 0.0 0.0 0.0 0.0 0.0 0.0
1582 1362.1174011230469 1252.0127391815186 357.3551994196307 0.0 0.0 0.0 0.0 0.0 0.0 0.0
1589 1371.0895690917969 1249.0220165252686 355.36120451248695 0.0 0.0 0.0 0.0 0.0 0.0 0.0
1598 1380.0616149902344 1246.0312938690186 353.5218854495089 0.0 0.0 0.0 0.0 0.0 0.0 0.0
1605 1386.0430603027344 1246.0312938690186 353.39478245405513 0.0 0.0 0.0 0.0 0.0 0.0 0.0
1611 1389.0337829589844 1246.0312938690186 353.3330192565193 0.0 0.0 0.0 0.0 0.0 0.0 0.0
1662 1389.0337829589844 1252.0127391815186 356.5978542191626 0.0 0.0 0.0 0.0 0.0 0.0 0.0
1669 1374.0802917480469 1263.975507736206 4.945069132311573 0.0 0.0 0.0 0.0 0.0 0.0 0.0
1672 1329.2196960449219 1299.863935470581 38.16670567586675 0.0 0.0 0.0 0.0 0.0 0.0 0.0
1674 1299.3127136230469 1320.7988719940186 58.13958529968701 0.0 0.0 0.0 0.0 0.0 0.0 0.0
1682 1269.4057312011719 1338.743085861206 75.66815185905449 0.0 0.0 0.0 0.0 0.0 0.0 0.0
1691 1242.4894714355469 1356.6872997283936 89.05213520235631 0.0 0.0 0.0 0.0 0.0 0.0 0.0
1698 1221.5545349121094 1368.650068283081 98.14857522693686 0.0 0.0 0.0 0.0 0.0 0.0 0.0
1705 1212.5823669433594 1374.631513595581 101.6130709997957 0.0 0.0 0.0 0.0 0.0 0.0 0.0
1713 1206.6010437011719 1380.6128368377686 103.40709779093632 0.0 0.0 0.0 0.0 0.0 0.0 0.0
1752 1224.5452575683594 1365.659345626831 95.9723618305434 0.0 0.0 0.0 0.0 0.0 0.0 0.0
1759 1248.4707946777344 1353.6965770721436 82.96076852152234 0.0 0.0 0.0 0.0 0.0 0.0 0.0
1769 1284.3592224121094 1338.743085861206 61.154814066340805 0.0 0.0 0.0 0.0 0.0 0.0 0.0
1786 1311.2754821777344 1323.7895946502686 44.19611777877458 0.0 0.0 0.0 0.0 0.0 0.0 0.0
1787 1344.1731872558594 1311.8267040252686 27.93721320913997 0.0 0.0 0.0 0.0 0.0 0.0 0.0
1793 1353.1453552246094 1308.836103439331 23.897264212485283 0.0 0.0 0.0 0.0 0.0 0.0 0.0
1800 1359.1268005371094 1305.845380783081 20.849117563100464 0.0 0.0 0.0 0.0 0.0 0.0 0.0
1853 1356.1360778808594 1311.8267040252686 24.490752248569578 0.0 0.0 0.0 0.0 0.0 0.0 0.0
1859 1341.1825866699219 1323.7895946502686 34.951417112337936 0.0 0.0 0.0 0.0 0.0 0.0 0.0
1867 1317.2569274902344 1341.733808517456 51.439837839816505 0.0 0.0 0.0 0.0 0.0 0.0 0.0
1877 1284.3592224121094 1356.6872997283936 71.00878287829272 0.0 0.0 0.0 0.0 0.0 0.0 0.0
1889 1248.4707946777344 1377.622236251831 89.18718461715187 0.0 0.0 0.0 0.0 0.0 0.0 0.0
1891 1185.6661071777344 1404.538496017456 111.84871894581707 0.0 0.0 0.0 0.0 0.0 0.0 0.0
1899 1173.7033386230469 1410.519941329956 115.42477210268729 0.0 0.0 0.0 0.0 0.0 0.0 0.0
1907 1170.7126159667969 1410.519941329956 116.75774862449097 0.0 0.0 0.0 0.0 0.0 0.0 0.0
1916 1167.7218933105469 1410.519941329956 118.0685448677209 0.0 0.0 0.0 0.0 0.0 0.0 0.0
1922 1167.7218933105469 1413.5105419158936 117.10676681770425 0.0 0.0 0.0 0.0 0.0 0.0 0.0
1945 1176.6940612792969 1410.519941329956 113.85146341434017 0.0 0.0 0.0 0.0 0.0 0.0 0.0
1953 1200.6195983886719 1392.5757274627686 106.07649597841177 0.0 0.0 0.0 0.0 0.0 0.0 0.0
1963 1245.4800720214844 1368.650068283081 80.50022011745111 0.0 0.0 0.0 0.0 0.0 0.0 0.0
1970 1305.2941589355469 1341.733808517456 42.99552230312045 0.0 0.0 0.0 0.0 0.0 0.0 0.0
1979 1374.0802917480469 1314.8174266815186 13.6782051704852 0.0 0.0 0.0 0.0 0.0 0.0 0.0
1987 1418.9407653808594 1296.873212814331 0.04351618170663585 0.0 0.0 0.0 0.0 0.0 0.0 0.0
1992 1442.8664245605469 1287.9011669158936 354.38977257529484 0.0 0.0 0.0 0.0 0.0 0.0 0.0
2004 1460.8106384277344 1284.9104442596436 352.51986052469755 0.0 0.0 0.0 0.0 0.0 0.0 0.0
2020 1463.8012390136719 1284.9104442596436 352.4824136072365 0.0 0.0 0.0 0.0 0.0 0.0 0.0
2026 1463.8012390136719 1281.9197216033936 350.8433145042054 0.0 0.0 0.0 0.0 0.0 0.0 0.0
2028 1466.7919616699219 1281.9197216033936 350.8524954784467 0.0 0.0 0.0 0.0 0.0 0.0 0.0
2046 1463.8012390136719 1281.9197216033936 350.84305559019475 0.0 0.0 0.0 0.0 0.0 0.0 0.0
2055 1457.8199157714844 1293.8826122283936 357.74745341065335 0.0 0.0 0.0 0.0 0.0 0.0 0.0
2062 1439.8757019042969 1314.8174266815186 12.12798904578817 0.0 0.0 0.0 0.0 0.0 0.0 0.0
2071 1418.9407653808594 1332.761640548706 26.98032612222451 0.0 0.0 0.0 0.0 0.0 0.0 0.0
2078 1400.9965515136719 1344.7244091033936 38.74361899670495 0.0 0.0 0.0 0.0 0.0 0.0 0.0
2087 1380.0616149902344 1365.659345626831 54.35027306694292 0.0 0.0 0.0 0.0 0.0 0.0 0.0
2094 1362.1174011230469 1380.6128368377686 66.06111029423448 0.0 0.0 0.0 0.0 0.0 0.0 0.0
2103 1350.1546325683594 1386.5942821502686 73.03188812528529 0.0 0.0 0.0 0.0 0.0 0.0 0.0
2107 1347.1639099121094 1392.5757274627686 75.01338905620096 0.0 0.0 0.0 0.0 0.0 0.0 0.0
2115 1344.1731872558594 1392.5757274627686 76.64736738226352 0.0 0.0 0.0 0.0 0.0 0.0 0.0
2147 1356.1360778808594 1386.5942821502686 69.54765344985626 0.0 0.0 0.0 0.0 0.0 0.0 0.0
2155 1374.0802917480469 1374.631513595581 57.840927418705405 0.0 0.0 0.0 0.0 0.0 0.0 0.0
2164 1398.0058288574219 1356.6872997283936 41.24448763680428 0.0 0.0 0.0 0.0 0.0 0.0 0.0
2172 1460.8106384277344 1323.7895946502686 11.171706745826 0.0 0.0 0.0 0.0 0.0 0.0 0.0
2177 1502.6803894042969 1311.8267040252686 0.8109946069085225 0.0 0.0 0.0 0.0 0.0 0.0 0.0
2185 1532.5873718261719 1299.863935470581 353.55944205462345 0.0 0.0 0.0 0.0 0.0 0.0 0.0
2193 1544.5501403808594 1299.863935470581 353.31451446392884 0.0 0.0 0.0 0.0 0.0 0.0 0.0
2203 1547.5408630371094 1299.863935470581 353.25498593198813 0.0 0.0 0.0 0.0 0.0 0.0 0.0
2234 1547.5408630371094 1302.854658126831 354.89060943767595 0.0 0.0 0.0 0.0 0.0 0.0 0.0
2243 1532.5873718261719 1314.8174266815186 3.0153518790582723 0.0 0.0 0.0 0.0 0.0 0.0 0.0
2248 1490.7176208496094 1353.6965770721436 36.11363261278396 0.0 0.0 0.0 0.0 0.0 0.0 0.0
2256 1386.0430603027344 1419.4919872283936 93.55773950482458 0.0 0.0 0.0 0.0 0.0 0.0 0.0
2264 1236.5080261230469 1497.250165939331 124.88317599679397 0.0 0.0 0.0 0.0 0.0 0.0 0.0
2273 1080.9915466308594 1557.0642528533936 140.4442726099805 0.0 0.0 0.0 0.0 0.0 0.0 0.0
2280 958.3728942871094 1595.943281173706 147.69356503250424 0.0 0.0 0.0 0.0 0.0 0.0 0.0
2289 865.6611022949219 1631.831708908081 148.82342547447564 0.0 0.0 0.0 0.0 0.0 0.0 0.0
2296 838.7448425292969 1640.803876876831 149.65862229829872 0.0 0.0 0.0 0.0 0.0 0.0 0.0
2305 799.8656921386719 1655.7573680877686 149.79447835982205 0.0 0.0 0.0 0.0 0.0 0.0 0.0
2326 802.8564147949219 1655.7573680877686 149.18076826072496 0.0 0.0 0.0 0.0 0.0 0.0 0.0
2334 817.8099060058594 1646.7852001190186 150.96437022266616 0.0 0.0 0.0 0.0 0.0 0.0 0.0
2354 856.6889953613281 1625.8503856658936 156.79784841884543 0.0 0.0 0.0 0.0 0.0 0.0 0.0
2362 988.2798767089844 1554.0735301971436 294.65665554703014 0.0 0.0 0.0 0.0 0.0 0.0 0.0
2364 1039.1217956542969 1521.1758251190186 303.2742621836531 0.0 0.0 0.0 0.0 0.0 0.0 0.0
2380 1086.9729919433594 1488.2781200408936 308.04750208495653 0.0 0.0 0.0 0.0 0.0 0.0 0.0
2381 1128.8427429199219 1461.3618602752686 311.3941494206114 0.0 0.0 0.0 0.0 0.0 0.0 0.0
2388 1161.7404479980469 1440.426923751831 313.3773877971179 0.0 0.0 0.0 0.0 0.0 0.0 0.0
2395 1179.6846618652344 1431.454755783081 315.17876456887444 0.0 0.0 0.0 0.0 0.0 0.0 0.0
2405 1182.6753845214844 1431.454755783081 316.12007895869687 0.0 0.0 0.0 0.0 0.0 0.0 0.0
2412 1185.6661071777344 1428.464033126831 315.7350813306855 0.0 0.0 0.0 0.0 0.0 0.0 0.0
2468 1176.6940612792969 1437.436201095581 317.04689963510117 0.0 0.0 0.0 0.0 0.0 0.0 0.0
2475 1170.7126159667969 1446.4082469940186 319.5120282776492 0.0 0.0 0.0 0.0 0.0 0.0 0.0
2482 1164.7311706542969 1452.3896923065186 320.6726965020316 0.0 0.0 0.0 0.0 0.0 0.0 0.0
2512 1164.7311706542969 1455.3804149627686 322.10528596426064 0.0 0.0 0.0 0.0 0.0 0.0 0.0
2530 1170.7126159667969 1452.3896923065186 322.25570337516587 0.0 0.0 0.0 0.0 0.0 0.0 0.0
2540 1182.6753845214844 1440.426923751831 320.0341567124615 0.0 0.0 0.0 0.0 0.0 0.0 0.0
2545 1191.6475524902344 1431.454755783081 318.5442759401427 0.0 0.0 0.0 0.0 0.0 0.0 0.0
2551 1206.6010437011719 1419.4919872283936 317.6116823688355 0.0 0.0 0.0 0.0 0.0 0.0 0.0
2559 1221.5545349121094 1404.538496017456 315.6943959027983 0.0 0.0 0.0 0.0 0.0 0.0 0.0
2567 1242.4894714355469 1386.5942821502686 314.62605525180226 0.0 0.0 0.0 0.0 0.0 0.0 0.0
2574 1260.4336853027344 1371.640790939331 314.03121106407053 0.0 0.0 0.0 0.0 0.0 0.0 0.0
2595 1275.3871765136719 1362.668622970581 314.913232257055 0.0 0.0 0.0 0.0 0.0 0.0 0.0
2604 1278.3777770996094 1359.6780223846436 314.5745923567077 0.0 0.0 0.0 0.0 0.0 0.0 0.0
2637 1278.3777770996094 1368.650068283081 318.7273442648526 0.0 0.0 0.0 0.0 0.0 0.0 0.0
2644 1272.3964538574219 1377.622236251831 321.3651184015981 0.0 0.0 0.0 0.0 0.0 0.0 0.0
2653 1269.4057312011719 1380.6128368377686 321.99705345921143 0.0 0.0 0.0 0.0 0.0 0.0 0.0
2660 1269.4057312011719 1386.5942821502686 324.9384657815518 0.0 0.0 0.0 0.0 0.0 0.0 0.0
2671 1266.4150085449219 1386.5942821502686 324.19500018513565 0.0 0.0 0.0 0.0 0.0 0.0 0.0
2690 1278.3777770996094 1386.5942821502686 326.89168321992383 0.0 0.0 0.0 0.0 0.0 0.0 0.0
2700 1290.3406677246094 1380.6128368377686 326.6327269511281 0.0 0.0 0.0 0.0 0.0 0.0 0.0
2707 1308.2848815917969 1368.650068283081 325.0718147838608 0.0 0.0 0.0 0.0 0.0 0.0 0.0
2718 1326.2290954589844 1356.6872997283936 323.77625922589925 0.0 0.0 0.0 0.0 0.0 0.0 0.0
2722 1344.1731872558594 1344.7244091033936 322.7012451494476 0.0 0.0 0.0 0.0 0.0 0.0 0.0
2730 1362.1174011230469 1332.761640548706 321.80962516963166 0.0 0.0 0.0 0.0 0.0 0.0 0.0
2740 1377.0710144042969 1323.7895946502686 321.58092202997557 0.0 0.0 0.0 0.0 0.0 0.0 0.0
2746 1380.0616149902344 1320.7988719940186 320.9882273656259 0.0 0.0 0.0 0.0 0.0 0.0 0.0
2754 1383.0523376464844 1320.7988719940186 321.79230288896565 0.0 0.0 0.0 0.0 0.0 0.0 0.0
2792 1371.0895690917969 1332.761640548706 324.74655402856644 0.0 0.0 0.0 0.0 0.0 0.0 0.0
2800 1362.1174011230469 1341.733808517456 327.24757083181396 0.0 0.0 0.0 0.0 0.0 0.0 0.0
2809 1335.2011413574219 1365.659345626831 336.1101651874722 0.0 0.0 0.0 0.0 0.0 0.0 0.0
2815 1317.2569274902344 1377.622236251831 340.79168712469243 0.0 0.0 0.0 0.0 0.0 0.0 0.0
2824 1299.3127136230469 1389.5850048065186 346.5414003402594 0.0 0.0 0.0 0.0 0.0 0.0 0.0
2830 1290.3406677246094 1398.557050704956 351.4913877691139 0.0 0.0 0.0 0.0 0.0 0.0 0.0
2839 1284.3592224121094 1398.557050704956 351.5107133517752 0.0 0.0 0.0 0.0 0.0 0.0 0.0
2857 1284.3592224121094 1401.547773361206 353.14885590689084 0.0 0.0 0.0 0.0 0.0 0.0 0.0
2870 1293.3313903808594 1398.557050704956 351.4831505964708 0.0 0.0 0.0 0.0 0.0 0.0 0.0
2875 1311.2754821777344 1386.5942821502686 345.85775200934484 0.0 0.0 0.0 0.0 0.0 0.0 0.0
2884 1338.1918640136719 1365.659345626831 338.01889643665214 0.0 0.0 0.0 0.0 0.0 0.0 0.0
2892 1365.1081237792969 1350.7058544158936 334.42122728082194 0.0 0.0 0.0 0.0 0.0 0.0 0.0
2901 1400.9965515136719 1329.770917892456 330.59187156409905 0.0 0.0 0.0 0.0 0.0 0.0 0.0
2908 1421.9314880371094 1317.8081493377686 328.8783314783366 0.0 0.0 0.0 0.0 0.0 0.0 0.0
2919 1430.9035339355469 1311.8267040252686 327.81812950959693 0.0 0.0 0.0 0.0 0.0 0.0 0.0
2924 1436.8849792480469 1308.836103439331 327.6252975075598 0.0 0.0 0.0 0.0 0.0 0.0 0.0
2946 1439.8757019042969 1308.836103439331 328.26328362860227 0.0 0.0 0.0 0.0 0.0 0.0 0.0
2968 1436.8849792480469 1311.8267040252686 329.1686953236826 0.0 0.0 0.0 0.0 0.0 0.0 0.0
2972 1412.9593200683594 1329.770917892456 334.9600200827821 0.0 0.0 0.0 0.0 0.0 0.0 0.0
2978 1392.0245056152344 1347.7151317596436 343.1157770456965 0.0 0.0 0.0 0.0 0.0 0.0 0.0
2987 1362.1174011230469 1362.668622970581 351.40545890006507 0.0 0.0 0.0 0.0 0.0 0.0 0.0
2995 1332.2104187011719 1380.6128368377686 4.9968165442953705 0.0 0.0 0.0 0.0 0.0 0.0 0.0
3001 1299.3127136230469 1392.5757274627686 19.467584865373055 0.0 0.0 0.0 0.0 0.0 0.0 0.0
3008 1272.3964538574219 1407.529218673706 35.89270345299116 0.0 0.0 0.0 0.0 0.0 0.0 0.0
3016 1260.4336853027344 1413.5105419158936 43.09336487107623 0.0 0.0 0.0 0.0 0.0 0.0 0.0
3027 1254.4522399902344 1419.4919872283936 47.64105143142663 0.0 0.0 0.0 0.0 0.0 0.0 0.0
3047 1272.3964538574219 1410.519941329956 37.09721914155807 0.0 0.0 0.0 0.0 0.0 0.0 0.0
3055 1299.3127136230469 1389.5850048065186 19.707120072784562 0.0 0.0 0.0 0.0 0.0 0.0 0.0
3065 1344.1731872558594 1365.659345626831 1.948327718881572 0.0 0.0 0.0 0.0 0.0 0.0 0.0
3072 1406.9779968261719 1329.770917892456 345.5347369477571 0.0 0.0 0.0 0.0 0.0 0.0 0.0
3078 1472.7734069824219 1287.9011669158936 334.10669481058176 0.0 0.0 0.0 0.0 0.0 0.0 0.0
3087 1577.4479675292969 1222.1057567596436 325.9293630770011 0.0 0.0 0.0 0.0 0.0 0.0 0.0
3094 1598.3827819824219 1210.142988204956 325.08630269274283 0.0 0.0 0.0 0.0 0.0 0.0 0.0
3103 1607.3549499511719 1204.161542892456 324.37697543096357 0.0 0.0 0.0 0.0 0.0 0.0 0.0
3118 1610.3456726074219 1201.170820236206 323.6797758877632 0.0 0.0 0.0 0.0 0.0 0.0 0.0
3142 1583.4292907714844 1213.1335887908936 322.2971641929083 0.0 0.0 0.0 0.0 0.0 0.0 0.0
3149 1550.5315856933594 1231.077802658081 322.1488969840319 0.0 0.0 0.0 0.0 0.0 0.0 0.0
3156 1499.6896667480469 1257.9941844940186 320.77137320940375 0.0 0.0 0.0 0.0 0.0 0.0 0.0
3164 1454.8291931152344 1281.9197216033936 318.5702147441482 0.0 0.0 0.0 0.0 0.0 0.0 0.0
3173 1424.9222106933594 1296.873212814331 315.74652272461185 0.0 0.0 0.0 0.0 0.0 0.0 0.0
3184 1406.9779968261719 1311.8267040252686 317.00378764792356 0.0 0.0 0.0 0.0 0.0 0.0 0.0
3190 1403.9872741699219 1311.8267040252686 316.06105507809525 0.0 0.0 0.0 0.0 0.0 0.0 0.0
3193 1403.9872741699219 1314.8174266815186 317.42390590514736 0.0 0.0 0.0 0.0 0.0 0.0 0.0
3209 1418.9407653808594 1302.854658126831 316.6642963597469 0.0 0.0 0.0 0.0 0.0 0.0 0.0
3218 1463.8012390136719 1278.9289989471436 318.76899297033407 0.0 0.0 0.0 0.0 0.0 0.0 0.0
3226 1532.5873718261719 1240.049970626831 320.0293246241089 0.0 0.0 0.0 0.0 0.0 0.0 0.0
3237 1604.3642272949219 1195.189374923706 319.6437976422894 0.0 0.0 0.0 0.0 0.0 0.0 0.0
3242 1676.1410827636719 1153.3196239471436 320.20740759981356 0.0 0.0 0.0 0.0 0.0 0.0 0.0
3253 1753.8992614746094 1087.5242137908936 315.63270149488244 0.0 0.0 0.0 0.0 0.0 0.0 0.0