0 2000.0 1500.0 0 0.0 0.0 0.0 0.0 0.0 0.0 0.0
73 2000.0 1500.0 0 0.0 0.0 0.0 0.0 0.0 0.0 0.0
85 2000.0 1500.0 0 0.0 0.0 0.0 0.0 0.0 0.0 0.0
98 2000.0 1500.0 0 0.0 0.0 0.0 0.0 0.0 0.0 0.0
113 2000.0 1500.0 0 0.0 0.0 0.0 0.0 0.0 0.0 0.0
130 2000.0 1500.0 0 0.0 0.0 0.0 0.0 0.0 0.0 0.0
148 2000.0 1500.0 0 0.0 0.0 0.0 0.0 0.0 0.0 0.0
163 2000.0 1500.0 0 0.0 0.0 0.0 0.0 0.0 0.0 0.0
180 2000.0 1500.0 0 0.0 0.0 0.0 0.0 0.0 0.0 0.0
198 2000.0 1500.0 0 0.0 0.0 0.0 0.0 0.0 0.0 0.0
213 2000.0 1500.0 0 0.0 0.0 0.0 0.0 0.0 0.0 0.0
231 2000.0 1500.0 0 0.0 0.0 0.0 0.0 0.0 0.0 0.0
247 2000.0 1500.0 0 0.0 0.0 0.0 0.0 0.0 0.0 0.0
263 2000.0 1500.0 0 0.0 0.0 0.0 0.0 0.0 0.0 0.0
280 2000.0 1500.0 0 0.0 0.0 0.0 0.0 0.0 0.0 0.0
297 2000.0 1500.0 0 0.0 0.0 0.0 0.0 0.0 0.0 0.0
314 2002.99072265625 1500.0 0.17679985323822223 0.0 0.0 0.0 0.0 0.0 0.0 0.0
330 2017.9443359375 1500.0 0.9463415143136018 0.0 0.0 0.0 0.0 0.0 0.0 0.0
347 2029.906982421875 1500.0 1.4963731246115373 0.0 0.0 0.0 0.0 0.0 0.0 0.0
367 2050.842041015625 1500.0 2.292749337633694 0.0 0.0 0.0 0.0 0.0 0.0 0.0
383 2059.81396484375 1500.0 2.605977777393008 0.0 0.0 0.0 0.0 0.0 0.0 0.0
399 2068.7861328125 1500.0 2.8934916547400036 0.0 0.0 0.0 0.0 0.0 0.0 0.0
415 2074.767578125 1500.0 3.0743612010173393 0.0 0.0 0.0 0.0 0.0 0.0 0.0
432 2080.7490234375 1500.0 3.2450367321566205 0.0 0.0 0.0 0.0 0.0 0.0 0.0
449 2095.702392578125 1500.0 3.6163176838541062 0.0 0.0 0.0 0.0 0.0 0.0 0.0
467 2107.665283203125 1500.0 3.8816182144334164 0.0 0.0 0.0 0.0 0.0 0.0 0.0
482 2116.637451171875 1500.0 4.064274343516303 0.0 0.0 0.0 0.0 0.0 0.0 0.0
499 2134.58154296875 1500.0 4.373984259928662 0.0 0.0 0.0 0.0 0.0 0.0 0.0
515 2140.56298828125 1500.0 4.471386495609849 0.0 0.0 0.0 0.0 0.0 0.0 0.0
533 2155.5166015625 1497.00927734375 3.1947157434645277 0.0 0.0 0.0 0.0 0.0 0.0 0.0
549 2161.497802734375 1497.00927734375 3.3586036293926327 0.0 0.0 0.0 0.0 0.0 0.0 0.0
565 2167.479248046875 1497.00927734375 3.513249380185684 0.0 0.0 0.0 0.0 0.0 0.0 0.0
582 2185.423583984375 1497.00927734375 3.906757430009648 0.0 0.0 0.0 0.0 0.0 0.0 0.0
599 2191.40478515625 1494.0185546875 2.4172106596095375 0.0 0.0 0.0 0.0 0.0 0.0 0.0
616 2197.38623046875 1494.0185546875 2.624942718636447 0.0 0.0 0.0 0.0 0.0 0.0 0.0
632 2209.34912109375 1494.0185546875 2.9960668287064323 0.0 0.0 0.0 0.0 0.0 0.0 0.0
649 2215.33056640625 1491.02783203125 1.5595214398305757 0.0 0.0 0.0 0.0 0.0 0.0 0.0
667 2224.302734375 1488.0372314453125 0.3683651406453521 0.0 0.0 0.0 0.0 0.0 0.0 0.0
682 2233.274658203125 1485.0465087890625 359.2778923442619 0.0 0.0 0.0 0.0 0.0 0.0 0.0
699 2239.256103515625 1482.0557861328125 358.0607904227598 0.0 0.0 0.0 0.0 0.0 0.0 0.0
716 2260.19091796875 1479.0650634765625 358.0450181771699 0.0 0.0 0.0 0.0 0.0 0.0 0.0
732 2275.14453125 1476.0743408203125 357.61467809589965 0.0 0.0 0.0 0.0 0.0 0.0 0.0
751 2296.079345703125 1467.102294921875 354.9014269867732 0.0 0.0 0.0 0.0 0.0 0.0 0.0
765 2305.051513671875 1464.111572265625 354.277679874063 0.0 0.0 0.0 0.0 0.0 0.0 0.0
782 2311.032958984375 1464.111572265625 354.94077555461143 0.0 0.0 0.0 0.0 0.0 0.0 0.0
799 2325.986328125 1458.130126953125 353.4703119083931 0.0 0.0 0.0 0.0 0.0 0.0 0.0
815 2337.94921875 1455.139404296875 353.31601183588964 0.0 0.0 0.0 0.0 0.0 0.0 0.0
832 2367.856201171875 1455.139404296875 356.24845691167957 0.0 0.0 0.0 0.0 0.0 0.0 0.0
850 2382.809814453125 1452.1488037109375 356.05567574497593 0.0 0.0 0.0 0.0 0.0 0.0 0.0
866 2394.7724609375 1449.1580810546875 355.61790596785534 0.0 0.0 0.0 0.0 0.0 0.0 0.0
885 2403.74462890625 1449.1580810546875 356.47707275215737 0.0 0.0 0.0 0.0 0.0 0.0 0.0
899 2406.7353515625 1449.1580810546875 356.7552287456022 0.0 0.0 0.0 0.0 0.0 0.0 0.0
918 2409.72607421875 1446.1673583984375 355.39026604514726 0.0 0.0 0.0 0.0 0.0 0.0 0.0
932 2412.716796875 1446.1673583984375 355.69956017366667 0.0 0.0 0.0 0.0 0.0 0.0 0.0
949 2412.716796875 1443.1766357421875 354.0241707082459 0.0 0.0 0.0 0.0 0.0 0.0 0.0
967 2412.716796875 1440.1859130859375 352.35992025523103 0.0 0.0 0.0 0.0 0.0 0.0 0.0
1255 2427.670166015625 1440.1859130859375 354.1358197226516 0.0 0.0 0.0 0.0 0.0 0.0 0.0
1266 2466.54931640625 1452.1488037109375 2.428959357662734 0.0 0.0 0.0 0.0 0.0 0.0 0.0
1282 2496.456298828125 1464.111572265625 8.55333254410202 0.0 0.0 0.0 0.0 0.0 0.0 0.0
1303 2517.391357421875 1470.093017578125 10.953420618815557 0.0 0.0 0.0 0.0 0.0 0.0 0.0
1317 2547.29833984375 1479.0650634765625 13.76349020427783 0.0 0.0 0.0 0.0 0.0 0.0 0.0
1336 2556.2705078125 1482.0557861328125 14.689846238905758 0.0 0.0 0.0 0.0 0.0 0.0 0.0
1351 2571.223876953125 1485.0465087890625 15.049737125126867 0.0 0.0 0.0 0.0 0.0 0.0 0.0
1367 2628.047119140625 1502.99072265625 18.249673823541514 0.0 0.0 0.0 0.0 0.0 0.0 0.0
1382 2651.972900390625 1514.9534912109375 21.276648246052062 0.0 0.0 0.0 0.0 0.0 0.0 0.0
1398 2672.90771484375 1520.9349365234375 21.41420865413248 0.0 0.0 0.0 0.0 0.0 0.0 0.0
1414 2702.814697265625 1523.925537109375 19.19979282474948 0.0 0.0 0.0 0.0 0.0 0.0 0.0
1431 2723.749755859375 1523.925537109375 16.943490957560115 0.0 0.0 0.0 0.0 0.0 0.0 0.0
1450 2771.600830078125 1523.925537109375 13.44004201391337 0.0 0.0 0.0 0.0 0.0 0.0 0.0
1467 2789.545166015625 1523.925537109375 12.325486324302958 0.0 0.0 0.0 0.0 0.0 0.0 0.0
1483 2807.4892578125 1523.925537109375 11.379811238775218 0.0 0.0 0.0 0.0 0.0 0.0 0.0
1500 2825.43359375 1523.925537109375 10.577528788228122 0.0 0.0 0.0 0.0 0.0 0.0 0.0
1516 2834.405517578125 1523.925537109375 10.209331218370139 0.0 0.0 0.0 0.0 0.0 0.0 0.0
1533 2846.368408203125 1523.925537109375 9.770728274667363 0.0 0.0 0.0 0.0 0.0 0.0 0.0
1550 2852.349853515625 1523.925537109375 9.56375227973004 0.0 0.0 0.0 0.0 0.0 0.0 0.0
1566 2861.32177734375 1523.925537109375 9.278852956675294 0.0 0.0 0.0 0.0 0.0 0.0 0.0
1584 2885.24755859375 1523.925537109375 8.665573656514852 0.0 0.0 0.0 0.0 0.0 0.0 0.0
1600 2900.200927734375 1523.925537109375 8.33209720964723 0.0 0.0 0.0 0.0 0.0 0.0 0.0
1618 2909.173095703125 1523.925537109375 8.148481627004642 0.0 0.0 0.0 0.0 0.0 0.0 0.0
1634 2924.126708984375 1514.9534912109375 3.4116066983092566 0.0 0.0 0.0 0.0 0.0 0.0 0.0
1655 2933.0986328125 1514.9534912109375 3.6329150835782116 0.0 0.0 0.0 0.0 0.0 0.0 0.0
1668 2965.996337890625 1505.9813232421875 0.39198100734429886 0.0 0.0 0.0 0.0 0.0 0.0 0.0
1684 2986.931396484375 1502.99072265625 359.96951745699585 0.0 0.0 0.0 0.0 0.0 0.0 0.0
1702 3019.8291015625 1497.00927734375 358.92422658251246 0.0 0.0 0.0 0.0 0.0 0.0 0.0
1716 3028.801025390625 1494.0185546875 357.95647975486725 0.0 0.0 0.0 0.0 0.0 0.0 0.0
1733 3037.773193359375 1491.02783203125 357.07116280679065 0.0 0.0 0.0 0.0 0.0 0.0 0.0
1750 3049.736083984375 1485.0465087890625 355.0249275225072 0.0 0.0 0.0 0.0 0.0 0.0 0.0
1767 3058.708251953125 1482.0557861328125 354.3905852013134 0.0 0.0 0.0 0.0 0.0 0.0 0.0
1786 3082.6337890625 1479.0650634765625 355.28065215431525 0.0 0.0 0.0 0.0 0.0 0.0 0.0
1800 3103.568603515625 1479.0650634765625 357.1472151610594 0.0 0.0 0.0 0.0 0.0 0.0 0.0
1818 3124.503662109375 1479.0650634765625 358.69336422895697 0.0 0.0 0.0 0.0 0.0 0.0 0.0
1835 3136.46630859375 1479.0650634765625 359.4830138219135 0.0 0.0 0.0 0.0 0.0 0.0 0.0
1850 3154.41064453125 1479.0650634765625 0.48824612925059796 0.0 0.0 0.0 0.0 0.0 0.0 0.0
1867 3160.391845703125 1479.0650634765625 0.8044459935954222 0.0 0.0 0.0 0.0 0.0 0.0 0.0
1883 3175.345458984375 1479.0650634765625 1.4925742028063524 0.0 0.0 0.0 0.0 0.0 0.0 0.0
1900 3178.336181640625 1470.093017578125 356.6968917032043 0.0 0.0 0.0 0.0 0.0 0.0 0.0
1918 3181.326904296875 1461.120849609375 352.1190739702848 0.0 0.0 0.0 0.0 0.0 0.0 0.0
2183 3184.317626953125 1461.120849609375 352.52129955472634 0.0 0.0 0.0 0.0 0.0 0.0 0.0
2200 3187.308349609375 1461.120849609375 352.9121461915747 0.0 0.0 0.0 0.0 0.0 0.0 0.0
2216 3196.2802734375 1461.120849609375 353.99034035866885 0.0 0.0 0.0 0.0 0.0 0.0 0.0
2235 3220.2060546875 1461.120849609375 356.3192149158873 0.0 0.0 0.0 0.0 0.0 0.0 0.0
2251 3235.159423828125 1461.120849609375 357.58731109941056 0.0 0.0 0.0 0.0 0.0 0.0 0.0
2268 3244.131591796875 1464.111572265625 359.850260573218 0.0 0.0 0.0 0.0 0.0 0.0 0.0
2284 3297.964111328125 1467.102294921875 3.150090658162455 0.0 0.0 0.0 0.0 0.0 0.0 0.0
2303 3315.908447265625 1467.102294921875 3.598787481673142 0.0 0.0 0.0 0.0 0.0 0.0 0.0
2318 3345.8154296875 1470.093017578125 5.493602617742411 0.0 0.0 0.0 0.0 0.0 0.0 0.0
2332 3360.768798828125 1473.0836181640625 7.062754847608659 0.0 0.0 0.0 0.0 0.0 0.0 0.0
2349 3378.713134765625 1476.0743408203125 8.367960749924634 0.0 0.0 0.0 0.0 0.0 0.0 0.0
2366 3396.6572265625 1482.0557861328125 10.919365005604817 0.0 0.0 0.0 0.0 0.0 0.0 0.0
2380 3420.5830078125 1485.0465087890625 11.367276435708646 0.0 0.0 0.0 0.0 0.0 0.0 0.0
2398 3435.536376953125 1485.0465087890625 10.682979807863205 0.0 0.0 0.0 0.0 0.0 0.0 0.0
2414 3450.489990234375 1485.0465087890625 10.087497398919353 0.0 0.0 0.0 0.0 0.0 0.0 0.0
2431 3453.480712890625 1488.0372314453125 11.627776002183609 0.0 0.0 0.0 0.0 0.0 0.0 0.0
2448 3459.462158203125 1491.02783203125 12.921776677251628 0.0 0.0 0.0 0.0 0.0 0.0 0.0
2463 3465.443359375 1491.02783203125 12.537720598726466 0.0 0.0 0.0 0.0 0.0 0.0 0.0
2481 3468.43408203125 1494.0185546875 13.999292401900192 0.0 0.0 0.0 0.0 0.0 0.0 0.0
2499 3474.41552734375 1494.0185546875 13.55480922046823 0.0 0.0 0.0 0.0 0.0 0.0 0.0
2513 3477.40625 1494.0185546875 13.33896086966702 0.0 0.0 0.0 0.0 0.0 0.0 0.0
2530 3480.39697265625 1494.0185546875 13.12932054692945 0.0 0.0 0.0 0.0 0.0 0.0 0.0
2547 3501.331787109375 1494.0185546875 11.91456195946121 0.0 0.0 0.0 0.0 0.0 0.0 0.0
2570 3522.266845703125 1494.0185546875 10.90932015523967 0.0 0.0 0.0 0.0 0.0 0.0 0.0
2584 3531.23876953125 1494.0185546875 10.513898155762703 0.0 0.0 0.0 0.0 0.0 0.0 0.0
2604 3537.22021484375 1494.0185546875 10.265113156865993 0.0 0.0 0.0 0.0 0.0 0.0 0.0
2615 3543.20166015625 1494.0185546875 10.030345072029789 0.0 0.0 0.0 0.0 0.0 0.0 0.0
2634 3561.145751953125 1494.0185546875 9.432908708417557 0.0 0.0 0.0 0.0 0.0 0.0 0.0
2650 3570.117919921875 1494.0185546875 9.158757057603324 0.0 0.0 0.0 0.0 0.0 0.0 0.0
2668 3594.04345703125 1494.0185546875 8.568649435368869 0.0 0.0 0.0 0.0 0.0 0.0 0.0
2682 3606.00634765625 1494.0185546875 8.305086427528678 0.0 0.0 0.0 0.0 0.0 0.0 0.0
2702 3611.98779296875 1494.0185546875 8.180756236044246 0.0 0.0 0.0 0.0 0.0 0.0 0.0
2726 3623.95068359375 1494.0185546875 7.958619603858793 0.0 0.0 0.0 0.0 0.0 0.0 0.0
2738 3629.931884765625 1494.0185546875 7.853836451863501 0.0 0.0 0.0 0.0 0.0 0.0 0.0
2750 3635.913330078125 1491.02783203125 6.138316127131304 0.0 0.0 0.0 0.0 0.0 0.0 0.0
2808 3641.894775390625 1485.0465087890625 2.9068037364922077 0.0 0.0 0.0 0.0 0.0 0.0 0.0
2816 3644.885498046875 1482.0557861328125 1.3415861235685753 0.0 0.0 0.0 0.0 0.0 0.0 0.0
2834 3647.876220703125 1482.0557861328125 1.4796032878201828 0.0 0.0 0.0 0.0 0.0 0.0 0.0
2852 3650.866943359375 1476.0743408203125 358.31554253041463 0.0 0.0 0.0 0.0 0.0 0.0 0.0
2864 3653.857666015625 1473.0836181640625 356.8983513228057 0.0 0.0 0.0 0.0 0.0 0.0 0.0
2882 3665.8203125 1464.111572265625 353.39061100932577 0.0 0.0 0.0 0.0 0.0 0.0 0.0