0 2000.0 1500.0 0 0.0 0.0 0.0 0.0 0.0 0.0 0.0
1 2000.0 1500.0 0 0.0 0.0 0.0 0.0 0.0 0.0 0.0
120 2000.0 1500.0 0 0.0 0.0 0.0 0.0 0.0 0.0 0.0
135 2000.0 1500.0 0 0.0 0.0 0.0 0.0 0.0 0.0 0.0
151 2000.0 1500.0 0 0.0 0.0 0.0 0.0 0.0 0.0 0.0
167 2000.0 1500.0 0 0.0 0.0 0.0 0.0 0.0 0.0 0.0
184 2000.0 1500.0 0 0.0 0.0 0.0 0.0 0.0 0.0 0.0
192 2000.0 1500.0 0 0.0 0.0 0.0 0.0 0.0 0.0 0.0
216 2000.0 1500.0 0 0.0 0.0 0.0 0.0 0.0 0.0 0.0
232 2000.0 1500.0 0 0.0 0.0 0.0 0.0 0.0 0.0 0.0
248 2000.0 1500.0 0 0.0 0.0 0.0 0.0 0.0 0.0 0.0
271 2000.0 1500.0 0 0.0 0.0 0.0 0.0 0.0 0.0 0.0
280 2000.0 1500.0 0 0.0 0.0 0.0 0.0 0.0 0.0 0.0
295 2000.0 1500.0 0 0.0 0.0 0.0 0.0 0.0 0.0 0.0
303 2000.0 1500.0 0 0.0 0.0 0.0 0.0 0.0 0.0 0.0
311 2000.0 1500.0 0 0.0 0.0 0.0 0.0 0.0 0.0 0.0
329 2000.0 1500.0 0 0.0 0.0 0.0 0.0 0.0 0.0 0.0
336 2000.0 1500.0 0 0.0 0.0 0.0 0.0 0.0 0.0 0.0
343 2000.0 1500.0 0 0.0 0.0 0.0 0.0 0.0 0.0 0.0
359 2000.0 1500.0 0 0.0 0.0 0.0 0.0 0.0 0.0 0.0
367 2000.0 1500.0 0 0.0 0.0 0.0 0.0 0.0 0.0 0.0
391 2000.0 1500.0 0 0.0 0.0 0.0 0.0 0.0 0.0 0.0
399 2000.0 1500.0 0 0.0 0.0 0.0 0.0 0.0 0.0 0.0
407 2000.0 1500.0 0 0.0 0.0 0.0 0.0 0.0 0.0 0.0
424 2000.0 1500.0 0 0.0 0.0 0.0 0.0 0.0 0.0 0.0
432 2000.0 1500.0 0 0.0 0.0 0.0 0.0 0.0 0.0 0.0
448 2000.0 1500.0 0 0.0 0.0 0.0 0.0 0.0 0.0 0.0
464 2000.0 1500.0 0 0.0 0.0 0.0 0.0 0.0 0.0 0.0
472 2000.0 1500.0 0 0.0 0.0 0.0 0.0 0.0 0.0 0.0
481 2004.00439453125 1500.0 359.19402566734857 0.0 0.0 0.0 0.0 0.0 0.0 0.0
487 2008.0087890625 1500.0 358.4152795339702 0.0 0.0 0.0 0.0 0.0 0.0 0.0
495 2012.01318359375 1500.0 357.66292721530715 0.0 0.0 0.0 0.0 0.0 0.0 0.0
511 2020.02197265625 1500.0 356.25741755831325 0.0 0.0 0.0 0.0 0.0 0.0 0.0
519 2028.03076171875 1504.00439453125 356.8374769291403 0.0 0.0 0.0 0.0 0.0 0.0 0.0
544 2032.03515625 1504.00439453125 356.13895330018795 0.0 0.0 0.0 0.0 0.0 0.0 0.0
551 2040.044189453125 1504.00439453125 354.83485288303643 0.0 0.0 0.0 0.0 0.0 0.0 0.0
567 2044.048583984375 1504.00439453125 354.2054288322516 0.0 0.0 0.0 0.0 0.0 0.0 0.0
575 2048.052978515625 1508.0087890625 355.5693406584434 0.0 0.0 0.0 0.0 0.0 0.0 0.0
584 2052.057373046875 1512.01318359375 356.87109118719997 0.0 0.0 0.0 0.0 0.0 0.0 0.0
623 2060.066162109375 1512.01318359375 355.5182007370691 0.0 0.0 0.0 0.0 0.0 0.0 0.0
648 2064.070556640625 1512.01318359375 354.8651292588013 0.0 0.0 0.0 0.0 0.0 0.0 0.0
664 2068.074951171875 1512.01318359375 354.23468372872753 0.0 0.0 0.0 0.0 0.0 0.0 0.0
672 2072.07958984375 1512.01318359375 353.62607165475004 0.0 0.0 0.0 0.0 0.0 0.0 0.0
687 2080.08837890625 1512.01318359375 352.4908545940003 0.0 0.0 0.0 0.0 0.0 0.0 0.0
695 2084.0927734375 1516.0177001953125 353.9320215293847 0.0 0.0 0.0 0.0 0.0 0.0 0.0
719 2088.09716796875 1516.0177001953125 353.3339427684221 0.0 0.0 0.0 0.0 0.0 0.0 0.0
743 2092.1015625 1516.0177001953125 352.75674767150326 0.0 0.0 0.0 0.0 0.0 0.0 0.0
759 2100.1103515625 1516.0177001953125 351.6803874724912 0.0 0.0 0.0 0.0 0.0 0.0 0.0
776 2104.11474609375 1516.0177001953125 351.1611492425301 0.0 0.0 0.0 0.0 0.0 0.0 0.0
784 2112.123779296875 1516.0177001953125 350.1932974622576 0.0 0.0 0.0 0.0 0.0 0.0 0.0
800 2120.132568359375 1516.0177001953125 349.2915233816033 0.0 0.0 0.0 0.0 0.0 0.0 0.0
807 2124.136962890625 1516.0177001953125 348.8566687134541 0.0 0.0 0.0 0.0 0.0 0.0 0.0
815 2128.141357421875 1520.0220947265625 350.457620407757 0.0 0.0 0.0 0.0 0.0 0.0 0.0
824 2132.145751953125 1520.0220947265625 349.9814689705838 0.0 0.0 0.0 0.0 0.0 0.0 0.0
832 2144.1591796875 1520.0220947265625 348.6945917383169 0.0 0.0 0.0 0.0 0.0 0.0 0.0
848 2148.16357421875 1520.0220947265625 348.28090418234365 0.0 0.0 0.0 0.0 0.0 0.0 0.0
855 2152.16796875 1520.0220947265625 347.8819334655543 0.0 0.0 0.0 0.0 0.0 0.0 0.0
864 2156.17236328125 1524.0264892578125 349.52479620363147 0.0 0.0 0.0 0.0 0.0 0.0 0.0
871 2160.1767578125 1524.0264892578125 349.0816693879891 0.0 0.0 0.0 0.0 0.0 0.0 0.0
880 2164.18115234375 1524.0264892578125 348.65424398986534 0.0 0.0 0.0 0.0 0.0 0.0 0.0
895 2168.185546875 1524.0264892578125 348.24198497205333 0.0 0.0 0.0 0.0 0.0 0.0 0.0
903 2172.18994140625 1524.0264892578125 347.84441800500014 0.0 0.0 0.0 0.0 0.0 0.0 0.0
912 2180.198974609375 1524.0264892578125 347.10393854489325 0.0 0.0 0.0 0.0 0.0 0.0 0.0
928 2184.203369140625 1524.0264892578125 346.74692385944354 0.0 0.0 0.0 0.0 0.0 0.0 0.0
935 2188.207763671875 1524.0264892578125 346.4026418654192 0.0 0.0 0.0 0.0 0.0 0.0 0.0
944 2192.212158203125 1524.0264892578125 346.0707267068369 0.0 0.0 0.0 0.0 0.0 0.0 0.0
952 2200.220947265625 1524.0264892578125 345.45278423386793 0.0 0.0 0.0 0.0 0.0 0.0 0.0
961 2208.229736328125 1528.0308837890625 346.8523619481782 0.0 0.0 0.0 0.0 0.0 0.0 0.0
975 2212.234130859375 1532.035400390625 348.5391065435581 0.0 0.0 0.0 0.0 0.0 0.0 0.0
992 2220.2431640625 1532.035400390625 347.7507754627728 0.0 0.0 0.0 0.0 0.0 0.0 0.0
1000 2224.24755859375 1536.039794921875 349.39927758982753 0.0 0.0 0.0 0.0 0.0 0.0 0.0
1008 2228.251953125 1536.039794921875 348.96060443028375 0.0 0.0 0.0 0.0 0.0 0.0 0.0
1023 2232.25634765625 1536.039794921875 348.5374528873158 0.0 0.0 0.0 0.0 0.0 0.0 0.0
1031 2240.26513671875 1536.039794921875 347.7493117910143 0.0 0.0 0.0 0.0 0.0 0.0 0.0
1041 2244.26953125 1536.039794921875 347.36929387897135 0.0 0.0 0.0 0.0 0.0 0.0 0.0
1048 2248.27392578125 1536.039794921875 347.00284011820634 0.0 0.0 0.0 0.0 0.0 0.0 0.0
1054 2252.278564453125 1536.039794921875 346.64944947328513 0.0 0.0 0.0 0.0 0.0 0.0 0.0
1062 2260.287353515625 1536.039794921875 345.99147389283 0.0 0.0 0.0 0.0 0.0 0.0 0.0
1071 2264.291748046875 1540.044189453125 347.71451242792324 0.0 0.0 0.0 0.0 0.0 0.0 0.0
1086 2268.296142578125 1540.044189453125 347.3356989601593 0.0 0.0 0.0 0.0 0.0 0.0 0.0
1094 2272.300537109375 1540.044189453125 346.9704570487568 0.0 0.0 0.0 0.0 0.0 0.0 0.0
1102 2280.309326171875 1540.044189453125 346.29027992114845 0.0 0.0 0.0 0.0 0.0 0.0 0.0
1111 2284.313720703125 1540.044189453125 345.96238508675543 0.0 0.0 0.0 0.0 0.0 0.0 0.0
1127 2288.318359375 1540.044189453125 345.6461734340457 0.0 0.0 0.0 0.0 0.0 0.0 0.0
1134 2296.3271484375 1540.044189453125 345.0576133478279 0.0 0.0 0.0 0.0 0.0 0.0 0.0
1143 2304.3359375 1540.044189453125 344.5097827772421 0.0 0.0 0.0 0.0 0.0 0.0 0.0
1152 2308.34033203125 1540.044189453125 344.2457601121498 0.0 0.0 0.0 0.0 0.0 0.0 0.0
1160 2316.34912109375 1540.044189453125 343.75429626263673 0.0 0.0 0.0 0.0 0.0 0.0 0.0
1167 2324.358154296875 1540.044189453125 343.2969541642646 0.0 0.0 0.0 0.0 0.0 0.0 0.0
1175 2328.362548828125 1540.044189453125 343.07653016277527 0.0 0.0 0.0 0.0 0.0 0.0 0.0
1184 2332.366943359375 1540.044189453125 342.8640608026175 0.0 0.0 0.0 0.0 0.0 0.0 0.0
1191 2340.375732421875 1544.048583984375 344.4550040287929 0.0 0.0 0.0 0.0 0.0 0.0 0.0
1199 2344.380126953125 1544.048583984375 344.1929113468853 0.0 0.0 0.0 0.0 0.0 0.0 0.0
1207 2348.384521484375 1544.048583984375 343.9402324838531 0.0 0.0 0.0 0.0 0.0 0.0 0.0
1216 2352.388916015625 1544.048583984375 343.6966847474731 0.0 0.0 0.0 0.0 0.0 0.0 0.0
1223 2360.39794921875 1544.048583984375 343.2433364827235 0.0 0.0 0.0 0.0 0.0 0.0 0.0
1233 2364.40234375 1544.048583984375 343.02483730039546 0.0 0.0 0.0 0.0 0.0 0.0 0.0
1248 2368.40673828125 1544.048583984375 342.81423166308105 0.0 0.0 0.0 0.0 0.0 0.0 0.0
1264 2372.4111328125 1544.048583984375 342.61120519110483 0.0 0.0 0.0 0.0 0.0 0.0 0.0
1287 2380.419921875 1544.048583984375 342.2333891264522 0.0 0.0 0.0 0.0 0.0 0.0 0.0
1296 2384.42431640625 1544.048583984375 342.0512997040912 0.0 0.0 0.0 0.0 0.0 0.0 0.0
1311 2388.4287109375 1544.048583984375 341.8757702986146 0.0 0.0 0.0 0.0 0.0 0.0 0.0
1320 2392.43310546875 1544.048583984375 341.7065647991078 0.0 0.0 0.0 0.0 0.0 0.0 0.0
1328 2396.437744140625 1544.048583984375 341.5434732138259 0.0 0.0 0.0 0.0 0.0 0.0 0.0
1336 2400.442138671875 1544.048583984375 341.38628024788966 0.0 0.0 0.0 0.0 0.0 0.0 0.0
1343 2404.446533203125 1544.048583984375 341.234756538641 0.0 0.0 0.0 0.0 0.0 0.0 0.0
1352 2408.450927734375 1544.048583984375 341.08871206195556 0.0 0.0 0.0 0.0 0.0 0.0 0.0
1359 2412.455322265625 1544.048583984375 340.9479564303782 0.0 0.0 0.0 0.0 0.0 0.0 0.0
1367 2420.464111328125 1544.048583984375 340.68606461574325 0.0 0.0 0.0 0.0 0.0 0.0 0.0
1376 2424.468505859375 1544.048583984375 340.5598545697558 0.0 0.0 0.0 0.0 0.0 0.0 0.0
1384 2428.472900390625 1544.048583984375 340.43818432436024 0.0 0.0 0.0 0.0 0.0 0.0 0.0
1392 2432.4775390625 1544.048583984375 340.3208993509004 0.0 0.0 0.0 0.0 0.0 0.0 0.0
1400 2440.486328125 1544.048583984375 340.10272977076795 0.0 0.0 0.0 0.0 0.0 0.0 0.0
1416 2444.49072265625 1544.048583984375 339.99757106128664 0.0 0.0 0.0 0.0 0.0 0.0 0.0
1424 2448.4951171875 1544.048583984375 339.8962284287972 0.0 0.0 0.0 0.0 0.0 0.0 0.0
1439 2452.49951171875 1544.048583984375 339.79856702023744 0.0 0.0 0.0 0.0 0.0 0.0 0.0
1447 2460.50830078125 1544.048583984375 339.61681266110077 0.0 0.0 0.0 0.0 0.0 0.0 0.0
1455 2464.5126953125 1544.048583984375 339.5292283739619 0.0 0.0 0.0 0.0 0.0 0.0 0.0
1464 2472.521728515625 1544.048583984375 339.3663012652952 0.0 0.0 0.0 0.0 0.0 0.0 0.0
1472 2484.534912109375 1544.048583984375 339.1466460467438 0.0 0.0 0.0 0.0 0.0 0.0 0.0
1479 2488.539306640625 1544.048583984375 339.07605894565137 0.0 0.0 0.0 0.0 0.0 0.0 0.0
1487 2492.543701171875 1544.048583984375 339.00806017004686 0.0 0.0 0.0 0.0 0.0 0.0 0.0
1495 2504.55712890625 1544.048583984375 338.82462021635865 0.0 0.0 0.0 0.0 0.0 0.0 0.0
1504 2512.56591796875 1540.044189453125 336.7091319869753 0.0 0.0 0.0 0.0 0.0 0.0 0.0
1512 2520.57470703125 1540.044189453125 336.74315737877276 0.0 0.0 0.0 0.0 0.0 0.0 0.0
1520 2524.5791015625 1540.044189453125 336.7595591221442 0.0 0.0 0.0 0.0 0.0 0.0 0.0
1528 2528.58349609375 1540.044189453125 336.7753641649124 0.0 0.0 0.0 0.0 0.0 0.0 0.0
1535 2532.587890625 1540.044189453125 336.7906002530575 0.0 0.0 0.0 0.0 0.0 0.0 0.0
1543 2536.59228515625 1536.039794921875 334.7329255553335 0.0 0.0 0.0 0.0 0.0 0.0 0.0
1551 2540.5966796875 1532.035400390625 332.7539671335505 0.0 0.0 0.0 0.0 0.0 0.0 0.0
1567 2544.601318359375 1532.035400390625 332.91464647658916 0.0 0.0 0.0 0.0 0.0 0.0 0.0
1584 2548.605712890625 1532.035400390625 333.0694777696581 0.0 0.0 0.0 0.0 0.0 0.0 0.0
1591 2552.610107421875 1532.035400390625 333.21877536108514 0.0 0.0 0.0 0.0 0.0 0.0 0.0
1599 2560.618896484375 1532.035400390625 333.49648863419617 0.0 0.0 0.0 0.0 0.0 0.0 0.0
1608 2564.623291015625 1532.035400390625 333.63030459901086 0.0 0.0 0.0 0.0 0.0 0.0 0.0
1616 2572.632080078125 1532.035400390625 333.87928729074696 0.0 0.0 0.0 0.0 0.0 0.0 0.0
1624 2580.64111328125 1532.035400390625 334.11090355439677 0.0 0.0 0.0 0.0 0.0 0.0 0.0
1631 2584.6455078125 1532.035400390625 334.2225305384696 0.0 0.0 0.0 0.0 0.0 0.0 0.0
1639 2588.64990234375 1532.035400390625 334.33015673402434 0.0 0.0 0.0 0.0 0.0 0.0 0.0
1647 2592.654296875 1532.035400390625 334.43384837099313 0.0 0.0 0.0 0.0 0.0 0.0 0.0
1655 2600.6630859375 1532.035400390625 334.6267791040439 0.0 0.0 0.0 0.0 0.0 0.0 0.0
1664 2604.66748046875 1532.035400390625 334.71973554244124 0.0 0.0 0.0 0.0 0.0 0.0 0.0
1672 2608.671875 1532.035400390625 334.80934100324873 0.0 0.0 0.0 0.0 0.0 0.0 0.0
1681 2612.67626953125 1532.035400390625 334.8957141138392 0.0 0.0 0.0 0.0 0.0 0.0 0.0
1695 2624.689697265625 1532.035400390625 335.12865027287063 0.0 0.0 0.0 0.0 0.0 0.0 0.0
1711 2628.694091796875 1532.035400390625 335.2035123645411 0.0 0.0 0.0 0.0 0.0 0.0 0.0
1729 2632.698486328125 1532.035400390625 335.27562679159826 0.0 0.0 0.0 0.0 0.0 0.0 0.0
1743 2640.707275390625 1532.035400390625 335.40980680835787 0.0 0.0 0.0 0.0 0.0 0.0 0.0
1759 2644.711669921875 1532.035400390625 335.47449664271426 0.0 0.0 0.0 0.0 0.0 0.0 0.0
1768 2648.716064453125 1532.035400390625 335.53679624685367 0.0 0.0 0.0 0.0 0.0 0.0 0.0
1776 2652.720703125 1532.035400390625 335.59688385245914 0.0 0.0 0.0 0.0 0.0 0.0 0.0
1784 2660.7294921875 1532.035400390625 335.70865975563544 0.0 0.0 0.0 0.0 0.0 0.0 0.0
1792 2664.73388671875 1532.035400390625 335.7625130104174 0.0 0.0 0.0 0.0 0.0 0.0 0.0
1807 2672.74267578125 1532.035400390625 335.86270454948715 0.0 0.0 0.0 0.0 0.0 0.0 0.0
1815 2676.7470703125 1528.0308837890625 333.84021608390026 0.0 0.0 0.0 0.0 0.0 0.0 0.0
1823 2680.75146484375 1528.0308837890625 333.9616456042297 0.0 0.0 0.0 0.0 0.0 0.0 0.0
1832 2684.755859375 1528.0308837890625 334.07867114357896 0.0 0.0 0.0 0.0 0.0 0.0 0.0
2024 2768.848876953125 1528.0308837890625 335.4533235262219 0.0 0.0 0.0 0.0 0.0 0.0 0.0
2038 2772.853271484375 1528.0308837890625 335.5164299422461 0.0 0.0 0.0 0.0 0.0 0.0 0.0
2047 2780.862060546875 1528.0308837890625 335.6337667744519 0.0 0.0 0.0 0.0 0.0 0.0 0.0
2054 2784.866455078125 1528.0308837890625 335.6902922672373 0.0 0.0 0.0 0.0 0.0 0.0 0.0
2062 2788.870849609375 1528.0308837890625 335.7448046275951 0.0 0.0 0.0 0.0 0.0 0.0 0.0
2079 2792.875244140625 1528.0308837890625 335.7973577714823 0.0 0.0 0.0 0.0 0.0 0.0 0.0
2094 2800.88427734375 1528.0308837890625 335.89511525014404 0.0 0.0 0.0 0.0 0.0 0.0 0.0
2103 2804.888671875 1528.0308837890625 335.9422348235564 0.0 0.0 0.0 0.0 0.0 0.0 0.0
2118 2808.89306640625 1528.0308837890625 335.9876369649397 0.0 0.0 0.0 0.0 0.0 0.0 0.0
2134 2812.8974609375 1528.0308837890625 336.03139311167286 0.0 0.0 0.0 0.0 0.0 0.0 0.0
2143 2820.90625 1528.0308837890625 336.11279250617423 0.0 0.0 0.0 0.0 0.0 0.0 0.0
2150 2824.91064453125 1528.0308837890625 336.1520378617297 0.0 0.0 0.0 0.0 0.0 0.0 0.0
2160 2828.9150390625 1532.035400390625 338.263820468606 0.0 0.0 0.0 0.0 0.0 0.0 0.0
2182 2832.919677734375 1536.039794921875 340.2964382080292 0.0 0.0 0.0 0.0 0.0 0.0 0.0
2199 2840.928466796875 1536.039794921875 340.07999928749217 0.0 0.0 0.0 0.0 0.0 0.0 0.0
2206 2844.932861328125 1536.039794921875 339.97566717333825 0.0 0.0 0.0 0.0 0.0 0.0 0.0
2222 2848.937255859375 1536.039794921875 339.87515166282196 0.0 0.0 0.0 0.0 0.0 0.0 0.0
2230 2852.941650390625 1536.039794921875 339.77824826515473 0.0 0.0 0.0 0.0 0.0 0.0 0.0
2238 2860.950439453125 1540.044189453125 341.5939484252008 0.0 0.0 0.0 0.0 0.0 0.0 0.0
2254 2868.95947265625 1540.044189453125 341.2869698940482 0.0 0.0 0.0 0.0 0.0 0.0 0.0
2262 2872.9638671875 1544.048583984375 343.2020858722462 0.0 0.0 0.0 0.0 0.0 0.0 0.0
2270 2884.97705078125 1548.052978515625 344.5142035105519 0.0 0.0 0.0 0.0 0.0 0.0 0.0
2278 2888.9814453125 1552.0574951171875 346.29873481518825 0.0 0.0 0.0 0.0 0.0 0.0 0.0
2286 2892.98583984375 1552.0574951171875 345.97053553638295 0.0 0.0 0.0 0.0 0.0 0.0 0.0
2295 2900.99462890625 1552.0574951171875 345.3594931465431 0.0 0.0 0.0 0.0 0.0 0.0 0.0
2302 2904.999267578125 1552.0574951171875 345.06492342093316 0.0 0.0 0.0 0.0 0.0 0.0 0.0
2311 2909.003662109375 1552.0574951171875 344.78094479061065 0.0 0.0 0.0 0.0 0.0 0.0 0.0
2318 2913.008056640625 1552.0574951171875 344.5071712454572 0.0 0.0 0.0 0.0 0.0 0.0 0.0
2326 2921.016845703125 1552.0574951171875 343.99754961172755 0.0 0.0 0.0 0.0 0.0 0.0 0.0
2344 2925.021240234375 1552.0574951171875 343.75188595521564 0.0 0.0 0.0 0.0 0.0 0.0 0.0
2350 2929.025634765625 1556.0618896484375 345.567666175986 0.0 0.0 0.0 0.0 0.0 0.0 0.0
2366 2933.030029296875 1556.0618896484375 345.2655978098668 0.0 0.0 0.0 0.0 0.0 0.0 0.0
2383 2941.0390625 1556.0618896484375 344.7033817699472 0.0 0.0 0.0 0.0 0.0 0.0 0.0
2392 2945.04345703125 1556.0618896484375 344.43234202057647 0.0 0.0 0.0 0.0 0.0 0.0 0.0
2398 2949.0478515625 1556.0618896484375 344.17104413688264 0.0 0.0 0.0 0.0 0.0 0.0 0.0
2407 2953.05224609375 1556.0618896484375 343.9191496920357 0.0 0.0 0.0 0.0 0.0 0.0 0.0
2423 2961.06103515625 1560.0662841796875 345.4323539422274 0.0 0.0 0.0 0.0 0.0 0.0 0.0
2447 2965.0654296875 1560.0662841796875 345.1351558880823 0.0 0.0 0.0 0.0 0.0 0.0 0.0
2463 2969.06982421875 1560.0662841796875 344.84861043699715 0.0 0.0 0.0 0.0 0.0 0.0 0.0
2488 2973.07421875 1560.0662841796875 344.5723691324629 0.0 0.0 0.0 0.0 0.0 0.0 0.0
2494 2985.087646484375 1560.0662841796875 343.82701133701283 0.0 0.0 0.0 0.0 0.0 0.0 0.0
2511 2989.092041015625 1560.0662841796875 343.5874916358404 0.0 0.0 0.0 0.0 0.0 0.0 0.0
2528 2997.100830078125 1564.0706787109375 345.1251813963566 0.0 0.0 0.0 0.0 0.0 0.0 0.0
2535 3001.105224609375 1564.0706787109375 344.8390406270373 0.0 0.0 0.0 0.0 0.0 0.0 0.0
2543 3005.109619140625 1564.0706787109375 344.56319212677784 0.0 0.0 0.0 0.0 0.0 0.0 0.0
2551 3009.114013671875 1564.0706787109375 344.29721312101765 0.0 0.0 0.0 0.0 0.0 0.0 0.0
2559 3017.123046875 1572.07958984375 347.74238628748526 0.0 0.0 0.0 0.0 0.0 0.0 0.0
2566 3025.1318359375 1576.083984375 348.9707516625651 0.0 0.0 0.0 0.0 0.0 0.0 0.0
2576 3029.13623046875 1576.083984375 348.5472794395073 0.0 0.0 0.0 0.0 0.0 0.0 0.0
2583 3033.140625 1576.083984375 348.13886341647475 0.0 0.0 0.0 0.0 0.0 0.0 0.0
2592 3045.15380859375 1576.083984375 347.03575574110397 0.0 0.0 0.0 0.0 0.0 0.0 0.0
2598 3053.162841796875 1576.083984375 346.35105622209653 0.0 0.0 0.0 0.0 0.0 0.0 0.0
2607 3061.171630859375 1576.083984375 345.7136640409546 0.0 0.0 0.0 0.0 0.0 0.0 0.0
2616 3069.180419921875 1580.08837890625 347.09377709905715 0.0 0.0 0.0 0.0 0.0 0.0 0.0
2623 3073.184814453125 1580.08837890625 346.7371701252692 0.0 0.0 0.0 0.0 0.0 0.0 0.0
2631 3085.1982421875 1584.0927734375 347.6786181099624 0.0 0.0 0.0 0.0 0.0 0.0 0.0
2639 3089.20263671875 1584.0927734375 347.3011080033211 0.0 0.0 0.0 0.0 0.0 0.0 0.0
2646 3093.20703125 1584.0927734375 346.9370962906332 0.0 0.0 0.0 0.0 0.0 0.0 0.0
2655 3101.2158203125 1584.0927734375 346.2592398515484 0.0 0.0 0.0 0.0 0.0 0.0 0.0
2663 3109.224609375 1592.1016845703125 349.544619765223 0.0 0.0 0.0 0.0 0.0 0.0 0.0
2680 3113.22900390625 1592.1016845703125 349.1007936692356 0.0 0.0 0.0 0.0 0.0 0.0 0.0
2687 3121.238037109375 1592.1016845703125 348.2738935758761 0.0 0.0 0.0 0.0 0.0 0.0 0.0
2694 3125.242431640625 1592.1016845703125 347.8751483888411 0.0 0.0 0.0 0.0 0.0 0.0 0.0
2704 3129.246826171875 1592.1016845703125 347.4906748245212 0.0 0.0 0.0 0.0 0.0 0.0 0.0
2711 3133.251220703125 1592.1016845703125 347.1198755320453 0.0 0.0 0.0 0.0 0.0 0.0 0.0
2718 3145.264404296875 1592.1016845703125 346.1186616499583 0.0 0.0 0.0 0.0 0.0 0.0 0.0
2728 3149.268798828125 1592.1016845703125 345.7968742980111 0.0 0.0 0.0 0.0 0.0 0.0 0.0
2735 3161.2822265625 1596.1060791015625 346.83720089150637 0.0 0.0 0.0 0.0 0.0 0.0 0.0
2743 3165.28662109375 1596.1060791015625 346.489692887545 0.0 0.0 0.0 0.0 0.0 0.0 0.0
2751 3169.291015625 1596.1060791015625 346.15465687747644 0.0 0.0 0.0 0.0 0.0 0.0 0.0
2760 3185.30859375 1600.1104736328125 346.8349786538768 0.0 0.0 0.0 0.0 0.0 0.0 0.0
2767 3189.31298828125 1600.1104736328125 346.48757177701543 0.0 0.0 0.0 0.0 0.0 0.0 0.0
2775 3197.322021484375 1600.1104736328125 345.8407647002407 0.0 0.0 0.0 0.0 0.0 0.0 0.0
2782 3205.330810546875 1604.114990234375 347.21145417644414 0.0 0.0 0.0 0.0 0.0 0.0 0.0
2791 3213.339599609375 1604.114990234375 346.51467645917717 0.0 0.0 0.0 0.0 0.0 0.0 0.0
2798 3225.352783203125 1604.114990234375 345.57417454339827 0.0 0.0 0.0 0.0 0.0 0.0 0.0
2807 3233.36181640625 1604.114990234375 344.99056454502363 0.0 0.0 0.0 0.0 0.0 0.0 0.0
2816 3253.3837890625 1612.123779296875 347.3338618255624 0.0 0.0 0.0 0.0 0.0 0.0 0.0
2824 3257.38818359375 1612.123779296875 346.9686472598731 0.0 0.0 0.0 0.0 0.0 0.0 0.0
2832 3269.401611328125 1612.123779296875 345.9826045221863 0.0 0.0 0.0 0.0 0.0 0.0 0.0
2839 3281.414794921875 1616.128173828125 347.00343280983805 0.0 0.0 0.0 0.0 0.0 0.0 0.0
2847 3289.423583984375 1616.128173828125 346.32095860020047 0.0 0.0 0.0 0.0 0.0 0.0 0.0
2855 3301.43701171875 1616.128173828125 345.3998198483216 0.0 0.0 0.0 0.0 0.0 0.0 0.0
2864 3305.44140625 1616.128173828125 345.10379090640083 0.0 0.0 0.0 0.0 0.0 0.0 0.0
2871 3313.4501953125 1620.132568359375 346.529297477203 0.0 0.0 0.0 0.0 0.0 0.0 0.0
2887 3321.458984375 1624.1370849609375 347.8486483723196 0.0 0.0 0.0 0.0 0.0 0.0 0.0
2894 3325.46337890625 1624.1370849609375 347.4651073120716 0.0 0.0 0.0 0.0 0.0 0.0 0.0
2903 3329.4677734375 1624.1370849609375 347.09518660941137 0.0 0.0 0.0 0.0 0.0 0.0 0.0
2910 3341.481201171875 1624.1370849609375 346.0964803806065 0.0 0.0 0.0 0.0 0.0 0.0 0.0
2919 3353.494384765625 1632.1458740234375 348.9907922202843 0.0 0.0 0.0 0.0 0.0 0.0 0.0
2928 3361.503173828125 1636.1502685546875 350.125182810306 0.0 0.0 0.0 0.0 0.0 0.0 0.0
2935 3369.511962890625 1636.1502685546875 349.22808163426987 0.0 0.0 0.0 0.0 0.0 0.0 0.0
2944 3385.52978515625 1640.15478515625 349.49687254790206 0.0 0.0 0.0 0.0 0.0 0.0 0.0
2951 3393.53857421875 1640.15478515625 348.642861161757 0.0 0.0 0.0 0.0 0.0 0.0 0.0
2959 3405.5517578125 1644.1591796875 349.38337718520097 0.0 0.0 0.0 0.0 0.0 0.0 0.0
2968 3409.556396484375 1644.1591796875 348.9452284124134 0.0 0.0 0.0 0.0 0.0 0.0 0.0
2975 3417.565185546875 1648.16357421875 350.08305585018405 0.0 0.0 0.0 0.0 0.0 0.0 0.0
2982 3421.569580078125 1652.16796875 351.63069557074675 0.0 0.0 0.0 0.0 0.0 0.0 0.0
2991 3425.573974609375 1652.16796875 351.113167152374 0.0 0.0 0.0 0.0 0.0 0.0 0.0
3006 3429.578369140625 1652.16796875 350.61385209136176 0.0 0.0 0.0 0.0 0.0 0.0 0.0
3016 3433.582763671875 1652.16796875 350.1322134023129 0.0 0.0 0.0 0.0 0.0 0.0 0.0
3023 3441.591552734375 1652.16796875 349.2346630245034 0.0 0.0 0.0 0.0 0.0 0.0 0.0
3040 3445.59619140625 1656.17236328125 350.81922421111796 0.0 0.0 0.0 0.0 0.0 0.0 0.0
3047 3449.6005859375 1656.17236328125 350.3303195247725 0.0 0.0 0.0 0.0 0.0 0.0 0.0
3062 3453.60498046875 1656.17236328125 349.85865337463383 0.0 0.0 0.0 0.0 0.0 0.0 0.0
3071 3461.61376953125 1656.17236328125 348.97983154147397 0.0 0.0 0.0 0.0 0.0 0.0 0.0
3079 3465.6181640625 1656.17236328125 348.55600174929253 0.0 0.0 0.0 0.0 0.0 0.0 0.0
3094 3469.62255859375 1656.17236328125 348.1472500829094 0.0 0.0 0.0 0.0 0.0 0.0 0.0
3104 3473.626953125 1656.17236328125 347.7530362928828 0.0 0.0 0.0 0.0 0.0 0.0 0.0
3111 3477.63134765625 1656.17236328125 347.3728299526745 0.0 0.0 0.0 0.0 0.0 0.0 0.0
3119 3481.635986328125 1656.17236328125 347.006229712567 0.0 0.0 0.0 0.0 0.0 0.0 0.0
3127 3485.640380859375 1656.17236328125 346.65269370309113 0.0 0.0 0.0 0.0 0.0 0.0 0.0
3134 3489.644775390625 1656.17236328125 346.3117856883613 0.0 0.0 0.0 0.0 0.0 0.0 0.0
3143 3497.653564453125 1660.1768798828125 347.6473956762753 0.0 0.0 0.0 0.0 0.0 0.0 0.0
3151 3501.657958984375 1660.1768798828125 347.27098741845083 0.0 0.0 0.0 0.0 0.0 0.0 0.0
3160 3505.662353515625 1660.1768798828125 346.9080000643712 0.0 0.0 0.0 0.0 0.0 0.0 0.0
3167 3513.671142578125 1660.1768798828125 346.23211472010735 0.0 0.0 0.0 0.0 0.0 0.0 0.0
3175 3517.67578125 1660.1768798828125 345.9062799372507 0.0 0.0 0.0 0.0 0.0 0.0 0.0
3182 3525.6845703125 1664.1812744140625 347.27205569318335 0.0 0.0 0.0 0.0 0.0 0.0 0.0
3198 3529.68896484375 1664.1812744140625 346.9091026204231 0.0 0.0 0.0 0.0 0.0 0.0 0.0
3231 3533.693359375 1664.1812744140625 346.55904773773455 0.0 0.0 0.0 0.0 0.0 0.0 0.0
3246 3541.7021484375 1664.1812744140625 345.9072950547016 0.0 0.0 0.0 0.0 0.0 0.0 0.0
3255 3545.70654296875 1664.1812744140625 345.5930987485392 0.0 0.0 0.0 0.0 0.0 0.0 0.0
3263 3549.7109375 1664.1812744140625 345.29013927625374 0.0 0.0 0.0 0.0 0.0 0.0 0.0
3279 3557.719970703125 1668.1856689453125 346.70174386509825 0.0 0.0 0.0 0.0 0.0 0.0 0.0
3288 3561.724365234375 1672.1900634765625 348.39481883007943 0.0 0.0 0.0 0.0 0.0 0.0 0.0
3303 3565.728759765625 1672.1900634765625 347.99177707259145 0.0 0.0 0.0 0.0 0.0 0.0 0.0
3320 3569.733154296875 1672.1900634765625 347.6031364798034 0.0 0.0 0.0 0.0 0.0 0.0 0.0
3328 3573.737548828125 1676.194580078125 349.25801893597196 0.0 0.0 0.0 0.0 0.0 0.0 0.0
3343 3581.746337890625 1676.194580078125 348.42036753247146 0.0 0.0 0.0 0.0 0.0 0.0 0.0
3359 3585.750732421875 1676.194580078125 348.01647745132357 0.0 0.0 0.0 0.0 0.0 0.0 0.0
3375 3589.755126953125 1676.194580078125 347.62691717263147 0.0 0.0 0.0 0.0 0.0 0.0 0.0
3382 3593.759765625 1680.198974609375 349.2806669391512 0.0 0.0 0.0 0.0 0.0 0.0 0.0
3407 3601.7685546875 1680.198974609375 348.44147987805064 0.0 0.0 0.0 0.0 0.0 0.0 0.0
3431 3605.77294921875 1680.198974609375 348.0367864706817 0.0 0.0 0.0 0.0 0.0 0.0 0.0
3463 3609.77734375 1680.198974609375 347.6464939015533 0.0 0.0 0.0 0.0 0.0 0.0 0.0