0 3907.915771484375 924.9296264648438 173.52118293482826 0.0 0.0 0.0 0.0 0.0 0.0 0.0
74 3907.915771484375 924.9296264648438 173.52118293482826 0.0 0.0 0.0 0.0 0.0 0.0 0.0
93 3707.580497741699 595.363655090332 171.13828774434856 0.0 0.0 0.0 0.0 0.0 0.0 0.0
111 3691.770195007324 599.3162307739258 165.19542042106994 0.0 0.0 0.0 0.0 0.0 0.0 0.0
127 3679.912528991699 607.2213821411133 158.76474962654405 0.0 0.0 0.0 0.0 0.0 0.0 0.0
143 3660.149589538574 619.0790481567383 150.04588391138637 0.0 0.0 0.0 0.0 0.0 0.0 0.0
159 3632.481620788574 630.9367752075195 142.36016751428545 0.0 0.0 0.0 0.0 0.0 0.0 0.0
177 3608.766288757324 642.7945022583008 136.23633325583674 0.0 0.0 0.0 0.0 0.0 0.0 0.0
193 3585.050956726074 650.6996536254883 133.06002028282197 0.0 0.0 0.0 0.0 0.0 0.0 0.0
209 3557.382987976074 658.6047439575195 130.72610520827882 0.0 0.0 0.0 0.0 0.0 0.0 0.0
227 3529.715019226074 662.5573196411133 130.6022886651301 0.0 0.0 0.0 0.0 0.0 0.0 0.0
243 3509.952079772949 662.5573196411133 131.83369736419175 0.0 0.0 0.0 0.0 0.0 0.0 0.0
259 3486.236747741699 666.509895324707 131.262954185133 0.0 0.0 0.0 0.0 0.0 0.0 0.0
276 3462.521171569824 670.4624710083008 130.80002242748267 0.0 0.0 0.0 0.0 0.0 0.0 0.0
293 3442.758476257324 674.4150466918945 130.17361661811955 0.0 0.0 0.0 0.0 0.0 0.0 0.0
310 3419.042900085449 674.4150466918945 131.68525080441592 0.0 0.0 0.0 0.0 0.0 0.0 0.0
326 3399.280204772949 674.4150466918945 132.7433117090915 0.0 0.0 0.0 0.0 0.0 0.0 0.0
343 3379.517265319824 674.4150466918945 133.6318303070037 0.0 0.0 0.0 0.0 0.0 0.0 0.0
359 3359.754325866699 674.4150466918945 134.37785333599223 0.0 0.0 0.0 0.0 0.0 0.0 0.0
376 3339.991630554199 674.4150466918945 135.00410348051903 0.0 0.0 0.0 0.0 0.0 0.0 0.0
393 3324.181327819824 674.4150466918945 135.43863696748681 0.0 0.0 0.0 0.0 0.0 0.0 0.0
410 3308.371025085449 674.4150466918945 135.81548752081662 0.0 0.0 0.0 0.0 0.0 0.0 0.0
426 3296.513359069824 670.4624710083008 138.03825798383698 0.0 0.0 0.0 0.0 0.0 0.0 0.0
443 3280.703056335449 670.4624710083008 138.06974564579278 0.0 0.0 0.0 0.0 0.0 0.0 0.0
460 3264.892753601074 666.509895324707 139.99988644002772 0.0 0.0 0.0 0.0 0.0 0.0 0.0
476 3245.129814147949 666.509895324707 139.72267421882398 0.0 0.0 0.0 0.0 0.0 0.0 0.0
493 3225.367118835449 666.509895324707 139.49003177104387 0.0 0.0 0.0 0.0 0.0 0.0 0.0
509 3205.604179382324 666.509895324707 139.2947752773517 0.0 0.0 0.0 0.0 0.0 0.0 0.0
526 3185.841484069824 662.5573196411133 140.97133775017497 0.0 0.0 0.0 0.0 0.0 0.0 0.0
543 3166.078544616699 662.5573196411133 140.53804520587542 0.0 0.0 0.0 0.0 0.0 0.0 0.0
559 3138.410575866699 662.5573196411133 140.05963144967976 0.0 0.0 0.0 0.0 0.0 0.0 0.0
576 3114.695243835449 658.6047439575195 141.50849999328963 0.0 0.0 0.0 0.0 0.0 0.0 0.0
593 3094.932304382324 658.6047439575195 140.98890031166403 0.0 0.0 0.0 0.0 0.0 0.0 0.0
610 3071.216972351074 658.6047439575195 140.4818379627433 0.0 0.0 0.0 0.0 0.0 0.0 0.0
626 3047.501396179199 654.6521682739258 141.8512572317375 0.0 0.0 0.0 0.0 0.0 0.0 0.0
643 3031.691093444824 654.6521682739258 141.3763023726021 0.0 0.0 0.0 0.0 0.0 0.0 0.0
660 3015.880790710449 654.6521682739258 140.96438630671665 0.0 0.0 0.0 0.0 0.0 0.0 0.0
676 3000.070732116699 650.6996536254883 142.50587254550092 0.0 0.0 0.0 0.0 0.0 0.0 0.0
693 2988.212821960449 650.6996536254883 142.07005422194916 0.0 0.0 0.0 0.0 0.0 0.0 0.0
711 2976.355155944824 646.7470779418945 143.63998058505322 0.0 0.0 0.0 0.0 0.0 0.0 0.0
727 2968.450126647949 646.7470779418945 143.25863565034481 0.0 0.0 0.0 0.0 0.0 0.0 0.0
743 2960.544853210449 646.7470779418945 142.90433932664845 0.0 0.0 0.0 0.0 0.0 0.0 0.0
759 2948.687187194824 642.7945022583008 144.38604984785573 0.0 0.0 0.0 0.0 0.0 0.0 0.0
776 2940.782157897949 638.841926574707 145.97339516582358 0.0 0.0 0.0 0.0 0.0 0.0 0.0
793 2932.876884460449 634.8893508911133 147.4412094272043 0.0 0.0 0.0 0.0 0.0 0.0 0.0
809 2924.971855163574 630.9367752075195 148.79771541927144 0.0 0.0 0.0 0.0 0.0 0.0 0.0
826 2917.066581726074 626.9841995239258 150.05070415774313 0.0 0.0 0.0 0.0 0.0 0.0 0.0
843 2905.208915710449 619.0790481567383 152.6671293115505 0.0 0.0 0.0 0.0 0.0 0.0 0.0
859 2897.303886413574 615.1265335083008 153.6220371740457 0.0 0.0 0.0 0.0 0.0 0.0 0.0
876 2889.398612976074 607.2213821411133 156.42700019539828 0.0 0.0 0.0 0.0 0.0 0.0 0.0
893 2881.493583679199 603.2688064575195 157.08903285957095 0.0 0.0 0.0 0.0 0.0 0.0 0.0
910 2873.588310241699 595.363655090332 159.58433187297643 0.0 0.0 0.0 0.0 0.0 0.0 0.0
927 2861.730644226074 587.4585037231445 161.07917231611398 0.0 0.0 0.0 0.0 0.0 0.0 0.0
944 2849.872978210449 579.553352355957 162.39508277285833 0.0 0.0 0.0 0.0 0.0 0.0 0.0
959 2830.110282897949 567.695686340332 163.64320687187038 0.0 0.0 0.0 0.0 0.0 0.0 0.0
976 2814.299980163574 555.8379592895508 165.4851116386072 0.0 0.0 0.0 0.0 0.0 0.0 0.0
994 2794.537040710449 543.9802322387695 166.17029054438424 0.0 0.0 0.0 0.0 0.0 0.0 0.0
1009 2774.774101257324 532.1225662231445 166.73046305132257 0.0 0.0 0.0 0.0 0.0 0.0 0.0
1026 2751.058769226074 520.2648391723633 166.34412254582267 0.0 0.0 0.0 0.0 0.0 0.0 0.0
1043 2731.295829772949 512.3596878051758 165.27339584408995 0.0 0.0 0.0 0.0 0.0 0.0 0.0
1059 2711.533134460449 504.45459747314453 164.38533512910064 0.0 0.0 0.0 0.0 0.0 0.0 0.0
1076 2695.722831726074 500.5020217895508 162.74606025648788 0.0 0.0 0.0 0.0 0.0 0.0 0.0
1093 2675.959892272949 496.54944610595703 160.60597874262785 0.0 0.0 0.0 0.0 0.0 0.0 0.0
1110 2664.102226257324 496.54944610595703 158.34563980219482 0.0 0.0 0.0 0.0 0.0 0.0 0.0
1126 2652.244560241699 492.5968704223633 158.16895057286993 0.0 0.0 0.0 0.0 0.0 0.0 0.0
1143 2644.339530944824 492.5968704223633 156.77585185021817 0.0 0.0 0.0 0.0 0.0 0.0 0.0
1159 2632.481620788574 492.5968704223633 154.89237399812916 0.0 0.0 0.0 0.0 0.0 0.0 0.0
1176 2624.576591491699 492.5968704223633 153.72301898371543 0.0 0.0 0.0 0.0 0.0 0.0 0.0
1193 2616.671318054199 496.54944610595703 150.63756502521065 0.0 0.0 0.0 0.0 0.0 0.0 0.0
1209 2608.766288757324 500.5020217895508 147.74874943258268 0.0 0.0 0.0 0.0 0.0 0.0 0.0
1226 2600.861259460449 504.45459747314453 145.05024453433035 0.0 0.0 0.0 0.0 0.0 0.0 0.0
1243 2592.955986022949 508.40711212158203 142.53450151055452 0.0 0.0 0.0 0.0 0.0 0.0 0.0
1259 2585.050956726074 512.3596878051758 140.19316809332182 0.0 0.0 0.0 0.0 0.0 0.0 0.0
1276 2577.145683288574 516.3122634887695 138.0174561105845 0.0 0.0 0.0 0.0 0.0 0.0 0.0
1293 2569.240653991699 520.2648391723633 135.9982195769849 0.0 0.0 0.0 0.0 0.0 0.0 0.0
1309 2561.335380554199 524.217414855957 134.12627075759022 0.0 0.0 0.0 0.0 0.0 0.0 0.0
1326 2553.430351257324 532.1225662231445 130.37839679601862 0.0 0.0 0.0 0.0 0.0 0.0 0.0
1343 2541.572685241699 532.1225662231445 131.1905952375362 0.0 0.0 0.0 0.0 0.0 0.0 0.0
1360 2533.667411804199 536.0751419067383 129.6765030912961 0.0 0.0 0.0 0.0 0.0 0.0 0.0
1376 2525.762382507324 540.027717590332 128.276892829471 0.0 0.0 0.0 0.0 0.0 0.0 0.0
1393 2513.904716491699 547.9328079223633 125.45623248084982 0.0 0.0 0.0 0.0 0.0 0.0 0.0
1409 2502.046806335449 551.885383605957 124.85011118508848 0.0 0.0 0.0 0.0 0.0 0.0 0.0
1426 2494.141777038574 551.885383605957 125.79857670495844 0.0 0.0 0.0 0.0 0.0 0.0 0.0
1443 2482.284111022949 559.7905349731445 123.26325241943263 0.0 0.0 0.0 0.0 0.0 0.0 0.0
1460 2474.378837585449 563.7431106567383 122.3564890953702 0.0 0.0 0.0 0.0 0.0 0.0 0.0
1476 2462.521171569824 571.6482620239258 120.22273494062355 0.0 0.0 0.0 0.0 0.0 0.0 0.0
1493 2450.663505554199 575.6008377075195 120.1814215204407 0.0 0.0 0.0 0.0 0.0 0.0 0.0
1509 2442.758476257324 583.5059280395508 117.62120807684886 0.0 0.0 0.0 0.0 0.0 0.0 0.0
1526 2430.900566101074 587.4585037231445 117.86099141908008 0.0 0.0 0.0 0.0 0.0 0.0 0.0
1543 2422.995536804199 595.363655090332 115.51095523961953 0.0 0.0 0.0 0.0 0.0 0.0 0.0
1559 2411.137870788574 599.3162307739258 115.97845781567824 0.0 0.0 0.0 0.0 0.0 0.0 0.0
1576 2403.232597351074 607.2213821411133 113.8011309436871 0.0 0.0 0.0 0.0 0.0 0.0 0.0
1593 2391.374931335449 611.173957824707 114.45285817861907 0.0 0.0 0.0 0.0 0.0 0.0 0.0
1610 2379.517265319824 619.0790481567383 113.25927212849615 0.0 0.0 0.0 0.0 0.0 0.0 0.0
1626 2367.659599304199 626.9841995239258 112.20922326289036 0.0 0.0 0.0 0.0 0.0 0.0 0.0
1643 2351.849296569824 634.8893508911133 112.13625524710272 0.0 0.0 0.0 0.0 0.0 0.0 0.0
1659 2332.086357116699 646.7470779418945 111.25585823839182 0.0 0.0 0.0 0.0 0.0 0.0 0.0
1676 2312.323661804199 654.6521682739258 112.14760756179066 0.0 0.0 0.0 0.0 0.0 0.0 0.0
1693 2288.608085632324 666.509895324707 112.05821550497217 0.0 0.0 0.0 0.0 0.0 0.0 0.0
1709 2260.940116882324 678.3676223754883 112.73982185510329 0.0 0.0 0.0 0.0 0.0 0.0 0.0
1726 2233.272148132324 690.2253494262695 113.26756536554635 0.0 0.0 0.0 0.0 0.0 0.0 0.0
1743 2209.556816101074 706.0355911254883 111.39142818342123 0.0 0.0 0.0 0.0 0.0 0.0 0.0
1759 2177.936210632324 721.8458938598633 111.47281509772992 0.0 0.0 0.0 0.0 0.0 0.0 0.0
1776 2150.268241882324 733.7035598754883 112.28658616391658 0.0 0.0 0.0 0.0 0.0 0.0 0.0
1793 2122.600273132324 745.5612869262695 112.9166482106813 0.0 0.0 0.0 0.0 0.0 0.0 0.0
1811 2098.884941101074 757.4190139770508 112.67002447074307 0.0 0.0 0.0 0.0 0.0 0.0 0.0
1826 2075.169364929199 765.324104309082 114.06675141391605 0.0 0.0 0.0 0.0 0.0 0.0 0.0
1844 2051.454032897949 773.2292556762695 115.19184714424873 0.0 0.0 0.0 0.0 0.0 0.0 0.0
1866 2004.0231246948242 785.0869827270508 118.0977054472252 0.0 0.0 0.0 0.0 0.0 0.0 0.0
1867 2004.0231246948242 785.0869827270508 118.09773394901117 0.0 0.0 0.0 0.0 0.0 0.0 0.0
1893 1984.2604293823242 792.9921340942383 117.82001906853603 0.0 0.0 0.0 0.0 0.0 0.0 0.0
1910 1956.5923385620117 792.9921340942383 122.10346177795043 0.0 0.0 0.0 0.0 0.0 0.0 0.0
1926 1936.8295211791992 796.944709777832 122.89743966496252 0.0 0.0 0.0 0.0 0.0 0.0 0.0
1943 1905.2089157104492 796.944709777832 126.48717070934165 0.0 0.0 0.0 0.0 0.0 0.0 0.0
1960 1877.5409469604492 796.944709777832 128.9718681971859 0.0 0.0 0.0 0.0 0.0 0.0 0.0
1976 1845.9204635620117 796.944709777832 131.15038950576704 0.0 0.0 0.0 0.0 0.0 0.0 0.0
1993 1818.2524948120117 792.9921340942383 134.38458306644876 0.0 0.0 0.0 0.0 0.0 0.0 0.0
2010 1782.6793746948242 789.0395584106445 137.01459114123148 0.0 0.0 0.0 0.0 0.0 0.0 0.0
2026 1755.0114059448242 777.1818313598633 142.46706188240958 0.0 0.0 0.0 0.0 0.0 0.0 0.0
2043 1735.2484664916992 765.324104309082 147.26234637455516 0.0 0.0 0.0 0.0 0.0 0.0 0.0
2059 1711.5331344604492 753.466438293457 150.82948874276715 0.0 0.0 0.0 0.0 0.0 0.0 0.0
2076 1691.7701950073242 741.6087112426758 154.16081163954837 0.0 0.0 0.0 0.0 0.0 0.0 0.0
2093 1679.9125289916992 733.7035598754883 156.29848785767368 0.0 0.0 0.0 0.0 0.0 0.0 0.0
2110 1668.0548629760742 721.8458938598633 159.98331704215357 0.0 0.0 0.0 0.0 0.0 0.0 0.0
2126 1656.1970748901367 706.0355911254883 164.8890899718189 0.0 0.0 0.0 0.0 0.0 0.0 0.0
2143 1644.3394088745117 698.1304397583008 165.74647057427651 0.0 0.0 0.0 0.0 0.0 0.0 0.0
2159 1636.4342575073242 686.2727737426758 169.14777080848026 0.0 0.0 0.0 0.0 0.0 0.0 0.0
2176 1628.5291061401367 674.4150466918945 172.16729634839302 0.0 0.0 0.0 0.0 0.0 0.0 0.0
2192 1616.6714401245117 666.509895324707 172.14282268876653 0.0 0.0 0.0 0.0 0.0 0.0 0.0
2210 1604.8137741088867 654.6521682739258 173.6932109804924 0.0 0.0 0.0 0.0 0.0 0.0 0.0
2226 1596.9086227416992 646.7470779418945 174.62677801583223 0.0 0.0 0.0 0.0 0.0 0.0 0.0
2243 1581.0983200073242 634.8893508911133 174.71012956396297 0.0 0.0 0.0 0.0 0.0 0.0 0.0
2260 1569.2406539916992 626.9841995239258 174.37712250315414 0.0 0.0 0.0 0.0 0.0 0.0 0.0
2276 1553.4303512573242 615.1265335083008 174.5005828044829 0.0 0.0 0.0 0.0 0.0 0.0 0.0
2294 1537.6200485229492 603.2688064575195 174.60421399453074 0.0 0.0 0.0 0.0 0.0 0.0 0.0
2309 1525.7623825073242 595.363655090332 174.2840381126869 0.0 0.0 0.0 0.0 0.0 0.0 0.0
2326 1505.9994430541992 583.5059280395508 173.36346137474246 0.0 0.0 0.0 0.0 0.0 0.0 0.0
2343 1494.1417770385742 575.6008377075195 173.1938135538886 0.0 0.0 0.0 0.0 0.0 0.0 0.0
2360 1470.4263229370117 567.695686340332 170.00078998853374 0.0 0.0 0.0 0.0 0.0 0.0 0.0
2376 1450.6635055541992 559.7905349731445 168.30821158349485 0.0 0.0 0.0 0.0 0.0 0.0 0.0
2393 1426.9480514526367 555.8379592895508 164.46295715577045 0.0 0.0 0.0 0.0 0.0 0.0 0.0
2410 1399.2800827026367 547.9328079223633 162.2346182733311 0.0 0.0 0.0 0.0 0.0 0.0 0.0
2426 1367.6595993041992 543.9802322387695 158.28528549596072 0.0 0.0 0.0 0.0 0.0 0.0 0.0
2443 1339.9916305541992 540.027717590332 155.76127944451414 0.0 0.0 0.0 0.0 0.0 0.0 0.0
2459 1308.3710250854492 540.027717590332 151.68539439000338 0.0 0.0 0.0 0.0 0.0 0.0 0.0
2476 1280.7030563354492 540.027717590332 148.86151812768415 0.0 0.0 0.0 0.0 0.0 0.0 0.0
2493 1253.0350875854492 540.027717590332 146.6287481064417 0.0 0.0 0.0 0.0 0.0 0.0 0.0
2510 1225.3671188354492 540.027717590332 144.86519966709673 0.0 0.0 0.0 0.0 0.0 0.0 0.0
2526 1205.6041793823242 540.027717590332 143.80717157736947 0.0 0.0 0.0 0.0 0.0 0.0 0.0
2543 1177.9362106323242 540.027717590332 142.63824603825324 0.0 0.0 0.0 0.0 0.0 0.0 0.0
2559 1158.1733932495117 540.027717590332 141.93728228259332 0.0 0.0 0.0 0.0 0.0 0.0 0.0
2576 1138.4105758666992 543.9802322387695 139.5063433118598 0.0 0.0 0.0 0.0 0.0 0.0 0.0
2593 1118.6477584838867 551.885383605957 135.62550060632006 0.0 0.0 0.0 0.0 0.0 0.0 0.0
2610 1090.9796676635742 555.8379592895508 134.4581850317633 0.0 0.0 0.0 0.0 0.0 0.0 0.0
2626 1071.2168502807617 559.7905349731445 133.2356834335209 0.0 0.0 0.0 0.0 0.0 0.0 0.0
2643 1047.5015182495117 567.695686340332 130.63483672234977 0.0 0.0 0.0 0.0 0.0 0.0 0.0
2659 1019.8334274291992 575.6008377075195 128.82653504574748 0.0 0.0 0.0 0.0 0.0 0.0 0.0
2676 996.1180953979492 583.5059280395508 127.07746695184758 0.0 0.0 0.0 0.0 0.0 0.0 0.0
2693 964.4974899291992 595.363655090332 124.77366421618515 0.0 0.0 0.0 0.0 0.0 0.0 0.0
2711 932.8769454956055 607.2213821411133 123.03574103107266 0.0 0.0 0.0 0.0 0.0 0.0 0.0
2726 897.303825378418 623.031623840332 120.64918473382318 0.0 0.0 0.0 0.0 0.0 0.0 0.0
2743 861.7307052612305 634.8893508911133 120.433583944789 0.0 0.0 0.0 0.0 0.0 0.0 0.0
2759 822.2050094604492 646.7470779418945 120.75998850441337 0.0 0.0 0.0 0.0 0.0 0.0 0.0
2777 790.5844650268555 658.6047439575195 120.01030167064673 0.0 0.0 0.0 0.0 0.0 0.0 0.0
2793 762.9164962768555 666.509895324707 120.51608646238373 0.0 0.0 0.0 0.0 0.0 0.0 0.0
2809 735.2485275268555 670.4624710083008 122.56415656096581 0.0 0.0 0.0 0.0 0.0 0.0 0.0
2827 707.5804977416992 670.4624710083008 125.86744250639245 0.0 0.0 0.0 0.0 0.0 0.0 0.0
2844 683.865104675293 670.4624710083008 128.17720609033827 0.0 0.0 0.0 0.0 0.0 0.0 0.0
2860 660.1497116088867 670.4624710083008 130.05952627274038 0.0 0.0 0.0 0.0 0.0 0.0 0.0
2876 640.386833190918 670.4624710083008 131.3776890841785 0.0 0.0 0.0 0.0 0.0 0.0 0.0
2893 620.6240158081055 670.4624710083008 132.4849861248613 0.0 0.0 0.0 0.0 0.0 0.0 0.0
2910 600.8611373901367 670.4624710083008 133.41492583560975 0.0 0.0 0.0 0.0 0.0 0.0 0.0
2926 581.0983200073242 670.4624710083008 134.1957240641955 0.0 0.0 0.0 0.0 0.0 0.0 0.0
2943 561.3354415893555 670.4624710083008 134.85123082618034 0.0 0.0 0.0 0.0 0.0 0.0 0.0
2960 541.572624206543 666.509895324707 137.24407568805404 0.0 0.0 0.0 0.0 0.0 0.0 0.0
2976 521.8097457885742 666.509895324707 137.4098467789337 0.0 0.0 0.0 0.0 0.0 0.0 0.0
2993 505.99950408935547 662.5573196411133 139.42814762100224 0.0 0.0 0.0 0.0 0.0 0.0 0.0
3010 490.18920135498047 658.6047439575195 141.17623211141213 0.0 0.0 0.0 0.0 0.0 0.0 0.0
3027 474.3789596557617 658.6047439575195 140.79086774586565 0.0 0.0 0.0 0.0 0.0 0.0 0.0
3043 454.61608123779297 650.6996536254883 144.05501444266568 0.0 0.0 0.0 0.0 0.0 0.0 0.0
3060 442.7583541870117 646.7470779418945 145.4146979743176 0.0 0.0 0.0 0.0 0.0 0.0 0.0
3076 430.9006881713867 646.7470779418945 144.68012846087143 0.0 0.0 0.0 0.0 0.0 0.0 0.0
3093 419.04296112060547 642.7945022583008 145.9733754628277 0.0 0.0 0.0 0.0 0.0 0.0 0.0
3110 415.0903854370117 638.841926574707 147.77621803884827 0.0 0.0 0.0 0.0 0.0 0.0 0.0