0 2000.0 1500.0 0 0.0 0.0 0.0 0.0 0.0 0.0 0.0
180 2000.0 1500.0 0 0.0 0.0 0.0 0.0 0.0 0.0 0.0
195 2000.0 1500.0 0 0.0 0.0 0.0 0.0 0.0 0.0 0.0
212 2000.0 1500.0 0 0.0 0.0 0.0 0.0 0.0 0.0 0.0
228 2000.0 1500.0 0 0.0 0.0 0.0 0.0 0.0 0.0 0.0
246 2000.0 1500.0 0 0.0 0.0 0.0 0.0 0.0 0.0 0.0
262 2000.0 1500.0 0 0.0 0.0 0.0 0.0 0.0 0.0 0.0
278 2000.0 1500.0 0 0.0 0.0 0.0 0.0 0.0 0.0 0.0
295 2000.0 1500.0 0 0.0 0.0 0.0 0.0 0.0 0.0 0.0
312 2000.0 1500.0 0 0.0 0.0 0.0 0.0 0.0 0.0 0.0
329 1985.1376953125 1491.5072021484375 358.3302260254171 0.0 0.0 0.0 0.0 0.0 0.0 0.0
345 1978.76806640625 1470.2752685546875 3.3533072294275144 0.0 0.0 0.0 0.0 0.0 0.0 0.0
362 1980.891357421875 1451.1666259765625 9.94080939597302 0.0 0.0 0.0 0.0 0.0 0.0 0.0
378 1997.8768310546875 1425.6883544921875 22.91809049602398 0.0 0.0 0.0 0.0 0.0 0.0 0.0
395 2025.478271484375 1400.2100830078125 38.53724060464344 0.0 0.0 0.0 0.0 0.0 0.0 0.0
412 2082.804443359375 1368.3621826171875 62.480668622458325 0.0 0.0 0.0 0.0 0.0 0.0 0.0
429 2186.8406982421875 1334.3912353515625 89.9636680869445 0.0 0.0 0.0 0.0 0.0 0.0 0.0
445 2237.7972412109375 1325.8984375 101.4056212948409 0.0 0.0 0.0 0.0 0.0 0.0 0.0
462 2297.2464599609375 1319.5289306640625 111.43405941762555 0.0 0.0 0.0 0.0 0.0 0.0 0.0
479 2320.6016845703125 1319.5289306640625 115.68736290953078 0.0 0.0 0.0 0.0 0.0 0.0 0.0
495 2324.8480224609375 1319.5289306640625 116.43439562678401 0.0 0.0 0.0 0.0 0.0 0.0 0.0
533 2322.7247314453125 1325.8984375 119.10730419270266 0.0 0.0 0.0 0.0 0.0 0.0 0.0
545 2307.8624267578125 1334.3912353515625 121.1044781480212 0.0 0.0 0.0 0.0 0.0 0.0 0.0
562 2242.0435791015625 1351.376708984375 118.74414850807497 0.0 0.0 0.0 0.0 0.0 0.0 0.0
579 2169.8551025390625 1364.1158447265625 104.67706907738872 0.0 0.0 0.0 0.0 0.0 0.0 0.0
597 2099.7899169921875 1372.608642578125 74.2552303102878 0.0 0.0 0.0 0.0 0.0 0.0 0.0
612 2061.572509765625 1376.85498046875 55.48423289010111 0.0 0.0 0.0 0.0 0.0 0.0 0.0
629 2042.4637451171875 1376.85498046875 45.97538747477324 0.0 0.0 0.0 0.0 0.0 0.0 0.0
678 2059.4493408203125 1374.7318115234375 54.22871802247238 0.0 0.0 0.0 0.0 0.0 0.0 0.0
695 2078.5579833984375 1368.3621826171875 62.55499077127206 0.0 0.0 0.0 0.0 0.0 0.0 0.0
712 2089.1739501953125 1366.239013671875 67.14682424709298 0.0 0.0 0.0 0.0 0.0 0.0 0.0
728 2091.297119140625 1364.1158447265625 67.76301510959132 0.0 0.0 0.0 0.0 0.0 0.0 0.0
1312 2087.05078125 1364.1158447265625 65.7678946368813 0.0 0.0 0.0 0.0 0.0 0.0 0.0
1329 2078.5579833984375 1366.239013671875 61.96309608629866 0.0 0.0 0.0 0.0 0.0 0.0 0.0
1345 2074.3116455078125 1366.239013671875 59.91009655326587 0.0 0.0 0.0 0.0 0.0 0.0 0.0
1361 2072.1884765625 1368.3621826171875 59.09688240033421 0.0 0.0 0.0 0.0 0.0 0.0 0.0
1378 2070.0653076171875 1368.3621826171875 58.0636102654143 0.0 0.0 0.0 0.0 0.0 0.0 0.0
1424 2070.0653076171875 1366.239013671875 57.869416414006764 0.0 0.0 0.0 0.0 0.0 0.0 0.0
1428 2067.9420166015625 1364.1158447265625 56.659261738118175 0.0 0.0 0.0 0.0 0.0 0.0 0.0
1445 2057.326171875 1328.0216064453125 50.40532300335332 0.0 0.0 0.0 0.0 0.0 0.0 0.0
1462 2023.3551025390625 1285.557861328125 37.329747106356194 0.0 0.0 0.0 0.0 0.0 0.0 0.0
1479 1932.0579833984375 1228.231689453125 14.237832727529224 0.0 0.0 0.0 0.0 0.0 0.0 0.0
1495 1832.26806640625 1190.0142822265625 356.94891679313577 0.0 0.0 0.0 0.0 0.0 0.0 0.0
1512 1745.21728515625 1170.9056396484375 345.08479148742583 0.0 0.0 0.0 0.0 0.0 0.0 0.0
1529 1687.8912353515625 1166.6593017578125 337.29396784755147 0.0 0.0 0.0 0.0 0.0 0.0 0.0
1545 1611.4564208984375 1175.1519775390625 326.79480683788677 0.0 0.0 0.0 0.0 0.0 0.0 0.0
1562 1596.5941162109375 1181.5216064453125 322.9215159328612 0.0 0.0 0.0 0.0 0.0 0.0 0.0
1580 1596.5941162109375 1183.644775390625 321.87298295655273 0.0 0.0 0.0 0.0 0.0 0.0 0.0
1595 1600.8404541015625 1187.89111328125 319.8676868892177 0.0 0.0 0.0 0.0 0.0 0.0 0.0
1611 1713.3695068359375 1211.2462158203125 236.6479496964003 0.0 0.0 0.0 0.0 0.0 0.0 0.0
1629 1866.2391357421875 1234.601318359375 182.96863395599516 0.0 0.0 0.0 0.0 0.0 0.0 0.0
1645 1959.659423828125 1253.7099609375 167.57352840000217 0.0 0.0 0.0 0.0 0.0 0.0 0.0
1662 2033.9710693359375 1279.188232421875 162.95867906205262 0.0 0.0 0.0 0.0 0.0 0.0 0.0
1679 2053.0797119140625 1287.6810302734375 162.68858221570707 0.0 0.0 0.0 0.0 0.0 0.0 0.0
1695 2053.0797119140625 1289.80419921875 163.63084588134166 0.0 0.0 0.0 0.0 0.0 0.0 0.0
1712 2023.3551025390625 1298.2969970703125 176.2787136755592 0.0 0.0 0.0 0.0 0.0 0.0 0.0
1729 1940.5506591796875 1302.5433349609375 222.03859682555046 0.0 0.0 0.0 0.0 0.0 0.0 0.0
1745 1851.3768310546875 1296.173828125 263.1144981657081 0.0 0.0 0.0 0.0 0.0 0.0 0.0
1761 1645.4273681640625 1272.8187255859375 302.8205050694479 0.0 0.0 0.0 0.0 0.0 0.0 0.0
1779 1513.7896728515625 1255.833251953125 314.4601755776346 0.0 0.0 0.0 0.0 0.0 0.0 0.0
1796 1475.572265625 1255.833251953125 315.14858939655426 0.0 0.0 0.0 0.0 0.0 0.0 0.0
1812 1469.2027587890625 1253.7099609375 316.25433933033116 0.0 0.0 0.0 0.0 0.0 0.0 0.0
1837 1471.325927734375 1253.7099609375 316.2360406530818 0.0 0.0 0.0 0.0 0.0 0.0 0.0
1845 1481.94189453125 1253.7099609375 316.13538755609017 0.0 0.0 0.0 0.0 0.0 0.0 0.0
1862 1507.420166015625 1253.7099609375 315.8255396397799 0.0 0.0 0.0 0.0 0.0 0.0 0.0
1879 1560.4998779296875 1264.325927734375 305.0885175905514 0.0 0.0 0.0 0.0 0.0 0.0 0.0
1895 1630.5650634765625 1283.4346923828125 271.9365597448249 0.0 0.0 0.0 0.0 0.0 0.0 0.0
1912 1679.3984375 1300.420166015625 245.3837905843224 0.0 0.0 0.0 0.0 0.0 0.0 0.0
1929 1749.4637451171875 1330.144775390625 213.5301976041979 0.0 0.0 0.0 0.0 0.0 0.0 0.0
1946 1770.695556640625 1338.6375732421875 205.31372639553473 0.0 0.0 0.0 0.0 0.0 0.0 0.0
1962 1781.3115234375 1345.0072021484375 201.9073539337555 0.0 0.0 0.0 0.0 0.0 0.0 0.0
1979 1787.68115234375 1349.2535400390625 200.0601868911511 0.0 0.0 0.0 0.0 0.0 0.0 0.0