0 2000.0 1500.0 0 0.0 0.0 0.0 0.0 0.0 0.0 0.0
47 2000.0 1500.0 0 0.0 0.0 0.0 0.0 0.0 0.0 0.0
65 2000.0 1500.0 0 0.0 0.0 0.0 0.0 0.0 0.0 0.0
82 2000.0 1500.0 0 0.0 0.0 0.0 0.0 0.0 0.0 0.0
98 2000.0 1500.0 0 0.0 0.0 0.0 0.0 0.0 0.0 0.0
115 2000.0 1500.0 0 0.0 0.0 0.0 0.0 0.0 0.0 0.0
131 2022.44677734375 1505.6116943359375 2.6176910295379514 0.0 0.0 0.0 0.0 0.0 0.0 0.0
148 2044.893798828125 1511.2235107421875 4.756131940639435 0.0 0.0 0.0 0.0 0.0 0.0 0.0
165 2058.923095703125 1511.2235107421875 4.197365256998083 0.0 0.0 0.0 0.0 0.0 0.0 0.0
182 2070.146728515625 1514.029296875 5.214747661051717 0.0 0.0 0.0 0.0 0.0 0.0 0.0
199 2075.75830078125 1514.029296875 4.9497818460022245 0.0 0.0 0.0 0.0 0.0 0.0 0.0
215 2078.564208984375 1514.029296875 4.820835346536256 0.0 0.0 0.0 0.0 0.0 0.0 0.0
233 2081.3701171875 1514.029296875 4.695363869987446 0.0 0.0 0.0 0.0 0.0 0.0 0.0