0 2350.0 1500.0 0 1650.0 1500.0 0 0.0 0.0 0.0 0.0
3 2350.0 1500.0 0 1650.0 1500.0 0 0.0 0.0 0.0 0.0
21 2350.0 1500.0 0 1650.0 1500.0 0 0.0 0.0 0.0 0.0
36 2350.0 1500.0 0 1650.0 1500.0 0 0.0 0.0 0.0 0.0
53 2350.0 1500.0 0 1650.0 1500.0 0 0.0 0.0 0.0 0.0
54 2350.0 1500.0 0 1650.0 1500.0 0 0.0 0.0 0.0 0.0
70 2350.0 1500.0 0 1650.0 1500.0 0 0.0 0.0 0.0 0.0
86 2350.0 1500.0 0 1650.0 1500.0 0 0.0 0.0 0.0 0.0
103 2350.0 1500.0 0 1650.0 1500.0 0 0.0 0.0 0.0 0.0
120 2350.0 1500.0 0 1652.1231689453125 1500.0 1.4591309379229926 0.0 0.0 0.0 0.0
121 2350.0 1500.0 0 1656.36962890625 1497.8768310546875 3.5155435137450013 0.0 0.0 0.0 0.0
136 2350.0 1500.0 0 1658.4927978515625 1495.753662109375 4.0638915557975395 0.0 0.0 0.0 0.0
137 2350.0 1500.0 0 1662.7391357421875 1493.6304931640625 5.936157186825838 0.0 0.0 0.0 0.0
154 2350.0 1500.0 0 1671.23193359375 1489.384033203125 9.435087063187758 0.0 0.0 0.0 0.0
169 2350.0 1500.0 0 1671.23193359375 1487.2608642578125 8.456353505447545 0.0 0.0 0.0 0.0
170 2350.0 1500.0 0 1681.847900390625 1480.891357421875 11.855355216893948 0.0 0.0 0.0 0.0
186 2350.0 1500.0 0 1686.09423828125 1478.7681884765625 13.291438101038253 0.0 0.0 0.0 0.0
187 2350.0 1500.0 0 1694.5870361328125 1474.521728515625 15.925710508096621 0.0 0.0 0.0 0.0
203 2350.0 1500.0 0 1696.710205078125 1474.521728515625 17.112854842291952 0.0 0.0 0.0 0.0
204 2350.0 1500.0 0 1703.0797119140625 1470.275390625 18.30620336945517 0.0 0.0 0.0 0.0
219 2350.0 1500.0 0 1705.202880859375 1468.1522216796875 18.274719784224253 0.0 0.0 0.0 0.0
220 2350.0 1500.0 0 1713.6956787109375 1463.90576171875 20.384850297051067 0.0 0.0 0.0 0.0
236 2350.0 1500.0 0 1715.81884765625 1461.7825927734375 20.271332031204977 0.0 0.0 0.0 0.0
237 2350.0 1500.0 0 1724.3116455078125 1459.659423828125 23.301143687346418 0.0 0.0 0.0 0.0
253 2350.0 1500.0 0 1726.434814453125 1459.659423828125 24.331817691989663 0.0 0.0 0.0 0.0
254 2350.0 1500.0 0 1732.804443359375 1459.659423828125 27.2854577269321 0.0 0.0 0.0 0.0
270 2350.0 1500.0 0 1739.1739501953125 1457.5362548828125 28.77495122769244 0.0 0.0 0.0 0.0
271 2350.0 1500.0 0 1743.4202880859375 1457.5362548828125 30.561294078254818 0.0 0.0 0.0 0.0
287 2350.0 1500.0 0 1751.9130859375 1459.659423828125 35.3268144870977 0.0 0.0 0.0 0.0
288 2350.0 1500.0 0 1754.0362548828125 1459.659423828125 36.069223518202186 0.0 0.0 0.0 0.0
303 2350.0 1500.0 0 1758.28271484375 1459.659423828125 37.48022046957488 0.0 0.0 0.0 0.0
304 2350.0 1500.0 0 1764.6522216796875 1459.659423828125 39.48898492521247 0.0 0.0 0.0 0.0
321 2350.0 1500.0 0 1775.2681884765625 1459.659423828125 42.48634241781986 0.0 0.0 0.0 0.0
336 2350.0 1500.0 0 1777.391357421875 1459.659423828125 43.042081432968494 0.0 0.0 0.0 0.0
337 2350.0 1500.0 0 1783.7608642578125 1461.7825927734375 46.13251933133012 0.0 0.0 0.0 0.0
352 2350.0 1500.0 0 1785.8841552734375 1461.7825927734375 46.589921501858534 0.0 0.0 0.0 0.0
353 2350.0 1500.0 0 1792.253662109375 1461.7825927734375 47.888445807368406 0.0 0.0 0.0 0.0
370 2350.0 1500.0 0 1794.3768310546875 1463.90576171875 49.880317623373124 0.0 0.0 0.0 0.0
371 2350.0 1500.0 0 1800.7464599609375 1466.029052734375 52.51149078275052 0.0 0.0 0.0 0.0
386 2350.0 1500.0 0 1802.86962890625 1466.029052734375 52.79294080210021 0.0 0.0 0.0 0.0
387 2350.0 1500.0 0 1809.2391357421875 1468.1522216796875 55.15288005149619 0.0 0.0 0.0 0.0
403 2350.0 1500.0 0 1811.3624267578125 1470.275390625 56.973622854087346 0.0 0.0 0.0 0.0
404 2350.0 1500.0 0 1817.73193359375 1472.3985595703125 59.047140107381686 0.0 0.0 0.0 0.0
420 2350.0 1500.0 0 1826.2247314453125 1474.521728515625 61.042308825117594 0.0 0.0 0.0 0.0
436 2350.0 1500.0 0 1828.347900390625 1474.521728515625 61.08379667449531 0.0 0.0 0.0 0.0
437 2350.0 1500.0 0 1832.59423828125 1474.521728515625 61.163373231360445 0.0 0.0 0.0 0.0
454 2350.0 1500.0 0 1838.9638671875 1474.521728515625 61.27443661323375 0.0 0.0 0.0 0.0
469 2350.0 1500.0 0 1841.0870361328125 1474.521728515625 61.30937778693197 0.0 0.0 0.0 0.0
470 2350.0 1500.0 0 1847.45654296875 1476.6448974609375 62.938380128061375 0.0 0.0 0.0 0.0
486 2350.0 1500.0 0 1849.579833984375 1476.6448974609375 62.92626966550366 0.0 0.0 0.0 0.0
487 2350.0 1500.0 0 1855.9493408203125 1480.891357421875 66.03838974004748 0.0 0.0 0.0 0.0
503 2350.0 1500.0 0 1858.072509765625 1483.0145263671875 67.55288064352672 0.0 0.0 0.0 0.0
504 2350.0 1500.0 0 1862.3189697265625 1487.2608642578125 70.44190208846874 0.0 0.0 0.0 0.0
520 2350.0 1500.0 0 1864.442138671875 1489.384033203125 71.8177325465297 0.0 0.0 0.0 0.0
521 2350.0 1500.0 0 1870.8116455078125 1493.6304931640625 74.23593606863932 0.0 0.0 0.0 0.0
537 2350.0 1500.0 0 1877.1812744140625 1497.8768310546875 76.38480506440675 0.0 0.0 0.0 0.0
554 2350.0 1500.0 0 1881.4276123046875 1502.1231689453125 78.698400949779 0.0 0.0 0.0 0.0
570 2350.0 1500.0 0 1883.55078125 1504.2464599609375 79.79515311956615 0.0 0.0 0.0 0.0
571 2350.0 1500.0 0 1887.7972412109375 1506.36962890625 80.342523137629 0.0 0.0 0.0 0.0
587 2350.0 1500.0 0 1889.92041015625 1508.4927978515625 81.38102981683147 0.0 0.0 0.0 0.0
588 2350.0 1500.0 0 1894.166748046875 1512.7391357421875 83.34754637314433 0.0 0.0 0.0 0.0
603 2350.0 1500.0 0 1896.2899169921875 1514.8623046875 84.27768324327516 0.0 0.0 0.0 0.0
604 2350.0 1500.0 0 1900.536376953125 1516.985595703125 84.58734800863868 0.0 0.0 0.0 0.0
620 2350.0 1500.0 0 1900.536376953125 1519.1087646484375 86.11530506949839 0.0 0.0 0.0 0.0
621 2350.0 1500.0 0 1906.9058837890625 1521.23193359375 85.70037270644562 0.0 0.0 0.0 0.0
636 2350.0 1500.0 0 1906.9058837890625 1523.3551025390625 87.21525716030649 0.0 0.0 0.0 0.0
637 2350.0 1500.0 0 1911.1522216796875 1525.478271484375 87.34912023959845 0.0 0.0 0.0 0.0
653 2350.0 1500.0 0 1913.2755126953125 1527.6014404296875 88.13147586933843 0.0 0.0 0.0 0.0
654 2350.0 1500.0 0 1917.5218505859375 1533.9710693359375 91.0739492313599 0.0 0.0 0.0 0.0
670 2350.0 1500.0 0 1921.7681884765625 1536.09423828125 90.9680075787152 0.0 0.0 0.0 0.0
671 2350.0 1500.0 0 1926.0146484375 1540.340576171875 92.22435033461045 0.0 0.0 0.0 0.0
686 2350.0 1500.0 0 1926.0146484375 1542.4638671875 93.65156535623208 0.0 0.0 0.0 0.0
687 2350.0 1500.0 0 1930.260986328125 1544.5870361328125 93.37344467817164 0.0 0.0 0.0 0.0
704 2350.0 1500.0 0 1934.50732421875 1546.710205078125 93.079304575116 0.0 0.0 0.0 0.0
719 2350.0 1500.0 0 1936.6304931640625 1546.710205078125 92.2521516771618 0.0 0.0 0.0 0.0
720 2350.0 1500.0 0 1938.7537841796875 1546.710205078125 91.44539503411116 0.0 0.0 0.0 0.0
736 2350.0 1500.0 0 1938.7537841796875 1546.710205078125 91.44543649203655 0.0 0.0 0.0 0.0
737 2350.0 1500.0 0 1940.876953125 1546.710205078125 90.65885940975127 0.0 0.0 0.0 0.0
753 2350.0 1500.0 0 1940.876953125 1546.710205078125 90.65890098277515 0.0 0.0 0.0 0.0
754 2350.0 1500.0 0 1943.0001220703125 1546.710205078125 89.89206951213711 0.0 0.0 0.0 0.0
770 2350.0 1500.0 0 1945.123291015625 1546.710205078125 89.14463272192452 0.0 0.0 0.0 0.0
786 2350.0 1500.0 0 1947.2464599609375 1544.5870361328125 86.9365573918358 0.0 0.0 0.0 0.0
804 2350.0 1500.0 0 1949.36962890625 1542.4638671875 84.72118236153204 0.0 0.0 0.0 0.0
820 2350.0 1500.0 0 1951.492919921875 1540.340576171875 82.54071185121094 0.0 0.0 0.0 0.0
836 2350.0 1500.0 0 1953.6160888671875 1540.340576171875 81.98485357813897 0.0 0.0 0.0 0.0
837 2350.0 1500.0 0 1953.6160888671875 1538.2174072265625 80.39797790718038 0.0 0.0 0.0 0.0
853 2350.0 1500.0 0 1955.7392578125 1536.09423828125 78.33868208638236 0.0 0.0 0.0 0.0
854 2350.0 1500.0 0 1957.8624267578125 1533.9710693359375 76.32411273679483 0.0 0.0 0.0 0.0
869 2350.0 1500.0 0 1959.985595703125 1531.847900390625 74.34985947523043 0.0 0.0 0.0 0.0
886 2350.0 1500.0 0 1962.1087646484375 1531.847900390625 74.0172281038902 0.0 0.0 0.0 0.0
905 2350.0 1500.0 0 1962.1087646484375 1533.9710693359375 75.64113064427005 0.0 0.0 0.0 0.0
920 2350.0 1500.0 0 1964.2320556640625 1533.9710693359375 75.27279751927222 0.0 0.0 0.0 0.0
921 2350.0 1500.0 0 1966.355224609375 1538.2174072265625 78.04794429070444 0.0 0.0 0.0 0.0
937 2350.0 1500.0 0 1970.6015625 1546.710205078125 83.24332638680417 0.0 0.0 0.0 0.0
953 2350.0 1500.0 0 1970.6015625 1548.8333740234375 84.78638047064322 0.0 0.0 0.0 0.0
954 2350.0 1500.0 0 1970.6015625 1550.95654296875 86.31207320543908 0.0 0.0 0.0 0.0
971 2350.0 1500.0 0 1972.7247314453125 1553.0797119140625 87.1721054140709 0.0 0.0 0.0 0.0
986 2350.0 1500.0 0 1974.847900390625 1555.2030029296875 87.96119849467425 0.0 0.0 0.0 0.0
1003 2350.0 1500.0 0 1976.97119140625 1555.2030029296875 87.2630213550922 0.0 0.0 0.0 0.0
1020 2350.0 1500.0 0 1976.97119140625 1553.0797119140625 85.73054732857898 0.0 0.0 0.0 0.0
1021 2350.0 1500.0 0 1979.0943603515625 1553.0797119140625 85.09033357198808 0.0 0.0 0.0 0.0
1036 2350.0 1500.0 0 1979.0943603515625 1553.0797119140625 85.09033347546048 0.0 0.0 0.0 0.0
1037 2350.0 1500.0 0 1979.0943603515625 1553.0797119140625 85.09033347546048 0.0 0.0 0.0 0.0
1053 2350.0 1500.0 0 1981.217529296875 1553.0797119140625 84.46692226748243 0.0 0.0 0.0 0.0
1054 2350.0 1500.0 0 1983.3406982421875 1550.95654296875 82.33828567494075 0.0 0.0 0.0 0.0
1070 2350.0 1500.0 0 1985.4638671875 1548.8333740234375 80.24671602264414 0.0 0.0 0.0 0.0
1086 2350.0 1500.0 0 1985.4638671875 1546.710205078125 78.6448843406989 0.0 0.0 0.0 0.0
1087 2350.0 1500.0 0 1987.5870361328125 1544.5870361328125 76.57662637899963 0.0 0.0 0.0 0.0
1104 2350.0 1500.0 0 1989.7103271484375 1540.340576171875 72.9591399374946 0.0 0.0 0.0 0.0
1119 2350.0 1500.0 0 1991.83349609375 1538.2174072265625 71.06206938454196 0.0 0.0 0.0 0.0
1120 2350.0 1500.0 0 1993.9566650390625 1538.2174072265625 70.8211078375588 0.0 0.0 0.0 0.0
1136 2350.0 1500.0 0 1993.9566650390625 1538.2174072265625 70.8210943197318 0.0 0.0 0.0 0.0
1137 2350.0 1500.0 0 1996.079833984375 1538.2174072265625 70.58685492759682 0.0 0.0 0.0 0.0
1153 2350.0 1500.0 0 1996.079833984375 1540.340576171875 72.230392114388 0.0 0.0 0.0 0.0
1154 2350.0 1500.0 0 2000.326171875 1544.5870361328125 74.91024877502815 0.0 0.0 0.0 0.0
1170 2350.0 1500.0 0 2002.449462890625 1546.710205078125 76.1378496554589 0.0 0.0 0.0 0.0
1171 2350.0 1500.0 0 2006.69580078125 1557.326171875 82.96054982610337 0.0 0.0 0.0 0.0
1187 2350.0 1500.0 0 2008.8189697265625 1565.81884765625 88.35245945512523 0.0 0.0 0.0 0.0
1188 2350.0 1500.0 0 2008.8189697265625 1567.942138671875 89.83401652016508 0.0 0.0 0.0 0.0
1203 2350.0 1500.0 0 2010.942138671875 1576.434814453125 94.76243327600491 0.0 0.0 0.0 0.0
1204 2350.0 1500.0 0 2010.942138671875 1578.5579833984375 96.15065947627807 0.0 0.0 0.0 0.0
1221 2350.0 1500.0 0 2013.0653076171875 1582.804443359375 97.98733307834522 0.0 0.0 0.0 0.0
1265 2350.0 1500.0 0 2013.0653076171875 1580.6812744140625 96.60653700229147 0.0 0.0 0.0 0.0
1272 2350.0 1500.0 0 2013.0653076171875 1578.5579833984375 95.20314176514444 0.0 0.0 0.0 0.0
1286 2350.0 1500.0 0 2013.0653076171875 1576.434814453125 93.77781332777795 0.0 0.0 0.0 0.0
1287 2350.0 1500.0 0 2015.1884765625 1576.434814453125 92.93347861900247 0.0 0.0 0.0 0.0
1303 2350.0 1500.0 0 2015.1884765625 1574.3116455078125 91.47454731044729 0.0 0.0 0.0 0.0
1304 2350.0 1500.0 0 2013.0653076171875 1567.942138671875 87.80032414396464 0.0 0.0 0.0 0.0
1321 2350.0 1500.0 0 2013.0653076171875 1561.572509765625 83.17020379164367 0.0 0.0 0.0 0.0
1337 2350.0 1500.0 0 2010.942138671875 1557.326171875 80.57527188498813 0.0 0.0 0.0 0.0
1353 2350.0 1500.0 0 2010.942138671875 1557.326171875 80.57523864208028 0.0 0.0 0.0 0.0
1354 2350.0 1500.0 0 2010.942138671875 1557.326171875 80.57523864208028 0.0 0.0 0.0 0.0
1371 2350.0 1500.0 0 2013.0653076171875 1557.326171875 80.07218423525393 0.0 0.0 0.0 0.0
1386 2350.0 1500.0 0 2013.0653076171875 1559.4493408203125 81.64753706636372 0.0 0.0 0.0 0.0
1387 2350.0 1500.0 0 2015.1884765625 1563.6956787109375 84.22996346773493 0.0 0.0 0.0 0.0
1403 2350.0 1500.0 0 2015.1884765625 1565.81884765625 85.76204330302593 0.0 0.0 0.0 0.0
1404 2350.0 1500.0 0 2017.311767578125 1576.434814453125 92.48195429496673 0.0 0.0 0.0 0.0
1420 2350.0 1500.0 0 2017.311767578125 1578.5579833984375 93.90529573075386 0.0 0.0 0.0 0.0
1421 2350.0 1500.0 0 2017.311767578125 1587.05078125 99.37751579922698 0.0 0.0 0.0 0.0
1436 2350.0 1500.0 0 2015.1884765625 1589.1739501953125 101.7240942801624 0.0 0.0 0.0 0.0
1437 2350.0 1500.0 0 2015.1884765625 1593.42041015625 104.2368202798124 0.0 0.0 0.0 0.0
1453 2350.0 1500.0 0 2015.1884765625 1595.5435791015625 105.45735008532088 0.0 0.0 0.0 0.0
1470 2350.0 1500.0 0 2015.1884765625 1595.5435791015625 105.45737960364744 0.0 0.0 0.0 0.0
1486 2350.0 1500.0 0 2015.1884765625 1595.5435791015625 105.45737960364744 0.0 0.0 0.0 0.0
1487 2350.0 1500.0 0 2015.1884765625 1593.42041015625 104.21245294167761 0.0 0.0 0.0 0.0
1503 2350.0 1500.0 0 2015.1884765625 1591.297119140625 102.94317393754491 0.0 0.0 0.0 0.0
1504 2350.0 1500.0 0 2017.311767578125 1584.9276123046875 98.00643930233585 0.0 0.0 0.0 0.0
1519 2350.0 1500.0 0 2017.311767578125 1582.804443359375 96.62595288531821 0.0 0.0 0.0 0.0
1520 2350.0 1500.0 0 2017.311767578125 1580.6812744140625 95.22299642827664 0.0 0.0 0.0 0.0
1536 2350.0 1500.0 0 2017.311767578125 1578.5579833984375 93.79795341469892 0.0 0.0 0.0 0.0
1537 2350.0 1500.0 0 2017.311767578125 1576.434814453125 92.3515743131857 0.0 0.0 0.0 0.0
1553 2350.0 1500.0 0 2019.434814453125 1576.434814453125 91.54246371967344 0.0 0.0 0.0 0.0
1570 2350.0 1500.0 0 2019.434814453125 1578.5579833984375 92.97960439867799 0.0 0.0 0.0 0.0
1587 2350.0 1500.0 0 2021.55810546875 1582.804443359375 94.95577930807184 0.0 0.0 0.0 0.0
1602 2350.0 1500.0 0 2021.55810546875 1584.9276123046875 96.34092261808917 0.0 0.0 0.0 0.0
1603 2350.0 1500.0 0 2023.681396484375 1589.1739501953125 98.12067517626528 0.0 0.0 0.0 0.0
1652 2350.0 1500.0 0 2023.681396484375 1587.05078125 96.74207466334477 0.0 0.0 0.0 0.0
1670 2350.0 1500.0 0 2021.55810546875 1582.804443359375 94.87456846425556 0.0 0.0 0.0 0.0
1686 2350.0 1500.0 0 2021.55810546875 1580.6812744140625 93.44422290062053 0.0 0.0 0.0 0.0
1687 2350.0 1500.0 0 2021.55810546875 1576.434814453125 90.52040772924303 0.0 0.0 0.0 0.0
1703 2350.0 1500.0 0 2019.434814453125 1574.3116455078125 89.80323573172765 0.0 0.0 0.0 0.0
1704 2350.0 1500.0 0 2019.434814453125 1570.0653076171875 86.781804903313 0.0 0.0 0.0 0.0
1720 2350.0 1500.0 0 2019.434814453125 1567.942138671875 85.24383768025058 0.0 0.0 0.0 0.0
1721 2350.0 1500.0 0 2019.434814453125 1563.6956787109375 82.11814118507999 0.0 0.0 0.0 0.0
1753 2350.0 1500.0 0 2019.434814453125 1565.81884765625 83.67317546257132 0.0 0.0 0.0 0.0
1770 2350.0 1500.0 0 2021.55810546875 1572.1884765625 87.58368828864289 0.0 0.0 0.0 0.0
1786 2350.0 1500.0 0 2021.55810546875 1574.3116455078125 89.0751770169874 0.0 0.0 0.0 0.0
1804 2350.0 1500.0 0 2023.681396484375 1580.6812744140625 92.6508909868788 0.0 0.0 0.0 0.0
1820 2350.0 1500.0 0 2023.681396484375 1582.804443359375 94.0717225210629 0.0 0.0 0.0 0.0
1821 2350.0 1500.0 0 2021.55810546875 1584.9276123046875 96.4006077329457 0.0 0.0 0.0 0.0
1844 2350.0 1500.0 0 2021.55810546875 1582.804443359375 94.99402649628502 0.0 0.0 0.0 0.0
1853 2350.0 1500.0 0 2021.55810546875 1580.6812744140625 93.56554883364961 0.0 0.0 0.0 0.0
1869 2350.0 1500.0 0 2019.434814453125 1580.6812744140625 94.44764297676625 0.0 0.0 0.0 0.0
1870 2350.0 1500.0 0 2019.434814453125 1572.1884765625 88.5769415649585 0.0 0.0 0.0 0.0
1886 2350.0 1500.0 0 2017.311767578125 1572.1884765625 89.3291342013847 0.0 0.0 0.0 0.0
1887 2350.0 1500.0 0 2017.311767578125 1565.81884765625 84.75242902528643 0.0 0.0 0.0 0.0
1904 2350.0 1500.0 0 2015.1884765625 1559.4493408203125 80.59858680099842 0.0 0.0 0.0 0.0
1923 2350.0 1500.0 0 2017.311767578125 1559.4493408203125 80.09487402425518 0.0 0.0 0.0 0.0
1937 2350.0 1500.0 0 2017.311767578125 1561.572509765625 81.67006025221556 0.0 0.0 0.0 0.0
1953 2350.0 1500.0 0 2017.311767578125 1563.6956787109375 83.22975288180388 0.0 0.0 0.0 0.0
1954 2350.0 1500.0 0 2019.434814453125 1574.3116455078125 90.1689773979731 0.0 0.0 0.0 0.0
1969 2350.0 1500.0 0 2021.55810546875 1576.434814453125 90.84519626908923 0.0 0.0 0.0 0.0
1970 2350.0 1500.0 0 2021.55810546875 1582.804443359375 95.12324519953856 0.0 0.0 0.0 0.0
1986 2350.0 1500.0 0 2023.681396484375 1584.9276123046875 95.60949823040798 0.0 0.0 0.0 0.0
1987 2350.0 1500.0 0 2023.681396484375 1591.297119140625 99.665086401076 0.0 0.0 0.0 0.0
2009 2350.0 1500.0 0 2021.55810546875 1589.1739501953125 99.32962582997453 0.0 0.0 0.0 0.0
2020 2350.0 1500.0 0 2021.55810546875 1587.05078125 97.97147341115826 0.0 0.0 0.0 0.0
2037 2350.0 1500.0 0 2019.434814453125 1578.5579833984375 93.28126164435227 0.0 0.0 0.0 0.0
2038 2350.0 1500.0 0 2019.434814453125 1576.434814453125 91.8273569155476 0.0 0.0 0.0 0.0
2053 2350.0 1500.0 0 2017.311767578125 1574.3116455078125 91.16361355693053 0.0 0.0 0.0 0.0
2054 2350.0 1500.0 0 2017.311767578125 1567.942138671875 86.65561696530753 0.0 0.0 0.0 0.0
2055 2350.0 1500.0 0 2017.311767578125 1565.81884765625 85.11617562465676 0.0 0.0 0.0 0.0
2071 2350.0 1500.0 0 2017.311767578125 1559.4493408203125 80.4010376506283 0.0 0.0 0.0 0.0
2086 2350.0 1500.0 0 2017.311767578125 1557.326171875 78.8005137070513 0.0 0.0 0.0 0.0
2102 2350.0 1500.0 0 2019.434814453125 1557.326171875 78.3455887132746 0.0 0.0 0.0 0.0
2103 2350.0 1500.0 0 2019.434814453125 1559.4493408203125 79.9365194338589 0.0 0.0 0.0 0.0
2120 2350.0 1500.0 0 2019.434814453125 1561.572509765625 81.5131441077686 0.0 0.0 0.0 0.0
2121 2350.0 1500.0 0 2021.55810546875 1567.942138671875 85.59468941772613 0.0 0.0 0.0 0.0
2136 2350.0 1500.0 0 2021.55810546875 1570.0653076171875 87.1108323416262 0.0 0.0 0.0 0.0
2137 2350.0 1500.0 0 2023.681396484375 1578.5579833984375 92.30398290929375 0.0 0.0 0.0 0.0
2153 2350.0 1500.0 0 2023.681396484375 1578.5579833984375 92.3040381024972 0.0 0.0 0.0 0.0
2154 2350.0 1500.0 0 2023.681396484375 1584.9276123046875 96.51681829016118 0.0 0.0 0.0 0.0
2170 2350.0 1500.0 0 2023.681396484375 1587.05078125 97.8766034001327 0.0 0.0 0.0 0.0
2191 2350.0 1500.0 0 2023.681396484375 1584.9276123046875 96.49389042709728 0.0 0.0 0.0 0.0
2202 2350.0 1500.0 0 2021.55810546875 1582.804443359375 96.05914823670989 0.0 0.0 0.0 0.0
2203 2350.0 1500.0 0 2021.55810546875 1580.6812744140625 94.64717439293975 0.0 0.0 0.0 0.0
2219 2350.0 1500.0 0 2021.55810546875 1578.5579833984375 93.21335896845082 0.0 0.0 0.0 0.0
2220 2350.0 1500.0 0 2019.434814453125 1574.3116455078125 91.09194794950756 0.0 0.0 0.0 0.0
2236 2350.0 1500.0 0 2019.434814453125 1572.1884765625 89.60747601046054 0.0 0.0 0.0 0.0
2237 2350.0 1500.0 0 2019.434814453125 1565.81884765625 85.04070598158194 0.0 0.0 0.0 0.0
2253 2350.0 1500.0 0 2019.434814453125 1565.81884765625 85.04073691738265 0.0 0.0 0.0 0.0
2254 2350.0 1500.0 0 2019.434814453125 1561.572509765625 81.91086733093059 0.0 0.0 0.0 0.0
2272 2350.0 1500.0 0 2021.55810546875 1561.572509765625 81.37183772448776 0.0 0.0 0.0 0.0
2287 2350.0 1500.0 0 2021.55810546875 1567.942138671875 86.01022002856934 0.0 0.0 0.0 0.0
2303 2350.0 1500.0 0 2023.681396484375 1574.3116455078125 89.8629557315688 0.0 0.0 0.0 0.0
2321 2350.0 1500.0 0 2025.804443359375 1582.804443359375 94.70624934007947 0.0 0.0 0.0 0.0
2322 2350.0 1500.0 0 2025.804443359375 1584.9276123046875 96.09538047721446 0.0 0.0 0.0 0.0
2336 2350.0 1500.0 0 2025.804443359375 1587.05078125 97.46209736500941 0.0 0.0 0.0 0.0
2337 2350.0 1500.0 0 2023.681396484375 1589.1739501953125 99.81650410553712 0.0 0.0 0.0 0.0
2352 2350.0 1500.0 0 2023.681396484375 1587.05078125 98.46676476452748 0.0 0.0 0.0 0.0
2369 2350.0 1500.0 0 2021.55810546875 1587.05078125 99.4693837815187 0.0 0.0 0.0 0.0
2370 2350.0 1500.0 0 2021.55810546875 1584.9276123046875 98.11367962487049 0.0 0.0 0.0 0.0
2386 2350.0 1500.0 0 2021.55810546875 1582.804443359375 96.73493564832316 0.0 0.0 0.0 0.0
2387 2350.0 1500.0 0 2023.681396484375 1580.6812744140625 94.40346525677057 0.0 0.0 0.0 0.0
2403 2350.0 1500.0 0 2023.681396484375 1580.6812744140625 94.40351285708653 0.0 0.0 0.0 0.0
2404 2350.0 1500.0 0 2023.681396484375 1578.5579833984375 92.9660331481989 0.0 0.0 0.0 0.0
2419 2350.0 1500.0 0 2023.681396484375 1576.434814453125 91.50758244351874 0.0 0.0 0.0 0.0
2420 2350.0 1500.0 0 2023.681396484375 1576.434814453125 91.50756716033368 0.0 0.0 0.0 0.0
2436 2350.0 1500.0 0 2025.804443359375 1576.434814453125 90.71948010352477 0.0 0.0 0.0 0.0
2454 2350.0 1500.0 0 2025.804443359375 1578.5579833984375 92.16848124735625 0.0 0.0 0.0 0.0
2469 2350.0 1500.0 0 2025.804443359375 1580.6812744140625 93.59658179814835 0.0 0.0 0.0 0.0
2470 2350.0 1500.0 0 2027.927734375 1584.9276123046875 95.57328410890878 0.0 0.0 0.0 0.0
2486 2350.0 1500.0 0 2027.927734375 1587.05078125 96.94850948766404 0.0 0.0 0.0 0.0
2502 2350.0 1500.0 0 2027.927734375 1587.05078125 96.94850277598087 0.0 0.0 0.0 0.0
2503 2350.0 1500.0 0 2027.927734375 1587.05078125 96.94850277598087 0.0 0.0 0.0 0.0
2519 2350.0 1500.0 0 2027.927734375 1587.05078125 96.94850277598087 0.0 0.0 0.0 0.0
2520 2350.0 1500.0 0 2023.681396484375 1584.9276123046875 97.50475760112187 0.0 0.0 0.0 0.0
2536 2350.0 1500.0 0 2021.55810546875 1582.804443359375 97.07780969143349 0.0 0.0 0.0 0.0
2553 2350.0 1500.0 0 2021.55810546875 1580.6812744140625 95.68210984582319 0.0 0.0 0.0 0.0
2573 2350.0 1500.0 0 2021.55810546875 1580.6812744140625 95.68211903422727 0.0 0.0 0.0 0.0
2587 2350.0 1500.0 0 2021.55810546875 1580.6812744140625 95.68211903422727 0.0 0.0 0.0 0.0
2603 2350.0 1500.0 0 2021.55810546875 1580.6812744140625 95.68211903422727 0.0 0.0 0.0 0.0
2604 2350.0 1500.0 0 2019.434814453125 1582.804443359375 98.00836986748601 0.0 0.0 0.0 0.0
2621 2350.0 1500.0 0 2019.434814453125 1589.1739501953125 101.94224327779219 0.0 0.0 0.0 0.0
2636 2350.0 1500.0 0 2017.311767578125 1591.297119140625 104.29702331687696 0.0 0.0 0.0 0.0
2637 2350.0 1500.0 0 2017.311767578125 1595.5435791015625 106.7117505428541 0.0 0.0 0.0 0.0
2653 2350.0 1500.0 0 2017.311767578125 1595.5435791015625 106.7117822028373 0.0 0.0 0.0 0.0
2654 2350.0 1500.0 0 2017.311767578125 1595.5435791015625 106.7117822028373 0.0 0.0 0.0 0.0