0 2350.0 1500.0 0 1650.0 1500.0 0 0.0 0.0 0.0 0.0
184 2322.33203125 1480.2371826171875 9.247380232585073 1650.0 1500.0 0 0.0 0.0 0.0 0.0
201 2322.33203125 1468.37939453125 13.213594094672231 1650.0 1500.0 0 0.0 0.0 0.0 0.0
217 2322.33203125 1456.521728515625 17.232840489891515 1650.0 1500.0 0 0.0 0.0 0.0 0.0
235 2322.33203125 1452.569091796875 18.576081073015615 1650.0 1500.0 0 0.0 0.0 0.0 0.0
251 2322.33203125 1440.71142578125 22.635433144150483 1650.0 1500.0 0 0.0 0.0 0.0 0.0
286 2322.33203125 1432.8062744140625 25.344755775673747 1650.0 1500.0 0 0.0 0.0 0.0 0.0
304 2322.33203125 1424.901123046875 28.052364965456235 1650.0 1500.0 0 0.0 0.0 0.0 0.0
305 2322.33203125 1424.901123046875 28.052375606912705 1650.0 1500.0 0 0.0 0.0 0.0 0.0
321 2322.33203125 1420.9486083984375 29.404213822750847 1650.0 1500.0 0 0.0 0.0 0.0 0.0
337 2322.33203125 1416.9959716796875 30.753777178304944 1650.0 1500.0 0 0.0 0.0 0.0 0.0
352 2322.33203125 1413.04345703125 32.10026432436993 1650.0 1500.0 0 0.0 0.0 0.0 0.0
368 2322.33203125 1405.1383056640625 34.7774716337137 1650.0 1500.0 0 0.0 0.0 0.0 0.0
384 2322.33203125 1397.233154296875 37.43248082870568 1650.0 1500.0 0 0.0 0.0 0.0 0.0
401 2322.33203125 1393.2806396484375 38.75303107608019 1650.0 1500.0 0 0.0 0.0 0.0 0.0
417 2322.33203125 1385.37548828125 41.364698685298976 1650.0 1500.0 0 0.0 0.0 0.0 0.0
434 2318.37939453125 1381.4228515625 42.28286262762671 1650.0 1500.0 0 0.0 0.0 0.0 0.0
451 2314.427001953125 1373.5177001953125 44.42242689556255 1650.0 1500.0 0 0.0 0.0 0.0 0.0
467 2306.521728515625 1361.6600341796875 47.22509870285373 1650.0 1500.0 0 0.0 0.0 0.0 0.0
484 2302.569091796875 1361.6600341796875 46.74386136622056 1650.0 1500.0 0 0.0 0.0 0.0 0.0
502 2294.6640625 1353.7548828125 48.22258888725602 1650.0 1500.0 0 0.0 0.0 0.0 0.0
518 2286.7587890625 1349.8023681640625 48.43679557533082 1650.0 1500.0 0 0.0 0.0 0.0 0.0
537 2278.853759765625 1341.897216796875 49.81661047612462 1650.0 1500.0 0 0.0 0.0 0.0 0.0
551 2266.99609375 1337.944580078125 49.43791839123074 1650.0 1500.0 0 0.0 0.0 0.0 0.0
567 2259.0908203125 1330.03955078125 50.758731317245264 1650.0 1500.0 0 0.0 0.0 0.0 0.0
584 2247.233154296875 1322.1343994140625 51.452395117721295 1650.0 1500.0 0 0.0 0.0 0.0 0.0
601 2239.328125 1318.1817626953125 51.504720580617544 1650.0 1500.0 0 0.0 0.0 0.0 0.0
617 2227.470458984375 1310.276611328125 52.14029761678998 1650.0 1500.0 0 0.0 0.0 0.0 0.0
634 2211.66015625 1302.3714599609375 52.174136869692205 1650.0 1500.0 0 0.0 0.0 0.0 0.0
651 2203.7548828125 1298.4189453125 52.190155823319486 1650.0 1500.0 0 0.0 0.0 0.0 0.0
670 2191.897216796875 1294.4664306640625 51.6472224535876 1650.0 1500.0 0 0.0 0.0 0.0 0.0
686 2180.03955078125 1286.561279296875 52.271698540123424 1650.0 1500.0 0 0.0 0.0 0.0 0.0
704 2168.181884765625 1286.561279296875 50.57714158831382 1650.0 1500.0 0 0.0 0.0 0.0 0.0
721 2148.4189453125 1274.7034912109375 51.34111976869471 1650.0 1500.0 0 0.0 0.0 0.0 0.0
737 2144.4664306640625 1266.79833984375 53.13125573213094 1650.0 1500.0 0 0.0 0.0 0.0 0.0
753 2128.6561279296875 1266.79833984375 50.84829119607454 1650.0 1500.0 0 0.0 0.0 0.0 0.0
768 2120.7509765625 1262.8458251953125 50.93088151573042 1650.0 1500.0 0 0.0 0.0 0.0 0.0
784 2112.8458251953125 1258.893310546875 51.00934736889141 1650.0 1500.0 0 0.0 0.0 0.0 0.0
800 2100.9881591796875 1254.940673828125 50.548065400725335 1650.0 1500.0 0 0.0 0.0 0.0 0.0
817 2093.0830078125 1247.0355224609375 51.803146005387276 1650.0 1500.0 0 0.0 0.0 0.0 0.0
834 2081.225341796875 1247.0355224609375 50.13701553405812 1650.0 1500.0 0 0.0 0.0 0.0 0.0
851 2073.3201904296875 1243.0830078125 50.2553171037093 1650.0 1500.0 0 0.0 0.0 0.0 0.0
867 2061.46240234375 1243.0830078125 48.68370701858484 1650.0 1500.0 0 0.0 0.0 0.0 0.0
884 2049.604736328125 1239.13037109375 48.38357240215859 1650.0 1500.0 0 0.0 0.0 0.0 0.0
901 2037.7470703125 1239.13037109375 46.92761468204148 1650.0 1500.0 0 0.0 0.0 0.0 0.0
917 2025.8892822265625 1239.13037109375 45.56243937663973 1650.0 1500.0 0 0.0 0.0 0.0 0.0
934 2014.0316162109375 1239.13037109375 44.28305072882122 1650.0 1500.0 0 0.0 0.0 0.0 0.0
951 2006.12646484375 1239.13037109375 43.46686556258007 1650.0 1500.0 0 0.0 0.0 0.0 0.0
967 1998.2213134765625 1239.13037109375 42.68597090177113 1650.0 1500.0 0 0.0 0.0 0.0 0.0
984 1994.268798828125 1239.13037109375 42.304191715803285 1650.0 1500.0 0 0.0 0.0 0.0 0.0
1001 1986.3636474609375 1243.0830078125 40.31892976234607 1650.0 1500.0 0 0.0 0.0 0.0 0.0
1017 1982.4111328125 1247.0355224609375 38.69866723035423 1650.0 1500.0 0 0.0 0.0 0.0 0.0
1034 1978.45849609375 1247.0355224609375 38.40607572855512 1650.0 1500.0 0 0.0 0.0 0.0 0.0
1054 1978.45849609375 1250.9881591796875 37.07724441702808 1650.0 1500.0 0 0.0 0.0 0.0 0.0
1070 1974.5059814453125 1250.9881591796875 36.821362595789395 1650.0 1500.0 0 0.0 0.0 0.0 0.0
1087 1970.5533447265625 1254.940673828125 35.26520193234526 1650.0 1500.0 0 0.0 0.0 0.0 0.0
1104 1970.5533447265625 1258.893310546875 33.92400358370239 1650.0 1500.0 0 0.0 0.0 0.0 0.0
1119 1970.5533447265625 1266.79833984375 31.226187045136356 1650.0 1500.0 0 0.0 0.0 0.0 0.0
1137 1970.5533447265625 1274.7034912109375 28.519495215710066 1650.0 1500.0 0 0.0 0.0 0.0 0.0
1152 1970.5533447265625 1282.608642578125 25.81002904269721 1650.0 1500.0 0 0.0 0.0 0.0 0.0
1168 1970.5533447265625 1286.561279296875 24.456102342525952 1650.0 1500.0 0 0.0 0.0 0.0 0.0
1184 1970.5533447265625 1290.5137939453125 23.103438485410578 1650.0 1500.0 0 0.0 0.0 0.0 0.0
1201 1970.5533447265625 1298.4189453125 20.406572566331278 1650.0 1500.0 0 0.0 0.0 0.0 0.0
1217 1970.5533447265625 1302.3714599609375 19.06197195258696 1650.0 1500.0 0 0.0 0.0 0.0 0.0
1234 1974.5059814453125 1306.3240966796875 17.524148592012665 1650.0 1500.0 0 0.0 0.0 0.0 0.0
1251 1974.5059814453125 1310.276611328125 16.1893611410932 1650.0 1500.0 0 0.0 0.0 0.0 0.0
1267 1978.45849609375 1314.229248046875 14.595194822650654 1650.0 1500.0 0 0.0 0.0 0.0 0.0
1284 1978.45849609375 1318.1817626953125 13.273760845051783 1650.0 1500.0 0 0.0 0.0 0.0 0.0
1301 1978.45849609375 1322.1343994140625 11.959440508872916 1650.0 1500.0 0 0.0 0.0 0.0 0.0
1317 1986.3636474609375 1322.1343994140625 11.274191108632323 1650.0 1500.0 0 0.0 0.0 0.0 0.0
1334 1990.316162109375 1326.0869140625 9.593515525291082 1650.0 1500.0 0 0.0 0.0 0.0 0.0
1351 1994.268798828125 1330.03955078125 7.8861539129017615 1650.0 1500.0 0 0.0 0.0 0.0 0.0
1367 1998.2213134765625 1333.9920654296875 6.15336876922197 1650.0 1500.0 0 0.0 0.0 0.0 0.0
1384 2006.12646484375 1337.944580078125 3.8809075034629927 1650.0 1500.0 0 0.0 0.0 0.0 0.0
1401 2014.0316162109375 1337.944580078125 2.817705212122263 1650.0 1500.0 0 0.0 0.0 0.0 0.0
1417 2017.9842529296875 1341.897216796875 1.0187297682965664 1650.0 1500.0 0 0.0 0.0 0.0 0.0
1434 2021.936767578125 1341.897216796875 0.4358414182719059 1650.0 1500.0 0 0.0 0.0 0.0 0.0
1451 2029.8419189453125 1341.897216796875 359.21832978829264 1650.0 1500.0 0 0.0 0.0 0.0 0.0
1467 2033.79443359375 1341.897216796875 358.5965247341069 1650.0 1500.0 0 0.0 0.0 0.0 0.0
1501 2041.6995849609375 1341.897216796875 357.2986567214391 1650.0 1500.0 0 0.0 0.0 0.0 0.0
1535 2049.604736328125 1341.897216796875 355.94495582736516 1650.0 1500.0 0 0.0 0.0 0.0 0.0
1536 2049.604736328125 1341.897216796875 355.9449436270281 1650.0 1500.0 0 0.0 0.0 0.0 0.0
1585 2053.557373046875 1341.897216796875 355.2540329124364 1650.0 1500.0 0 0.0 0.0 0.0 0.0
1601 2053.557373046875 1333.9920654296875 357.6396699232805 1650.0 1500.0 0 0.0 0.0 0.0 0.0
1617 2053.557373046875 1330.03955078125 358.84544461969506 1650.0 1500.0 0 0.0 0.0 0.0 0.0
1635 2053.557373046875 1322.1343994140625 1.3084236824933555 1650.0 1500.0 0 0.0 0.0 0.0 0.0
1651 2053.557373046875 1318.1817626953125 2.551582509423355 1650.0 1500.0 0 0.0 0.0 0.0 0.0
1667 2053.557373046875 1310.276611328125 5.083574750202189 1650.0 1500.0 0 0.0 0.0 0.0 0.0
1684 2053.557373046875 1302.3714599609375 7.656325000674116 1650.0 1500.0 0 0.0 0.0 0.0 0.0
1701 2053.557373046875 1298.4189453125 8.951634192727312 1650.0 1500.0 0 0.0 0.0 0.0 0.0
1717 2049.604736328125 1290.5137939453125 11.908801098139008 1650.0 1500.0 0 0.0 0.0 0.0 0.0
1734 2045.6522216796875 1286.561279296875 13.522539514417389 1650.0 1500.0 0 0.0 0.0 0.0 0.0
1751 2037.7470703125 1282.608642578125 15.351281097415011 1650.0 1500.0 0 0.0 0.0 0.0 0.0
1767 2033.79443359375 1278.6561279296875 16.90140916376251 1650.0 1500.0 0 0.0 0.0 0.0 0.0
1784 2029.8419189453125 1274.7034912109375 18.421167123844583 1650.0 1500.0 0 0.0 0.0 0.0 0.0
1801 2025.8892822265625 1270.7509765625 19.91009277684921 1650.0 1500.0 0 0.0 0.0 0.0 0.0
1818 2017.9842529296875 1266.79833984375 21.470955227066582 1650.0 1500.0 0 0.0 0.0 0.0 0.0
1834 2014.0316162109375 1266.79833984375 21.57378687036592 1650.0 1500.0 0 0.0 0.0 0.0 0.0
1869 2006.12646484375 1266.79833984375 21.77022037315649 1650.0 1500.0 0 0.0 0.0 0.0 0.0
1887 2002.1739501953125 1266.79833984375 21.866187986111157 1650.0 1500.0 0 0.0 0.0 0.0 0.0
1904 1994.268798828125 1266.79833984375 22.049438689447783 1650.0 1500.0 0 0.0 0.0 0.0 0.0
1921 1986.3636474609375 1266.79833984375 22.22443381211994 1650.0 1500.0 0 0.0 0.0 0.0 0.0
1922 1986.3636474609375 1266.79833984375 22.22442627062057 1650.0 1500.0 0 0.0 0.0 0.0 0.0
1936 1978.45849609375 1266.79833984375 22.39154689197383 1650.0 1500.0 0 0.0 0.0 0.0 0.0
1952 1974.5059814453125 1266.79833984375 22.47318409526028 1650.0 1500.0 0 0.0 0.0 0.0 0.0
1967 1966.600830078125 1266.79833984375 22.629086910860877 1650.0 1500.0 0 0.0 0.0 0.0 0.0
1984 1958.6956787109375 1266.79833984375 22.777957703087253 1650.0 1500.0 0 0.0 0.0 0.0 0.0
2001 1958.6956787109375 1270.7509765625 21.42775557435172 1650.0 1500.0 0 0.0 0.0 0.0 0.0
2017 1950.79052734375 1274.7034912109375 20.343555558234897 1650.0 1500.0 0 0.0 0.0 0.0 0.0
2034 1946.837890625 1278.6561279296875 19.15832986208804 1650.0 1500.0 0 0.0 0.0 0.0 0.0
2051 1942.8853759765625 1282.608642578125 18.00368801128954 1650.0 1500.0 0 0.0 0.0 0.0 0.0
2067 1938.932861328125 1286.561279296875 16.879230406431333 1650.0 1500.0 0 0.0 0.0 0.0 0.0
2100 1938.932861328125 1290.5137939453125 15.54706798175502 1650.0 1500.0 0 0.0 0.0 0.0 0.0
2117 1938.932861328125 1294.4664306640625 14.220892030387944 1650.0 1500.0 0 0.0 0.0 0.0 0.0
2134 1938.932861328125 1298.4189453125 12.90142887132717 1650.0 1500.0 0 0.0 0.0 0.0 0.0
2151 1938.932861328125 1302.3714599609375 11.589286536134267 1650.0 1500.0 0 0.0 0.0 0.0 0.0
2169 1938.932861328125 1310.276611328125 8.997346438099726 1650.0 1500.0 0 0.0 0.0 0.0 0.0
2184 1942.8853759765625 1318.1817626953125 5.98802383245868 1650.0 1500.0 0 0.0 0.0 0.0 0.0
2201 1946.837890625 1322.1343994140625 4.2287475832209225 1650.0 1500.0 0 0.0 0.0 0.0 0.0
2217 1950.79052734375 1326.0869140625 2.4467715450480227 1650.0 1500.0 0 0.0 0.0 0.0 0.0
2234 1958.6956787109375 1330.03955078125 0.04530596273662013 1650.0 1500.0 0 0.0 0.0 0.0 0.0
2251 1962.648193359375 1333.9920654296875 358.21635485995364 1650.0 1500.0 0 0.0 0.0 0.0 0.0
2271 1970.5533447265625 1337.944580078125 355.68135022225323 1650.0 1500.0 0 0.0 0.0 0.0 0.0
2287 1978.45849609375 1337.944580078125 354.25917582400757 1650.0 1500.0 0 0.0 0.0 0.0 0.0
2303 1982.4111328125 1337.944580078125 353.533608534226 1650.0 1500.0 0 0.0 0.0 0.0 0.0
2320 1994.268798828125 1337.944580078125 351.21963030759275 1650.0 1500.0 0 0.0 0.0 0.0 0.0
2321 1994.268798828125 1337.944580078125 351.21964285431324 1650.0 1500.0 0 0.0 0.0 0.0 0.0
2336 2002.1739501953125 1337.944580078125 349.6154764980498 1650.0 1500.0 0 0.0 0.0 0.0 0.0
2351 2010.0791015625 1337.944580078125 347.94848381864995 1650.0 1500.0 0 0.0 0.0 0.0 0.0
2367 2014.0316162109375 1333.9920654296875 348.1905566132832 1650.0 1500.0 0 0.0 0.0 0.0 0.0
2384 2014.0316162109375 1330.03955078125 349.2770417719917 1650.0 1500.0 0 0.0 0.0 0.0 0.0
2401 2017.9842529296875 1326.0869140625 349.56459446586473 1650.0 1500.0 0 0.0 0.0 0.0 0.0
2417 2017.9842529296875 1322.1343994140625 350.6704492399641 1650.0 1500.0 0 0.0 0.0 0.0 0.0
2434 2021.936767578125 1318.1817626953125 351.0055365698628 1650.0 1500.0 0 0.0 0.0 0.0 0.0
2451 2021.936767578125 1314.229248046875 352.1309454693264 1650.0 1500.0 0 0.0 0.0 0.0 0.0
2467 2021.936767578125 1306.3240966796875 354.44120467746484 1650.0 1500.0 0 0.0 0.0 0.0 0.0
2484 2021.936767578125 1302.3714599609375 355.6103154927347 1650.0 1500.0 0 0.0 0.0 0.0 0.0
2501 2021.936767578125 1294.4664306640625 358.00406406068123 1650.0 1500.0 0 0.0 0.0 0.0 0.0
2517 2021.936767578125 1290.5137939453125 359.2138158046687 1650.0 1500.0 0 0.0 0.0 0.0 0.0
2534 2021.936767578125 1286.561279296875 0.43624842666946506 1650.0 1500.0 0 0.0 0.0 0.0 0.0
2551 2021.936767578125 1282.608642578125 1.6710120776211852 1650.0 1500.0 0 0.0 0.0 0.0 0.0
2567 2017.9842529296875 1274.7034912109375 4.687491254032807 1650.0 1500.0 0 0.0 0.0 0.0 0.0
2584 2014.0316162109375 1270.7509765625 6.416530239996803 1650.0 1500.0 0 0.0 0.0 0.0 0.0
2601 2014.0316162109375 1266.79833984375 7.702954110271463 1650.0 1500.0 0 0.0 0.0 0.0 0.0
2617 2010.0791015625 1262.8458251953125 9.386898856479121 1650.0 1500.0 0 0.0 0.0 0.0 0.0
2634 2002.1739501953125 1258.893310546875 11.378526098669937 1650.0 1500.0 0 0.0 0.0 0.0 0.0
2650 1998.2213134765625 1254.940673828125 13.00161796926281 1650.0 1500.0 0 0.0 0.0 0.0 0.0
2670 1994.268798828125 1250.9881591796875 14.595754600019035 1650.0 1500.0 0 0.0 0.0 0.0 0.0
2690 1986.3636474609375 1247.0355224609375 16.38077999820601 1650.0 1500.0 0 0.0 0.0 0.0 0.0
2719 1978.45849609375 1239.13037109375 19.381765159592618 1650.0 1500.0 0 0.0 0.0 0.0 0.0
2720 1978.45849609375 1239.13037109375 19.381777499346953 1650.0 1500.0 0 0.0 0.0 0.0 0.0
2736 1974.5059814453125 1239.13037109375 19.532646776408882 1650.0 1500.0 0 0.0 0.0 0.0 0.0
2751 1970.5533447265625 1235.1778564453125 20.998382783899075 1650.0 1500.0 0 0.0 0.0 0.0 0.0
2768 1962.648193359375 1235.1778564453125 21.22070495517582 1650.0 1500.0 0 0.0 0.0 0.0 0.0
2786 1958.6956787109375 1235.1778564453125 21.329305821592385 1650.0 1500.0 0 0.0 0.0 0.0 0.0
2817 1954.7430419921875 1235.1778564453125 21.435407591372694 1650.0 1500.0 0 0.0 0.0 0.0 0.0
2834 1950.79052734375 1235.1778564453125 21.539066838299874 1650.0 1500.0 0 0.0 0.0 0.0 0.0
2851 1946.837890625 1235.1778564453125 21.64034056635907 1650.0 1500.0 0 0.0 0.0 0.0 0.0
2867 1942.8853759765625 1235.1778564453125 21.739298292567554 1650.0 1500.0 0 0.0 0.0 0.0 0.0
2900 1942.8853759765625 1239.13037109375 20.391284164806024 1650.0 1500.0 0 0.0 0.0 0.0 0.0
2917 1942.8853759765625 1243.0830078125 19.046679973648082 1650.0 1500.0 0 0.0 0.0 0.0 0.0
2934 1942.8853759765625 1247.0355224609375 17.70628537677922 1650.0 1500.0 0 0.0 0.0 0.0 0.0
2951 1942.8853759765625 1250.9881591796875 16.370734916573753 1650.0 1500.0 0 0.0 0.0 0.0 0.0
2967 1942.8853759765625 1254.940673828125 15.0407845557298 1650.0 1500.0 0 0.0 0.0 0.0 0.0
2984 1942.8853759765625 1266.79833984375 11.110202209712668 1650.0 1500.0 0 0.0 0.0 0.0 0.0
3001 1942.8853759765625 1270.7509765625 9.809084007432318 1650.0 1500.0 0 0.0 0.0 0.0 0.0
3017 1946.837890625 1282.608642578125 5.525207681700294 1650.0 1500.0 0 0.0 0.0 0.0 0.0
3034 1954.7430419921875 1286.561279296875 3.2300732849963083 1650.0 1500.0 0 0.0 0.0 0.0 0.0
3051 1958.6956787109375 1298.4189453125 358.99088150063085 1650.0 1500.0 0 0.0 0.0 0.0 0.0
3071 1966.600830078125 1302.3714599609375 356.4792149662469 1650.0 1500.0 0 0.0 0.0 0.0 0.0
3087 1970.5533447265625 1310.276611328125 353.4657094131213 1650.0 1500.0 0 0.0 0.0 0.0 0.0
3103 1978.45849609375 1318.1817626953125 349.6771742632453 1650.0 1500.0 0 0.0 0.0 0.0 0.0
3120 1990.316162109375 1322.1343994140625 346.02982722877476 1650.0 1500.0 0 0.0 0.0 0.0 0.0
3121 1990.316162109375 1322.1343994140625 346.0298181898991 1650.0 1500.0 0 0.0 0.0 0.0 0.0
3135 1994.268798828125 1326.0869140625 344.1172679213347 1650.0 1500.0 0 0.0 0.0 0.0 0.0
3152 1998.2213134765625 1326.0869140625 343.1983174242257 1650.0 1500.0 0 0.0 0.0 0.0 0.0
3167 2002.1739501953125 1326.0869140625 342.2632458395577 1650.0 1500.0 0 0.0 0.0 0.0 0.0
3184 2006.12646484375 1326.0869140625 341.3120798907697 1650.0 1500.0 0 0.0 0.0 0.0 0.0
3201 2014.0316162109375 1326.0869140625 339.344276742189 1650.0 1500.0 0 0.0 0.0 0.0 0.0
3234 2017.9842529296875 1326.0869140625 338.34440370031257 1650.0 1500.0 0 0.0 0.0 0.0 0.0
3267 2021.936767578125 1322.1343994140625 338.25505988144056 1650.0 1500.0 0 0.0 0.0 0.0 0.0
3284 2021.936767578125 1318.1817626953125 339.18307650897964 1650.0 1500.0 0 0.0 0.0 0.0 0.0
3301 2021.936767578125 1314.229248046875 340.12718772093024 1650.0 1500.0 0 0.0 0.0 0.0 0.0
3322 2021.936767578125 1310.276611328125 341.0874756035538 1650.0 1500.0 0 0.0 0.0 0.0 0.0
3334 2021.936767578125 1302.3714599609375 343.07334955033326 1650.0 1500.0 0 0.0 0.0 0.0 0.0
3351 2021.936767578125 1298.4189453125 344.0821832143969 1650.0 1500.0 0 0.0 0.0 0.0 0.0
3367 2021.936767578125 1290.5137939453125 346.1645733170002 1650.0 1500.0 0 0.0 0.0 0.0 0.0
3384 2021.936767578125 1286.561279296875 347.22140886488484 1650.0 1500.0 0 0.0 0.0 0.0 0.0
3401 2021.936767578125 1274.7034912109375 350.5350989115029 1650.0 1500.0 0 0.0 0.0 0.0 0.0
3417 2017.9842529296875 1266.79833984375 353.54902703581973 1650.0 1500.0 0 0.0 0.0 0.0 0.0
3434 2014.0316162109375 1258.893310546875 356.57498054208475 1650.0 1500.0 0 0.0 0.0 0.0 0.0
3451 2014.0316162109375 1250.9881591796875 358.99025112508457 1650.0 1500.0 0 0.0 0.0 0.0 0.0
3470 2010.0791015625 1247.0355224609375 0.7918189629902201 1650.0 1500.0 0 0.0 0.0 0.0 0.0
3487 2006.12646484375 1243.0830078125 2.572219506493809 1650.0 1500.0 0 0.0 0.0 0.0 0.0
3504 1998.2213134765625 1239.13037109375 4.81189674147646 1650.0 1500.0 0 0.0 0.0 0.0 0.0
3520 1990.316162109375 1235.1778564453125 6.972972379992825 1650.0 1500.0 0 0.0 0.0 0.0 0.0
3521 1990.316162109375 1235.1778564453125 6.972955669121433 1650.0 1500.0 0 0.0 0.0 0.0 0.0
3536 1986.3636474609375 1231.2252197265625 8.668279850619001 1650.0 1500.0 0 0.0 0.0 0.0 0.0
3552 1978.45849609375 1231.2252197265625 9.437168836142433 1650.0 1500.0 0 0.0 0.0 0.0 0.0
3584 1970.5533447265625 1231.2252197265625 10.172645188025712 1650.0 1500.0 0 0.0 0.0 0.0 0.0
3601 1966.600830078125 1231.2252197265625 10.532201825437426 1650.0 1500.0 0 0.0 0.0 0.0 0.0
3617 1962.648193359375 1231.2252197265625 10.883747365857403 1650.0 1500.0 0 0.0 0.0 0.0 0.0
3635 1958.6956787109375 1231.2252197265625 11.227449637431477 1650.0 1500.0 0 0.0 0.0 0.0 0.0
3667 1954.7430419921875 1231.2252197265625 11.563447347978723 1650.0 1500.0 0 0.0 0.0 0.0 0.0
3684 1950.79052734375 1231.2252197265625 11.891923103887933 1650.0 1500.0 0 0.0 0.0 0.0 0.0
3702 1946.837890625 1235.1778564453125 10.934156024618488 1650.0 1500.0 0 0.0 0.0 0.0 0.0
3717 1946.837890625 1239.13037109375 9.63425386638437 1650.0 1500.0 0 0.0 0.0 0.0 0.0
3734 1942.8853759765625 1243.0830078125 8.74063527665956 1650.0 1500.0 0 0.0 0.0 0.0 0.0
3751 1942.8853759765625 1247.0355224609375 7.456123628118547 1650.0 1500.0 0 0.0 0.0 0.0 0.0
3784 1942.8853759765625 1250.9881591796875 6.1814334077312765 1650.0 1500.0 0 0.0 0.0 0.0 0.0
3801 1942.8853759765625 1254.940673828125 4.917174669342671 1650.0 1500.0 0 0.0 0.0 0.0 0.0
3817 1942.8853759765625 1262.8458251953125 2.432505875005205 1650.0 1500.0 0 0.0 0.0 0.0 0.0
3834 1942.8853759765625 1266.79833984375 1.2023943201190832 1650.0 1500.0 0 0.0 0.0 0.0 0.0
3854 1946.837890625 1270.7509765625 359.38542183232596 1650.0 1500.0 0 0.0 0.0 0.0 0.0
3870 1950.79052734375 1278.6561279296875 356.36005559261446 1650.0 1500.0 0 0.0 0.0 0.0 0.0
3887 1954.7430419921875 1282.608642578125 354.498053258538 1650.0 1500.0 0 0.0 0.0 0.0 0.0
3904 1966.600830078125 1294.4664306640625 348.7972240938798 1650.0 1500.0 0 0.0 0.0 0.0 0.0
3920 1970.5533447265625 1298.4189453125 346.8921039052599 1650.0 1500.0 0 0.0 0.0 0.0 0.0
3936 1978.45849609375 1302.3714599609375 344.0751210084202 1650.0 1500.0 0 0.0 0.0 0.0 0.0
3951 1982.4111328125 1306.3240966796875 342.16003442338706 1650.0 1500.0 0 0.0 0.0 0.0 0.0
3967 1990.316162109375 1310.276611328125 339.2594112716579 1650.0 1500.0 0 0.0 0.0 0.0 0.0
3984 1994.268798828125 1314.229248046875 337.3475747606165 1650.0 1500.0 0 0.0 0.0 0.0 0.0
4017 2002.1739501953125 1314.229248046875 335.25187369285607 1650.0 1500.0 0 0.0 0.0 0.0 0.0
4034 2006.12646484375 1314.229248046875 334.18847713038434 1650.0 1500.0 0 0.0 0.0 0.0 0.0
4067 2010.0791015625 1314.229248046875 333.1094146502013 1650.0 1500.0 0 0.0 0.0 0.0 0.0
4084 2010.0791015625 1310.276611328125 333.9434625202349 1650.0 1500.0 0 0.0 0.0 0.0 0.0
4101 2014.0316162109375 1306.3240966796875 333.70251473029714 1650.0 1500.0 0 0.0 0.0 0.0 0.0
4117 2014.0316162109375 1302.3714599609375 334.54776324719444 1650.0 1500.0 0 0.0 0.0 0.0 0.0
4134 2014.0316162109375 1298.4189453125 335.4088046895955 1650.0 1500.0 0 0.0 0.0 0.0 0.0
4151 2014.0316162109375 1294.4664306640625 336.28577695943 1650.0 1500.0 0 0.0 0.0 0.0 0.0
4167 2014.0316162109375 1286.561279296875 338.10451530965076 1650.0 1500.0 0 0.0 0.0 0.0 0.0
4201 2014.0316162109375 1278.6561279296875 339.98833376777367 1650.0 1500.0 0 0.0 0.0 0.0 0.0
4217 2014.0316162109375 1274.7034912109375 340.94628425458563 1650.0 1500.0 0 0.0 0.0 0.0 0.0
4234 2014.0316162109375 1266.79833984375 342.92746419320235 1650.0 1500.0 0 0.0 0.0 0.0 0.0
4251 2014.0316162109375 1262.8458251953125 343.93394900857277 1650.0 1500.0 0 0.0 0.0 0.0 0.0
4271 2006.12646484375 1247.0355224609375 349.9189968802656 1650.0 1500.0 0 0.0 0.0 0.0 0.0
4303 1998.2213134765625 1239.13037109375 353.6578408477916 1650.0 1500.0 0 0.0 0.0 0.0 0.0
4304 1998.2213134765625 1239.13037109375 353.657841648772 1650.0 1500.0 0 0.0 0.0 0.0 0.0
4320 1994.268798828125 1231.2252197265625 356.6840617892651 1650.0 1500.0 0 0.0 0.0 0.0 0.0
4335 1994.268798828125 1227.272705078125 357.87926107828804 1650.0 1500.0 0 0.0 0.0 0.0 0.0
4351 1990.316162109375 1223.320068359375 359.69295747162846 1650.0 1500.0 0 0.0 0.0 0.0 0.0
4367 1986.3636474609375 1219.3675537109375 1.4864158277137847 1650.0 1500.0 0 0.0 0.0 0.0 0.0
4385 1982.4111328125 1219.3675537109375 2.034959667740935 1650.0 1500.0 0 0.0 0.0 0.0 0.0
4401 1978.45849609375 1215.4150390625 3.799847541756378 1650.0 1500.0 0 0.0 0.0 0.0 0.0
4417 1978.45849609375 1211.46240234375 5.065409828403176 1650.0 1500.0 0 0.0 0.0 0.0 0.0
4434 1970.5533447265625 1207.5098876953125 7.217445509991649 1650.0 1500.0 0 0.0 0.0 0.0 0.0
4451 1966.600830078125 1207.5098876953125 7.642369366692833 1650.0 1500.0 0 0.0 0.0 0.0 0.0
4467 1962.648193359375 1207.5098876953125 8.057975191565532 1650.0 1500.0 0 0.0 0.0 0.0 0.0
4484 1958.6956787109375 1207.5098876953125 8.464385122670905 1650.0 1500.0 0 0.0 0.0 0.0 0.0
4501 1954.7430419921875 1207.5098876953125 8.861850521689774 1650.0 1500.0 0 0.0 0.0 0.0 0.0
4517 1946.837890625 1207.5098876953125 9.622337644467137 1650.0 1500.0 0 0.0 0.0 0.0 0.0
4534 1942.8853759765625 1207.5098876953125 9.994140204897548 1650.0 1500.0 0 0.0 0.0 0.0 0.0
4551 1938.932861328125 1211.46240234375 9.090257556412126 1650.0 1500.0 0 0.0 0.0 0.0 0.0
4567 1938.932861328125 1215.4150390625 7.803106660731885 1650.0 1500.0 0 0.0 0.0 0.0 0.0
4584 1934.980224609375 1219.3675537109375 6.962558841848761 1650.0 1500.0 0 0.0 0.0 0.0 0.0
4601 1931.0277099609375 1223.320068359375 6.146581034350049 1650.0 1500.0 0 0.0 0.0 0.0 0.0
4617 1927.0750732421875 1227.272705078125 5.3546120505488375 1650.0 1500.0 0 0.0 0.0 0.0 0.0
4652 1927.0750732421875 1231.2252197265625 4.09741935483558 1650.0 1500.0 0 0.0 0.0 0.0 0.0
4670 1927.0750732421875 1239.13037109375 1.6281672832906509 1650.0 1500.0 0 0.0 0.0 0.0 0.0
4687 1927.0750732421875 1247.0355224609375 359.2082573004378 1650.0 1500.0 0 0.0 0.0 0.0 0.0
4703 1927.0750732421875 1262.8458251953125 354.5772589178165 1650.0 1500.0 0 0.0 0.0 0.0 0.0
4704 1927.0750732421875 1262.8458251953125 354.5772658449767 1650.0 1500.0 0 0.0 0.0 0.0 0.0
4718 1927.0750732421875 1270.7509765625 352.3209735513784 1650.0 1500.0 0 0.0 0.0 0.0 0.0
4735 1927.0750732421875 1278.6561279296875 350.12386007445286 1650.0 1500.0 0 0.0 0.0 0.0 0.0
4750 1927.0750732421875 1286.561279296875 347.98737752736645 1650.0 1500.0 0 0.0 0.0 0.0 0.0
4767 1927.0750732421875 1290.5137939453125 346.9348186959811 1650.0 1500.0 0 0.0 0.0 0.0 0.0
4784 1931.0277099609375 1294.4664306640625 345.02417606234866 1650.0 1500.0 0 0.0 0.0 0.0 0.0
4801 1938.932861328125 1302.3714599609375 341.19105924387986 1650.0 1500.0 0 0.0 0.0 0.0 0.0
4834 1946.837890625 1306.3240966796875 338.27584124975164 1650.0 1500.0 0 0.0 0.0 0.0 0.0
4851 1954.7430419921875 1310.276611328125 335.32199032801464 1650.0 1500.0 0 0.0 0.0 0.0 0.0
4867 1958.6956787109375 1314.229248046875 333.42285681674025 1650.0 1500.0 0 0.0 0.0 0.0 0.0
4884 1962.648193359375 1314.229248046875 332.33285098874796 1650.0 1500.0 0 0.0 0.0 0.0 0.0
4901 1966.600830078125 1314.229248046875 331.227492034395 1650.0 1500.0 0 0.0 0.0 0.0 0.0
4918 1970.5533447265625 1314.229248046875 330.10705595054526 1650.0 1500.0 0 0.0 0.0 0.0 0.0
4950 1974.5059814453125 1314.229248046875 328.9717488250708 1650.0 1500.0 0 0.0 0.0 0.0 0.0
4967 1978.45849609375 1314.229248046875 327.8218923816537 1650.0 1500.0 0 0.0 0.0 0.0 0.0
5067 1982.4111328125 1314.229248046875 326.6577039868398 1650.0 1500.0 0 0.0 0.0 0.0 0.0
5087 1986.3636474609375 1314.229248046875 325.4795902990861 1650.0 1500.0 0 0.0 0.0 0.0 0.0
5119 1990.316162109375 1314.229248046875 324.28782747069056 1650.0 1500.0 0 0.0 0.0 0.0 0.0
5135 1994.268798828125 1314.229248046875 323.08276732308553 1650.0 1500.0 0 0.0 0.0 0.0 0.0
5184 1998.2213134765625 1318.1817626953125 321.2788432980565 1650.0 1500.0 0 0.0 0.0 0.0 0.0
5750 1998.2213134765625 1318.1817626953125 321.2788432980565 1646.04736328125 1480.2371826171875 8.782486488428873 0.0 0.0 0.0 0.0
5767 1998.2213134765625 1318.1817626953125 321.2788432980565 1646.04736328125 1476.2845458984375 10.492035734445864 0.0 0.0 0.0 0.0
5921 1998.2213134765625 1318.1817626953125 321.2788432980565 1642.0948486328125 1476.2845458984375 10.66847943617583 0.0 0.0 0.0 0.0
5935 1998.2213134765625 1318.1817626953125 321.2788432980565 1638.1422119140625 1472.33203125 12.504916967580272 0.0 0.0 0.0 0.0
5952 1998.2213134765625 1318.1817626953125 321.2788432980565 1634.189697265625 1468.37939453125 14.290864352128807 0.0 0.0 0.0 0.0
5967 1998.2213134765625 1318.1817626953125 321.2788432980565 1630.237060546875 1468.37939453125 14.356915770399866 0.0 0.0 0.0 0.0
6001 1998.2213134765625 1318.1817626953125 321.2788432980565 1626.2845458984375 1468.37939453125 14.421029708042994 0.0 0.0 0.0 0.0
6117 1998.2213134765625 1318.1817626953125 321.2788432980565 1626.2845458984375 1472.33203125 12.70569975352251 0.0 0.0 0.0 0.0
6150 1998.2213134765625 1318.1817626953125 321.2788432980565 1626.2845458984375 1476.2845458984375 10.99466271611638 0.0 0.0 0.0 0.0
6184 1998.2213134765625 1318.1817626953125 321.2788432980565 1626.2845458984375 1480.2371826171875 9.289292336788122 0.0 0.0 0.0 0.0
6201 1998.2213134765625 1318.1817626953125 321.2788432980565 1626.2845458984375 1484.189697265625 7.591163298747205 0.0 0.0 0.0 0.0
6217 1998.2213134765625 1318.1817626953125 321.2788432980565 1630.237060546875 1488.1422119140625 5.5758443683079975 0.0 0.0 0.0 0.0
6251 1998.2213134765625 1318.1817626953125 321.2788432980565 1630.237060546875 1492.0948486328125 3.8984467150937974 0.0 0.0 0.0 0.0
6302 1998.2213134765625 1318.1817626953125 321.2788432980565 1630.237060546875 1496.04736328125 2.2327671074483533 0.0 0.0 0.0 0.0
6319 1998.2213134765625 1318.1817626953125 321.2788432980565 1630.237060546875 1500.0 0.5800226736043328 0.0 0.0 0.0 0.0
6334 1998.2213134765625 1318.1817626953125 321.2788432980565 1630.237060546875 1503.9525146484375 358.9415082788223 0.0 0.0 0.0 0.0