0 2350.0 1500.0 0 1650.0 1500.0 0 0.0 0.0 0.0 0.0
216 2342.108642578125 1500.0 355.694677271367 1650.0 1500.0 0 0.0 0.0 0.0 0.0
229 2278.9765625 1464.48828125 329.46106078989516 1650.0 1500.0 0 0.0 0.0 0.0 0.0
250 2267.139404296875 1456.5968017578125 325.41018353350415 1650.0 1500.0 0 0.0 0.0 0.0 0.0
267 2259.248046875 1452.651123046875 322.5958705122514 1650.0 1500.0 0 0.0 0.0 0.0 0.0
280 2255.30224609375 1452.651123046875 320.7191302123737 1650.0 1500.0 0 0.0 0.0 0.0 0.0
293 2247.41064453125 1444.759521484375 319.2563911161023 1650.0 1500.0 0 0.0 0.0 0.0 0.0
309 2231.627685546875 1444.759521484375 312.4298586570379 1650.0 1500.0 0 0.0 0.0 0.0 0.0
326 2231.627685546875 1436.8680419921875 314.93716038800625 1650.0 1500.0 0 0.0 0.0 0.0 0.0
343 2227.681884765625 1432.92236328125 314.45653869966105 1650.0 1500.0 0 0.0 0.0 0.0 0.0
362 2219.79052734375 1432.92236328125 311.11159441258116 1650.0 1500.0 0 0.0 0.0 0.0 0.0
377 2211.89892578125 1425.0308837890625 310.5623837280494 1650.0 1500.0 0 0.0 0.0 0.0 0.0
427 2207.953125 1425.0308837890625 308.94349039965874 1650.0 1500.0 0 0.0 0.0 0.0 0.0
474 2200.061767578125 1425.0308837890625 305.8631636568522 1650.0 1500.0 0 0.0 0.0 0.0 0.0
558 2192.170166015625 1425.0308837890625 302.9413993834545 1650.0 1500.0 0 0.0 0.0 0.0 0.0
564 2184.27880859375 1425.0308837890625 300.17693213178654 1650.0 1500.0 0 0.0 0.0 0.0 0.0
581 2180.3330078125 1425.0308837890625 298.834324349516 1650.0 1500.0 0 0.0 0.0 0.0 0.0
597 2164.550048828125 1425.0308837890625 294.04293963118226 1650.0 1500.0 0 0.0 0.0 0.0 0.0
610 2160.604248046875 1417.139404296875 296.27815235815166 1650.0 1500.0 0 0.0 0.0 0.0 0.0
628 2144.8212890625 1417.139404296875 291.77593099018833 1650.0 1500.0 0 0.0 0.0 0.0 0.0
646 2132.984130859375 1417.139404296875 288.70277467398427 1650.0 1500.0 0 0.0 0.0 0.0 0.0
660 2117.201171875 1417.139404296875 285.0919817857228 1650.0 1500.0 0 0.0 0.0 0.0 0.0
677 2113.25537109375 1417.139404296875 284.2197996804995 1650.0 1500.0 0 0.0 0.0 0.0 0.0
695 2097.472412109375 1417.139404296875 281.15709905064404 1650.0 1500.0 0 0.0 0.0 0.0 0.0
711 2089.580810546875 1417.139404296875 279.7275630688775 1650.0 1500.0 0 0.0 0.0 0.0 0.0
729 2085.635009765625 1425.0308837890625 274.9976423263418 1650.0 1500.0 0 0.0 0.0 0.0 0.0
744 2069.85205078125 1425.0308837890625 273.09878696136894 1650.0 1500.0 0 0.0 0.0 0.0 0.0
762 2065.906494140625 1425.0308837890625 272.64104493202666 1650.0 1500.0 0 0.0 0.0 0.0 0.0
777 2058.014892578125 1425.0308837890625 271.7883849138069 1650.0 1500.0 0 0.0 0.0 0.0 0.0
857 2050.123291015625 1425.0308837890625 270.9944986890128 1650.0 1500.0 0 0.0 0.0 0.0 0.0
872 2038.2861328125 1425.0308837890625 269.9229767869141 1650.0 1500.0 0 0.0 0.0 0.0 0.0
880 2038.2861328125 1432.92236328125 265.61703178973715 1650.0 1500.0 0 0.0 0.0 0.0 0.0
894 2030.3946533203125 1432.92236328125 265.25202897111893 1650.0 1500.0 0 0.0 0.0 0.0 0.0
932 2022.503173828125 1436.8680419921875 262.9051204369706 1650.0 1500.0 0 0.0 0.0 0.0 0.0
943 2018.557373046875 1436.8680419921875 262.81430343759513 1650.0 1500.0 0 0.0 0.0 0.0 0.0
961 2010.6658935546875 1444.759521484375 258.62690797096604 1650.0 1500.0 0 0.0 0.0 0.0 0.0
977 1994.8829345703125 1444.759521484375 258.8598291602951 1650.0 1500.0 0 0.0 0.0 0.0 0.0
994 1990.937255859375 1444.759521484375 258.91593746452105 1650.0 1500.0 0 0.0 0.0 0.0 0.0
1010 1983.045654296875 1444.759521484375 259.0202701814087 1650.0 1500.0 0 0.0 0.0 0.0 0.0
1062 1975.1541748046875 1444.759521484375 259.1172961353605 1650.0 1500.0 0 0.0 0.0 0.0 0.0
1249 1975.1541748046875 1452.651123046875 254.8139978150918 1650.0 1500.0 0 0.0 0.0 0.0 0.0
1262 1971.20849609375 1452.651123046875 255.01679582281758 1650.0 1500.0 0 0.0 0.0 0.0 0.0
1277 1971.20849609375 1456.5968017578125 252.87508519491047 1650.0 1500.0 0 0.0 0.0 0.0 0.0
1317 1971.20849609375 1464.48828125 248.64222951666585 1650.0 1500.0 0 0.0 0.0 0.0 0.0
1341 1963.3170166015625 1464.48828125 249.4622537944615 1650.0 1500.0 0 0.0 0.0 0.0 0.0
1361 1963.3170166015625 1472.3797607421875 245.2882476034067 1650.0 1500.0 0 0.0 0.0 0.0 0.0
1378 1955.425537109375 1472.3797607421875 246.33817836505472 1650.0 1500.0 0 0.0 0.0 0.0 0.0
1394 1955.425537109375 1480.271240234375 242.2304241169981 1650.0 1500.0 0 0.0 0.0 0.0 0.0
1416 1947.533935546875 1484.217041015625 241.57993421172324 1650.0 1500.0 0 0.0 0.0 0.0 0.0
1671 1943.5882568359375 1484.217041015625 242.25278962486672 1650.0 1500.0 0 0.0 0.0 0.0 0.0
1893 1943.5882568359375 1480.271240234375 244.32866714464808 1650.0 1500.0 0 0.0 0.0 0.0 0.0
1923 1943.5882568359375 1472.3797607421875 248.56031608211322 1650.0 1500.0 0 0.0 0.0 0.0 0.0
1932 1943.5882568359375 1464.48828125 252.84653828113335 1650.0 1500.0 0 0.0 0.0 0.0 0.0
1946 1943.5882568359375 1456.5968017578125 257.16343961829733 1650.0 1500.0 0 0.0 0.0 0.0 0.0
1992 1943.5882568359375 1452.651123046875 259.3234172664994 1650.0 1500.0 0 0.0 0.0 0.0 0.0
2009 1943.5882568359375 1436.8680419921875 267.9209528057481 1650.0 1500.0 0 0.0 0.0 0.0 0.0
2026 1943.5882568359375 1425.0308837890625 274.22564757149445 1650.0 1500.0 0 0.0 0.0 0.0 0.0
2041 1935.69677734375 1417.139404296875 277.12150445530136 1650.0 1500.0 0 0.0 0.0 0.0 0.0
2059 1935.69677734375 1409.247802734375 281.16419792465143 1650.0 1500.0 0 0.0 0.0 0.0 0.0
2130 1927.8052978515625 1409.247802734375 279.734197977351 1650.0 1500.0 0 0.0 0.0 0.0 0.0
2143 1927.8052978515625 1417.139404296875 275.5609635068502 1650.0 1500.0 0 0.0 0.0 0.0 0.0
2206 1927.8052978515625 1432.92236328125 266.945306990069 1650.0 1500.0 0 0.0 0.0 0.0 0.0
2214 1927.8052978515625 1444.759521484375 260.4518523828156 1650.0 1500.0 0 0.0 0.0 0.0 0.0
2226 1927.8052978515625 1452.651123046875 256.13989800344956 1650.0 1500.0 0 0.0 0.0 0.0 0.0
2243 1927.8052978515625 1480.271240234375 241.66864517009265 1650.0 1500.0 0 0.0 0.0 0.0 0.0
2259 1927.8052978515625 1492.1085205078125 235.76839684035932 1650.0 1500.0 0 0.0 0.0 0.0 0.0
2276 1927.8052978515625 1500.0 231.9671168020024 1650.0 1500.0 0 0.0 0.0 0.0 0.0
2293 1927.8052978515625 1503.94580078125 230.1020032377069 1650.0 1500.0 0 0.0 0.0 0.0 0.0
2353 1935.69677734375 1511.8372802734375 224.05115841899325 1650.0 1500.0 0 0.0 0.0 0.0 0.0
2361 1935.69677734375 1519.728759765625 220.7247164875027 1650.0 1500.0 0 0.0 0.0 0.0 0.0
2378 1935.69677734375 1527.6202392578125 217.55606906506372 1650.0 1500.0 0 0.0 0.0 0.0 0.0
2528 1935.69677734375 1519.728759765625 220.89046744368864 1650.0 1500.0 0 0.0 0.0 0.0 0.0
2560 1935.69677734375 1511.8372802734375 224.38660682271134 1650.0 1500.0 0 0.0 0.0 0.0 0.0
2576 1927.8052978515625 1503.94580078125 230.30084887287936 1650.0 1500.0 0 0.0 0.0 0.0 0.0
2660 1927.8052978515625 1500.0 232.20473880703085 1650.0 1500.0 0 0.0 0.0 0.0 0.0
2676 1923.8594970703125 1492.1085205078125 237.03256806591753 1650.0 1500.0 0 0.0 0.0 0.0 0.0
2693 1908.0765380859375 1472.3797607421875 249.38009542452727 1650.0 1500.0 0 0.0 0.0 0.0 0.0
2708 1900.18505859375 1472.3797607421875 250.14922337012723 1650.0 1500.0 0 0.0 0.0 0.0 0.0
2974 1900.18505859375 1480.271240234375 245.9622777151458 1650.0 1500.0 0 0.0 0.0 0.0 0.0
2984 1900.18505859375 1484.217041015625 243.8910418775842 1650.0 1500.0 0 0.0 0.0 0.0 0.0
3037 1900.18505859375 1492.1085205078125 239.84309441343444 1650.0 1500.0 0 0.0 0.0 0.0 0.0
3051 1900.18505859375 1500.0 235.9090874662881 1650.0 1500.0 0 0.0 0.0 0.0 0.0
3060 1900.18505859375 1511.8372802734375 230.294800729287 1650.0 1500.0 0 0.0 0.0 0.0 0.0
3083 1900.18505859375 1519.728759765625 226.69883679619923 1650.0 1500.0 0 0.0 0.0 0.0 0.0
3097 1908.0765380859375 1519.728759765625 224.14296727030302 1650.0 1500.0 0 0.0 0.0 0.0 0.0
3343 1908.0765380859375 1511.8372802734375 227.78375367324696 1650.0 1500.0 0 0.0 0.0 0.0 0.0
3360 1900.18505859375 1492.1085205078125 239.49497662557877 1650.0 1500.0 0 0.0 0.0 0.0 0.0
3377 1896.2392578125 1484.217041015625 244.2505736522139 1650.0 1500.0 0 0.0 0.0 0.0 0.0
3393 1896.2392578125 1480.271240234375 246.3462799235079 1650.0 1500.0 0 0.0 0.0 0.0 0.0
3465 1896.2392578125 1472.3797607421875 250.60697844528033 1650.0 1500.0 0 0.0 0.0 0.0 0.0
3489 1896.2392578125 1456.5968017578125 259.2778581208496 1650.0 1500.0 0 0.0 0.0 0.0 0.0
3496 1888.3477783203125 1456.5968017578125 259.3568277778141 1650.0 1500.0 0 0.0 0.0 0.0 0.0
3509 1888.3477783203125 1452.651123046875 261.5167749701706 1650.0 1500.0 0 0.0 0.0 0.0 0.0
3688 1888.3477783203125 1456.5968017578125 259.35681246103985 1650.0 1500.0 0 0.0 0.0 0.0 0.0
3697 1888.3477783203125 1464.48828125 255.05188346976735 1650.0 1500.0 0 0.0 0.0 0.0 0.0
3710 1888.3477783203125 1472.3797607421875 250.7889069022927 1650.0 1500.0 0 0.0 0.0 0.0 0.0
3728 1888.3477783203125 1492.1085205078125 240.57577990287606 1650.0 1500.0 0 0.0 0.0 0.0 0.0
3743 1888.3477783203125 1500.0 236.619809499875 1650.0 1500.0 0 0.0 0.0 0.0 0.0
3760 1896.2392578125 1503.94580078125 232.69596794373538 1650.0 1500.0 0 0.0 0.0 0.0 0.0
3776 1900.18505859375 1519.728759765625 224.40785893859447 1650.0 1500.0 0 0.0 0.0 0.0 0.0
3793 1908.0765380859375 1527.6202392578125 218.2950095470756 1650.0 1500.0 0 0.0 0.0 0.0 0.0
3809 1908.0765380859375 1531.5660400390625 216.7325270564978 1650.0 1500.0 0 0.0 0.0 0.0 0.0
3826 1915.968017578125 1539.45751953125 210.63315652863213 1650.0 1500.0 0 0.0 0.0 0.0 0.0
4035 1915.968017578125 1531.5660400390625 213.59079784494057 1650.0 1500.0 0 0.0 0.0 0.0 0.0
4043 1915.968017578125 1527.6202392578125 215.11039533085656 1650.0 1500.0 0 0.0 0.0 0.0 0.0
4060 1915.968017578125 1511.8372802734375 221.88573540762115 1650.0 1500.0 0 0.0 0.0 0.0 0.0
4077 1915.968017578125 1503.94580078125 225.42747237131644 1650.0 1500.0 0 0.0 0.0 0.0 0.0
4119 1908.0765380859375 1503.94580078125 227.75837529542008 1650.0 1500.0 0 0.0 0.0 0.0 0.0
4126 1908.0765380859375 1500.0 229.6141730024899 1650.0 1500.0 0 0.0 0.0 0.0 0.0
4141 1908.0765380859375 1492.1085205078125 233.46814404749267 1650.0 1500.0 0 0.0 0.0 0.0 0.0
4160 1900.18505859375 1484.217041015625 239.07223016935322 1650.0 1500.0 0 0.0 0.0 0.0 0.0
4175 1900.18505859375 1480.271240234375 241.11127732281557 1650.0 1500.0 0 0.0 0.0 0.0 0.0
4193 1900.18505859375 1472.3797607421875 245.28516863557172 1650.0 1500.0 0 0.0 0.0 0.0 0.0
4210 1900.18505859375 1464.48828125 249.53126337717703 1650.0 1500.0 0 0.0 0.0 0.0 0.0
4227 1896.2392578125 1456.5968017578125 254.06776561995304 1650.0 1500.0 0 0.0 0.0 0.0 0.0
4372 1896.2392578125 1452.651123046875 256.22237115094737 1650.0 1500.0 0 0.0 0.0 0.0 0.0
4500 1896.2392578125 1456.5968017578125 254.0752028108662 1650.0 1500.0 0 0.0 0.0 0.0 0.0
4509 1896.2392578125 1464.48828125 249.8249718400226 1650.0 1500.0 0 0.0 0.0 0.0 0.0
4526 1896.2392578125 1480.271240234375 241.61771541163924 1650.0 1500.0 0 0.0 0.0 0.0 0.0
4542 1896.2392578125 1484.217041015625 239.59828835879642 1650.0 1500.0 0 0.0 0.0 0.0 0.0