0 2350.0 1500.0 0 1650.0 1500.0 0 0.0 0.0 0.0 0.0
185 2350.0 1500.0 0 1650.0 1500.0 0 0.0 0.0 0.0 0.0
202 2350.0 1494.73681640625 0.9691302612899904 1650.0 1500.0 0 0.0 0.0 0.0 0.0
218 2350.0 1484.21044921875 2.7323051379702292 1650.0 1500.0 0 0.0 0.0 0.0 0.0
235 2350.0 1473.6842041015625 4.334701925183708 1650.0 1500.0 0 0.0 0.0 0.0 0.0
253 2350.0 1463.1578369140625 5.790025971544651 1650.0 1500.0 0 0.0 0.0 0.0 0.0
268 2350.0 1447.368408203125 7.684015461823435 1650.0 1500.0 0 0.0 0.0 0.0 0.0
288 2350.0 1442.105224609375 8.284503825855268 1650.0 1500.0 0 0.0 0.0 0.0 0.0
302 2350.0 1426.3157958984375 9.845831911853736 1650.0 1500.0 0 0.0 0.0 0.0 0.0
318 2350.0 1415.7894287109375 10.789347241861776 1650.0 1500.0 0 0.0 0.0 0.0 0.0
335 2350.0 1405.26318359375 11.64449135402242 1650.0 1500.0 0 0.0 0.0 0.0 0.0
352 2350.0 1394.73681640625 12.41944860277465 1650.0 1500.0 0 0.0 0.0 0.0 0.0
368 2350.0 1389.4736328125 12.787807300887891 1650.0 1500.0 0 0.0 0.0 0.0 0.0
385 2350.0 1378.9473876953125 13.455234039853849 1650.0 1500.0 0 0.0 0.0 0.0 0.0
402 2350.0 1368.4210205078125 14.059870215435069 1650.0 1500.0 0 0.0 0.0 0.0 0.0
418 2350.0 1363.1578369140625 14.347228909164983 1650.0 1500.0 0 0.0 0.0 0.0 0.0
435 2350.0 1352.631591796875 14.867762781714987 1650.0 1500.0 0 0.0 0.0 0.0 0.0
455 2350.0 1347.368408203125 15.115209441134425 1650.0 1500.0 0 0.0 0.0 0.0 0.0
471 2350.0 1336.842041015625 15.563320377132015 1650.0 1500.0 0 0.0 0.0 0.0 0.0
488 2350.0 1321.0526123046875 16.144628240794987 1650.0 1500.0 0 0.0 0.0 0.0 0.0
489 2350.0 1321.0526123046875 16.14459094805335 1650.0 1500.0 0 0.0 0.0 0.0 0.0
504 2350.0 1315.7894287109375 16.3287427725852 1650.0 1500.0 0 0.0 0.0 0.0 0.0
519 2344.73681640625 1305.26318359375 13.96446858613291 1650.0 1500.0 0 0.0 0.0 0.0 0.0
536 2339.4736328125 1294.73681640625 11.834857115850184 1650.0 1500.0 0 0.0 0.0 0.0 0.0
552 2334.21044921875 1289.4736328125 9.431374565717647 1650.0 1500.0 0 0.0 0.0 0.0 0.0
568 2328.947265625 1284.21044921875 7.167547471121679 1650.0 1500.0 0 0.0 0.0 0.0 0.0
585 2323.68408203125 1278.9473876953125 5.038395175470271 1650.0 1500.0 0 0.0 0.0 0.0 0.0
602 2323.68408203125 1268.4210205078125 6.428917802032231 1650.0 1500.0 0 0.0 0.0 0.0 0.0
618 2318.4208984375 1263.1578369140625 4.344192309057462 1650.0 1500.0 0 0.0 0.0 0.0 0.0
652 2313.15771484375 1252.631591796875 3.1928127773728647 1650.0 1500.0 0 0.0 0.0 0.0 0.0
668 2307.894775390625 1247.368408203125 1.3066070838577275 1650.0 1500.0 0 0.0 0.0 0.0 0.0
685 2302.631591796875 1242.105224609375 359.53824529792644 1650.0 1500.0 0 0.0 0.0 0.0 0.0
702 2302.631591796875 1236.842041015625 0.5290623849799658 1650.0 1500.0 0 0.0 0.0 0.0 0.0
718 2297.368408203125 1236.842041015625 357.75407335123305 1650.0 1500.0 0 0.0 0.0 0.0 0.0
752 2292.105224609375 1231.5789794921875 356.21197215851043 1650.0 1500.0 0 0.0 0.0 0.0 0.0
785 2292.105224609375 1226.3157958984375 357.35765672092 1650.0 1500.0 0 0.0 0.0 0.0 0.0
818 2286.842041015625 1221.0526123046875 355.84114956623426 1650.0 1500.0 0 0.0 0.0 0.0 0.0
838 2281.578857421875 1221.0526123046875 353.16522942327015 1650.0 1500.0 0 0.0 0.0 0.0 0.0
855 2271.052490234375 1215.7894287109375 349.50800794839506 1650.0 1500.0 0 0.0 0.0 0.0 0.0
872 2260.526123046875 1210.5262451171875 346.18290266441073 1650.0 1500.0 0 0.0 0.0 0.0 0.0
888 2255.26318359375 1210.5262451171875 343.7629865953553 1650.0 1500.0 0 0.0 0.0 0.0 0.0
904 2244.73681640625 1210.5262451171875 339.21460283527836 1650.0 1500.0 0 0.0 0.0 0.0 0.0
920 2239.4736328125 1210.5262451171875 337.0186650277644 1650.0 1500.0 0 0.0 0.0 0.0 0.0
935 2223.68408203125 1210.5262451171875 331.08809820476085 1650.0 1500.0 0 0.0 0.0 0.0 0.0
952 2218.4208984375 1210.5262451171875 329.1900272628783 1650.0 1500.0 0 0.0 0.0 0.0 0.0
968 2213.15771484375 1210.5262451171875 327.36670329653373 1650.0 1500.0 0 0.0 0.0 0.0 0.0
985 2197.368408203125 1210.5262451171875 322.51414870838374 1650.0 1500.0 0 0.0 0.0 0.0 0.0
1003 2192.105224609375 1210.5262451171875 320.96703147985085 1650.0 1500.0 0 0.0 0.0 0.0 0.0
1019 2181.578857421875 1210.5262451171875 318.12949627808734 1650.0 1500.0 0 0.0 0.0 0.0 0.0
1035 2171.052490234375 1210.5262451171875 315.53394460466916 1650.0 1500.0 0 0.0 0.0 0.0 0.0
1052 2165.789306640625 1215.7894287109375 311.63981070833165 1650.0 1500.0 0 0.0 0.0 0.0 0.0
1068 2155.26318359375 1221.0526123046875 307.0081430457709 1650.0 1500.0 0 0.0 0.0 0.0 0.0
1085 2144.73681640625 1226.3157958984375 302.7496225629783 1650.0 1500.0 0 0.0 0.0 0.0 0.0
1102 2139.4736328125 1231.5789794921875 299.3028520317383 1650.0 1500.0 0 0.0 0.0 0.0 0.0
1118 2123.68408203125 1236.842041015625 295.44540802977815 1650.0 1500.0 0 0.0 0.0 0.0 0.0
1135 2107.894775390625 1263.1578369140625 281.7601498225865 1650.0 1500.0 0 0.0 0.0 0.0 0.0
1152 2086.842041015625 1289.4736328125 271.31723287334114 1650.0 1500.0 0 0.0 0.0 0.0 0.0
1168 2055.2630615234375 1336.842041015625 257.85995272916284 1650.0 1500.0 0 0.0 0.0 0.0 0.0
1185 2013.1578369140625 1405.26318359375 246.17382369438917 1650.0 1500.0 0 0.0 0.0 0.0 0.0
1202 1944.73681640625 1494.73681640625 241.46786719728698 1650.0 1500.0 0 0.0 0.0 0.0 0.0
1219 1886.842041015625 1594.73681640625 235.29880374254236 1650.0 1500.0 0 0.0 0.0 0.0 0.0
1238 1818.4210205078125 1700.0 233.95617546977218 1650.0 1500.0 0 0.0 0.0 0.0 0.0
1255 1760.5262451171875 1821.0526123046875 229.0762897752611 1650.0 1500.0 0 0.0 0.0 0.0 0.0
1272 1649.9998779296875 2042.105224609375 227.1892030971079 1650.0 1500.0 0 0.0 0.0 0.0 0.0
1289 1607.8946533203125 2131.5789794921875 226.13255812632332 1650.0 1500.0 0 0.0 0.0 0.0 0.0
1305 1581.578857421875 2210.5263671875 222.585098276267 1650.0 1500.0 0 0.0 0.0 0.0 0.0
1320 1560.5262451171875 2257.894775390625 223.0038805662618 1650.0 1500.0 0 0.0 0.0 0.0 0.0
1335 1549.9998779296875 2289.4736328125 221.83355022881747 1650.0 1500.0 0 0.0 0.0 0.0 0.0
1352 1539.4736328125 2305.26318359375 223.68275699768338 1650.0 1500.0 0 0.0 0.0 0.0 0.0
1368 1539.4736328125 2310.5263671875 222.52863984698322 1650.0 1500.0 0 0.0 0.0 0.0 0.0
1385 1539.4736328125 2300.0 225.08143989157782 1650.0 1500.0 0 0.0 0.0 0.0 0.0
1402 1581.578857421875 2226.315673828125 202.5574538496718 1650.0 1500.0 0 0.0 0.0 0.0 0.0
1418 1649.9998779296875 2115.7894287109375 101.00523889303554 1650.0 1500.0 0 0.0 0.0 0.0 0.0
1435 1734.21044921875 1984.21044921875 71.17892161172063 1650.0 1500.0 0 0.0 0.0 0.0 0.0
1452 1834.21044921875 1852.631591796875 62.417001661185054 1650.0 1500.0 0 0.0 0.0 0.0 0.0
1468 1934.21044921875 1710.5262451171875 57.71367032172941 1650.0 1500.0 0 0.0 0.0 0.0 0.0
1485 2044.73681640625 1573.6842041015625 58.393474327914646 1650.0 1500.0 0 0.0 0.0 0.0 0.0
1502 2155.26318359375 1442.105224609375 59.33410284819206 1650.0 1500.0 0 0.0 0.0 0.0 0.0
1518 2271.052490234375 1326.3157958984375 62.75296356276391 1650.0 1500.0 0 0.0 0.0 0.0 0.0
1535 2376.315673828125 1226.3157958984375 64.86145564653356 1650.0 1500.0 0 0.0 0.0 0.0 0.0
1552 2460.526123046875 1142.105224609375 64.85801292675012 1650.0 1500.0 0 0.0 0.0 0.0 0.0
1568 2528.947265625 1078.9473266601562 65.95701201732555 1650.0 1500.0 0 0.0 0.0 0.0 0.0
1585 2571.052490234375 1031.5789184570312 64.23155029391637 1650.0 1500.0 0 0.0 0.0 0.0 0.0
1602 2607.894775390625 1000.0 65.8639953981139 1650.0 1500.0 0 0.0 0.0 0.0 0.0
1621 2628.947265625 978.9473266601562 65.63376187475734 1650.0 1500.0 0 0.0 0.0 0.0 0.0
1637 2639.4736328125 963.1578979492188 63.72550069128829 1650.0 1500.0 0 0.0 0.0 0.0 0.0
1654 2644.73681640625 952.6315307617188 61.934561849647594 1650.0 1500.0 0 0.0 0.0 0.0 0.0
1668 2650.0 952.6315307617188 64.08049864047172 1650.0 1500.0 0 0.0 0.0 0.0 0.0
1719 2650.0 957.8947143554688 66.24886037310813 1650.0 1500.0 0 0.0 0.0 0.0 0.0
1735 2650.0 963.1578979492188 68.49658729873283 1650.0 1500.0 0 0.0 0.0 0.0 0.0
1769 2650.0 968.4210205078125 70.82287177351805 1650.0 1500.0 0 0.0 0.0 0.0 0.0
1787 2650.0 973.6842041015625 73.22626219176408 1650.0 1500.0 0 0.0 0.0 0.0 0.0
1802 2650.0 978.9473266601562 75.70464640993066 1650.0 1500.0 0 0.0 0.0 0.0 0.0
1835 2655.26318359375 984.2105102539062 79.7989757809546 1650.0 1500.0 0 0.0 0.0 0.0 0.0
1852 2660.526123046875 989.4736328125 83.80663523038709 1650.0 1500.0 0 0.0 0.0 0.0 0.0