0 2350.0 1500.0 0 1650.0 1500.0 0 0.0 0.0 0.0 0.0
100 2350.0 1500.0 0 1650.0 1500.0 0 0.0 0.0 0.0 0.0
101 2350.0 1500.0 0 1650.0 1500.0 0 0.0 0.0 0.0 0.0
132 2350.0 1500.0 0 1650.0 1500.0 0 0.0 0.0 0.0 0.0
148 2350.0 1500.0 0 1650.0 1500.0 0 0.0 0.0 0.0 0.0
164 2350.0 1500.0 0 1650.0 1500.0 0 0.0 0.0 0.0 0.0
182 2350.0 1500.0 0 1650.0 1500.0 0 0.0 0.0 0.0 0.0
198 2350.0 1500.0 0 1650.0 1500.0 0 0.0 0.0 0.0 0.0
215 2350.0 1500.0 0 1650.0 1500.0 0 0.0 0.0 0.0 0.0
232 2350.0 1500.0 0 1650.0 1500.0 0 0.0 0.0 0.0 0.0
248 2338.142333984375 1484.189697265625 355.15526603439076 1650.0 1500.0 0 0.0 0.0 0.0 0.0
265 2310.474365234375 1464.4268798828125 344.8383639183702 1650.0 1500.0 0 0.0 0.0 0.0 0.0
266 2310.474365234375 1464.4268798828125 344.8383974406892 1650.0 1500.0 0 0.0 0.0 0.0 0.0
282 2294.6640625 1452.5692138671875 339.84182343324994 1650.0 1500.0 0 0.0 0.0 0.0 0.0
313 2278.853759765625 1448.6165771484375 333.72759592972767 1650.0 1500.0 0 0.0 0.0 0.0 0.0
331 2259.0908203125 1448.6165771484375 325.5896831366564 1650.0 1500.0 0 0.0 0.0 0.0 0.0
348 2235.37548828125 1452.5692138671875 315.7292369377293 1650.0 1500.0 0 0.0 0.0 0.0 0.0
349 2235.37548828125 1452.5692138671875 315.72924106295784 1650.0 1500.0 0 0.0 0.0 0.0 0.0
365 2223.517822265625 1464.4268798828125 307.0799856262814 1650.0 1500.0 0 0.0 0.0 0.0 0.0
382 2211.66015625 1476.28466796875 298.79269593342826 1650.0 1500.0 0 0.0 0.0 0.0 0.0
398 2199.802490234375 1488.142333984375 291.0043199224487 1650.0 1500.0 0 0.0 0.0 0.0 0.0
415 2187.944580078125 1496.0474853515625 285.68886313693963 1650.0 1500.0 0 0.0 0.0 0.0 0.0
432 2176.0869140625 1507.9051513671875 278.9516404762954 1650.0 1500.0 0 0.0 0.0 0.0 0.0
448 2164.229248046875 1515.810302734375 274.74063080182873 1650.0 1500.0 0 0.0 0.0 0.0 0.0
465 2156.32421875 1527.66796875 268.9121225910113 1650.0 1500.0 0 0.0 0.0 0.0 0.0
482 2152.37158203125 1531.62060546875 267.10899641548417 1650.0 1500.0 0 0.0 0.0 0.0 0.0
498 2148.4189453125 1535.5731201171875 265.376980881583 1650.0 1500.0 0 0.0 0.0 0.0 0.0
514 2148.4189453125 1539.5257568359375 263.3364380184222 1650.0 1500.0 0 0.0 0.0 0.0 0.0
613 2148.4189453125 1543.478271484375 261.3111890929494 1650.0 1500.0 0 0.0 0.0 0.0 0.0
696 2152.37158203125 1543.478271484375 260.8284518843167 1650.0 1500.0 0 0.0 0.0 0.0 0.0
813 2156.32421875 1543.478271484375 260.3280654415455 1650.0 1500.0 0 0.0 0.0 0.0 0.0
946 2156.32421875 1539.5257568359375 262.3615366933548 1650.0 1500.0 0 0.0 0.0 0.0 0.0
962 2152.37158203125 1535.5731201171875 264.75467933454746 1650.0 1500.0 0 0.0 0.0 0.0 0.0
979 2144.46630859375 1527.66796875 269.2612537843183 1650.0 1500.0 0 0.0 0.0 0.0 0.0
996 2140.513916015625 1519.7628173828125 273.44951498827754 1650.0 1500.0 0 0.0 0.0 0.0 0.0
1012 2132.608642578125 1515.810302734375 275.44170972749873 1650.0 1500.0 0 0.0 0.0 0.0 0.0
1029 2120.7509765625 1507.9051513671875 279.0634137378913 1650.0 1500.0 0 0.0 0.0 0.0 0.0
1045 2108.893310546875 1500.0 282.3074679980002 1650.0 1500.0 0 0.0 0.0 0.0 0.0
1062 2093.0830078125 1488.142333984375 286.6215350933527 1650.0 1500.0 0 0.0 0.0 0.0 0.0
1079 2061.46240234375 1476.28466796875 288.55795839035625 1650.0 1500.0 0 0.0 0.0 0.0 0.0
1095 2029.8419189453125 1464.4268798828125 290.0379018155072 1650.0 1500.0 0 0.0 0.0 0.0 0.0
1112 2006.12646484375 1452.5692138671875 292.14303605656283 1650.0 1500.0 0 0.0 0.0 0.0 0.0
1129 1986.3636474609375 1444.6640625 292.78346010844336 1650.0 1500.0 0 0.0 0.0 0.0 0.0
1145 1974.5059814453125 1436.7589111328125 294.5235973043615 1650.0 1500.0 0 0.0 0.0 0.0 0.0
1162 1970.5533447265625 1432.806396484375 295.6983426241179 1650.0 1500.0 0 0.0 0.0 0.0 0.0
1211 1974.5059814453125 1432.806396484375 296.48410670665436 1650.0 1500.0 0 0.0 0.0 0.0 0.0
1228 1978.45849609375 1432.806396484375 297.29706691605264 1650.0 1500.0 0 0.0 0.0 0.0 0.0
1245 1982.4111328125 1436.7589111328125 296.14327283626767 1650.0 1500.0 0 0.0 0.0 0.0 0.0
1261 1986.3636474609375 1436.7589111328125 296.9444819207912 1650.0 1500.0 0 0.0 0.0 0.0 0.0
1345 1978.45849609375 1440.7115478515625 293.605781375534 1650.0 1500.0 0 0.0 0.0 0.0 0.0
1378 1974.5059814453125 1440.7115478515625 292.94038854710334 1650.0 1500.0 0 0.0 0.0 0.0 0.0
1412 1974.5059814453125 1444.6640625 290.94983477630603 1650.0 1500.0 0 0.0 0.0 0.0 0.0
1462 1978.45849609375 1448.6165771484375 289.49061738275304 1650.0 1500.0 0 0.0 0.0 0.0 0.0
1478 1982.4111328125 1452.5692138671875 287.9639587057478 1650.0 1500.0 0 0.0 0.0 0.0 0.0
1495 1986.3636474609375 1452.5692138671875 288.4740232269594 1650.0 1500.0 0 0.0 0.0 0.0 0.0
1645 1986.3636474609375 1460.474365234375 284.3796974850341 1650.0 1500.0 0 0.0 0.0 0.0 0.0
1662 1990.316162109375 1460.474365234375 284.75814634420215 1650.0 1500.0 0 0.0 0.0 0.0 0.0
1678 1990.316162109375 1464.4268798828125 282.70253408915994 1650.0 1500.0 0 0.0 0.0 0.0 0.0
1877 1986.3636474609375 1464.4268798828125 282.40817823695363 1650.0 1500.0 0 0.0 0.0 0.0 0.0
1895 1982.4111328125 1460.474365234375 284.10055834831644 1650.0 1500.0 0 0.0 0.0 0.0 0.0
1912 1978.45849609375 1452.5692138671875 287.66363734493444 1650.0 1500.0 0 0.0 0.0 0.0 0.0
1928 1974.5059814453125 1448.6165771484375 289.13855897125535 1650.0 1500.0 0 0.0 0.0 0.0 0.0
1945 1966.600830078125 1448.6165771484375 288.1417609069986 1650.0 1500.0 0 0.0 0.0 0.0 0.0
1961 1966.600830078125 1444.6640625 290.1406207376644 1650.0 1500.0 0 0.0 0.0 0.0 0.0
1978 1962.648193359375 1440.7115478515625 291.5090305692661 1650.0 1500.0 0 0.0 0.0 0.0 0.0
10879 1962.648193359375 1440.7115478515625 291.5090305692661 1650.0 1500.0 0 0.0 0.0 0.0 0.0
10895 1962.648193359375 1440.7115478515625 291.5090305692661 1650.0 1500.0 0 0.0 0.0 0.0 0.0
10946 1962.648193359375 1440.7115478515625 291.5090305692661 1650.0 1500.0 0 0.0 0.0 0.0 0.0
10962 1962.648193359375 1440.7115478515625 291.5090305692661 1650.0 1500.0 0 0.0 0.0 0.0 0.0
10979 1962.648193359375 1440.7115478515625 291.5090305692661 1650.0 1500.0 0 0.0 0.0 0.0 0.0
10999 2173.2576599121094 1364.5391082763672 295.4256865781514 1650.0 1500.0 0 0.0 0.0 0.0 0.0
11015 2173.2576599121094 1372.4442596435547 297.88013031377375 1650.0 1500.0 0 0.0 0.0 0.0 0.0
11029 2173.2576599121094 1376.3968963623047 299.0685609375099 1650.0 1500.0 0 0.0 0.0 0.0 0.0
11049 2173.2576599121094 1380.3494110107422 300.2192850696708 1650.0 1500.0 0 0.0 0.0 0.0 0.0
11062 2173.2576599121094 1384.3020477294922 301.33312756776394 1650.0 1500.0 0 0.0 0.0 0.0 0.0
11095 2173.2576599121094 1380.3494110107422 300.18108816227766 1650.0 1500.0 0 0.0 0.0 0.0 0.0
11112 2173.2576599121094 1368.4917449951172 296.3517616383706 1650.0 1500.0 0 0.0 0.0 0.0 0.0
11128 2173.2576599121094 1356.6339569091797 292.1328291162406 1650.0 1500.0 0 0.0 0.0 0.0 0.0
11146 2173.2576599121094 1344.7762908935547 287.5135385291351 1650.0 1500.0 0 0.0 0.0 0.0 0.0
11162 2173.2576599121094 1336.8711395263672 284.26007406767405 1650.0 1500.0 0 0.0 0.0 0.0 0.0
11178 2173.2576599121094 1332.9186248779297 282.59092000334874 1650.0 1500.0 0 0.0 0.0 0.0 0.0
11198 2173.2576599121094 1328.9659881591797 280.87907780733167 1650.0 1500.0 0 0.0 0.0 0.0 0.0
11212 2173.2576599121094 1325.0134735107422 279.1252194085681 1650.0 1500.0 0 0.0 0.0 0.0 0.0
11278 2181.1629333496094 1332.9186248779297 279.85555353505805 1650.0 1500.0 0 0.0 0.0 0.0 0.0
11298 2185.1153259277344 1352.6814422607422 286.1867567868111 1650.0 1500.0 0 0.0 0.0 0.0 0.0
11315 2189.0679626464844 1368.4917449951172 290.35533748744984 1650.0 1500.0 0 0.0 0.0 0.0 0.0
11328 2193.0205993652344 1388.2545623779297 295.14661745667763 1650.0 1500.0 0 0.0 0.0 0.0 0.0
11348 2196.9732360839844 1400.1122283935547 297.08031086351326 1650.0 1500.0 0 0.0 0.0 0.0 0.0
11365 2196.9732360839844 1404.0648651123047 298.2939452965898 1650.0 1500.0 0 0.0 0.0 0.0 0.0
11379 2196.9732360839844 1408.0173797607422 299.4692525704506 1650.0 1500.0 0 0.0 0.0 0.0 0.0
11430 2196.9732360839844 1404.0648651123047 298.25441290785795 1650.0 1500.0 0 0.0 0.0 0.0 0.0
11448 2196.9732360839844 1392.2070770263672 294.2261157049147 1650.0 1500.0 0 0.0 0.0 0.0 0.0
11465 2196.9732360839844 1380.3494110107422 289.8016055025565 1650.0 1500.0 0 0.0 0.0 0.0 0.0
11482 2196.9732360839844 1364.5391082763672 283.17035698795047 1650.0 1500.0 0 0.0 0.0 0.0 0.0
11498 2196.9732360839844 1356.6339569091797 279.6875470240891 1650.0 1500.0 0 0.0 0.0 0.0 0.0
11516 2196.9732360839844 1344.7762908935547 274.08231134320977 1650.0 1500.0 0 0.0 0.0 0.0 0.0
11540 2196.9732360839844 1340.8237762451172 272.1780714498975 1650.0 1500.0 0 0.0 0.0 0.0 0.0
11558 2200.9256286621094 1340.8237762451172 271.0876430243516 1650.0 1500.0 0 0.0 0.0 0.0 0.0
11570 2204.8782653808594 1340.8237762451172 270.03276309827737 1650.0 1500.0 0 0.0 0.0 0.0 0.0
11586 2208.8309020996094 1356.6339569091797 276.0811875399995 1650.0 1500.0 0 0.0 0.0 0.0 0.0
11600 2212.7835388183594 1368.4917449951172 279.9156542904857 1650.0 1500.0 0 0.0 0.0 0.0 0.0
11616 2216.7359313964844 1376.3968963623047 281.85964757814764 1650.0 1500.0 0 0.0 0.0 0.0 0.0
11646 2220.6885681152344 1380.3494110107422 282.10258693212455 1650.0 1500.0 0 0.0 0.0 0.0 0.0
11680 2220.6885681152344 1384.3020477294922 283.7421820494518 1650.0 1500.0 0 0.0 0.0 0.0 0.0
11698 2220.6885681152344 1392.2070770263672 286.85617295795674 1650.0 1500.0 0 0.0 0.0 0.0 0.0
11714 2220.6885681152344 1396.1597137451172 288.37050773495247 1650.0 1500.0 0 0.0 0.0 0.0 0.0
11746 2220.6885681152344 1392.2070770263672 286.8129072754101 1650.0 1500.0 0 0.0 0.0 0.0 0.0
11764 2220.6885681152344 1384.3020477294922 283.5209154897592 1650.0 1500.0 0 0.0 0.0 0.0 0.0
11781 2220.6885681152344 1372.4442596435547 278.1866790204596 1650.0 1500.0 0 0.0 0.0 0.0 0.0
11799 2220.6885681152344 1356.6339569091797 270.4118230080161 1650.0 1500.0 0 0.0 0.0 0.0 0.0
11800 2220.6885681152344 1356.6339569091797 270.41181907982366 1650.0 1500.0 0 0.0 0.0 0.0 0.0
11830 2220.6885681152344 1352.6814422607422 268.4380889021877 1650.0 1500.0 0 0.0 0.0 0.0 0.0
11848 2224.6412048339844 1348.7289276123047 265.5166343840622 1650.0 1500.0 0 0.0 0.0 0.0 0.0
11864 2232.5462341308594 1348.7289276123047 263.83878461672066 1650.0 1500.0 0 0.0 0.0 0.0 0.0
11882 2240.4515075683594 1348.7289276123047 262.27339644979054 1650.0 1500.0 0 0.0 0.0 0.0 0.0
11883 2240.4515075683594 1348.7289276123047 262.27337361902715 1650.0 1500.0 0 0.0 0.0 0.0 0.0
11898 2244.4039001464844 1348.7289276123047 261.51813858647586 1650.0 1500.0 0 0.0 0.0 0.0 0.0
11915 2244.4039001464844 1352.6814422607422 263.5696775527965 1650.0 1500.0 0 0.0 0.0 0.0 0.0
12064 2236.4988708496094 1348.7289276123047 263.1400117368613 1650.0 1500.0 0 0.0 0.0 0.0 0.0
12081 2232.5462341308594 1340.8237762451172 259.61677352451056 1650.0 1500.0 0 0.0 0.0 0.0 0.0
12097 2228.5935974121094 1332.9186248779297 255.87370054938177 1650.0 1500.0 0 0.0 0.0 0.0 0.0
12115 2228.5935974121094 1328.9659881591797 253.71029374949995 1650.0 1500.0 0 0.0 0.0 0.0 0.0
12131 2228.5935974121094 1325.0134735107422 251.53083335843314 1650.0 1500.0 0 0.0 0.0 0.0 0.0
12147 2228.5935974121094 1321.0608367919922 249.33820673450424 1650.0 1500.0 0 0.0 0.0 0.0 0.0
12213 2232.5462341308594 1321.0608367919922 249.04976001449268 1650.0 1500.0 0 0.0 0.0 0.0 0.0
12296 2228.5935974121094 1317.1083221435547 247.05924878154053 1650.0 1500.0 0 0.0 0.0 0.0 0.0
12313 2224.6412048339844 1313.1558074951172 244.9825125507739 1650.0 1500.0 0 0.0 0.0 0.0 0.0
12330 2224.6412048339844 1305.2506561279297 240.55394612943172 1650.0 1500.0 0 0.0 0.0 0.0 0.0
12346 2224.6412048339844 1301.2980194091797 238.3444264807668 1650.0 1500.0 0 0.0 0.0 0.0 0.0
12363 2224.6412048339844 1297.3455047607422 236.14139391928853 1650.0 1500.0 0 0.0 0.0 0.0 0.0
12396 2224.6412048339844 1293.3928680419922 233.94791015157995 1650.0 1500.0 0 0.0 0.0 0.0 0.0
12413 2228.5935974121094 1289.4403533935547 232.1276307540668 1650.0 1500.0 0 0.0 0.0 0.0 0.0
12430 2228.5935974121094 1285.4877166748047 229.9598084845609 1650.0 1500.0 0 0.0 0.0 0.0 0.0
12446 2232.5462341308594 1281.5352020263672 228.31296170452228 1650.0 1500.0 0 0.0 0.0 0.0 0.0
12463 2232.5462341308594 1277.5826873779297 226.179329937007 1650.0 1500.0 0 0.0 0.0 0.0 0.0
12495 2232.5462341308594 1273.6300506591797 224.06869513371078 1650.0 1500.0 0 0.0 0.0 0.0 0.0
12513 2236.4988708496094 1269.6775360107422 222.6905178808144 1650.0 1500.0 0 0.0 0.0 0.0 0.0
12535 2240.4515075683594 1265.7248992919922 221.37705410220826 1650.0 1500.0 0 0.0 0.0 0.0 0.0
12545 2244.4039001464844 1261.7723846435547 220.1259052631485 1650.0 1500.0 0 0.0 0.0 0.0 0.0
12562 2248.3565368652344 1253.8672332763672 217.0181360292596 1650.0 1500.0 0 0.0 0.0 0.0 0.0
12595 2248.3565368652344 1249.9145965576172 215.03807955434942 1650.0 1500.0 0 0.0 0.0 0.0 0.0
12711 2252.3091735839844 1249.9145965576172 215.99289069862772 1650.0 1500.0 0 0.0 0.0 0.0 0.0
12761 2256.2615661621094 1249.9145965576172 216.91535048351122 1650.0 1500.0 0 0.0 0.0 0.0 0.0
12930 2252.3091735839844 1249.9145965576172 215.9594369358498 1650.0 1500.0 0 0.0 0.0 0.0 0.0
12945 2240.4515075683594 1249.9145965576172 212.76055495500685 1650.0 1500.0 0 0.0 0.0 0.0 0.0
12962 2228.5935974121094 1249.9145965576172 209.2065700900852 1650.0 1500.0 0 0.0 0.0 0.0 0.0
12978 2216.7359313964844 1249.9145965576172 205.2758154796667 1650.0 1500.0 0 0.0 0.0 0.0 0.0
12996 2208.8309020996094 1249.9145965576172 202.4857666187048 1650.0 1500.0 0 0.0 0.0 0.0 0.0
13012 2204.8782653808594 1249.9145965576172 201.04850688692073 1650.0 1500.0 0 0.0 0.0 0.0 0.0
13029 2200.9256286621094 1245.9620819091797 197.9190030751528 1650.0 1500.0 0 0.0 0.0 0.0 0.0
13045 2196.9732360839844 1245.9620819091797 196.3487398988821 1650.0 1500.0 0 0.0 0.0 0.0 0.0
13062 2193.0205993652344 1242.0095672607422 193.22362562728023 1650.0 1500.0 0 0.0 0.0 0.0 0.0
13111 2189.0679626464844 1238.0569305419922 190.1130302490383 1650.0 1500.0 0 0.0 0.0 0.0 0.0
13145 2185.1153259277344 1234.1044158935547 187.025903834778 1650.0 1500.0 0 0.0 0.0 0.0 0.0
13162 2185.1153259277344 1230.1517791748047 185.78143619284083 1650.0 1500.0 0 0.0 0.0 0.0 0.0