0 2350.0 1500.0 0 1650.0 1500.0 0 0.0 0.0 0.0 0.0
57 2339.4736328125 1473.6842041015625 352.2471975502144 1650.0 1500.0 0 0.0 0.0 0.0 0.0
74 2302.631591796875 1452.631591796875 351.0956502623208 1650.0 1500.0 0 0.0 0.0 0.0 0.0
89 2255.26318359375 1426.3157958984375 349.1224815587334 1650.0 1500.0 0 0.0 0.0 0.0 0.0
105 2186.842041015625 1394.73681640625 348.2198722228816 1650.0 1500.0 0 0.0 0.0 0.0 0.0
122 2118.4208984375 1363.1578369140625 346.2329895084708 1650.0 1500.0 0 0.0 0.0 0.0 0.0
138 2071.052490234375 1347.368408203125 347.7626249818369 1650.0 1500.0 0 0.0 0.0 0.0 0.0
155 2013.15771484375 1321.0526123046875 346.2430120271724 1650.0 1500.0 0 0.0 0.0 0.0 0.0
172 1955.26318359375 1305.26318359375 350.7411237319275 1650.0 1500.0 0 0.0 0.0 0.0 0.0
188 1913.1578369140625 1294.73681640625 355.96768711340076 1650.0 1500.0 0 0.0 0.0 0.0 0.0
205 1871.0526123046875 1289.4736328125 5.746792132023842 1650.0 1500.0 0 0.0 0.0 0.0 0.0
222 1818.4210205078125 1284.21044921875 23.499945397220074 1650.0 1500.0 0 0.0 0.0 0.0 0.0
239 1776.315673828125 1278.9473876953125 40.04619055912801 1650.0 1500.0 0 0.0 0.0 0.0 0.0
256 1734.21044921875 1278.9473876953125 57.793848645018755 1650.0 1500.0 0 0.0 0.0 0.0 0.0
272 1692.105224609375 1273.6842041015625 75.23021508896909 1650.0 1500.0 0 0.0 0.0 0.0 0.0
290 1655.2630615234375 1268.4210205078125 89.25675211243544 1650.0 1500.0 0 0.0 0.0 0.0 0.0
305 1628.947265625 1268.4210205078125 97.3699732802701 1650.0 1500.0 0 0.0 0.0 0.0 0.0
322 1602.6314697265625 1263.1578369140625 105.99127634784509 1650.0 1500.0 0 0.0 0.0 0.0 0.0
340 1586.842041015625 1263.1578369140625 109.78411835275543 1650.0 1500.0 0 0.0 0.0 0.0 0.0
355 1576.315673828125 1263.1578369140625 112.16143307785961 1650.0 1500.0 0 0.0 0.0 0.0 0.0
372 1565.7894287109375 1263.1578369140625 114.3938725054168 1650.0 1500.0 0 0.0 0.0 0.0 0.0
388 1549.9998779296875 1268.4210205078125 115.70742650026693 1650.0 1500.0 0 0.0 0.0 0.0 0.0