0 2000.0 1500.0 0 0.0 0.0 0.0 0.0 0.0 0.0 0.0
139 1991.9752197265625 1500.0 357.98924430275804 0.0 0.0 0.0 0.0 0.0 0.0 0.0
141 1987.9627685546875 1500.0 356.98399535894566 0.0 0.0 0.0 0.0 0.0 0.0 0.0
156 1967.90087890625 1500.0 351.97443687566226 0.0 0.0 0.0 0.0 0.0 0.0 0.0
170 1943.8265380859375 1508.0247802734375 345.6466406574366 0.0 0.0 0.0 0.0 0.0 0.0 0.0
183 1931.789306640625 1516.049560546875 342.2065427684239 0.0 0.0 0.0 0.0 0.0 0.0 0.0
184 1919.7520751953125 1528.0867919921875 338.3680208037812 0.0 0.0 0.0 0.0 0.0 0.0 0.0
199 1903.7025146484375 1536.111572265625 333.8740820031496 0.0 0.0 0.0 0.0 0.0 0.0 0.0
201 1891.6654052734375 1548.1488037109375 329.800065811394 0.0 0.0 0.0 0.0 0.0 0.0 0.0
214 1879.628173828125 1560.1859130859375 325.6443275468629 0.0 0.0 0.0 0.0 0.0 0.0 0.0
216 1867.591064453125 1572.22314453125 321.4280808292416 0.0 0.0 0.0 0.0 0.0 0.0 0.0
225 1855.5538330078125 1584.26025390625 317.1738995839647 0.0 0.0 0.0 0.0 0.0 0.0 0.0
231 1847.529052734375 1600.309814453125 312.91707211391406 0.0 0.0 0.0 0.0 0.0 0.0 0.0
244 1839.5042724609375 1616.3594970703125 308.56162553662784 0.0 0.0 0.0 0.0 0.0 0.0 0.0
260 1823.4547119140625 1644.4461669921875 300.4432321714588 0.0 0.0 0.0 0.0 0.0 0.0 0.0
266 1811.41748046875 1660.4957275390625 295.4706551421665 0.0 0.0 0.0 0.0 0.0 0.0 0.0
276 1807.4051513671875 1676.54541015625 291.38431438417524 0.0 0.0 0.0 0.0 0.0 0.0 0.0
280 1799.38037109375 1692.594970703125 286.9186920020867 0.0 0.0 0.0 0.0 0.0 0.0 0.0
293 1791.35546875 1708.64453125 282.5091213304264 0.0 0.0 0.0 0.0 0.0 0.0 0.0
297 1791.35546875 1728.7064208984375 277.55493204210416 0.0 0.0 0.0 0.0 0.0 0.0 0.0
301 1791.35546875 1744.756103515625 273.55363075223977 0.0 0.0 0.0 0.0 0.0 0.0 0.0
312 1791.35546875 1764.8179931640625 268.52197849938545 0.0 0.0 0.0 0.0 0.0 0.0 0.0
319 1791.35546875 1784.8800048828125 263.5013536089789 0.0 0.0 0.0 0.0 0.0 0.0 0.0
329 1795.367919921875 1808.954345703125 257.3755085094674 0.0 0.0 0.0 0.0 0.0 0.0 0.0
333 1803.3927001953125 1825.00390625 252.97554492130078 0.0 0.0 0.0 0.0 0.0 0.0 0.0
344 1811.41748046875 1841.053466796875 248.51544571396371 0.0 0.0 0.0 0.0 0.0 0.0 0.0
352 1827.467041015625 1849.0782470703125 245.12675287309324 0.0 0.0 0.0 0.0 0.0 0.0 0.0
362 1835.4918212890625 1857.10302734375 242.45423478002718 0.0 0.0 0.0 0.0 0.0 0.0 0.0
368 1847.529052734375 1861.115478515625 240.17855935018767 0.0 0.0 0.0 0.0 0.0 0.0 0.0
379 1859.566162109375 1861.115478515625 238.72953771984572 0.0 0.0 0.0 0.0 0.0 0.0 0.0
384 1875.6158447265625 1861.115478515625 236.6718881454911 0.0 0.0 0.0 0.0 0.0 0.0 0.0
395 1895.677734375 1861.115478515625 233.89298095803085 0.0 0.0 0.0 0.0 0.0 0.0 0.0
399 1911.727294921875 1861.115478515625 231.5339832098461 0.0 0.0 0.0 0.0 0.0 0.0 0.0
410 1931.789306640625 1849.0782470703125 230.97126048543402 0.0 0.0 0.0 0.0 0.0 0.0 0.0
411 1951.851318359375 1845.06591796875 228.6011799698667 0.0 0.0 0.0 0.0 0.0 0.0 0.0
425 1979.93798828125 1837.0411376953125 225.37754490608924 0.0 0.0 0.0 0.0 0.0 0.0 0.0
427 2012.0372314453125 1829.016357421875 220.92080330482057 0.0 0.0 0.0 0.0 0.0 0.0 0.0
433 2040.1239013671875 1812.966796875 218.2169000808596 0.0 0.0 0.0 0.0 0.0 0.0 0.0
444 2072.2230224609375 1792.90478515625 214.88574727319374 0.0 0.0 0.0 0.0 0.0 0.0 0.0
457 2136.4215087890625 1752.7808837890625 205.325784169708 0.0 0.0 0.0 0.0 0.0 0.0 0.0
470 2172.5328369140625 1724.694091796875 199.58907055667922 0.0 0.0 0.0 0.0 0.0 0.0 0.0
473 2204.6322021484375 1700.6197509765625 193.5206039689626 0.0 0.0 0.0 0.0 0.0 0.0 0.0
485 2236.7313232421875 1668.5206298828125 186.8934843931222 0.0 0.0 0.0 0.0 0.0 0.0 0.0
496 2264.8179931640625 1644.4461669921875 180.1318693562138 0.0 0.0 0.0 0.0 0.0 0.0 0.0
497 2292.9046630859375 1612.3470458984375 172.3908224176894 0.0 0.0 0.0 0.0 0.0 0.0 0.0
510 2304.9420166015625 1588.272705078125 168.46798816132147 0.0 0.0 0.0 0.0 0.0 0.0 0.0
513 2329.0162353515625 1552.1611328125 159.96694236965394 0.0 0.0 0.0 0.0 0.0 0.0 0.0
526 2345.0657958984375 1479.9381103515625 147.30076412259479 0.0 0.0 0.0 0.0 0.0 0.0 0.0
532 2353.0906982421875 1435.8017578125 138.79327784762197 0.0 0.0 0.0 0.0 0.0 0.0 0.0
546 2357.1031494140625 1391.6654052734375 129.9240341502442 0.0 0.0 0.0 0.0 0.0 0.0 0.0
561 2377.1649169921875 1315.429931640625 109.95392625689924 0.0 0.0 0.0 0.0 0.0 0.0 0.0
566 2377.1649169921875 1283.330810546875 102.15158875020751 0.0 0.0 0.0 0.0 0.0 0.0 0.0
577 2377.1649169921875 1247.21923828125 93.11137731327385 0.0 0.0 0.0 0.0 0.0 0.0 0.0
579 2369.1402587890625 1219.1324462890625 86.00848950354607 0.0 0.0 0.0 0.0 0.0 0.0 0.0
584 2361.1153564453125 1187.0333251953125 77.71370433144205 0.0 0.0 0.0 0.0 0.0 0.0 0.0
594 2349.0782470703125 1150.9217529296875 68.1339055268939 0.0 0.0 0.0 0.0 0.0 0.0 0.0
608 2337.0411376953125 1118.8226318359375 59.58333760875303 0.0 0.0 0.0 0.0 0.0 0.0 0.0
610 2320.9915771484375 1090.73583984375 51.499621554784085 0.0 0.0 0.0 0.0 0.0 0.0 0.0
615 2296.9171142578125 1066.6614990234375 42.93853146880542 0.0 0.0 0.0 0.0 0.0 0.0 0.0
625 2276.8551025390625 1042.587158203125 35.247313112538706 0.0 0.0 0.0 0.0 0.0 0.0 0.0
629 2244.7559814453125 1022.525146484375 25.740386475666433 0.0 0.0 0.0 0.0 0.0 0.0 0.0
640 2224.6939697265625 1006.4755859375 19.5583721575549 0.0 0.0 0.0 0.0 0.0 0.0 0.0
653 2192.5948486328125 994.4384155273438 11.002010996722262 0.0 0.0 0.0 0.0 0.0 0.0 0.0
656 2164.5081787109375 982.4012451171875 3.66024852123509 0.0 0.0 0.0 0.0 0.0 0.0 0.0
670 2108.3345947265625 970.364013671875 349.969169568286 0.0 0.0 0.0 0.0 0.0 0.0 0.0
684 2040.1239013671875 962.3392333984375 334.79569477684424 0.0 0.0 0.0 0.0 0.0 0.0 0.0
698 2012.0372314453125 966.3516235351562 328.15220730703845 0.0 0.0 0.0 0.0 0.0 0.0 0.0
700 1967.90087890625 974.37646484375 318.26198601564397 0.0 0.0 0.0 0.0 0.0 0.0 0.0
715 1883.640625 1014.5003662109375 298.38964795463846 0.0 0.0 0.0 0.0 0.0 0.0 0.0
728 1847.529052734375 1038.57470703125 289.3784238796944 0.0 0.0 0.0 0.0 0.0 0.0 0.0
743 1767.2811279296875 1114.8102416992188 269.2451118718882 0.0 0.0 0.0 0.0 0.0 0.0 0.0
750 1727.1572265625 1158.946533203125 259.6148618408814 0.0 0.0 0.0 0.0 0.0 0.0 0.0
760 1691.045654296875 1207.0952758789062 250.64515458397668 0.0 0.0 0.0 0.0 0.0 0.0 0.0
764 1654.93408203125 1263.268798828125 241.83120386933996 0.0 0.0 0.0 0.0 0.0 0.0 0.0
777 1618.8226318359375 1327.467041015625 233.50862457370485 0.0 0.0 0.0 0.0 0.0 0.0 0.0
781 1598.7606201171875 1399.690185546875 223.8297160877795 0.0 0.0 0.0 0.0 0.0 0.0 0.0
794 1586.723388671875 1455.8636474609375 217.14518970579857 0.0 0.0 0.0 0.0 0.0 0.0 0.0
796 1574.686279296875 1508.0247802734375 212.17277960856927 0.0 0.0 0.0 0.0 0.0 0.0 0.0
811 1574.686279296875 1584.26025390625 203.69447508836666 0.0 0.0 0.0 0.0 0.0 0.0 0.0
817 1574.686279296875 1604.322265625 201.63449571247523 0.0 0.0 0.0 0.0 0.0 0.0 0.0
839 1582.7110595703125 1608.334716796875 199.39347237635778 0.0 0.0 0.0 0.0 0.0 0.0 0.0
851 1590.73583984375 1612.3470458984375 197.1612224582196 0.0 0.0 0.0 0.0 0.0 0.0 0.0
856 1598.7606201171875 1612.3470458984375 195.24669398829587 0.0 0.0 0.0 0.0 0.0 0.0 0.0
866 1606.785400390625 1612.3470458984375 193.31248582957173 0.0 0.0 0.0 0.0 0.0 0.0 0.0
880 1638.884521484375 1612.3470458984375 185.32073787385897 0.0 0.0 0.0 0.0 0.0 0.0 0.0
893 1662.958984375 1612.3470458984375 179.28134091566352 0.0 0.0 0.0 0.0 0.0 0.0 0.0
899 1691.045654296875 1612.3470458984375 172.25607482061062 0.0 0.0 0.0 0.0 0.0 0.0 0.0
901 1711.107666015625 1612.3470458984375 167.30232386418945 0.0 0.0 0.0 0.0 0.0 0.0 0.0
911 1739.1944580078125 1600.309814453125 159.6582869968093 0.0 0.0 0.0 0.0 0.0 0.0 0.0
924 1763.268798828125 1592.2850341796875 153.31912715545516 0.0 0.0 0.0 0.0 0.0 0.0 0.0
926 1775.305908203125 1588.272705078125 150.17647706050897 0.0 0.0 0.0 0.0 0.0 0.0 0.0
931 1787.3431396484375 1576.2354736328125 146.0273475961998 0.0 0.0 0.0 0.0 0.0 0.0 0.0
942 1799.38037109375 1564.1983642578125 141.81569755523645 0.0 0.0 0.0 0.0 0.0 0.0 0.0
956 1815.429931640625 1548.1488037109375 136.13180690460976 0.0 0.0 0.0 0.0 0.0 0.0 0.0
957 1839.5042724609375 1520.06201171875 126.82537427534317 0.0 0.0 0.0 0.0 0.0 0.0 0.0
962 1859.566162109375 1495.9876708984375 119.03100389439513 0.0 0.0 0.0 0.0 0.0 0.0 0.0
973 1887.6529541015625 1459.8760986328125 108.02052463550012 0.0 0.0 0.0 0.0 0.0 0.0 0.0
977 1907.7149658203125 1431.789306640625 100.03191437864875 0.0 0.0 0.0 0.0 0.0 0.0 0.0
994 1959.8760986328125 1351.54150390625 81.14299452858698 0.0 0.0 0.0 0.0 0.0 0.0 0.0
1005 1983.950439453125 1319.4422607421875 74.62571834475538 0.0 0.0 0.0 0.0 0.0 0.0 0.0
1019 2012.0372314453125 1267.2811279296875 65.15925478436765 0.0 0.0 0.0 0.0 0.0 0.0 0.0
1031 2016.049560546875 1251.2316284179688 61.96045014974905 0.0 0.0 0.0 0.0 0.0 0.0 0.0
1033 2020.06201171875 1239.1944580078125 59.7566306970806 0.0 0.0 0.0 0.0 0.0 0.0 0.0
1050 2020.06201171875 1231.1696166992188 58.0055015277719 0.0 0.0 0.0 0.0 0.0 0.0 0.0
1065 2020.06201171875 1227.1572265625 57.13761269452904 0.0 0.0 0.0 0.0 0.0 0.0 0.0
1103 2016.049560546875 1227.1572265625 56.622572308483676 0.0 0.0 0.0 0.0 0.0 0.0 0.0
1117 2012.0372314453125 1227.1572265625 56.09966899051963 0.0 0.0 0.0 0.0 0.0 0.0 0.0
1127 2004.012451171875 1235.1820068359375 56.80485926040524 0.0 0.0 0.0 0.0 0.0 0.0 0.0
1140 2004.012451171875 1247.21923828125 59.4691144521061 0.0 0.0 0.0 0.0 0.0 0.0 0.0
1142 1987.9627685546875 1267.2811279296875 62.31292426649668 0.0 0.0 0.0 0.0 0.0 0.0 0.0
1149 1983.950439453125 1295.367919921875 68.66422378563118 0.0 0.0 0.0 0.0 0.0 0.0 0.0
1160 1983.950439453125 1331.4794921875 77.61474679333742 0.0 0.0 0.0 0.0 0.0 0.0 0.0
1173 1983.950439453125 1371.6033935546875 87.71910324498974 0.0 0.0 0.0 0.0 0.0 0.0 0.0
1175 1995.9876708984375 1411.7274169921875 97.16081299746867 0.0 0.0 0.0 0.0 0.0 0.0 0.0
1186 2020.06201171875 1447.8388671875 104.11443917161773 0.0 0.0 0.0 0.0 0.0 0.0 0.0
1199 2044.1363525390625 1495.9876708984375 112.51497023687858 0.0 0.0 0.0 0.0 0.0 0.0 0.0
1201 2068.2108154296875 1532.09912109375 117.35508852089036 0.0 0.0 0.0 0.0 0.0 0.0 0.0
1212 2104.3221435546875 1560.1859130859375 118.68030078161988 0.0 0.0 0.0 0.0 0.0 0.0 0.0
1214 2128.3966064453125 1584.26025390625 120.45272030246353 0.0 0.0 0.0 0.0 0.0 0.0 0.0
1227 2172.5328369140625 1628.3966064453125 123.01537771289429 0.0 0.0 0.0 0.0 0.0 0.0 0.0
1232 2192.5948486328125 1640.433837890625 122.58814058702691 0.0 0.0 0.0 0.0 0.0 0.0 0.0
1246 2228.7064208984375 1656.4833984375 120.94703194378039 0.0 0.0 0.0 0.0 0.0 0.0 0.0
1260 2244.7559814453125 1660.4957275390625 119.654204366351 0.0 0.0 0.0 0.0 0.0 0.0 0.0
1276 2260.8055419921875 1632.4090576171875 111.56207867768424 0.0 0.0 0.0 0.0 0.0 0.0 0.0
1285 2272.8428955078125 1608.334716796875 104.88904249303779 0.0 0.0 0.0 0.0 0.0 0.0 0.0
1296 2284.8800048828125 1580.2479248046875 97.41546073110372 0.0 0.0 0.0 0.0 0.0 0.0 0.0
1300 2288.8924560546875 1552.1611328125 90.31923938744448 0.0 0.0 0.0 0.0 0.0 0.0 0.0
1311 2296.9171142578125 1516.049560546875 81.49454498200731 0.0 0.0 0.0 0.0 0.0 0.0 0.0
1315 2304.9420166015625 1479.9381103515625 73.19199573403466 0.0 0.0 0.0 0.0 0.0 0.0 0.0
1326 2308.9542236328125 1451.851318359375 66.9408868791117 0.0 0.0 0.0 0.0 0.0 0.0 0.0
1330 2316.9791259765625 1411.7274169921875 59.031144743786115 0.0 0.0 0.0 0.0 0.0 0.0 0.0
1341 2320.9915771484375 1379.628173828125 52.96022306088029 0.0 0.0 0.0 0.0 0.0 0.0 0.0
1350 2320.9915771484375 1343.5167236328125 46.147213724822805 0.0 0.0 0.0 0.0 0.0 0.0 0.0
1361 2320.9915771484375 1323.4547119140625 42.58235608758953 0.0 0.0 0.0 0.0 0.0 0.0 0.0
1362 2320.9915771484375 1295.367919921875 38.00222388637749 0.0 0.0 0.0 0.0 0.0 0.0 0.0
1377 2320.9915771484375 1259.25634765625 32.764452489579796 0.0 0.0 0.0 0.0 0.0 0.0 0.0
1392 2316.9791259765625 1239.1944580078125 29.258504654259212 0.0 0.0 0.0 0.0 0.0 0.0 0.0
1405 2304.9420166015625 1211.107666015625 23.452801340447103 0.0 0.0 0.0 0.0 0.0 0.0 0.0
1419 2296.9171142578125 1203.0828857421875 20.8089532479283 0.0 0.0 0.0 0.0 0.0 0.0 0.0
1423 2288.8924560546875 1179.008544921875 16.901318092572083 0.0 0.0 0.0 0.0 0.0 0.0 0.0
1434 2280.8675537109375 1162.9589233398438 13.836396626137855 0.0 0.0 0.0 0.0 0.0 0.0 0.0
1436 2268.8304443359375 1150.9217529296875 10.225938337853549 0.0 0.0 0.0 0.0 0.0 0.0 0.0
1449 2256.7933349609375 1138.8845825195312 6.759817228150382 0.0 0.0 0.0 0.0 0.0 0.0 0.0
1450 2244.7559814453125 1126.847412109375 3.4436234046741845 0.0 0.0 0.0 0.0 0.0 0.0 0.0
1463 2228.7064208984375 1114.8102416992188 359.32254590312635 0.0 0.0 0.0 0.0 0.0 0.0 0.0
1470 2216.6693115234375 1106.7854614257812 356.34471251167633 0.0 0.0 0.0 0.0 0.0 0.0 0.0
1475 2188.5823974609375 1094.7482299804688 349.76010918838824 0.0 0.0 0.0 0.0 0.0 0.0 0.0
1494 2132.4090576171875 1078.6986694335938 337.77447473598943 0.0 0.0 0.0 0.0 0.0 0.0 0.0
1498 2104.3221435546875 1070.6738891601562 332.2542350374249 0.0 0.0 0.0 0.0 0.0 0.0 0.0
1503 2060.1859130859375 1058.63671875 324.58001117489664 0.0 0.0 0.0 0.0 0.0 0.0 0.0
1514 2016.049560546875 1054.6243286132812 316.8184785187807 0.0 0.0 0.0 0.0 0.0 0.0 0.0
1518 1967.90087890625 1050.6119384765625 309.46964340280135 0.0 0.0 0.0 0.0 0.0 0.0 0.0
1529 1919.7520751953125 1042.587158203125 303.90864392636195 0.0 0.0 0.0 0.0 0.0 0.0 0.0
1548 1807.4051513671875 1034.5623168945312 293.3573513024012 0.0 0.0 0.0 0.0 0.0 0.0 0.0
1559 1699.0704345703125 1034.5623168945312 285.0979449307357 0.0 0.0 0.0 0.0 0.0 0.0 0.0
1573 1622.8349609375 1038.57470703125 279.9681757165572 0.0 0.0 0.0 0.0 0.0 0.0 0.0
1581 1610.7978515625 1038.57470703125 279.3462146052706 0.0 0.0 0.0 0.0 0.0 0.0 0.0
1595 1590.73583984375 1066.6614990234375 271.91826475477785 0.0 0.0 0.0 0.0 0.0 0.0 0.0
1606 1578.6986083984375 1094.7482299804688 264.9999678898371 0.0 0.0 0.0 0.0 0.0 0.0 0.0
1622 1554.624267578125 1158.946533203125 251.12411922094415 0.0 0.0 0.0 0.0 0.0 0.0 0.0
1634 1534.5623779296875 1243.2068481445312 235.64414261862063 0.0 0.0 0.0 0.0 0.0 0.0 0.0
1645 1526.5374755859375 1283.330810546875 229.005559911918 0.0 0.0 0.0 0.0 0.0 0.0 0.0
1647 1526.5374755859375 1323.4547119140625 221.94225694105324 0.0 0.0 0.0 0.0 0.0 0.0 0.0
1661 1526.5374755859375 1355.5538330078125 216.8324279617472 0.0 0.0 0.0 0.0 0.0 0.0 0.0
1673 1534.5623779296875 1431.789306640625 205.89862510514567 0.0 0.0 0.0 0.0 0.0 0.0 0.0
1685 1538.57470703125 1467.90087890625 201.31360834623968 0.0 0.0 0.0 0.0 0.0 0.0 0.0
1687 1550.6119384765625 1504.012451171875 195.61734167550256 0.0 0.0 0.0 0.0 0.0 0.0 0.0
1701 1566.6614990234375 1544.1363525390625 189.56428696385606 0.0 0.0 0.0 0.0 0.0 0.0 0.0
1713 1586.723388671875 1580.2479248046875 183.58800050960687 0.0 0.0 0.0 0.0 0.0 0.0 0.0
1714 1610.7978515625 1612.3470458984375 177.5329674001955 0.0 0.0 0.0 0.0 0.0 0.0 0.0
1727 1638.884521484375 1648.4586181640625 171.46571193513162 0.0 0.0 0.0 0.0 0.0 0.0 0.0
1738 1711.107666015625 1716.6693115234375 159.44850746782592 0.0 0.0 0.0 0.0 0.0 0.0 0.0
1753 1807.4051513671875 1772.8427734375 146.06021205085457 0.0 0.0 0.0 0.0 0.0 0.0 0.0
1765 1903.7025146484375 1816.9791259765625 135.46245880435964 0.0 0.0 0.0 0.0 0.0 0.0 0.0
1778 1951.851318359375 1825.00390625 128.95867469532413 0.0 0.0 0.0 0.0 0.0 0.0 0.0
1780 1991.9752197265625 1837.0411376953125 125.18746102164837 0.0 0.0 0.0 0.0 0.0 0.0 0.0
1793 2040.1239013671875 1849.0782470703125 121.02432238271695 0.0 0.0 0.0 0.0 0.0 0.0 0.0
1794 2068.2108154296875 1849.0782470703125 117.49809166020829 0.0 0.0 0.0 0.0 0.0 0.0 0.0
1805 2100.3099365234375 1849.0782470703125 113.91164862565148 0.0 0.0 0.0 0.0 0.0 0.0 0.0
1821 2156.4832763671875 1841.053466796875 107.23906800057368 0.0 0.0 0.0 0.0 0.0 0.0 0.0
1835 2196.6072998046875 1829.016357421875 101.81481927943749 0.0 0.0 0.0 0.0 0.0 0.0 0.0
1849 2224.6939697265625 1808.954345703125 95.80769142841979 0.0 0.0 0.0 0.0 0.0 0.0 0.0
1865 2248.7684326171875 1776.855224609375 87.71104368080385 0.0 0.0 0.0 0.0 0.0 0.0 0.0
1878 2268.8304443359375 1752.7808837890625 82.15960752494482 0.0 0.0 0.0 0.0 0.0 0.0 0.0
1879 2280.8675537109375 1728.7064208984375 76.78242536151264 0.0 0.0 0.0 0.0 0.0 0.0 0.0
1893 2292.9046630859375 1704.632080078125 71.78278294116747 0.0 0.0 0.0 0.0 0.0 0.0 0.0
1897 2304.9420166015625 1676.54541015625 66.29949377197747 0.0 0.0 0.0 0.0 0.0 0.0 0.0
1907 2304.9420166015625 1636.42138671875 57.550749247281225 0.0 0.0 0.0 0.0 0.0 0.0 0.0
1921 2329.0162353515625 1548.1488037109375 45.15347595194665 0.0 0.0 0.0 0.0 0.0 0.0 0.0
1927 2333.0286865234375 1504.012451171875 38.616608005664375 0.0 0.0 0.0 0.0 0.0 0.0 0.0
1938 2337.0411376953125 1459.8760986328125 32.99623892289535 0.0 0.0 0.0 0.0 0.0 0.0 0.0
1940 2337.0411376953125 1419.752197265625 27.89506523834808 0.0 0.0 0.0 0.0 0.0 0.0 0.0
1967 2312.9666748046875 1267.2811279296875 12.160776409395822 0.0 0.0 0.0 0.0 0.0 0.0 0.0
1972 2292.9046630859375 1219.1324462890625 5.482254470327689 0.0 0.0 0.0 0.0 0.0 0.0 0.0
1983 2264.8179931640625 1170.9837036132812 358.2563694435655 0.0 0.0 0.0 0.0 0.0 0.0 0.0
1986 2236.7313232421875 1126.847412109375 352.24069017350575 0.0 0.0 0.0 0.0 0.0 0.0 0.0
1993 2216.6693115234375 1090.73583984375 348.653853112368 0.0 0.0 0.0 0.0 0.0 0.0 0.0
2003 2196.6072998046875 1062.6491088867188 345.22839547403737 0.0 0.0 0.0 0.0 0.0 0.0 0.0
2019 2180.5577392578125 1042.587158203125 342.6257964626641 0.0 0.0 0.0 0.0 0.0 0.0 0.0
2022 2176.5452880859375 1042.587158203125 341.65840240708917 0.0 0.0 0.0 0.0 0.0 0.0 0.0
2042 2172.5328369140625 1042.587158203125 340.69576741920525 0.0 0.0 0.0 0.0 0.0 0.0 0.0
2044 2168.5206298828125 1042.587158203125 339.7381862467837 0.0 0.0 0.0 0.0 0.0 0.0 0.0
2061 2156.4832763671875 1042.587158203125 336.9128774922041 0.0 0.0 0.0 0.0 0.0 0.0 0.0
2074 2144.4461669921875 1042.587158203125 334.1421208488455 0.0 0.0 0.0 0.0 0.0 0.0 0.0
2076 2136.4215087890625 1050.6119384765625 331.4530188081402 0.0 0.0 0.0 0.0 0.0 0.0 0.0
2089 2120.3717041015625 1054.6243286132812 327.46456745128523 0.0 0.0 0.0 0.0 0.0 0.0 0.0
2091 2104.3221435546875 1062.6491088867188 323.00699976285443 0.0 0.0 0.0 0.0 0.0 0.0 0.0
2107 2080.2479248046875 1078.6986694335938 315.8089454854696 0.0 0.0 0.0 0.0 0.0 0.0 0.0
2108 2064.1983642578125 1090.73583984375 310.84892780948746 0.0 0.0 0.0 0.0 0.0 0.0 0.0
2122 2004.012451171875 1126.847412109375 295.58054512744843 0.0 0.0 0.0 0.0 0.0 0.0 0.0
2135 1971.9132080078125 1150.9217529296875 287.1596326803307 0.0 0.0 0.0 0.0 0.0 0.0 0.0
2137 1935.8017578125 1191.0457153320312 275.8226757419045 0.0 0.0 0.0 0.0 0.0 0.0 0.0
2149 1915.73974609375 1215.1200561523438 269.5947454616862 0.0 0.0 0.0 0.0 0.0 0.0 0.0
2161 1887.6529541015625 1263.268798828125 258.6793279587589 0.0 0.0 0.0 0.0 0.0 0.0 0.0
2164 1859.566162109375 1299.38037109375 251.84202272055475 0.0 0.0 0.0 0.0 0.0 0.0 0.0
2177 1847.529052734375 1327.467041015625 246.35364682822944 0.0 0.0 0.0 0.0 0.0 0.0 0.0
2178 1835.4918212890625 1363.57861328125 239.73207848375782 0.0 0.0 0.0 0.0 0.0 0.0 0.0
2190 1823.4547119140625 1395.677734375 234.60403977225755 0.0 0.0 0.0 0.0 0.0 0.0 0.0
2203 1815.429931640625 1435.8017578125 228.09184622412545 0.0 0.0 0.0 0.0 0.0 0.0 0.0
2215 1811.41748046875 1451.851318359375 225.75701197969175 0.0 0.0 0.0 0.0 0.0 0.0 0.0
2219 1807.4051513671875 1467.90087890625 223.5555617116932 0.0 0.0 0.0 0.0 0.0 0.0 0.0
2231 1807.4051513671875 1483.950439453125 220.794347395909 0.0 0.0 0.0 0.0 0.0 0.0 0.0
2233 1807.4051513671875 1491.9752197265625 219.4488524234838 0.0 0.0 0.0 0.0 0.0 0.0 0.0
2245 1807.4051513671875 1504.012451171875 217.5075020879633 0.0 0.0 0.0 0.0 0.0 0.0 0.0
2250 1807.4051513671875 1520.06201171875 215.05295847222803 0.0 0.0 0.0 0.0 0.0 0.0 0.0
2260 1815.429931640625 1532.09912109375 211.692072991804 0.0 0.0 0.0 0.0 0.0 0.0 0.0
2265 1823.4547119140625 1544.1363525390625 208.41462078581 0.0 0.0 0.0 0.0 0.0 0.0 0.0
2277 1835.4918212890625 1560.1859130859375 203.9181419190447 0.0 0.0 0.0 0.0 0.0 0.0 0.0
2278 1847.529052734375 1572.22314453125 199.9740123307453 0.0 0.0 0.0 0.0 0.0 0.0 0.0
2292 1855.5538330078125 1580.2479248046875 197.39734608805773 0.0 0.0 0.0 0.0 0.0 0.0 0.0
2295 1867.591064453125 1584.26025390625 194.21826384223365 0.0 0.0 0.0 0.0 0.0 0.0 0.0
2309 1887.6529541015625 1592.2850341796875 188.8855797286361 0.0 0.0 0.0 0.0 0.0 0.0 0.0
2323 1907.7149658203125 1592.2850341796875 183.88485182128537 0.0 0.0 0.0 0.0 0.0 0.0 0.0
2345 1915.73974609375 1588.272705078125 181.95943181681062 0.0 0.0 0.0 0.0 0.0 0.0 0.0
2353 1923.7645263671875 1584.26025390625 179.9953422958911 0.0 0.0 0.0 0.0 0.0 0.0 0.0
2366 1943.8265380859375 1568.210693359375 174.78062286456705 0.0 0.0 0.0 0.0 0.0 0.0 0.0
2379 1967.90087890625 1556.173583984375 168.33433834828944 0.0 0.0 0.0 0.0 0.0 0.0 0.0
2392 1983.950439453125 1552.1611328125 164.18648563500957 0.0 0.0 0.0 0.0 0.0 0.0 0.0
2393 1991.9752197265625 1548.1488037109375 161.9802600863845 0.0 0.0 0.0 0.0 0.0 0.0 0.0
2409 2004.012451171875 1548.1488037109375 159.11635902762882 0.0 0.0 0.0 0.0 0.0 0.0 0.0
2410 2016.049560546875 1544.1363525390625 155.94052826640333 0.0 0.0 0.0 0.0 0.0 0.0 0.0
2425 2032.09912109375 1540.1240234375 151.8761601905156 0.0 0.0 0.0 0.0 0.0 0.0 0.0
2438 2044.1363525390625 1536.111572265625 148.74667544072742 0.0 0.0 0.0 0.0 0.0 0.0 0.0
2440 2056.1734619140625 1532.09912109375 145.65239541442716 0.0 0.0 0.0 0.0 0.0 0.0 0.0
2455 2064.1983642578125 1528.0867919921875 143.42309245050814 0.0 0.0 0.0 0.0 0.0 0.0 0.0
2456 2076.2354736328125 1520.06201171875 139.8049513157049 0.0 0.0 0.0 0.0 0.0 0.0 0.0
2470 2088.2725830078125 1512.0372314453125 136.2096222090774 0.0 0.0 0.0 0.0 0.0 0.0 0.0
2475 2100.3099365234375 1504.012451171875 132.65079711675762 0.0 0.0 0.0 0.0 0.0 0.0 0.0
2479 2116.3594970703125 1491.9752197265625 127.74419348006481 0.0 0.0 0.0 0.0 0.0 0.0 0.0
2494 2128.3966064453125 1483.950439453125 124.32423267284813 0.0 0.0 0.0 0.0 0.0 0.0 0.0
2496 2144.4461669921875 1471.913330078125 119.62513987379677 0.0 0.0 0.0 0.0 0.0 0.0 0.0
2509 2176.5452880859375 1455.8636474609375 112.55375956275134 0.0 0.0 0.0 0.0 0.0 0.0 0.0
2526 2188.5823974609375 1447.8388671875 109.55474217636348 0.0 0.0 0.0 0.0 0.0 0.0 0.0
2540 2192.5948486328125 1447.8388671875 109.18243369367181 0.0 0.0 0.0 0.0 0.0 0.0 0.0
2559 2200.6197509765625 1443.8265380859375 107.54721891377638 0.0 0.0 0.0 0.0 0.0 0.0 0.0
2575 2204.6322021484375 1443.8265380859375 107.20730202233108 0.0 0.0 0.0 0.0 0.0 0.0 0.0
2588 2212.6568603515625 1443.8265380859375 106.54927012772683 0.0 0.0 0.0 0.0 0.0 0.0 0.0
2591 2220.6817626953125 1443.8265380859375 105.91237486293974 0.0 0.0 0.0 0.0 0.0 0.0 0.0
2604 2248.7684326171875 1431.789306640625 101.29490558293745 0.0 0.0 0.0 0.0 0.0 0.0 0.0
2610 2260.8055419921875 1423.7645263671875 98.73224038517887 0.0 0.0 0.0 0.0 0.0 0.0 0.0
2623 2268.8304443359375 1415.73974609375 96.43178601317692 0.0 0.0 0.0 0.0 0.0 0.0 0.0
2626 2276.8551025390625 1403.70263671875 93.22724274057917 0.0 0.0 0.0 0.0 0.0 0.0 0.0
2639 2276.8551025390625 1387.6529541015625 89.20493622164271 0.0 0.0 0.0 0.0 0.0 0.0 0.0
2643 2280.8675537109375 1371.6033935546875 85.22285174978462 0.0 0.0 0.0 0.0 0.0 0.0 0.0
2653 2280.8675537109375 1351.54150390625 80.2302427917998 0.0 0.0 0.0 0.0 0.0 0.0 0.0
2666 2280.8675537109375 1339.5042724609375 77.26074747431001 0.0 0.0 0.0 0.0 0.0 0.0 0.0
2668 2280.8675537109375 1311.41748046875 70.51362788719351 0.0 0.0 0.0 0.0 0.0 0.0 0.0
2683 2260.8055419921875 1247.21923828125 54.091820956020534 0.0 0.0 0.0 0.0 0.0 0.0 0.0
2697 2244.7559814453125 1207.0952758789062 43.977662364313396 0.0 0.0 0.0 0.0 0.0 0.0 0.0
2698 2220.6817626953125 1158.946533203125 32.07454990072333 0.0 0.0 0.0 0.0 0.0 0.0 0.0
2706 2196.6072998046875 1114.8102416992188 21.947727265101605 0.0 0.0 0.0 0.0 0.0 0.0 0.0
2720 2160.4957275390625 1070.6738891601562 10.55365118542585 0.0 0.0 0.0 0.0 0.0 0.0 0.0
2721 2124.3841552734375 1026.5375366210938 0.8238890357620505 0.0 0.0 0.0 0.0 0.0 0.0 0.0
2726 2088.2725830078125 994.4384155273438 352.4775952951967 0.0 0.0 0.0 0.0 0.0 0.0 0.0
2743 2012.0372314453125 930.2401123046875 339.2411447859878 0.0 0.0 0.0 0.0 0.0 0.0 0.0
2760 1959.8760986328125 898.1409301757812 331.07679214582026 0.0 0.0 0.0 0.0 0.0 0.0 0.0
2775 1939.8140869140625 890.1161499023438 327.7078163748231 0.0 0.0 0.0 0.0 0.0 0.0 0.0
2777 1935.8017578125 886.103759765625 327.3423614943016 0.0 0.0 0.0 0.0 0.0 0.0 0.0
2788 1927.7769775390625 886.103759765625 325.63368530751677 0.0 0.0 0.0 0.0 0.0 0.0 0.0
2801 1919.7520751953125 886.103759765625 323.9567079623656 0.0 0.0 0.0 0.0 0.0 0.0 0.0
2815 1911.727294921875 886.103759765625 322.3122670947507 0.0 0.0 0.0 0.0 0.0 0.0 0.0
2830 1895.677734375 886.103759765625 319.15472837956736 0.0 0.0 0.0 0.0 0.0 0.0 0.0
2846 1859.566162109375 886.103759765625 312.71394615852057 0.0 0.0 0.0 0.0 0.0 0.0 0.0
2860 1795.367919921875 898.1409301757812 301.19368667438073 0.0 0.0 0.0 0.0 0.0 0.0 0.0
2873 1755.2440185546875 918.2029418945312 292.3650424387872 0.0 0.0 0.0 0.0 0.0 0.0 0.0
2885 1674.99609375 966.3516235351562 276.9598886534143 0.0 0.0 0.0 0.0 0.0 0.0 0.0
2898 1614.8101806640625 994.4384155273438 269.3927689568476 0.0 0.0 0.0 0.0 0.0 0.0 0.0
2899 1574.686279296875 1018.5127563476562 263.9730698354052 0.0 0.0 0.0 0.0 0.0 0.0 0.0
2903 1534.5623779296875 1042.587158203125 259.40247412707936 0.0 0.0 0.0 0.0 0.0 0.0 0.0
2914 1502.463134765625 1082.7110595703125 251.8587599212035 0.0 0.0 0.0 0.0 0.0 0.0 0.0
2927 1442.2772216796875 1154.9341430664062 241.96276532775948 0.0 0.0 0.0 0.0 0.0 0.0 0.0
2939 1426.2276611328125 1199.0704956054688 234.80202382538346 0.0 0.0 0.0 0.0 0.0 0.0 0.0
2945 1410.1781005859375 1247.21923828125 228.0214496474418 0.0 0.0 0.0 0.0 0.0 0.0 0.0
2955 1406.165771484375 1291.3555908203125 221.09887696405517 0.0 0.0 0.0 0.0 0.0 0.0 0.0
2958 1406.165771484375 1347.529052734375 212.90631801271311 0.0 0.0 0.0 0.0 0.0 0.0 0.0
2972 1406.165771484375 1391.6654052734375 207.37982114971786 0.0 0.0 0.0 0.0 0.0 0.0 0.0
2973 1410.1781005859375 1435.8017578125 201.88177726187374 0.0 0.0 0.0 0.0 0.0 0.0 0.0
2978 1426.2276611328125 1475.9256591796875 194.99963216043184 0.0 0.0 0.0 0.0 0.0 0.0 0.0
2992 1430.2401123046875 1504.012451171875 192.2307749072981 0.0 0.0 0.0 0.0 0.0 0.0 0.0
2995 1442.2772216796875 1528.0867919921875 188.14427958804526 0.0 0.0 0.0 0.0 0.0 0.0 0.0
3010 1486.41357421875 1564.1983642578125 177.07648220301715 0.0 0.0 0.0 0.0 0.0 0.0 0.0
3023 1510.4879150390625 1580.2479248046875 171.4862584079351 0.0 0.0 0.0 0.0 0.0 0.0 0.0
3025 1546.5994873046875 1588.272705078125 163.18422243765897 0.0 0.0 0.0 0.0 0.0 0.0 0.0
3037 1586.723388671875 1600.309814453125 155.0153849459355 0.0 0.0 0.0 0.0 0.0 0.0 0.0
3049 1618.8226318359375 1600.309814453125 147.9951221417546 0.0 0.0 0.0 0.0 0.0 0.0 0.0
3050 1666.9713134765625 1604.322265625 139.1197608331079 0.0 0.0 0.0 0.0 0.0 0.0 0.0
3063 1707.09521484375 1604.322265625 132.04369283452442 0.0 0.0 0.0 0.0 0.0 0.0 0.0
3075 1755.2440185546875 1604.322265625 124.7182874860201 0.0 0.0 0.0 0.0 0.0 0.0 0.0
3077 1803.3927001953125 1604.322265625 118.48580612374711 0.0 0.0 0.0 0.0 0.0 0.0 0.0
3081 1847.529052734375 1596.2974853515625 112.04169820692196 0.0 0.0 0.0 0.0 0.0 0.0 0.0
3094 1895.677734375 1596.2974853515625 107.83505694948057 0.0 0.0 0.0 0.0 0.0 0.0 0.0
3096 1923.7645263671875 1596.2974853515625 105.6375533867156 0.0 0.0 0.0 0.0 0.0 0.0 0.0
3109 1943.8265380859375 1588.272705078125 102.39664914997964 0.0 0.0 0.0 0.0 0.0 0.0 0.0
3121 1955.8636474609375 1580.2479248046875 99.78716254266033 0.0 0.0 0.0 0.0 0.0 0.0 0.0
3134 1963.888427734375 1564.1983642578125 95.51980370700913 0.0 0.0 0.0 0.0 0.0 0.0 0.0
3135 1967.90087890625 1548.1488037109375 91.43526814343251 0.0 0.0 0.0 0.0 0.0 0.0 0.0
3140 1975.9256591796875 1520.06201171875 84.49455119634563 0.0 0.0 0.0 0.0 0.0 0.0 0.0
3153 1979.93798828125 1483.950439453125 75.80319916790167 0.0 0.0 0.0 0.0 0.0 0.0 0.0
3155 1979.93798828125 1443.8265380859375 66.3802861711161 0.0 0.0 0.0 0.0 0.0 0.0 0.0
3168 1979.93798828125 1387.6529541015625 54.48669085017112 0.0 0.0 0.0 0.0 0.0 0.0 0.0
3181 1979.93798828125 1323.4547119140625 42.93828198288983 0.0 0.0 0.0 0.0 0.0 0.0 0.0
3192 1971.9132080078125 1283.330810546875 35.17325214739258 0.0 0.0 0.0 0.0 0.0 0.0 0.0
3197 1971.9132080078125 1243.2068481445312 29.787499990976286 0.0 0.0 0.0 0.0 0.0 0.0 0.0
3210 1963.888427734375 1203.0828857421875 23.547009756603515 0.0 0.0 0.0 0.0 0.0 0.0 0.0
3221 1959.8760986328125 1166.9713134765625 19.249225443236185 0.0 0.0 0.0 0.0 0.0 0.0 0.0
3223 1955.8636474609375 1146.9093627929688 16.64598011113239 0.0 0.0 0.0 0.0 0.0 0.0 0.0
3237 1951.851318359375 1130.8598022460938 14.504866406863442 0.0 0.0 0.0 0.0 0.0 0.0 0.0
3238 1947.8388671875 1126.847412109375 13.26358709377243 0.0 0.0 0.0 0.0 0.0 0.0 0.0
3267 1943.8265380859375 1126.847412109375 12.291889382526406 0.0 0.0 0.0 0.0 0.0 0.0 0.0
3307 1939.8140869140625 1126.847412109375 11.315915974926796 0.0 0.0 0.0 0.0 0.0 0.0 0.0
3312 1935.8017578125 1126.847412109375 10.336016037373568 0.0 0.0 0.0 0.0 0.0 0.0 0.0
3325 1931.789306640625 1126.847412109375 9.352363852267558 0.0 0.0 0.0 0.0 0.0 0.0 0.0
3329 1927.7769775390625 1130.8598022460938 8.559801732482796 0.0 0.0 0.0 0.0 0.0 0.0 0.0
3340 1919.7520751953125 1134.8721923828125 6.737745970491105 0.0 0.0 0.0 0.0 0.0 0.0 0.0
3341 1911.727294921875 1142.89697265625 5.009226407024613 0.0 0.0 0.0 0.0 0.0 0.0 0.0
3360 1903.7025146484375 1146.9093627929688 3.1074555941292488 0.0 0.0 0.0 0.0 0.0 0.0 0.0
3365 1891.6654052734375 1154.9341430664062 0.1903510358773559 0.0 0.0 0.0 0.0 0.0 0.0 0.0
3375 1883.640625 1166.9713134765625 358.22058592863476 0.0 0.0 0.0 0.0 0.0 0.0 0.0
3379 1883.640625 1174.9961547851562 358.2488157228603 0.0 0.0 0.0 0.0 0.0 0.0 0.0
3390 1879.628173828125 1179.008544921875 357.23995282957515 0.0 0.0 0.0 0.0 0.0 0.0 0.0
3395 1879.628173828125 1187.0333251953125 357.23251821922634 0.0 0.0 0.0 0.0 0.0 0.0 0.0
3406 1879.628173828125 1195.05810546875 357.2248164753911 0.0 0.0 0.0 0.0 0.0 0.0 0.0
3407 1879.628173828125 1203.0828857421875 357.21682948582213 0.0 0.0 0.0 0.0 0.0 0.0 0.0
3420 1879.628173828125 1211.107666015625 357.2085572512875 0.0 0.0 0.0 0.0 0.0 0.0 0.0
3425 1879.628173828125 1215.1200561523438 357.2043612358689 0.0 0.0 0.0 0.0 0.0 0.0 0.0
3427 1879.628173828125 1219.1324462890625 357.20009664859526 0.0 0.0 0.0 0.0 0.0 0.0 0.0
3439 1879.628173828125 1223.1448364257812 357.1957386780782 0.0 0.0 0.0 0.0 0.0 0.0 0.0
3444 1879.628173828125 1227.1572265625 357.1912871870519 0.0 0.0 0.0 0.0 0.0 0.0 0.0
3455 1879.628173828125 1231.1696166992188 357.18677357593026 0.0 0.0 0.0 0.0 0.0 0.0 0.0
3467 1879.628173828125 1235.1820068359375 357.1821665819907 0.0 0.0 0.0 0.0 0.0 0.0 0.0
3469 1879.628173828125 1239.1944580078125 357.17746613295503 0.0 0.0 0.0 0.0 0.0 0.0 0.0
3485 1879.628173828125 1243.2068481445312 357.1727035004834 0.0 0.0 0.0 0.0 0.0 0.0 0.0
3496 1879.628173828125 1247.21923828125 357.16784748573343 0.0 0.0 0.0 0.0 0.0 0.0 0.0
3509 1879.628173828125 1251.2316284179688 357.16289808892554 0.0 0.0 0.0 0.0 0.0 0.0 0.0
3525 1879.628173828125 1255.2440185546875 357.1578864380713 0.0 0.0 0.0 0.0 0.0 0.0 0.0
3528 1875.6158447265625 1259.25634765625 356.1298443878968 0.0 0.0 0.0 0.0 0.0 0.0 0.0
3541 1867.591064453125 1263.268798828125 354.0631896625846 0.0 0.0 0.0 0.0 0.0 0.0 0.0
3545 1859.566162109375 1275.3060302734375 351.7634869960609 0.0 0.0 0.0 0.0 0.0 0.0 0.0
3558 1851.5413818359375 1287.3431396484375 349.3476536205768 0.0 0.0 0.0 0.0 0.0 0.0 0.0
3572 1831.4794921875 1319.4422607421875 342.3880582349324 0.0 0.0 0.0 0.0 0.0 0.0 0.0
3575 1823.4547119140625 1339.5042724609375 338.8798874971709 0.0 0.0 0.0 0.0 0.0 0.0 0.0
3579 1815.429931640625 1367.591064453125 334.2562246457185 0.0 0.0 0.0 0.0 0.0 0.0 0.0
3590 1803.3927001953125 1399.690185546875 327.62628353135085 0.0 0.0 0.0 0.0 0.0 0.0 0.0
3603 1799.38037109375 1431.789306640625 322.1513290350546 0.0 0.0 0.0 0.0 0.0 0.0 0.0
3605 1791.35546875 1475.9256591796875 312.9251729686756 0.0 0.0 0.0 0.0 0.0 0.0 0.0
3618 1783.3306884765625 1508.0247802734375 305.32092455953523 0.0 0.0 0.0 0.0 0.0 0.0 0.0
3620 1779.318359375 1544.1363525390625 296.9203044817101 0.0 0.0 0.0 0.0 0.0 0.0 0.0
3624 1779.318359375 1564.1983642578125 292.3570864885372 0.0 0.0 0.0 0.0 0.0 0.0 0.0
3638 1775.305908203125 1576.2354736328125 289.18197823224637 0.0 0.0 0.0 0.0 0.0 0.0 0.0
3639 1775.305908203125 1580.2479248046875 288.2422182090361 0.0 0.0 0.0 0.0 0.0 0.0 0.0
3653 1775.305908203125 1588.272705078125 286.3397896229153 0.0 0.0 0.0 0.0 0.0 0.0 0.0
3657 1775.305908203125 1592.2850341796875 285.38341765309826 0.0 0.0 0.0 0.0 0.0 0.0 0.0
3685 1775.305908203125 1596.2974853515625 284.4219611689788 0.0 0.0 0.0 0.0 0.0 0.0 0.0
3725 1771.2935791015625 1596.2974853515625 284.1332989341561 0.0 0.0 0.0 0.0 0.0 0.0 0.0
3735 1763.268798828125 1596.2974853515625 283.57473788511686 0.0 0.0 0.0 0.0 0.0 0.0 0.0
3745 1755.2440185546875 1596.2974853515625 283.0344210832676 0.0 0.0 0.0 0.0 0.0 0.0 0.0
3752 1735.1820068359375 1596.2974853515625 281.7890743460147 0.0 0.0 0.0 0.0 0.0 0.0 0.0
3762 1707.09521484375 1600.309814453125 279.3527632287488 0.0 0.0 0.0 0.0 0.0 0.0 0.0
3767 1679.008544921875 1604.322265625 277.1724539156928 0.0 0.0 0.0 0.0 0.0 0.0 0.0
3780 1662.958984375 1608.334716796875 275.6063513665191 0.0 0.0 0.0 0.0 0.0 0.0 0.0
3781 1650.9217529296875 1612.3470458984375 274.250715553654 0.0 0.0 0.0 0.0 0.0 0.0 0.0
3795 1646.9093017578125 1620.371826171875 272.16391560764407 0.0 0.0 0.0 0.0 0.0 0.0 0.0
3797 1646.9093017578125 1648.4586181640625 265.1154307473074 0.0 0.0 0.0 0.0 0.0 0.0 0.0
3810 1646.9093017578125 1676.54541015625 258.1540586506105 0.0 0.0 0.0 0.0 0.0 0.0 0.0
3811 1650.9217529296875 1708.64453125 250.15100180183757 0.0 0.0 0.0 0.0 0.0 0.0 0.0
3825 1666.9713134765625 1776.855224609375 233.4961992412805 0.0 0.0 0.0 0.0 0.0 0.0 0.0
3838 1687.0333251953125 1841.053466796875 218.92143122599558 0.0 0.0 0.0 0.0 0.0 0.0 0.0
3850 1707.09521484375 1873.1527099609375 210.30373535147342 0.0 0.0 0.0 0.0 0.0 0.0 0.0
3851 1731.169677734375 1901.2393798828125 201.8720060714164 0.0 0.0 0.0 0.0 0.0 0.0 0.0
3864 1771.2935791015625 1933.338623046875 190.21092857259117 0.0 0.0 0.0 0.0 0.0 0.0 0.0
3875 1799.38037109375 1965.437744140625 182.47306135604188 0.0 0.0 0.0 0.0 0.0 0.0 0.0
3877 1835.4918212890625 1985.4996337890625 173.73628175459837 0.0 0.0 0.0 0.0 0.0 0.0 0.0
3889 1867.591064453125 2005.5616455078125 166.74962645587576 0.0 0.0 0.0 0.0 0.0 0.0 0.0
3901 1891.6654052734375 2013.58642578125 161.49553773348157 0.0 0.0 0.0 0.0 0.0 0.0 0.0
3903 1899.690185546875 2021.6112060546875 160.17256195348986 0.0 0.0 0.0 0.0 0.0 0.0 0.0
3907 1911.727294921875 2029.635986328125 157.99777324696592 0.0 0.0 0.0 0.0 0.0 0.0 0.0
3920 1923.7645263671875 2025.6236572265625 154.82583025016868 0.0 0.0 0.0 0.0 0.0 0.0 0.0
3922 1947.8388671875 2001.54931640625 146.52350223062516 0.0 0.0 0.0 0.0 0.0 0.0 0.0
3933 1971.9132080078125 1969.4500732421875 136.65486848348604 0.0 0.0 0.0 0.0 0.0 0.0 0.0
3937 2024.0743408203125 1925.313720703125 120.06623956140096 0.0 0.0 0.0 0.0 0.0 0.0 0.0
3949 2068.2108154296875 1881.177490234375 105.93040248352324 0.0 0.0 0.0 0.0 0.0 0.0 0.0
3961 2128.3966064453125 1820.9915771484375 89.99199979060245 0.0 0.0 0.0 0.0 0.0 0.0 0.0
3963 2248.7684326171875 1692.594970703125 68.72175274606104 0.0 0.0 0.0 0.0 0.0 0.0 0.0
3973 2292.9046630859375 1648.4586181640625 63.17720124171741 0.0 0.0 0.0 0.0 0.0 0.0 0.0
3976 2325.0040283203125 1596.2974853515625 56.16636884734771 0.0 0.0 0.0 0.0 0.0 0.0 0.0
3993 2369.1402587890625 1479.9381103515625 42.98722340251628 0.0 0.0 0.0 0.0 0.0 0.0 0.0
4010 2381.1773681640625 1323.4547119140625 26.409724065421678 0.0 0.0 0.0 0.0 0.0 0.0 0.0
4017 2389.2022705078125 1211.107666015625 18.259578980572428 0.0 0.0 0.0 0.0 0.0 0.0 0.0
4029 2389.2022705078125 1102.7730102539062 11.604866065017987 0.0 0.0 0.0 0.0 0.0 0.0 0.0
4034 2381.1773681640625 1002.4631958007812 5.908091790242878 0.0 0.0 0.0 0.0 0.0 0.0 0.0
4047 2361.1153564453125 894.1285400390625 359.77205505188726 0.0 0.0 0.0 0.0 0.0 0.0 0.0
4051 2333.0286865234375 813.8806762695312 353.96030241315316 0.0 0.0 0.0 0.0 0.0 0.0 0.0
4061 2308.9542236328125 741.6575927734375 350.2423305402564 0.0 0.0 0.0 0.0 0.0 0.0 0.0
4066 2280.8675537109375 677.4592895507812 346.4110681284916 0.0 0.0 0.0 0.0 0.0 0.0 0.0
4076 2252.7808837890625 629.3105773925781 342.6786588313686 0.0 0.0 0.0 0.0 0.0 0.0 0.0
4081 2228.7064208984375 585.1742248535156 340.19635573317896 0.0 0.0 0.0 0.0 0.0 0.0 0.0
4095 2172.5328369140625 524.9883117675781 333.45397142507124 0.0 0.0 0.0 0.0 0.0 0.0 0.0
4118 2116.3594970703125 480.85198974609375 326.9302879401682 0.0 0.0 0.0 0.0 0.0 0.0 0.0
4120 2080.2479248046875 452.7652282714844 323.37558862439164 0.0 0.0 0.0 0.0 0.0 0.0 0.0
4133 2044.1363525390625 432.70326232910156 319.3527495771342 0.0 0.0 0.0 0.0 0.0 0.0 0.0
4135 2008.0247802734375 416.6536865234375 315.3341125568244 0.0 0.0 0.0 0.0 0.0 0.0 0.0
4148 1919.7520751953125 400.60411071777344 304.9895340758785 0.0 0.0 0.0 0.0 0.0 0.0 0.0
4164 1871.6033935546875 400.60411071777344 298.71544406818373 0.0 0.0 0.0 0.0 0.0 0.0 0.0
4165 1823.4547119140625 408.62890625 291.879079792286 0.0 0.0 0.0 0.0 0.0 0.0 0.0
4177 1767.2811279296875 424.67848205566406 283.9917118232038 0.0 0.0 0.0 0.0 0.0 0.0 0.0
4182 1719.1324462890625 448.7528381347656 276.1750440658236 0.0 0.0 0.0 0.0 0.0 0.0 0.0
4192 1662.958984375 480.85198974609375 267.97525962842496 0.0 0.0 0.0 0.0 0.0 0.0 0.0
4197 1614.8101806640625 520.9759216308594 259.6275429441488 0.0 0.0 0.0 0.0 0.0 0.0 0.0
4207 1562.6490478515625 557.0874633789062 253.88649843411903 0.0 0.0 0.0 0.0 0.0 0.0 0.0
4221 1466.3516845703125 661.4097290039062 241.07761220658523 0.0 0.0 0.0 0.0 0.0 0.0 0.0
4229 1422.21533203125 717.5832214355469 235.09451119473505 0.0 0.0 0.0 0.0 0.0 0.0 0.0
4235 1378.0789794921875 785.7939453125 228.6798430726457 0.0 0.0 0.0 0.0 0.0 0.0 0.0
4246 1337.955078125 841.9674682617188 225.05895705372393 0.0 0.0 0.0 0.0 0.0 0.0 0.0
4251 1309.8682861328125 914.1905517578125 218.47464378911283 0.0 0.0 0.0 0.0 0.0 0.0 0.0
4261 1285.7939453125 986.4136352539062 212.8869919746995 0.0 0.0 0.0 0.0 0.0 0.0 0.0
4266 1269.744384765625 1050.6119384765625 208.1311871231588 0.0 0.0 0.0 0.0 0.0 0.0 0.0
4280 1257.7071533203125 1118.8226318359375 203.36735006152148 0.0 0.0 0.0 0.0 0.0 0.0 0.0
4282 1257.7071533203125 1187.0333251953125 197.49747981826297 0.0 0.0 0.0 0.0 0.0 0.0 0.0
4296 1265.73193359375 1307.4051513671875 189.30425995761985 0.0 0.0 0.0 0.0 0.0 0.0 0.0
4309 1289.8062744140625 1363.57861328125 182.1257134359789 0.0 0.0 0.0 0.0 0.0 0.0 0.0
4322 1362.0294189453125 1459.8760986328125 168.06473161619905 0.0 0.0 0.0 0.0 0.0 0.0 0.0
4331 1426.2276611328125 1495.9876708984375 156.25515978931506 0.0 0.0 0.0 0.0 0.0 0.0 0.0
4335 1514.5003662109375 1536.111572265625 143.43791341780846 0.0 0.0 0.0 0.0 0.0 0.0 0.0
4346 1610.7978515625 1564.1983642578125 131.5972876816805 0.0 0.0 0.0 0.0 0.0 0.0 0.0
4363 1855.5538330078125 1596.2974853515625 112.53157560228853 0.0 0.0 0.0 0.0 0.0 0.0 0.0
4365 1979.93798828125 1600.309814453125 104.38549419495332 0.0 0.0 0.0 0.0 0.0 0.0 0.0
4379 2120.3717041015625 1608.334716796875 99.18665807448306 0.0 0.0 0.0 0.0 0.0 0.0 0.0
4383 2256.7933349609375 1608.334716796875 94.80417165765883 0.0 0.0 0.0 0.0 0.0 0.0 0.0
4395 2397.2269287109375 1600.309814453125 90.75924284751451 0.0 0.0 0.0 0.0 0.0 0.0 0.0
4397 2509.5740966796875 1592.2850341796875 88.31873911079819 0.0 0.0 0.0 0.0 0.0 0.0 0.0
4409 2617.9085693359375 1564.1983642578125 83.2699593818081 0.0 0.0 0.0 0.0 0.0 0.0 0.0
4422 2742.2928466796875 1504.012451171875 75.1472463913179 0.0 0.0 0.0 0.0 0.0 0.0 0.0
4435 2778.4044189453125 1467.90087890625 69.34800825147782 0.0 0.0 0.0 0.0 0.0 0.0 0.0
4439 2806.4910888671875 1423.7645263671875 62.3087923417589 0.0 0.0 0.0 0.0 0.0 0.0 0.0
4449 2822.5406494140625 1375.6158447265625 54.36972263807915 0.0 0.0 0.0 0.0 0.0 0.0 0.0
4451 2834.5780029296875 1327.467041015625 47.10752053862942 0.0 0.0 0.0 0.0 0.0 0.0 0.0
4464 2838.5902099609375 1271.2935791015625 38.57599208878038 0.0 0.0 0.0 0.0 0.0 0.0 0.0
4467 2830.5655517578125 1219.1324462890625 29.842935427718068 0.0 0.0 0.0 0.0 0.0 0.0 0.0
4477 2814.5159912109375 1162.9589233398438 20.57634202224402 0.0 0.0 0.0 0.0 0.0 0.0 0.0
4480 2798.4664306640625 1114.8102416992188 13.379284166329597 0.0 0.0 0.0 0.0 0.0 0.0 0.0
4493 2782.4168701171875 1066.6614990234375 7.334994066107754 0.0 0.0 0.0 0.0 0.0 0.0 0.0
4498 2766.3673095703125 1030.5499267578125 2.5233479820019227 0.0 0.0 0.0 0.0 0.0 0.0 0.0
4514 2750.3177490234375 1002.4631958007812 358.3840118356743 0.0 0.0 0.0 0.0 0.0 0.0 0.0
4518 2750.3177490234375 986.4136352539062 358.3223798377328 0.0 0.0 0.0 0.0 0.0 0.0 0.0
4529 2726.2432861328125 986.4136352539062 352.3042640294303 0.0 0.0 0.0 0.0 0.0 0.0 0.0
4542 2702.1688232421875 990.426025390625 346.18111381915287 0.0 0.0 0.0 0.0 0.0 0.0 0.0
4544 2674.0821533203125 998.4508056640625 338.8508849313156 0.0 0.0 0.0 0.0 0.0 0.0 0.0
4557 2629.9459228515625 1018.5127563476562 326.6872868737803 0.0 0.0 0.0 0.0 0.0 0.0 0.0
4562 2605.8714599609375 1034.5623168945312 319.43976425599067 0.0 0.0 0.0 0.0 0.0 0.0 0.0
4576 2569.7598876953125 1054.6243286132812 309.5938844415367 0.0 0.0 0.0 0.0 0.0 0.0 0.0
4577 2525.6236572265625 1086.7234497070312 297.0401293606167 0.0 0.0 0.0 0.0 0.0 0.0 0.0
4591 2477.4749755859375 1130.8598022460938 283.0113807759874 0.0 0.0 0.0 0.0 0.0 0.0 0.0
4595 2433.3385009765625 1174.9961547851562 271.17406391774523 0.0 0.0 0.0 0.0 0.0 0.0 0.0
4608 2337.0411376953125 1279.318359375 252.03454245146023 0.0 0.0 0.0 0.0 0.0 0.0 0.0
4622 2284.8800048828125 1327.467041015625 245.66767218665845 0.0 0.0 0.0 0.0 0.0 0.0 0.0
4624 2232.7188720703125 1387.6529541015625 238.71106608605663 0.0 0.0 0.0 0.0 0.0 0.0 0.0
4637 2188.5823974609375 1439.8140869140625 233.918704043004 0.0 0.0 0.0 0.0 0.0 0.0 0.0
4642 2156.4832763671875 1467.90087890625 232.71667863919907 0.0 0.0 0.0 0.0 0.0 0.0 0.0
4653 2128.3966064453125 1500.0 230.51541817289856 0.0 0.0 0.0 0.0 0.0 0.0 0.0
4667 2124.3841552734375 1504.012451171875 230.32057609067985 0.0 0.0 0.0 0.0 0.0 0.0 0.0
4678 2120.3717041015625 1504.012451171875 230.91887087483792 0.0 0.0 0.0 0.0 0.0 0.0 0.0
4709 2120.3717041015625 1495.9876708984375 232.568440029872 0.0 0.0 0.0 0.0 0.0 0.0 0.0
4713 2116.3594970703125 1491.9752197265625 233.96153596002728 0.0 0.0 0.0 0.0 0.0 0.0 0.0
4723 2108.3345947265625 1483.950439453125 236.71802231769195 0.0 0.0 0.0 0.0 0.0 0.0 0.0
4735 2100.3099365234375 1467.90087890625 241.21802541038255 0.0 0.0 0.0 0.0 0.0 0.0 0.0
4746 2088.2725830078125 1447.8388671875 246.99086143442585 0.0 0.0 0.0 0.0 0.0 0.0 0.0
4750 2048.1488037109375 1399.690185546875 260.32616259289375 0.0 0.0 0.0 0.0 0.0 0.0 0.0
4761 2024.0743408203125 1379.628173828125 265.55556650817186 0.0 0.0 0.0 0.0 0.0 0.0 0.0
4766 1995.9876708984375 1355.5538330078125 271.1307587669962 0.0 0.0 0.0 0.0 0.0 0.0 0.0
4776 1955.8636474609375 1323.4547119140625 277.3378704258024 0.0 0.0 0.0 0.0 0.0 0.0 0.0
4779 1919.7520751953125 1291.3555908203125 282.71983846210173 0.0 0.0 0.0 0.0 0.0 0.0 0.0
4791 1875.6158447265625 1271.2935791015625 284.31981230647386 0.0 0.0 0.0 0.0 0.0 0.0 0.0
4802 1835.4918212890625 1247.21923828125 286.69944102794955 0.0 0.0 0.0 0.0 0.0 0.0 0.0
4807 1787.3431396484375 1243.2068481445312 284.1864112961173 0.0 0.0 0.0 0.0 0.0 0.0 0.0
4818 1747.21923828125 1239.1944580078125 282.5389731999976 0.0 0.0 0.0 0.0 0.0 0.0 0.0
4819 1699.0704345703125 1239.1944580078125 279.93012418617207 0.0 0.0 0.0 0.0 0.0 0.0 0.0
4832 1658.946533203125 1243.2068481445312 277.2300111579797 0.0 0.0 0.0 0.0 0.0 0.0 0.0
4843 1614.8101806640625 1251.2316284179688 273.97350992154077 0.0 0.0 0.0 0.0 0.0 0.0 0.0
4847 1586.723388671875 1263.268798828125 270.57595820540996 0.0 0.0 0.0 0.0 0.0 0.0 0.0
4852 1566.6614990234375 1271.2935791015625 268.47496809148754 0.0 0.0 0.0 0.0 0.0 0.0 0.0
4863 1550.6119384765625 1275.3060302734375 267.4680149874051 0.0 0.0 0.0 0.0 0.0 0.0 0.0
4867 1550.6119384765625 1287.3431396484375 264.4551067462595 0.0 0.0 0.0 0.0 0.0 0.0 0.0
4878 1550.6119384765625 1299.38037109375 261.4545318613234 0.0 0.0 0.0 0.0 0.0 0.0 0.0
4882 1550.6119384765625 1327.467041015625 254.57820006785036 0.0 0.0 0.0 0.0 0.0 0.0 0.0
4892 1562.6490478515625 1363.57861328125 245.02068949835441 0.0 0.0 0.0 0.0 0.0 0.0 0.0
4896 1590.73583984375 1411.7274169921875 230.9975643509851 0.0 0.0 0.0 0.0 0.0 0.0 0.0
4907 1626.847412109375 1483.950439453125 212.8399642664882 0.0 0.0 0.0 0.0 0.0 0.0 0.0
4923 1679.008544921875 1552.1611328125 194.9480736311836 0.0 0.0 0.0 0.0 0.0 0.0 0.0
4935 1711.107666015625 1584.26025390625 185.78577350278644 0.0 0.0 0.0 0.0 0.0 0.0 0.0
4937 1743.206787109375 1612.3470458984375 177.68729986595693 0.0 0.0 0.0 0.0 0.0 0.0 0.0
4949 1771.2935791015625 1640.433837890625 171.41611657621272 0.0 0.0 0.0 0.0 0.0 0.0 0.0
4951 1807.4051513671875 1660.4957275390625 163.78893659230192 0.0 0.0 0.0 0.0 0.0 0.0 0.0
4967 1847.529052734375 1680.5577392578125 156.2166149181154 0.0 0.0 0.0 0.0 0.0 0.0 0.0
4978 1923.7645263671875 1708.64453125 144.05185574627274 0.0 0.0 0.0 0.0 0.0 0.0 0.0
4993 2012.0372314453125 1712.6568603515625 129.75950118494455 0.0 0.0 0.0 0.0 0.0 0.0 0.0
5007 2104.3221435546875 1712.6568603515625 117.94230581125849 0.0 0.0 0.0 0.0 0.0 0.0 0.0
5021 2204.6322021484375 1688.58251953125 104.63405554288707 0.0 0.0 0.0 0.0 0.0 0.0 0.0
5035 2248.7684326171875 1680.5577392578125 100.2232672893683 0.0 0.0 0.0 0.0 0.0 0.0 0.0
5040 2284.8800048828125 1664.5081787109375 95.0354263852069 0.0 0.0 0.0 0.0 0.0 0.0 0.0
5050 2308.9542236328125 1644.4461669921875 89.76207188654192 0.0 0.0 0.0 0.0 0.0 0.0 0.0
5052 2329.0162353515625 1612.3470458984375 82.1921678794336 0.0 0.0 0.0 0.0 0.0 0.0 0.0
5065 2337.0411376953125 1584.26025390625 75.69837162300304 0.0 0.0 0.0 0.0 0.0 0.0 0.0
5079 2341.0535888671875 1504.012451171875 58.35499607882924 0.0 0.0 0.0 0.0 0.0 0.0 0.0
5095 2304.9420166015625 1407.7149658203125 35.72370159462671 0.0 0.0 0.0 0.0 0.0 0.0 0.0
5109 2244.7559814453125 1315.429931640625 14.133557482347399 0.0 0.0 0.0 0.0 0.0 0.0 0.0
5123 2212.6568603515625 1275.3060302734375 4.826068455363469 0.0 0.0 0.0 0.0 0.0 0.0 0.0
5124 2196.6072998046875 1251.2316284179688 0.4865920911494328 0.0 0.0 0.0 0.0 0.0 0.0 0.0
5137 2176.5452880859375 1235.1820068359375 355.5874746720017 0.0 0.0 0.0 0.0 0.0 0.0 0.0
5150 2168.5206298828125 1235.1820068359375 353.5812120213243 0.0 0.0 0.0 0.0 0.0 0.0 0.0
5153 2164.5081787109375 1239.1944580078125 352.492873182617 0.0 0.0 0.0 0.0 0.0 0.0 0.0
5165 2156.4832763671875 1255.2440185546875 349.9759953005324 0.0 0.0 0.0 0.0 0.0 0.0 0.0
5169 2152.4710693359375 1267.2811279296875 348.5147803632001 0.0 0.0 0.0 0.0 0.0 0.0 0.0
5182 2136.4215087890625 1311.41748046875 341.61324576940103 0.0 0.0 0.0 0.0 0.0 0.0 0.0
5195 2128.3966064453125 1327.467041015625 338.39910783665323 0.0 0.0 0.0 0.0 0.0 0.0 0.0
5197 2124.3841552734375 1343.5167236328125 335.99228038958506 0.0 0.0 0.0 0.0 0.0 0.0 0.0
5210 2124.3841552734375 1363.57861328125 333.9915225802281 0.0 0.0 0.0 0.0 0.0 0.0 0.0
5221 2124.3841552734375 1379.628173828125 332.2816435831526 0.0 0.0 0.0 0.0 0.0 0.0 0.0
5223 2124.3841552734375 1399.690185546875 329.96158778284905 0.0 0.0 0.0 0.0 0.0 0.0 0.0
5229 2132.4090576171875 1419.752197265625 329.3701126328747 0.0 0.0 0.0 0.0 0.0 0.0 0.0
5244 2144.4461669921875 1439.8140869140625 329.699242958121 0.0 0.0 0.0 0.0 0.0 0.0 0.0
5252 2180.5577392578125 1463.888427734375 335.9136402210995 0.0 0.0 0.0 0.0 0.0 0.0 0.0
5266 2200.6197509765625 1471.913330078125 340.1166304308341 0.0 0.0 0.0 0.0 0.0 0.0 0.0
5271 2212.6568603515625 1471.913330078125 343.0387327466964 0.0 0.0 0.0 0.0 0.0 0.0 0.0
5281 2224.6939697265625 1471.913330078125 345.9956539960706 0.0 0.0 0.0 0.0 0.0 0.0 0.0
5283 2232.7188720703125 1467.90087890625 348.14266398157463 0.0 0.0 0.0 0.0 0.0 0.0 0.0
5296 2244.7559814453125 1455.8636474609375 351.45822725387677 0.0 0.0 0.0 0.0 0.0 0.0 0.0
5298 2260.8055419921875 1423.7645263671875 355.72279499697595 0.0 0.0 0.0 0.0 0.0 0.0 0.0
5311 2268.8304443359375 1391.6654052734375 357.69803290732597 0.0 0.0 0.0 0.0 0.0 0.0 0.0
5316 2276.8551025390625 1343.5167236328125 359.3139819611321 0.0 0.0 0.0 0.0 0.0 0.0 0.0
5328 2280.8675537109375 1303.3927001953125 359.8894468963973 0.0 0.0 0.0 0.0 0.0 0.0 0.0
5330 2280.8675537109375 1279.318359375 359.6566297424398 0.0 0.0 0.0 0.0 0.0 0.0 0.0
5337 2280.8675537109375 1247.21923828125 359.38434907653203 0.0 0.0 0.0 0.0 0.0 0.0 0.0
5351 2260.8055419921875 1170.9837036132812 355.1297610804663 0.0 0.0 0.0 0.0 0.0 0.0 0.0
5365 2196.6072998046875 1066.6614990234375 345.0022981737926 0.0 0.0 0.0 0.0 0.0 0.0 0.0
5378 2140.4337158203125 1006.4755859375 337.0426691640092 0.0 0.0 0.0 0.0 0.0 0.0 0.0
5380 2068.2108154296875 938.264892578125 329.1754031465948 0.0 0.0 0.0 0.0 0.0 0.0 0.0
5393 1995.9876708984375 886.103759765625 321.99566550217196 0.0 0.0 0.0 0.0 0.0 0.0 0.0
5398 1891.6654052734375 825.9178466796875 313.57369718481823 0.0 0.0 0.0 0.0 0.0 0.0 0.0
5408 1799.38037109375 785.7939453125 306.70774853866146 0.0 0.0 0.0 0.0 0.0 0.0 0.0
5420 1719.1324462890625 765.73193359375 300.0824966647091 0.0 0.0 0.0 0.0 0.0 0.0 0.0
5422 1654.93408203125 753.6947631835938 295.24342695113194 0.0 0.0 0.0 0.0 0.0 0.0 0.0
5434 1598.7606201171875 753.6947631835938 289.867467970422 0.0 0.0 0.0 0.0 0.0 0.0 0.0
5436 1554.624267578125 757.7071533203125 285.48328645626384 0.0 0.0 0.0 0.0 0.0 0.0 0.0
5451 1502.463134765625 769.7443237304688 279.7435547748778 0.0 0.0 0.0 0.0 0.0 0.0 0.0
5463 1486.41357421875 773.7567138671875 278.0173619094163 0.0 0.0 0.0 0.0 0.0 0.0 0.0
5475 1462.3392333984375 797.8311157226562 271.55547750237645 0.0 0.0 0.0 0.0 0.0 0.0 0.0
5487 1458.3267822265625 805.8558959960938 269.5096908964746 0.0 0.0 0.0 0.0 0.0 0.0 0.0
5492 1454.314453125 809.8682861328125 268.4863195584669 0.0 0.0 0.0 0.0 0.0 0.0 0.0
5502 1450.302001953125 825.9178466796875 264.518836087419 0.0 0.0 0.0 0.0 0.0 0.0 0.0
5507 1446.2896728515625 849.9922485351562 258.70042179738243 0.0 0.0 0.0 0.0 0.0 0.0 0.0
5517 1442.2772216796875 866.0418090820312 254.98840155512877 0.0 0.0 0.0 0.0 0.0 0.0 0.0
5521 1430.2401123046875 886.103759765625 251.01711371377996 0.0 0.0 0.0 0.0 0.0 0.0 0.0
5532 1422.21533203125 914.1905517578125 245.2515178906688 0.0 0.0 0.0 0.0 0.0 0.0 0.0
5536 1418.202880859375 942.2772827148438 239.49703054562232 0.0 0.0 0.0 0.0 0.0 0.0 0.0
5547 1414.1905517578125 978.3888549804688 232.62712787091974 0.0 0.0 0.0 0.0 0.0 0.0 0.0
5551 1414.1905517578125 1006.4755859375 227.24469354876888 0.0 0.0 0.0 0.0 0.0 0.0 0.0
5562 1414.1905517578125 1038.57470703125 221.63066086479142 0.0 0.0 0.0 0.0 0.0 0.0 0.0
5570 1418.202880859375 1074.686279296875 215.27491248798316 0.0 0.0 0.0 0.0 0.0 0.0 0.0
5580 1426.2276611328125 1102.7730102539062 209.80234021248393 0.0 0.0 0.0 0.0 0.0 0.0 0.0
5582 1442.2772216796875 1130.8598022460938 203.11495785269702 0.0 0.0 0.0 0.0 0.0 0.0 0.0
5595 1462.3392333984375 1154.9341430664062 196.38766633041914 0.0 0.0 0.0 0.0 0.0 0.0 0.0
5597 1498.4508056640625 1183.0209350585938 186.3122601098515 0.0 0.0 0.0 0.0 0.0 0.0 0.0
5609 1542.587158203125 1211.107666015625 175.44231425413778 0.0 0.0 0.0 0.0 0.0 0.0 0.0
5611 1602.7730712890625 1227.1572265625 161.87058638962367 0.0 0.0 0.0 0.0 0.0 0.0 0.0
5622 1679.008544921875 1243.2068481445312 147.23059765119822 0.0 0.0 0.0 0.0 0.0 0.0 0.0
5635 1771.2935791015625 1263.268798828125 133.83521030058196 0.0 0.0 0.0 0.0 0.0 0.0 0.0
5637 1863.57861328125 1275.3060302734375 122.83592457324286 0.0 0.0 0.0 0.0 0.0 0.0 0.0
5650 1947.8388671875 1283.330810546875 114.87128326683347 0.0 0.0 0.0 0.0 0.0 0.0 0.0
5653 2044.1363525390625 1283.330810546875 106.83512344825724 0.0 0.0 0.0 0.0 0.0 0.0 0.0
5667 2192.5948486328125 1283.330810546875 99.22140821426086 0.0 0.0 0.0 0.0 0.0 0.0 0.0
5678 2240.7435302734375 1283.330810546875 97.18093639766305 0.0 0.0 0.0 0.0 0.0 0.0 0.0
5685 2272.8428955078125 1283.330810546875 95.98635676775662 0.0 0.0 0.0 0.0 0.0 0.0 0.0
5697 2276.8551025390625 1279.318359375 94.85973183180577 0.0 0.0 0.0 0.0 0.0 0.0 0.0
5698 2276.8551025390625 1267.2811279296875 91.85160901510764 0.0 0.0 0.0 0.0 0.0 0.0 0.0
5711 2276.8551025390625 1255.2440185546875 88.83546219523237 0.0 0.0 0.0 0.0 0.0 0.0 0.0
5713 2276.8551025390625 1239.1944580078125 84.81552536604984 0.0 0.0 0.0 0.0 0.0 0.0 0.0
5728 2264.8179931640625 1191.0457153320312 72.28440321553799 0.0 0.0 0.0 0.0 0.0 0.0 0.0
5734 2256.7933349609375 1170.9837036132812 66.8642899687809 0.0 0.0 0.0 0.0 0.0 0.0 0.0
5744 2252.7808837890625 1142.89697265625 60.13537992971342 0.0 0.0 0.0 0.0 0.0 0.0 0.0
5749 2240.7435302734375 1114.8102416992188 52.615454717747006 0.0 0.0 0.0 0.0 0.0 0.0 0.0
5754 2216.6693115234375 1078.6986694335938 41.911666542155245 0.0 0.0 0.0 0.0 0.0 0.0 0.0
5765 2188.5823974609375 1050.6119384765625 32.07474680424887 0.0 0.0 0.0 0.0 0.0 0.0 0.0
5769 2168.5206298828125 1034.5623168945312 25.73050926967263 0.0 0.0 0.0 0.0 0.0 0.0 0.0
5779 2156.4832763671875 1022.525146484375 21.737956116105366 0.0 0.0 0.0 0.0 0.0 0.0 0.0
5784 2148.4586181640625 1018.5127563476562 19.49661781744922 0.0 0.0 0.0 0.0 0.0 0.0 0.0
5794 2140.4337158203125 1018.5127563476562 17.609017897356523 0.0 0.0 0.0 0.0 0.0 0.0 0.0
5799 2136.4215087890625 1018.5127563476562 16.659786531032935 0.0 0.0 0.0 0.0 0.0 0.0 0.0
5813 2132.4090576171875 1018.5127563476562 15.70510363150072 0.0 0.0 0.0 0.0 0.0 0.0 0.0
5839 2128.3966064453125 1018.5127563476562 14.745283050229645 0.0 0.0 0.0 0.0 0.0 0.0 0.0
5853 2128.3966064453125 1022.525146484375 15.049333615735634 0.0 0.0 0.0 0.0 0.0 0.0 0.0
5909 2124.3841552734375 1022.525146484375 14.08616780006976 0.0 0.0 0.0 0.0 0.0 0.0 0.0
5925 2120.3717041015625 1022.525146484375 13.118276019810693 0.0 0.0 0.0 0.0 0.0 0.0 0.0
5929 2112.3470458984375 1014.5003662109375 10.69975906888169 0.0 0.0 0.0 0.0 0.0 0.0 0.0
5939 2112.3470458984375 1010.4879760742188 10.473112322682084 0.0 0.0 0.0 0.0 0.0 0.0 0.0
5952 2104.3221435546875 1006.4755859375 8.308701245875952 0.0 0.0 0.0 0.0 0.0 0.0 0.0
5957 2092.2850341796875 998.4508056640625 5.051728876386662 0.0 0.0 0.0 0.0 0.0 0.0 0.0
5967 2076.2354736328125 990.426025390625 0.9129750171732383 0.0 0.0 0.0 0.0 0.0 0.0 0.0
5969 2068.2108154296875 982.4012451171875 358.8532775191307 0.0 0.0 0.0 0.0 0.0 0.0 0.0
6010 1959.8760986328125 958.3268432617188 335.32515961012336 0.0 0.0 0.0 0.0 0.0 0.0 0.0
6012 1927.7769775390625 958.3268432617188 328.2848589374589 0.0 0.0 0.0 0.0 0.0 0.0 0.0
6027 1879.628173828125 966.3516235351562 317.6672882967763 0.0 0.0 0.0 0.0 0.0 0.0 0.0
6039 1855.5538330078125 974.37646484375 311.99416576384306 0.0 0.0 0.0 0.0 0.0 0.0 0.0
6042 1831.4794921875 982.4012451171875 306.6179106678013 0.0 0.0 0.0 0.0 0.0 0.0 0.0
6060 1799.38037109375 1010.4879760742188 296.50849674504354 0.0 0.0 0.0 0.0 0.0 0.0 0.0
6083 1759.25634765625 1062.6491088867188 281.24045915336205 0.0 0.0 0.0 0.0 0.0 0.0 0.0
6096 1739.1944580078125 1106.7854614257812 269.90372293140547 0.0 0.0 0.0 0.0 0.0 0.0 0.0
6118 1739.1944580078125 1174.9961547851562 253.10765949439823 0.0 0.0 0.0 0.0 0.0 0.0 0.0
6142 1751.2315673828125 1259.25634765625 233.52826708719613 0.0 0.0 0.0 0.0 0.0 0.0 0.0
6167 1763.268798828125 1299.38037109375 224.1051459330824 0.0 0.0 0.0 0.0 0.0 0.0 0.0
6169 1775.305908203125 1319.4422607421875 218.52056416028344 0.0 0.0 0.0 0.0 0.0 0.0 0.0
6171 1795.367919921875 1339.5042724609375 211.52393641553093 0.0 0.0 0.0 0.0 0.0 0.0 0.0
6186 1815.429931640625 1363.57861328125 204.29635144154656 0.0 0.0 0.0 0.0 0.0 0.0 0.0
6188 1831.4794921875 1375.6158447265625 199.43299142362503 0.0 0.0 0.0 0.0 0.0 0.0 0.0
6210 1891.6654052734375 1407.7149658203125 183.3937273037772 0.0 0.0 0.0 0.0 0.0 0.0 0.0
6212 1927.7769775390625 1419.752197265625 174.47893537494727 0.0 0.0 0.0 0.0 0.0 0.0 0.0
6225 1967.90087890625 1427.7769775390625 165.05004631964047 0.0 0.0 0.0 0.0 0.0 0.0 0.0
6248 2100.3099365234375 1435.8017578125 139.33506700014485 0.0 0.0 0.0 0.0 0.0 0.0 0.0
6261 2132.4090576171875 1431.789306640625 132.8860899472346 0.0 0.0 0.0 0.0 0.0 0.0 0.0
6284 2140.4337158203125 1395.677734375 124.41843897600924 0.0 0.0 0.0 0.0 0.0 0.0 0.0
6289 2140.4337158203125 1375.6158447265625 120.18714790341014 0.0 0.0 0.0 0.0 0.0 0.0 0.0
6310 2132.4090576171875 1307.4051513671875 104.19635450089399 0.0 0.0 0.0 0.0 0.0 0.0 0.0
6315 2124.3841552734375 1267.2811279296875 94.4150187704077 0.0 0.0 0.0 0.0 0.0 0.0 0.0
6317 2112.3470458984375 1239.1944580078125 87.35603344332229 0.0 0.0 0.0 0.0 0.0 0.0 0.0
6345 2064.1983642578125 1150.9217529296875 61.29977871167998 0.0 0.0 0.0 0.0 0.0 0.0 0.0
6348 2040.1239013671875 1122.8350219726562 52.02966956995575 0.0 0.0 0.0 0.0 0.0 0.0 0.0
6354 2008.0247802734375 1102.7730102539062 42.76085910571647 0.0 0.0 0.0 0.0 0.0 0.0 0.0
6376 1963.888427734375 1086.7234497070312 31.259177946878907 0.0 0.0 0.0 0.0 0.0 0.0 0.0
6379 1951.851318359375 1082.7110595703125 28.151529167979803 0.0 0.0 0.0 0.0 0.0 0.0 0.0
6384 1943.8265380859375 1082.7110595703125 26.391992108693728 0.0 0.0 0.0 0.0 0.0 0.0 0.0
6406 1923.7645263671875 1098.7606201171875 23.657866889142902 0.0 0.0 0.0 0.0 0.0 0.0 0.0
6410 1915.73974609375 1110.7978515625 23.154727276581752 0.0 0.0 0.0 0.0 0.0 0.0 0.0
6432 1907.7149658203125 1158.946533203125 27.450153434039755 0.0 0.0 0.0 0.0 0.0 0.0 0.0
6440 1907.7149658203125 1170.9837036132812 29.029860195037152 0.0 0.0 0.0 0.0 0.0 0.0 0.0
6462 1955.8636474609375 1251.2316284179688 53.14091463185677 0.0 0.0 0.0 0.0 0.0 0.0 0.0
6475 1979.93798828125 1283.330810546875 63.00607031357029 0.0 0.0 0.0 0.0 0.0 0.0 0.0
6476 2016.049560546875 1303.3927001953125 70.47490672186777 0.0 0.0 0.0 0.0 0.0 0.0 0.0
6499 2148.4586181640625 1335.4918212890625 81.80893316344046 0.0 0.0 0.0 0.0 0.0 0.0 0.0
6512 2192.5948486328125 1335.4918212890625 82.71972034420045 0.0 0.0 0.0 0.0 0.0 0.0 0.0
6534 2276.8551025390625 1291.3555908203125 76.03965227478389 0.0 0.0 0.0 0.0 0.0 0.0 0.0
6539 2288.8924560546875 1263.268798828125 70.20304537694668 0.0 0.0 0.0 0.0 0.0 0.0 0.0
6561 2296.9171142578125 1154.9341430664062 49.57022384300524 0.0 0.0 0.0 0.0 0.0 0.0 0.0
6586 2280.8675537109375 1038.57470703125 30.086939877727488 0.0 0.0 0.0 0.0 0.0 0.0 0.0
6614 2256.7933349609375 974.37646484375 18.584010525783697 0.0 0.0 0.0 0.0 0.0 0.0 0.0
6615 2252.7808837890625 966.3516235351562 16.96454409330819 0.0 0.0 0.0 0.0 0.0 0.0 0.0
6640 2248.7684326171875 958.3268432617188 15.388602639595362 0.0 0.0 0.0 0.0 0.0 0.0 0.0
6642 2244.7559814453125 958.3268432617188 14.42716203846544 0.0 0.0 0.0 0.0 0.0 0.0 0.0
6666 2240.7435302734375 958.3268432617188 13.460925181894055 0.0 0.0 0.0 0.0 0.0 0.0 0.0
6671 2228.7064208984375 958.3268432617188 10.522224013944296 0.0 0.0 0.0 0.0 0.0 0.0 0.0
6692 2208.6444091796875 970.364013671875 5.995702754067153 0.0 0.0 0.0 0.0 0.0 0.0 0.0
6694 2192.5948486328125 990.426025390625 2.423960616488273 0.0 0.0 0.0 0.0 0.0 0.0 0.0
6718 2140.4337158203125 1074.686279296875 344.76209255738695 0.0 0.0 0.0 0.0 0.0 0.0 0.0
6746 2108.3345947265625 1146.9093627929688 328.83355839014985 0.0 0.0 0.0 0.0 0.0 0.0 0.0
6748 2108.3345947265625 1154.9341430664062 327.8403631176375 0.0 0.0 0.0 0.0 0.0 0.0 0.0
6773 2108.3345947265625 1158.946533203125 327.3361303234003 0.0 0.0 0.0 0.0 0.0 0.0 0.0
6797 2104.3221435546875 1158.946533203125 326.47417859803693 0.0 0.0 0.0 0.0 0.0 0.0 0.0
6847 2100.3099365234375 1158.946533203125 325.6200635460715 0.0 0.0 0.0 0.0 0.0 0.0 0.0
6856 2088.2725830078125 1150.9217529296875 324.1999121941667 0.0 0.0 0.0 0.0 0.0 0.0 0.0
6880 2028.0867919921875 1134.8721923828125 315.61421591405383 0.0 0.0 0.0 0.0 0.0 0.0 0.0
6885 2000.0 1130.8598022460938 311.4455273051623 0.0 0.0 0.0 0.0 0.0 0.0 0.0
6907 1923.7645263671875 1142.89697265625 298.82403840806444 0.0 0.0 0.0 0.0 0.0 0.0 0.0
6920 1895.677734375 1166.9713134765625 290.4901497891101 0.0 0.0 0.0 0.0 0.0 0.0 0.0
6943 1879.628173828125 1195.05810546875 282.6216395480882 0.0 0.0 0.0 0.0 0.0 0.0 0.0
6945 1871.6033935546875 1215.1200561523438 277.3176948222142 0.0 0.0 0.0 0.0 0.0 0.0 0.0
6957 1867.591064453125 1239.1944580078125 271.2217529655193 0.0 0.0 0.0 0.0 0.0 0.0 0.0
6959 1863.57861328125 1255.2440185546875 267.20186891838694 0.0 0.0 0.0 0.0 0.0 0.0 0.0
6981 1859.566162109375 1311.41748046875 253.64847792448253 0.0 0.0 0.0 0.0 0.0 0.0 0.0
6997 1859.566162109375 1319.4422607421875 251.71298325096106 0.0 0.0 0.0 0.0 0.0 0.0 0.0
6999 1859.566162109375 1331.4794921875 248.85349096192 0.0 0.0 0.0 0.0 0.0 0.0 0.0
7021 1871.6033935546875 1363.57861328125 240.28992316026682 0.0 0.0 0.0 0.0 0.0 0.0 0.0
7035 1891.6654052734375 1399.690185546875 229.9961009572253 0.0 0.0 0.0 0.0 0.0 0.0 0.0
7058 1943.8265380859375 1451.851318359375 211.53159317886403 0.0 0.0 0.0 0.0 0.0 0.0 0.0
7059 1967.90087890625 1467.90087890625 204.31507553715963 0.0 0.0 0.0 0.0 0.0 0.0 0.0
7073 1995.9876708984375 1479.9381103515625 196.65531139634993 0.0 0.0 0.0 0.0 0.0 0.0 0.0
7075 2024.0743408203125 1495.9876708984375 188.93546333376827 0.0 0.0 0.0 0.0 0.0 0.0 0.0
7098 2100.3099365234375 1512.0372314453125 170.1656677178017 0.0 0.0 0.0 0.0 0.0 0.0 0.0
7099 2144.4461669921875 1516.049560546875 159.8724252680368 0.0 0.0 0.0 0.0 0.0 0.0 0.0
7124 2216.6693115234375 1528.0867919921875 145.8929680427176 0.0 0.0 0.0 0.0 0.0 0.0 0.0
7126 2264.8179931640625 1528.0867919921875 136.712984705939 0.0 0.0 0.0 0.0 0.0 0.0 0.0
7131 2300.9295654296875 1528.0867919921875 130.52193375117474 0.0 0.0 0.0 0.0 0.0 0.0 0.0
7156 2349.0782470703125 1528.0867919921875 123.41799052354878 0.0 0.0 0.0 0.0 0.0 0.0 0.0
7161 2353.0906982421875 1520.06201171875 121.18729283967423 0.0 0.0 0.0 0.0 0.0 0.0 0.0
7183 2361.1153564453125 1491.9752197265625 113.97469345851493 0.0 0.0 0.0 0.0 0.0 0.0 0.0
7185 2361.1153564453125 1463.888427734375 107.34349167052942 0.0 0.0 0.0 0.0 0.0 0.0 0.0
7210 2361.1153564453125 1371.6033935546875 83.6018356655862 0.0 0.0 0.0 0.0 0.0 0.0 0.0
7212 2349.0782470703125 1323.4547119140625 71.07879686653266 0.0 0.0 0.0 0.0 0.0 0.0 0.0
7214 2337.0411376953125 1275.3060302734375 58.94838938324094 0.0 0.0 0.0 0.0 0.0 0.0 0.0
7239 2292.9046630859375 1150.9217529296875 31.33649826760383 0.0 0.0 0.0 0.0 0.0 0.0 0.0
7241 2256.7933349609375 1078.6986694335938 16.675201552957773 0.0 0.0 0.0 0.0 0.0 0.0 0.0
7255 2184.5701904296875 966.3516235351562 357.9861760445556 0.0 0.0 0.0 0.0 0.0 0.0 0.0
7288 2124.3841552734375 898.1409301757812 346.38634854811914 0.0 0.0 0.0 0.0 0.0 0.0 0.0
7318 2096.2974853515625 902.1533203125 339.36771247904267 0.0 0.0 0.0 0.0 0.0 0.0 0.0
7329 2072.2230224609375 910.1781616210938 333.03177451297483 0.0 0.0 0.0 0.0 0.0 0.0 0.0
7331 2048.1488037109375 926.2277221679688 325.76811530922964 0.0 0.0 0.0 0.0 0.0 0.0 0.0
7358 1935.8017578125 990.426025390625 296.74277805765166 0.0 0.0 0.0 0.0 0.0 0.0 0.0
7360 1891.6654052734375 1014.5003662109375 287.27496924488605 0.0 0.0 0.0 0.0 0.0 0.0 0.0
7373 1847.529052734375 1046.5995483398438 277.3946178380886 0.0 0.0 0.0 0.0 0.0 0.0 0.0
7413 1695.05810546875 1187.0333251953125 252.4862962062214 0.0 0.0 0.0 0.0 0.0 0.0 0.0
7418 1695.05810546875 1199.0704956054688 249.61428416105426 0.0 0.0 0.0 0.0 0.0 0.0 0.0
7508 1803.3927001953125 1307.4051513671875 208.96314807884178 0.0 0.0 0.0 0.0 0.0 0.0 0.0
7600 1839.5042724609375 1166.9713134765625 234.2834182770905 0.0 0.0 0.0 0.0 0.0 0.0 0.0
7614 1811.41748046875 1086.7234497070312 255.8984066373604 0.0 0.0 0.0 0.0 0.0 0.0 0.0
7653 1723.144775390625 942.2772827148438 284.97585767632415 0.0 0.0 0.0 0.0 0.0 0.0 0.0
7656 1715.1199951171875 942.2772827148438 284.38988143245354 0.0 0.0 0.0 0.0 0.0 0.0 0.0
7661 1711.107666015625 942.2772827148438 284.1017450587351 0.0 0.0 0.0 0.0 0.0 0.0 0.0
7691 1666.9713134765625 1006.4755859375 267.7399377523441 0.0 0.0 0.0 0.0 0.0 0.0 0.0
7705 1658.946533203125 1050.6119384765625 257.15912978359324 0.0 0.0 0.0 0.0 0.0 0.0 0.0
7717 1650.9217529296875 1118.8226318359375 242.36927982618164 0.0 0.0 0.0 0.0 0.0 0.0 0.0
7730 1650.9217529296875 1150.9217529296875 235.52709439080436 0.0 0.0 0.0 0.0 0.0 0.0 0.0
7734 1658.946533203125 1179.008544921875 228.76197182321474 0.0 0.0 0.0 0.0 0.0 0.0 0.0
7747 1687.0333251953125 1227.1572265625 215.65752000945307 0.0 0.0 0.0 0.0 0.0 0.0 0.0
7759 1703.0828857421875 1239.1944580078125 210.6353407577342 0.0 0.0 0.0 0.0 0.0 0.0 0.0
7762 1711.107666015625 1251.2316284179688 207.38632748872686 0.0 0.0 0.0 0.0 0.0 0.0 0.0
7774 1723.144775390625 1259.25634765625 203.78934922694063 0.0 0.0 0.0 0.0 0.0 0.0 0.0
7776 1727.1572265625 1259.25634765625 202.8815184100279 0.0 0.0 0.0 0.0 0.0 0.0 0.0
7787 1731.169677734375 1259.25634765625 201.96691805719854 0.0 0.0 0.0 0.0 0.0 0.0 0.0
7791 1735.1820068359375 1259.25634765625 201.04577008131085 0.0 0.0 0.0 0.0 0.0 0.0 0.0
7805 1739.1944580078125 1259.25634765625 200.1181991847971 0.0 0.0 0.0 0.0 0.0 0.0 0.0
7819 1751.2315673828125 1259.25634765625 197.28032236443195 0.0 0.0 0.0 0.0 0.0 0.0 0.0
7832 1763.268798828125 1259.25634765625 194.39444636594524 0.0 0.0 0.0 0.0 0.0 0.0 0.0
7845 1767.2811279296875 1259.25634765625 193.42805804214603 0.0 0.0 0.0 0.0 0.0 0.0 0.0
7846 1779.318359375 1259.25634765625 190.48893125087724 0.0 0.0 0.0 0.0 0.0 0.0 0.0
7859 1783.3306884765625 1259.25634765625 189.50587571332284 0.0 0.0 0.0 0.0 0.0 0.0 0.0
7973 1787.3431396484375 1263.268798828125 188.32882947915036 0.0 0.0 0.0 0.0 0.0 0.0 0.0
7977 1787.3431396484375 1271.2935791015625 187.96183288641143 0.0 0.0 0.0 0.0 0.0 0.0 0.0
7994 1787.3431396484375 1275.3060302734375 187.7814596932794 0.0 0.0 0.0 0.0 0.0 0.0 0.0
7997 1795.367919921875 1287.3431396484375 185.37352420994856 0.0 0.0 0.0 0.0 0.0 0.0 0.0
8010 1799.38037109375 1295.367919921875 184.14061444284098 0.0 0.0 0.0 0.0 0.0 0.0 0.0
8012 1807.4051513671875 1299.38037109375 182.05540934378664 0.0 0.0 0.0 0.0 0.0 0.0 0.0
8018 1811.41748046875 1303.3927001953125 180.98988521170088 0.0 0.0 0.0 0.0 0.0 0.0 0.0
8031 1815.429931640625 1303.3927001953125 179.9855932664969 0.0 0.0 0.0 0.0 0.0 0.0 0.0
8033 1819.4422607421875 1303.3927001953125 178.9806897702512 0.0 0.0 0.0 0.0 0.0 0.0 0.0
8047 1823.4547119140625 1303.3927001953125 177.9754382663768 0.0 0.0 0.0 0.0 0.0 0.0 0.0
8059 1827.467041015625 1299.38037109375 176.9617392274261 0.0 0.0 0.0 0.0 0.0 0.0 0.0
8063 1839.5042724609375 1291.3555908203125 173.82356053412605 0.0 0.0 0.0 0.0 0.0 0.0 0.0
8073 1855.5538330078125 1287.3431396484375 169.70036421925772 0.0 0.0 0.0 0.0 0.0 0.0 0.0
8078 1871.6033935546875 1279.318359375 165.34318334263006 0.0 0.0 0.0 0.0 0.0 0.0 0.0
8088 1887.6529541015625 1275.3060302734375 161.19803996885028 0.0 0.0 0.0 0.0 0.0 0.0 0.0
8101 1899.690185546875 1271.2935791015625 158.01808700859752 0.0 0.0 0.0 0.0 0.0 0.0 0.0
8102 1903.7025146484375 1267.2811279296875 156.72210165264326 0.0 0.0 0.0 0.0 0.0 0.0 0.0