0 2000.0 1500.0 0 0.0 0.0 0.0 0.0 0.0 0.0 0.0
71 2000.0 1500.0 0 0.0 0.0 0.0 0.0 0.0 0.0 0.0
87 2000.0 1500.0 0 0.0 0.0 0.0 0.0 0.0 0.0 0.0
104 2000.0 1500.0 0 0.0 0.0 0.0 0.0 0.0 0.0 0.0
121 2000.0 1500.0 0 0.0 0.0 0.0 0.0 0.0 0.0 0.0
154 2000.0 1500.0 0 0.0 0.0 0.0 0.0 0.0 0.0 0.0
171 2000.0 1500.0 0 0.0 0.0 0.0 0.0 0.0 0.0 0.0
188 2000.0 1500.0 0 0.0 0.0 0.0 0.0 0.0 0.0 0.0
204 2000.0 1500.0 0 0.0 0.0 0.0 0.0 0.0 0.0 0.0
221 2000.0 1500.0 0 0.0 0.0 0.0 0.0 0.0 0.0 0.0
238 2126.31591796875 1484.21044921875 352.3115240367444 0.0 0.0 0.0 0.0 0.0 0.0 0.0
254 2221.052734375 1431.578857421875 340.1370718817384 0.0 0.0 0.0 0.0 0.0 0.0 0.0
271 2278.947509765625 1342.105224609375 322.5224903663136 0.0 0.0 0.0 0.0 0.0 0.0 0.0
287 2294.737060546875 1252.6314697265625 305.18640511897945 0.0 0.0 0.0 0.0 0.0 0.0 0.0
304 2268.421142578125 1131.578857421875 281.84974419593425 0.0 0.0 0.0 0.0 0.0 0.0 0.0
321 2163.157958984375 1047.368408203125 251.02009534962735 0.0 0.0 0.0 0.0 0.0 0.0 0.0
337 1973.684326171875 1000.0 215.4078702752529 0.0 0.0 0.0 0.0 0.0 0.0 0.0
354 1726.31591796875 1000.0 188.14266685262146 0.0 0.0 0.0 0.0 0.0 0.0 0.0
371 1473.684326171875 1068.4210205078125 167.47510845755698 0.0 0.0 0.0 0.0 0.0 0.0 0.0
387 1273.684326171875 1178.947265625 151.86447637517094 0.0 0.0 0.0 0.0 0.0 0.0 0.0
404 1142.1053466796875 1315.7894287109375 136.76346135137436 0.0 0.0 0.0 0.0 0.0 0.0 0.0
421 1073.684326171875 1457.8946533203125 121.65265614036818 0.0 0.0 0.0 0.0 0.0 0.0 0.0
437 1073.684326171875 1584.21044921875 104.1506037284932 0.0 0.0 0.0 0.0 0.0 0.0 0.0
454 1157.8948974609375 1678.947265625 77.31915148506386 0.0 0.0 0.0 0.0 0.0 0.0 0.0
471 1321.052734375 1726.315673828125 42.47012599305401 0.0 0.0 0.0 0.0 0.0 0.0 0.0
487 1515.78955078125 1726.315673828125 14.485257075663057 0.0 0.0 0.0 0.0 0.0 0.0 0.0
504 1721.052734375 1668.4210205078125 351.8584359110625 0.0 0.0 0.0 0.0 0.0 0.0 0.0
521 1889.473876953125 1536.842041015625 329.4150532308903 0.0 0.0 0.0 0.0 0.0 0.0 0.0
537 2015.78955078125 1384.21044921875 313.0430713565915 0.0 0.0 0.0 0.0 0.0 0.0 0.0
554 2089.473876953125 1215.7894287109375 297.4701730641277 0.0 0.0 0.0 0.0 0.0 0.0 0.0
571 2105.26318359375 1073.6842041015625 283.1417166637688 0.0 0.0 0.0 0.0 0.0 0.0 0.0
587 2073.684326171875 968.4210205078125 267.78602663029716 0.0 0.0 0.0 0.0 0.0 0.0 0.0
604 1957.894775390625 921.0525512695312 237.69211389785767 0.0 0.0 0.0 0.0 0.0 0.0 0.0
621 1778.947509765625 921.0525512695312 203.44038507763008 0.0 0.0 0.0 0.0 0.0 0.0 0.0
637 1605.2633056640625 1000.0 172.9723064911663 0.0 0.0 0.0 0.0 0.0 0.0 0.0
654 1468.421142578125 1121.0526123046875 149.9210981600423 0.0 0.0 0.0 0.0 0.0 0.0 0.0
671 1400.0001220703125 1263.1578369140625 128.7761509654188 0.0 0.0 0.0 0.0 0.0 0.0 0.0
687 1400.0001220703125 1389.4736328125 108.47980022188307 0.0 0.0 0.0 0.0 0.0 0.0 0.0
704 1473.684326171875 1484.21044921875 82.43470371331557 0.0 0.0 0.0 0.0 0.0 0.0 0.0
721 1626.31591796875 1521.0526123046875 45.84797479700484 0.0 0.0 0.0 0.0 0.0 0.0 0.0
737 1794.7369384765625 1484.21044921875 12.09690214075539 0.0 0.0 0.0 0.0 0.0 0.0 0.0
754 1942.10546875 1363.1578369140625 339.77607355149803 0.0 0.0 0.0 0.0 0.0 0.0 0.0
771 2031.5791015625 1215.7894287109375 315.4803135958755 0.0 0.0 0.0 0.0 0.0 0.0 0.0
787 2057.894775390625 1073.6842041015625 295.04722648443374 0.0 0.0 0.0 0.0 0.0 0.0 0.0
804 2031.5791015625 978.9473266601562 277.313234470404 0.0 0.0 0.0 0.0 0.0 0.0 0.0
821 1942.10546875 942.105224609375 250.18181956090632 0.0 0.0 0.0 0.0 0.0 0.0 0.0
837 1757.8948974609375 963.1578369140625 205.6045819060298 0.0 0.0 0.0 0.0 0.0 0.0 0.0
854 1563.157958984375 1063.1578369140625 170.14391707502193 0.0 0.0 0.0 0.0 0.0 0.0 0.0
871 1389.4737548828125 1210.5262451171875 146.678371722057 0.0 0.0 0.0 0.0 0.0 0.0 0.0
888 1273.684326171875 1384.21044921875 128.17953097037716 0.0 0.0 0.0 0.0 0.0 0.0 0.0
904 1226.31591796875 1547.368408203125 111.99622838776378 0.0 0.0 0.0 0.0 0.0 0.0 0.0
921 1247.3685302734375 1673.6842041015625 94.42163301195279 0.0 0.0 0.0 0.0 0.0 0.0 0.0
938 1363.157958984375 1752.6314697265625 63.98517656202216 0.0 0.0 0.0 0.0 0.0 0.0 0.0
954 1547.3685302734375 1752.6314697265625 25.99279433807135 0.0 0.0 0.0 0.0 0.0 0.0 0.0
971 1768.421142578125 1673.6842041015625 353.458697674994 0.0 0.0 0.0 0.0 0.0 0.0 0.0
987 1978.947509765625 1494.73681640625 325.847730570675 0.0 0.0 0.0 0.0 0.0 0.0 0.0
1004 2126.31591796875 1289.4736328125 307.32310348590886 0.0 0.0 0.0 0.0 0.0 0.0 0.0
1027 2184.210693359375 1110.5262451171875 291.5779224232245 0.0 0.0 0.0 0.0 0.0 0.0 0.0
1037 2184.210693359375 968.4210205078125 277.106734028972 0.0 0.0 0.0 0.0 0.0 0.0 0.0
1055 2094.737060546875 873.6841430664062 251.80947436236556 0.0 0.0 0.0 0.0 0.0 0.0 0.0
1071 1957.894775390625 842.105224609375 221.86100639819017 0.0 0.0 0.0 0.0 0.0 0.0 0.0
1087 1784.2105712890625 868.4210205078125 191.48303300249393 0.0 0.0 0.0 0.0 0.0 0.0 0.0
1105 1626.31591796875 989.4736328125 159.76086227111904 0.0 0.0 0.0 0.0 0.0 0.0 0.0
1121 1500.0001220703125 1157.8946533203125 135.83930029789312 0.0 0.0 0.0 0.0 0.0 0.0 0.0
1137 1452.6317138671875 1342.105224609375 113.85849738318228 0.0 0.0 0.0 0.0 0.0 0.0 0.0
1156 1452.6317138671875 1515.7894287109375 96.57630347251441 0.0 0.0 0.0 0.0 0.0 0.0 0.0
1171 1542.1053466796875 1647.368408203125 72.3088906508641 0.0 0.0 0.0 0.0 0.0 0.0 0.0
1187 1694.7369384765625 1715.7894287109375 43.86304714536732 0.0 0.0 0.0 0.0 0.0 0.0 0.0
1204 1900.0 1715.7894287109375 14.362245430228185 0.0 0.0 0.0 0.0 0.0 0.0 0.0
1221 2126.31591796875 1636.842041015625 348.5323417137881 0.0 0.0 0.0 0.0 0.0 0.0 0.0
1238 2315.78955078125 1484.21044921875 326.1371600491044 0.0 0.0 0.0 0.0 0.0 0.0 0.0
1254 2431.5791015625 1315.7894287109375 308.5473867379619 0.0 0.0 0.0 0.0 0.0 0.0 0.0
1271 2463.157958984375 1147.368408203125 289.426910001582 0.0 0.0 0.0 0.0 0.0 0.0 0.0
1287 2431.5791015625 1000.0 270.02205585240847 0.0 0.0 0.0 0.0 0.0 0.0 0.0
1304 2284.210693359375 884.21044921875 237.8211577156768 0.0 0.0 0.0 0.0 0.0 0.0 0.0
1321 2073.684326171875 836.842041015625 206.86460832012506 0.0 0.0 0.0 0.0 0.0 0.0 0.0
1337 1821.052734375 857.8946533203125 181.55061918536757 0.0 0.0 0.0 0.0 0.0 0.0 0.0
1354 1573.684326171875 978.9473266601562 157.79267231572243 0.0 0.0 0.0 0.0 0.0 0.0 0.0
1371 1352.6317138671875 1157.8946533203125 140.4284769889618 0.0 0.0 0.0 0.0 0.0 0.0 0.0
1387 1205.2633056640625 1368.4210205078125 124.56457763821149 0.0 0.0 0.0 0.0 0.0 0.0 0.0
1404 1142.1053466796875 1573.6842041015625 108.8176836672358 0.0 0.0 0.0 0.0 0.0 0.0 0.0
1421 1142.1053466796875 1757.8946533203125 93.52782986364235 0.0 0.0 0.0 0.0 0.0 0.0 0.0
1437 1247.3685302734375 1889.4736328125 67.79260555959729 0.0 0.0 0.0 0.0 0.0 0.0 0.0
1454 1410.5263671875 1952.6314697265625 39.35158352153016 0.0 0.0 0.0 0.0 0.0 0.0 0.0
1471 1626.31591796875 1952.6314697265625 11.5916332178208 0.0 0.0 0.0 0.0 0.0 0.0 0.0
1487 1857.8948974609375 1847.368408203125 343.61322548937403 0.0 0.0 0.0 0.0 0.0 0.0 0.0
1515 2221.052734375 1473.6842041015625 312.8722987938634 0.0 0.0 0.0 0.0 0.0 0.0 0.0
1516 2221.052734375 1473.6842041015625 312.87225787269864 0.0 0.0 0.0 0.0 0.0 0.0 0.0
1537 2300.0 1268.4210205078125 294.54587131244875 0.0 0.0 0.0 0.0 0.0 0.0 0.0
1554 2305.26318359375 1078.947265625 276.9235935175582 0.0 0.0 0.0 0.0 0.0 0.0 0.0
1571 2252.631591796875 921.0525512695312 259.32030394507836 0.0 0.0 0.0 0.0 0.0 0.0 0.0
1588 2105.26318359375 821.0525512695312 231.3186510176593 0.0 0.0 0.0 0.0 0.0 0.0 0.0
1605 1926.31591796875 789.4736328125 204.9238444059643 0.0 0.0 0.0 0.0 0.0 0.0 0.0
1621 1726.31591796875 815.7894287109375 181.75024865520385 0.0 0.0 0.0 0.0 0.0 0.0 0.0
1637 1531.5791015625 942.105224609375 155.6539980335353 0.0 0.0 0.0 0.0 0.0 0.0 0.0
1654 1363.157958984375 1126.315673828125 135.4475392709528 0.0 0.0 0.0 0.0 0.0 0.0 0.0
1671 1252.6317138671875 1342.105224609375 118.31408127809524 0.0 0.0 0.0 0.0 0.0 0.0 0.0
1687 1205.2633056640625 1568.4210205078125 102.56905584037551 0.0 0.0 0.0 0.0 0.0 0.0 0.0
1704 1221.052734375 1768.4210205078125 87.52501642790315 0.0 0.0 0.0 0.0 0.0 0.0 0.0
1721 1326.31591796875 1921.0526123046875 65.4802370229632 0.0 0.0 0.0 0.0 0.0 0.0 0.0
1737 1489.4737548828125 2005.2630615234375 40.507157181430955 0.0 0.0 0.0 0.0 0.0 0.0 0.0
1754 1689.4737548828125 2010.5262451171875 13.960779158669254 0.0 0.0 0.0 0.0 0.0 0.0 0.0
1771 1915.78955078125 1957.8946533203125 352.21280898092994 0.0 0.0 0.0 0.0 0.0 0.0 0.0
1788 2131.5791015625 1815.7894287109375 330.3005467175832 0.0 0.0 0.0 0.0 0.0 0.0 0.0
1804 2315.78955078125 1631.578857421875 314.4259810555015 0.0 0.0 0.0 0.0 0.0 0.0 0.0
1821 2426.31591796875 1431.578857421875 299.3195612553999 0.0 0.0 0.0 0.0 0.0 0.0 0.0
1837 2473.684326171875 1236.842041015625 285.03571321022787 0.0 0.0 0.0 0.0 0.0 0.0 0.0
1854 2447.368408203125 1063.1578369140625 267.7508166700019 0.0 0.0 0.0 0.0 0.0 0.0 0.0
1871 2321.052734375 921.0525512695312 241.69702453014673 0.0 0.0 0.0 0.0 0.0 0.0 0.0
1887 2131.5791015625 831.5789184570312 215.92355464572495 0.0 0.0 0.0 0.0 0.0 0.0 0.0
1904 1900.0 821.0525512695312 190.6394581327222 0.0 0.0 0.0 0.0 0.0 0.0 0.0
1921 1657.8948974609375 857.8946533203125 172.87261576752024 0.0 0.0 0.0 0.0 0.0 0.0 0.0
1937 1436.8421630859375 973.6841430664062 154.24481545542207 0.0 0.0 0.0 0.0 0.0 0.0 0.0
1954 1263.157958984375 1136.842041015625 137.73816997015302 0.0 0.0 0.0 0.0 0.0 0.0 0.0
1972 1152.6317138671875 1331.578857421875 121.29657224106771 0.0 0.0 0.0 0.0 0.0 0.0 0.0
1987 1115.78955078125 1536.842041015625 103.80712625620731 0.0 0.0 0.0 0.0 0.0 0.0 0.0
2004 1142.1053466796875 1715.7894287109375 86.99135650930265 0.0 0.0 0.0 0.0 0.0 0.0 0.0
2021 1268.421142578125 1868.4210205078125 61.834909862462496 0.0 0.0 0.0 0.0 0.0 0.0 0.0
2039 1473.684326171875 1973.6842041015625 35.8331250676452 0.0 0.0 0.0 0.0 0.0 0.0 0.0
2054 1726.31591796875 2010.5262451171875 12.873201353068424 0.0 0.0 0.0 0.0 0.0 0.0 0.0
2071 1989.473876953125 2000.0 357.0077890500976 0.0 0.0 0.0 0.0 0.0 0.0 0.0
2087 2231.5791015625 1900.0 338.62811100004626 0.0 0.0 0.0 0.0 0.0 0.0 0.0
2104 2436.84228515625 1742.105224609375 322.2631955605844 0.0 0.0 0.0 0.0 0.0 0.0 0.0
2121 2573.684326171875 1563.1578369140625 307.61035160101414 0.0 0.0 0.0 0.0 0.0 0.0 0.0
2137 2647.368408203125 1373.6842041015625 292.8515546478536 0.0 0.0 0.0 0.0 0.0 0.0 0.0
2154 2652.631591796875 1189.4736328125 276.3542852964603 0.0 0.0 0.0 0.0 0.0 0.0 0.0
2171 2600.0 1010.5262451171875 258.9818563009068 0.0 0.0 0.0 0.0 0.0 0.0 0.0
2187 2468.421142578125 857.8946533203125 237.23267827667354 0.0 0.0 0.0 0.0 0.0 0.0 0.0
2204 2289.473876953125 768.4210205078125 215.07627729308 0.0 0.0 0.0 0.0 0.0 0.0 0.0
2221 2063.157958984375 742.105224609375 192.74101035889225 0.0 0.0 0.0 0.0 0.0 0.0 0.0
2238 1810.5263671875 773.6841430664062 174.33635135358128 0.0 0.0 0.0 0.0 0.0 0.0 0.0
2254 1568.421142578125 889.4736328125 155.50222984567807 0.0 0.0 0.0 0.0 0.0 0.0 0.0
2271 1347.3685302734375 1063.1578369140625 140.12969681644594 0.0 0.0 0.0 0.0 0.0 0.0 0.0
2287 1194.7369384765625 1263.1578369140625 125.95734084487626 0.0 0.0 0.0 0.0 0.0 0.0 0.0
2304 1105.2633056640625 1473.6842041015625 112.27870501887065 0.0 0.0 0.0 0.0 0.0 0.0 0.0
2321 1094.7369384765625 1663.1578369140625 96.61376262029478 0.0 0.0 0.0 0.0 0.0 0.0 0.0
2338 1126.31591796875 1821.0526123046875 82.78833589741276 0.0 0.0 0.0 0.0 0.0 0.0 0.0
2354 1252.6317138671875 1931.578857421875 57.387019613396404 0.0 0.0 0.0 0.0 0.0 0.0 0.0
2371 1442.1053466796875 1994.73681640625 30.889195929851468 0.0 0.0 0.0 0.0 0.0 0.0 0.0
2387 1678.947509765625 1994.73681640625 6.753121390914032 0.0 0.0 0.0 0.0 0.0 0.0 0.0
2404 1936.84228515625 1931.578857421875 347.6318728837248 0.0 0.0 0.0 0.0 0.0 0.0 0.0
2421 2184.210693359375 1789.4736328125 329.8000922012569 0.0 0.0 0.0 0.0 0.0 0.0 0.0
2437 2400.0 1605.2630615234375 316.4384349695229 0.0 0.0 0.0 0.0 0.0 0.0 0.0
2454 2578.947509765625 1400.0 306.25830771069906 0.0 0.0 0.0 0.0 0.0 0.0 0.0
2471 2700.0 1205.2630615234375 297.33318614237896 0.0 0.0 0.0 0.0 0.0 0.0 0.0
2487 2757.894775390625 1026.315673828125 286.6593893800165 0.0 0.0 0.0 0.0 0.0 0.0 0.0
2504 2757.894775390625 863.1578369140625 273.32881481153106 0.0 0.0 0.0 0.0 0.0 0.0 0.0
2521 2694.737060546875 731.5789184570312 255.3958750576465 0.0 0.0 0.0 0.0 0.0 0.0 0.0
2537 2557.894775390625 642.105224609375 230.08406208667304 0.0 0.0 0.0 0.0 0.0 0.0 0.0
2554 2363.157958984375 621.0525512695312 201.2605834280145 0.0 0.0 0.0 0.0 0.0 0.0 0.0
2571 2126.31591796875 647.3683471679688 178.94840496921967 0.0 0.0 0.0 0.0 0.0 0.0 0.0
2588 1863.157958984375 757.8946533203125 158.50376612787267 0.0 0.0 0.0 0.0 0.0 0.0 0.0
2604 1610.5263671875 915.7894287109375 144.74672607609116 0.0 0.0 0.0 0.0 0.0 0.0 0.0
2621 1400.0001220703125 1121.0526123046875 131.982356705534 0.0 0.0 0.0 0.0 0.0 0.0 0.0
2637 1247.3685302734375 1347.368408203125 120.21070941122386 0.0 0.0 0.0 0.0 0.0 0.0 0.0
2654 1152.6317138671875 1578.947265625 108.87050602566342 0.0 0.0 0.0 0.0 0.0 0.0 0.0
2671 1131.5791015625 1805.2630615234375 94.88360289886288 0.0 0.0 0.0 0.0 0.0 0.0 0.0
2688 1157.8948974609375 2000.0 82.3294871205191 0.0 0.0 0.0 0.0 0.0 0.0 0.0
2704 1278.947509765625 2163.1578369140625 60.939643166717985 0.0 0.0 0.0 0.0 0.0 0.0 0.0
2721 1463.157958984375 2289.4735107421875 39.89034442439592 0.0 0.0 0.0 0.0 0.0 0.0 0.0
2737 1705.2633056640625 2368.4210205078125 20.327238761266585 0.0 0.0 0.0 0.0 0.0 0.0 0.0
2754 1963.157958984375 2415.7894287109375 7.602504158743656 0.0 0.0 0.0 0.0 0.0 0.0 0.0