0 2000.0 1500.0 0 0.0 0.0 0.0 0.0 0.0 0.0 0.0
66 2000.0 1500.0 0 0.0 0.0 0.0 0.0 0.0 0.0 0.0
91 2000.0 1500.0 0 0.0 0.0 0.0 0.0 0.0 0.0 0.0
103 2000.0 1500.0 0 0.0 0.0 0.0 0.0 0.0 0.0 0.0
113 2000.0 1500.0 0 0.0 0.0 0.0 0.0 0.0 0.0 0.0
137 2000.0 1500.0 0 0.0 0.0 0.0 0.0 0.0 0.0 0.0
150 2000.0 1500.0 0 0.0 0.0 0.0 0.0 0.0 0.0 0.0
160 2000.0 1500.0 0 0.0 0.0 0.0 0.0 0.0 0.0 0.0
174 2000.0 1500.0 0 0.0 0.0 0.0 0.0 0.0 0.0 0.0
197 2000.0 1500.0 0 0.0 0.0 0.0 0.0 0.0 0.0 0.0
211 1971.923583984375 1482.1331787109375 2.5388760302964783 0.0 0.0 0.0 0.0 0.0 0.0 0.0
222 1954.056640625 1474.4759521484375 2.5443498892916523 0.0 0.0 0.0 0.0 0.0 0.0 0.0
249 1928.5325927734375 1456.6090087890625 4.949175369706268 0.0 0.0 0.0 0.0 0.0 0.0 0.0
259 1918.3228759765625 1446.3994140625 6.984096813877159 0.0 0.0 0.0 0.0 0.0 0.0 0.0
286 1910.6656494140625 1438.7421875 8.390138516252591 0.0 0.0 0.0 0.0 0.0 0.0 0.0
298 1900.4560546875 1428.5325927734375 10.072128349365698 0.0 0.0 0.0 0.0 0.0 0.0 0.0
309 1882.589111328125 1410.6656494140625 12.520321956556813 0.0 0.0 0.0 0.0 0.0 0.0 0.0
319 1864.7222900390625 1374.931884765625 19.878521405472043 0.0 0.0 0.0 0.0 0.0 0.0 0.0
349 1857.0650634765625 1339.1981201171875 28.26421141844486 0.0 0.0 0.0 0.0 0.0 0.0 0.0
380 1846.8553466796875 1303.46435546875 34.07918664115198 0.0 0.0 0.0 0.0 0.0 0.0 0.0
414 1846.8553466796875 1267.730712890625 41.87978537766128 0.0 0.0 0.0 0.0 0.0 0.0 0.0
425 1854.5125732421875 1242.20654296875 49.402923920686874 0.0 0.0 0.0 0.0 0.0 0.0 0.0
449 1872.3795166015625 1214.1300048828125 59.93932583645778 0.0 0.0 0.0 0.0 0.0 0.0 0.0
458 1882.589111328125 1188.60595703125 65.55240952584802 0.0 0.0 0.0 0.0 0.0 0.0 0.0
483 1900.4560546875 1152.8721923828125 72.93351904550786 0.0 0.0 0.0 0.0 0.0 0.0 0.0
495 1918.3228759765625 1135.0052490234375 79.72158615685538 0.0 0.0 0.0 0.0 0.0 0.0 0.0
505 1925.9801025390625 1117.138427734375 81.48471339482438 0.0 0.0 0.0 0.0 0.0 0.0 0.0
530 1943.8470458984375 1099.271484375 86.97452633806375 0.0 0.0 0.0 0.0 0.0 0.0 0.0
540 1971.923583984375 1071.195068359375 93.62197953517409 0.0 0.0 0.0 0.0 0.0 0.0 0.0
565 1997.4476318359375 1045.6708984375 98.33058284008746 0.0 0.0 0.0 0.0 0.0 0.0 0.0
578 2043.3909912109375 1017.5944213867188 107.31180561985224 0.0 0.0 0.0 0.0 0.0 0.0 0.0
588 2061.2579345703125 1009.9371337890625 111.18592038278922 0.0 0.0 0.0 0.0 0.0 0.0 0.0
604 2114.8585205078125 981.8606567382812 117.98144400739193 0.0 0.0 0.0 0.0 0.0 0.0 0.0
613 2132.7254638671875 974.2034301757812 120.46400585291306 0.0 0.0 0.0 0.0 0.0 0.0 0.0
639 2176.116455078125 946.1268920898438 122.25616913727157 0.0 0.0 0.0 0.0 0.0 0.0 0.0
650 2229.717041015625 928.260009765625 128.1595694113435 0.0 0.0 0.0 0.0 0.0 0.0 0.0
666 2275.660400390625 910.3931274414062 131.0315903626569 0.0 0.0 0.0 0.0 0.0 0.0 0.0
675 2311.394287109375 902.7359008789062 134.76739293728053 0.0 0.0 0.0 0.0 0.0 0.0 0.0
701 2347.1279296875 884.8690185546875 134.28452395690286 0.0 0.0 0.0 0.0 0.0 0.0 0.0
711 2400.728515625 867.0021362304688 136.39671030362473 0.0 0.0 0.0 0.0 0.0 0.0 0.0
738 2454.3291015625 856.79248046875 140.16834395844913 0.0 0.0 0.0 0.0 0.0 0.0 0.0
750 2490.06298828125 849.13525390625 141.81155748465204 0.0 0.0 0.0 0.0 0.0 0.0 0.0
760 2497.72021484375 849.13525390625 142.83908018338713 0.0 0.0 0.0 0.0 0.0 0.0 0.0
774 2525.796630859375 849.13525390625 145.92055146770136 0.0 0.0 0.0 0.0 0.0 0.0 0.0
801 2543.66357421875 849.13525390625 147.63490248200463 0.0 0.0 0.0 0.0 0.0 0.0 0.0
812 2569.187744140625 856.79248046875 152.63751709972672 0.0 0.0 0.0 0.0 0.0 0.0 0.0
822 2604.92138671875 864.4497680664062 156.95876912622998 0.0 0.0 0.0 0.0 0.0 0.0 0.0
849 2650.86474609375 874.6593627929688 161.11606451967242 0.0 0.0 0.0 0.0 0.0 0.0 0.0
861 2668.731689453125 892.5262451171875 168.16901220902815 0.0 0.0 0.0 0.0 0.0 0.0 0.0
872 2686.5986328125 900.1834716796875 170.14233661337357 0.0 0.0 0.0 0.0 0.0 0.0 0.0
886 2704.46533203125 918.0503540039062 175.84117805675788 0.0 0.0 0.0 0.0 0.0 0.0 0.0
897 2722.332275390625 928.260009765625 177.75373653948887 0.0 0.0 0.0 0.0 0.0 0.0 0.0
924 2747.8564453125 953.7841186523438 183.7568116699257 0.0 0.0 0.0 0.0 0.0 0.0 0.0
935 2775.932861328125 999.7275390625 194.0811787617723 0.0 0.0 0.0 0.0 0.0 0.0 0.0
960 2801.45703125 1043.1185302734375 201.2855993112138 0.0 0.0 0.0 0.0 0.0 0.0 0.0
972 2829.53369140625 1089.0618896484375 206.38147846746267 0.0 0.0 0.0 0.0 0.0 0.0 0.0
985 2837.19091796875 1106.9288330078125 209.07705861647662 0.0 0.0 0.0 0.0 0.0 0.0 0.0
995 2865.267333984375 1160.5294189453125 213.27565305953377 0.0 0.0 0.0 0.0 0.0 0.0 0.0
1020 2890.79150390625 1214.1300048828125 216.76244956490132 0.0 0.0 0.0 0.0 0.0 0.0 0.0
1032 2908.658203125 1257.52099609375 219.60879993182652 0.0 0.0 0.0 0.0 0.0 0.0 0.0
1042 2918.867919921875 1285.5975341796875 221.53511601743966 0.0 0.0 0.0 0.0 0.0 0.0 0.0
1056 2936.73486328125 1346.8553466796875 225.5171957986918 0.0 0.0 0.0 0.0 0.0 0.0 0.0
1081 2944.39208984375 1382.589111328125 228.22923123633393 0.0 0.0 0.0 0.0 0.0 0.0 0.0
1093 2954.601806640625 1410.6656494140625 228.45957888198618 0.0 0.0 0.0 0.0 0.0 0.0 0.0
1104 2954.601806640625 1428.5325927734375 231.10151553994484 0.0 0.0 0.0 0.0 0.0 0.0 0.0
1130 2962.259033203125 1454.056640625 231.38546224207357 0.0 0.0 0.0 0.0 0.0 0.0 0.0
1146 2962.259033203125 1489.7904052734375 235.44472810406165 0.0 0.0 0.0 0.0 0.0 0.0 0.0
1153 2962.259033203125 1500.0 236.5161082814152 0.0 0.0 0.0 0.0 0.0 0.0 0.0
1167 2962.259033203125 1517.866943359375 238.1554471680032 0.0 0.0 0.0 0.0 0.0 0.0 0.0
1193 2954.601806640625 1543.3909912109375 243.070473851465 0.0 0.0 0.0 0.0 0.0 0.0 0.0
1208 2946.944580078125 1561.2579345703125 247.02536584808752 0.0 0.0 0.0 0.0 0.0 0.0 0.0
1216 2936.73486328125 1579.124755859375 251.52355231565187 0.0 0.0 0.0 0.0 0.0 0.0 0.0
1229 2936.73486328125 1589.33447265625 251.3575526281332 0.0 0.0 0.0 0.0 0.0 0.0 0.0
1254 2911.210693359375 1607.2012939453125 261.4179850842408 0.0 0.0 0.0 0.0 0.0 0.0 0.0
1268 2901.0009765625 1607.2012939453125 266.03296782037194 0.0 0.0 0.0 0.0 0.0 0.0 0.0
1277 2883.13427734375 1625.068115234375 270.80182268150793 0.0 0.0 0.0 0.0 0.0 0.0 0.0
1302 2847.400390625 1632.7254638671875 282.9328365076021 0.0 0.0 0.0 0.0 0.0 0.0 0.0
1314 2829.53369140625 1642.93505859375 286.7129453284134 0.0 0.0 0.0 0.0 0.0 0.0 0.0
1324 2821.876220703125 1650.59228515625 287.338741519622 0.0 0.0 0.0 0.0 0.0 0.0 0.0
1337 2793.7998046875 1660.8018798828125 293.5001399189525 0.0 0.0 0.0 0.0 0.0 0.0 0.0
1364 2775.932861328125 1660.8018798828125 298.96749804906926 0.0 0.0 0.0 0.0 0.0 0.0 0.0
1374 2750.408935546875 1668.4591064453125 303.16653054018855 0.0 0.0 0.0 0.0 0.0 0.0 0.0
1390 2732.5419921875 1678.6688232421875 304.1017731723428 0.0 0.0 0.0 0.0 0.0 0.0 0.0
1401 2714.675048828125 1686.3260498046875 305.75933510882055 0.0 0.0 0.0 0.0 0.0 0.0 0.0
1426 2696.80810546875 1686.3260498046875 309.9061625465725 0.0 0.0 0.0 0.0 0.0 0.0 0.0
1438 2668.731689453125 1696.53564453125 311.7742416862061 0.0 0.0 0.0 0.0 0.0 0.0 0.0
1448 2661.074462890625 1704.19287109375 310.3683079368563 0.0 0.0 0.0 0.0 0.0 0.0 0.0
1462 2632.998046875 1704.19287109375 315.6921531286661 0.0 0.0 0.0 0.0 0.0 0.0 0.0
1484 2625.3408203125 1714.402587890625 312.98525090343776 0.0 0.0 0.0 0.0 0.0 0.0 0.0
1496 2607.473876953125 1714.402587890625 316.2895732069383 0.0 0.0 0.0 0.0 0.0 0.0 0.0
1524 2589.60693359375 1714.402587890625 319.1962278924825 0.0 0.0 0.0 0.0 0.0 0.0 0.0
1536 2571.739990234375 1722.059814453125 318.78078741240427 0.0 0.0 0.0 0.0 0.0 0.0 0.0
1546 2561.530517578125 1722.059814453125 320.349916206957 0.0 0.0 0.0 0.0 0.0 0.0 0.0
1560 2543.66357421875 1722.059814453125 322.75925337430465 0.0 0.0 0.0 0.0 0.0 0.0 0.0
1582 2525.796630859375 1722.059814453125 324.8696085242789 0.0 0.0 0.0 0.0 0.0 0.0 0.0
1623 2518.139404296875 1722.059814453125 325.72178750638056 0.0 0.0 0.0 0.0 0.0 0.0 0.0
1645 2518.139404296875 1732.2694091796875 321.14672827033314 0.0 0.0 0.0 0.0 0.0 0.0 0.0
1671 2507.9296875 1732.2694091796875 322.54081394810004 0.0 0.0 0.0 0.0 0.0 0.0 0.0
1712 2500.2724609375 1732.2694091796875 323.5267186696678 0.0 0.0 0.0 0.0 0.0 0.0 0.0
1761 2490.06298828125 1732.2694091796875 324.7427611598954 0.0 0.0 0.0 0.0 0.0 0.0 0.0
1811 2482.40576171875 1732.2694091796875 325.6022592361652 0.0 0.0 0.0 0.0 0.0 0.0 0.0
1844 2464.538818359375 1732.2694091796875 327.3566740149162 0.0 0.0 0.0 0.0 0.0 0.0 0.0
1869 2454.3291015625 1732.2694091796875 328.28283529861176 0.0 0.0 0.0 0.0 0.0 0.0 0.0
1919 2446.671875 1732.2694091796875 328.93697363363185 0.0 0.0 0.0 0.0 0.0 0.0 0.0
1951 2418.595458984375 1724.6121826171875 333.81741217499916 0.0 0.0 0.0 0.0 0.0 0.0 0.0
1976 2400.728515625 1724.6121826171875 334.5294834211291 0.0 0.0 0.0 0.0 0.0 0.0 0.0
2004 2382.861572265625 1724.6121826171875 335.15055844850946 0.0 0.0 0.0 0.0 0.0 0.0 0.0
2014 2375.204345703125 1724.6121826171875 335.40098238669805 0.0 0.0 0.0 0.0 0.0 0.0 0.0
2038 2364.994873046875 1724.6121826171875 335.7090776447176 0.0 0.0 0.0 0.0 0.0 0.0 0.0
2048 2339.470703125 1714.402587890625 340.3265050483742 0.0 0.0 0.0 0.0 0.0 0.0 0.0
2075 2321.603759765625 1714.402587890625 340.2052663947625 0.0 0.0 0.0 0.0 0.0 0.0 0.0
2087 2293.52734375 1714.402587890625 340.0504383647568 0.0 0.0 0.0 0.0 0.0 0.0 0.0
2097 2285.8701171875 1714.402587890625 340.0107457635047 0.0 0.0 0.0 0.0 0.0 0.0 0.0
2110 2275.660400390625 1706.745361328125 343.28530234248615 0.0 0.0 0.0 0.0 0.0 0.0 0.0
2136 2268.003173828125 1706.745361328125 343.05406315496737 0.0 0.0 0.0 0.0 0.0 0.0 0.0
2147 2250.13623046875 1706.745361328125 342.58354399126574 0.0 0.0 0.0 0.0 0.0 0.0 0.0
2172 2239.9267578125 1706.745361328125 342.3354864905351 0.0 0.0 0.0 0.0 0.0 0.0 0.0
2198 2222.059814453125 1696.53564453125 346.1274045339477 0.0 0.0 0.0 0.0 0.0 0.0 0.0
2208 2204.19287109375 1688.87841796875 348.3757843960583 0.0 0.0 0.0 0.0 0.0 0.0 0.0
2269 2196.53564453125 1688.87841796875 347.8445674452015 0.0 0.0 0.0 0.0 0.0 0.0 0.0
2291 2186.325927734375 1678.6688232421875 351.5376312068903 0.0 0.0 0.0 0.0 0.0 0.0 0.0
2319 2186.325927734375 1671.0115966796875 355.0150852021959 0.0 0.0 0.0 0.0 0.0 0.0 0.0
2329 2178.668701171875 1660.8018798828125 358.39085571776343 0.0 0.0 0.0 0.0 0.0 0.0 0.0
2375 2178.668701171875 1653.1446533203125 1.7304512204630669 0.0 0.0 0.0 0.0 0.0 0.0 0.0
2408 2168.459228515625 1635.27783203125 6.972043988054452 0.0 0.0 0.0 0.0 0.0 0.0 0.0
2458 2168.459228515625 1625.068115234375 11.069944542103997 0.0 0.0 0.0 0.0 0.0 0.0 0.0
2499 2168.459228515625 1607.2012939453125 17.691895265446192 0.0 0.0 0.0 0.0 0.0 0.0 0.0
2532 2168.459228515625 1599.5440673828125 20.415106424847636 0.0 0.0 0.0 0.0 0.0 0.0 0.0
2565 2168.459228515625 1589.33447265625 23.850880462335112 0.0 0.0 0.0 0.0 0.0 0.0 0.0
2598 2168.459228515625 1581.67724609375 26.31582994798481 0.0 0.0 0.0 0.0 0.0 0.0 0.0
2673 2168.459228515625 1571.467529296875 29.40845848882475 0.0 0.0 0.0 0.0 0.0 0.0 0.0