0 2350.0 1500.0 0 1650.0 1500.0 0 0.0 0.0 0.0 0.0
40 2350.0 1500.0 0 1650.0 1500.0 0 0.0 0.0 0.0 0.0
93 2350.0 1500.0 0 1650.0 1500.0 0 0.0 0.0 0.0 0.0
126 2350.0 1500.0 0 1650.0 1500.0 0 0.0 0.0 0.0 0.0
159 2350.0 1500.0 0 1650.0 1500.0 0 0.0 0.0 0.0 0.0
160 2350.0 1500.0 0 1650.0 1500.0 0 0.0 0.0 0.0 0.0
194 2350.0 1500.0 0 1650.0 1500.0 0 0.0 0.0 0.0 0.0
195 2350.0 1500.0 0 1650.0 1500.0 0.0 0.0 0.0 0.0 0.0
210 2350.0 1500.0 0 1626.2845458984375 1500.0 358.36014336799207 0.0 0.0 0.0 0.0
242 2350.0 1500.0 0 1578.853759765625 1500.0 356.3038781801266 0.0 0.0 0.0 0.0
243 2350.0 1500.0 0 1578.853759765625 1500.0 356.30384843287976 0.0 0.0 0.0 0.0
275 2350.0 1500.0 0 1551.185791015625 1500.0 355.41398165527113 0.0 0.0 0.0 0.0
276 2350.0 1500.0 0 1551.185791015625 1500.0 355.41399448776275 0.0 0.0 0.0 0.0
294 2350.0 1500.0 0 1547.233154296875 1500.0 355.29289037414924 0.0 0.0 0.0 0.0
376 2350.0 1500.0 0 1551.185791015625 1500.0 355.42030217351345 0.0 0.0 0.0 0.0
409 2350.0 1500.0 0 1551.185791015625 1503.95263671875 352.56937882842965 0.0 0.0 0.0 0.0
441 2350.0 1500.0 0 1547.233154296875 1507.9051513671875 349.87108705757583 0.0 0.0 0.0 0.0
460 2350.0 1500.0 0 1535.37548828125 1511.8577880859375 347.7875237528954 0.0 0.0 0.0 0.0
476 2350.0 1500.0 0 1531.4229736328125 1515.810302734375 345.33470720891 0.0 0.0 0.0 0.0
492 2350.0 1500.0 0 1527.4703369140625 1515.810302734375 345.69022277472624 0.0 0.0 0.0 0.0
509 2350.0 1500.0 0 1523.517822265625 1515.810302734375 346.0290600359613 0.0 0.0 0.0 0.0
526 2350.0 1500.0 0 1519.565185546875 1515.810302734375 346.3519265443546 0.0 0.0 0.0 0.0
624 2350.0 1500.0 0 1523.517822265625 1515.810302734375 346.012309096549 0.0 0.0 0.0 0.0
2357 2302.569091796875 1531.6204833984375 28.245926647786334 1523.517822265625 1515.810302734375 346.012309096549 0.0 0.0 0.0 0.0
2358 2302.569091796875 1531.6204833984375 28.245911006701434 1523.517822265625 1515.810302734375 346.012309096549 0.0 0.0 0.0 0.0
2373 2270.948486328125 1531.6204833984375 39.87233959196551 1523.517822265625 1515.810302734375 346.012309096549 0.0 0.0 0.0 0.0
2390 2223.517822265625 1531.6204833984375 63.303027478776 1523.517822265625 1515.810302734375 346.012309096549 0.0 0.0 0.0 0.0
2406 2183.991943359375 1531.6204833984375 84.17821558846013 1523.517822265625 1515.810302734375 346.012309096549 0.0 0.0 0.0 0.0
2423 2152.37158203125 1527.66796875 100.67873658081272 1523.517822265625 1515.810302734375 346.012309096549 0.0 0.0 0.0 0.0
2439 2116.79833984375 1519.7628173828125 118.52712844126857 1523.517822265625 1515.810302734375 346.012309096549 0.0 0.0 0.0 0.0
2456 2093.0830078125 1507.9051513671875 131.504356013892 1523.517822265625 1515.810302734375 346.012309096549 0.0 0.0 0.0 0.0
2473 2073.320068359375 1488.1422119140625 145.5464131670139 1523.517822265625 1515.810302734375 346.012309096549 0.0 0.0 0.0 0.0
2490 2057.509765625 1468.37939453125 157.79789807619846 1523.517822265625 1515.810302734375 346.012309096549 0.0 0.0 0.0 0.0
2507 2041.699462890625 1456.521728515625 165.22774670742785 1523.517822265625 1515.810302734375 346.012309096549 0.0 0.0 0.0 0.0
2523 2029.841796875 1448.6165771484375 169.83954665950318 1523.517822265625 1515.810302734375 346.012309096549 0.0 0.0 0.0 0.0
2540 2021.936767578125 1440.71142578125 173.9903084522628 1523.517822265625 1515.810302734375 346.012309096549 0.0 0.0 0.0 0.0
2557 2017.984130859375 1436.7587890625 175.99281444055225 1523.517822265625 1515.810302734375 346.012309096549 0.0 0.0 0.0 0.0
2606 2021.936767578125 1436.7587890625 176.03362109949308 1523.517822265625 1515.810302734375 346.012309096549 0.0 0.0 0.0 0.0
2623 2033.79443359375 1436.7587890625 176.1706661190612 1523.517822265625 1515.810302734375 346.012309096549 0.0 0.0 0.0 0.0
2640 2041.699462890625 1436.7587890625 176.26905237440417 1523.517822265625 1515.810302734375 346.012309096549 0.0 0.0 0.0 0.0
2657 2049.604736328125 1440.71142578125 174.17617006381346 1523.517822265625 1515.810302734375 346.012309096549 0.0 0.0 0.0 0.0
2673 2053.557373046875 1440.71142578125 174.14982757288828 1523.517822265625 1515.810302734375 346.012309096549 0.0 0.0 0.0 0.0
2723 2045.652099609375 1440.71142578125 174.1989605761977 1523.517822265625 1515.810302734375 346.012309096549 0.0 0.0 0.0 0.0
2740 2033.79443359375 1444.6639404296875 172.42242431379998 1523.517822265625 1515.810302734375 346.012309096549 0.0 0.0 0.0 0.0
2757 2021.936767578125 1448.6165771484375 170.82011947766125 1523.517822265625 1515.810302734375 346.012309096549 0.0 0.0 0.0 0.0
2774 2006.12646484375 1452.569091796875 169.54737126103885 1523.517822265625 1515.810302734375 346.012309096549 0.0 0.0 0.0 0.0
2790 1994.268798828125 1456.521728515625 168.2295169928998 1523.517822265625 1515.810302734375 346.012309096549 0.0 0.0 0.0 0.0
2807 1978.45849609375 1460.4742431640625 167.28618509539046 1523.517822265625 1515.810302734375 346.012309096549 0.0 0.0 0.0 0.0
2823 1958.695556640625 1464.4268798828125 166.71630720760038 1523.517822265625 1515.810302734375 346.012309096549 0.0 0.0 0.0 0.0
2840 1942.88525390625 1468.37939453125 165.9659621141917 1523.517822265625 1515.810302734375 346.012309096549 0.0 0.0 0.0 0.0
2857 1923.1224365234375 1472.3319091796875 165.5989630140577 1523.517822265625 1515.810302734375 346.012309096549 0.0 0.0 0.0 0.0
2873 1907.312255859375 1476.2845458984375 164.99133834563213 1523.517822265625 1515.810302734375 346.012309096549 0.0 0.0 0.0 0.0
2890 1891.501953125 1476.2845458984375 166.22212086137716 1523.517822265625 1515.810302734375 346.012309096549 0.0 0.0 0.0 0.0
2907 1871.739013671875 1476.2845458984375 167.52984373983236 1523.517822265625 1515.810302734375 346.012309096549 0.0 0.0 0.0 0.0
2923 1855.9288330078125 1476.2845458984375 168.44625856951313 1523.517822265625 1515.810302734375 346.012309096549 0.0 0.0 0.0 0.0
2940 1844.071044921875 1476.2845458984375 169.06754428371733 1523.517822265625 1515.810302734375 346.012309096549 0.0 0.0 0.0 0.0
2957 1836.1658935546875 1476.2845458984375 169.45429180713649 1523.517822265625 1515.810302734375 346.012309096549 0.0 0.0 0.0 0.0
2974 1832.21337890625 1476.2845458984375 169.64105702746303 1523.517822265625 1515.810302734375 346.012309096549 0.0 0.0 0.0 0.0
3156 1832.21337890625 1472.3319091796875 171.68006918202434 1523.517822265625 1515.810302734375 346.012309096549 0.0 0.0 0.0 0.0
3623 1832.21337890625 1472.3319091796875 171.68006918202434 1520.3588485717773 1463.4667587280273 347.95115354815573 0.0 0.0 0.0 0.0
3661 1832.21337890625 1472.3319091796875 171.68006918202434 1492.6908798217773 1459.5141220092773 352.06177893238294 0.0 0.0 0.0 0.0
3674 1832.21337890625 1472.3319091796875 171.68006918202434 1480.8330917358398 1459.5141220092773 354.6353606907861 0.0 0.0 0.0 0.0
3690 1832.21337890625 1472.3319091796875 171.68006918202434 1465.0227890014648 1459.5141220092773 358.4344702986749 0.0 0.0 0.0 0.0
3707 1832.21337890625 1472.3319091796875 171.68006918202434 1453.1651229858398 1459.5141220092773 1.4953106792716255 0.0 0.0 0.0 0.0
3724 1832.21337890625 1472.3319091796875 171.68006918202434 1437.3548202514648 1451.6089706420898 3.1941998796490907 0.0 0.0 0.0 0.0
3740 1832.21337890625 1472.3319091796875 171.68006918202434 1425.4971542358398 1427.8936386108398 357.83361822395136 0.0 0.0 0.0 0.0
3757 1832.21337890625 1472.3319091796875 171.68006918202434 1405.7343368530273 1408.1306991577148 355.1803819278659 0.0 0.0 0.0 0.0
3773 1832.21337890625 1472.3319091796875 171.68006918202434 1393.8765487670898 1392.3205184936523 351.7280976778287 0.0 0.0 0.0 0.0
3790 1832.21337890625 1472.3319091796875 171.68006918202434 1378.0663681030273 1380.4627304077148 350.31271428106885 0.0 0.0 0.0 0.0
3807 1832.21337890625 1472.3319091796875 171.68006918202434 1366.2085800170898 1372.5575790405273 349.5391539261331 0.0 0.0 0.0 0.0
3823 1832.21337890625 1472.3319091796875 171.68006918202434 1350.3983993530273 1364.6524276733398 349.4879915366747 0.0 0.0 0.0 0.0
3840 1832.21337890625 1472.3319091796875 171.68006918202434 1334.5880966186523 1360.6999130249023 351.1050727024666 0.0 0.0 0.0 0.0
3857 1832.21337890625 1472.3319091796875 171.68006918202434 1318.7777938842773 1356.7473983764648 352.93210343438034 0.0 0.0 0.0 0.0
3873 1832.21337890625 1472.3319091796875 171.68006918202434 1306.9201278686523 1352.7947616577148 354.04252510261506 0.0 0.0 0.0 0.0
3891 1832.21337890625 1472.3319091796875 171.68006918202434 1295.0623397827148 1352.7947616577148 356.77217662193647 0.0 0.0 0.0 0.0
3907 1832.21337890625 1472.3319091796875 171.68006918202434 1287.1571884155273 1352.7947616577148 358.68237200588385 0.0 0.0 0.0 0.0
3925 1832.21337890625 1472.3319091796875 171.68006918202434 1279.2520370483398 1352.7947616577148 0.6855017331153874 0.0 0.0 0.0 0.0
3940 1832.21337890625 1472.3319091796875 171.68006918202434 1275.2995223999023 1352.7947616577148 1.7102143345859986 0.0 0.0 0.0 0.0
3957 1832.21337890625 1472.3319091796875 171.68006918202434 1271.3470077514648 1352.7947616577148 2.758383791729102 0.0 0.0 0.0 0.0
3973 1832.21337890625 1472.3319091796875 171.68006918202434 1263.4418563842773 1352.7947616577148 4.9511872719475605 0.0 0.0 0.0 0.0
3990 1832.21337890625 1472.3319091796875 171.68006918202434 1247.6315536499023 1352.7947616577148 9.7375996318722 0.0 0.0 0.0 0.0
4007 1832.21337890625 1472.3319091796875 171.68006918202434 1216.0109481811523 1352.7947616577148 20.958947182161154 0.0 0.0 0.0 0.0
4023 1832.21337890625 1472.3319091796875 171.68006918202434 1184.3904647827148 1352.7947616577148 33.474003903685 0.0 0.0 0.0 0.0
4040 1832.21337890625 1472.3319091796875 171.68006918202434 1160.6750106811523 1356.7473983764648 43.5623088337029 0.0 0.0 0.0 0.0
4057 1832.21337890625 1472.3319091796875 171.68006918202434 1129.0545272827148 1356.7473983764648 56.85589200671254 0.0 0.0 0.0 0.0
4073 1832.21337890625 1472.3319091796875 171.68006918202434 1113.2442245483398 1356.7473983764648 63.368576694594395 0.0 0.0 0.0 0.0
4090 1832.21337890625 1472.3319091796875 171.68006918202434 1101.3864364624023 1356.7473983764648 68.15902059166785 0.0 0.0 0.0 0.0
4107 1832.21337890625 1472.3319091796875 171.68006918202434 1093.4814071655273 1356.7473983764648 71.29936367255772 0.0 0.0 0.0 0.0
4140 1832.21337890625 1472.3319091796875 171.68006918202434 1093.4814071655273 1360.6999130249023 70.8036564323275 0.0 0.0 0.0 0.0
4190 1832.21337890625 1472.3319091796875 171.68006918202434 1097.4339218139648 1360.6999130249023 69.21662684974007 0.0 0.0 0.0 0.0
4207 1832.21337890625 1472.3319091796875 171.68006918202434 1101.3864364624023 1360.6999130249023 67.61756624629703 0.0 0.0 0.0 0.0
4723 2243.7597427368164 1527.992733001709 179.27683546744026 1101.3864364624023 1360.6999130249023 67.61756624629703 0.0 0.0 0.0 0.0
4740 2235.8547134399414 1527.992733001709 180.39575006788084 1101.3864364624023 1360.6999130249023 67.61756624629703 0.0 0.0 0.0 0.0
4757 2223.9970474243164 1520.0875816345215 177.86183055055776 1101.3864364624023 1360.6999130249023 67.61756624629703 0.0 0.0 0.0 0.0
4773 2208.1867446899414 1512.182430267334 175.42654422638628 1101.3864364624023 1360.6999130249023 67.61756624629703 0.0 0.0 0.0 0.0
4790 2188.4238052368164 1500.324764251709 170.42502529436678 1101.3864364624023 1360.6999130249023 67.61756624629703 0.0 0.0 0.0 0.0
4807 2152.8508071899414 1484.514461517334 161.27475883827069 1101.3864364624023 1360.6999130249023 67.61756624629703 0.0 0.0 0.0 0.0
4823 2121.2302017211914 1468.7042808532715 149.04262989238117 1101.3864364624023 1360.6999130249023 67.61756624629703 0.0 0.0 0.0 0.0
4840 2085.657081604004 1452.8939781188965 132.1788005966875 1101.3864364624023 1360.6999130249023 67.61756624629703 0.0 0.0 0.0 0.0
4856 2046.131446838379 1441.036190032959 111.94202387454251 1101.3864364624023 1360.6999130249023 67.61756624629703 0.0 0.0 0.0 0.0
4873 2002.653175354004 1433.131160736084 88.651160372596 1101.3864364624023 1360.6999130249023 67.61756624629703 0.0 0.0 0.0 0.0
4890 1955.222267150879 1433.131160736084 63.92445873403062 1101.3864364624023 1360.6999130249023 67.61756624629703 0.0 0.0 0.0 0.0
4907 1911.743995666504 1433.131160736084 44.22557316706951 1101.3864364624023 1360.6999130249023 67.61756624629703 0.0 0.0 0.0 0.0
4924 1872.218360900879 1441.036190032959 27.1976555681199 1101.3864364624023 1360.6999130249023 67.61756624629703 0.0 0.0 0.0 0.0
4940 1832.6926040649414 1452.8939781188965 12.172624831205667 1101.3864364624023 1360.6999130249023 67.61756624629703 0.0 0.0 0.0 0.0
4957 1801.072120666504 1456.846492767334 4.628809581517089 1101.3864364624023 1360.6999130249023 67.61756624629703 0.0 0.0 0.0 0.0
4973 1781.3093032836914 1460.799129486084 359.9462744583088 1101.3864364624023 1360.6999130249023 67.61756624629703 0.0 0.0 0.0 0.0
4990 1761.5463638305664 1460.799129486084 357.6239299495246 1101.3864364624023 1360.6999130249023 67.61756624629703 0.0 0.0 0.0 0.0
5008 1753.6413345336914 1460.799129486084 356.75528714063057 1101.3864364624023 1360.6999130249023 67.61756624629703 0.0 0.0 0.0 0.0
5023 1745.736183166504 1460.799129486084 355.9429616168717 1101.3864364624023 1360.6999130249023 67.61756624629703 0.0 0.0 0.0 0.0
5240 1749.6886978149414 1460.799129486084 356.363729405247 1101.3864364624023 1360.6999130249023 67.61756624629703 0.0 0.0 0.0 0.0
5256 1753.6413345336914 1464.7516441345215 354.7292173550128 1101.3864364624023 1360.6999130249023 67.61756624629703 0.0 0.0 0.0 0.0
5273 1757.593849182129 1464.7516441345215 355.10622404230065 1101.3864364624023 1360.6999130249023 67.61756624629703 0.0 0.0 0.0 0.0
5290 1761.5463638305664 1464.7516441345215 355.496878040805 1101.3864364624023 1360.6999130249023 67.61756624629703 0.0 0.0 0.0 0.0
5307 1769.451515197754 1460.799129486084 358.4544338248072 1101.3864364624023 1360.6999130249023 67.61756624629703 0.0 0.0 0.0 0.0
7023 1769.451515197754 1460.799129486084 358.4544338248072 1380.2388801574707 1389.595458984375 68.72889039292488 0.0 0.0 0.0 0.0
7106 1769.451515197754 1460.799129486084 358.4544338248072 1352.5707893371582 1409.3582763671875 69.08117424538085 0.0 0.0 0.0 0.0
7123 1769.451515197754 1460.799129486084 358.4544338248072 1328.8554573059082 1429.1212158203125 70.56146343321257 0.0 0.0 0.0 0.0
7140 1769.451515197754 1460.799129486084 358.4544338248072 1297.2348518371582 1452.8365478515625 72.09562534283515 0.0 0.0 0.0 0.0
7157 1769.451515197754 1460.799129486084 358.4544338248072 1277.4720344543457 1468.6468505859375 73.62421280829903 0.0 0.0 0.0 0.0
7174 1769.451515197754 1460.799129486084 358.4544338248072 1253.7565803527832 1492.3623046875 77.9143924987078 0.0 0.0 0.0 0.0
7190 1769.451515197754 1460.799129486084 358.4544338248072 1233.9937629699707 1520.0302734375 85.64129069921569 0.0 0.0 0.0 0.0
7207 1769.451515197754 1460.799129486084 358.4544338248072 1214.2309455871582 1543.7457275390625 93.17298078865286 0.0 0.0 0.0 0.0
7223 1769.451515197754 1460.799129486084 358.4544338248072 1194.4681282043457 1563.508544921875 100.24962192872908 0.0 0.0 0.0 0.0
7240 1769.451515197754 1460.799129486084 358.4544338248072 1178.6578254699707 1575.3662109375 104.90307591954871 0.0 0.0 0.0 0.0
7257 1769.451515197754 1460.799129486084 358.4544338248072 1162.8475227355957 1587.2239990234375 110.06055009993355 0.0 0.0 0.0 0.0
7275 1769.451515197754 1460.799129486084 358.4544338248072 1150.9898567199707 1595.1290283203125 113.81582216206561 0.0 0.0 0.0 0.0
7290 1769.451515197754 1460.799129486084 358.4544338248072 1143.0847053527832 1599.0816650390625 115.9274924293803 0.0 0.0 0.0 0.0
7307 1769.451515197754 1460.799129486084 358.4544338248072 1135.1795539855957 1599.0816650390625 116.62558174574417 0.0 0.0 0.0 0.0
7323 1769.451515197754 1460.799129486084 358.4544338248072 1127.2744026184082 1606.98681640625 120.34940253429357 0.0 0.0 0.0 0.0
7340 1769.451515197754 1460.799129486084 358.4544338248072 1119.3692512512207 1610.9393310546875 122.75112115448619 0.0 0.0 0.0 0.0
7357 1769.451515197754 1460.799129486084 358.4544338248072 1111.4640998840332 1614.8919677734375 125.25084490776385 0.0 0.0 0.0 0.0
7373 1769.451515197754 1460.799129486084 358.4544338248072 1107.5115852355957 1618.844482421875 127.21519709739454 0.0 0.0 0.0 0.0
7390 1769.451515197754 1460.799129486084 358.4544338248072 1099.6064338684082 1622.797119140625 129.8837565705955 0.0 0.0 0.0 0.0
7407 1769.451515197754 1460.799129486084 358.4544338248072 1095.6537971496582 1622.797119140625 130.57058946562364 0.0 0.0 0.0 0.0
7423 1769.451515197754 1460.799129486084 358.4544338248072 1087.7487678527832 1626.7496337890625 133.3542019385998 0.0 0.0 0.0 0.0
7440 1769.451515197754 1460.799129486084 358.4544338248072 1079.8436164855957 1630.7021484375 136.2254103560041 0.0 0.0 0.0 0.0
7457 1769.451515197754 1460.799129486084 358.4544338248072 1071.9384651184082 1630.7021484375 137.92525572706714 0.0 0.0 0.0 0.0
7473 1769.451515197754 1460.799129486084 358.4544338248072 1064.0333137512207 1634.65478515625 140.92413886857213 0.0 0.0 0.0 0.0
7491 1769.451515197754 1460.799129486084 358.4544338248072 1056.1281623840332 1638.6072998046875 143.99554570086198 0.0 0.0 0.0 0.0
7523 1769.451515197754 1460.799129486084 358.4544338248072 1052.1755867004395 1638.6072998046875 144.9888128370933 0.0 0.0 0.0 0.0
7540 1769.451515197754 1460.799129486084 358.4544338248072 1052.1755867004395 1642.5599365234375 146.07494039565296 0.0 0.0 0.0 0.0
7573 1769.451515197754 1460.799129486084 358.4544338248072 1044.270435333252 1646.512451171875 149.2499110535764 0.0 0.0 0.0 0.0
7590 1769.451515197754 1460.799129486084 358.4544338248072 1036.3652839660645 1654.4176025390625 153.4375200624218 0.0 0.0 0.0 0.0
7607 1769.451515197754 1460.799129486084 358.4544338248072 1016.602466583252 1670.2279052734375 162.88940546083927 0.0 0.0 0.0 0.0
7623 1769.451515197754 1460.799129486084 358.4544338248072 1000.792163848877 1686.0382080078125 170.67111383382482 0.0 0.0 0.0 0.0
7640 1769.451515197754 1460.799129486084 358.4544338248072 984.9819221496582 1701.8485107421875 177.97455889978949 0.0 0.0 0.0 0.0
7657 1769.451515197754 1460.799129486084 358.4544338248072 977.0767707824707 1713.7061767578125 181.76318499757363 0.0 0.0 0.0 0.0
7673 1769.451515197754 1460.799129486084 358.4544338248072 969.1716194152832 1721.611328125 185.1179134658011 0.0 0.0 0.0 0.0
7690 1769.451515197754 1460.799129486084 358.4544338248072 969.1716194152832 1725.5638427734375 185.31755939461067 0.0 0.0 0.0 0.0
10309 1683.9829711914062 1453.2486362457275 6.304721637525034 969.1716194152832 1725.5638427734375 185.31755939461067 0.0 0.0 0.0 0.0
10310 1683.9829711914062 1453.2486362457275 6.3047104153970395 969.1716194152832 1725.5638427734375 185.31755939461067 0.0 0.0 0.0 0.0
10326 1656.3150024414062 1453.2486362457275 9.241216153184979 969.1716194152832 1725.5638427734375 185.31755939461067 0.0 0.0 0.0 0.0
10343 1636.5521850585938 1449.29612159729 10.219149669663906 969.1716194152832 1725.5638427734375 185.31755939461067 0.0 0.0 0.0 0.0
10359 1612.8367309570312 1445.3436069488525 11.859718609275347 969.1716194152832 1725.5638427734375 185.31755939461067 0.0 0.0 0.0 0.0
10376 1589.1212768554688 1437.438455581665 12.361687937417116 969.1716194152832 1725.5638427734375 185.31755939461067 0.0 0.0 0.0 0.0
10393 1549.5956420898438 1433.485818862915 17.025737459778128 969.1716194152832 1725.5638427734375 185.31755939461067 0.0 0.0 0.0 0.0
10410 1470.5442504882812 1433.485818862915 35.906922724657306 969.1716194152832 1725.5638427734375 185.31755939461067 0.0 0.0 0.0 0.0
10426 1391.4928588867188 1437.438455581665 61.84766399598644 969.1716194152832 1725.5638427734375 185.31755939461067 0.0 0.0 0.0 0.0
10442 1316.3941040039062 1445.3436069488525 86.89204743560933 969.1716194152832 1725.5638427734375 185.31755939461067 0.0 0.0 0.0 0.0
10460 1249.2003784179688 1445.3436069488525 107.06413734650798 969.1716194152832 1725.5638427734375 185.31755939461067 0.0 0.0 0.0 0.0
10475 1205.7221069335938 1449.29612159729 117.71658866291963 969.1716194152832 1725.5638427734375 185.31755939461067 0.0 0.0 0.0 0.0
10492 1182.0066528320312 1453.2486362457275 122.6284170122936 969.1716194152832 1725.5638427734375 185.31755939461067 0.0 0.0 0.0 0.0
10509 1170.1489868164062 1457.2012729644775 124.52522152536517 969.1716194152832 1725.5638427734375 185.31755939461067 0.0 0.0 0.0 0.0
10525 1166.1964721679688 1461.153787612915 124.55328612978033 969.1716194152832 1725.5638427734375 185.31755939461067 0.0 0.0 0.0 0.0
10542 1166.1964721679688 1465.106424331665 123.66259168174392 969.1716194152832 1725.5638427734375 185.31755939461067 0.0 0.0 0.0 0.0
10574 1170.1489868164062 1465.106424331665 122.70046265523371 969.1716194152832 1725.5638427734375 185.31755939461067 0.0 0.0 0.0 0.0
10592 1174.1016235351562 1465.106424331665 121.72352380969116 969.1716194152832 1725.5638427734375 185.31755939461067 0.0 0.0 0.0 0.0
10608 1182.0066528320312 1465.106424331665 119.71030969266278 969.1716194152832 1725.5638427734375 185.31755939461067 0.0 0.0 0.0 0.0
10625 1185.9592895507812 1469.0589389801025 117.88707649380251 969.1716194152832 1725.5638427734375 185.31755939461067 0.0 0.0 0.0 0.0
10642 1185.9592895507812 1473.0115756988525 117.1103003842671 969.1716194152832 1725.5638427734375 185.31755939461067 0.0 0.0 0.0 0.0
10658 1185.9592895507812 1480.91672706604 115.61171473962139 969.1716194152832 1725.5638427734375 185.31755939461067 0.0 0.0 0.0 0.0
10674 1185.9592895507812 1496.7269077301025 112.82409702849927 969.1716194152832 1725.5638427734375 185.31755939461067 0.0 0.0 0.0 0.0
10691 1185.9592895507812 1512.5372104644775 110.237676523153 969.1716194152832 1725.5638427734375 185.31755939461067 0.0 0.0 0.0 0.0
10708 1185.9592895507812 1524.394998550415 108.40728865808782 969.1716194152832 1725.5638427734375 185.31755939461067 0.0 0.0 0.0 0.0
10724 1189.9118041992188 1532.30002784729 106.1079888368624 969.1716194152832 1725.5638427734375 185.31755939461067 0.0 0.0 0.0 0.0
10741 1193.8644409179688 1540.2051792144775 103.87963383547981 969.1716194152832 1725.5638427734375 185.31755939461067 0.0 0.0 0.0 0.0
10757 1197.8169555664062 1544.1578159332275 102.18975169358461 969.1716194152832 1725.5638427734375 185.31755939461067 0.0 0.0 0.0 0.0
10774 1201.7695922851562 1544.1578159332275 100.97209914010469 969.1716194152832 1725.5638427734375 185.31755939461067 0.0 0.0 0.0 0.0
10796 1205.7221069335938 1544.1578159332275 99.74499088618256 969.1716194152832 1725.5638427734375 185.31755939461067 0.0 0.0 0.0 0.0
10907 1205.7221069335938 1548.110330581665 99.32387821100284 969.1716194152832 1725.5638427734375 185.31755939461067 0.0 0.0 0.0 0.0
11024 1201.7695922851562 1548.110330581665 100.54484867142995 969.1716194152832 1725.5638427734375 185.31755939461067 0.0 0.0 0.0 0.0
11040 1189.9118041992188 1548.110330581665 104.1191305537345 969.1716194152832 1725.5638427734375 185.31755939461067 0.0 0.0 0.0 0.0
11057 1166.1964721679688 1548.110330581665 110.86114045714598 969.1716194152832 1725.5638427734375 185.31755939461067 0.0 0.0 0.0 0.0
11073 1134.5758666992188 1556.0154819488525 117.59456309567369 969.1716194152832 1725.5638427734375 185.31755939461067 0.0 0.0 0.0 0.0
11090 1099.0027465820312 1571.8257846832275 122.75150686186234 969.1716194152832 1725.5638427734375 185.31755939461067 0.0 0.0 0.0 0.0
11107 1075.2872924804688 1579.730936050415 126.31680317115413 969.1716194152832 1725.5638427734375 185.31755939461067 0.0 0.0 0.0 0.0
11123 1059.4771118164062 1583.6834506988525 128.80052115608348 969.1716194152832 1725.5638427734375 185.31755939461067 0.0 0.0 0.0 0.0
11140 1047.6193237304688 1587.6360874176025 130.31919487072787 969.1716194152832 1725.5638427734375 185.31755939461067 0.0 0.0 0.0 0.0
11157 1043.6668090820312 1587.6360874176025 131.14248598448745 969.1716194152832 1725.5638427734375 185.31755939461067 0.0 0.0 0.0 0.0