0 2000.0 1500.0 0 0.0 0.0 0.0 0.0 0.0 0.0 0.0
163 2000.0 1497.0048828125 0.098976622987891 0.0 0.0 0.0 0.0 0.0 0.0 0.0
172 2000.0 1494.0096435546875 0.19625359771634976 0.0 0.0 0.0 0.0 0.0 0.0 0.0
184 2000.0 1482.029052734375 0.5600817694344187 0.0 0.0 0.0 0.0 0.0 0.0 0.0
194 1991.0145263671875 1464.05810546875 358.35513485810725 0.0 0.0 0.0 0.0 0.0 0.0 0.0
205 1985.024169921875 1446.087158203125 357.26277220662223 0.0 0.0 0.0 0.0 0.0 0.0 0.0
217 1979.033935546875 1434.1065673828125 355.97043788405875 0.0 0.0 0.0 0.0 0.0 0.0 0.0
228 1973.0435791015625 1392.17431640625 356.3012455404303 0.0 0.0 0.0 0.0 0.0 0.0 0.0
239 1967.05322265625 1377.198486328125 355.24618456973474 0.0 0.0 0.0 0.0 0.0 0.0 0.0
248 1961.06298828125 1350.2420654296875 354.96787079055446 0.0 0.0 0.0 0.0 0.0 0.0 0.0
260 1958.0677490234375 1338.261474609375 354.75043832185924 0.0 0.0 0.0 0.0 0.0 0.0 0.0
271 1949.082275390625 1317.29541015625 353.3265752691691 0.0 0.0 0.0 0.0 0.0 0.0 0.0
282 1946.087158203125 1299.324462890625 353.61299279515515 0.0 0.0 0.0 0.0 0.0 0.0 0.0
293 1946.087158203125 1263.382568359375 355.71258062466586 0.0 0.0 0.0 0.0 0.0 0.0 0.0
303 1931.111328125 1218.4552001953125 353.90105522524243 0.0 0.0 0.0 0.0 0.0 0.0 0.0
314 1904.1549072265625 1140.5810546875 351.55593720539787 0.0 0.0 0.0 0.0 0.0 0.0 0.0
336 1886.1839599609375 1071.6923828125 351.43637632818036 0.0 0.0 0.0 0.0 0.0 0.0 0.0
359 1862.2227783203125 993.8182983398438 350.54383483259505 0.0 0.0 0.0 0.0 0.0 0.0 0.0
381 1856.232421875 930.9199829101562 353.1760345965754 0.0 0.0 0.0 0.0 0.0 0.0 0.0
403 1847.2469482421875 862.0313110351562 354.6647840760027 0.0 0.0 0.0 0.0 0.0 0.0 0.0
411 1835.266357421875 832.0797729492188 352.9754737843051 0.0 0.0 0.0 0.0 0.0 0.0 0.0
423 1826.2808837890625 796.1378784179688 352.7546261469778 0.0 0.0 0.0 0.0 0.0 0.0 0.0
432 1820.29052734375 739.2298583984375 354.5071462492646 0.0 0.0 0.0 0.0 0.0 0.0 0.0
444 1796.3292236328125 694.302490234375 350.6788688508585 0.0 0.0 0.0 0.0 0.0 0.0 0.0
454 1784.3486328125 637.3944702148438 351.4902258612769 0.0 0.0 0.0 0.0 0.0 0.0 0.0
465 1781.353515625 595.4622802734375 353.49360408123675 0.0 0.0 0.0 0.0 0.0 0.0 0.0
476 1781.353515625 559.5203857421875 355.61360831204735 0.0 0.0 0.0 0.0 0.0 0.0 0.0
487 1778.3582763671875 535.5591125488281 355.98792932300944 0.0 0.0 0.0 0.0 0.0 0.0 0.0
498 1775.3631591796875 514.593017578125 356.1696341495026 0.0 0.0 0.0 0.0 0.0 0.0 0.0
509 1775.3631591796875 490.6317443847656 357.34392134363173 0.0 0.0 0.0 0.0 0.0 0.0 0.0
519 1775.3631591796875 469.6656188964844 358.2603257557215 0.0 0.0 0.0 0.0 0.0 0.0 0.0
530 1757.3922119140625 406.76731872558594 355.93193215352767 0.0 0.0 0.0 0.0 0.0 0.0 0.0
551 1757.3922119140625 382.80604553222656 357.13513868472825 0.0 0.0 0.0 0.0 0.0 0.0 0.0
575 1757.3922119140625 349.85931396484375 358.5248112671338 0.0 0.0 0.0 0.0 0.0 0.0 0.0
584 1757.3922119140625 343.86900329589844 358.76899588826666 0.0 0.0 0.0 0.0 0.0 0.0 0.0
595 1763.382568359375 325.8980407714844 1.2414114583308447 0.0 0.0 0.0 0.0 0.0 0.0 0.0
606 1766.377685546875 322.90289306640625 2.301903267630337 0.0 0.0 0.0 0.0 0.0 0.0 0.0
617 1769.372802734375 322.90289306640625 3.3027187386192622 0.0 0.0 0.0 0.0 0.0 0.0 0.0
704 1772.3680419921875 322.90289306640625 4.304164109989927 0.0 0.0 0.0 0.0 0.0 0.0 0.0
716 1778.3582763671875 322.90289306640625 6.307854944702399 0.0 0.0 0.0 0.0 0.0 0.0 0.0
726 1784.3486328125 322.90289306640625 8.309735493883409 0.0 0.0 0.0 0.0 0.0 0.0 0.0
736 1793.3341064453125 322.90289306640625 11.302239122174456 0.0 0.0 0.0 0.0 0.0 0.0 0.0
746 1796.3292236328125 322.90289306640625 12.297478514000147 0.0 0.0 0.0 0.0 0.0 0.0 0.0
758 1802.319580078125 322.90289306640625 14.279250503293042 0.0 0.0 0.0 0.0 0.0 0.0 0.0
770 1811.3050537109375 334.8835144042969 18.071886493329146 0.0 0.0 0.0 0.0 0.0 0.0 0.0
781 1814.3001708984375 337.87867736816406 19.279985148629862 0.0 0.0 0.0 0.0 0.0 0.0 0.0
790 1817.29541015625 337.87867736816406 20.24993467497103 0.0 0.0 0.0 0.0 0.0 0.0 0.0
823 1817.29541015625 340.87384033203125 20.504715839512073 0.0 0.0 0.0 0.0 0.0 0.0 0.0
833 1820.29052734375 346.86415100097656 22.027404556387523 0.0 0.0 0.0 0.0 0.0 0.0 0.0
844 1820.29052734375 349.85931396484375 22.31263873200652 0.0 0.0 0.0 0.0 0.0 0.0 0.0
855 1820.29052734375 352.85447692871094 22.602718279892372 0.0 0.0 0.0 0.0 0.0 0.0 0.0
888 1820.29052734375 358.84478759765625 23.20293979663552 0.0 0.0 0.0 0.0 0.0 0.0 0.0
930 1820.29052734375 361.83995056152344 23.50814618551476 0.0 0.0 0.0 0.0 0.0 0.0 0.0
1050 1817.29541015625 361.83995056152344 22.549045229026262 0.0 0.0 0.0 0.0 0.0 0.0 0.0
1071 1811.3050537109375 361.83995056152344 20.612107178586314 0.0 0.0 0.0 0.0 0.0 0.0 0.0
1094 1808.3099365234375 361.83995056152344 19.639591477666954 0.0 0.0 0.0 0.0 0.0 0.0 0.0
1104 1805.314697265625 361.83995056152344 18.663048424798262 0.0 0.0 0.0 0.0 0.0 0.0 0.0
1115 1802.319580078125 358.84478759765625 17.47881421127488 0.0 0.0 0.0 0.0 0.0 0.0 0.0
1148 1799.324462890625 358.84478759765625 16.49458824967809 0.0 0.0 0.0 0.0 0.0 0.0 0.0
1157 1796.3292236328125 358.84478759765625 15.507227511046551 0.0 0.0 0.0 0.0 0.0 0.0 0.0
1190 1787.34375 358.84478759765625 12.521585361002053 0.0 0.0 0.0 0.0 0.0 0.0 0.0
1202 1781.353515625 355.84962463378906 10.442807527262062 0.0 0.0 0.0 0.0 0.0 0.0 0.0
1213 1778.3582763671875 352.85447692871094 9.379937800696325 0.0 0.0 0.0 0.0 0.0 0.0 0.0
1224 1775.3631591796875 352.85447692871094 8.379210742159444 0.0 0.0 0.0 0.0 0.0 0.0 0.0
1234 1772.3680419921875 352.85447692871094 7.37787531951966 0.0 0.0 0.0 0.0 0.0 0.0 0.0
1256 1769.372802734375 352.85447692871094 6.376130470889905 0.0 0.0 0.0 0.0 0.0 0.0 0.0
1547 1766.377685546875 352.85447692871094 5.37440747545503 0.0 0.0 0.0 0.0 0.0 0.0 0.0
1558 1763.382568359375 352.85447692871094 4.372971843303219 0.0 0.0 0.0 0.0 0.0 0.0 0.0
1569 1760.3873291015625 352.85447692871094 3.3720477943974174 0.0 0.0 0.0 0.0 0.0 0.0 0.0
1613 1760.3873291015625 355.84962463378906 3.329399508599863 0.0 0.0 0.0 0.0 0.0 0.0 0.0
1623 1757.3922119140625 355.84962463378906 2.329447914285879 0.0 0.0 0.0 0.0 0.0 0.0 0.0
1656 1754.3970947265625 355.84962463378906 1.3307266143199286 0.0 0.0 0.0 0.0 0.0 0.0 0.0
1665 1754.3970947265625 358.84478759765625 1.251804353835439 0.0 0.0 0.0 0.0 0.0 0.0 0.0
1677 1751.40185546875 358.84478759765625 0.2546465720210449 0.0 0.0 0.0 0.0 0.0 0.0 0.0
1700 1748.40673828125 358.84478759765625 359.259352263908 0.0 0.0 0.0 0.0 0.0 0.0 0.0
1721 1745.41162109375 361.83995056152344 358.1333403706152 0.0 0.0 0.0 0.0 0.0 0.0 0.0
1764 1742.4163818359375 364.83509826660156 356.990350073574 0.0 0.0 0.0 0.0 0.0 0.0 0.0
1861 1742.4163818359375 367.83026123046875 356.8347761672594 0.0 0.0 0.0 0.0 0.0 0.0 0.0
2110 1745.41162109375 367.83026123046875 357.8269638785925 0.0 0.0 0.0 0.0 0.0 0.0 0.0
2186 1748.40673828125 367.83026123046875 358.8213358658982 0.0 0.0 0.0 0.0 0.0 0.0 0.0
2229 1748.40673828125 364.83509826660156 358.94047371576625 0.0 0.0 0.0 0.0 0.0 0.0 0.0
2262 1754.3970947265625 364.83509826660156 0.9371659364866218 0.0 0.0 0.0 0.0 0.0 0.0 0.0
2305 1754.3970947265625 361.83995056152344 1.0201079653681973 0.0 0.0 0.0 0.0 0.0 0.0 0.0
2315 1757.3922119140625 361.83995056152344 2.0196891001231734 0.0 0.0 0.0 0.0 0.0 0.0 0.0
2370 1760.3873291015625 361.83995056152344 3.02027884487012 0.0 0.0 0.0 0.0 0.0 0.0 0.0
2586 1760.3873291015625 370.82542419433594 2.8681545016243604 0.0 0.0 0.0 0.0 0.0 0.0 0.0
2596 1763.382568359375 364.83509826660156 3.933638117686314 0.0 0.0 0.0 0.0 0.0 0.0 0.0
2770 1769.372802734375 370.82542419433594 5.9434957865843785 0.0 0.0 0.0 0.0 0.0 0.0 0.0
3614 1766.377685546875 370.82542419433594 4.941848996102522 0.0 0.0 0.0 0.0 0.0 0.0 0.0
3689 1763.382568359375 370.82542419433594 3.940612669617394 0.0 0.0 0.0 0.0 0.0 0.0 0.0
3711 1760.3873291015625 370.82542419433594 2.9400406335609546 0.0 0.0 0.0 0.0 0.0 0.0 0.0
3722 1757.3922119140625 370.82542419433594 1.9405217118681435 0.0 0.0 0.0 0.0 0.0 0.0 0.0
3745 1754.3970947265625 370.82542419433594 0.9423229238254294 0.0 0.0 0.0 0.0 0.0 0.0 0.0
3765 1751.40185546875 370.82542419433594 359.94571400150164 0.0 0.0 0.0 0.0 0.0 0.0 0.0
3787 1751.40185546875 373.82057189941406 359.84226721202765 0.0 0.0 0.0 0.0 0.0 0.0 0.0
3798 1748.40673828125 373.82057189941406 358.8478019232294 0.0 0.0 0.0 0.0 0.0 0.0 0.0
3820 1745.41162109375 373.82057189941406 357.8556014325076 0.0 0.0 0.0 0.0 0.0 0.0 0.0
3829 1742.4163818359375 373.82057189941406 356.86588166139063 0.0 0.0 0.0 0.0 0.0 0.0 0.0
3852 1739.4212646484375 373.82057189941406 355.87900907602057 0.0 0.0 0.0 0.0 0.0 0.0 0.0
4014 1742.4163818359375 373.82057189941406 356.86868435430966 0.0 0.0 0.0 0.0 0.0 0.0 0.0
4047 1745.41162109375 373.82057189941406 357.86093349837427 0.0 0.0 0.0 0.0 0.0 0.0 0.0
4069 1748.40673828125 373.82057189941406 358.85537313858487 0.0 0.0 0.0 0.0 0.0 0.0 0.0
4144 1751.40185546875 373.82057189941406 359.8517806779007 0.0 0.0 0.0 0.0 0.0 0.0 0.0