0 2000.0 1500.0 0 0.0 0.0 0.0 0.0 0.0 0.0 0.0
12 2000.0 1500.0 0 0.0 0.0 0.0 0.0 0.0 0.0 0.0
31 2000.0 1500.0 0 0.0 0.0 0.0 0.0 0.0 0.0 0.0
50 2000.0 1500.0 0 0.0 0.0 0.0 0.0 0.0 0.0 0.0
67 2000.0 1500.0 0 0.0 0.0 0.0 0.0 0.0 0.0 0.0
87 2000.0 1500.0 0 0.0 0.0 0.0 0.0 0.0 0.0 0.0
89 2000.0 1500.0 0 0.0 0.0 0.0 0.0 0.0 0.0 0.0
101 2000.0 1500.0 0 0.0 0.0 0.0 0.0 0.0 0.0 0.0
115 2000.0 1500.0 0 0.0 0.0 0.0 0.0 0.0 0.0 0.0
133 2000.0 1500.0 0 0.0 0.0 0.0 0.0 0.0 0.0 0.0
151 2000.0 1500.0 0.0 0.0 0.0 0.0 0.0 0.0 0.0 0.0
153 2000.0 1500.0 0.0 0.0 0.0 0.0 0.0 0.0 0.0 0.0
165 2012.262939453125 1463.52880859375 355.4690438666409 0.0 0.0 0.0 0.0 0.0 0.0 0.0
184 2012.262939453125 1463.52880859375 355.46902545475257 0.0 0.0 0.0 0.0 0.0 0.0 0.0
186 2031.53564453125 1411.4210205078125 351.5070349184168 0.0 0.0 0.0 0.0 0.0 0.0 0.0
200 2031.53564453125 1411.4210205078125 351.5070424508102 0.0 0.0 0.0 0.0 0.0 0.0 0.0
220 2042.047119140625 1381.892333984375 349.5880321053049 0.0 0.0 0.0 0.0 0.0 0.0 0.0
221 2056.0673828125 1348.888916015625 348.68182396714843 0.0 0.0 0.0 0.0 0.0 0.0 0.0
237 2071.83837890625 1312.4176025390625 348.0189772023454 0.0 0.0 0.0 0.0 0.0 0.0 0.0
251 2071.83837890625 1312.4176025390625 348.0190248030643 0.0 0.0 0.0 0.0 0.0 0.0 0.0
267 2087.602783203125 1277.6768798828125 347.7830022144053 0.0 0.0 0.0 0.0 0.0 0.0 0.0
268 2106.87548828125 1242.93603515625 348.745996385508 0.0 0.0 0.0 0.0 0.0 0.0 0.0
286 2124.3974609375 1209.9326171875 349.1861391545697 0.0 0.0 0.0 0.0 0.0 0.0 0.0
304 2141.91943359375 1180.410888671875 350.10693131208745 0.0 0.0 0.0 0.0 0.0 0.0 0.0
306 2159.441162109375 1150.8822021484375 350.82160526092974 0.0 0.0 0.0 0.0 0.0 0.0 0.0
318 2159.441162109375 1150.8822021484375 350.8215811232243 0.0 0.0 0.0 0.0 0.0 0.0 0.0
332 2175.21240234375 1124.8282470703125 351.42914960535535 0.0 0.0 0.0 0.0 0.0 0.0 0.0
353 2175.21240234375 1124.8282470703125 351.42913682963956 0.0 0.0 0.0 0.0 0.0 0.0 0.0
369 2197.986572265625 1079.6632690429688 350.82510570220717 0.0 0.0 0.0 0.0 0.0 0.0 0.0
370 2197.986572265625 1079.6632690429688 350.8251428404951 0.0 0.0 0.0 0.0 0.0 0.0 0.0
392 2197.986572265625 1079.6632690429688 350.8251428404951 0.0 0.0 0.0 0.0 0.0 0.0 0.0
393 2210.255859375 1041.45458984375 348.22532762539294 0.0 0.0 0.0 0.0 0.0 0.0 0.0
412 2210.255859375 1041.45458984375 348.2253079811996 0.0 0.0 0.0 0.0 0.0 0.0 0.0
413 2217.25927734375 1003.239013671875 344.52065800514583 0.0 0.0 0.0 0.0 0.0 0.0 0.0
427 2217.25927734375 1003.239013671875 344.52069389136824 0.0 0.0 0.0 0.0 0.0 0.0 0.0
449 2217.25927734375 1003.239013671875 344.52069389136824 0.0 0.0 0.0 0.0 0.0 0.0 0.0
451 2231.279541015625 954.6061401367188 342.7983955986096 0.0 0.0 0.0 0.0 0.0 0.0 0.0
472 2231.279541015625 954.6061401367188 342.798422526888 0.0 0.0 0.0 0.0 0.0 0.0 0.0
477 2243.5419921875 928.55224609375 343.7737924509973 0.0 0.0 0.0 0.0 0.0 0.0 0.0
494 2257.562255859375 900.760986328125 344.93338090103026 0.0 0.0 0.0 0.0 0.0 0.0 0.0
509 2275.084228515625 874.7070922851562 347.33768332774395 0.0 0.0 0.0 0.0 0.0 0.0 0.0
522 2296.10791015625 850.390625 350.72984978453496 0.0 0.0 0.0 0.0 0.0 0.0 0.0
524 2296.10791015625 850.390625 350.72987437077614 0.0 0.0 0.0 0.0 0.0 0.0 0.0
535 2317.13134765625 833.0235595703125 354.8159831712343 0.0 0.0 0.0 0.0 0.0 0.0 0.0
560 2317.13134765625 833.0235595703125 354.81602427532596 0.0 0.0 0.0 0.0 0.0 0.0 0.0
561 2359.185302734375 829.5488891601562 7.895087415114112 0.0 0.0 0.0 0.0 0.0 0.0 0.0
572 2359.185302734375 829.5488891601562 7.895078084105641 0.0 0.0 0.0 0.0 0.0 0.0 0.0
593 2397.730712890625 866.020263671875 31.458876333504584 0.0 0.0 0.0 0.0 0.0 0.0 0.0
598 2397.730712890625 866.020263671875 31.45886894543596 0.0 0.0 0.0 0.0 0.0 0.0 0.0
614 2417.00341796875 895.548828125 46.631922824171234 0.0 0.0 0.0 0.0 0.0 0.0 0.0
635 2434.525390625 930.28955078125 61.855430641938874 0.0 0.0 0.0 0.0 0.0 0.0 0.0
636 2450.29638671875 970.2357177734375 76.43603827590553 0.0 0.0 0.0 0.0 0.0 0.0 0.0
654 2450.29638671875 970.2357177734375 76.43602110808163 0.0 0.0 0.0 0.0 0.0 0.0 0.0
655 2464.31005859375 1013.6632690429688 89.21526928655157 0.0 0.0 0.0 0.0 0.0 0.0 0.0
679 2478.330078125 1053.6094360351562 97.91853927785229 0.0 0.0 0.0 0.0 0.0 0.0 0.0
681 2490.5927734375 1088.3501586914062 103.77999439412221 0.0 0.0 0.0 0.0 0.0 0.0 0.0
697 2504.61279296875 1119.6162109375 107.0322192277855 0.0 0.0 0.0 0.0 0.0 0.0 0.0
715 2504.61279296875 1119.6162109375 107.03224276228002 0.0 0.0 0.0 0.0 0.0 0.0 0.0
717 2522.134765625 1147.4075927734375 107.75708283140204 0.0 0.0 0.0 0.0 0.0 0.0 0.0
734 2543.158203125 1168.249267578125 105.70873022872843 0.0 0.0 0.0 0.0 0.0 0.0 0.0
735 2567.6904296875 1182.1414794921875 101.28872777075935 0.0 0.0 0.0 0.0 0.0 0.0 0.0
759 2567.6904296875 1182.1414794921875 101.28874222682316 0.0 0.0 0.0 0.0 0.0 0.0 0.0
760 2567.6904296875 1182.1414794921875 101.28874222682316 0.0 0.0 0.0 0.0 0.0 0.0 0.0
774 2622.000244140625 1183.8787841796875 87.13070244196928 0.0 0.0 0.0 0.0 0.0 0.0 0.0
788 2653.542236328125 1175.19873046875 77.06784825156916 0.0 0.0 0.0 0.0 0.0 0.0 0.0
802 2686.8349609375 1157.8250732421875 65.37931037895535 0.0 0.0 0.0 0.0 0.0 0.0 0.0
819 2721.8720703125 1138.7205810546875 55.401730332789846 0.0 0.0 0.0 0.0 0.0 0.0 0.0
840 2755.1650390625 1117.8788452148438 47.017247634297256 0.0 0.0 0.0 0.0 0.0 0.0 0.0
843 2790.208984375 1093.5623779296875 39.48855764796547 0.0 0.0 0.0 0.0 0.0 0.0 0.0
872 2790.208984375 1093.5623779296875 39.488565101681424 0.0 0.0 0.0 0.0 0.0 0.0 0.0
873 2858.538818359375 1039.71728515625 27.857488135278224 0.0 0.0 0.0 0.0 0.0 0.0 0.0
898 2890.080810546875 1008.4512329101562 22.496168712732555 0.0 0.0 0.0 0.0 0.0 0.0 0.0
899 2921.6162109375 971.9732055664062 17.071951051220722 0.0 0.0 0.0 0.0 0.0 0.0 0.0
926 2949.64990234375 933.7643432617188 11.951549943458481 0.0 0.0 0.0 0.0 0.0 0.0 0.0
927 2949.64990234375 933.7643432617188 11.951532258859707 0.0 0.0 0.0 0.0 0.0 0.0 0.0
939 2972.43115234375 893.8115234375 6.5450635587262695 0.0 0.0 0.0 0.0 0.0 0.0 0.0
953 2993.454833984375 852.1279907226562 1.7626425857689725 0.0 0.0 0.0 0.0 0.0 0.0 0.0
975 3009.2255859375 815.64990234375 357.8609661778922 0.0 0.0 0.0 0.0 0.0 0.0 0.0
976 3023.239013671875 780.9158935546875 354.71711480760536 0.0 0.0 0.0 0.0 0.0 0.0 0.0
993 3032.000244140625 753.1246337890625 351.8805184636094 0.0 0.0 0.0 0.0 0.0 0.0 0.0
1016 3032.000244140625 753.1246337890625 351.8804999786628 0.0 0.0 0.0 0.0 0.0 0.0 0.0
1019 3044.2626953125 716.646484375 349.29468927939547 0.0 0.0 0.0 0.0 0.0 0.0 0.0
1040 3044.2626953125 716.646484375 349.29462512114844 0.0 0.0 0.0 0.0 0.0 0.0 0.0
1047 3044.2626953125 716.646484375 349.29461203392935 0.0 0.0 0.0 0.0 0.0 0.0 0.0
1067 3044.2626953125 716.646484375 349.29461203392935 0.0 0.0 0.0 0.0 0.0 0.0 0.0
1068 3044.2626953125 716.646484375 349.29461203392935 0.0 0.0 0.0 0.0 0.0 0.0 0.0
1091 3044.2626953125 716.646484375 349.29461203392935 0.0 0.0 0.0 0.0 0.0 0.0 0.0
1092 3049.52197265625 761.8048095703125 6.245263080064497 0.0 0.0 0.0 0.0 0.0 0.0 0.0
1111 3049.52197265625 761.8048095703125 6.24525702207923 0.0 0.0 0.0 0.0 0.0 0.0 0.0
1141 3058.282958984375 815.64990234375 32.81308063771895 0.0 0.0 0.0 0.0 0.0 0.0 0.0
1149 3065.293212890625 845.1785278320312 47.3278737111301 0.0 0.0 0.0 0.0 0.0 0.0 0.0
1152 3074.053955078125 876.4445190429688 61.58235410913526 0.0 0.0 0.0 0.0 0.0 0.0 0.0
1168 3084.56591796875 905.97314453125 73.12035990230618 0.0 0.0 0.0 0.0 0.0 0.0 0.0
1193 3107.340087890625 945.919189453125 83.86351894302774 0.0 0.0 0.0 0.0 0.0 0.0 0.0
1194 3107.340087890625 945.919189453125 83.86350272222825 0.0 0.0 0.0 0.0 0.0 0.0 0.0
1220 3107.340087890625 945.919189453125 83.86350272222825 0.0 0.0 0.0 0.0 0.0 0.0 0.0
1224 3128.370361328125 963.2929077148438 85.40490902931512 0.0 0.0 0.0 0.0 0.0 0.0 0.0
1241 3128.370361328125 963.2929077148438 85.40488570844377 0.0 0.0 0.0 0.0 0.0 0.0 0.0
1266 3128.370361328125 963.2929077148438 85.40488570844377 0.0 0.0 0.0 0.0 0.0 0.0 0.0
1267 3177.427734375 951.13134765625 72.01997962223706 0.0 0.0 0.0 0.0 0.0 0.0 0.0
1288 3201.959716796875 937.2391357421875 63.29376239070924 0.0 0.0 0.0 0.0 0.0 0.0 0.0
1315 3261.52880859375 895.548828125 46.35738537793201 0.0 0.0 0.0 0.0 0.0 0.0 0.0
1316 3261.52880859375 895.548828125 46.35736844142314 0.0 0.0 0.0 0.0 0.0 0.0 0.0
1339 3294.82177734375 869.4949340820312 38.22912323853418 0.0 0.0 0.0 0.0 0.0 0.0 0.0
1366 3373.66357421875 820.8619384765625 30.713120097758058 0.0 0.0 0.0 0.0 0.0 0.0 0.0
1367 3373.66357421875 820.8619384765625 30.71311912339599 0.0 0.0 0.0 0.0 0.0 0.0 0.0
1368 3415.717041015625 800.0202026367188 29.46379605716941 0.0 0.0 0.0 0.0 0.0 0.0 0.0
1389 3456.013427734375 780.9158935546875 28.868683595419377 0.0 0.0 0.0 0.0 0.0 0.0 0.0
1390 3494.558837890625 765.2794799804688 29.3025919727797 0.0 0.0 0.0 0.0 0.0 0.0 0.0
1414 3494.558837890625 765.2794799804688 29.302595861444807 0.0 0.0 0.0 0.0 0.0 0.0 0.0
1415 3529.60302734375 751.38720703125 29.710864291682775 0.0 0.0 0.0 0.0 0.0 0.0 0.0
1429 3561.144775390625 742.7003784179688 31.321958217144207 0.0 0.0 0.0 0.0 0.0 0.0 0.0
1465 3561.144775390625 742.7003784179688 31.32197035484119 0.0 0.0 0.0 0.0 0.0 0.0 0.0
1466 3561.144775390625 742.7003784179688 31.32197035484119 0.0 0.0 0.0 0.0 0.0 0.0 0.0
1467 3611.953125 734.0135498046875 34.80581246752737 0.0 0.0 0.0 0.0 0.0 0.0 0.0
1486 3611.953125 734.0135498046875 34.80581790655028 0.0 0.0 0.0 0.0 0.0 0.0 0.0
1487 3611.953125 734.0135498046875 34.80581790655028 0.0 0.0 0.0 0.0 0.0 0.0 0.0
1508 3611.953125 734.0135498046875 34.80581790655028 0.0 0.0 0.0 0.0 0.0 0.0 0.0
1513 3611.953125 734.0135498046875 34.80581790655028 0.0 0.0 0.0 0.0 0.0 0.0 0.0
1535 3611.953125 734.0135498046875 34.80581790655028 0.0 0.0 0.0 0.0 0.0 0.0 0.0
1536 3611.953125 734.0135498046875 34.80581790655028 0.0 0.0 0.0 0.0 0.0 0.0 0.0
1563 3618.962890625 692.3300170898438 19.728676623501606 0.0 0.0 0.0 0.0 0.0 0.0 0.0
1564 3618.962890625 692.3300170898438 19.728698897501594 0.0 0.0 0.0 0.0 0.0 0.0 0.0
1590 3650.49853515625 569.0101318359375 357.683241946311 0.0 0.0 0.0 0.0 0.0 0.0 0.0
1596 3650.49853515625 569.0101318359375 357.683224923728 0.0 0.0 0.0 0.0 0.0 0.0 0.0
1619 3678.53857421875 536.0067749023438 359.0895028201364 0.0 0.0 0.0 0.0 0.0 0.0 0.0
1648 3741.609619140625 490.84857177734375 6.122462015429285 0.0 0.0 0.0 0.0 0.0 0.0 0.0
1649 3741.609619140625 490.84857177734375 6.122453531713397 0.0 0.0 0.0 0.0 0.0 0.0 0.0
1682 3776.653076171875 482.16162109375 13.493579976018736 0.0 0.0 0.0 0.0 0.0 0.0 0.0
1684 3836.229248046875 483.89898681640625 26.775989620380393 0.0 0.0 0.0 0.0 0.0 0.0 0.0
1685 3836.229248046875 483.89898681640625 26.775977362721783 0.0 0.0 0.0 0.0 0.0 0.0 0.0
1717 3836.229248046875 483.89898681640625 26.7759642395282 0.0 0.0 0.0 0.0 0.0 0.0 0.0
1718 3874.774658203125 497.791259765625 37.94015510480509 0.0 0.0 0.0 0.0 0.0 0.0 0.0
1737 3874.774658203125 497.791259765625 37.94014244118123 0.0 0.0 0.0 0.0 0.0 0.0 0.0
1738 3874.774658203125 497.791259765625 37.940128334818645 0.0 0.0 0.0 0.0 0.0 0.0 0.0
1753 3883.535400390625 525.5824890136719 51.42991151243931 0.0 0.0 0.0 0.0 0.0 0.0 0.0
1772 3883.535400390625 525.5824890136719 51.429911510156394 0.0 0.0 0.0 0.0 0.0 0.0 0.0
1773 3883.535400390625 525.5824890136719 51.429911510156394 0.0 0.0 0.0 0.0 0.0 0.0 0.0
1787 3883.535400390625 525.5824890136719 51.429911510156394 0.0 0.0 0.0 0.0 0.0 0.0 0.0
1815 3883.535400390625 525.5824890136719 51.429911510156394 0.0 0.0 0.0 0.0 0.0 0.0 0.0
1816 3883.535400390625 525.5824890136719 51.429911510156394 0.0 0.0 0.0 0.0 0.0 0.0 0.0
1832 3883.535400390625 525.5824890136719 51.429911510156394 0.0 0.0 0.0 0.0 0.0 0.0 0.0
1833 3883.535400390625 525.5824890136719 51.429911510156394 0.0 0.0 0.0 0.0 0.0 0.0 0.0
1849 3883.535400390625 525.5824890136719 51.429911510156394 0.0 0.0 0.0 0.0 0.0 0.0 0.0
1867 3920.329833984375 492.5791320800781 39.85870503437294 0.0 0.0 0.0 0.0 0.0 0.0 0.0
1868 3920.329833984375 492.5791320800781 39.858709979622596 0.0 0.0 0.0 0.0 0.0 0.0 0.0
1883 3937.85205078125 468.2626647949219 31.92511887411441 0.0 0.0 0.0 0.0 0.0 0.0 0.0
1897 3937.85205078125 468.2626647949219 31.925108848513794 0.0 0.0 0.0 0.0 0.0 0.0 0.0
1917 3937.85205078125 468.2626647949219 31.925095207445302 0.0 0.0 0.0 0.0 0.0 0.0 0.0
1918 3937.85205078125 468.2626647949219 31.92508156637927 0.0 0.0 0.0 0.0 0.0 0.0 0.0