0 2350.0 1500.0 0 1650.0 1500.0 0 0.0 0.0 0.0 0.0
54 2271.052490234375 1426.3157958984375 324.3391657869787 1650.0 1500.0 0 0.0 0.0 0.0 0.0
72 2234.21044921875 1415.78955078125 316.411713619637 1650.0 1500.0 0 0.0 0.0 0.0 0.0
87 2176.315673828125 1394.73681640625 295.3008734966867 1650.0 1500.0 0 0.0 0.0 0.0 0.0
104 2107.89453125 1373.6842041015625 265.1210693395806 1650.0 1500.0 0 0.0 0.0 0.0 0.0
123 2002.63134765625 1352.631591796875 223.45162379735413 1650.0 1500.0 0 0.0 0.0 0.0 0.0
137 1913.1578369140625 1347.368408203125 197.68825514815668 1650.0 1500.0 0 0.0 0.0 0.0 0.0
154 1823.68408203125 1347.368408203125 179.90206606316653 1650.0 1500.0 0 0.0 0.0 0.0 0.0
171 1739.4735107421875 1352.631591796875 167.88535356260033 1650.0 1500.0 0 0.0 0.0 0.0 0.0
189 1665.789306640625 1378.9473876953125 155.05208941453756 1650.0 1500.0 0 0.0 0.0 0.0 0.0
204 1607.8946533203125 1415.78955078125 143.32564755094515 1650.0 1500.0 0 0.0 0.0 0.0 0.0
1470 1958.2798881530762 1719.4702758789062 144.75634203347937 1650.0 1500.0 0 0.0 0.0 0.0 0.0
1472 1958.2798881530762 1719.4702758789062 144.7563360008682 1650.0 1500.0 0 0.0 0.0 0.0 0.0
1487 1931.9640922546387 1719.4702758789062 150.63683715866145 1650.0 1500.0 0 0.0 0.0 0.0 0.0
1504 1889.8588676452637 1719.4702758789062 161.3130084107046 1650.0 1500.0 0 0.0 0.0 0.0 0.0
1521 1842.4904594421387 1729.9966430664062 175.28072743109857 1650.0 1500.0 0 0.0 0.0 0.0 0.0
1537 1795.1219291687012 1745.7860717773438 188.93090979665732 1650.0 1500.0 0 0.0 0.0 0.0 0.0
1554 1753.0167045593262 1761.5755004882812 199.9467868651121 1650.0 1500.0 0 0.0 0.0 0.0 0.0
1570 1710.9114799499512 1777.3650512695312 209.6591848975019 1650.0 1500.0 0 0.0 0.0 0.0 0.0
1589 1663.5430717468262 1793.1544799804688 219.1474989808729 1650.0 1500.0 0 0.0 0.0 0.0 0.0
1604 1616.1746635437012 1808.9440307617188 227.06135070974736 1650.0 1500.0 0 0.0 0.0 0.0 0.0
1621 1579.3325004577637 1819.4702758789062 232.62718936359641 1650.0 1500.0 0 0.0 0.0 0.0 0.0
1637 1553.0167045593262 1829.9966430664062 235.620087785032 1650.0 1500.0 0 0.0 0.0 0.0 0.0
1654 1526.7009086608887 1840.5228881835938 238.2632843830012 1650.0 1500.0 0 0.0 0.0 0.0 0.0
1672 1500.3851127624512 1851.0492553710938 240.5934862239997 1650.0 1500.0 0 0.0 0.0 0.0 0.0
1689 1474.0693168640137 1856.3124389648438 243.7215586314275 1650.0 1500.0 0 0.0 0.0 0.0 0.0
1705 1447.7535209655762 1861.5755004882812 246.50625379467618 1650.0 1500.0 0 0.0 0.0 0.0 0.0
1723 1431.9640922546387 1861.5755004882812 248.78259476782597 1650.0 1500.0 0 0.0 0.0 0.0 0.0
1737 1421.4377250671387 1861.5755004882812 250.23384495380228 1650.0 1500.0 0 0.0 0.0 0.0 0.0
1754 1416.1746635437012 1861.5755004882812 250.94307869702774 1650.0 1500.0 0 0.0 0.0 0.0 0.0
1770 1410.9114799499512 1861.5755004882812 251.63629834350425 1650.0 1500.0 0 0.0 0.0 0.0 0.0
1789 1405.6482963562012 1861.5755004882812 252.3137189273273 1650.0 1500.0 0 0.0 0.0 0.0 0.0
1805 1400.3851127624512 1861.5755004882812 252.97564414776815 1650.0 1500.0 0 0.0 0.0 0.0 0.0
1821 1395.1219291687012 1861.5755004882812 253.622332575336 1650.0 1500.0 0 0.0 0.0 0.0 0.0
1837 1384.5956840515137 1866.8386840820312 253.56499389028775 1650.0 1500.0 0 0.0 0.0 0.0 0.0
1854 1374.0693168640137 1872.1018676757812 253.51086465880888 1650.0 1500.0 0 0.0 0.0 0.0 0.0
1870 1363.5430717468262 1872.1018676757812 254.7506670567327 1650.0 1500.0 0 0.0 0.0 0.0 0.0
1887 1347.7535209655762 1877.3650512695312 255.20628767612496 1650.0 1500.0 0 0.0 0.0 0.0 0.0
1904 1337.2272758483887 1882.6282348632812 255.06137395844306 1650.0 1500.0 0 0.0 0.0 0.0 0.0
1921 1326.7009086608887 1887.8912963867188 254.924528614402 1650.0 1500.0 0 0.0 0.0 0.0 0.0
1937 1316.1746635437012 1893.1544799804688 254.79520412876707 1650.0 1500.0 0 0.0 0.0 0.0 0.0
1954 1305.6482963562012 1893.1544799804688 255.97629066181844 1650.0 1500.0 0 0.0 0.0 0.0 0.0
1971 1289.8588676452637 1898.4176635742188 256.33849147792614 1650.0 1500.0 0 0.0 0.0 0.0 0.0
1987 1268.8062553405762 1903.6808471679688 257.1913833533776 1650.0 1500.0 0 0.0 0.0 0.0 0.0
2004 1247.7535209655762 1908.9440307617188 257.96178426799105 1650.0 1500.0 0 0.0 0.0 0.0 0.0
2020 1210.9114799499512 1914.2070922851562 259.9920295508668 1650.0 1500.0 0 0.0 0.0 0.0 0.0
2037 1174.0693168640137 1924.7334594726562 260.50652254482713 1650.0 1500.0 0 0.0 0.0 0.0 0.0
2054 1142.4904594421387 1935.2598266601562 260.53636017289415 1650.0 1500.0 0 0.0 0.0 0.0 0.0
2071 1121.4377250671387 1940.5228881835938 260.982249989381 1650.0 1500.0 0 0.0 0.0 0.0 0.0
2087 1095.1219291687012 1945.7860717773438 261.7889814095482 1650.0 1500.0 0 0.0 0.0 0.0 0.0
2104 1079.3325004577637 1951.0492553710938 261.70692591584043 1650.0 1500.0 0 0.0 0.0 0.0 0.0
2121 1063.5430717468262 1956.3124389648438 261.6311758574853 1650.0 1500.0 0 0.0 0.0 0.0 0.0
2137 1047.7535820007324 1956.3124389648438 262.89161552835685 1650.0 1500.0 0 0.0 0.0 0.0 0.0
2155 1042.4903984069824 1956.3124389648438 263.3014134813039 1650.0 1500.0 0 0.0 0.0 0.0 0.0
2170 1031.9640922546387 1961.5755004882812 262.71160992118314 1650.0 1500.0 0 0.0 0.0 0.0 0.0
2188 1026.7009086608887 1961.5755004882812 263.1258439779453 1650.0 1500.0 0 0.0 0.0 0.0 0.0
2203 1010.9114799499512 1961.5755004882812 264.2811343202009 1650.0 1500.0 0 0.0 0.0 0.0 0.0
2221 1000.3851737976074 1966.8386840820312 263.63796600463235 1650.0 1500.0 0 0.0 0.0 0.0 0.0
2237 989.8588066101074 1966.8386840820312 264.40199259522313 1650.0 1500.0 0 0.0 0.0 0.0 0.0
2254 984.5956840515137 1972.1018676757812 263.36621237404864 1650.0 1500.0 0 0.0 0.0 0.0 0.0
2271 974.0693778991699 1972.1018676757812 264.1433401715783 1650.0 1500.0 0 0.0 0.0 0.0 0.0
2287 974.0693778991699 1977.3650512695312 262.7041168592336 1650.0 1500.0 0 0.0 0.0 0.0 0.0
2337 1000.3851737976074 1956.3124389648438 266.99566131328356 1650.0 1500.0 0 0.0 0.0 0.0 0.0
2354 1058.2798881530762 1914.2070922851562 279.0628611812852 1650.0 1500.0 0 0.0 0.0 0.0 0.0