0 2350.0 1500.0 0 1650.0 1500.0 0 0.0 0.0 0.0 0.0
62 2338.142333984375 1519.7628173828125 357.53845968410326 1650.0 1500.0 0 0.0 0.0 0.0 0.0
79 2330.237060546875 1535.5731201171875 355.87261523104354 1650.0 1500.0 0 0.0 0.0 0.0 0.0
96 2330.237060546875 1551.3834228515625 356.4622013334034 1650.0 1500.0 0 0.0 0.0 0.0 0.0
112 2322.33203125 1575.0987548828125 354.9586080096975 1650.0 1500.0 0 0.0 0.0 0.0 0.0
129 2318.37939453125 1594.8616943359375 354.3873360010764 1650.0 1500.0 0 0.0 0.0 0.0 0.0
146 2314.4267578125 1610.671875 353.65035412761904 1650.0 1500.0 0 0.0 0.0 0.0 0.0
165 2310.474365234375 1626.482177734375 352.85024523464983 1650.0 1500.0 0 0.0 0.0 0.0 0.0
182 2302.569091796875 1646.2449951171875 350.81527360582885 1650.0 1500.0 0 0.0 0.0 0.0 0.0
183 2302.569091796875 1646.2449951171875 350.8152746244223 1650.0 1500.0 0 0.0 0.0 0.0 0.0
199 2298.616455078125 1654.150146484375 349.7364515419596 1650.0 1500.0 0 0.0 0.0 0.0 0.0
215 2294.6640625 1662.0552978515625 348.6139612648069 1650.0 1500.0 0 0.0 0.0 0.0 0.0
231 2290.71142578125 1669.96044921875 347.4463389740799 1650.0 1500.0 0 0.0 0.0 0.0 0.0
245 2290.71142578125 1673.9130859375 347.4184939249299 1650.0 1500.0 0 0.0 0.0 0.0 0.0
264 2286.7587890625 1677.8656005859375 346.25594414147275 1650.0 1500.0 0 0.0 0.0 0.0 0.0
279 2286.7587890625 1685.770751953125 346.1509989539603 1650.0 1500.0 0 0.0 0.0 0.0 0.0
297 2282.80615234375 1693.6759033203125 344.8863527417843 1650.0 1500.0 0 0.0 0.0 0.0 0.0
313 2282.80615234375 1697.62841796875 344.8078463672973 1650.0 1500.0 0 0.0 0.0 0.0 0.0
330 2278.853759765625 1709.4862060546875 343.38119953228147 1650.0 1500.0 0 0.0 0.0 0.0 0.0
348 2278.853759765625 1717.391357421875 343.160355831728 1650.0 1500.0 0 0.0 0.0 0.0 0.0
363 2274.901123046875 1729.2490234375 341.636245544279 1650.0 1500.0 0 0.0 0.0 0.0 0.0
382 2274.901123046875 1741.106689453125 341.190951696816 1650.0 1500.0 0 0.0 0.0 0.0 0.0
396 2274.901123046875 1749.0118408203125 340.88218900108797 1650.0 1500.0 0 0.0 0.0 0.0 0.0
413 2270.948486328125 1764.8221435546875 339.02490081701154 1650.0 1500.0 0 0.0 0.0 0.0 0.0
440 2266.99609375 1776.6798095703125 337.26327569959983 1650.0 1500.0 0 0.0 0.0 0.0 0.0
447 2263.04345703125 1788.53759765625 335.403510629778 1650.0 1500.0 0 0.0 0.0 0.0 0.0
467 2259.0908203125 1800.395263671875 333.44248346283786 1650.0 1500.0 0 0.0 0.0 0.0 0.0
480 2255.13818359375 1808.3004150390625 331.7226489673882 1650.0 1500.0 0 0.0 0.0 0.0 0.0
497 2255.13818359375 1820.1580810546875 330.6810881331228 1650.0 1500.0 0 0.0 0.0 0.0 0.0
517 2247.233154296875 1835.9683837890625 326.9519157536887 1650.0 1500.0 0 0.0 0.0 0.0 0.0
518 2247.233154296875 1835.9683837890625 326.95190224387136 1650.0 1500.0 0 0.0 0.0 0.0 0.0
534 2239.327880859375 1843.87353515625 323.994571638219 1650.0 1500.0 0 0.0 0.0 0.0 0.0
566 2231.4228515625 1863.6363525390625 319.3079105420933 1650.0 1500.0 0 0.0 0.0 0.0 0.0
567 2231.4228515625 1863.6363525390625 319.30791104945337 1650.0 1500.0 0 0.0 0.0 0.0 0.0
583 2223.517822265625 1879.4466552734375 314.97329187961964 1650.0 1500.0 0 0.0 0.0 0.0 0.0
598 2215.612548828125 1883.399169921875 312.51950331086425 1650.0 1500.0 0 0.0 0.0 0.0 0.0
615 2207.70751953125 1891.3043212890625 309.38410519453294 1650.0 1500.0 0 0.0 0.0 0.0 0.0
631 2203.7548828125 1899.20947265625 307.06995385417986 1650.0 1500.0 0 0.0 0.0 0.0 0.0
648 2195.849853515625 1903.162109375 304.6965654539689 1650.0 1500.0 0 0.0 0.0 0.0 0.0
663 2191.897216796875 1903.162109375 303.9086553306166 1650.0 1500.0 0 0.0 0.0 0.0 0.0
679 2183.991943359375 1903.162109375 302.375347797445 1650.0 1500.0 0 0.0 0.0 0.0 0.0
698 2176.0869140625 1903.162109375 300.8846083824612 1650.0 1500.0 0 0.0 0.0 0.0 0.0
713 2164.229248046875 1903.162109375 298.74251362207576 1650.0 1500.0 0 0.0 0.0 0.0 0.0
730 2160.276611328125 1903.162109375 298.03917360880564 1650.0 1500.0 0 0.0 0.0 0.0 0.0
747 2148.4189453125 1903.162109375 296.02121728297686 1650.0 1500.0 0 0.0 0.0 0.0 0.0
763 2140.513671875 1903.162109375 294.7167775520252 1650.0 1500.0 0 0.0 0.0 0.0 0.0
780 2128.656005859375 1903.162109375 292.8492230655504 1650.0 1500.0 0 0.0 0.0 0.0 0.0
799 2120.7509765625 1903.162109375 291.6434407846881 1650.0 1500.0 0 0.0 0.0 0.0 0.0
815 2108.893310546875 1903.162109375 289.9199050324804 1650.0 1500.0 0 0.0 0.0 0.0 0.0
832 2100.988037109375 1903.162109375 288.80819335945756 1650.0 1500.0 0 0.0 0.0 0.0 0.0
848 2085.177734375 1903.162109375 286.7260951026027 1650.0 1500.0 0 0.0 0.0 0.0 0.0
866 2077.272705078125 1903.162109375 285.71996611853626 1650.0 1500.0 0 0.0 0.0 0.0 0.0
880 2061.46240234375 1903.162109375 283.83889120532876 1650.0 1500.0 0 0.0 0.0 0.0 0.0
896 2049.604736328125 1903.162109375 282.4993932503835 1650.0 1500.0 0 0.0 0.0 0.0 0.0
915 2037.7470703125 1903.162109375 281.2280916224952 1650.0 1500.0 0 0.0 0.0 0.0 0.0
932 2025.88916015625 1899.20947265625 281.00020510579213 1650.0 1500.0 0 0.0 0.0 0.0 0.0
950 1998.2213134765625 1887.351806640625 281.13581321288035 1650.0 1500.0 0 0.0 0.0 0.0 0.0
951 1998.2213134765625 1887.351806640625 281.13580475236125 1650.0 1500.0 0 0.0 0.0 0.0 0.0
982 1970.5533447265625 1879.4466552734375 280.3516629232015 1650.0 1500.0 0 0.0 0.0 0.0 0.0
983 1970.5533447265625 1879.4466552734375 280.35166398818865 1650.0 1500.0 0 0.0 0.0 0.0 0.0
999 1962.648193359375 1875.4940185546875 280.5624077602442 1650.0 1500.0 0 0.0 0.0 0.0 0.0
1015 1946.837890625 1871.54150390625 279.99473113211104 1650.0 1500.0 0 0.0 0.0 0.0 0.0
1032 1934.980224609375 1867.5888671875 279.83816263085276 1650.0 1503.9525146484375 359.9090594016163 0.0 0.0 0.0 0.0
1048 1923.1224365234375 1863.6363525390625 279.69064344920946 1653.95263671875 1503.9525146484375 1.520206880172907 0.0 0.0 0.0 0.0
1064 1907.3121337890625 1863.6363525390625 278.2143540350653 1653.95263671875 1503.9525146484375 1.520206880172907 0.0 0.0 0.0 0.0
1080 1907.3121337890625 1863.6363525390625 278.2143540350653 1657.9051513671875 1503.9525146484375 3.1319293863044777 0.0 0.0 0.0 0.0
1081 1895.4544677734375 1859.683837890625 278.16077925695777 1657.9051513671875 1503.9525146484375 3.1319293863044777 0.0 0.0 0.0 0.0
1097 1883.5968017578125 1855.731201171875 278.11031913646144 1657.9051513671875 1503.9525146484375 3.1319293863044777 0.0 0.0 0.0 0.0
1114 1871.739013671875 1847.8260498046875 279.0471029600575 1657.9051513671875 1503.9525146484375 3.1319293863044777 0.0 0.0 0.0 0.0
1132 1871.739013671875 1847.8260498046875 279.0471029600575 1657.9051513671875 1507.9051513671875 3.131582812361785 0.0 0.0 0.0 0.0
1133 1859.88134765625 1843.87353515625 278.9453269986384 1657.9051513671875 1507.9051513671875 3.131582812361785 0.0 0.0 0.0 0.0
1148 1859.88134765625 1843.87353515625 278.9453269986384 1657.9051513671875 1503.9525146484375 3.131927641008133 0.0 0.0 0.0 0.0
1149 1851.9761962890625 1839.9208984375 279.2143645179119 1657.9051513671875 1503.9525146484375 3.131927641008133 0.0 0.0 0.0 0.0
1163 1840.1185302734375 1832.0157470703125 280.08058563453255 1657.9051513671875 1503.9525146484375 3.131927641008133 0.0 0.0 0.0 0.0
1180 1840.1185302734375 1832.0157470703125 280.08058563453255 1657.9051513671875 1507.9051513671875 3.131582812361785 0.0 0.0 0.0 0.0
1182 1832.21337890625 1828.063232421875 280.30255563970366 1657.9051513671875 1507.9051513671875 3.131582812361785 0.0 0.0 0.0 0.0
1198 1832.21337890625 1828.063232421875 280.30255563970366 1657.9051513671875 1503.9525146484375 3.131927641008133 0.0 0.0 0.0 0.0
1199 1828.2608642578125 1828.063232421875 279.9027540377246 1657.9051513671875 1503.9525146484375 3.131927641008133 0.0 0.0 0.0 0.0
1213 1828.2608642578125 1828.063232421875 279.9027540377246 1657.9051513671875 1507.9051513671875 3.131582812361785 0.0 0.0 0.0 0.0
1215 1820.355712890625 1824.1107177734375 280.1320803475419 1657.9051513671875 1507.9051513671875 3.131582812361785 0.0 0.0 0.0 0.0
1232 1816.403076171875 1820.1580810546875 280.7498552449056 1657.9051513671875 1507.9051513671875 3.131582812361785 0.0 0.0 0.0 0.0
1247 1812.4505615234375 1816.20556640625 281.3523300947671 1657.9051513671875 1507.9051513671875 3.131582812361785 0.0 0.0 0.0 0.0
1263 1804.54541015625 1812.2529296875 281.5215331518351 1657.9051513671875 1507.9051513671875 3.131582812361785 0.0 0.0 0.0 0.0
1281 1800.5927734375 1808.3004150390625 282.10484163886565 1657.9051513671875 1507.9051513671875 3.131582812361785 0.0 0.0 0.0 0.0
1296 1796.6402587890625 1808.3004150390625 281.6731313581623 1657.9051513671875 1507.9051513671875 3.131582812361785 0.0 0.0 0.0 0.0
1316 1792.687744140625 1808.3004150390625 281.2490275695661 1657.9051513671875 1507.9051513671875 3.131582812361785 0.0 0.0 0.0 0.0
1331 1792.687744140625 1808.3004150390625 281.2490275695661 1657.9051513671875 1503.9525146484375 3.131927641008133 0.0 0.0 0.0 0.0
1332 1788.735107421875 1808.3004150390625 280.83238489981323 1657.9051513671875 1503.9525146484375 3.131927641008133 0.0 0.0 0.0 0.0
1348 1788.735107421875 1808.3004150390625 280.83238489981323 1661.857666015625 1500.0 4.699312820270336 0.0 0.0 0.0 0.0
1349 1784.7825927734375 1808.3004150390625 280.4231577880345 1661.857666015625 1500.0 4.699312820270336 0.0 0.0 0.0 0.0
1366 1784.7825927734375 1808.3004150390625 280.4231577880345 1661.857666015625 1484.189697265625 4.542030504739955 0.0 0.0 0.0 0.0
1367 1761.067138671875 1788.53759765625 282.7997775829725 1661.857666015625 1484.189697265625 4.542017734713454 0.0 0.0 0.0 0.0
1368 1761.067138671875 1788.53759765625 282.79976477340944 1661.857666015625 1484.189697265625 4.542017734713454 0.0 0.0 0.0 0.0
1385 1761.067138671875 1788.53759765625 282.79976477340944 1661.857666015625 1480.237060546875 4.503776930495974 0.0 0.0 0.0 0.0
1386 1757.114501953125 1788.53759765625 282.35584104050304 1661.857666015625 1480.237060546875 4.503776930495974 0.0 0.0 0.0 0.0
1399 1757.114501953125 1788.53759765625 282.35584104050304 1661.857666015625 1472.33203125 4.431374892002566 0.0 0.0 0.0 0.0
1400 1757.114501953125 1780.6324462890625 284.36552165826254 1661.857666015625 1472.33203125 4.431374892002566 0.0 0.0 0.0 0.0
1417 1749.20947265625 1776.6798095703125 284.4093827871948 1661.857666015625 1464.4268798828125 4.36284321680381 0.0 0.0 0.0 0.0
1432 1749.20947265625 1776.6798095703125 284.4093827871948 1661.857666015625 1460.4742431640625 4.329507284209058 0.0 0.0 0.0 0.0
1433 1745.2568359375 1772.727294921875 284.92017502352223 1661.857666015625 1460.4742431640625 4.329507284209058 0.0 0.0 0.0 0.0
1448 1745.2568359375 1772.727294921875 284.92017502352223 1661.857666015625 1456.521728515625 4.2970671096605315 0.0 0.0 0.0 0.0
1449 1741.3043212890625 1768.774658203125 285.41804005133673 1661.857666015625 1456.521728515625 4.2970671096605315 0.0 0.0 0.0 0.0
1464 1741.3043212890625 1768.774658203125 285.41804005133673 1661.857666015625 1452.569091796875 4.265544610517281 0.0 0.0 0.0 0.0
1465 1737.3516845703125 1768.774658203125 284.9287311660404 1661.857666015625 1452.569091796875 4.265544610517281 0.0 0.0 0.0 0.0
1480 1737.3516845703125 1768.774658203125 284.9287311660404 1661.857666015625 1448.6165771484375 4.234848720039054 0.0 0.0 0.0 0.0
1481 1733.399169921875 1764.8221435546875 285.42637152272823 1661.857666015625 1448.6165771484375 4.234848720039054 0.0 0.0 0.0 0.0
1496 1733.399169921875 1764.8221435546875 285.42637152272823 1661.857666015625 1440.71142578125 4.176772408726038 0.0 0.0 0.0 0.0
1497 1729.446533203125 1760.8695068359375 285.91134971068334 1661.857666015625 1440.71142578125 4.176772408726038 0.0 0.0 0.0 0.0
1513 1725.4940185546875 1756.9169921875 286.38394983686624 1661.857666015625 1440.71142578125 4.176772408726038 0.0 0.0 0.0 0.0
1532 1717.5888671875 1752.9644775390625 286.34375428896044 1661.857666015625 1432.8062744140625 4.12177349342528 0.0 0.0 0.0 0.0
1546 1717.5888671875 1752.9644775390625 286.34375428896044 1661.857666015625 1424.901123046875 4.069698108788771 0.0 0.0 0.0 0.0
1548 1717.5888671875 1749.0118408203125 287.32238148150395 1661.857666015625 1424.901123046875 4.069698108788771 0.0 0.0 0.0 0.0
1564 1717.5888671875 1749.0118408203125 287.32238148150395 1661.857666015625 1420.9486083984375 4.044376621132471 0.0 0.0 0.0 0.0
1566 1713.6363525390625 1745.059326171875 287.75883236567944 1661.857666015625 1420.9486083984375 4.044376621132471 0.0 0.0 0.0 0.0
1580 1713.6363525390625 1745.059326171875 287.75883236567944 1661.857666015625 1413.04345703125 3.9964162570894928 0.0 0.0 0.0 0.0
1582 1709.6837158203125 1741.106689453125 288.1840283352228 1661.857666015625 1413.04345703125 3.9964162570894928 0.0 0.0 0.0 0.0
1598 1709.6837158203125 1741.106689453125 288.1840283352228 1661.857666015625 1409.0908203125 3.973109970586165 0.0 0.0 0.0 0.0
1599 1705.731201171875 1733.2015380859375 289.5309857055979 1661.857666015625 1409.0908203125 3.973109970586165 0.0 0.0 0.0 0.0
1613 1705.731201171875 1733.2015380859375 289.5309857055979 1661.857666015625 1401.1856689453125 3.9289802915666883 0.0 0.0 0.0 0.0
1614 1701.778564453125 1729.2490234375 289.91029332857227 1661.857666015625 1401.1856689453125 3.9289802915666883 0.0 0.0 0.0 0.0
1630 1701.778564453125 1729.2490234375 289.91029332857227 1661.857666015625 1397.233154296875 3.907509433400662 0.0 0.0 0.0 0.0
1631 1701.778564453125 1725.29638671875 290.85435025745363 1661.857666015625 1397.233154296875 3.907509433400662 0.0 0.0 0.0 0.0
1648 1701.778564453125 1725.29638671875 290.85435025745363 1661.857666015625 1381.4228515625 3.8303228873905937 0.0 0.0 0.0 0.0
1649 1697.8260498046875 1709.4862060546875 293.86402153945005 1661.857666015625 1381.4228515625 3.8303228873905937 0.0 0.0 0.0 0.0
1664 1697.8260498046875 1697.62841796875 296.5088807402541 1661.857666015625 1373.5177001953125 3.793781331832747 0.0 0.0 0.0 0.0
1684 1697.8260498046875 1685.770751953125 299.06017787093003 1661.857666015625 1365.612548828125 3.7591927641114466 0.0 0.0 0.0 0.0
1699 1697.8260498046875 1685.770751953125 299.06017787093003 1661.857666015625 1353.7548828125 3.71133783203436 0.0 0.0 0.0 0.0
1700 1697.8260498046875 1673.9130859375 301.5166275479222 1661.857666015625 1353.7548828125 3.71133783203436 0.0 0.0 0.0 0.0
1713 1697.8260498046875 1673.9130859375 301.5166275479222 1661.857666015625 1345.8497314453125 3.681111046280762 0.0 0.0 0.0 0.0
1716 1697.8260498046875 1666.0079345703125 303.1113810843584 1661.857666015625 1345.8497314453125 3.681111046280762 0.0 0.0 0.0 0.0
1733 1697.8260498046875 1666.0079345703125 303.1113810843584 1661.857666015625 1333.9920654296875 3.639320581614129 0.0 0.0 0.0 0.0
1734 1693.8734130859375 1654.150146484375 304.6423358449681 1661.857666015625 1333.9920654296875 3.639320581614129 0.0 0.0 0.0 0.0
1746 1693.8734130859375 1654.150146484375 304.6423358449681 1661.857666015625 1326.0869140625 3.6129254901413788 0.0 0.0 0.0 0.0
1747 1693.8734130859375 1650.1976318359375 305.4078412755677 1661.857666015625 1326.0869140625 3.6129254901413788 0.0 0.0 0.0 0.0
1768 1693.8734130859375 1634.3873291015625 308.30380897100406 1661.857666015625 1306.3240966796875 3.555115489365562 0.0 0.0 0.0 0.0
1769 1693.8734130859375 1634.3873291015625 308.3037870511307 1661.857666015625 1306.3240966796875 3.5551352421515503 0.0 0.0 0.0 0.0
1783 1693.8734130859375 1634.3873291015625 308.3037870511307 1661.857666015625 1298.4189453125 3.5332435584281257 0.0 0.0 0.0 0.0
1784 1693.8734130859375 1626.482177734375 309.709366142505 1661.857666015625 1298.4189453125 3.5332435584281257 0.0 0.0 0.0 0.0
1799 1693.8734130859375 1626.482177734375 309.709366142505 1661.857666015625 1290.5137939453125 3.5125103709821133 0.0 0.0 0.0 0.0
1800 1693.8734130859375 1614.62451171875 311.72550666473956 1661.857666015625 1290.5137939453125 3.5125103709821133 0.0 0.0 0.0 0.0
1816 1689.9208984375 1594.8616943359375 313.9939529488075 1661.857666015625 1270.7509765625 3.4671030759724317 0.0 0.0 0.0 0.0
1831 1689.9208984375 1594.8616943359375 313.9939529488075 1661.857666015625 1258.8931884765625 3.441954638070115 0.0 0.0 0.0 0.0
1832 1689.9208984375 1583.00390625 315.815007621343 1661.857666015625 1258.8931884765625 3.441954638070115 0.0 0.0 0.0 0.0
1848 1689.9208984375 1583.00390625 315.815007621343 1661.857666015625 1247.0355224609375 3.4187764242674916 0.0 0.0 0.0 0.0
1849 1685.96826171875 1571.146240234375 316.65265941948644 1661.857666015625 1247.0355224609375 3.4187764242674916 0.0 0.0 0.0 0.0
1864 1685.96826171875 1571.146240234375 316.65265941948644 1661.857666015625 1231.2252197265625 3.390983426519142 0.0 0.0 0.0 0.0
1865 1685.96826171875 1559.28857421875 318.34810074162795 1661.857666015625 1231.2252197265625 3.390983426519142 0.0 0.0 0.0 0.0
1880 1685.96826171875 1559.28857421875 318.34810074162795 1661.857666015625 1219.3675537109375 3.3717767361492292 0.0 0.0 0.0 0.0
1881 1685.96826171875 1539.525634765625 320.9534805718122 1661.857666015625 1219.3675537109375 3.3717767361492292 0.0 0.0 0.0 0.0
1896 1685.96826171875 1539.525634765625 320.9534805718122 1661.857666015625 1207.5098876953125 3.354060052230352 0.0 0.0 0.0 0.0
1898 1685.96826171875 1531.62060546875 321.96056311012296 1661.857666015625 1207.5098876953125 3.354060052230352 0.0 0.0 0.0 0.0
1914 1685.96826171875 1519.7628173828125 323.3961953961463 1661.857666015625 1191.6995849609375 3.332824678283373 0.0 0.0 0.0 0.0
1932 1685.96826171875 1519.7628173828125 323.3961953961463 1661.857666015625 1167.984130859375 3.305556662053789 0.0 0.0 0.0 0.0
1933 1682.0157470703125 1492.0948486328125 325.4678552554419 1661.857666015625 1167.984130859375 3.305556662053789 0.0 0.0 0.0 0.0
1948 1682.0157470703125 1492.0948486328125 325.4678552554419 1661.857666015625 1152.1738891601562 3.2892057949604805 0.0 0.0 0.0 0.0
1949 1682.0157470703125 1476.2845458984375 327.1171204645609 1661.857666015625 1152.1738891601562 3.2892057949604805 0.0 0.0 0.0 0.0
1964 1682.0157470703125 1476.2845458984375 327.1171204645609 1661.857666015625 1136.3635864257812 3.2745318351359174 0.0 0.0 0.0 0.0
1966 1678.063232421875 1460.4742431640625 327.6868905442699 1661.857666015625 1136.3635864257812 3.2745318351359174 0.0 0.0 0.0 0.0
1981 1678.063232421875 1460.4742431640625 327.6868905442699 1653.95263671875 1116.6007690429688 0.43480743909157127 0.0 0.0 0.0 0.0
1982 1678.063232421875 1440.71142578125 329.52906966622936 1653.95263671875 1116.6007690429688 0.43480743909157127 0.0 0.0 0.0 0.0
1999 1678.063232421875 1440.71142578125 329.52906966622936 1653.95263671875 1100.7904663085938 0.7087272777586122 0.0 0.0 0.0 0.0
2000 1678.063232421875 1428.853759765625 330.5764608642439 1653.95263671875 1100.7904663085938 0.7087272777586122 0.0 0.0 0.0 0.0
2017 1678.063232421875 1428.853759765625 330.5764608642439 1650.0 1073.1224975585938 359.76486050252913 0.0 0.0 0.0 0.0
2018 1674.110595703125 1401.185791015625 331.79778648295326 1650.0 1073.1224975585938 359.76486050252913 0.0 0.0 0.0 0.0
2032 1674.110595703125 1401.185791015625 331.79778648295326 1642.0948486328125 1057.3121948242188 357.2231005826871 0.0 0.0 0.0 0.0
2033 1674.110595703125 1385.37548828125 333.0132805342078 1642.0948486328125 1057.3121948242188 357.2231005826871 0.0 0.0 0.0 0.0
2046 1674.110595703125 1385.37548828125 333.0132805342078 1638.142333984375 1037.5493774414062 356.5478530334814 0.0 0.0 0.0 0.0
2048 1674.110595703125 1365.6126708984375 334.4023975050734 1638.142333984375 1037.5493774414062 356.5478530334814 0.0 0.0 0.0 0.0
2064 1674.110595703125 1365.6126708984375 334.4023975050734 1630.2371826171875 1017.7864990234375 354.5627561534443 0.0 0.0 0.0 0.0
2065 1670.1580810546875 1345.849853515625 334.68545681468237 1630.2371826171875 1017.7864990234375 354.5627561534443 0.0 0.0 0.0 0.0
2081 1670.1580810546875 1345.849853515625 334.68545681468237 1618.3795166015625 978.2608032226562 352.7226343196729 0.0 0.0 0.0 0.0
2084 1666.2054443359375 1306.3240966796875 336.06424219938975 1618.3795166015625 978.2608032226562 352.7226343196729 0.0 0.0 0.0 0.0
2097 1666.2054443359375 1286.561279296875 337.1895816325994 1610.474365234375 958.4979858398438 351.23198209416785 0.0 0.0 0.0 0.0
2117 1666.2054443359375 1286.561279296875 337.1895816325994 1594.6640625 934.7825927734375 347.60868733950656 0.0 0.0 0.0 0.0
2118 1666.2054443359375 1258.893310546875 338.5795144191997 1594.6640625 934.7825927734375 347.60868733950656 0.0 0.0 0.0 0.0
2131 1666.2054443359375 1258.893310546875 338.5795144191997 1582.8062744140625 907.1145629882812 346.25889207025176 0.0 0.0 0.0 0.0
2133 1666.2054443359375 1231.225341796875 339.8051174960304 1582.8062744140625 907.1145629882812 346.25889207025176 0.0 0.0 0.0 0.0
2149 1666.2054443359375 1231.225341796875 339.8051174960304 1570.9486083984375 883.399169921875 344.7265938405768 0.0 0.0 0.0 0.0
2150 1670.1580810546875 1195.6521606445312 342.0909333119329 1570.9486083984375 883.399169921875 344.7265938405768 0.0 0.0 0.0 0.0
2168 1670.1580810546875 1195.6521606445312 342.0909333119329 1519.565185546875 804.3477783203125 338.8692502238405 0.0 0.0 0.0 0.0
2169 1674.110595703125 1096.8379516601562 345.04941177695105 1519.565185546875 804.3477783203125 338.8692714749857 0.0 0.0 0.0 0.0
2170 1674.110595703125 1096.8379516601562 345.04940789326315 1519.565185546875 804.3477783203125 338.8692714749857 0.0 0.0 0.0 0.0
2182 1678.063232421875 1057.312255859375 346.5997368309571 1495.849853515625 776.6798095703125 335.52871880832674 0.0 0.0 0.0 0.0
2200 1678.063232421875 1057.312255859375 346.5997368309571 1476.0869140625 752.96435546875 333.34182710859056 0.0 0.0 0.0 0.0
2201 1682.0157470703125 1013.833984375 347.91374389969684 1476.0869140625 752.96435546875 333.34182710859056 0.0 0.0 0.0 0.0
2234 1682.0157470703125 1013.833984375 347.91374389969684 1448.4189453125 725.29638671875 330.04901525123626 0.0 0.0 0.0 0.0
2235 1685.96826171875 970.355712890625 348.9964734570397 1448.4189453125 725.29638671875 330.04901525123626 0.0 0.0 0.0 0.0
2248 1685.96826171875 970.355712890625 348.9964734570397 1369.3675537109375 654.150146484375 323.628421588051 0.0 0.0 0.0 0.0
2249 1693.8734130859375 879.4466552734375 350.49069520163323 1369.3675537109375 654.150146484375 323.628421588051 0.0 0.0 0.0 0.0
2250 1693.8734130859375 879.4466552734375 350.49068018738353 1369.3675537109375 654.150146484375 323.628403512026 0.0 0.0 0.0 0.0
2265 1697.8260498046875 843.87353515625 351.19388902019773 1321.936767578125 614.6244506835938 320.3739206827388 0.0 0.0 0.0 0.0
2281 1697.8260498046875 843.87353515625 351.19388902019773 1266.600830078125 575.0987854003906 316.5672830286194 0.0 0.0 0.0 0.0
2282 1705.731201171875 804.3478393554688 352.6738163560758 1266.600830078125 575.0987854003906 316.5672830286194 0.0 0.0 0.0 0.0
2295 1705.731201171875 804.3478393554688 352.6738163560758 1199.4071044921875 531.6205139160156 312.75446435474714 0.0 0.0 0.0 0.0
2296 1717.5888671875 768.7747192382812 354.9339672325147 1199.4071044921875 531.6205139160156 312.75446435474714 0.0 0.0 0.0 0.0
2313 1717.5888671875 768.7747192382812 354.9339672325147 1128.2608642578125 484.1896667480469 310.5154616352273 0.0 0.0 0.0 0.0
2314 1729.446533203125 737.1541137695312 356.98132358528017 1128.2608642578125 484.1896667480469 310.5154616352273 0.0 0.0 0.0 0.0
2332 1729.446533203125 737.1541137695312 356.98132358528017 1057.1146240234375 440.71142578125 308.3034646032896 0.0 0.0 0.0 0.0
2333 1741.3043212890625 713.438720703125 359.0822370701196 1057.1146240234375 440.71142578125 308.3034646032896 0.0 0.0 0.0 0.0
2348 1741.3043212890625 713.438720703125 359.0822370701196 978.063232421875 401.18572998046875 304.9869269698486 0.0 0.0 0.0 0.0
2349 1753.1619873046875 689.7233276367188 0.9484996104992263 978.063232421875 401.18572998046875 304.9869269698486 0.0 0.0 0.0 0.0
2363 1753.1619873046875 689.7233276367188 0.9484996104992263 899.0118408203125 365.61260986328125 302.08287800938643 0.0 0.0 0.0 0.0
2365 1765.0196533203125 669.9604797363281 2.8437392630506935 899.0118408203125 365.61260986328125 302.08287800938643 0.0 0.0 0.0 0.0
2380 1765.0196533203125 669.9604797363281 2.8437392630506935 823.9130249023438 341.8971862792969 297.98877517722576 0.0 0.0 0.0 0.0
2381 1772.9248046875 654.1501770019531 3.8427574883008333 823.9130249023438 341.8971862792969 297.98877517722576 0.0 0.0 0.0 0.0
2398 1772.9248046875 654.1501770019531 3.8427574883008333 744.8616943359375 326.0869140625 293.0627018665999 0.0 0.0 0.0 0.0
2399 1788.735107421875 642.29248046875 7.032954076180161 744.8616943359375 326.0869140625 293.0627018665999 0.0 0.0 0.0 0.0
2413 1788.735107421875 642.29248046875 7.032954076180161 650.0 306.3240661621094 289.73761222446086 0.0 0.0 0.0 0.0
2415 1796.6402587890625 634.3873596191406 8.386899418826133 650.0 306.3240661621094 289.73761222446086 0.0 0.0 0.0 0.0
2430 1796.6402587890625 634.3873596191406 8.386899418826133 543.2806396484375 298.41893005371094 284.3987946336126 0.0 0.0 0.0 0.0
2431 1804.54541015625 622.5296325683594 9.306020247654644 543.2806396484375 298.41893005371094 284.3987946336126 0.0 0.0 0.0 0.0
2447 1804.54541015625 622.5296325683594 9.306020247654644 436.561279296875 294.4663543701172 280.456213027824 0.0 0.0 0.0 0.0
2449 1808.4979248046875 614.62451171875 9.560098780183452 436.561279296875 294.4663543701172 280.456213027824 0.0 0.0 0.0 0.0
2468 1812.4505615234375 606.7193603515625 9.803683223967099 436.561279296875 294.4663543701172 280.456213027824 0.0 0.0 0.0 0.0
2496 1812.4505615234375 598.814208984375 9.035572920333621 436.561279296875 294.4663543701172 280.456213027824 0.0 0.0 0.0 0.0
2515 1816.403076171875 598.814208984375 10.073294133751276 436.561279296875 294.4663543701172 280.456213027824 0.0 0.0 0.0 0.0
2532 1816.403076171875 594.8616638183594 9.67756122860331 436.561279296875 294.4663543701172 280.456213027824 0.0 0.0 0.0 0.0
2550 1820.355712890625 590.9090881347656 10.306502734463393 436.561279296875 294.4663543701172 280.456213027824 0.0 0.0 0.0 0.0
2663 1824.3082275390625 586.9565124511719 10.919947215234473 436.561279296875 294.4663543701172 280.456213027824 0.0 0.0 0.0 0.0
2680 1824.3082275390625 583.0039367675781 10.509158335932497 436.561279296875 294.4663543701172 280.456213027824 0.0 0.0 0.0 0.0
2712 1828.2608642578125 583.0039367675781 11.536293134786078 436.561279296875 294.4663543701172 280.456213027824 0.0 0.0 0.0 0.0
2779 1832.21337890625 583.0039367675781 12.555598110995561 436.561279296875 294.4663543701172 280.456213027824 0.0 0.0 0.0 0.0