0 2000.0 1500.0 0 0.0 0.0 0.0 0.0 0.0 0.0 0.0
80 2000.0 1500.0 0 0.0 0.0 0.0 0.0 0.0 0.0 0.0
88 2000.0 1500.0 0 0.0 0.0 0.0 0.0 0.0 0.0 0.0
95 2000.0 1500.0 0 0.0 0.0 0.0 0.0 0.0 0.0 0.0
104 2000.0 1500.0 0 0.0 0.0 0.0 0.0 0.0 0.0 0.0
111 2000.0 1500.0 0 0.0 0.0 0.0 0.0 0.0 0.0 0.0
119 2000.0 1500.0 0 0.0 0.0 0.0 0.0 0.0 0.0 0.0
127 2000.0 1500.0 0 0.0 0.0 0.0 0.0 0.0 0.0 0.0
135 2000.0 1500.0 0 0.0 0.0 0.0 0.0 0.0 0.0 0.0
143 2000.0 1500.0 0 0.0 0.0 0.0 0.0 0.0 0.0 0.0
152 2000.0 1500.0 0 0.0 0.0 0.0 0.0 0.0 0.0 0.0
159 2000.0 1500.0 0 0.0 0.0 0.0 0.0 0.0 0.0 0.0
168 2000.0 1500.0 0 0.0 0.0 0.0 0.0 0.0 0.0 0.0
175 2000.0 1500.0 0 0.0 0.0 0.0 0.0 0.0 0.0 0.0
183 2000.0 1500.0 0 0.0 0.0 0.0 0.0 0.0 0.0 0.0
191 2000.0 1500.0 0 0.0 0.0 0.0 0.0 0.0 0.0 0.0
199 2000.0 1500.0 0 0.0 0.0 0.0 0.0 0.0 0.0 0.0
207 2000.0 1500.0 0 0.0 0.0 0.0 0.0 0.0 0.0 0.0
223 2000.0 1500.0 0 0.0 0.0 0.0 0.0 0.0 0.0 0.0
232 2002.123291015625 1500.0 0.5627597590605689 0.0 0.0 0.0 0.0 0.0 0.0 0.0
239 2002.123291015625 1497.8768310546875 359.5611087500977 0.0 0.0 0.0 0.0 0.0 0.0 0.0
247 2004.246337890625 1495.753662109375 359.1510867413334 0.0 0.0 0.0 0.0 0.0 0.0 0.0
255 2006.36962890625 1493.6304931640625 358.7521918281911 0.0 0.0 0.0 0.0 0.0 0.0 0.0
264 2010.615966796875 1489.384033203125 357.9962401155575 0.0 0.0 0.0 0.0 0.0 0.0 0.0
280 2014.8623046875 1485.1376953125 357.2801952729363 0.0 0.0 0.0 0.0 0.0 0.0 0.0
287 2021.23193359375 1483.0145263671875 358.1101103071869 0.0 0.0 0.0 0.0 0.0 0.0 0.0
295 2021.23193359375 1480.891357421875 357.1339622698513 0.0 0.0 0.0 0.0 0.0 0.0 0.0
303 2023.35498046875 1478.7681884765625 356.789620418374 0.0 0.0 0.0 0.0 0.0 0.0 0.0
311 2027.6015625 1476.6448974609375 357.06117949899965 0.0 0.0 0.0 0.0 0.0 0.0 0.0
319 2029.724609375 1474.521728515625 356.7187836514999 0.0 0.0 0.0 0.0 0.0 0.0 0.0
327 2031.847900390625 1474.521728515625 357.3375931372756 0.0 0.0 0.0 0.0 0.0 0.0 0.0
335 2033.970947265625 1470.275390625 356.04965857702445 0.0 0.0 0.0 0.0 0.0 0.0 0.0
343 2036.09423828125 1470.275390625 356.6796152268927 0.0 0.0 0.0 0.0 0.0 0.0 0.0
368 2040.340576171875 1470.275390625 357.8980064145195 0.0 0.0 0.0 0.0 0.0 0.0 0.0
384 2042.4638671875 1466.029052734375 356.589088828848 0.0 0.0 0.0 0.0 0.0 0.0 0.0
399 2044.5869140625 1466.029052734375 357.20994391012647 0.0 0.0 0.0 0.0 0.0 0.0 0.0
407 2044.5869140625 1463.90576171875 356.2434950194042 0.0 0.0 0.0 0.0 0.0 0.0 0.0
415 2046.710205078125 1463.90576171875 356.8702541477882 0.0 0.0 0.0 0.0 0.0 0.0 0.0
423 2046.710205078125 1461.7825927734375 355.9076551411656 0.0 0.0 0.0 0.0 0.0 0.0 0.0
439 2048.833251953125 1461.7825927734375 356.5399775309962 0.0 0.0 0.0 0.0 0.0 0.0 0.0
487 2048.833251953125 1459.659423828125 355.5809874457285 0.0 0.0 0.0 0.0 0.0 0.0 0.0
495 2048.833251953125 1457.5362548828125 354.632919490317 0.0 0.0 0.0 0.0 0.0 0.0 0.0
511 2050.95654296875 1453.2899169921875 353.448282887471 0.0 0.0 0.0 0.0 0.0 0.0 0.0
519 2050.95654296875 1451.1666259765625 352.52523804574173 0.0 0.0 0.0 0.0 0.0 0.0 0.0
527 2055.202880859375 1444.797119140625 351.24207035873224 0.0 0.0 0.0 0.0 0.0 0.0 0.0
535 2057.326171875 1442.6739501953125 351.05930196462407 0.0 0.0 0.0 0.0 0.0 0.0 0.0
543 2059.44921875 1436.3043212890625 349.16884740585186 0.0 0.0 0.0 0.0 0.0 0.0 0.0
551 2063.695556640625 1427.8116455078125 347.3055811400559 0.0 0.0 0.0 0.0 0.0 0.0 0.0
559 2063.695556640625 1425.6883544921875 346.461491797994 0.0 0.0 0.0 0.0 0.0 0.0 0.0
567 2067.942138671875 1417.1956787109375 344.8103908442774 0.0 0.0 0.0 0.0 0.0 0.0 0.0
575 2076.434814453125 1402.3333740234375 342.6670380406618 0.0 0.0 0.0 0.0 0.0 0.0 0.0
583 2084.927490234375 1391.7174072265625 342.16799704646127 0.0 0.0 0.0 0.0 0.0 0.0 0.0
591 2089.173828125 1385.3477783203125 341.5703566883657 0.0 0.0 0.0 0.0 0.0 0.0 0.0
599 2093.42041015625 1374.7318115234375 339.6255104024334 0.0 0.0 0.0 0.0 0.0 0.0 0.0
607 2095.54345703125 1366.2391357421875 337.6838358684336 0.0 0.0 0.0 0.0 0.0 0.0 0.0
615 2097.666748046875 1355.6231689453125 335.254484300891 0.0 0.0 0.0 0.0 0.0 0.0 0.0
623 2104.036376953125 1347.13037109375 335.3703980316551 0.0 0.0 0.0 0.0 0.0 0.0 0.0
631 2106.159423828125 1340.7608642578125 334.3452445433964 0.0 0.0 0.0 0.0 0.0 0.0 0.0
639 2108.28271484375 1336.514404296875 333.99477443871325 0.0 0.0 0.0 0.0 0.0 0.0 0.0
647 2108.28271484375 1332.26806640625 332.73096477436 0.0 0.0 0.0 0.0 0.0 0.0 0.0
655 2110.40576171875 1323.7752685546875 331.2873104957841 0.0 0.0 0.0 0.0 0.0 0.0 0.0
665 2110.40576171875 1319.5289306640625 330.1133789116961 0.0 0.0 0.0 0.0 0.0 0.0 0.0
671 2110.40576171875 1315.2825927734375 328.97923504996857 0.0 0.0 0.0 0.0 0.0 0.0 0.0
681 2110.40576171875 1313.159423828125 328.42208192949187 0.0 0.0 0.0 0.0 0.0 0.0 0.0
687 2110.40576171875 1311.0361328125 327.87462819666985 0.0 0.0 0.0 0.0 0.0 0.0 0.0
695 2110.40576171875 1308.9129638671875 327.33673482992305 0.0 0.0 0.0 0.0 0.0 0.0 0.0
703 2110.40576171875 1306.789794921875 326.8083629498356 0.0 0.0 0.0 0.0 0.0 0.0 0.0
711 2110.40576171875 1302.54345703125 325.7882874007007 0.0 0.0 0.0 0.0 0.0 0.0 0.0
719 2110.40576171875 1300.4202880859375 325.2873997288953 0.0 0.0 0.0 0.0 0.0 0.0 0.0
727 2110.40576171875 1298.2969970703125 324.7955045680808 0.0 0.0 0.0 0.0 0.0 0.0 0.0
736 2110.40576171875 1294.0506591796875 323.84645306889985 0.0 0.0 0.0 0.0 0.0 0.0 0.0
751 2108.28271484375 1289.8043212890625 321.8980895065947 0.0 0.0 0.0 0.0 0.0 0.0 0.0
759 2106.159423828125 1283.4346923828125 319.6232038668928 0.0 0.0 0.0 0.0 0.0 0.0 0.0
767 2104.036376953125 1283.4346923828125 318.52782836648845 0.0 0.0 0.0 0.0 0.0 0.0 0.0
775 2104.036376953125 1281.3115234375 318.16029522556596 0.0 0.0 0.0 0.0 0.0 0.0 0.0
783 2101.9130859375 1277.065185546875 316.38477524135084 0.0 0.0 0.0 0.0 0.0 0.0 0.0
791 2097.666748046875 1270.695556640625 313.3132317834799 0.0 0.0 0.0 0.0 0.0 0.0 0.0
799 2097.666748046875 1268.5723876953125 313.0450703247781 0.0 0.0 0.0 0.0 0.0 0.0 0.0
807 2093.42041015625 1266.44921875 310.55195494835056 0.0 0.0 0.0 0.0 0.0 0.0 0.0
815 2087.05078125 1257.9564208984375 306.5450039457808 0.0 0.0 0.0 0.0 0.0 0.0 0.0
823 2082.804443359375 1255.833251953125 304.14554920395113 0.0 0.0 0.0 0.0 0.0 0.0 0.0
831 2080.68115234375 1253.7100830078125 302.9236048670183 0.0 0.0 0.0 0.0 0.0 0.0 0.0
839 2076.434814453125 1251.5869140625 300.5891144487637 0.0 0.0 0.0 0.0 0.0 0.0 0.0
848 2067.942138671875 1245.21728515625 296.1734652374679 0.0 0.0 0.0 0.0 0.0 0.0 0.0
855 2063.695556640625 1243.0941162109375 293.9832428900713 0.0 0.0 0.0 0.0 0.0 0.0 0.0
865 2055.202880859375 1238.8477783203125 289.8128163332868 0.0 0.0 0.0 0.0 0.0 0.0 0.0
871 2048.833251953125 1236.724609375 286.6866176112349 0.0 0.0 0.0 0.0 0.0 0.0 0.0
881 2042.4638671875 1234.601318359375 283.66556409554846 0.0 0.0 0.0 0.0 0.0 0.0 0.0
887 2038.21728515625 1232.4781494140625 281.8156309941498 0.0 0.0 0.0 0.0 0.0 0.0 0.0
895 2031.847900390625 1228.2318115234375 279.3604334848438 0.0 0.0 0.0 0.0 0.0 0.0 0.0
903 2023.35498046875 1228.2318115234375 275.143241350232 0.0 0.0 0.0 0.0 0.0 0.0 0.0
911 2014.8623046875 1221.8621826171875 272.5979073842631 0.0 0.0 0.0 0.0 0.0 0.0 0.0
919 2004.246337890625 1217.6158447265625 268.8120789492766 0.0 0.0 0.0 0.0 0.0 0.0 0.0
927 1993.63037109375 1211.246337890625 265.9248838965716 0.0 0.0 0.0 0.0 0.0 0.0 0.0
935 1987.2607421875 1209.123046875 263.7880844487668 0.0 0.0 0.0 0.0 0.0 0.0 0.0
943 1980.891357421875 1209.123046875 261.0721926443558 0.0 0.0 0.0 0.0 0.0 0.0 0.0
951 1972.3984375 1204.876708984375 259.0615154006823 0.0 0.0 0.0 0.0 0.0 0.0 0.0
959 1959.659423828125 1200.63037109375 255.6692937693766 0.0 0.0 0.0 0.0 0.0 0.0 0.0
967 1946.9202880859375 1200.63037109375 251.06927439825407 0.0 0.0 0.0 0.0 0.0 0.0 0.0
975 1940.5506591796875 1198.5072021484375 249.7193678105114 0.0 0.0 0.0 0.0 0.0 0.0 0.0
983 1936.3043212890625 1196.3839111328125 249.14033369635027 0.0 0.0 0.0 0.0 0.0 0.0 0.0
991 1925.6883544921875 1194.2607421875 246.58645228771738 0.0 0.0 0.0 0.0 0.0 0.0 0.0
999 1921.4420166015625 1192.1375732421875 246.14023564577442 0.0 0.0 0.0 0.0 0.0 0.0 0.0
1007 1917.195556640625 1192.1375732421875 244.8069525768407 0.0 0.0 0.0 0.0 0.0 0.0 0.0
1015 1908.702880859375 1190.014404296875 243.21139731661899 0.0 0.0 0.0 0.0 0.0 0.0 0.0
1023 1902.333251953125 1187.8912353515625 242.31160962653686 0.0 0.0 0.0 0.0 0.0 0.0 0.0
1031 1893.840576171875 1183.644775390625 241.8070443113139 0.0 0.0 0.0 0.0 0.0 0.0 0.0
1039 1889.5941162109375 1183.644775390625 240.6156533242552 0.0 0.0 0.0 0.0 0.0 0.0 0.0
1048 1883.224609375 1183.644775390625 238.91752565582058 0.0 0.0 0.0 0.0 0.0 0.0 0.0
1055 1876.85498046875 1181.5216064453125 238.2701354725971 0.0 0.0 0.0 0.0 0.0 0.0 0.0
1065 1870.4854736328125 1181.5216064453125 236.69109527856259 0.0 0.0 0.0 0.0 0.0 0.0 0.0
1071 1864.1158447265625 1179.3984375 236.17576382663427 0.0 0.0 0.0 0.0 0.0 0.0 0.0
1081 1853.4998779296875 1179.3984375 233.80634603237738 0.0 0.0 0.0 0.0 0.0 0.0 0.0
1087 1847.13037109375 1175.152099609375 234.45116362932245 0.0 0.0 0.0 0.0 0.0 0.0 0.0
1095 1840.7607421875 1175.152099609375 233.0706116975696 0.0 0.0 0.0 0.0 0.0 0.0 0.0
1103 1832.26806640625 1173.0289306640625 232.35141312067563 0.0 0.0 0.0 0.0 0.0 0.0 0.0
1111 1821.652099609375 1173.0289306640625 230.3087963702899 0.0 0.0 0.0 0.0 0.0 0.0 0.0
1119 1813.1593017578125 1173.0289306640625 228.7902609067776 0.0 0.0 0.0 0.0 0.0 0.0 0.0
1127 1800.420166015625 1173.0289306640625 226.74765751280407 0.0 0.0 0.0 0.0 0.0 0.0 0.0
1135 1787.6810302734375 1173.0289306640625 224.91815847050734 0.0 0.0 0.0 0.0 0.0 0.0 0.0
1143 1777.0650634765625 1173.0289306640625 223.52941857824194 0.0 0.0 0.0 0.0 0.0 0.0 0.0
1151 1766.44921875 1173.0289306640625 222.26506389629216 0.0 0.0 0.0 0.0 0.0 0.0 0.0
1159 1753.7100830078125 1173.0289306640625 220.9087161672317 0.0 0.0 0.0 0.0 0.0 0.0 0.0
1167 1738.84765625 1173.0289306640625 219.519466524803 0.0 0.0 0.0 0.0 0.0 0.0 0.0
1175 1730.35498046875 1173.0289306640625 218.78426297585216 0.0 0.0 0.0 0.0 0.0 0.0 0.0
1183 1721.8621826171875 1173.0289306640625 218.10342567775203 0.0 0.0 0.0 0.0 0.0 0.0 0.0
1191 1717.6158447265625 1173.0289306640625 217.77613413568125 0.0 0.0 0.0 0.0 0.0 0.0 0.0
1199 1709.123046875 1173.0289306640625 217.16998001819027 0.0 0.0 0.0 0.0 0.0 0.0 0.0
1207 1702.7535400390625 1173.0289306640625 216.74120740384458 0.0 0.0 0.0 0.0 0.0 0.0 0.0
1216 1692.1375732421875 1173.0289306640625 216.09170603464273 0.0 0.0 0.0 0.0 0.0 0.0 0.0
1223 1685.7679443359375 1173.0289306640625 215.72416182842963 0.0 0.0 0.0 0.0 0.0 0.0 0.0
1232 1677.2752685546875 1173.0289306640625 215.27053930789035 0.0 0.0 0.0 0.0 0.0 0.0 0.0
1240 1670.9056396484375 1173.0289306640625 214.94969551448506 0.0 0.0 0.0 0.0 0.0 0.0 0.0
1248 1660.2896728515625 1173.0289306640625 214.4638265821567 0.0 0.0 0.0 0.0 0.0 0.0 0.0
1255 1649.673828125 1173.0289306640625 214.02240847869356 0.0 0.0 0.0 0.0 0.0 0.0 0.0
1265 1636.9346923828125 1173.0289306640625 213.54984107341423 0.0 0.0 0.0 0.0 0.0 0.0 0.0
1271 1628.44189453125 1173.0289306640625 213.25830916640322 0.0 0.0 0.0 0.0 0.0 0.0 0.0
1281 1613.57958984375 1173.0289306640625 212.8112348622133 0.0 0.0 0.0 0.0 0.0 0.0 0.0
1287 1605.0867919921875 1173.0289306640625 212.574824833672 0.0 0.0 0.0 0.0 0.0 0.0 0.0
1295 1592.34765625 1173.0289306640625 212.25852577800472 0.0 0.0 0.0 0.0 0.0 0.0 0.0
1303 1581.731689453125 1173.0289306640625 212.0191013357984 0.0 0.0 0.0 0.0 0.0 0.0 0.0
1311 1573.239013671875 1173.0289306640625 211.8418763893674 0.0 0.0 0.0 0.0 0.0 0.0 0.0
1319 1562.623046875 1173.0289306640625 211.64064229995725 0.0 0.0 0.0 0.0 0.0 0.0 0.0
1327 1554.1302490234375 1173.0289306640625 211.4917169906266 0.0 0.0 0.0 0.0 0.0 0.0 0.0
1335 1541.39111328125 1170.9056396484375 212.32389756545498 0.0 0.0 0.0 0.0 0.0 0.0 0.0
1343 1532.8983154296875 1170.9056396484375 212.1238849014335 0.0 0.0 0.0 0.0 0.0 0.0 0.0
1351 1518.0360107421875 1166.6593017578125 213.84072865572992 0.0 0.0 0.0 0.0 0.0 0.0 0.0
1359 1505.296875 1164.5361328125 214.4169524494989 0.0 0.0 0.0 0.0 0.0 0.0 0.0
1367 1490.4345703125 1162.4129638671875 214.83699131627137 0.0 0.0 0.0 0.0 0.0 0.0 0.0
1375 1475.572265625 1162.4129638671875 214.194666103333 0.0 0.0 0.0 0.0 0.0 0.0 0.0
1383 1460.7099609375 1153.920166015625 217.65356291802894 0.0 0.0 0.0 0.0 0.0 0.0 0.0
1391 1447.9708251953125 1153.920166015625 216.79004819259856 0.0 0.0 0.0 0.0 0.0 0.0 0.0
1399 1430.9852294921875 1147.5506591796875 218.7538932099525 0.0 0.0 0.0 0.0 0.0 0.0 0.0
1407 1413.999755859375 1143.30419921875 219.45759322505725 0.0 0.0 0.0 0.0 0.0 0.0 0.0
1415 1405.5069580078125 1139.057861328125 220.83093179853486 0.0 0.0 0.0 0.0 0.0 0.0 0.0
1423 1394.89111328125 1139.057861328125 219.80976439519978 0.0 0.0 0.0 0.0 0.0 0.0 0.0
1431 1386.3983154296875 1134.8115234375 221.15482821548918 0.0 0.0 0.0 0.0 0.0 0.0 0.0
1439 1375.7823486328125 1132.688232421875 221.1365398470971 0.0 0.0 0.0 0.0 0.0 0.0 0.0
1448 1369.412841796875 1130.5650634765625 221.55283739403475 0.0 0.0 0.0 0.0 0.0 0.0 0.0
1455 1363.043212890625 1128.44189453125 221.94431853786617 0.0 0.0 0.0 0.0 0.0 0.0 0.0
1465 1356.6737060546875 1126.3187255859375 222.3123954435866 0.0 0.0 0.0 0.0 0.0 0.0 0.0
1471 1352.42724609375 1124.195556640625 222.90809925474494 0.0 0.0 0.0 0.0 0.0 0.0 0.0
1481 1346.0577392578125 1122.0723876953125 223.21851567104991 0.0 0.0 0.0 0.0 0.0 0.0 0.0
1487 1341.811279296875 1119.9490966796875 223.77603576844493 0.0 0.0 0.0 0.0 0.0 0.0 0.0
1495 1335.4417724609375 1117.825927734375 224.03452279207093 0.0 0.0 0.0 0.0 0.0 0.0 0.0
1503 1329.0721435546875 1113.57958984375 225.32529308491203 0.0 0.0 0.0 0.0 0.0 0.0 0.0
1511 1324.8258056640625 1111.4564208984375 225.79343640075425 0.0 0.0 0.0 0.0 0.0 0.0 0.0
1519 1318.456298828125 1105.0867919921875 227.9970421539983 0.0 0.0 0.0 0.0 0.0 0.0 0.0
1527 1309.9635009765625 1098.71728515625 229.6744072766402 0.0 0.0 0.0 0.0 0.0 0.0 0.0
1535 1307.84033203125 1098.71728515625 229.28540511511332 0.0 0.0 0.0 0.0 0.0 0.0 0.0
1543 1301.470703125 1092.34765625 231.237200990758 0.0 0.0 0.0 0.0 0.0 0.0 0.0
1551 1295.1011962890625 1090.2244873046875 231.04788012727877 0.0 0.0 0.0 0.0 0.0 0.0 0.0
1559 1290.854736328125 1085.9781494140625 232.293222005805 0.0 0.0 0.0 0.0 0.0 0.0 0.0
1567 1284.4852294921875 1081.7318115234375 233.03945831752768 0.0 0.0 0.0 0.0 0.0 0.0 0.0
1575 1275.992431640625 1077.4853515625 233.3024001198344 0.0 0.0 0.0 0.0 0.0 0.0 0.0
1583 1271.74609375 1073.239013671875 234.43381207738506 0.0 0.0 0.0 0.0 0.0 0.0 0.0
1591 1263.2532958984375 1068.9926147460938 234.58126391347392 0.0 0.0 0.0 0.0 0.0 0.0 0.0
1599 1256.8837890625 1064.7462158203125 235.17405972256554 0.0 0.0 0.0 0.0 0.0 0.0 0.0
1607 1248.3909912109375 1056.2534790039062 237.1439945949708 0.0 0.0 0.0 0.0 0.0 0.0 0.0
1615 1246.267822265625 1052.007080078125 238.60928797739652 0.0 0.0 0.0 0.0 0.0 0.0 0.0
1623 1237.7750244140625 1047.7607421875 238.41076355307993 0.0 0.0 0.0 0.0 0.0 0.0 0.0
1631 1233.5286865234375 1041.3911743164062 240.22336632766937 0.0 0.0 0.0 0.0 0.0 0.0 0.0
1639 1225.035888671875 1037.144775390625 239.89128358765552 0.0 0.0 0.0 0.0 0.0 0.0 0.0
1648 1220.78955078125 1030.7752075195312 241.61214759954206 0.0 0.0 0.0 0.0 0.0 0.0 0.0
1655 1210.173583984375 1022.282470703125 242.37795333749992 0.0 0.0 0.0 0.0 0.0 0.0 0.0
1665 1201.6807861328125 1015.9129028320312 242.7575798832079 0.0 0.0 0.0 0.0 0.0 0.0 0.0
1671 1193.1881103515625 1009.5433349609375 243.1024664472043 0.0 0.0 0.0 0.0 0.0 0.0 0.0
1681 1186.8184814453125 1005.2969360351562 243.1184900213993 0.0 0.0 0.0 0.0 0.0 0.0 0.0
1687 1180.448974609375 1001.050537109375 243.1334500400342 0.0 0.0 0.0 0.0 0.0 0.0 0.0
1695 1176.20263671875 996.80419921875 243.75238713174284 0.0 0.0 0.0 0.0 0.0 0.0 0.0
1703 1169.8330078125 992.5578002929688 243.72425621330947 0.0 0.0 0.0 0.0 0.0 0.0 0.0
1711 1165.586669921875 988.3114013671875 244.3117549893819 0.0 0.0 0.0 0.0 0.0 0.0 0.0
1719 1163.4635009765625 988.3114013671875 243.66419001083173 0.0 0.0 0.0 0.0 0.0 0.0 0.0
1727 1159.217041015625 981.9418334960938 245.14719608633712 0.0 0.0 0.0 0.0 0.0 0.0 0.0
1743 1157.0938720703125 977.6954956054688 246.31312584077367 0.0 0.0 0.0 0.0 0.0 0.0 0.0
1751 1152.8475341796875 973.4490966796875 246.76237049557872 0.0 0.0 0.0 0.0 0.0 0.0 0.0
1759 1152.8475341796875 969.2026977539062 248.5640424145196 0.0 0.0 0.0 0.0 0.0 0.0 0.0
1767 1150.724365234375 960.7099609375 251.25835963728414 0.0 0.0 0.0 0.0 0.0 0.0 0.0
1775 1150.724365234375 958.5867919921875 252.1123379638416 0.0 0.0 0.0 0.0 0.0 0.0 0.0
1783 1150.724365234375 954.3403930664062 253.77444717367374 0.0 0.0 0.0 0.0 0.0 0.0 0.0
1791 1150.724365234375 950.093994140625 255.3904054247162 0.0 0.0 0.0 0.0 0.0 0.0 0.0
1799 1150.724365234375 945.84765625 256.96027218088284 0.0 0.0 0.0 0.0 0.0 0.0 0.0
1807 1150.724365234375 943.7244262695312 257.7335744163578 0.0 0.0 0.0 0.0 0.0 0.0 0.0
1823 1150.724365234375 939.4780883789062 259.2346762590079 0.0 0.0 0.0 0.0 0.0 0.0 0.0
1831 1150.724365234375 935.231689453125 260.6905097556187 0.0 0.0 0.0 0.0 0.0 0.0 0.0
1839 1150.724365234375 928.8621215820312 262.7748013498588 0.0 0.0 0.0 0.0 0.0 0.0 0.0
1847 1152.8475341796875 924.61572265625 265.04305750633887 0.0 0.0 0.0 0.0 0.0 0.0 0.0
1855 1154.970703125 920.369384765625 267.2612251804071 0.0 0.0 0.0 0.0 0.0 0.0 0.0
1864 1157.0938720703125 913.9998168945312 269.9867687231757 0.0 0.0 0.0 0.0 0.0 0.0 0.0
1871 1161.3402099609375 907.6302490234375 273.59433249871216 0.0 0.0 0.0 0.0 0.0 0.0 0.0
1880 1163.4635009765625 903.3838500976562 275.5954788370944 0.0 0.0 0.0 0.0 0.0 0.0 0.0
1887 1165.586669921875 897.0142822265625 277.9554104914579 0.0 0.0 0.0 0.0 0.0 0.0 0.0
1895 1169.8330078125 892.7678833007812 280.893312440175 0.0 0.0 0.0 0.0 0.0 0.0 0.0
1903 1174.079345703125 884.275146484375 284.35021657158177 0.0 0.0 0.0 0.0 0.0 0.0 0.0
1911 1176.20263671875 880.0287475585938 286.02099215644876 0.0 0.0 0.0 0.0 0.0 0.0 0.0
1919 1180.448974609375 875.7824096679688 288.7336885031562 0.0 0.0 0.0 0.0 0.0 0.0 0.0
1927 1182.5721435546875 869.412841796875 290.4327645933413 0.0 0.0 0.0 0.0 0.0 0.0 0.0
1935 1188.941650390625 865.1664428710938 294.11509410440686 0.0 0.0 0.0 0.0 0.0 0.0 0.0
1943 1193.1881103515625 860.9200439453125 296.5526971907473 0.0 0.0 0.0 0.0 0.0 0.0 0.0
1951 1203.8040771484375 854.5504760742188 302.1900312334939 0.0 0.0 0.0 0.0 0.0 0.0 0.0
1959 1212.2967529296875 848.180908203125 306.3847681011528 0.0 0.0 0.0 0.0 0.0 0.0 0.0
1967 1222.9127197265625 839.6881713867188 311.1397257582543 0.0 0.0 0.0 0.0 0.0 0.0 0.0
1975 1239.898193359375 831.1954345703125 318.4355444540631 0.0 0.0 0.0 0.0 0.0 0.0 0.0
1983 1250.51416015625 824.8258666992188 322.4304218634301 0.0 0.0 0.0 0.0 0.0 0.0 0.0
1991 1259.0069580078125 820.5794677734375 325.58350842912455 0.0 0.0 0.0 0.0 0.0 0.0 0.0
1999 1271.74609375 812.0867309570312 329.3277947695127 0.0 0.0 0.0 0.0 0.0 0.0 0.0
2007 1280.2388916015625 809.9635620117188 332.58622931134283 0.0 0.0 0.0 0.0 0.0 0.0 0.0
2015 1288.7315673828125 801.4707641601562 333.8168539886603 0.0 0.0 0.0 0.0 0.0 0.0 0.0
2023 1299.3475341796875 797.2244262695312 337.01366620472766 0.0 0.0 0.0 0.0 0.0 0.0 0.0
2032 1314.2098388671875 790.8548583984375 340.8286748987989 0.0 0.0 0.0 0.0 0.0 0.0 0.0
2039 1331.1954345703125 786.6084594726562 345.6077121692452 0.0 0.0 0.0 0.0 0.0 0.0 0.0
2048 1339.6881103515625 780.2388916015625 346.26435422893826 0.0 0.0 0.0 0.0 0.0 0.0 0.0
2055 1348.180908203125 778.11572265625 348.4441982889855 0.0 0.0 0.0 0.0 0.0 0.0 0.0
2064 1352.42724609375 775.9924926757812 349.07092468911384 0.0 0.0 0.0 0.0 0.0 0.0 0.0
2071 1358.796875 771.7461547851562 349.5376815764108 0.0 0.0 0.0 0.0 0.0 0.0 0.0
2080 1363.043212890625 769.6229248046875 350.118415893992 0.0 0.0 0.0 0.0 0.0 0.0 0.0
2087 1369.412841796875 769.6229248046875 352.22909542807884 0.0 0.0 0.0 0.0 0.0 0.0 0.0
2095 1377.905517578125 763.2533569335938 352.2794687721743 0.0 0.0 0.0 0.0 0.0 0.0 0.0
2103 1384.275146484375 763.2533569335938 354.2895874745233 0.0 0.0 0.0 0.0 0.0 0.0 0.0
2111 1390.6446533203125 761.1301879882812 355.2937036593544 0.0 0.0 0.0 0.0 0.0 0.0 0.0
2119 1401.2606201171875 759.0070190429688 357.403255652726 0.0 0.0 0.0 0.0 0.0 0.0 0.0
2127 1413.999755859375 752.637451171875 358.08046333859994 0.0 0.0 0.0 0.0 0.0 0.0 0.0
2135 1424.61572265625 750.5142211914062 359.94344842715844 0.0 0.0 0.0 0.0 0.0 0.0 0.0
2143 1437.3548583984375 748.3910522460938 2.1268150420900795 0.0 0.0 0.0 0.0 0.0 0.0 0.0
2151 1447.9708251953125 746.2678833007812 3.626077557942523 0.0 0.0 0.0 0.0 0.0 0.0 0.0
2159 1456.4635009765625 744.1446533203125 4.542497022769773 0.0 0.0 0.0 0.0 0.0 0.0 0.0
2167 1467.0794677734375 742.021484375 5.821845517467175 0.0 0.0 0.0 0.0 0.0 0.0 0.0
2175 1475.572265625 739.8983154296875 6.571837233956565 0.0 0.0 0.0 0.0 0.0 0.0 0.0
2183 1488.3114013671875 733.5287475585938 6.1556475139470095 0.0 0.0 0.0 0.0 0.0 0.0 0.0
2191 1498.9273681640625 731.405517578125 7.287163836102955 0.0 0.0 0.0 0.0 0.0 0.0 0.0
2199 1509.5433349609375 731.405517578125 9.300198814671056 0.0 0.0 0.0 0.0 0.0 0.0 0.0
2207 1530.775146484375 722.9127807617188 9.040521724648634 0.0 0.0 0.0 0.0 0.0 0.0 0.0
2215 1545.637451171875 720.7896118164062 10.592201051349043 0.0 0.0 0.0 0.0 0.0 0.0 0.0
2223 1564.7462158203125 716.543212890625 11.615872026349372 0.0 0.0 0.0 0.0 0.0 0.0 0.0
2231 1579.6085205078125 712.2968139648438 11.88345537328015 0.0 0.0 0.0 0.0 0.0 0.0 0.0
2239 1596.593994140625 712.2968139648438 14.330623160440062 0.0 0.0 0.0 0.0 0.0 0.0 0.0
2247 1611.4564208984375 710.1736450195312 15.227586652929098 0.0 0.0 0.0 0.0 0.0 0.0 0.0
2255 1626.3187255859375 710.1736450195312 17.00192109880846 0.0 0.0 0.0 0.0 0.0 0.0 0.0
2264 1641.1810302734375 708.0504760742188 17.566118205263102 0.0 0.0 0.0 0.0 0.0 0.0 0.0
2271 1653.920166015625 708.0504760742188 18.86564251759851 0.0 0.0 0.0 0.0 0.0 0.0 0.0
2280 1666.6593017578125 708.0504760742188 20.02663646350272 0.0 0.0 0.0 0.0 0.0 0.0 0.0
2287 1681.5216064453125 708.0504760742188 21.2151019779215 0.0 0.0 0.0 0.0 0.0 0.0 0.0
2295 1694.2607421875 708.0504760742188 22.124568951154522 0.0 0.0 0.0 0.0 0.0 0.0 0.0
2303 1711.2462158203125 708.0504760742188 23.169583788958313 0.0 0.0 0.0 0.0 0.0 0.0 0.0
2311 1726.1085205078125 708.0504760742188 23.971194380893486 0.0 0.0 0.0 0.0 0.0 0.0 0.0
2319 1747.3404541015625 708.0504760742188 24.924566040227965 0.0 0.0 0.0 0.0 0.0 0.0 0.0
2327 1766.44921875 708.0504760742188 25.65089173754948 0.0 0.0 0.0 0.0 0.0 0.0 0.0
2335 1789.80419921875 708.0504760742188 26.377453790465047 0.0 0.0 0.0 0.0 0.0 0.0 0.0
2343 1813.1593017578125 708.0504760742188 26.972057043182666 0.0 0.0 0.0 0.0 0.0 0.0 0.0
2351 1836.514404296875 708.0504760742188 27.458618177102444 0.0 0.0 0.0 0.0 0.0 0.0 0.0
2359 1859.8695068359375 708.0504760742188 27.856741418907298 0.0 0.0 0.0 0.0 0.0 0.0 0.0
2367 1881.1014404296875 708.0504760742188 28.157869277744346 0.0 0.0 0.0 0.0 0.0 0.0 0.0
2375 1906.5797119140625 712.2968139648438 30.3124033007309 0.0 0.0 0.0 0.0 0.0 0.0 0.0
2383 1925.6883544921875 712.2968139648438 30.21025613888063 0.0 0.0 0.0 0.0 0.0 0.0 0.0
2391 1940.5506591796875 716.543212890625 32.16744301374164 0.0 0.0 0.0 0.0 0.0 0.0 0.0
2399 1961.782470703125 718.6663818359375 32.70594648114416 0.0 0.0 0.0 0.0 0.0 0.0 0.0
2407 1983.014404296875 718.6663818359375 32.19217367058162 0.0 0.0 0.0 0.0 0.0 0.0 0.0
2415 2000.0 725.0359497070312 34.81739336316614 0.0 0.0 0.0 0.0 0.0 0.0 0.0
2423 2016.985595703125 725.0359497070312 34.098770689175986 0.0 0.0 0.0 0.0 0.0 0.0 0.0
2431 2031.847900390625 725.0359497070312 33.5477112929481 0.0 0.0 0.0 0.0 0.0 0.0 0.0
2439 2050.95654296875 727.1591796875 33.925175429773255 0.0 0.0 0.0 0.0 0.0 0.0 0.0
2448 2065.81884765625 727.1591796875 33.39559713086448 0.0 0.0 0.0 0.0 0.0 0.0 0.0
2455 2084.927490234375 727.1591796875 32.8193116159482 0.0 0.0 0.0 0.0 0.0 0.0 0.0
2465 2101.9130859375 727.1591796875 32.37825774056956 0.0 0.0 0.0 0.0 0.0 0.0 0.0
2471 2125.26806640625 727.1591796875 31.881980996394297 0.0 0.0 0.0 0.0 0.0 0.0 0.0
2481 2146.5 727.1591796875 31.506619181743282 0.0 0.0 0.0 0.0 0.0 0.0 0.0
2487 2165.608642578125 727.1591796875 31.220742654031973 0.0 0.0 0.0 0.0 0.0 0.0 0.0
2495 2182.59423828125 727.1591796875 31.001974068221593 0.0 0.0 0.0 0.0 0.0 0.0 0.0
2503 2197.45654296875 727.1591796875 30.834263853665327 0.0 0.0 0.0 0.0 0.0 0.0 0.0
2511 2216.565185546875 727.1591796875 30.65182624943288 0.0 0.0 0.0 0.0 0.0 0.0 0.0
2519 2229.304443359375 727.1591796875 30.54333140196345 0.0 0.0 0.0 0.0 0.0 0.0 0.0
2527 2248.4130859375 727.1591796875 30.405659886369726 0.0 0.0 0.0 0.0 0.0 0.0 0.0
2535 2263.275390625 727.1591796875 30.311842074413228 0.0 0.0 0.0 0.0 0.0 0.0 0.0
2543 2280.260986328125 727.1591796875 30.219540188760483 0.0 0.0 0.0 0.0 0.0 0.0 0.0
2551 2290.876953125 727.1591796875 30.167133271578216 0.0 0.0 0.0 0.0 0.0 0.0 0.0
2559 2305.7392578125 727.1591796875 30.102851635907477 0.0 0.0 0.0 0.0 0.0 0.0 0.0
2567 2320.6015625 727.1591796875 30.04655307256359 0.0 0.0 0.0 0.0 0.0 0.0 0.0
2575 2333.340576171875 727.1591796875 30.003507819018587 0.0 0.0 0.0 0.0 0.0 0.0 0.0
2583 2343.95654296875 727.1591796875 29.97094285135065 0.0 0.0 0.0 0.0 0.0 0.0 0.0
2591 2356.69580078125 727.1591796875 29.93607464636498 0.0 0.0 0.0 0.0 0.0 0.0 0.0
2599 2367.311767578125 727.1591796875 29.909677817195764 0.0 0.0 0.0 0.0 0.0 0.0 0.0
2607 2377.927734375 727.1591796875 29.885710427788204 0.0 0.0 0.0 0.0 0.0 0.0 0.0
2615 2388.543701171875 727.1591796875 29.863948841126366 0.0 0.0 0.0 0.0 0.0 0.0 0.0
2623 2392.7900390625 727.1591796875 29.85558663911342 0.0 0.0 0.0 0.0 0.0 0.0 0.0
2631 2397.036376953125 727.1591796875 29.847526534852953 0.0 0.0 0.0 0.0 0.0 0.0 0.0
2639 2407.65234375 725.0359497070312 28.777911953407248 0.0 0.0 0.0 0.0 0.0 0.0 0.0
2647 2411.898681640625 725.0359497070312 28.811730595919293 0.0 0.0 0.0 0.0 0.0 0.0 0.0
2655 2416.14501953125 722.9127807617188 27.732158164904227 0.0 0.0 0.0 0.0 0.0 0.0 0.0
2665 2420.391357421875 722.9127807617188 27.806575495638278 0.0 0.0 0.0 0.0 0.0 0.0 0.0
2671 2424.637939453125 720.7896118164062 26.76680627558769 0.0 0.0 0.0 0.0 0.0 0.0 0.0
2681 2431.00732421875 716.543212890625 24.75581758230414 0.0 0.0 0.0 0.0 0.0 0.0 0.0
2687 2435.253662109375 716.543212890625 24.945646173489486 0.0 0.0 0.0 0.0 0.0 0.0 0.0
2695 2437.376953125 714.4200439453125 23.909568246909977 0.0 0.0 0.0 0.0 0.0 0.0 0.0
2703 2439.500244140625 712.2968139648438 22.896056699683648 0.0 0.0 0.0 0.0 0.0 0.0 0.0
2711 2447.992919921875 710.1736450195312 22.337119268553543 0.0 0.0 0.0 0.0 0.0 0.0 0.0
2719 2447.992919921875 708.0504760742188 21.19203427776963 0.0 0.0 0.0 0.0 0.0 0.0 0.0
2727 2460.73193359375 701.680908203125 19.054832174156594 0.0 0.0 0.0 0.0 0.0 0.0 0.0
2735 2473.47119140625 695.3113403320312 17.165122213915687 0.0 0.0 0.0 0.0 0.0 0.0 0.0
2743 2475.594482421875 691.06494140625 15.21130412407711 0.0 0.0 0.0 0.0 0.0 0.0 0.0
2752 2477.717529296875 688.9417724609375 14.398913390058048 0.0 0.0 0.0 0.0 0.0 0.0 0.0
2759 2481.9638671875 684.6953735351562 12.851375670027416 0.0 0.0 0.0 0.0 0.0 0.0 0.0
2767 2484.087158203125 682.5722045898438 12.09677781645214 0.0 0.0 0.0 0.0 0.0 0.0 0.0
2775 2486.210205078125 678.3258056640625 10.295688356004923 0.0 0.0 0.0 0.0 0.0 0.0 0.0
2783 2486.210205078125 676.20263671875 9.210897625056795 0.0 0.0 0.0 0.0 0.0 0.0 0.0
2791 2488.33349609375 669.8330688476562 6.4729057622363015 0.0 0.0 0.0 0.0 0.0 0.0 0.0
2807 2490.456787109375 667.7098388671875 5.880072818130138 0.0 0.0 0.0 0.0 0.0 0.0 0.0
2815 2490.456787109375 661.3402709960938 2.780689309121584 0.0 0.0 0.0 0.0 0.0 0.0 0.0
2823 2490.456787109375 659.2171020507812 1.7574989577596014 0.0 0.0 0.0 0.0 0.0 0.0 0.0
2831 2494.703125 652.8475341796875 359.8913661387897 0.0 0.0 0.0 0.0 0.0 0.0 0.0
2839 2498.949462890625 644.3547973632812 357.223350685413 0.0 0.0 0.0 0.0 0.0 0.0 0.0
2855 2498.949462890625 640.1083984375 355.3112917789224 0.0 0.0 0.0 0.0 0.0 0.0 0.0
2864 2498.949462890625 637.9852294921875 354.3663169117927 0.0 0.0 0.0 0.0 0.0 0.0 0.0
2871 2498.949462890625 635.8619995117188 353.4322902348973 0.0 0.0 0.0 0.0 0.0 0.0 0.0
2880 2498.949462890625 631.6156616210938 351.60862821872604 0.0 0.0 0.0 0.0 0.0 0.0 0.0
2887 2498.949462890625 627.3692626953125 349.8300686132311 0.0 0.0 0.0 0.0 0.0 0.0 0.0
2895 2498.949462890625 623.1228637695312 348.09722623805186 0.0 0.0 0.0 0.0 0.0 0.0 0.0
2903 2501.07275390625 610.3837280273438 344.06021814990874 0.0 0.0 0.0 0.0 0.0 0.0 0.0
2911 2501.07275390625 604.01416015625 341.73205355814014 0.0 0.0 0.0 0.0 0.0 0.0 0.0
2919 2501.07275390625 597.6445922851562 339.5058772478458 0.0 0.0 0.0 0.0 0.0 0.0 0.0
2927 2501.07275390625 584.9054565429688 335.4404261570188 0.0 0.0 0.0 0.0 0.0 0.0 0.0
2935 2501.07275390625 576.4127197265625 332.9006884495785 0.0 0.0 0.0 0.0 0.0 0.0 0.0
2943 2501.07275390625 567.9199829101562 330.52386238347066 0.0 0.0 0.0 0.0 0.0 0.0 0.0
2951 2501.07275390625 559.4272155761719 328.3028833440896 0.0 0.0 0.0 0.0 0.0 0.0 0.0
2959 2501.07275390625 548.8112487792969 325.75507465385493 0.0 0.0 0.0 0.0 0.0 0.0 0.0
2967 2496.826171875 540.3185119628906 321.8582810409439 0.0 0.0 0.0 0.0 0.0 0.0 0.0
2975 2494.703125 529.7025451660156 318.8593648760394 0.0 0.0 0.0 0.0 0.0 0.0 0.0
2983 2488.33349609375 519.0866088867188 314.0504134596684 0.0 0.0 0.0 0.0 0.0 0.0 0.0
2991 2484.087158203125 514.8402404785156 311.31397082355227 0.0 0.0 0.0 0.0 0.0 0.0 0.0
2999 2475.594482421875 499.9779052734375 305.82969117270716 0.0 0.0 0.0 0.0 0.0 0.0 0.0
3007 2464.978515625 487.23876953125 299.990315006493 0.0 0.0 0.0 0.0 0.0 0.0 0.0
3015 2456.485595703125 476.6228332519531 295.7593196260814 0.0 0.0 0.0 0.0 0.0 0.0 0.0
3023 2445.86962890625 466.0068664550781 290.91188393836154 0.0 0.0 0.0 0.0 0.0 0.0 0.0
3031 2433.130615234375 457.5141296386719 285.31951069581214 0.0 0.0 0.0 0.0 0.0 0.0 0.0
3039 2426.760986328125 453.2677307128906 282.67298318946945 0.0 0.0 0.0 0.0 0.0 0.0 0.0
3047 2409.775390625 444.7749938964844 276.0284301174806 0.0 0.0 0.0 0.0 0.0 0.0 0.0
3055 2397.036376953125 438.4054260253906 271.53435632542346 0.0 0.0 0.0 0.0 0.0 0.0 0.0
3064 2384.297119140625 432.0358581542969 267.4984966825655 0.0 0.0 0.0 0.0 0.0 0.0 0.0
3071 2369.434814453125 423.5430908203125 263.6600051233043 0.0 0.0 0.0 0.0 0.0 0.0 0.0
3080 2352.449462890625 417.17352294921875 258.90493747257506 0.0 0.0 0.0 0.0 0.0 0.0 0.0
3087 2337.587158203125 415.05035400390625 254.05593038072678 0.0 0.0 0.0 0.0 0.0 0.0 0.0
3095 2320.6015625 410.803955078125 249.84373494376982 0.0 0.0 0.0 0.0 0.0 0.0 0.0
3103 2301.492919921875 404.43438720703125 246.39190433623062 0.0 0.0 0.0 0.0 0.0 0.0 0.0
3111 2282.384033203125 402.31121826171875 241.81962098519946 0.0 0.0 0.0 0.0 0.0 0.0 0.0
3119 2259.029052734375 400.1880187988281 236.99314417163865 0.0 0.0 0.0 0.0 0.0 0.0 0.0
3127 2237.797119140625 398.0648193359375 233.3898188701061 0.0 0.0 0.0 0.0 0.0 0.0 0.0
3135 2216.565185546875 393.8184509277344 231.2751526488752 0.0 0.0 0.0 0.0 0.0 0.0 0.0
3143 2193.210205078125 389.57208251953125 229.1959490989183 0.0 0.0 0.0 0.0 0.0 0.0 0.0
3151 2171.978271484375 387.4488830566406 226.8731375282072 0.0 0.0 0.0 0.0 0.0 0.0 0.0
3159 2148.623291015625 383.2025146484375 225.5996662652789 0.0 0.0 0.0 0.0 0.0 0.0 0.0
3167 2123.14501953125 376.83294677734375 225.2168249256072 0.0 0.0 0.0 0.0 0.0 0.0 0.0
3175 2097.666748046875 374.7097473144531 223.1087088043163 0.0 0.0 0.0 0.0 0.0 0.0 0.0
3183 2072.1884765625 370.46337890625 222.3202378735996 0.0 0.0 0.0 0.0 0.0 0.0 0.0
3191 2053.079833984375 368.3401794433594 221.34218420140266 0.0 0.0 0.0 0.0 0.0 0.0 0.0
3199 2033.970947265625 366.21697998046875 220.51489981507953 0.0 0.0 0.0 0.0 0.0 0.0 0.0
3207 2014.8623046875 366.21697998046875 218.84888255390425 0.0 0.0 0.0 0.0 0.0 0.0 0.0
3215 1997.876708984375 364.09381103515625 218.5581930071733 0.0 0.0 0.0 0.0 0.0 0.0 0.0
3223 1983.014404296875 364.09381103515625 217.4571869479137 0.0 0.0 0.0 0.0 0.0 0.0 0.0
3231 1959.659423828125 359.847412109375 217.91706210963363 0.0 0.0 0.0 0.0 0.0 0.0 0.0
3239 1940.5506591796875 359.847412109375 216.64746085890906 0.0 0.0 0.0 0.0 0.0 0.0 0.0
3248 1925.6883544921875 357.7242431640625 216.7888302362733 0.0 0.0 0.0 0.0 0.0 0.0 0.0
3255 1906.5797119140625 357.7242431640625 215.69189758027463 0.0 0.0 0.0 0.0 0.0 0.0 0.0
3265 1891.71728515625 357.7242431640625 214.94400835728285 0.0 0.0 0.0 0.0 0.0 0.0 0.0
3271 1870.4854736328125 357.7242431640625 214.05463345045806 0.0 0.0 0.0 0.0 0.0 0.0 0.0
3281 1853.4998779296875 357.7242431640625 213.44192184662361 0.0 0.0 0.0 0.0 0.0 0.0 0.0
3287 1836.514404296875 353.47784423828125 214.8999446840909 0.0 0.0 0.0 0.0 0.0 0.0 0.0
3295 1815.282470703125 353.47784423828125 214.01795903625614 0.0 0.0 0.0 0.0 0.0 0.0 0.0
3303 1798.2969970703125 353.47784423828125 213.41035193495267 0.0 0.0 0.0 0.0 0.0 0.0 0.0
3311 1781.3115234375 353.47784423828125 212.8871548803314 0.0 0.0 0.0 0.0 0.0 0.0 0.0
3319 1764.325927734375 353.47784423828125 212.4366690886927 0.0 0.0 0.0 0.0 0.0 0.0 0.0
3327 1745.21728515625 353.47784423828125 212.00778721988237 0.0 0.0 0.0 0.0 0.0 0.0 0.0
3335 1728.2318115234375 353.47784423828125 211.67956283611525 0.0 0.0 0.0 0.0 0.0 0.0 0.0
3343 1711.2462158203125 353.47784423828125 211.39698796171527 0.0 0.0 0.0 0.0 0.0 0.0 0.0
3351 1696.3839111328125 353.47784423828125 211.1803596636146 0.0 0.0 0.0 0.0 0.0 0.0 0.0
3359 1679.3984375 353.47784423828125 210.96722753937857 0.0 0.0 0.0 0.0 0.0 0.0 0.0
3368 1664.5361328125 353.47784423828125 210.8038328112144 0.0 0.0 0.0 0.0 0.0 0.0 0.0
3376 1647.550537109375 353.47784423828125 210.64307315705932 0.0 0.0 0.0 0.0 0.0 0.0 0.0
3383 1632.688232421875 353.47784423828125 210.51982401511444 0.0 0.0 0.0 0.0 0.0 0.0 0.0
3391 1611.4564208984375 353.47784423828125 210.3733569808991 0.0 0.0 0.0 0.0 0.0 0.0 0.0
3399 1596.593994140625 353.47784423828125 210.28352981284624 0.0 0.0 0.0 0.0 0.0 0.0 0.0
3407 1577.4853515625 351.35467529296875 211.16500350921908 0.0 0.0 0.0 0.0 0.0 0.0 0.0
3415 1564.7462158203125 351.35467529296875 211.0010506535261 0.0 0.0 0.0 0.0 0.0 0.0 0.0
3423 1545.637451171875 351.35467529296875 210.79294575463874 0.0 0.0 0.0 0.0 0.0 0.0 0.0
3431 1532.8983154296875 351.35467529296875 210.66919700188672 0.0 0.0 0.0 0.0 0.0 0.0 0.0
3439 1515.912841796875 351.35467529296875 210.52716028029928 0.0 0.0 0.0 0.0 0.0 0.0 0.0
3448 1496.80419921875 347.1082763671875 212.34917525303953 0.0 0.0 0.0 0.0 0.0 0.0 0.0
3455 1479.818603515625 347.1082763671875 211.9734778326126 0.0 0.0 0.0 0.0 0.0 0.0 0.0
3464 1462.8331298828125 344.985107421875 212.64532766320897 0.0 0.0 0.0 0.0 0.0 0.0 0.0
3471 1447.9708251953125 342.8619079589844 213.28644203865323 0.0 0.0 0.0 0.0 0.0 0.0 0.0
3481 1426.7388916015625 340.73870849609375 213.63620488392937 0.0 0.0 0.0 0.0 0.0 0.0 0.0
3487 1403.3837890625 336.4923400878906 214.79897318982538 0.0 0.0 0.0 0.0 0.0 0.0 0.0
3495 1382.1519775390625 334.369140625 214.89351207927908 0.0 0.0 0.0 0.0 0.0 0.0 0.0
3503 1358.796875 332.2459716796875 214.8842634658337 0.0 0.0 0.0 0.0 0.0 0.0 0.0
3511 1335.4417724609375 330.1227722167969 214.87670786571746 0.0 0.0 0.0 0.0 0.0 0.0 0.0
3519 1312.086669921875 321.6300048828125 217.6829787389694 0.0 0.0 0.0 0.0 0.0 0.0 0.0
3527 1288.7315673828125 319.5068359375 217.16492498081655 0.0 0.0 0.0 0.0 0.0 0.0 0.0
3535 1265.37646484375 317.3836364746094 216.74134216730866 0.0 0.0 0.0 0.0 0.0 0.0 0.0
3543 1242.021484375 308.890869140625 219.1962166959929 0.0 0.0 0.0 0.0 0.0 0.0 0.0
3551 1222.9127197265625 300.3981170654297 221.57439322900368 0.0 0.0 0.0 0.0 0.0 0.0 0.0
3559 1205.92724609375 296.15174865722656 221.87571329194012 0.0 0.0 0.0 0.0 0.0 0.0 0.0
3567 1188.941650390625 291.9053649902344 222.13402383872042 0.0 0.0 0.0 0.0 0.0 0.0 0.0
3575 1180.448974609375 285.5357971191406 224.32121897049242 0.0 0.0 0.0 0.0 0.0 0.0 0.0
3583 1167.7098388671875 277.0430450439453 226.7105811362147 0.0 0.0 0.0 0.0 0.0 0.0 0.0
3591 1163.4635009765625 274.9198455810547 227.11970170537077 0.0 0.0 0.0 0.0 0.0 0.0 0.0
3599 1159.217041015625 270.67347717285156 228.55969250892386 0.0 0.0 0.0 0.0 0.0 0.0 0.0
3607 1152.8475341796875 266.4270935058594 229.55420962815592 0.0 0.0 0.0 0.0 0.0 0.0 0.0
3615 1146.4779052734375 262.1807098388672 230.4828850138471 0.0 0.0 0.0 0.0 0.0 0.0 0.0
3623 1142.2315673828125 257.93434143066406 231.75661337967418 0.0 0.0 0.0 0.0 0.0 0.0 0.0
3631 1133.73876953125 251.5647735595703 233.09987857867068 0.0 0.0 0.0 0.0 0.0 0.0 0.0
3639 1127.3692626953125 245.19520568847656 234.77008136441756 0.0 0.0 0.0 0.0 0.0 0.0 0.0
3648 1118.87646484375 240.94882202148438 234.8896787467169 0.0 0.0 0.0 0.0 0.0 0.0 0.0
3655 1108.260498046875 234.57925415039062 235.49207818369135 0.0 0.0 0.0 0.0 0.0 0.0 0.0
3664 1106.1373291015625 230.3328857421875 237.01615863449788 0.0 0.0 0.0 0.0 0.0 0.0 0.0
3671 1095.5213623046875 226.0865020751953 236.4705993864666 0.0 0.0 0.0 0.0 0.0 0.0 0.0
3680 1089.15185546875 217.59375 238.82147653698976 0.0 0.0 0.0 0.0 0.0 0.0 0.0
3687 1082.7822265625 213.3473663330078 239.12792358030285 0.0 0.0 0.0 0.0 0.0 0.0 0.0
3695 1082.7822265625 211.22418212890625 240.12563383588358 0.0 0.0 0.0 0.0 0.0 0.0 0.0
3703 1080.6590576171875 209.10098266601562 240.5251068643279 0.0 0.0 0.0 0.0 0.0 0.0 0.0
3711 1078.535888671875 204.8546142578125 241.86673879767014 0.0 0.0 0.0 0.0 0.0 0.0 0.0
3719 1078.535888671875 198.48504638671875 244.71046506122778 0.0 0.0 0.0 0.0 0.0 0.0 0.0
3735 1078.535888671875 196.36184692382812 245.6470367211755 0.0 0.0 0.0 0.0 0.0 0.0 0.0
3743 1078.535888671875 189.99227905273438 248.35794830668627 0.0 0.0 0.0 0.0 0.0 0.0 0.0
3751 1078.535888671875 181.49952697753906 251.7931660159418 0.0 0.0 0.0 0.0 0.0 0.0 0.0
3759 1078.535888671875 177.2531509399414 253.4639722211201 0.0 0.0 0.0 0.0 0.0 0.0 0.0
3767 1078.535888671875 175.1299591064453 254.28767398547288 0.0 0.0 0.0 0.0 0.0 0.0 0.0
3775 1078.535888671875 170.88358306884766 255.8891458523294 0.0 0.0 0.0 0.0 0.0 0.0 0.0
3783 1078.535888671875 166.63719940185547 257.4445979024463 0.0 0.0 0.0 0.0 0.0 0.0 0.0
3791 1078.535888671875 162.3908233642578 258.95430301295283 0.0 0.0 0.0 0.0 0.0 0.0 0.0
3799 1078.535888671875 160.26763153076172 259.69768110929994 0.0 0.0 0.0 0.0 0.0 0.0 0.0
3807 1080.6590576171875 151.7748794555664 263.37304408266687 0.0 0.0 0.0 0.0 0.0 0.0 0.0
3815 1082.7822265625 147.52850341796875 265.62836409261354 0.0 0.0 0.0 0.0 0.0 0.0 0.0
3823 1082.7822265625 145.40531158447266 266.26533188028293 0.0 0.0 0.0 0.0 0.0 0.0 0.0
3839 1084.9053955078125 143.28211975097656 267.8592843609123 0.0 0.0 0.0 0.0 0.0 0.0 0.0
3847 1087.0286865234375 141.158935546875 269.4423480889059 0.0 0.0 0.0 0.0 0.0 0.0 0.0
3864 1087.0286865234375 139.0357437133789 270.01471392752967 0.0 0.0 0.0 0.0 0.0 0.0 0.0
3871 1089.15185546875 139.0357437133789 271.0309226862277 0.0 0.0 0.0 0.0 0.0 0.0 0.0
3880 1089.15185546875 136.9125518798828 271.57567256539784 0.0 0.0 0.0 0.0 0.0 0.0 0.0
3887 1089.15185546875 134.78936767578125 272.11087829396206 0.0 0.0 0.0 0.0 0.0 0.0 0.0
3895 1093.398193359375 132.66617584228516 274.6991593345822 0.0 0.0 0.0 0.0 0.0 0.0 0.0
3903 1095.5213623046875 130.54298400878906 276.2217169263904 0.0 0.0 0.0 0.0 0.0 0.0 0.0
3911 1097.64453125 130.54298400878906 277.2923518192976 0.0 0.0 0.0 0.0 0.0 0.0 0.0
3919 1101.8909912109375 130.54298400878906 279.4659703478842 0.0 0.0 0.0 0.0 0.0 0.0 0.0
3927 1101.8909912109375 128.4197998046875 279.85788361411403 0.0 0.0 0.0 0.0 0.0 0.0 0.0
3935 1106.1373291015625 128.4197998046875 282.0653977291031 0.0 0.0 0.0 0.0 0.0 0.0 0.0
3943 1110.3836669921875 126.2966079711914 284.60254552684836 0.0 0.0 0.0 0.0 0.0 0.0 0.0
3960 1114.630126953125 124.17341613769531 287.114608385481 0.0 0.0 0.0 0.0 0.0 0.0 0.0