0 2000.0 1500.0 0 0.0 0.0 0.0 0.0 0.0 0.0 0.0
11 2000.0 1497.8768310546875 0.02843938267943713 0.0 0.0 0.0 0.0 0.0 0.0 0.0
75 2000.0 1495.753662109375 0.0565306697871506 0.0 0.0 0.0 0.0 0.0 0.0 0.0
119 2000.0 1493.63037109375 0.08424229209526857 0.0 0.0 0.0 0.0 0.0 0.0 0.0
128 2000.0 1491.5072021484375 0.11161173993087914 0.0 0.0 0.0 0.0 0.0 0.0 0.0
145 2000.0 1489.384033203125 0.13860311319518814 0.0 0.0 0.0 0.0 0.0 0.0 0.0
162 2000.0 1483.0145263671875 0.21658742633013617 0.0 0.0 0.0 0.0 0.0 0.0 0.0
180 2000.0 1480.8912353515625 0.24225511547678025 0.0 0.0 0.0 0.0 0.0 0.0 0.0
194 1997.8768310546875 1478.76806640625 359.53421931140366 0.0 0.0 0.0 0.0 0.0 0.0 0.0
212 1995.753662109375 1476.6448974609375 358.83569236445425 0.0 0.0 0.0 0.0 0.0 0.0 0.0
228 1993.6304931640625 1474.521728515625 358.14670647409383 0.0 0.0 0.0 0.0 0.0 0.0 0.0
245 1991.50732421875 1472.3985595703125 357.4671717050354 0.0 0.0 0.0 0.0 0.0 0.0 0.0
262 1989.384033203125 1470.275390625 356.7970484680888 0.0 0.0 0.0 0.0 0.0 0.0 0.0
279 1985.1376953125 1468.152099609375 355.4082461957076 0.0 0.0 0.0 0.0 0.0 0.0 0.0
294 1983.0145263671875 1466.0289306640625 354.7672847704298 0.0 0.0 0.0 0.0 0.0 0.0 0.0
311 1980.891357421875 1466.0289306640625 354.0311321963831 0.0 0.0 0.0 0.0 0.0 0.0 0.0
328 1976.6448974609375 1466.0289306640625 352.56461996284946 0.0 0.0 0.0 0.0 0.0 0.0 0.0
344 1972.3985595703125 1463.90576171875 351.245905504785 0.0 0.0 0.0 0.0 0.0 0.0 0.0
361 1970.275390625 1461.7825927734375 350.6662430055888 0.0 0.0 0.0 0.0 0.0 0.0 0.0
379 1966.029052734375 1459.659423828125 349.38120269870376 0.0 0.0 0.0 0.0 0.0 0.0 0.0
395 1961.7825927734375 1457.5362548828125 348.11967885282144 0.0 0.0 0.0 0.0 0.0 0.0 0.0
411 1957.5362548828125 1455.4130859375 346.8818994622164 0.0 0.0 0.0 0.0 0.0 0.0 0.0
429 1951.1666259765625 1455.4130859375 344.75318287117375 0.0 0.0 0.0 0.0 0.0 0.0 0.0
445 1949.04345703125 1453.289794921875 344.2747973613385 0.0 0.0 0.0 0.0 0.0 0.0 0.0
461 1946.9202880859375 1453.289794921875 343.570168653416 0.0 0.0 0.0 0.0 0.0 0.0 0.0
478 1944.797119140625 1449.04345703125 343.347574219484 0.0 0.0 0.0 0.0 0.0 0.0 0.0
494 1938.427490234375 1446.9202880859375 341.52299964231764 0.0 0.0 0.0 0.0 0.0 0.0 0.0
511 1936.3043212890625 1444.797119140625 341.09728007173584 0.0 0.0 0.0 0.0 0.0 0.0 0.0
528 1932.0579833984375 1442.6739501953125 340.00148502364215 0.0 0.0 0.0 0.0 0.0 0.0 0.0
544 1927.8116455078125 1440.5506591796875 338.9293279118966 0.0 0.0 0.0 0.0 0.0 0.0 0.0
562 1925.6883544921875 1438.427490234375 338.54679030577284 0.0 0.0 0.0 0.0 0.0 0.0 0.0
578 1919.31884765625 1436.3043212890625 336.8492988143413 0.0 0.0 0.0 0.0 0.0 0.0 0.0
595 1912.94921875 1434.18115234375 335.1993759506615 0.0 0.0 0.0 0.0 0.0 0.0 0.0
611 1910.8260498046875 1432.0579833984375 334.88030533190664 0.0 0.0 0.0 0.0 0.0 0.0 0.0
628 1902.3333740234375 1429.934814453125 332.6591374985001 0.0 0.0 0.0 0.0 0.0 0.0 0.0
645 1893.840576171875 1425.6883544921875 330.89120861713974 0.0 0.0 0.0 0.0 0.0 0.0 0.0
662 1889.59423828125 1421.4420166015625 330.4111685668004 0.0 0.0 0.0 0.0 0.0 0.0 0.0
678 1885.3477783203125 1421.4420166015625 329.16441193698796 0.0 0.0 0.0 0.0 0.0 0.0 0.0
695 1881.1014404296875 1417.1956787109375 328.7441753268303 0.0 0.0 0.0 0.0 0.0 0.0 0.0
712 1874.7318115234375 1415.0723876953125 327.3390782626858 0.0 0.0 0.0 0.0 0.0 0.0 0.0
728 1866.2391357421875 1410.8260498046875 325.8268524969631 0.0 0.0 0.0 0.0 0.0 0.0 0.0
745 1859.8695068359375 1408.702880859375 324.51633761496004 0.0 0.0 0.0 0.0 0.0 0.0 0.0
761 1853.5 1404.45654296875 323.69720395130395 0.0 0.0 0.0 0.0 0.0 0.0 0.0
778 1849.2535400390625 1402.333251953125 323.0147357944066 0.0 0.0 0.0 0.0 0.0 0.0 0.0
795 1840.7608642578125 1398.0869140625 321.7186470152322 0.0 0.0 0.0 0.0 0.0 0.0 0.0
812 1836.514404296875 1398.0869140625 320.6065244482601 0.0 0.0 0.0 0.0 0.0 0.0 0.0
828 1832.26806640625 1395.9637451171875 320.00465190803703 0.0 0.0 0.0 0.0 0.0 0.0 0.0
845 1828.021728515625 1393.840576171875 319.41863625964055 0.0 0.0 0.0 0.0 0.0 0.0 0.0
861 1823.7752685546875 1391.7174072265625 318.8481459931091 0.0 0.0 0.0 0.0 0.0 0.0 0.0
878 1815.2825927734375 1387.470947265625 317.7663219345885 0.0 0.0 0.0 0.0 0.0 0.0 0.0
895 1806.789794921875 1383.224609375 316.74094241509073 0.0 0.0 0.0 0.0 0.0 0.0 0.0
912 1798.297119140625 1378.978271484375 315.76939361935166 0.0 0.0 0.0 0.0 0.0 0.0 0.0
928 1791.927490234375 1376.85498046875 314.8070959732954 0.0 0.0 0.0 0.0 0.0 0.0 0.0
945 1785.5579833984375 1372.608642578125 314.4107284681774 0.0 0.0 0.0 0.0 0.0 0.0 0.0
962 1781.3115234375 1370.4854736328125 313.9749847756423 0.0 0.0 0.0 0.0 0.0 0.0 0.0
978 1768.5723876953125 1361.99267578125 313.2864444462422 0.0 0.0 0.0 0.0 0.0 0.0 0.0
995 1764.3260498046875 1359.8695068359375 312.8814291273564 0.0 0.0 0.0 0.0 0.0 0.0 0.0
1011 1757.9564208984375 1355.6231689453125 312.5704328555105 0.0 0.0 0.0 0.0 0.0 0.0 0.0
1028 1747.340576171875 1351.376708984375 311.3757908288147 0.0 0.0 0.0 0.0 0.0 0.0 0.0
1045 1745.21728515625 1347.13037109375 312.041880235938 0.0 0.0 0.0 0.0 0.0 0.0 0.0
1061 1738.8477783203125 1342.884033203125 311.76817487466144 0.0 0.0 0.0 0.0 0.0 0.0 0.0
1078 1732.4781494140625 1340.7608642578125 310.95234835251335 0.0 0.0 0.0 0.0 0.0 0.0 0.0
1095 1728.2318115234375 1334.3912353515625 311.72752976525 0.0 0.0 0.0 0.0 0.0 0.0 0.0
1112 1721.8623046875 1330.1448974609375 311.4678419697694 0.0 0.0 0.0 0.0 0.0 0.0 0.0
1128 1715.49267578125 1325.8984375 311.219688501781 0.0 0.0 0.0 0.0 0.0 0.0 0.0
1145 1706.9998779296875 1319.5289306640625 311.08990585080943 0.0 0.0 0.0 0.0 0.0 0.0 0.0
1162 1702.7535400390625 1317.40576171875 310.7452921959826 0.0 0.0 0.0 0.0 0.0 0.0 0.0
1178 1696.384033203125 1313.1593017578125 310.5293884710171 0.0 0.0 0.0 0.0 0.0 0.0 0.0
1194 1694.2607421875 1311.0361328125 310.64971234634726 0.0 0.0 0.0 0.0 0.0 0.0 0.0
1212 1690.014404296875 1306.789794921875 310.8819292731736 0.0 0.0 0.0 0.0 0.0 0.0 0.0
1228 1685.76806640625 1302.54345703125 311.10594271343945 0.0 0.0 0.0 0.0 0.0 0.0 0.0
1244 1677.2752685546875 1296.173828125 310.98312353380726 0.0 0.0 0.0 0.0 0.0 0.0 0.0
1261 1673.0289306640625 1289.8043212890625 311.7569298737116 0.0 0.0 0.0 0.0 0.0 0.0 0.0
1278 1662.4129638671875 1283.4346923828125 311.1555094154376 0.0 0.0 0.0 0.0 0.0 0.0 0.0
1295 1656.0433349609375 1277.065185546875 311.47152836260074 0.0 0.0 0.0 0.0 0.0 0.0 0.0
1311 1649.673828125 1270.695556640625 311.7711620293813 0.0 0.0 0.0 0.0 0.0 0.0 0.0
1328 1641.1810302734375 1262.2027587890625 312.14341900167926 0.0 0.0 0.0 0.0 0.0 0.0 0.0
1345 1636.9346923828125 1257.9564208984375 312.3229855911964 0.0 0.0 0.0 0.0 0.0 0.0 0.0
1361 1628.44189453125 1247.3404541015625 313.18095815654084 0.0 0.0 0.0 0.0 0.0 0.0 0.0
1378 1626.3187255859375 1240.970947265625 314.3372432886785 0.0 0.0 0.0 0.0 0.0 0.0 0.0
1394 1619.94921875 1230.35498046875 315.5139001866024 0.0 0.0 0.0 0.0 0.0 0.0 0.0
1411 1615.7027587890625 1223.9853515625 316.0914267738397 0.0 0.0 0.0 0.0 0.0 0.0 0.0
1428 1611.4564208984375 1217.6158447265625 316.64372187858845 0.0 0.0 0.0 0.0 0.0 0.0 0.0
1445 1605.0867919921875 1209.123046875 317.17263852522365 0.0 0.0 0.0 0.0 0.0 0.0 0.0
1461 1602.963623046875 1200.63037109375 318.6827878950575 0.0 0.0 0.0 0.0 0.0 0.0 0.0
1477 1598.71728515625 1192.1375732421875 319.602528992337 0.0 0.0 0.0 0.0 0.0 0.0 0.0
1495 1596.5941162109375 1185.7680053710938 320.53108528510205 0.0 0.0 0.0 0.0 0.0 0.0 0.0
1511 1592.34765625 1179.3984375 320.88766919749304 0.0 0.0 0.0 0.0 0.0 0.0 0.0
1528 1590.2244873046875 1173.0288696289062 321.7692853610775 0.0 0.0 0.0 0.0 0.0 0.0 0.0
1545 1585.9781494140625 1164.5361328125 322.5248345084107 0.0 0.0 0.0 0.0 0.0 0.0 0.0
1561 1581.7318115234375 1156.0433349609375 323.2399202415512 0.0 0.0 0.0 0.0 0.0 0.0 0.0
1578 1581.7318115234375 1151.7969970703125 324.15697737317765 0.0 0.0 0.0 0.0 0.0 0.0 0.0
1595 1579.6085205078125 1145.4274291992188 324.91747744306247 0.0 0.0 0.0 0.0 0.0 0.0 0.0
1611 1577.4853515625 1139.057861328125 325.64951454827224 0.0 0.0 0.0 0.0 0.0 0.0 0.0
1628 1575.3621826171875 1130.5650634765625 326.76917410444906 0.0 0.0 0.0 0.0 0.0 0.0 0.0
1645 1575.3621826171875 1124.1954956054688 328.0232001122872 0.0 0.0 0.0 0.0 0.0 0.0 0.0
1661 1573.239013671875 1115.7027587890625 329.02936174974326 0.0 0.0 0.0 0.0 0.0 0.0 0.0
1678 1573.239013671875 1109.3331909179688 330.2120087549592 0.0 0.0 0.0 0.0 0.0 0.0 0.0
1694 1573.239013671875 1105.0867919921875 330.983351782299 0.0 0.0 0.0 0.0 0.0 0.0 0.0
1711 1571.1158447265625 1098.7172241210938 331.484377110563 0.0 0.0 0.0 0.0 0.0 0.0 0.0
1728 1571.1158447265625 1092.34765625 332.5875708141001 0.0 0.0 0.0 0.0 0.0 0.0 0.0
1745 1571.1158447265625 1083.8549194335938 333.99460127920815 0.0 0.0 0.0 0.0 0.0 0.0 0.0
1762 1571.1158447265625 1077.4853515625 335.0146549099016 0.0 0.0 0.0 0.0 0.0 0.0 0.0
1778 1571.1158447265625 1068.9926147460938 336.3143870863691 0.0 0.0 0.0 0.0 0.0 0.0 0.0
1795 1571.1158447265625 1062.623046875 337.25606487100936 0.0 0.0 0.0 0.0 0.0 0.0 0.0
1811 1571.1158447265625 1056.2534790039062 338.16550545710436 0.0 0.0 0.0 0.0 0.0 0.0 0.0
1828 1573.239013671875 1049.8839111328125 339.7069616469173 0.0 0.0 0.0 0.0 0.0 0.0 0.0
1845 1575.3621826171875 1041.39111328125 341.45719209916456 0.0 0.0 0.0 0.0 0.0 0.0 0.0
1861 1577.4853515625 1032.8983764648438 343.13297003009166 0.0 0.0 0.0 0.0 0.0 0.0 0.0
1879 1579.6085205078125 1026.52880859375 344.51988719095766 0.0 0.0 0.0 0.0 0.0 0.0 0.0
1894 1581.7318115234375 1018.0360717773438 346.06224637725063 0.0 0.0 0.0 0.0 0.0 0.0 0.0
1911 1583.85498046875 1011.66650390625 347.3535665287783 0.0 0.0 0.0 0.0 0.0 0.0 0.0
1927 1590.2244873046875 998.9273681640625 350.44946251768243 0.0 0.0 0.0 0.0 0.0 0.0 0.0
1944 1594.470947265625 988.3114013671875 352.5413468682286 0.0 0.0 0.0 0.0 0.0 0.0 0.0
1961 1598.71728515625 981.9418334960938 354.32151092840945 0.0 0.0 0.0 0.0 0.0 0.0 0.0
1979 1600.8404541015625 975.572265625 355.3275903246494 0.0 0.0 0.0 0.0 0.0 0.0 0.0
1995 1609.333251953125 960.7099609375 358.62477675177 0.0 0.0 0.0 0.0 0.0 0.0 0.0
2011 1613.57958984375 954.3403930664062 0.1904234396459401 0.0 0.0 0.0 0.0 0.0 0.0 0.0
2028 1617.825927734375 947.9708251953125 1.6982074458034049 0.0 0.0 0.0 0.0 0.0 0.0 0.0
2044 1622.0723876953125 943.7244262695312 3.161147402534084 0.0 0.0 0.0 0.0 0.0 0.0 0.0
2061 1624.195556640625 935.231689453125 3.82144513404927 0.0 0.0 0.0 0.0 0.0 0.0 0.0
2077 1630.5650634765625 926.7388916015625 5.859580517723828 0.0 0.0 0.0 0.0 0.0 0.0 0.0
2094 1634.8115234375 920.3693237304688 7.149873488661342 0.0 0.0 0.0 0.0 0.0 0.0 0.0
2111 1641.1810302734375 913.999755859375 9.09807429690801 0.0 0.0 0.0 0.0 0.0 0.0 0.0
2128 1645.427490234375 907.6301879882812 10.258963591790575 0.0 0.0 0.0 0.0 0.0 0.0 0.0
2144 1651.7969970703125 901.2606201171875 12.075530749480777 0.0 0.0 0.0 0.0 0.0 0.0 0.0
2161 1658.1666259765625 894.8910522460938 13.813027452064944 0.0 0.0 0.0 0.0 0.0 0.0 0.0
2178 1664.5361328125 890.6447143554688 15.638347739631968 0.0 0.0 0.0 0.0 0.0 0.0 0.0
2194 1666.6593017578125 888.521484375 16.180659290338383 0.0 0.0 0.0 0.0 0.0 0.0 0.0
2211 1673.0289306640625 882.1519165039062 17.73392293486006 0.0 0.0 0.0 0.0 0.0 0.0 0.0
2227 1683.6448974609375 871.5360107421875 20.12945178805154 0.0 0.0 0.0 0.0 0.0 0.0 0.0
2245 1687.8912353515625 869.4127807617188 21.29224677001048 0.0 0.0 0.0 0.0 0.0 0.0 0.0
2261 1694.2607421875 863.043212890625 22.606495190672774 0.0 0.0 0.0 0.0 0.0 0.0 0.0
2278 1702.7535400390625 856.6736450195312 24.51296082861876 0.0 0.0 0.0 0.0 0.0 0.0 0.0
2294 1711.246337890625 852.4273071289062 26.60858179581635 0.0 0.0 0.0 0.0 0.0 0.0 0.0
2311 1719.739013671875 846.0577392578125 28.299848062016224 0.0 0.0 0.0 0.0 0.0 0.0 0.0
2327 1728.2318115234375 839.6881713867188 29.8980966096247 0.0 0.0 0.0 0.0 0.0 0.0 0.0
2345 1734.6014404296875 835.4417724609375 31.132120172917382 0.0 0.0 0.0 0.0 0.0 0.0 0.0
2361 1740.970947265625 833.318603515625 32.67849973996857 0.0 0.0 0.0 0.0 0.0 0.0 0.0
2378 1755.833251953125 824.8258056640625 35.4078361729176 0.0 0.0 0.0 0.0 0.0 0.0 0.0
2395 1764.3260498046875 820.5794677734375 37.00278296001966 0.0 0.0 0.0 0.0 0.0 0.0 0.0
2412 1770.695556640625 816.3330688476562 37.94554249986356 0.0 0.0 0.0 0.0 0.0 0.0 0.0
2428 1781.3115234375 812.086669921875 39.97519420783249 0.0 0.0 0.0 0.0 0.0 0.0 0.0
2445 1796.173828125 803.5939331054688 42.06648252524735 0.0 0.0 0.0 0.0 0.0 0.0 0.0
2461 1806.789794921875 799.3475341796875 43.85756525617978 0.0 0.0 0.0 0.0 0.0 0.0 0.0
2478 1823.7752685546875 792.9779663085938 46.55489478309232 0.0 0.0 0.0 0.0 0.0 0.0 0.0
2495 1842.884033203125 784.4852294921875 48.97444916280017 0.0 0.0 0.0 0.0 0.0 0.0 0.0
2511 1857.746337890625 780.2388305664062 51.2640951719506 0.0 0.0 0.0 0.0 0.0 0.0 0.0
2527 1891.7174072265625 765.3765258789062 54.44079474874707 0.0 0.0 0.0 0.0 0.0 0.0 0.0
2545 1908.702880859375 759.0069580078125 56.141488285674654 0.0 0.0 0.0 0.0 0.0 0.0 0.0
2561 1925.6883544921875 754.7605590820312 58.23433937540199 0.0 0.0 0.0 0.0 0.0 0.0 0.0
2578 1934.18115234375 748.3909912109375 58.05862735613226 0.0 0.0 0.0 0.0 0.0 0.0 0.0
2595 1961.7825927734375 742.0214233398438 61.140250700394176 0.0 0.0 0.0 0.0 0.0 0.0 0.0
2612 1976.6448974609375 735.65185546875 61.8475737621643 0.0 0.0 0.0 0.0 0.0 0.0 0.0
2628 1987.2608642578125 733.5286865234375 63.01300902049741 0.0 0.0 0.0 0.0 0.0 0.0 0.0
2644 2002.1231689453125 727.1591186523438 63.55277562717242 0.0 0.0 0.0 0.0 0.0 0.0 0.0
2661 2012.7391357421875 725.0359497070312 64.61672997415468 0.0 0.0 0.0 0.0 0.0 0.0 0.0
2677 2025.478271484375 720.78955078125 65.30995261664327 0.0 0.0 0.0 0.0 0.0 0.0 0.0
2695 2038.2174072265625 716.5431518554688 65.9510730151494 0.0 0.0 0.0 0.0 0.0 0.0 0.0
2711 2053.0797119140625 712.2968139648438 66.83872739932025 0.0 0.0 0.0 0.0 0.0 0.0 0.0
2727 2065.81884765625 708.0504150390625 67.36470272754241 0.0 0.0 0.0 0.0 0.0 0.0 0.0
2744 2084.927490234375 699.5576782226562 67.46590012642264 0.0 0.0 0.0 0.0 0.0 0.0 0.0
2761 2099.7900390625 695.311279296875 68.22416611352457 0.0 0.0 0.0 0.0 0.0 0.0 0.0
2779 2108.28271484375 693.1881103515625 68.72791495236334 0.0 0.0 0.0 0.0 0.0 0.0 0.0
2795 2116.775390625 688.9417114257812 68.55937824074641 0.0 0.0 0.0 0.0 0.0 0.0 0.0
2811 2133.760986328125 684.6953125 69.48673937867693 0.0 0.0 0.0 0.0 0.0 0.0 0.0
2828 2148.623291015625 678.3258056640625 69.444911369495 0.0 0.0 0.0 0.0 0.0 0.0 0.0
2844 2161.3623046875 676.2025756835938 70.41212262851195 0.0 0.0 0.0 0.0 0.0 0.0 0.0
2861 2176.224853515625 671.9562072753906 70.91763743797242 0.0 0.0 0.0 0.0 0.0 0.0 0.0
2878 2193.210205078125 667.7098388671875 71.6187942864101 0.0 0.0 0.0 0.0 0.0 0.0 0.0
2894 2212.31884765625 661.3402709960938 71.8562568828902 0.0 0.0 0.0 0.0 0.0 0.0 0.0
2911 2231.427734375 657.0938720703125 72.69182389980057 0.0 0.0 0.0 0.0 0.0 0.0 0.0
2928 2246.2900390625 652.8475036621094 73.0009927316105 0.0 0.0 0.0 0.0 0.0 0.0 0.0
2945 2256.906005859375 648.6011352539062 72.83234249576361 0.0 0.0 0.0 0.0 0.0 0.0 0.0
2961 2273.891357421875 642.2315673828125 72.71569654399457 0.0 0.0 0.0 0.0 0.0 0.0 0.0
2977 2305.7392578125 633.7388000488281 73.4821846576308 0.0 0.0 0.0 0.0 0.0 0.0 0.0
2995 2318.478515625 629.492431640625 73.50518599672114 0.0 0.0 0.0 0.0 0.0 0.0 0.0
3011 2341.83349609375 623.1228637695312 73.95101915891718 0.0 0.0 0.0 0.0 0.0 0.0 0.0
3028 2363.0654296875 618.87646484375 74.7631449420798 0.0 0.0 0.0 0.0 0.0 0.0 0.0
3044 2384.29736328125 612.5068969726562 74.85355336384362 0.0 0.0 0.0 0.0 0.0 0.0 0.0
3061 2403.406005859375 608.2605285644531 75.37016441666498 0.0 0.0 0.0 0.0 0.0 0.0 0.0
3077 2422.5146484375 604.01416015625 75.8316778320389 0.0 0.0 0.0 0.0 0.0 0.0 0.0
3094 2443.74658203125 597.6445922851562 75.79459191603576 0.0 0.0 0.0 0.0 0.0 0.0 0.0
3111 2458.60888671875 593.398193359375 75.83603205763916 0.0 0.0 0.0 0.0 0.0 0.0 0.0
3128 2484.087158203125 587.0286254882812 76.16076492556084 0.0 0.0 0.0 0.0 0.0 0.0 0.0
3144 2496.826416015625 584.9054565429688 76.64268507986787 0.0 0.0 0.0 0.0 0.0 0.0 0.0
3162 2505.319091796875 582.7822570800781 76.72095473836009 0.0 0.0 0.0 0.0 0.0 0.0 0.0
3178 2518.05810546875 578.535888671875 76.498298229044 0.0 0.0 0.0 0.0 0.0 0.0 0.0
3194 2535.043701171875 574.2894897460938 76.66123288465337 0.0 0.0 0.0 0.0 0.0 0.0 0.0
3211 2543.536376953125 570.0431213378906 76.06051535668195 0.0 0.0 0.0 0.0 0.0 0.0 0.0
3228 2556.275634765625 565.7967529296875 75.88793458585684 0.0 0.0 0.0 0.0 0.0 0.0 0.0
3244 2566.8916015625 557.3039855957031 74.20848268002601 0.0 0.0 0.0 0.0 0.0 0.0 0.0
3261 2573.26123046875 555.1807861328125 74.19179431493131 0.0 0.0 0.0 0.0 0.0 0.0 0.0
3278 2583.876953125 550.9344177246094 73.94540149484521 0.0 0.0 0.0 0.0 0.0 0.0 0.0
3295 2592.369873046875 544.5648498535156 72.8285302198052 0.0 0.0 0.0 0.0 0.0 0.0 0.0
3311 2598.739501953125 542.4416809082031 72.86625690238156 0.0 0.0 0.0 0.0 0.0 0.0 0.0
3327 2607.232177734375 536.0721130371094 71.81242753279076 0.0 0.0 0.0 0.0 0.0 0.0 0.0
3344 2617.84814453125 529.7025451660156 71.07306011208323 0.0 0.0 0.0 0.0 0.0 0.0 0.0
3361 2639.080078125 516.9634094238281 69.78650779314347 0.0 0.0 0.0 0.0 0.0 0.0 0.0
3378 2643.326416015625 512.7170104980469 69.00579075959598 0.0 0.0 0.0 0.0 0.0 0.0 0.0
3394 2651.819091796875 510.5938415527344 69.47032929578 0.0 0.0 0.0 0.0 0.0 0.0 0.0
3411 2658.188720703125 504.2242736816406 68.3337012523171 0.0 0.0 0.0 0.0 0.0 0.0 0.0
3427 2664.558349609375 499.9778747558594 67.89724618154338 0.0 0.0 0.0 0.0 0.0 0.0 0.0
3445 2670.927734375 493.6083068847656 66.83780804457353 0.0 0.0 0.0 0.0 0.0 0.0 0.0
3461 2681.543701171875 489.3619384765625 67.07162117008329 0.0 0.0 0.0 0.0 0.0 0.0 0.0
3478 2690.03662109375 480.8691711425781 65.7355420635983 0.0 0.0 0.0 0.0 0.0 0.0 0.0
3494 2694.282958984375 476.622802734375 65.09003798817105 0.0 0.0 0.0 0.0 0.0 0.0 0.0
3511 2704.89892578125 468.1300354003906 64.20996284863736 0.0 0.0 0.0 0.0 0.0 0.0 0.0
3528 2709.145263671875 461.7604675292969 62.98921637863566 0.0 0.0 0.0 0.0 0.0 0.0 0.0
3544 2713.3916015625 457.51409912109375 62.43707229285707 0.0 0.0 0.0 0.0 0.0 0.0 0.0
3561 2713.3916015625 455.3908996582031 61.79575875407693 0.0 0.0 0.0 0.0 0.0 0.0 0.0
3577 2719.76123046875 444.77496337890625 59.849289768922404 0.0 0.0 0.0 0.0 0.0 0.0 0.0
3595 2721.88427734375 440.5285949707031 59.01204578046202 0.0 0.0 0.0 0.0 0.0 0.0 0.0
3611 2726.130859375 434.1590270996094 58.00348889321384 0.0 0.0 0.0 0.0 0.0 0.0 0.0
3628 2728.25390625 427.7894592285156 56.622061749009504 0.0 0.0 0.0 0.0 0.0 0.0 0.0
3644 2732.500244140625 421.4198913574219 55.71358936594231 0.0 0.0 0.0 0.0 0.0 0.0 0.0
3662 2734.62353515625 412.9271240234375 53.84291292297627 0.0 0.0 0.0 0.0 0.0 0.0 0.0
3678 2738.869873046875 404.4343719482422 52.50490291928338 0.0 0.0 0.0 0.0 0.0 0.0 0.0
3694 2740.9931640625 398.06480407714844 51.30591318659856 0.0 0.0 0.0 0.0 0.0 0.0 0.0
3711 2740.9931640625 391.6952362060547 49.66229672574934 0.0 0.0 0.0 0.0 0.0 0.0 0.0
3728 2745.239501953125 374.709716796875 46.565784459274084 0.0 0.0 0.0 0.0 0.0 0.0 0.0
3745 2745.239501953125 359.84739685058594 43.15303525329631 0.0 0.0 0.0 0.0 0.0 0.0 0.0
3761 2747.362548828125 351.3546447753906 41.829295574675314 0.0 0.0 0.0 0.0 0.0 0.0 0.0
3778 2747.362548828125 338.6155090332031 39.14743559541773 0.0 0.0 0.0 0.0 0.0 0.0 0.0
3794 2747.362548828125 321.62998962402344 35.850535418479296 0.0 0.0 0.0 0.0 0.0 0.0 0.0
3811 2747.362548828125 311.0140380859375 33.89748330612787 0.0 0.0 0.0 0.0 0.0 0.0 0.0
3828 2747.362548828125 300.3981018066406 32.04764644265555 0.0 0.0 0.0 0.0 0.0 0.0 0.0
3845 2747.362548828125 294.0285339355469 30.97433458178142 0.0 0.0 0.0 0.0 0.0 0.0 0.0
3861 2747.362548828125 283.41258239746094 29.282371826560166 0.0 0.0 0.0 0.0 0.0 0.0 0.0
3878 2745.239501953125 277.0430145263672 27.652461268663046 0.0 0.0 0.0 0.0 0.0 0.0 0.0
3895 2743.1162109375 270.67344665527344 26.06993944915706 0.0 0.0 0.0 0.0 0.0 0.0 0.0
3911 2743.1162109375 262.1806869506836 24.921805798517084 0.0 0.0 0.0 0.0 0.0 0.0 0.0
3927 2740.9931640625 257.93431091308594 23.685374866595282 0.0 0.0 0.0 0.0 0.0 0.0 0.0
3945 2736.74658203125 245.19517517089844 20.84927329198763 0.0 0.0 0.0 0.0 0.0 0.0 0.0
3962 2736.74658203125 240.94879913330078 20.385549406067923 0.0 0.0 0.0 0.0 0.0 0.0 0.0
3978 2734.62353515625 238.8256072998047 19.454942009322224 0.0 0.0 0.0 0.0 0.0 0.0 0.0
3994 2732.500244140625 232.45603942871094 18.128088268115107 0.0 0.0 0.0 0.0 0.0 0.0 0.0
4011 2730.377197265625 223.96328353881836 16.66567294687144 0.0 0.0 0.0 0.0 0.0 0.0 0.0
4029 2726.130859375 217.5937156677246 14.729961604608775 0.0 0.0 0.0 0.0 0.0 0.0 0.0
4044 2726.130859375 213.34733963012695 14.41576350450606 0.0 0.0 0.0 0.0 0.0 0.0 0.0
4061 2724.007568359375 209.10095977783203 13.397779314611057 0.0 0.0 0.0 0.0 0.0 0.0 0.0
4078 2719.76123046875 204.85458374023438 11.685828272066146 0.0 0.0 0.0 0.0 0.0 0.0 0.0
4094 2719.76123046875 202.73139190673828 11.565060667749947 0.0 0.0 0.0 0.0 0.0 0.0 0.0
4111 2717.637939453125 200.60820388793945 10.71956348389557 0.0 0.0 0.0 0.0 0.0 0.0 0.0
4128 2715.514892578125 196.36182403564453 9.786539356972355 0.0 0.0 0.0 0.0 0.0 0.0 0.0
4147 2713.3916015625 194.2386360168457 8.960621874720232 0.0 0.0 0.0 0.0 0.0 0.0 0.0
4177 2713.3916015625 192.11544609069824 8.874418233421807 0.0 0.0 0.0 0.0 0.0 0.0 0.0
4194 2711.268310546875 192.11544609069824 8.13461734070114 0.0 0.0 0.0 0.0 0.0 0.0 0.0
4211 2709.145263671875 189.9922580718994 7.327681937721479 0.0 0.0 0.0 0.0 0.0 0.0 0.0
4228 2709.145263671875 187.86906814575195 7.26234467037159 0.0 0.0 0.0 0.0 0.0 0.0 0.0
4245 2707.02197265625 185.74588012695312 6.465604989871281 0.0 0.0 0.0 0.0 0.0 0.0 0.0
4261 2702.775634765625 183.62269020080566 4.944351895665136 0.0 0.0 0.0 0.0 0.0 0.0 0.0
4278 2700.652587890625 181.4995002746582 4.175769200255672 0.0 0.0 0.0 0.0 0.0 0.0 0.0
4296 2698.529296875 181.4995002746582 3.4322228861702797 0.0 0.0 0.0 0.0 0.0 0.0 0.0
4311 2698.529296875 177.2531223297119 3.4015458752209042 0.0 0.0 0.0 0.0 0.0 0.0 0.0
4329 2694.282958984375 175.12993335723877 1.9179123901145658 0.0 0.0 0.0 0.0 0.0 0.0 0.0
4344 2692.15966796875 175.12993335723877 1.1742730528220022 0.0 0.0 0.0 0.0 0.0 0.0 0.0
4361 2690.03662109375 173.00674438476562 0.453895706905314 0.0 0.0 0.0 0.0 0.0 0.0 0.0
4378 2683.6669921875 170.88355493545532 358.2787058879262 0.0 0.0 0.0 0.0 0.0 0.0 0.0
4394 2679.420654296875 168.76036548614502 356.8671059974268 0.0 0.0 0.0 0.0 0.0 0.0 0.0
4411 2673.051025390625 164.51398718357086 354.8449545664968 0.0 0.0 0.0 0.0 0.0 0.0 0.0
4428 2668.8046875 162.39079797267914 353.4875598766153 0.0 0.0 0.0 0.0 0.0 0.0 0.0