0 2000.0 1500.0 0 0.0 0.0 0.0 0.0 0.0 0.0 0.0
352 2000.0 1500.0 0 0.0 0.0 0.0 0.0 0.0 0.0 0.0
360 2000.0 1500.0 0 0.0 0.0 0.0 0.0 0.0 0.0 0.0
368 2000.0 1500.0 0 0.0 0.0 0.0 0.0 0.0 0.0 0.0
376 2000.0 1500.0 0 0.0 0.0 0.0 0.0 0.0 0.0 0.0
384 2000.0 1500.0 0 0.0 0.0 0.0 0.0 0.0 0.0 0.0
393 2000.0 1500.0 0 0.0 0.0 0.0 0.0 0.0 0.0 0.0
408 2000.0 1500.0 0 0.0 0.0 0.0 0.0 0.0 0.0 0.0
424 2000.0 1500.0 0 0.0 0.0 0.0 0.0 0.0 0.0 0.0
504 2000.0 1500.0 0 0.0 0.0 0.0 0.0 0.0 0.0 0.0
520 2000.0 1500.0 0 0.0 0.0 0.0 0.0 0.0 0.0 0.0
528 2000.0 1500.0 0 0.0 0.0 0.0 0.0 0.0 0.0 0.0
544 2000.0 1500.0 0 0.0 0.0 0.0 0.0 0.0 0.0 0.0
552 2000.0 1500.0 0 0.0 0.0 0.0 0.0 0.0 0.0 0.0
560 2000.0 1500.0 0 0.0 0.0 0.0 0.0 0.0 0.0 0.0
568 2002.552490234375 1494.895263671875 359.8570846046508 0.0 0.0 0.0 0.0 0.0 0.0 0.0
576 2002.552490234375 1492.3427734375 359.17096062209464 0.0 0.0 0.0 0.0 0.0 0.0 0.0
584 2002.552490234375 1489.7904052734375 358.49979913515955 0.0 0.0 0.0 0.0 0.0 0.0 0.0
592 2002.552490234375 1484.685546875 357.2148507285015 0.0 0.0 0.0 0.0 0.0 0.0 0.0
600 2005.10498046875 1482.1331787109375 357.8417753707798 0.0 0.0 0.0 0.0 0.0 0.0 0.0
608 2005.10498046875 1479.5806884765625 357.19967379184556 0.0 0.0 0.0 0.0 0.0 0.0 0.0
625 2007.6572265625 1477.0283203125 357.82698463787693 0.0 0.0 0.0 0.0 0.0 0.0 0.0
640 2007.6572265625 1474.4759521484375 357.18523055879405 0.0 0.0 0.0 0.0 0.0 0.0 0.0
648 2007.6572265625 1471.9234619140625 356.5576591844888 0.0 0.0 0.0 0.0 0.0 0.0 0.0
656 2007.6572265625 1469.37109375 355.94398261760824 0.0 0.0 0.0 0.0 0.0 0.0 0.0
664 2007.6572265625 1466.8187255859375 355.34403408614384 0.0 0.0 0.0 0.0 0.0 0.0 0.0
672 2007.6572265625 1464.2662353515625 354.75750809668 0.0 0.0 0.0 0.0 0.0 0.0 0.0
680 2010.209716796875 1461.7138671875 355.46432825273007 0.0 0.0 0.0 0.0 0.0 0.0 0.0
688 2010.209716796875 1456.6090087890625 354.31179513866346 0.0 0.0 0.0 0.0 0.0 0.0 0.0
696 2010.209716796875 1454.056640625 353.7485721988717 0.0 0.0 0.0 0.0 0.0 0.0 0.0
704 2012.76220703125 1448.9517822265625 353.9384518313169 0.0 0.0 0.0 0.0 0.0 0.0 0.0
712 2015.314453125 1446.3994140625 354.67154874252674 0.0 0.0 0.0 0.0 0.0 0.0 0.0
720 2017.866943359375 1441.2945556640625 354.81231188002664 0.0 0.0 0.0 0.0 0.0 0.0 0.0
728 2020.41943359375 1433.6373291015625 354.39811083415395 0.0 0.0 0.0 0.0 0.0 0.0 0.0
736 2022.9716796875 1428.5325927734375 354.5532881753376 0.0 0.0 0.0 0.0 0.0 0.0 0.0
744 2025.524169921875 1423.427734375 354.700330322039 0.0 0.0 0.0 0.0 0.0 0.0 0.0
752 2025.524169921875 1420.875244140625 354.12829426509904 0.0 0.0 0.0 0.0 0.0 0.0 0.0
760 2025.524169921875 1413.218017578125 352.5239487126173 0.0 0.0 0.0 0.0 0.0 0.0 0.0
768 2028.07666015625 1410.6656494140625 353.30241777091203 0.0 0.0 0.0 0.0 0.0 0.0 0.0
776 2030.62890625 1405.560791015625 353.51590681119114 0.0 0.0 0.0 0.0 0.0 0.0 0.0
784 2033.181396484375 1400.4560546875 353.71814946989775 0.0 0.0 0.0 0.0 0.0 0.0 0.0
792 2033.181396484375 1397.903564453125 353.1683644799792 0.0 0.0 0.0 0.0 0.0 0.0 0.0
800 2035.73388671875 1395.3511962890625 353.92626948135825 0.0 0.0 0.0 0.0 0.0 0.0 0.0
808 2038.286376953125 1390.246337890625 354.10669771465865 0.0 0.0 0.0 0.0 0.0 0.0 0.0
816 2038.286376953125 1387.6939697265625 353.5481373758554 0.0 0.0 0.0 0.0 0.0 0.0 0.0
824 2038.286376953125 1382.589111328125 352.48063469828935 0.0 0.0 0.0 0.0 0.0 0.0 0.0
832 2038.286376953125 1380.0367431640625 351.9591108410534 0.0 0.0 0.0 0.0 0.0 0.0 0.0
848 2043.39111328125 1374.931884765625 353.50280342399697 0.0 0.0 0.0 0.0 0.0 0.0 0.0
856 2043.39111328125 1369.8270263671875 352.4373345420397 0.0 0.0 0.0 0.0 0.0 0.0 0.0
864 2045.943603515625 1364.7222900390625 352.6969697740863 0.0 0.0 0.0 0.0 0.0 0.0 0.0
872 2051.04833984375 1359.617431640625 354.19501371208275 0.0 0.0 0.0 0.0 0.0 0.0 0.0
880 2053.600830078125 1354.5125732421875 354.3611553830811 0.0 0.0 0.0 0.0 0.0 0.0 0.0
888 2058.70556640625 1349.4078369140625 355.755395238331 0.0 0.0 0.0 0.0 0.0 0.0 0.0
896 2063.810302734375 1341.7506103515625 356.4754995224408 0.0 0.0 0.0 0.0 0.0 0.0 0.0
904 2068.915283203125 1334.0933837890625 357.1362716859702 0.0 0.0 0.0 0.0 0.0 0.0 0.0
912 2071.467529296875 1328.988525390625 357.14564774594817 0.0 0.0 0.0 0.0 0.0 0.0 0.0
920 2076.572509765625 1321.331298828125 357.75105191834416 0.0 0.0 0.0 0.0 0.0 0.0 0.0
928 2079.124755859375 1311.12158203125 356.5401189489496 0.0 0.0 0.0 0.0 0.0 0.0 0.0
936 2086.781982421875 1303.46435546875 358.36743354987834 0.0 0.0 0.0 0.0 0.0 0.0 0.0
944 2091.886962890625 1293.2547607421875 358.2610444842974 0.0 0.0 0.0 0.0 0.0 0.0 0.0
952 2094.439208984375 1285.5975341796875 357.5942816842924 0.0 0.0 0.0 0.0 0.0 0.0 0.0
960 2096.99169921875 1277.9403076171875 356.97629571519826 0.0 0.0 0.0 0.0 0.0 0.0 0.0
968 2107.201416015625 1270.2830810546875 359.9060579129493 0.0 0.0 0.0 0.0 0.0 0.0 0.0
976 2109.753662109375 1265.17822265625 359.7679608162036 0.0 0.0 0.0 0.0 0.0 0.0 0.0
984 2117.410888671875 1252.4161376953125 0.016794318541585085 0.0 0.0 0.0 0.0 0.0 0.0 0.0
992 2122.515869140625 1244.7589111328125 0.3843969358346939 0.0 0.0 0.0 0.0 0.0 0.0 0.0
1000 2127.62060546875 1234.54931640625 0.07404952786141195 0.0 0.0 0.0 0.0 0.0 0.0 0.0
1008 2135.27783203125 1219.23486328125 359.6756421123396 0.0 0.0 0.0 0.0 0.0 0.0 0.0
1016 2142.93505859375 1209.025146484375 0.5612756454651091 0.0 0.0 0.0 0.0 0.0 0.0 0.0
1024 2150.59228515625 1201.367919921875 2.013608927429175 0.0 0.0 0.0 0.0 0.0 0.0 0.0
1032 2160.802001953125 1188.60595703125 3.0380182554988906 0.0 0.0 0.0 0.0 0.0 0.0 0.0
1040 2160.802001953125 1180.94873046875 0.8675766879067055 0.0 0.0 0.0 0.0 0.0 0.0 0.0
1048 2173.56396484375 1168.1866455078125 3.1001223207411783 0.0 0.0 0.0 0.0 0.0 0.0 0.0
1056 2178.6689453125 1157.9769287109375 2.5158024036787054 0.0 0.0 0.0 0.0 0.0 0.0 0.0
1064 2188.87841796875 1145.2149658203125 3.4707768161466888 0.0 0.0 0.0 0.0 0.0 0.0 0.0
1072 2199.088134765625 1132.452880859375 4.293827760609261 0.0 0.0 0.0 0.0 0.0 0.0 0.0
1080 2209.2978515625 1119.6907958984375 5.0030286126540915 0.0 0.0 0.0 0.0 0.0 0.0 0.0
1088 2222.059814453125 1101.823974609375 5.2314926975295535 0.0 0.0 0.0 0.0 0.0 0.0 0.0
1096 2237.374267578125 1091.6143188476562 8.535732431087958 0.0 0.0 0.0 0.0 0.0 0.0 0.0
1104 2255.2412109375 1076.2998657226562 10.714585130449862 0.0 0.0 0.0 0.0 0.0 0.0 0.0
1112 2270.5556640625 1055.8805541992188 10.092581045874006 0.0 0.0 0.0 0.0 0.0 0.0 0.0
1120 2280.765380859375 1043.1184692382812 9.997875470901796 0.0 0.0 0.0 0.0 0.0 0.0 0.0
1128 2293.52734375 1030.3564453125 10.865692806431362 0.0 0.0 0.0 0.0 0.0 0.0 0.0
1136 2313.946533203125 1012.4895629882812 12.697811007273735 0.0 0.0 0.0 0.0 0.0 0.0 0.0
1144 2329.260986328125 999.7275390625 14.049435478366085 0.0 0.0 0.0 0.0 0.0 0.0 0.0
1152 2347.1279296875 981.8606567382812 14.388446363025515 0.0 0.0 0.0 0.0 0.0 0.0 0.0
1160 2359.89013671875 969.0985717773438 14.594019649272411 0.0 0.0 0.0 0.0 0.0 0.0 0.0
1168 2372.652099609375 953.7841186523438 13.931066532601669 0.0 0.0 0.0 0.0 0.0 0.0 0.0
1176 2385.4140625 941.0220336914062 14.205700082742297 0.0 0.0 0.0 0.0 0.0 0.0 0.0
1184 2398.17626953125 928.260009765625 14.43895642759935 0.0 0.0 0.0 0.0 0.0 0.0 0.0
1192 2413.49072265625 910.3931274414062 13.857649814443143 0.0 0.0 0.0 0.0 0.0 0.0 0.0
1200 2426.252685546875 897.631103515625 14.1433362859933 0.0 0.0 0.0 0.0 0.0 0.0 0.0
1209 2446.671875 879.7642211914062 15.28624981722566 0.0 0.0 0.0 0.0 0.0 0.0 0.0
1216 2459.43408203125 861.8973388671875 13.688691613220293 0.0 0.0 0.0 0.0 0.0 0.0 0.0
1226 2469.643798828125 849.13525390625 13.09532233542982 0.0 0.0 0.0 0.0 0.0 0.0 0.0
1232 2482.40576171875 836.3732299804688 13.496124375817402 0.0 0.0 0.0 0.0 0.0 0.0 0.0
1240 2495.167724609375 823.6111450195312 13.836366042649345 0.0 0.0 0.0 0.0 0.0 0.0 0.0
1248 2510.482177734375 808.2966918945312 14.17288639062577 0.0 0.0 0.0 0.0 0.0 0.0 0.0
1256 2520.69189453125 798.0870361328125 14.369338243930379 0.0 0.0 0.0 0.0 0.0 0.0 0.0
1264 2536.00634765625 785.3250122070312 15.447749907841107 0.0 0.0 0.0 0.0 0.0 0.0 0.0
1272 2551.32080078125 775.1153564453125 17.22370157860251 0.0 0.0 0.0 0.0 0.0 0.0 0.0
1280 2558.97802734375 764.9057006835938 16.154003400994476 0.0 0.0 0.0 0.0 0.0 0.0 0.0
1288 2571.740234375 754.696044921875 16.9766867906524 0.0 0.0 0.0 0.0 0.0 0.0 0.0
1296 2576.844970703125 747.038818359375 15.940399528001791 0.0 0.0 0.0 0.0 0.0 0.0 0.0
1304 2581.94970703125 744.4864501953125 16.898196754010648 0.0 0.0 0.0 0.0 0.0 0.0 0.0
1312 2589.60693359375 739.381591796875 17.739847739547947 0.0 0.0 0.0 0.0 0.0 0.0 0.0
1320 2594.7119140625 734.2767944335938 17.60773901615945 0.0 0.0 0.0 0.0 0.0 0.0 0.0
1328 2597.26416015625 729.1719360351562 16.54595975944447 0.0 0.0 0.0 0.0 0.0 0.0 0.0
1336 2597.26416015625 726.6195678710938 15.53056360212149 0.0 0.0 0.0 0.0 0.0 0.0 0.0
1344 2599.816650390625 721.5147094726562 14.57421980816681 0.0 0.0 0.0 0.0 0.0 0.0 0.0
1352 2602.369140625 721.5147094726562 15.596312773141172 0.0 0.0 0.0 0.0 0.0 0.0 0.0
1432 2602.369140625 718.9623413085938 14.59767970699641 0.0 0.0 0.0 0.0 0.0 0.0 0.0
1448 2604.92138671875 716.409912109375 14.637202058743561 0.0 0.0 0.0 0.0 0.0 0.0 0.0
1464 2607.473876953125 716.409912109375 15.65816038392645 0.0 0.0 0.0 0.0 0.0 0.0 0.0
1480 2610.0263671875 711.3051147460938 14.695312408486629 0.0 0.0 0.0 0.0 0.0 0.0 0.0
1496 2612.57861328125 711.3051147460938 15.71519122271745 0.0 0.0 0.0 0.0 0.0 0.0 0.0
1504 2615.131103515625 708.752685546875 15.716424490035166 0.0 0.0 0.0 0.0 0.0 0.0 0.0
1512 2617.68359375 706.2002563476562 15.717577759906149 0.0 0.0 0.0 0.0 0.0 0.0 0.0
1520 2622.788330078125 701.095458984375 15.719690005064955 0.0 0.0 0.0 0.0 0.0 0.0 0.0
1528 2625.3408203125 698.5430297851562 15.720755185698096 0.0 0.0 0.0 0.0 0.0 0.0 0.0
1536 2627.89306640625 695.9906005859375 15.721649499507869 0.0 0.0 0.0 0.0 0.0 0.0 0.0
1544 2632.998046875 693.438232421875 16.690701712750638 0.0 0.0 0.0 0.0 0.0 0.0 0.0
1552 2635.55029296875 690.8858032226562 16.658324101884638 0.0 0.0 0.0 0.0 0.0 0.0 0.0
1560 2638.102783203125 688.3333740234375 16.627179177213215 0.0 0.0 0.0 0.0 0.0 0.0 0.0
1568 2638.102783203125 685.781005859375 15.610313667353743 0.0 0.0 0.0 0.0 0.0 0.0 0.0
1576 2643.20751953125 685.781005859375 17.582948446054665 0.0 0.0 0.0 0.0 0.0 0.0 0.0
1584 2645.760009765625 683.2285766601562 17.520022645978223 0.0 0.0 0.0 0.0 0.0 0.0 0.0
1592 2645.760009765625 680.6761474609375 16.487627523735107 0.0 0.0 0.0 0.0 0.0 0.0 0.0
1600 2648.3125 680.6761474609375 17.47583917112304 0.0 0.0 0.0 0.0 0.0 0.0 0.0
1608 2650.86474609375 680.6761474609375 18.446062727465012 0.0 0.0 0.0 0.0 0.0 0.0 0.0
1616 2653.417236328125 680.6761474609375 19.398523701253374 0.0 0.0 0.0 0.0 0.0 0.0 0.0
1632 2653.417236328125 678.1237182617188 18.334222127831453 0.0 0.0 0.0 0.0 0.0 0.0 0.0
1640 2655.9697265625 678.1237182617188 19.288701525597524 0.0 0.0 0.0 0.0 0.0 0.0 0.0
1664 2658.52197265625 678.1237182617188 20.225355632854303 0.0 0.0 0.0 0.0 0.0 0.0 0.0
1696 2661.074462890625 678.1237182617188 21.144394186343845 0.0 0.0 0.0 0.0 0.0 0.0 0.0
1704 2663.626953125 678.1237182617188 22.045828108771467 0.0 0.0 0.0 0.0 0.0 0.0 0.0
1720 2666.179443359375 678.1237182617188 22.929798637237077 0.0 0.0 0.0 0.0 0.0 0.0 0.0
1728 2668.731689453125 678.1237182617188 23.796328887836474 0.0 0.0 0.0 0.0 0.0 0.0 0.0
1736 2671.2841796875 678.1237182617188 24.645768328016977 0.0 0.0 0.0 0.0 0.0 0.0 0.0
1744 2678.94140625 675.5713500976562 25.931608940709175 0.0 0.0 0.0 0.0 0.0 0.0 0.0
1752 2681.493896484375 675.5713500976562 26.737957368273563 0.0 0.0 0.0 0.0 0.0 0.0 0.0
1760 2684.046142578125 675.5713500976562 27.527730845654517 0.0 0.0 0.0 0.0 0.0 0.0 0.0
1768 2689.151123046875 675.5713500976562 29.043166039950016 0.0 0.0 0.0 0.0 0.0 0.0 0.0
1776 2696.808349609375 675.5713500976562 31.177826473386077 0.0 0.0 0.0 0.0 0.0 0.0 0.0
1784 2696.808349609375 673.0189208984375 29.93966547094955 0.0 0.0 0.0 0.0 0.0 0.0 0.0
1792 2699.360595703125 673.0189208984375 30.662265499768544 0.0 0.0 0.0 0.0 0.0 0.0 0.0
1800 2701.9130859375 673.0189208984375 31.36949364546902 0.0 0.0 0.0 0.0 0.0 0.0 0.0
1808 2704.465576171875 670.4664916992188 30.83881546397462 0.0 0.0 0.0 0.0 0.0 0.0 0.0
1816 2707.017822265625 670.4664916992188 31.542181033284464 0.0 0.0 0.0 0.0 0.0 0.0 0.0
1825 2707.017822265625 667.9141235351562 30.29945268486874 0.0 0.0 0.0 0.0 0.0 0.0 0.0
1832 2709.5703125 667.9141235351562 31.014492669030496 0.0 0.0 0.0 0.0 0.0 0.0 0.0
1840 2712.122802734375 665.3616943359375 30.495609869892277 0.0 0.0 0.0 0.0 0.0 0.0 0.0
1864 2717.2275390625 662.8092651367188 30.691961352512195 0.0 0.0 0.0 0.0 0.0 0.0 0.0
1872 2719.780029296875 660.2568969726562 30.183862472228867 0.0 0.0 0.0 0.0 0.0 0.0 0.0
1880 2722.332275390625 657.7044677734375 29.692579228096122 0.0 0.0 0.0 0.0 0.0 0.0 0.0
1888 2727.437255859375 655.1520385742188 29.931666865068564 0.0 0.0 0.0 0.0 0.0 0.0 0.0
1896 2729.989501953125 652.599609375 29.448795204787956 0.0 0.0 0.0 0.0 0.0 0.0 0.0
1904 2732.5419921875 652.599609375 30.181947626879946 0.0 0.0 0.0 0.0 0.0 0.0 0.0
1912 2737.646728515625 647.4948120117188 29.231379869937605 0.0 0.0 0.0 0.0 0.0 0.0 0.0
1920 2742.751708984375 647.4948120117188 30.67628012877499 0.0 0.0 0.0 0.0 0.0 0.0 0.0
1928 2747.8564453125 644.9423828125 30.863007017293796 0.0 0.0 0.0 0.0 0.0 0.0 0.0
1936 2752.961181640625 639.8375854492188 29.868413659757053 0.0 0.0 0.0 0.0 0.0 0.0 0.0
1944 2758.066162109375 637.28515625 30.09814652035707 0.0 0.0 0.0 0.0 0.0 0.0 0.0
1952 2763.1708984375 634.7327880859375 30.3156571014783 0.0 0.0 0.0 0.0 0.0 0.0 0.0
1960 2768.275634765625 632.1803588867188 30.521544048839303 0.0 0.0 0.0 0.0 0.0 0.0 0.0
1968 2775.93310546875 629.6279296875 31.385828861683713 0.0 0.0 0.0 0.0 0.0 0.0 0.0
1976 2778.4853515625 624.5231323242188 29.660971800206504 0.0 0.0 0.0 0.0 0.0 0.0 0.0
1984 2786.142578125 621.970703125 30.587517089930913 0.0 0.0 0.0 0.0 0.0 0.0 0.0
1992 2791.24755859375 616.8659057617188 29.610791242523234 0.0 0.0 0.0 0.0 0.0 0.0 0.0
2000 2796.352294921875 614.3134765625 29.85417494042096 0.0 0.0 0.0 0.0 0.0 0.0 0.0
2008 2804.009521484375 609.2086791992188 29.621826365171913 0.0 0.0 0.0 0.0 0.0 0.0 0.0
2016 2809.1142578125 606.65625 29.86459762396155 0.0 0.0 0.0 0.0 0.0 0.0 0.0
2025 2814.21923828125 604.1038208007812 30.094519171678847 0.0 0.0 0.0 0.0 0.0 0.0 0.0
2032 2819.323974609375 601.5514526367188 30.31219857438694 0.0 0.0 0.0 0.0 0.0 0.0 0.0
2040 2824.4287109375 601.5514526367188 31.711631920883164 0.0 0.0 0.0 0.0 0.0 0.0 0.0
2048 2826.981201171875 596.4465942382812 29.972072579933 0.0 0.0 0.0 0.0 0.0 0.0 0.0
2056 2834.638427734375 593.8941955566406 30.876092749518875 0.0 0.0 0.0 0.0 0.0 0.0 0.0
2064 2837.19091796875 593.8941955566406 31.578737761619422 0.0 0.0 0.0 0.0 0.0 0.0 0.0
2072 2839.7431640625 588.7893676757812 29.845131158896933 0.0 0.0 0.0 0.0 0.0 0.0 0.0
2080 2844.84814453125 586.2369689941406 30.07608442012741 0.0 0.0 0.0 0.0 0.0 0.0 0.0
2088 2847.400390625 586.2369689941406 30.795792330288847 0.0 0.0 0.0 0.0 0.0 0.0 0.0
2096 2852.50537109375 581.1321411132812 29.80561781889972 0.0 0.0 0.0 0.0 0.0 0.0 0.0
2104 2857.610107421875 581.1321411132812 31.226397143965215 0.0 0.0 0.0 0.0 0.0 0.0 0.0
2112 2860.16259765625 576.0273132324219 29.50886019471642 0.0 0.0 0.0 0.0 0.0 0.0 0.0
2120 2865.267333984375 573.4749145507812 29.757666976717843 0.0 0.0 0.0 0.0 0.0 0.0 0.0
2128 2867.81982421875 570.9224853515625 29.2806977792805 0.0 0.0 0.0 0.0 0.0 0.0 0.0
2136 2872.924560546875 565.8176574707031 28.388567862909888 0.0 0.0 0.0 0.0 0.0 0.0 0.0
2144 2878.029541015625 565.8176574707031 29.868473219858814 0.0 0.0 0.0 0.0 0.0 0.0 0.0
2152 2880.581787109375 563.2652587890625 29.38771262054076 0.0 0.0 0.0 0.0 0.0 0.0 0.0
2160 2888.239013671875 558.1604309082031 29.194108012064163 0.0 0.0 0.0 0.0 0.0 0.0 0.0
2168 2890.79150390625 558.1604309082031 29.932604066072734 0.0 0.0 0.0 0.0 0.0 0.0 0.0
2176 2893.343994140625 553.0556030273438 28.27425965979831 0.0 0.0 0.0 0.0 0.0 0.0 0.0
2184 2898.44873046875 553.0556030273438 29.75885502726311 0.0 0.0 0.0 0.0 0.0 0.0 0.0
2192 2901.001220703125 550.5032043457031 29.281883978507395 0.0 0.0 0.0 0.0 0.0 0.0 0.0
2200 2906.10595703125 545.3983764648438 28.389619956747403 0.0 0.0 0.0 0.0 0.0 0.0 0.0
2210 2911.210693359375 542.8459777832031 28.697784958297028 0.0 0.0 0.0 0.0 0.0 0.0 0.0
2216 2913.76318359375 537.7411499023438 27.096579709516284 0.0 0.0 0.0 0.0 0.0 0.0 0.0
2226 2918.867919921875 537.7411499023438 28.629611741548757 0.0 0.0 0.0 0.0 0.0 0.0 0.0
2232 2921.42041015625 535.1887512207031 28.190488785695422 0.0 0.0 0.0 0.0 0.0 0.0 0.0
2240 2931.630126953125 530.0839233398438 28.795915898500247 0.0 0.0 0.0 0.0 0.0 0.0 0.0
2248 2936.73486328125 530.0839233398438 30.258901302954342 0.0 0.0 0.0 0.0 0.0 0.0 0.0
2256 2936.73486328125 527.531494140625 29.032626432639148 0.0 0.0 0.0 0.0 0.0 0.0 0.0
2264 2939.287353515625 527.531494140625 29.77454402300036 0.0 0.0 0.0 0.0 0.0 0.0 0.0
2272 2941.839599609375 527.531494140625 30.500657115632677 0.0 0.0 0.0 0.0 0.0 0.0 0.0
2352 2941.839599609375 524.9790954589844 29.271226704926228 0.0 0.0 0.0 0.0 0.0 0.0 0.0
2360 2944.39208984375 524.9790954589844 30.00812613355609 0.0 0.0 0.0 0.0 0.0 0.0 0.0
2376 2946.944580078125 524.9790954589844 30.729332911214527 0.0 0.0 0.0 0.0 0.0 0.0 0.0
2384 2952.04931640625 522.4266967773438 30.913266945895927 0.0 0.0 0.0 0.0 0.0 0.0 0.0
2392 2957.154052734375 522.4266967773438 32.28733513601897 0.0 0.0 0.0 0.0 0.0 0.0 0.0
2400 2959.70654296875 522.4266967773438 32.9594286577217 0.0 0.0 0.0 0.0 0.0 0.0 0.0
2408 2967.36376953125 522.4266967773438 34.84875225949348 0.0 0.0 0.0 0.0 0.0 0.0 0.0
2416 2972.468505859375 519.874267578125 34.8133604091132 0.0 0.0 0.0 0.0 0.0 0.0 0.0
2424 2975.02099609375 519.874267578125 35.42988972152824 0.0 0.0 0.0 0.0 0.0 0.0 0.0
2432 2977.573486328125 519.874267578125 36.032676415826515 0.0 0.0 0.0 0.0 0.0 0.0 0.0
2440 2982.67822265625 519.874267578125 37.18530900537999 0.0 0.0 0.0 0.0 0.0 0.0 0.0
2448 2985.230712890625 517.3218688964844 36.464281080469135 0.0 0.0 0.0 0.0 0.0 0.0 0.0
2456 2990.33544921875 514.7694396972656 36.34287439928731 0.0 0.0 0.0 0.0 0.0 0.0 0.0
2464 2992.887939453125 514.7694396972656 36.92517611780377 0.0 0.0 0.0 0.0 0.0 0.0 0.0
2472 2995.4404296875 514.7694396972656 37.49433094037059 0.0 0.0 0.0 0.0 0.0 0.0 0.0
2480 2997.99267578125 514.7694396972656 38.05056555618425 0.0 0.0 0.0 0.0 0.0 0.0 0.0
2496 3000.545166015625 514.7694396972656 38.59421875876221 0.0 0.0 0.0 0.0 0.0 0.0 0.0
2504 3003.09765625 514.7694396972656 39.12545818102522 0.0 0.0 0.0 0.0 0.0 0.0 0.0
2520 3005.64990234375 514.7694396972656 39.644511693322045 0.0 0.0 0.0 0.0 0.0 0.0 0.0
2560 3008.202392578125 514.7694396972656 40.15165712101991 0.0 0.0 0.0 0.0 0.0 0.0 0.0
2584 3010.7548828125 514.7694396972656 40.64711621163731 0.0 0.0 0.0 0.0 0.0 0.0 0.0
2608 3013.30712890625 514.7694396972656 41.13109228423171 0.0 0.0 0.0 0.0 0.0 0.0 0.0
2632 3015.859619140625 514.7694396972656 41.603872431602014 0.0 0.0 0.0 0.0 0.0 0.0 0.0
2656 3018.412109375 514.7694396972656 42.065650500999254 0.0 0.0 0.0 0.0 0.0 0.0 0.0
2680 3020.96435546875 514.7694396972656 42.51664765452179 0.0 0.0 0.0 0.0 0.0 0.0 0.0
2696 3023.516845703125 514.7694396972656 42.95715704655552 0.0 0.0 0.0 0.0 0.0 0.0 0.0
2704 3028.62158203125 514.7694396972656 43.7977667450555 0.0 0.0 0.0 0.0 0.0 0.0 0.0
2711 3033.7265625 514.7694396972656 44.59972656236647 0.0 0.0 0.0 0.0 0.0 0.0 0.0
2720 3049.041015625 514.7694396972656 46.69985737987108 0.0 0.0 0.0 0.0 0.0 0.0 0.0
2728 3077.117431640625 514.7694396972656 49.73165877591886 0.0 0.0 0.0 0.0 0.0 0.0 0.0
2735 3105.194091796875 514.7694396972656 52.11337363208423 0.0 0.0 0.0 0.0 0.0 0.0 0.0
2743 3130.718017578125 512.217041015625 52.70368634900822 0.0 0.0 0.0 0.0 0.0 0.0 0.0
2751 3151.137451171875 512.217041015625 54.049318056270465 0.0 0.0 0.0 0.0 0.0 0.0 0.0
2759 3171.556640625 512.217041015625 55.170518511271695 0.0 0.0 0.0 0.0 0.0 0.0 0.0
2768 3189.423583984375 512.217041015625 56.00514374427095 0.0 0.0 0.0 0.0 0.0 0.0 0.0
2776 3207.29052734375 512.217041015625 56.71510349120841 0.0 0.0 0.0 0.0 0.0 0.0 0.0
2784 3222.60498046875 512.217041015625 57.243967534208025 0.0 0.0 0.0 0.0 0.0 0.0 0.0
2792 3232.814453125 512.217041015625 57.56434424207106 0.0 0.0 0.0 0.0 0.0 0.0 0.0
2800 3243.024169921875 512.217041015625 57.855472242067734 0.0 0.0 0.0 0.0 0.0 0.0 0.0
2808 3250.681396484375 512.217041015625 58.05852453080239 0.0 0.0 0.0 0.0 0.0 0.0 0.0
2816 3253.23388671875 512.217041015625 58.124546049237466 0.0 0.0 0.0 0.0 0.0 0.0 0.0
2824 3258.338623046875 512.217041015625 58.25027107038656 0.0 0.0 0.0 0.0 0.0 0.0 0.0
2832 3260.89111328125 512.217041015625 58.311590453792064 0.0 0.0 0.0 0.0 0.0 0.0 0.0
2840 3263.443359375 512.217041015625 58.37140722492033 0.0 0.0 0.0 0.0 0.0 0.0 0.0
2872 3265.995849609375 512.217041015625 58.42975673839341 0.0 0.0 0.0 0.0 0.0 0.0 0.0
2880 3268.54833984375 512.217041015625 58.48667853163677 0.0 0.0 0.0 0.0 0.0 0.0 0.0
2888 3271.1005859375 512.217041015625 58.542195506781695 0.0 0.0 0.0 0.0 0.0 0.0 0.0
2896 3273.653076171875 512.217041015625 58.59636198704432 0.0 0.0 0.0 0.0 0.0 0.0 0.0
2904 3273.653076171875 509.6646423339844 57.15756114747252 0.0 0.0 0.0 0.0 0.0 0.0 0.0
2912 3278.7578125 509.6646423339844 57.32955254195892 0.0 0.0 0.0 0.0 0.0 0.0 0.0
2920 3281.310302734375 509.6646423339844 57.41343640698689 0.0 0.0 0.0 0.0 0.0 0.0 0.0
2928 3286.4150390625 507.1122131347656 56.20482703381906 0.0 0.0 0.0 0.0 0.0 0.0 0.0
2936 3291.52001953125 507.1122131347656 56.422362888527374 0.0 0.0 0.0 0.0 0.0 0.0 0.0
2944 3294.072265625 507.1122131347656 56.528457239943094 0.0 0.0 0.0 0.0 0.0 0.0 0.0
2952 3299.17724609375 507.1122131347656 56.730529527297705 0.0 0.0 0.0 0.0 0.0 0.0 0.0
2960 3301.729736328125 504.559814453125 55.42883287550285 0.0 0.0 0.0 0.0 0.0 0.0 0.0
2968 3306.83447265625 504.559814453125 55.68342196691653 0.0 0.0 0.0 0.0 0.0 0.0 0.0
2976 3311.939208984375 502.00738525390625 54.561044072260856 0.0 0.0 0.0 0.0 0.0 0.0 0.0
2984 3314.49169921875 502.00738525390625 54.712648055078645 0.0 0.0 0.0 0.0 0.0 0.0 0.0
2992 3319.596435546875 499.4549865722656 53.63904913160316 0.0 0.0 0.0 0.0 0.0 0.0 0.0
3000 3322.14892578125 499.4549865722656 53.81315074591744 0.0 0.0 0.0 0.0 0.0 0.0 0.0
3008 3324.701416015625 499.4549865722656 53.98300476380264 0.0 0.0 0.0 0.0 0.0 0.0 0.0
3016 3327.253662109375 499.4549865722656 54.14870542762904 0.0 0.0 0.0 0.0 0.0 0.0 0.0
3024 3332.358642578125 499.4549865722656 54.46433660681049 0.0 0.0 0.0 0.0 0.0 0.0 0.0
3032 3334.910888671875 499.4549865722656 54.61828828274966 0.0 0.0 0.0 0.0 0.0 0.0 0.0
3040 3337.46337890625 499.4549865722656 54.76849997344405 0.0 0.0 0.0 0.0 0.0 0.0 0.0
3048 3340.015869140625 496.902587890625 53.519789875751115 0.0 0.0 0.0 0.0 0.0 0.0 0.0
3056 3342.568115234375 494.35015869140625 52.305496097650135 0.0 0.0 0.0 0.0 0.0 0.0 0.0
3064 3345.12060546875 494.35015869140625 52.512037907147004 0.0 0.0 0.0 0.0 0.0 0.0 0.0
3072 3347.673095703125 494.35015869140625 52.71355204991701 0.0 0.0 0.0 0.0 0.0 0.0 0.0
3080 3350.225341796875 491.7977600097656 51.52179257152419 0.0 0.0 0.0 0.0 0.0 0.0 0.0
3096 3352.77783203125 491.7977600097656 51.74735643470876 0.0 0.0 0.0 0.0 0.0 0.0 0.0
3112 3355.330322265625 491.7977600097656 51.96745674650526 0.0 0.0 0.0 0.0 0.0 0.0 0.0
3136 3357.882568359375 489.245361328125 50.7967355807742 0.0 0.0 0.0 0.0 0.0 0.0 0.0
3144 3360.43505859375 489.245361328125 51.0398636534411 0.0 0.0 0.0 0.0 0.0 0.0 0.0
3152 3362.987548828125 486.69293212890625 49.89554486319358 0.0 0.0 0.0 0.0 0.0 0.0 0.0
3168 3368.09228515625 486.69293212890625 50.41284106730424 0.0 0.0 0.0 0.0 0.0 0.0 0.0
3176 3370.644775390625 486.69293212890625 50.66525651127874 0.0 0.0 0.0 0.0 0.0 0.0 0.0
3184 3373.197021484375 484.1405334472656 49.531665798617155 0.0 0.0 0.0 0.0 0.0 0.0 0.0
3192 3378.302001953125 484.1405334472656 50.06613584863973 0.0 0.0 0.0 0.0 0.0 0.0 0.0
3200 3383.40673828125 484.1405334472656 50.575385027826215 0.0 0.0 0.0 0.0 0.0 0.0 0.0
3208 3385.959228515625 481.5881042480469 49.44438137910507 0.0 0.0 0.0 0.0 0.0 0.0 0.0
3216 3398.72119140625 473.9308776855469 46.96151579288717 0.0 0.0 0.0 0.0 0.0 0.0 0.0
3225 3406.37841796875 473.9308776855469 47.9217037814217 0.0 0.0 0.0 0.0 0.0 0.0 0.0
3232 3419.140625 466.2736511230469 45.62678231921349 0.0 0.0 0.0 0.0 0.0 0.0 0.0
3240 3434.455078125 458.6164245605469 43.98121517864155 0.0 0.0 0.0 0.0 0.0 0.0 0.0
3248 3452.32177734375 456.0639953613281 45.28290633882074 0.0 0.0 0.0 0.0 0.0 0.0 0.0
3256 3467.63623046875 453.5115966796875 46.07892413329333 0.0 0.0 0.0 0.0 0.0 0.0 0.0
3264 3493.160400390625 450.9591979980469 47.88368652599064 0.0 0.0 0.0 0.0 0.0 0.0 0.0
3272 3513.579833984375 445.8543701171875 47.6826441232006 0.0 0.0 0.0 0.0 0.0 0.0 0.0
3280 3536.551513671875 440.7495422363281 47.78396664146625 0.0 0.0 0.0 0.0 0.0 0.0 0.0
3288 3556.970703125 440.7495422363281 49.94603425241148 0.0 0.0 0.0 0.0 0.0 0.0 0.0
3296 3574.837646484375 440.7495422363281 51.558049961178 0.0 0.0 0.0 0.0 0.0 0.0 0.0
3304 3595.2568359375 440.7495422363281 53.09441469512983 0.0 0.0 0.0 0.0 0.0 0.0 0.0
3312 3615.67626953125 440.7495422363281 54.37491680650544 0.0 0.0 0.0 0.0 0.0 0.0 0.0
3320 3630.99072265625 440.7495422363281 55.20988471953426 0.0 0.0 0.0 0.0 0.0 0.0 0.0
3328 3648.857421875 438.1971435546875 54.818747198589364 0.0 0.0 0.0 0.0 0.0 0.0 0.0
3336 3661.61962890625 438.1971435546875 55.48063799649941 0.0 0.0 0.0 0.0 0.0 0.0 0.0
3344 3676.93408203125 438.1971435546875 56.17107303747795 0.0 0.0 0.0 0.0 0.0 0.0 0.0
3352 3694.80078125 435.64471435546875 55.6348705428051 0.0 0.0 0.0 0.0 0.0 0.0 0.0
3360 3705.010498046875 433.0923156738281 54.79891582392462 0.0 0.0 0.0 0.0 0.0 0.0 0.0
3368 3720.324951171875 433.0923156738281 55.57848040636503 0.0 0.0 0.0 0.0 0.0 0.0 0.0
3376 3727.982177734375 433.0923156738281 55.94099004580647 0.0 0.0 0.0 0.0 0.0 0.0 0.0
3384 3735.639404296875 433.0923156738281 56.27814416926931 0.0 0.0 0.0 0.0 0.0 0.0 0.0
3392 3740.744384765625 433.0923156738281 56.492181638292706 0.0 0.0 0.0 0.0 0.0 0.0 0.0
3400 3743.296630859375 433.0923156738281 56.59657400587071 0.0 0.0 0.0 0.0 0.0 0.0 0.0
3408 3748.401611328125 433.0923156738281 56.79537824819187 0.0 0.0 0.0 0.0 0.0 0.0 0.0
3464 3750.953857421875 433.0923156738281 56.89234648448465 0.0 0.0 0.0 0.0 0.0 0.0 0.0
3472 3753.50634765625 433.0923156738281 56.98694659658537 0.0 0.0 0.0 0.0 0.0 0.0 0.0
3480 3756.058837890625 433.0923156738281 57.07923777337288 0.0 0.0 0.0 0.0 0.0 0.0 0.0
3488 3763.716064453125 430.5398864746094 56.000648942197515 0.0 0.0 0.0 0.0 0.0 0.0 0.0
3496 3766.268310546875 430.5398864746094 56.1170592224143 0.0 0.0 0.0 0.0 0.0 0.0 0.0
3504 3768.82080078125 430.5398864746094 56.2306366837165 0.0 0.0 0.0 0.0 0.0 0.0 0.0
3512 3771.373291015625 430.5398864746094 56.34143851313769 0.0 0.0 0.0 0.0 0.0 0.0 0.0
3520 3776.47802734375 427.98748779296875 55.18615987430046 0.0 0.0 0.0 0.0 0.0 0.0 0.0
3528 3784.13525390625 425.4350891113281 54.24389910071061 0.0 0.0 0.0 0.0 0.0 0.0 0.0
3536 3791.79248046875 425.4350891113281 54.699691760224326 0.0 0.0 0.0 0.0 0.0 0.0 0.0
3544 3796.897216796875 422.8826599121094 53.62673687709315 0.0 0.0 0.0 0.0 0.0 0.0 0.0
3552 3804.554443359375 422.8826599121094 54.12559410996931 0.0 0.0 0.0 0.0 0.0 0.0 0.0
3560 3812.211669921875 420.33026123046875 53.260074829278764 0.0 0.0 0.0 0.0 0.0 0.0 0.0
3568 3817.316650390625 417.77783203125 52.25994421517581 0.0 0.0 0.0 0.0 0.0 0.0 0.0
3576 3824.973876953125 415.2254333496094 51.52993499108119 0.0 0.0 0.0 0.0 0.0 0.0 0.0
3584 3830.07861328125 415.2254333496094 51.969977293770455 0.0 0.0 0.0 0.0 0.0 0.0 0.0
3592 3835.18359375 412.67303466796875 51.03557650037439 0.0 0.0 0.0 0.0 0.0 0.0 0.0
3600 3842.8408203125 410.12060546875 50.39483139555193 0.0 0.0 0.0 0.0 0.0 0.0 0.0
3608 3847.945556640625 407.5682067871094 49.54121297094291 0.0 0.0 0.0 0.0 0.0 0.0 0.0
3616 3853.05029296875 407.5682067871094 50.075232022987564 0.0 0.0 0.0 0.0 0.0 0.0 0.0
3624 3858.1552734375 407.5682067871094 50.584082837712174 0.0 0.0 0.0 0.0 0.0 0.0 0.0
3632 3863.260009765625 407.5682067871094 51.06887825282129 0.0 0.0 0.0 0.0 0.0 0.0 0.0
3640 3870.917236328125 405.0157775878906 50.425699034856365 0.0 0.0 0.0 0.0 0.0 0.0 0.0
3648 3878.574462890625 402.46337890625 49.82953468152476 0.0 0.0 0.0 0.0 0.0 0.0 0.0
3656 3883.67919921875 402.46337890625 50.34995562263394 0.0 0.0 0.0 0.0 0.0 0.0 0.0
3664 3888.7841796875 402.46337890625 50.84582541887502 0.0 0.0 0.0 0.0 0.0 0.0 0.0
3672 3893.888916015625 399.9109802246094 49.96900550962643 0.0 0.0 0.0 0.0 0.0 0.0 0.0
3680 3896.44140625 399.9109802246094 50.232122709265965 0.0 0.0 0.0 0.0 0.0 0.0 0.0
3688 3898.99365234375 399.9109802246094 50.488877238497224 0.0 0.0 0.0 0.0 0.0 0.0 0.0
3696 3901.546142578125 399.9109802246094 50.739452864442384 0.0 0.0 0.0 0.0 0.0 0.0 0.0
3704 3904.0986328125 399.9109802246094 50.98397293946174 0.0 0.0 0.0 0.0 0.0 0.0 0.0
3712 3906.65087890625 399.9109802246094 51.22254464632108 0.0 0.0 0.0 0.0 0.0 0.0 0.0
3720 3906.65087890625 397.3585510253906 49.80712521176213 0.0 0.0 0.0 0.0 0.0 0.0 0.0
3728 3911.755859375 397.3585510253906 50.32861668673493 0.0 0.0 0.0 0.0 0.0 0.0 0.0
3736 3914.30810546875 397.3585510253906 50.58304336299349 0.0 0.0 0.0 0.0 0.0 0.0 0.0
3744 3916.860595703125 394.80615234375 49.4518349056501 0.0 0.0 0.0 0.0 0.0 0.0 0.0
3752 3919.4130859375 394.80615234375 49.727445478632134 0.0 0.0 0.0 0.0 0.0 0.0 0.0
3768 3921.96533203125 394.80615234375 49.99638816957797 0.0 0.0 0.0 0.0 0.0 0.0 0.0
3776 3924.517822265625 392.25372314453125 48.88207175225108 0.0 0.0 0.0 0.0 0.0 0.0 0.0
3816 3927.0703125 392.25372314453125 49.171381832335925 0.0 0.0 0.0 0.0 0.0 0.0 0.0