0 295.62298583984375 1411.1112060546875 159.98443057790263 0.0 0.0 0.0 0.0 0.0 0.0 0.0
61 295.62298583984375 1411.1112060546875 159.98443057790263 0.0 0.0 0.0 0.0 0.0 0.0 0.0
69 295.62298583984375 1411.1112060546875 159.98443057790263 0.0 0.0 0.0 0.0 0.0 0.0 0.0
77 295.62298583984375 1411.1112060546875 159.98443057790263 0.0 0.0 0.0 0.0 0.0 0.0 0.0
85 295.62298583984375 1411.1112060546875 159.98443057790263 0.0 0.0 0.0 0.0 0.0 0.0 0.0
93 295.62298583984375 1411.1112060546875 159.98443057790263 0.0 0.0 0.0 0.0 0.0 0.0 0.0
101 295.62298583984375 1411.1112060546875 159.98443057790263 0.0 0.0 0.0 0.0 0.0 0.0 0.0
109 295.62298583984375 1411.1112060546875 159.98443057790263 0.0 0.0 0.0 0.0 0.0 0.0 0.0
115 295.62298583984375 1411.1112060546875 159.98443057790263 0.0 0.0 0.0 0.0 0.0 0.0 0.0
123 519.9051580429077 1065.4251174926758 166.9119103065529 0.0 0.0 0.0 0.0 0.0 0.0 0.0
132 527.9859380722046 1029.0614700317383 172.09845568253837 0.0 0.0 0.0 0.0 0.0 0.0 0.0
145 540.1071538925171 964.4149856567383 177.07851436276218 0.0 0.0 0.0 0.0 0.0 0.0 0.0
161 544.1475591659546 924.0109329223633 177.95182155598576 0.0 0.0 0.0 0.0 0.0 0.0 0.0
163 552.2283697128296 871.485725402832 179.72492137467057 0.0 0.0 0.0 0.0 0.0 0.0 0.0
179 580.5112066268921 689.6675491333008 182.03569211788437 0.0 0.0 0.0 0.0 0.0 0.0 0.0
186 592.6324224472046 641.1826858520508 184.12191103747276 0.0 0.0 0.0 0.0 0.0 0.0 0.0
198 600.7132329940796 596.7382888793945 184.33426928158684 0.0 0.0 0.0 0.0 0.0 0.0 0.0
201 604.7536382675171 548.2534255981445 182.7527018803508 0.0 0.0 0.0 0.0 0.0 0.0 0.0
214 612.8344488143921 524.0109939575195 184.72549851746052 0.0 0.0 0.0 0.0 0.0 0.0 0.0
217 612.8344488143921 491.68775177001953 182.35445274582688 0.0 0.0 0.0 0.0 0.0 0.0 0.0
231 620.9152593612671 471.48572540283203 184.71489742018656 0.0 0.0 0.0 0.0 0.0 0.0 0.0
233 624.9556646347046 455.32410430908203 185.23608593245723 0.0 0.0 0.0 0.0 0.0 0.0 0.0
249 633.0364751815796 439.16248321533203 187.52090366557917 0.0 0.0 0.0 0.0 0.0 0.0 0.0
260 637.0768804550171 427.0413284301758 188.10404168307608 0.0 0.0 0.0 0.0 0.0 0.0 0.0
264 641.1172857284546 423.0009231567383 189.63805501160255 0.0 0.0 0.0 0.0 0.0 0.0 0.0
271 645.1576910018921 418.9605178833008 191.1033239017167 0.0 0.0 0.0 0.0 0.0 0.0 0.0
281 645.1576910018921 414.9201126098633 190.50437249793345 0.0 0.0 0.0 0.0 0.0 0.0 0.0
287 645.1576910018921 406.8393020629883 189.38813901639963 0.0 0.0 0.0 0.0 0.0 0.0 0.0
301 649.1980962753296 402.79886627197266 190.86464515264728 0.0 0.0 0.0 0.0 0.0 0.0 0.0
309 653.2385015487671 394.71805572509766 191.66218533387132 0.0 0.0 0.0 0.0 0.0 0.0 0.0
320 657.2789068222046 390.67765045166016 193.03532982919342 0.0 0.0 0.0 0.0 0.0 0.0 0.0
325 657.2789068222046 382.5968704223633 191.74686641254232 0.0 0.0 0.0 0.0 0.0 0.0 0.0
341 661.3193120956421 382.5968704223633 193.80165697305233 0.0 0.0 0.0 0.0 0.0 0.0 0.0
343 661.3193120956421 374.5160598754883 192.46141549414796 0.0 0.0 0.0 0.0 0.0 0.0 0.0
363 665.3597173690796 370.4756546020508 193.7977675973102 0.0 0.0 0.0 0.0 0.0 0.0 0.0
377 669.4001226425171 366.4352493286133 195.07211978457377 0.0 0.0 0.0 0.0 0.0 0.0 0.0
379 673.4405279159546 362.3948440551758 196.28677177066115 0.0 0.0 0.0 0.0 0.0 0.0 0.0
396 681.5213384628296 354.3140335083008 198.4965723206158 0.0 0.0 0.0 0.0 0.0 0.0 0.0
409 697.6828985214233 350.2736282348633 204.91826744036706 0.0 0.0 0.0 0.0 0.0 0.0 0.0
411 709.8041143417358 346.2332229614258 209.06634076612636 0.0 0.0 0.0 0.0 0.0 0.0 0.0
423 721.9253301620483 342.1928176879883 212.842657472576 0.0 0.0 0.0 0.0 0.0 0.0 0.0
426 730.0061407089233 342.1928176879883 216.10072592379703 0.0 0.0 0.0 0.0 0.0 0.0 0.0
441 738.0869512557983 338.1524124145508 217.7800570367558 0.0 0.0 0.0 0.0 0.0 0.0 0.0
444 746.1677618026733 334.1120071411133 219.33480223811628 0.0 0.0 0.0 0.0 0.0 0.0 0.0
449 762.3293828964233 326.0311965942383 222.01088617228731 0.0 0.0 0.0 0.0 0.0 0.0 0.0
464 774.4505987167358 321.9907913208008 224.5400644451328 0.0 0.0 0.0 0.0 0.0 0.0 0.0
465 786.5718145370483 317.9503860473633 226.81317210518853 0.0 0.0 0.0 0.0 0.0 0.0 0.0
478 810.8142461776733 309.8695755004883 230.51293495105597 0.0 0.0 0.0 0.0 0.0 0.0 0.0
482 847.1778936386108 297.7483596801758 234.62270911817575 0.0 0.0 0.0 0.0 0.0 0.0 0.0
489 863.3395147323608 293.7079544067383 236.75430957808533 0.0 0.0 0.0 0.0 0.0 0.0 0.0
502 895.6626958847046 281.5867691040039 238.5213045457957 0.0 0.0 0.0 0.0 0.0 0.0 0.0
504 944.1475591659546 269.4655532836914 242.34127337496287 0.0 0.0 0.0 0.0 0.0 0.0 0.0
517 964.3495855331421 265.4251480102539 244.10031518464183 0.0 0.0 0.0 0.0 0.0 0.0 0.0
519 988.5920171737671 261.3847427368164 246.15221131930707 0.0 0.0 0.0 0.0 0.0 0.0 0.0
527 1028.996069908142 253.3039321899414 248.1238561625884 0.0 0.0 0.0 0.0 0.0 0.0 0.0
544 1105.7637701034546 237.1423110961914 250.04097247376154 0.0 0.0 0.0 0.0 0.0 0.0 0.0
556 1138.0870122909546 237.1423110961914 253.4027536711635 0.0 0.0 0.0 0.0 0.0 0.0 0.0
558 1170.4102544784546 225.0210952758789 251.0964495294414 0.0 0.0 0.0 0.0 0.0 0.0 0.0
573 1210.814185142517 220.9806900024414 253.22782786100635 0.0 0.0 0.0 0.0 0.0 0.0 0.0
575 1235.056616783142 220.9806900024414 255.3184651742826 0.0 0.0 0.0 0.0 0.0 0.0 0.0
581 1247.1778326034546 216.9402847290039 254.3323461270318 0.0 0.0 0.0 0.0 0.0 0.0 0.0
593 1259.299048423767 216.9402847290039 255.37152380433898 0.0 0.0 0.0 0.0 0.0 0.0 0.0
598 1279.5010747909546 212.8998794555664 255.02240504817252 0.0 0.0 0.0 0.0 0.0 0.0 0.0
609 1303.7435064315796 204.8190689086914 253.2965571316374 0.0 0.0 0.0 0.0 0.0 0.0 0.0
613 1327.9859380722046 200.7786636352539 253.62884431778227 0.0 0.0 0.0 0.0 0.0 0.0 0.0
629 1384.5516119003296 196.7382583618164 255.99757631144502 0.0 0.0 0.0 0.0 0.0 0.0 0.0
645 1420.915259361267 188.65747833251953 254.9612360484145 0.0 0.0 0.0 0.0 0.0 0.0 0.0
661 1469.400122642517 188.65747833251953 257.9534186614297 0.0 0.0 0.0 0.0 0.0 0.0 0.0
674 1477.480933189392 184.61707305908203 256.4132499612365 0.0 0.0 0.0 0.0 0.0 0.0 0.0
675 1493.642554283142 184.61707305908203 257.481444352886 0.0 0.0 0.0 0.0 0.0 0.0 0.0
681 1513.8445806503296 184.61707305908203 258.60473936590506 0.0 0.0 0.0 0.0 0.0 0.0 0.0
693 1534.046607017517 184.61707305908203 259.54940114812973 0.0 0.0 0.0 0.0 0.0 0.0 0.0
697 1550.208228111267 184.61707305908203 260.205732307112 0.0 0.0 0.0 0.0 0.0 0.0 0.0
715 1574.4505376815796 184.61707305908203 261.0078281549011 0.0 0.0 0.0 0.0 0.0 0.0 0.0
727 1586.571753501892 184.61707305908203 261.36792928388564 0.0 0.0 0.0 0.0 0.0 0.0 0.0
731 1594.652564048767 184.61707305908203 261.5910488782102 0.0 0.0 0.0 0.0 0.0 0.0 0.0
743 1614.8545904159546 184.61707305908203 262.05991345527156 0.0 0.0 0.0 0.0 0.0 0.0 0.0
751 1626.975806236267 184.61707305908203 262.3124727573461 0.0 0.0 0.0 0.0 0.0 0.0 0.0
765 1643.137427330017 184.61707305908203 262.6048358483636 0.0 0.0 0.0 0.0 0.0 0.0 0.0
767 1647.1778326034546 184.61707305908203 262.67524416596996 0.0 0.0 0.0 0.0 0.0 0.0 0.0
781 1663.3394536972046 184.61707305908203 262.9197733980922 0.0 0.0 0.0 0.0 0.0 0.0 0.0
784 1675.460669517517 184.61707305908203 263.0844238509863 0.0 0.0 0.0 0.0 0.0 0.0 0.0
796 1691.622290611267 184.61707305908203 263.2749949757509 0.0 0.0 0.0 0.0 0.0 0.0 0.0
799 1711.8243169784546 184.61707305908203 263.4752082947584 0.0 0.0 0.0 0.0 0.0 0.0 0.0
817 1740.107153892517 184.61707305908203 263.6966466804395 0.0 0.0 0.0 0.0 0.0 0.0 0.0
821 1748.187964439392 188.65747833251953 265.77805646026025 0.0 0.0 0.0 0.0 0.0 0.0 0.0
834 1764.349585533142 188.65747833251953 265.6133736856777 0.0 0.0 0.0 0.0 0.0 0.0 0.0
838 1776.4708013534546 188.65747833251953 265.502498174273 0.0 0.0 0.0 0.0 0.0 0.0 0.0
853 1800.7132329940796 192.69788360595703 267.0928375803825 0.0 0.0 0.0 0.0 0.0 0.0 0.0
872 1816.8748540878296 200.7786636352539 270.51583991825566 0.0 0.0 0.0 0.0 0.0 0.0 0.0
875 1824.9556646347046 204.8190689086914 272.09994390858367 0.0 0.0 0.0 0.0 0.0 0.0 0.0
887 1837.076880455017 212.8998794555664 275.1732301512833 0.0 0.0 0.0 0.0 0.0 0.0 0.0
892 1845.157691001892 216.9402847290039 276.40715104549236 0.0 0.0 0.0 0.0 0.0 0.0 0.0
899 1861.319312095642 220.9806900024414 276.6994031600804 0.0 0.0 0.0 0.0 0.0 0.0 0.0
909 1873.4405279159546 225.0210952758789 277.3702879534765 0.0 0.0 0.0 0.0 0.0 0.0 0.0
916 1885.561743736267 229.0615005493164 277.9695102603084 0.0 0.0 0.0 0.0 0.0 0.0 0.0
928 1889.6021490097046 233.1019058227539 279.50950524845473 0.0 0.0 0.0 0.0 0.0 0.0 0.0
929 1901.723364830017 237.1423110961914 279.8798216911668 0.0 0.0 0.0 0.0 0.0 0.0 0.0
950 1930.0062017440796 249.2635269165039 281.63837757560776 0.0 0.0 0.0 0.0 0.0 0.0 0.0
955 1946.1678228378296 253.3039321899414 281.2224391059802 0.0 0.0 0.0 0.0 0.0 0.0 0.0
967 1958.2889165878296 257.3443374633789 281.40923571715734 0.0 0.0 0.0 0.0 0.0 0.0 0.0
970 1974.4505376815796 265.4251480102539 282.8115121707455 0.0 0.0 0.0 0.0 0.0 0.0 0.0
982 1986.571753501892 273.5059585571289 284.6525520543479 0.0 0.0 0.0 0.0 0.0 0.0 0.0
985 1994.652564048767 277.5463638305664 285.1560409123647 0.0 0.0 0.0 0.0 0.0 0.0 0.0
991 2006.7737798690796 289.6675796508789 288.4749929807887 0.0 0.0 0.0 0.0 0.0 0.0 0.0
1005 2018.894995689392 297.7483596801758 289.6450032495386 0.0 0.0 0.0 0.0 0.0 0.0 0.0
1020 2035.056616783142 305.8291702270508 289.85544909075753 0.0 0.0 0.0 0.0 0.0 0.0 0.0
1023 2043.137427330017 309.8695755004883 289.9524298121481 0.0 0.0 0.0 0.0 0.0 0.0 0.0
1039 2047.1778326034546 309.8695755004883 289.0492012756372 0.0 0.0 0.0 0.0 0.0 0.0 0.0
1059 2055.2586431503296 317.9503860473633 291.0052178991261 0.0 0.0 0.0 0.0 0.0 0.0 0.0
1073 2071.420386314392 330.0716018676758 292.65895927897174 0.0 0.0 0.0 0.0 0.0 0.0 0.0
1078 2079.501196861267 338.1524124145508 294.278390246433 0.0 0.0 0.0 0.0 0.0 0.0 0.0
1088 2087.582007408142 346.2332229614258 295.7451856786401 0.0 0.0 0.0 0.0 0.0 0.0 0.0
1093 2099.703101158142 350.2736282348633 294.38263999758533 0.0 0.0 0.0 0.0 0.0 0.0 0.0
1105 2107.783911705017 358.3544387817383 295.8395766343527 0.0 0.0 0.0 0.0 0.0 0.0 0.0
1109 2115.864722251892 370.4756546020508 298.78695596418197 0.0 0.0 0.0 0.0 0.0 0.0 0.0
1124 2127.986060142517 382.5968704223633 300.27240015304164 0.0 0.0 0.0 0.0 0.0 0.0 0.0
1132 2132.026343345642 386.6372756958008 300.7426087733448 0.0 0.0 0.0 0.0 0.0 0.0 0.0
1142 2140.107153892517 390.67765045166016 299.9900791778279 0.0 0.0 0.0 0.0 0.0 0.0 0.0
1147 2148.187964439392 398.75846099853516 300.91240298047626 0.0 0.0 0.0 0.0 0.0 0.0 0.0
1156 2148.187964439392 402.79886627197266 302.6253358908708 0.0 0.0 0.0 0.0 0.0 0.0 0.0
1168 2152.228247642517 406.8393020629883 302.97665063626266 0.0 0.0 0.0 0.0 0.0 0.0 0.0
1171 2164.349585533142 410.8797073364258 300.86123326566667 0.0 0.0 0.0 0.0 0.0 0.0 0.0
1177 2168.389868736267 418.9605178833008 302.9216496321369 0.0 0.0 0.0 0.0 0.0 0.0 0.0
1192 2172.430396080017 427.0413284301758 304.8335983348543 0.0 0.0 0.0 0.0 0.0 0.0 0.0
1207 2184.551489830017 435.1221389770508 304.0380915630978 0.0 0.0 0.0 0.0 0.0 0.0 0.0
1220 2188.592017173767 447.24329376220703 307.3494906955362 0.0 0.0 0.0 0.0 0.0 0.0 0.0
1226 2192.632300376892 455.32410430908203 308.9363225821081 0.0 0.0 0.0 0.0 0.0 0.0 0.0
1236 2196.672827720642 459.36450958251953 308.9664745702165 0.0 0.0 0.0 0.0 0.0 0.0 0.0
1241 2196.672827720642 463.40491485595703 310.47979302505667 0.0 0.0 0.0 0.0 0.0 0.0 0.0
1248 2200.713110923767 471.48572540283203 311.83207429519905 0.0 0.0 0.0 0.0 0.0 0.0 0.0
1266 2204.753638267517 487.64734649658203 315.6103157532458 0.0 0.0 0.0 0.0 0.0 0.0 0.0
1279 2216.874732017517 495.72815704345703 313.5370587890577 0.0 0.0 0.0 0.0 0.0 0.0 0.0
1280 2220.915259361267 503.80896759033203 314.6571467067737 0.0 0.0 0.0 0.0 0.0 0.0 0.0
1287 2228.996069908142 515.9301834106445 315.40089823817937 0.0 0.0 0.0 0.0 0.0 0.0 0.0
1300 2233.036353111267 524.0109939575195 316.37837342393686 0.0 0.0 0.0 0.0 0.0 0.0 0.0
1304 2237.076880455017 540.1726150512695 319.58263639006833 0.0 0.0 0.0 0.0 0.0 0.0 0.0
1314 2245.157691001892 548.2534255981445 318.61101117807436 0.0 0.0 0.0 0.0 0.0 0.0 0.0
1329 2253.238501548767 552.293830871582 316.52117695613117 0.0 0.0 0.0 0.0 0.0 0.0 0.0
1333 2257.278784751892 560.374641418457 317.41239441178305 0.0 0.0 0.0 0.0 0.0 0.0 0.0
1347 2265.359595298767 568.455451965332 316.6494620283096 0.0 0.0 0.0 0.0 0.0 0.0 0.0
1349 2269.400122642517 572.4958572387695 316.28726708861984 0.0 0.0 0.0 0.0 0.0 0.0 0.0
1358 2273.440405845642 576.536262512207 315.94348037547445 0.0 0.0 0.0 0.0 0.0 0.0 0.0
1368 2277.480933189392 580.5766677856445 315.6170528547308 0.0 0.0 0.0 0.0 0.0 0.0 0.0
1371 2281.521216392517 588.6574783325195 316.5779207650141 0.0 0.0 0.0 0.0 0.0 0.0 0.0
1379 2289.602026939392 596.7382888793945 315.8954422408177 0.0 0.0 0.0 0.0 0.0 0.0 0.0
1395 2297.682837486267 612.8999099731445 317.6399995700748 0.0 0.0 0.0 0.0 0.0 0.0 0.0
1410 2305.763648033142 616.940315246582 315.6196283861545 0.0 0.0 0.0 0.0 0.0 0.0 0.0
1412 2309.804175376892 620.9807205200195 315.30960741037 0.0 0.0 0.0 0.0 0.0 0.0 0.0
1422 2313.844458580017 625.021125793457 315.0154569683905 0.0 0.0 0.0 0.0 0.0 0.0 0.0
1427 2317.884985923767 629.0615310668945 314.73608061922806 0.0 0.0 0.0 0.0 0.0 0.0 0.0
1440 2321.925269126892 633.1018753051758 314.4710335630168 0.0 0.0 0.0 0.0 0.0 0.0 0.0
1465 2325.965796470642 633.1018753051758 312.8454666805503 0.0 0.0 0.0 0.0 0.0 0.0 0.0
1473 2330.006079673767 633.1018753051758 311.26067227637714 0.0 0.0 0.0 0.0 0.0 0.0 0.0
1481 2330.006079673767 637.1422805786133 312.7118721650466 0.0 0.0 0.0 0.0 0.0 0.0 0.0
1491 2334.046607017517 637.1422805786133 311.1303706478124 0.0 0.0 0.0 0.0 0.0 0.0 0.0
1513 2338.086890220642 641.1826858520508 311.04885446670005 0.0 0.0 0.0 0.0 0.0 0.0 0.0
1526 2342.127417564392 645.2230911254883 310.97140874736533 0.0 0.0 0.0 0.0 0.0 0.0 0.0
1527 2346.167700767517 649.2634963989258 310.8979872381143 0.0 0.0 0.0 0.0 0.0 0.0 0.0
1535 2354.248511314392 653.3039016723633 309.37163164489925 0.0 0.0 0.0 0.0 0.0 0.0 0.0
1551 2374.450659751892 669.4655227661133 308.163310100352 0.0 0.0 0.0 0.0 0.0 0.0 0.0
1563 2378.490942955017 673.5059280395508 308.2329442153267 0.0 0.0 0.0 0.0 0.0 0.0 0.0
1566 2390.612280845642 677.5463333129883 305.58492373552804 0.0 0.0 0.0 0.0 0.0 0.0 0.0
1580 2398.693091392517 681.5867385864258 304.45998503180135 0.0 0.0 0.0 0.0 0.0 0.0 0.0
1581 2406.773901939392 689.6675491333008 304.9513436847247 0.0 0.0 0.0 0.0 0.0 0.0 0.0
1597 2410.814185142517 689.6675491333008 303.58015985638474 0.0 0.0 0.0 0.0 0.0 0.0 0.0
1605 2418.894995689392 693.7079544067383 302.608750659656 0.0 0.0 0.0 0.0 0.0 0.0 0.0
1615 2426.975806236267 697.7483596801758 301.7121020886825 0.0 0.0 0.0 0.0 0.0 0.0 0.0
1619 2426.975806236267 701.7887649536133 303.4066137404496 0.0 0.0 0.0 0.0 0.0 0.0 0.0
1634 2435.056616783142 709.8695755004883 303.9997964916748 0.0 0.0 0.0 0.0 0.0 0.0 0.0
1635 2439.097144126892 713.9099807739258 304.2812515130297 0.0 0.0 0.0 0.0 0.0 0.0 0.0
1643 2439.097144126892 717.9503860473633 305.91433639847196 0.0 0.0 0.0 0.0 0.0 0.0 0.0
1659 2447.177954673767 717.9503860473633 303.19398355071985 0.0 0.0 0.0 0.0 0.0 0.0 0.0
1672 2451.218237876892 717.9503860473633 301.8737298034736 0.0 0.0 0.0 0.0 0.0 0.0 0.0
1675 2455.258765220642 721.9907913208008 302.26297720382865 0.0 0.0 0.0 0.0 0.0 0.0 0.0
1687 2459.299048423767 726.0311965942383 302.6325757120491 0.0 0.0 0.0 0.0 0.0 0.0 0.0
1689 2463.339575767517 726.0311965942383 301.32882430527513 0.0 0.0 0.0 0.0 0.0 0.0 0.0
1708 2475.460669517517 734.1120071411133 300.9544566194481 0.0 0.0 0.0 0.0 0.0 0.0 0.0
1714 2479.501196861267 738.1524124145508 301.39017568838085 0.0 0.0 0.0 0.0 0.0 0.0 0.0
1728 2487.582007408142 746.2332229614258 302.1778827470439 0.0 0.0 0.0 0.0 0.0 0.0 0.0
1729 2503.743628501892 754.3140335083008 300.5746700438555 0.0 0.0 0.0 0.0 0.0 0.0 0.0
1745 2519.905249595642 766.4352493286133 300.7063103056169 0.0 0.0 0.0 0.0 0.0 0.0 0.0
1751 2523.945532798767 766.4352493286133 299.46012916067247 0.0 0.0 0.0 0.0 0.0 0.0 0.0
1765 2540.107153892517 770.4756546020508 296.67059204001237 0.0 0.0 0.0 0.0 0.0 0.0 0.0
1768 2552.228247642517 770.4756546020508 293.5061001149004 0.0 0.0 0.0 0.0 0.0 0.0 0.0
1779 2556.268774986267 770.4756546020508 292.48579987439973 0.0 0.0 0.0 0.0 0.0 0.0 0.0
1801 2568.389868736267 770.4756546020508 289.7071681909428 0.0 0.0 0.0 0.0 0.0 0.0 0.0
1817 2572.430396080017 770.4756546020508 288.81210934309127 0.0 0.0 0.0 0.0 0.0 0.0 0.0
1836 2576.470679283142 770.4756546020508 287.947189656845 0.0 0.0 0.0 0.0 0.0 0.0 0.0
1837 2580.511206626892 766.4352493286133 285.14288315129966 0.0 0.0 0.0 0.0 0.0 0.0 0.0
1845 2592.632300376892 758.3544387817383 279.262671909404 0.0 0.0 0.0 0.0 0.0 0.0 0.0
1859 2600.713110923767 750.2736282348633 274.2323000839893 0.0 0.0 0.0 0.0 0.0 0.0 0.0
1862 2624.955542564392 738.1524124145508 267.10490573180266 0.0 0.0 0.0 0.0 0.0 0.0 0.0
1873 2649.197974205017 726.0311965942383 261.3098319732057 0.0 0.0 0.0 0.0 0.0 0.0 0.0
1875 2669.400122642517 717.9503860473633 258.1848591651313 0.0 0.0 0.0 0.0 0.0 0.0 0.0
1895 2713.844458580017 689.6675491333008 249.60025308640797 0.0 0.0 0.0 0.0 0.0 0.0 0.0
1912 2746.167700767517 673.5059280395508 246.65707080069572 0.0 0.0 0.0 0.0 0.0 0.0 0.0
1917 2754.248511314392 669.4655227661133 245.97860765803313 0.0 0.0 0.0 0.0 0.0 0.0 0.0
1928 2766.369849205017 665.4251174926758 245.99105728225436 0.0 0.0 0.0 0.0 0.0 0.0 0.0
1931 2774.450659751892 657.3443069458008 243.4904225126958 0.0 0.0 0.0 0.0 0.0 0.0 0.0
1943 2778.490942955017 653.3039016723633 242.29912305059003 0.0 0.0 0.0 0.0 0.0 0.0 0.0
1945 2786.571753501892 649.2634963989258 241.96002371241846 0.0 0.0 0.0 0.0 0.0 0.0 0.0
1969 2798.693091392517 637.1422805786133 238.89663842331134 0.0 0.0 0.0 0.0 0.0 0.0 0.0
1977 2810.814185142517 629.0615310668945 237.92824779294412 0.0 0.0 0.0 0.0 0.0 0.0 0.0
1985 2822.935523033142 625.021125793457 238.8018974202276 0.0 0.0 0.0 0.0 0.0 0.0 0.0
1995 2839.097144126892 616.940315246582 238.68031916416885 0.0 0.0 0.0 0.0 0.0 0.0 0.0
1999 2847.177954673767 612.8999099731445 238.62425298849206 0.0 0.0 0.0 0.0 0.0 0.0 0.0
2018 2883.541480064392 588.6574783325195 236.35927001698562 0.0 0.0 0.0 0.0 0.0 0.0 0.0
2024 2891.622290611267 584.617073059082 236.48490618001767 0.0 0.0 0.0 0.0 0.0 0.0 0.0
2034 2903.743628501892 572.4958572387695 234.1531670719237 0.0 0.0 0.0 0.0 0.0 0.0 0.0
2039 2923.945532798767 556.3342361450195 232.53539679745285 0.0 0.0 0.0 0.0 0.0 0.0 0.0
2059 2956.268774986267 540.1726150512695 233.91138032600927 0.0 0.0 0.0 0.0 0.0 0.0 0.0
2063 2972.430396080017 536.132209777832 236.1368669373501 0.0 0.0 0.0 0.0 0.0 0.0 0.0
2073 2996.672827720642 515.9301834106445 233.53294980189787 0.0 0.0 0.0 0.0 0.0 0.0 0.0
2077 3008.793921470642 507.84937286376953 233.20855687110281 0.0 0.0 0.0 0.0 0.0 0.0 0.0
2088 3020.915259361267 491.68775177001953 229.77600687291113 0.0 0.0 0.0 0.0 0.0 0.0 0.0
2093 3033.036353111267 483.60694122314453 229.9040814672432 0.0 0.0 0.0 0.0 0.0 0.0 0.0
2107 3049.197974205017 475.52613067626953 231.07211576494575 0.0 0.0 0.0 0.0 0.0 0.0 0.0
2109 3057.278784751892 467.44532012939453 229.95784830841708 0.0 0.0 0.0 0.0 0.0 0.0 0.0
2123 3077.480933189392 451.28369903564453 229.15841003955015 0.0 0.0 0.0 0.0 0.0 0.0 0.0
2131 3085.561743736267 443.20288848876953 228.2275037788936 0.0 0.0 0.0 0.0 0.0 0.0 0.0
2142 3097.682837486267 435.1221389770508 228.54202336924465 0.0 0.0 0.0 0.0 0.0 0.0 0.0
2147 3101.723364830017 418.9605178833008 223.40860493908153 0.0 0.0 0.0 0.0 0.0 0.0 0.0
2162 3109.804175376892 410.8797073364258 223.03245854355686 0.0 0.0 0.0 0.0 0.0 0.0 0.0
2163 3117.884985923767 406.8393020629883 224.19111008166254 0.0 0.0 0.0 0.0 0.0 0.0 0.0
2177 3134.046607017517 390.67765045166016 223.36710147708683 0.0 0.0 0.0 0.0 0.0 0.0 0.0
2179 3146.167700767517 382.5968704223633 224.26546851416 0.0 0.0 0.0 0.0 0.0 0.0 0.0
2192 3158.289038658142 366.4352493286133 222.22190805730867 0.0 0.0 0.0 0.0 0.0 0.0 0.0
2193 3170.410132408142 358.3544387817383 223.25731222769247 0.0 0.0 0.0 0.0 0.0 0.0 0.0
2201 3174.450659751892 350.2736282348633 221.55596614620282 0.0 0.0 0.0 0.0 0.0 0.0 0.0
2216 3182.531470298767 346.2332229614258 222.82684022121362 0.0 0.0 0.0 0.0 0.0 0.0 0.0
2217 3194.652564048767 342.1928176879883 225.27374161685947 0.0 0.0 0.0 0.0 0.0 0.0 0.0
2230 3202.733374595642 334.1120071411133 224.71711537799223 0.0 0.0 0.0 0.0 0.0 0.0 0.0
2234 3206.773901939392 330.0716018676758 224.4529986186279 0.0 0.0 0.0 0.0 0.0 0.0 0.0
2247 3226.975806236267 317.9503860473633 226.03726599218385 0.0 0.0 0.0 0.0 0.0 0.0 0.0
2255 3235.056616783142 309.8695755004883 225.40689297483587 0.0 0.0 0.0 0.0 0.0 0.0 0.0
2272 3251.218237876892 301.7887649536133 227.2213923894113 0.0 0.0 0.0 0.0 0.0 0.0 0.0
2286 3259.299048423767 293.7079544067383 226.47684002645894 0.0 0.0 0.0 0.0 0.0 0.0 0.0
2288 3271.420386314392 289.6675796508789 228.55172939043717 0.0 0.0 0.0 0.0 0.0 0.0 0.0
2295 3279.501196861267 285.6271743774414 229.28599071330467 0.0 0.0 0.0 0.0 0.0 0.0 0.0
2307 3287.582007408142 285.6271743774414 231.64962589809727 0.0 0.0 0.0 0.0 0.0 0.0 0.0
2309 3291.622290611267 285.6271743774414 232.79438560289972 0.0 0.0 0.0 0.0 0.0 0.0 0.0
2324 3303.743628501892 281.5867691040039 234.2116305253994 0.0 0.0 0.0 0.0 0.0 0.0 0.0
2325 3311.824194908142 277.5463638305664 234.50516627608602 0.0 0.0 0.0 0.0 0.0 0.0 0.0
2333 3323.945532798767 273.5059585571289 235.74201893399572 0.0 0.0 0.0 0.0 0.0 0.0 0.0
2347 3332.026343345642 269.4655532836914 235.91596079203163 0.0 0.0 0.0 0.0 0.0 0.0 0.0
2349 3344.147437095642 269.4655532836914 238.7559303999363 0.0 0.0 0.0 0.0 0.0 0.0 0.0
2362 3352.228247642517 265.4251480102539 238.69398071134194 0.0 0.0 0.0 0.0 0.0 0.0 0.0
2363 3360.309058189392 261.3847427368164 238.63688309020188 0.0 0.0 0.0 0.0 0.0 0.0 0.0
2378 3364.349585533142 261.3847427368164 239.5557642000142 0.0 0.0 0.0 0.0 0.0 0.0 0.0
2379 3372.430396080017 261.3847427368164 241.2745220917139 0.0 0.0 0.0 0.0 0.0 0.0 0.0
2387 3380.511206626892 257.3443374633789 241.01551239633267 0.0 0.0 0.0 0.0 0.0 0.0 0.0
2402 3392.632300376892 253.3039321899414 241.55962611251036 0.0 0.0 0.0 0.0 0.0 0.0 0.0
2403 3404.753638267517 249.2635269165039 242.04559195586538 0.0 0.0 0.0 0.0 0.0 0.0 0.0
2413 3420.915259361267 245.2231216430664 243.18683656133686 0.0 0.0 0.0 0.0 0.0 0.0 0.0
2420 3428.996069908142 241.1827163696289 242.77843165135224 0.0 0.0 0.0 0.0 0.0 0.0 0.0
2431 3445.157691001892 241.1827163696289 245.60313156487422 0.0 0.0 0.0 0.0 0.0 0.0 0.0
2435 3449.197974205017 237.1423110961914 244.31284378206112 0.0 0.0 0.0 0.0 0.0 0.0 0.0
2447 3461.319312095642 237.1423110961914 246.35024661218574 0.0 0.0 0.0 0.0 0.0 0.0 0.0
2449 3473.440405845642 237.1423110961914 248.1875857416751 0.0 0.0 0.0 0.0 0.0 0.0 0.0
2457 3493.642554283142 233.1019058227539 249.00346166318758 0.0 0.0 0.0 0.0 0.0 0.0 0.0
2476 3521.925269126892 229.0615005493164 250.5673313567665 0.0 0.0 0.0 0.0 0.0 0.0 0.0
2487 3530.006079673767 229.0615005493164 251.54533516748543 0.0 0.0 0.0 0.0 0.0 0.0 0.0
2490 3538.086890220642 229.0615005493164 252.4558149777756 0.0 0.0 0.0 0.0 0.0 0.0 0.0
2495 3546.167700767517 229.0615005493164 253.30322570903377 0.0 0.0 0.0 0.0 0.0 0.0 0.0
2509 3550.208228111267 229.0615005493164 253.7116934696724 0.0 0.0 0.0 0.0 0.0 0.0 0.0
2525 3554.248511314392 229.0615005493164 254.10545777472268 0.0 0.0 0.0 0.0 0.0 0.0 0.0
2527 3558.289038658142 229.0615005493164 254.48505239157777 0.0 0.0 0.0 0.0 0.0 0.0 0.0
2542 3562.329321861267 229.0615005493164 254.85092930494886 0.0 0.0 0.0 0.0 0.0 0.0 0.0
2566 3574.450659751892 229.0615005493164 255.83764016845527 0.0 0.0 0.0 0.0 0.0 0.0 0.0
2573 3578.490942955017 229.0615005493164 256.15462483185405 0.0 0.0 0.0 0.0 0.0 0.0 0.0
2581 3598.693091392517 229.0615005493164 257.48858336038694 0.0 0.0 0.0 0.0 0.0 0.0 0.0
2591 3610.814185142517 229.0615005493164 258.2075341693288 0.0 0.0 0.0 0.0 0.0 0.0 0.0
2597 3626.975806236267 237.1423110961914 262.8224866040422 0.0 0.0 0.0 0.0 0.0 0.0 0.0
2610 3647.177954673767 241.1827163696289 264.92422344364314 0.0 0.0 0.0 0.0 0.0 0.0 0.0
2613 3663.339575767517 241.1827163696289 264.87215535753944 0.0 0.0 0.0 0.0 0.0 0.0 0.0
2628 3695.662817955017 241.1827163696289 264.7922990948814 0.0 0.0 0.0 0.0 0.0 0.0 0.0
2643 3707.783911705017 245.2231216430664 266.71805018023616 0.0 0.0 0.0 0.0 0.0 0.0 0.0
2668 3711.824194908142 245.2231216430664 266.63797517711384 0.0 0.0 0.0 0.0 0.0 0.0 0.0