0 2000.0 1500.0 0 0.0 0.0 0.0 0.0 0.0 0.0 0.0
71 2000.0 1500.0 0 0.0 0.0 0.0 0.0 0.0 0.0 0.0
79 2000.0 1500.0 0 0.0 0.0 0.0 0.0 0.0 0.0 0.0
87 2000.0 1500.0 0 0.0 0.0 0.0 0.0 0.0 0.0 0.0
111 2000.0 1500.0 0 0.0 0.0 0.0 0.0 0.0 0.0 0.0
127 2000.0 1500.0 0 0.0 0.0 0.0 0.0 0.0 0.0 0.0
135 2000.0 1500.0 0 0.0 0.0 0.0 0.0 0.0 0.0 0.0
151 2000.0 1500.0 0 0.0 0.0 0.0 0.0 0.0 0.0 0.0
159 2000.0 1500.0 0 0.0 0.0 0.0 0.0 0.0 0.0 0.0
167 2000.0 1500.0 0 0.0 0.0 0.0 0.0 0.0 0.0 0.0
183 2000.0 1500.0 0 0.0 0.0 0.0 0.0 0.0 0.0 0.0
191 2000.0 1500.0 0 0.0 0.0 0.0 0.0 0.0 0.0 0.0
199 2000.0 1500.0 0 0.0 0.0 0.0 0.0 0.0 0.0 0.0
207 2000.0 1500.0 0 0.0 0.0 0.0 0.0 0.0 0.0 0.0
223 1992.3427734375 1497.4476318359375 358.34544686702054 0.0 0.0 0.0 0.0 0.0 0.0 0.0
231 1984.685546875 1492.3427734375 357.7919903270633 0.0 0.0 0.0 0.0 0.0 0.0 0.0
239 1977.0284423828125 1487.238037109375 357.2827061663115 0.0 0.0 0.0 0.0 0.0 0.0 0.0
247 1969.3712158203125 1487.238037109375 354.77658712578545 0.0 0.0 0.0 0.0 0.0 0.0 0.0
263 1956.6092529296875 1482.1331787109375 353.03475550263613 0.0 0.0 0.0 0.0 0.0 0.0 0.0
271 1948.9520263671875 1477.0284423828125 352.90649315070465 0.0 0.0 0.0 0.0 0.0 0.0 0.0
279 1933.6376953125 1469.3712158203125 351.7088145465261 0.0 0.0 0.0 0.0 0.0 0.0 0.0
287 1920.875732421875 1459.16162109375 352.3386454878394 0.0 0.0 0.0 0.0 0.0 0.0 0.0
303 1900.45654296875 1448.9520263671875 350.9126879035722 0.0 0.0 0.0 0.0 0.0 0.0 0.0
311 1885.1422119140625 1433.6376953125 352.9210127627582 0.0 0.0 0.0 0.0 0.0 0.0 0.0
319 1862.170654296875 1415.77099609375 353.5049461495309 0.0 0.0 0.0 0.0 0.0 0.0 0.0
337 1839.1990966796875 1400.45654296875 353.075882846809 0.0 0.0 0.0 0.0 0.0 0.0 0.0
343 1823.884765625 1385.1422119140625 354.71921134031777 0.0 0.0 0.0 0.0 0.0 0.0 0.0
351 1811.122802734375 1374.9326171875 354.94553341230164 0.0 0.0 0.0 0.0 0.0 0.0 0.0
359 1800.9132080078125 1364.7230224609375 355.88299399627306 0.0 0.0 0.0 0.0 0.0 0.0 0.0
375 1795.808349609375 1359.6182861328125 356.32181436152905 0.0 0.0 0.0 0.0 0.0 0.0 0.0
383 1785.5987548828125 1349.40869140625 357.0943990932366 0.0 0.0 0.0 0.0 0.0 0.0 0.0
391 1780.4940185546875 1341.75146484375 358.4404088141 0.0 0.0 0.0 0.0 0.0 0.0 0.0
399 1770.284423828125 1328.989501953125 359.86363629341827 0.0 0.0 0.0 0.0 0.0 0.0 0.0
415 1762.627197265625 1316.2275390625 1.9359098190251984 0.0 0.0 0.0 0.0 0.0 0.0 0.0
423 1749.865234375 1298.36083984375 3.7009673863865373 0.0 0.0 0.0 0.0 0.0 0.0 0.0
431 1739.6556396484375 1283.04638671875 5.234695272073736 0.0 0.0 0.0 0.0 0.0 0.0 0.0
447 1729.4461669921875 1260.0748291015625 8.77400626554902 0.0 0.0 0.0 0.0 0.0 0.0 0.0
455 1721.7889404296875 1234.5509033203125 13.212433815439567 0.0 0.0 0.0 0.0 0.0 0.0 0.0
463 1711.579345703125 1211.579345703125 15.241505592203282 0.0 0.0 0.0 0.0 0.0 0.0 0.0
471 1706.474609375 1188.6077880859375 18.847210432334577 0.0 0.0 0.0 0.0 0.0 0.0 0.0
487 1701.3697509765625 1157.9791259765625 23.232373671341634 0.0 0.0 0.0 0.0 0.0 0.0 0.0
495 1696.2650146484375 1124.7979736328125 27.020845733057968 0.0 0.0 0.0 0.0 0.0 0.0 0.0
503 1688.6077880859375 1091.6168212890625 28.905617107248247 0.0 0.0 0.0 0.0 0.0 0.0 0.0
511 1686.055419921875 1071.1976318359375 30.810878651930466 0.0 0.0 0.0 0.0 0.0 0.0 0.0
527 1683.5030517578125 1043.1212768554688 33.27955236544682 0.0 0.0 0.0 0.0 0.0 0.0 0.0
535 1680.9505615234375 1015.044921875 35.23149897969489 0.0 0.0 0.0 0.0 0.0 0.0 0.0
543 1680.9505615234375 989.52099609375 37.660603273474635 0.0 0.0 0.0 0.0 0.0 0.0 0.0
551 1680.9505615234375 958.8922729492188 39.92552501684378 0.0 0.0 0.0 0.0 0.0 0.0 0.0
567 1680.9505615234375 928.2635498046875 41.68338784867831 0.0 0.0 0.0 0.0 0.0 0.0 0.0
575 1680.9505615234375 897.634765625 43.046874987249055 0.0 0.0 0.0 0.0 0.0 0.0 0.0
583 1680.9505615234375 867.0060424804688 44.10404560561574 0.0 0.0 0.0 0.0 0.0 0.0 0.0
599 1680.9505615234375 833.8248901367188 44.97556168805983 0.0 0.0 0.0 0.0 0.0 0.0 0.0
607 1686.055419921875 805.74853515625 47.749262441574274 0.0 0.0 0.0 0.0 0.0 0.0 0.0
615 1693.7125244140625 770.0150146484375 50.85269332671055 0.0 0.0 0.0 0.0 0.0 0.0 0.0
623 1698.8173828125 747.04345703125 52.567642726938004 0.0 0.0 0.0 0.0 0.0 0.0 0.0
639 1706.474609375 716.4147338867188 54.68693089681892 0.0 0.0 0.0 0.0 0.0 0.0 0.0
647 1716.68408203125 688.33837890625 57.55512485637678 0.0 0.0 0.0 0.0 0.0 0.0 0.0
655 1726.8936767578125 662.814453125 60.02638944943675 0.0 0.0 0.0 0.0 0.0 0.0 0.0
663 1737.103271484375 647.5000610351562 63.16329036951379 0.0 0.0 0.0 0.0 0.0 0.0 0.0
679 1752.417724609375 629.63330078125 67.68026018642308 0.0 0.0 0.0 0.0 0.0 0.0 0.0
687 1765.1796875 606.6617431640625 69.49587312322308 0.0 0.0 0.0 0.0 0.0 0.0 0.0
695 1777.941650390625 588.7949829101562 71.8593642225187 0.0 0.0 0.0 0.0 0.0 0.0 0.0
703 1800.9132080078125 570.92822265625 77.80880719929496 0.0 0.0 0.0 0.0 0.0 0.0 0.0
719 1818.7799072265625 550.5090637207031 80.07824950157186 0.0 0.0 0.0 0.0 0.0 0.0 0.0
727 1836.646728515625 537.7471008300781 83.84003487708083 0.0 0.0 0.0 0.0 0.0 0.0 0.0
735 1857.06591796875 517.3279418945312 85.75106571272426 0.0 0.0 0.0 0.0 0.0 0.0 0.0
751 1880.0374755859375 499.461181640625 88.79106610257514 0.0 0.0 0.0 0.0 0.0 0.0 0.0
759 1897.9041748046875 489.2515869140625 91.89423522591181 0.0 0.0 0.0 0.0 0.0 0.0 0.0
767 1920.875732421875 476.4896240234375 95.2217000861823 0.0 0.0 0.0 0.0 0.0 0.0 0.0
775 1943.8472900390625 463.7276306152344 97.89666021103824 0.0 0.0 0.0 0.0 0.0 0.0 0.0
791 1966.81884765625 450.9656677246094 100.04385132038357 0.0 0.0 0.0 0.0 0.0 0.0 0.0
799 1987.238037109375 440.756103515625 102.01916167795918 0.0 0.0 0.0 0.0 0.0 0.0 0.0
807 2002.5523681640625 433.0989074707031 103.29550606002078 0.0 0.0 0.0 0.0 0.0 0.0 0.0
815 2025.52392578125 425.44171142578125 106.26623111623189 0.0 0.0 0.0 0.0 0.0 0.0 0.0
831 2045.943115234375 420.3369445800781 109.1434180046009 0.0 0.0 0.0 0.0 0.0 0.0 0.0
839 2063.809814453125 417.7845458984375 112.0964631648053 0.0 0.0 0.0 0.0 0.0 0.0 0.0
847 2086.7813720703125 415.2321472167969 115.53298083410326 0.0 0.0 0.0 0.0 0.0 0.0 0.0
863 2107.2005615234375 415.2321472167969 119.08489464766362 0.0 0.0 0.0 0.0 0.0 0.0 0.0
871 2132.7244873046875 412.67974853515625 121.608050747952 0.0 0.0 0.0 0.0 0.0 0.0 0.0
879 2155.6961669921875 412.67974853515625 124.47438131926515 0.0 0.0 0.0 0.0 0.0 0.0 0.0
887 2178.6676025390625 410.1273498535156 125.71886389333687 0.0 0.0 0.0 0.0 0.0 0.0 0.0
903 2201.6392822265625 407.574951171875 126.74037821772924 0.0 0.0 0.0 0.0 0.0 0.0 0.0
911 2227.1632080078125 407.574951171875 128.87854274475325 0.0 0.0 0.0 0.0 0.0 0.0 0.0
919 2250.1346435546875 405.0225524902344 129.33284228930162 0.0 0.0 0.0 0.0 0.0 0.0 0.0
926 2273.1063232421875 402.47015380859375 129.70552604535447 0.0 0.0 0.0 0.0 0.0 0.0 0.0
943 2303.7349853515625 399.91778564453125 130.44492951095629 0.0 0.0 0.0 0.0 0.0 0.0 0.0
951 2331.8114013671875 397.3653869628906 130.8893448931652 0.0 0.0 0.0 0.0 0.0 0.0 0.0
959 2367.5447998046875 392.2605895996094 130.5647413518766 0.0 0.0 0.0 0.0 0.0 0.0 0.0
975 2398.1737060546875 389.70819091796875 131.11036050697106 0.0 0.0 0.0 0.0 0.0 0.0 0.0
983 2428.8023681640625 389.70819091796875 132.60247005239242 0.0 0.0 0.0 0.0 0.0 0.0 0.0
991 2459.4310302734375 389.70819091796875 133.75951417207335 0.0 0.0 0.0 0.0 0.0 0.0 0.0
999 2487.5074462890625 389.70819091796875 134.5974691985562 0.0 0.0 0.0 0.0 0.0 0.0 0.0
1015 2520.6885986328125 392.2605895996094 136.40583882194727 0.0 0.0 0.0 0.0 0.0 0.0 0.0
1023 2551.3172607421875 397.3653869628906 138.85693835050415 0.0 0.0 0.0 0.0 0.0 0.0 0.0
1031 2581.9459228515625 399.91778564453125 139.68109124784064 0.0 0.0 0.0 0.0 0.0 0.0 0.0
1039 2612.5748291015625 405.0225524902344 141.3912435647591 0.0 0.0 0.0 0.0 0.0 0.0 0.0
1055 2635.5462646484375 410.1273498535156 143.00856695318822 0.0 0.0 0.0 0.0 0.0 0.0 0.0
1063 2661.0701904296875 415.2321472167969 144.2046827874061 0.0 0.0 0.0 0.0 0.0 0.0 0.0
1071 2684.0418701171875 420.3369445800781 145.3110418624717 0.0 0.0 0.0 0.0 0.0 0.0 0.0
1079 2701.9085693359375 425.44171142578125 146.5638001984679 0.0 0.0 0.0 0.0 0.0 0.0 0.0
1095 2727.4324951171875 435.65130615234375 149.23777146604147 0.0 0.0 0.0 0.0 0.0 0.0 0.0
1103 2755.5089111328125 443.3084716796875 150.05149798327636 0.0 0.0 0.0 0.0 0.0 0.0 0.0
1111 2783.5853271484375 450.9656677246094 150.68939416053882 0.0 0.0 0.0 0.0 0.0 0.0 0.0
1127 2809.1092529296875 461.1752624511719 152.5176565993668 0.0 0.0 0.0 0.0 0.0 0.0 0.0
1135 2834.6331787109375 468.8324279785156 152.90652497228868 0.0 0.0 0.0 0.0 0.0 0.0 0.0
1143 2860.1571044921875 476.4896240234375 153.2169829776701 0.0 0.0 0.0 0.0 0.0 0.0 0.0
1151 2885.6810302734375 486.6991882324219 154.52474954566082 0.0 0.0 0.0 0.0 0.0 0.0 0.0
1167 2911.2049560546875 494.35638427734375 154.50881003027524 0.0 0.0 0.0 0.0 0.0 0.0 0.0
1175 2934.1766357421875 499.461181640625 153.73686395521057 0.0 0.0 0.0 0.0 0.0 0.0 0.0
1183 2959.7005615234375 507.11834716796875 153.87985158609527 0.0 0.0 0.0 0.0 0.0 0.0 0.0
1191 2987.7767333984375 517.3279418945312 154.72940606174842 0.0 0.0 0.0 0.0 0.0 0.0 0.0
1207 3018.4056396484375 522.4327392578125 153.02081226019442 0.0 0.0 0.0 0.0 0.0 0.0 0.0
1215 3046.4818115234375 530.0899047851562 153.0166677670161 0.0 0.0 0.0 0.0 0.0 0.0 0.0
1223 3077.1107177734375 540.2994995117188 153.75825821928274 0.0 0.0 0.0 0.0 0.0 0.0 0.0
1239 3110.2918701171875 547.9566650390625 153.02193878873976 0.0 0.0 0.0 0.0 0.0 0.0 0.0
1247 3140.9205322265625 553.0614624023438 151.7006537661621 0.0 0.0 0.0 0.0 0.0 0.0 0.0
1255 3163.8919677734375 560.7186584472656 152.53693036333985 0.0 0.0 0.0 0.0 0.0 0.0 0.0
1263 3186.8636474609375 565.8234558105469 152.12438954605773 0.0 0.0 0.0 0.0 0.0 0.0 0.0
1279 3212.3875732421875 573.4806213378906 152.59256658571726 0.0 0.0 0.0 0.0 0.0 0.0 0.0
1287 3237.9114990234375 578.5854187011719 151.8927771681533 0.0 0.0 0.0 0.0 0.0 0.0 0.0
1295 3260.8831787109375 583.690185546875 151.59771657424403 0.0 0.0 0.0 0.0 0.0 0.0 0.0
1303 3286.4071044921875 593.8997802734375 153.2390926128517 0.0 0.0 0.0 0.0 0.0 0.0 0.0
1319 3306.8262939453125 599.0045776367188 152.99682274105973 0.0 0.0 0.0 0.0 0.0 0.0 0.0
1326 3332.3502197265625 601.5569458007812 151.13468189977186 0.0 0.0 0.0 0.0 0.0 0.0 0.0
1335 3355.3216552734375 606.6617431640625 150.97792341842705 0.0 0.0 0.0 0.0 0.0 0.0 0.0
1343 3378.2933349609375 611.7665405273438 150.849723263351 0.0 0.0 0.0 0.0 0.0 0.0 0.0
1359 3398.7122802734375 614.3189697265625 149.87470912248634 0.0 0.0 0.0 0.0 0.0 0.0 0.0
1367 3424.2364501953125 619.4237060546875 149.7127040255382 0.0 0.0 0.0 0.0 0.0 0.0 0.0
1375 3442.1031494140625 624.5285034179688 150.30852866481794 0.0 0.0 0.0 0.0 0.0 0.0 0.0
1391 3465.0745849609375 632.1857299804688 151.40421889731923 0.0 0.0 0.0 0.0 0.0 0.0 0.0
1399 3485.4937744140625 637.29052734375 151.46719300705672 0.0 0.0 0.0 0.0 0.0 0.0 0.0
1407 3508.4654541015625 639.8428955078125 150.14237482909144 0.0 0.0 0.0 0.0 0.0 0.0 0.0
1415 3523.7796630859375 644.9476928710938 150.94312880131838 0.0 0.0 0.0 0.0 0.0 0.0 0.0
1431 3544.1988525390625 647.5000610351562 149.95285669684176 0.0 0.0 0.0 0.0 0.0 0.0 0.0
1439 3562.0655517578125 650.052490234375 149.35752538009223 0.0 0.0 0.0 0.0 0.0 0.0 0.0
1447 3577.3800048828125 652.6048583984375 149.08181938304693 0.0 0.0 0.0 0.0 0.0 0.0 0.0
1455 3595.2467041015625 655.1572875976562 148.61362231625156 0.0 0.0 0.0 0.0 0.0 0.0 0.0
1471 3615.6658935546875 660.2620849609375 149.14070073601414 0.0 0.0 0.0 0.0 0.0 0.0 0.0
1479 3633.5328369140625 662.814453125 148.66387277452168 0.0 0.0 0.0 0.0 0.0 0.0 0.0
1487 3656.5042724609375 665.3668212890625 147.84153617922516 0.0 0.0 0.0 0.0 0.0 0.0 0.0
1503 3676.9234619140625 670.4716186523438 148.49696095584034 0.0 0.0 0.0 0.0 0.0 0.0 0.0
1511 3697.3426513671875 673.0240478515625 147.90530296408878 0.0 0.0 0.0 0.0 0.0 0.0 0.0
1519 3710.1046142578125 675.576416015625 148.03173289504298 0.0 0.0 0.0 0.0 0.0 0.0 0.0
1526 3717.7618408203125 678.1288452148438 148.60955692211294 0.0 0.0 0.0 0.0 0.0 0.0 0.0
1543 3722.8665771484375 678.1288452148438 148.1106292961756 0.0 0.0 0.0 0.0 0.0 0.0 0.0
1551 3725.4190673828125 678.1288452148438 147.86695611723405 0.0 0.0 0.0 0.0 0.0 0.0 0.0
1567 3727.9713134765625 678.1288452148438 147.6289846204109 0.0 0.0 0.0 0.0 0.0 0.0 0.0
1575 3730.5238037109375 678.1288452148438 147.39653315482596 0.0 0.0 0.0 0.0 0.0 0.0 0.0
1591 3733.0760498046875 678.1288452148438 147.16949164600408 0.0 0.0 0.0 0.0 0.0 0.0 0.0
1599 3735.6285400390625 678.1288452148438 146.94774897669888 0.0 0.0 0.0 0.0 0.0 0.0 0.0
1607 3743.2857666015625 678.1288452148438 146.32705017814004 0.0 0.0 0.0 0.0 0.0 0.0 0.0
1623 3748.3905029296875 678.1288452148438 145.9321944471694 0.0 0.0 0.0 0.0 0.0 0.0 0.0
1631 3756.0477294921875 673.0240478515625 142.80152688557223 0.0 0.0 0.0 0.0 0.0 0.0 0.0
1639 3758.5999755859375 673.0240478515625 142.68221601045573 0.0 0.0 0.0 0.0 0.0 0.0 0.0
1647 3763.7049560546875 670.4716186523438 141.133891485706 0.0 0.0 0.0 0.0 0.0 0.0 0.0
1663 3766.2572021484375 667.9192504882812 139.7006127123597 0.0 0.0 0.0 0.0 0.0 0.0 0.0
1671 3768.8096923828125 667.9192504882812 139.65444132418523 0.0 0.0 0.0 0.0 0.0 0.0 0.0
1679 3773.9144287109375 665.3668212890625 138.2435848027094 0.0 0.0 0.0 0.0 0.0 0.0 0.0
1687 3773.9144287109375 662.814453125 136.8569565691562 0.0 0.0 0.0 0.0 0.0 0.0 0.0
1703 3779.0191650390625 660.2620849609375 135.57620317991643 0.0 0.0 0.0 0.0 0.0 0.0 0.0
1711 3781.5716552734375 657.7096557617188 134.27590221486292 0.0 0.0 0.0 0.0 0.0 0.0 0.0
1719 3784.1241455078125 652.6048583984375 131.66418882740868 0.0 0.0 0.0 0.0 0.0 0.0 0.0
1735 3786.6763916015625 647.5000610351562 129.12907390803878 0.0 0.0 0.0 0.0 0.0 0.0 0.0
1743 3791.7811279296875 642.395263671875 126.92519466583332 0.0 0.0 0.0 0.0 0.0 0.0 0.0
1751 3794.3336181640625 637.29052734375 124.54132972445865 0.0 0.0 0.0 0.0 0.0 0.0 0.0
1759 3796.8861083984375 632.1857299804688 122.23908301581065 0.0 0.0 0.0 0.0 0.0 0.0 0.0
1775 3801.9908447265625 627.0809326171875 120.41739578679233 0.0 0.0 0.0 0.0 0.0 0.0 0.0
1783 3804.5430908203125 621.9761352539062 118.26477802231267 0.0 0.0 0.0 0.0 0.0 0.0 0.0
1791 3809.6480712890625 616.871337890625 116.67390301922055 0.0 0.0 0.0 0.0 0.0 0.0 0.0
1799 3812.2003173828125 611.7665405273438 114.6657208676857 0.0 0.0 0.0 0.0 0.0 0.0 0.0
1815 3817.3050537109375 606.6617431640625 113.28926968510964 0.0 0.0 0.0 0.0 0.0 0.0 0.0
1823 3817.3050537109375 604.109375 112.03972959224748 0.0 0.0 0.0 0.0 0.0 0.0 0.0
1831 3819.8575439453125 601.5569458007812 111.41209646544303 0.0 0.0 0.0 0.0 0.0 0.0 0.0
1855 3819.8575439453125 599.0045776367188 110.18272709958393 0.0 0.0 0.0 0.0 0.0 0.0 0.0
1863 3819.8575439453125 596.4522094726562 108.96727788104519 0.0 0.0 0.0 0.0 0.0 0.0 0.0
1871 3822.4100341796875 596.4522094726562 109.62097225008847 0.0 0.0 0.0 0.0 0.0 0.0 0.0
1919 3822.4100341796875 593.8997802734375 108.41198522784617 0.0 0.0 0.0 0.0 0.0 0.0 0.0
1943 3824.9622802734375 591.347412109375 107.89934476285055 0.0 0.0 0.0 0.0 0.0 0.0 0.0
1959 3824.9622802734375 588.7949829101562 106.71109941204989 0.0 0.0 0.0 0.0 0.0 0.0 0.0
1991 3824.9622802734375 586.2426147460938 105.53776484768386 0.0 0.0 0.0 0.0 0.0 0.0 0.0
1999 3827.5147705078125 586.2426147460938 106.26205824921078 0.0 0.0 0.0 0.0 0.0 0.0 0.0
2007 3827.5147705078125 583.690185546875 105.09443350104038 0.0 0.0 0.0 0.0 0.0 0.0 0.0
2015 3827.5147705078125 581.1378173828125 103.94210852834618 0.0 0.0 0.0 0.0 0.0 0.0 0.0
2039 3830.0670166015625 578.5854187011719 103.57370003424597 0.0 0.0 0.0 0.0 0.0 0.0 0.0
2046 3830.0670166015625 576.0330200195312 102.44198771212643 0.0 0.0 0.0 0.0 0.0 0.0 0.0