0 2000.0 1500.0 0 0.0 0.0 0.0 0.0 0.0 0.0 0.0
111 2019.802001953125 1509.90087890625 -0.28650560640078027 0.0 0.0 0.0 0.0 0.0 0.0 0.0
138 2024.752685546875 1509.90087890625 -0.9321656986822404 0.0 0.0 0.0 0.0 0.0 0.0 0.0
140 2029.703125 1509.90087890625 -1.5647068407336207 0.0 0.0 0.0 0.0 0.0 0.0 0.0
156 2034.653564453125 1509.90087890625 -2.18432745515004 0.0 0.0 0.0 0.0 0.0 0.0 0.0
172 2039.60400390625 1509.90087890625 -2.7912667921819434 0.0 0.0 0.0 0.0 0.0 0.0 0.0
189 2044.554443359375 1509.90087890625 -3.385710675933396 0.0 0.0 0.0 0.0 0.0 0.0 0.0
204 2049.505126953125 1509.90087890625 -3.9678649384307505 0.0 0.0 0.0 0.0 0.0 0.0 0.0
221 2054.45556640625 1509.90087890625 -4.537858114173062 0.0 0.0 0.0 0.0 0.0 0.0 0.0
237 2059.406005859375 1509.90087890625 -5.095950002125946 0.0 0.0 0.0 0.0 0.0 0.0 0.0
268 2064.3564453125 1509.90087890625 -5.642352105366669 0.0 0.0 0.0 0.0 0.0 0.0 0.0
285 2069.30712890625 1509.90087890625 -6.177256637348947 0.0 0.0 0.0 0.0 0.0 0.0 0.0
300 2074.257568359375 1509.90087890625 -6.7007951470867795 0.0 0.0 0.0 0.0 0.0 0.0 0.0
316 2079.2080078125 1509.90087890625 -7.213224284568781 0.0 0.0 0.0 0.0 0.0 0.0 0.0
333 2084.158447265625 1509.90087890625 -7.714727870071869 0.0 0.0 0.0 0.0 0.0 0.0 0.0
364 2089.109130859375 1509.90087890625 -8.205546877820211 0.0 0.0 0.0 0.0 0.0 0.0 0.0
381 2094.0595703125 1509.90087890625 -8.685808696978256 0.0 0.0 0.0 0.0 0.0 0.0 0.0
396 2099.010009765625 1509.90087890625 -9.155726564783578 0.0 0.0 0.0 0.0 0.0 0.0 0.0
412 2103.96044921875 1509.90087890625 -9.615505990727002 0.0 0.0 0.0 0.0 0.0 0.0 0.0
429 2108.910888671875 1509.90087890625 -10.065332036405252 0.0 0.0 0.0 0.0 0.0 0.0 0.0
444 2113.861572265625 1509.90087890625 -10.50541698994806 0.0 0.0 0.0 0.0 0.0 0.0 0.0
459 2118.81201171875 1504.950439453125 -12.193240152069137 0.0 0.0 0.0 0.0 0.0 0.0 0.0
477 2128.712890625 1500.0 -14.206166471130842 0.0 0.0 0.0 0.0 0.0 0.0 0.0
492 2133.66357421875 1500.0 -14.555259184784944 0.0 0.0 0.0 0.0 0.0 0.0 0.0
509 2138.614013671875 1495.0494384765625 -16.177689512457633 0.0 0.0 0.0 0.0 0.0 0.0 0.0
525 2143.564453125 1495.0494384765625 -16.48281294405932 0.0 0.0 0.0 0.0 0.0 0.0 0.0
540 2153.46533203125 1490.0989990234375 -18.329393066058756 0.0 0.0 0.0 0.0 0.0 0.0 0.0
556 2158.416015625 1490.0989990234375 -18.586187936684368 0.0 0.0 0.0 0.0 0.0 0.0 0.0
573 2158.416015625 1485.1484375 -19.913940301377096 0.0 0.0 0.0 0.0 0.0 0.0 0.0
588 2163.366455078125 1485.1484375 -20.134879639774766 0.0 0.0 0.0 0.0 0.0 0.0 0.0
604 2168.31689453125 1485.1484375 -20.35081329169222 0.0 0.0 0.0 0.0 0.0 0.0 0.0
621 2173.267333984375 1480.197998046875 -21.866265247593816 0.0 0.0 0.0 0.0 0.0 0.0 0.0
637 2178.218017578125 1480.197998046875 -22.04285596780818 0.0 0.0 0.0 0.0 0.0 0.0 0.0
653 2183.16845703125 1480.197998046875 -22.21542856764009 0.0 0.0 0.0 0.0 0.0 0.0 0.0
669 2183.16845703125 1475.2474365234375 -23.554875421130916 0.0 0.0 0.0 0.0 0.0 0.0 0.0
684 2188.118896484375 1475.2474365234375 -23.692952560207033 0.0 0.0 0.0 0.0 0.0 0.0 0.0
700 2193.0693359375 1475.2474365234375 -23.827893237881142 0.0 0.0 0.0 0.0 0.0 0.0 0.0
717 2198.02001953125 1470.2969970703125 -25.272082295800445 0.0 0.0 0.0 0.0 0.0 0.0 0.0
732 2202.970458984375 1465.346435546875 -26.68523950493322 0.0 0.0 0.0 0.0 0.0 0.0 0.0
748 2207.9208984375 1460.39599609375 -28.06713015008266 0.0 0.0 0.0 0.0 0.0 0.0 0.0
764 2212.871337890625 1460.39599609375 -28.101807351098046 0.0 0.0 0.0 0.0 0.0 0.0 0.0
780 2217.82177734375 1455.4454345703125 -29.45164382189357 0.0 0.0 0.0 0.0 0.0 0.0 0.0
796 2227.722900390625 1450.4949951171875 -30.74340646421966 0.0 0.0 0.0 0.0 0.0 0.0 0.0
813 2232.67333984375 1450.4949951171875 -30.716653632876117 0.0 0.0 0.0 0.0 0.0 0.0 0.0
828 2237.623779296875 1445.5445556640625 -32.005233803917804 0.0 0.0 0.0 0.0 0.0 0.0 0.0
844 2242.574462890625 1440.593994140625 -33.262761378772055 0.0 0.0 0.0 0.0 0.0 0.0 0.0
861 2252.475341796875 1435.6435546875 -34.379372426182016 0.0 0.0 0.0 0.0 0.0 0.0 0.0
876 2257.42578125 1430.6929931640625 -35.5780616926931 0.0 0.0 0.0 0.0 0.0 0.0 0.0
892 2262.376220703125 1425.7425537109375 -36.74627729676898 0.0 0.0 0.0 0.0 0.0 0.0 0.0
908 2272.27734375 1425.7425537109375 -36.425139604382224 0.0 0.0 0.0 0.0 0.0 0.0 0.0
924 2277.227783203125 1420.7919921875 -37.5716041862447 0.0 0.0 0.0 0.0 0.0 0.0 0.0
940 2282.17822265625 1415.841552734375 -38.68817563407289 0.0 0.0 0.0 0.0 0.0 0.0 0.0
956 2292.079345703125 1410.8909912109375 -39.54827070435074 0.0 0.0 0.0 0.0 0.0 0.0 0.0
971 2301.980224609375 1405.9405517578125 -40.367032677325625 0.0 0.0 0.0 0.0 0.0 0.0 0.0
988 2306.930908203125 1400.989990234375 -41.409097493149744 0.0 0.0 0.0 0.0 0.0 0.0 0.0
1004 2311.88134765625 1396.03955078125 -42.422773068335374 0.0 0.0 0.0 0.0 0.0 0.0 0.0
1020 2316.831787109375 1391.089111328125 -43.40856654693155 0.0 0.0 0.0 0.0 0.0 0.0 0.0
1037 2326.732666015625 1386.1385498046875 -44.03999909575509 0.0 0.0 0.0 0.0 0.0 0.0 0.0
1053 2326.732666015625 1381.1881103515625 -45.33623604326867 0.0 0.0 0.0 0.0 0.0 0.0 0.0
1068 2336.6337890625 1381.1881103515625 -44.636426144136635 0.0 0.0 0.0 0.0 0.0 0.0 0.0
1084 2341.584228515625 1376.237548828125 -45.5603581873886 0.0 0.0 0.0 0.0 0.0 0.0 0.0
1101 2346.53466796875 1366.3365478515625 -47.70178432606821 0.0 0.0 0.0 0.0 0.0 0.0 0.0
1116 2351.4853515625 1361.3861083984375 -48.537898363265185 0.0 0.0 0.0 0.0 0.0 0.0 0.0
1132 2356.435791015625 1356.435546875 -49.3497340642687 0.0 0.0 0.0 0.0 0.0 0.0 0.0
1148 2361.38623046875 1356.435546875 -48.904028177440296 0.0 0.0 0.0 0.0 0.0 0.0 0.0
1164 2366.336669921875 1351.485107421875 -49.705116347571916 0.0 0.0 0.0 0.0 0.0 0.0 0.0
1180 2371.287353515625 1341.5841064453125 -51.69379370495774 0.0 0.0 0.0 0.0 0.0 0.0 0.0
1196 2376.23779296875 1336.6336669921875 -52.41237271113073 0.0 0.0 0.0 0.0 0.0 0.0 0.0
1212 2376.23779296875 1331.68310546875 -53.642180261578545 0.0 0.0 0.0 0.0 0.0 0.0 0.0
1228 2381.188232421875 1331.68310546875 -53.10460940582861 0.0 0.0 0.0 0.0 0.0 0.0 0.0
1244 2391.089111328125 1326.732666015625 -53.25626502934455 0.0 0.0 0.0 0.0 0.0 0.0 0.0
1260 2396.039794921875 1321.7821044921875 -53.92794044004353 0.0 0.0 0.0 0.0 0.0 0.0 0.0
1276 2400.990234375 1316.8316650390625 -54.57930532539882 0.0 0.0 0.0 0.0 0.0 0.0 0.0
1292 2405.940673828125 1306.9306640625 -56.37661563123425 0.0 0.0 0.0 0.0 0.0 0.0 0.0
1308 2410.89111328125 1306.9306640625 -55.78193173084564 0.0 0.0 0.0 0.0 0.0 0.0 0.0
1324 2420.792236328125 1297.0296630859375 -56.93640668381475 0.0 0.0 0.0 0.0 0.0 0.0 0.0
1340 2420.792236328125 1292.0791015625 -58.11957816053564 0.0 0.0 0.0 0.0 0.0 0.0 0.0
1356 2435.6435546875 1282.17822265625 -58.52138097168978 0.0 0.0 0.0 0.0 0.0 0.0 0.0
1371 2445.544677734375 1277.2276611328125 -58.4026476783594 0.0 0.0 0.0 0.0 0.0 0.0 0.0
1388 2450.4951171875 1272.2772216796875 -58.916792306356385 0.0 0.0 0.0 0.0 0.0 0.0 0.0
1404 2460.396240234375 1267.32666015625 -58.77833075280889 0.0 0.0 0.0 0.0 0.0 0.0 0.0
1420 2470.297119140625 1262.376220703125 -58.646762403849465 0.0 0.0 0.0 0.0 0.0 0.0 0.0
1437 2475.24755859375 1257.4256591796875 -59.15334257048531 0.0 0.0 0.0 0.0 0.0 0.0 0.0
1452 2490.09912109375 1247.524658203125 -59.4745625692809 0.0 0.0 0.0 0.0 0.0 0.0 0.0
1468 2495.049560546875 1237.6236572265625 -61.068116356074114 0.0 0.0 0.0 0.0 0.0 0.0 0.0
1484 2509.901123046875 1232.6732177734375 -60.17111080680203 0.0 0.0 0.0 0.0 0.0 0.0 0.0
1500 2519.802001953125 1217.82177734375 -62.12791737657861 0.0 0.0 0.0 0.0 0.0 0.0 0.0
1516 2524.752685546875 1212.8712158203125 -62.52560988355033 0.0 0.0 0.0 0.0 0.0 0.0 0.0
1532 2534.653564453125 1207.9207763671875 -62.207468676892944 0.0 0.0 0.0 0.0 0.0 0.0 0.0
1548 2544.554443359375 1198.019775390625 -62.97372166175416 0.0 0.0 0.0 0.0 0.0 0.0 0.0
1608 2554.45556640625 1188.1187744140625 -63.693014236693664 0.0 0.0 0.0 0.0 0.0 0.0 0.0
1623 2579.2080078125 1163.3663330078125 -65.23856596781036 0.0 0.0 0.0 0.0 0.0 0.0 0.0
1635 2589.109130859375 1153.46533203125 -65.81863570271435 0.0 0.0 0.0 0.0 0.0 0.0 0.0
1645 2594.0595703125 1138.61376953125 -68.13900675417636 0.0 0.0 0.0 0.0 0.0 0.0 0.0
1660 2608.910888671875 1133.663330078125 -66.76947638877272 0.0 0.0 0.0 0.0 0.0 0.0 0.0
1676 2613.861572265625 1123.7623291015625 -68.04086916611338 0.0 0.0 0.0 0.0 0.0 0.0 0.0
1694 2628.712890625 1113.861328125 -67.66833687651926 0.0 0.0 0.0 0.0 0.0 0.0 0.0
1708 2638.614013671875 1099.0098876953125 -69.07307286490473 0.0 0.0 0.0 0.0 0.0 0.0 0.0
1725 2648.514892578125 1089.10888671875 -69.41582598166042 0.0 0.0 0.0 0.0 0.0 0.0 0.0
1740 2663.366455078125 1079.2078857421875 -68.93621481158613 0.0 0.0 0.0 0.0 0.0 0.0 0.0
1756 2673.267333984375 1064.3563232421875 -70.24559257493127 0.0 0.0 0.0 0.0 0.0 0.0 0.0
1772 2683.16845703125 1054.4554443359375 -70.51539708250067 0.0 0.0 0.0 0.0 0.0 0.0 0.0
1788 2693.0693359375 1044.554443359375 -70.76846024966855 0.0 0.0 0.0 0.0 0.0 0.0 0.0
1804 2702.970458984375 1029.702880859375 -71.93900856007015 0.0 0.0 0.0 0.0 0.0 0.0 0.0
1821 2712.871337890625 1019.8018798828125 -72.10349318126862 0.0 0.0 0.0 0.0 0.0 0.0 0.0
1837 2717.82177734375 1009.90087890625 -73.12782932151778 0.0 0.0 0.0 0.0 0.0 0.0 0.0
1852 2732.67333984375 995.0494384765625 -73.25928968738882 0.0 0.0 0.0 0.0 0.0 0.0 0.0
1868 2737.623779296875 985.1484375 -74.22899857339544 0.0 0.0 0.0 0.0 0.0 0.0 0.0
1882 2747.52490234375 975.2474365234375 -74.25072099141784 0.0 0.0 0.0 0.0 0.0 0.0 0.0
1900 2757.42578125 970.2969970703125 -73.35936862259769 0.0 0.0 0.0 0.0 0.0 0.0 0.0
1916 2767.326904296875 955.4454345703125 -74.33211565432295 0.0 0.0 0.0 0.0 0.0 0.0 0.0
1932 2777.227783203125 945.5445556640625 -74.34742478885002 0.0 0.0 0.0 0.0 0.0 0.0 0.0
1948 2782.17822265625 940.593994140625 -74.3548518197962 0.0 0.0 0.0 0.0 0.0 0.0 0.0
1964 2792.079345703125 925.7425537109375 -75.25111255833104 0.0 0.0 0.0 0.0 0.0 0.0 0.0
1980 2801.980224609375 915.841552734375 -75.20917871125627 0.0 0.0 0.0 0.0 0.0 0.0 0.0
1996 2811.88134765625 900.9900512695312 -76.03967746940603 0.0 0.0 0.0 0.0 0.0 0.0 0.0
2012 2821.7822265625 891.0890502929688 -75.94858269964021 0.0 0.0 0.0 0.0 0.0 0.0 0.0
2028 2831.683349609375 881.1880493164062 -75.86314710206602 0.0 0.0 0.0 0.0 0.0 0.0 0.0
2044 2836.6337890625 871.2870483398438 -76.70859558137109 0.0 0.0 0.0 0.0 0.0 0.0 0.0
2060 2846.53466796875 861.3861083984375 -76.5757944610034 0.0 0.0 0.0 0.0 0.0 0.0 0.0
2076 2856.435791015625 851.485107421875 -76.45126372746662 0.0 0.0 0.0 0.0 0.0 0.0 0.0
2091 2866.336669921875 836.6336059570312 -77.18597025915537 0.0 0.0 0.0 0.0 0.0 0.0 0.0
2108 2876.23779296875 826.7326049804688 -77.02341641453127 0.0 0.0 0.0 0.0 0.0 0.0 0.0
2124 2881.188232421875 816.8316040039062 -77.8129809363707 0.0 0.0 0.0 0.0 0.0 0.0 0.0
2138 2891.089111328125 801.9801635742188 -78.4422575510435 0.0 0.0 0.0 0.0 0.0 0.0 0.0
2156 2905.940673828125 787.128662109375 -78.09201768448287 0.0 0.0 0.0 0.0 0.0 0.0 0.0
2172 2910.89111328125 777.2276611328125 -78.82989835939179 0.0 0.0 0.0 0.0 0.0 0.0 0.0
2188 2920.792236328125 767.32666015625 -78.56500594377499 0.0 0.0 0.0 0.0 0.0 0.0 0.0
2204 2930.693115234375 752.4752197265625 -79.13590334982032 0.0 0.0 0.0 0.0 0.0 0.0 0.0
2220 2940.59423828125 742.57421875 -78.85196559004262 0.0 0.0 0.0 0.0 0.0 0.0 0.0
2236 2950.4951171875 727.7227172851562 -79.4006194696456 0.0 0.0 0.0 0.0 0.0 0.0 0.0
2252 2960.396240234375 717.8217163085938 -79.1002494118455 0.0 0.0 0.0 0.0 0.0 0.0 0.0
2268 2970.297119140625 702.97021484375 -79.62959640083481 0.0 0.0 0.0 0.0 0.0 0.0 0.0
2284 2975.24755859375 693.0692749023438 -80.29266706209755 0.0 0.0 0.0 0.0 0.0 0.0 0.0
2300 2985.148681640625 683.1682739257812 -79.93687806891353 0.0 0.0 0.0 0.0 0.0 0.0 0.0
2315 2995.049560546875 663.3662719726562 -81.17274923946826 0.0 0.0 0.0 0.0 0.0 0.0 0.0
2331 3000.0 653.4652709960938 -81.76037797479378 0.0 0.0 0.0 0.0 0.0 0.0 0.0
2348 3009.901123046875 633.663330078125 -82.8256317741911 0.0 0.0 0.0 0.0 0.0 0.0 0.0
2363 3024.752685546875 623.7623291015625 -81.32069540219449 0.0 0.0 0.0 0.0 0.0 0.0 0.0
2380 3029.703125 608.9108276367188 -82.67024843415152 0.0 0.0 0.0 0.0 0.0 0.0 0.0
2396 3039.60400390625 599.0098266601562 -82.16718169673646 0.0 0.0 0.0 0.0 0.0 0.0 0.0
2412 3049.505126953125 584.1583862304688 -82.45768933975495 0.0 0.0 0.0 0.0 0.0 0.0 0.0
2428 3059.406005859375 574.2573852539062 -81.96778849195796 0.0 0.0 0.0 0.0 0.0 0.0 0.0
2445 3064.3564453125 559.4058837890625 -83.27462420866686 0.0 0.0 0.0 0.0 0.0 0.0 0.0
2459 3074.257568359375 544.5543823242188 -83.47870511784613 0.0 0.0 0.0 0.0 0.0 0.0 0.0
2475 3079.2080078125 534.6534423828125 -83.95293098863957 0.0 0.0 0.0 0.0 0.0 0.0 0.0
2492 3089.109130859375 519.8019409179688 -84.10403970005042 0.0 0.0 0.0 0.0 0.0 0.0 0.0
2507 3099.010009765625 514.8514404296875 -82.75497300883444 0.0 0.0 0.0 0.0 0.0 0.0 0.0
2523 3099.010009765625 499.99993896484375 -85.04586393838494 0.0 0.0 0.0 0.0 0.0 0.0 0.0
2540 3108.910888671875 490.09893798828125 -84.39631369466268 0.0 0.0 0.0 0.0 0.0 0.0 0.0
2556 3113.861572265625 480.19793701171875 -84.82516965718509 0.0 0.0 0.0 0.0 0.0 0.0 0.0
2571 3118.81201171875 465.34649658203125 -85.94191425493833 0.0 0.0 0.0 0.0 0.0 0.0 0.0
2588 3118.81201171875 460.39599609375 -86.67355598785564 0.0 0.0 0.0 0.0 0.0 0.0 0.0
2604 3123.762451171875 445.54449462890625 -87.66613620642732 0.0 0.0 0.0 0.0 0.0 0.0 0.0
2620 3128.712890625 435.64349365234375 -87.93280368295608 0.0 0.0 0.0 0.0 0.0 0.0 0.0
2637 3128.712890625 425.74249267578125 -89.29131263293621 0.0 0.0 0.0 0.0 0.0 0.0 0.0
2652 3133.66357421875 415.841552734375 -89.47698555147815 0.0 0.0 0.0 0.0 0.0 0.0 0.0
2668 3133.66357421875 410.89105224609375 -90.13890355013055 0.0 0.0 0.0 0.0 0.0 0.0 0.0
2686 3138.614013671875 400.99005126953125 -90.282362641417 0.0 0.0 0.0 0.0 0.0 0.0 0.0
2700 3138.614013671875 391.08905029296875 -91.54823811097947 0.0 0.0 0.0 0.0 0.0 0.0 0.0
2732 3143.564453125 386.1385498046875 -91.00947791686038 0.0 0.0 0.0 0.0 0.0 0.0 0.0
2747 3143.564453125 376.2375793457031 -92.24625314374487 0.0 0.0 0.0 0.0 0.0 0.0 0.0
2763 3143.564453125 366.3365783691406 -93.43318433442674 0.0 0.0 0.0 0.0 0.0 0.0 0.0
2795 3143.564453125 356.4355773925781 -94.57182965989246 0.0 0.0 0.0 0.0 0.0 0.0 0.0
2813 3143.564453125 346.53460693359375 -95.66374162468908 0.0 0.0 0.0 0.0 0.0 0.0 0.0
2828 3143.564453125 336.63360595703125 -96.71050417978137 0.0 0.0 0.0 0.0 0.0 0.0 0.0
2843 3143.564453125 326.73260498046875 -97.7136417716519 0.0 0.0 0.0 0.0 0.0 0.0 0.0
2859 3143.564453125 316.8316345214844 -98.67467359682013 0.0 0.0 0.0 0.0 0.0 0.0 0.0
2876 3143.564453125 301.9801330566406 -100.02685550439524 0.0 0.0 0.0 0.0 0.0 0.0 0.0
2891 3143.564453125 292.07916259765625 -100.88991840982335 0.0 0.0 0.0 0.0 0.0 0.0 0.0
2907 3143.564453125 282.17816162109375 -101.71610986531198 0.0 0.0 0.0 0.0 0.0 0.0 0.0
2924 3143.564453125 272.27716064453125 -102.5068362734822 0.0 0.0 0.0 0.0 0.0 0.0 0.0
2939 3143.564453125 267.3266906738281 -102.89346181077458 0.0 0.0 0.0 0.0 0.0 0.0 0.0
2954 3143.564453125 252.47518920898438 -103.9798898745578 0.0 0.0 0.0 0.0 0.0 0.0 0.0
2972 3143.564453125 247.52468872070312 -104.33400686218599 0.0 0.0 0.0 0.0 0.0 0.0 0.0
2988 3143.564453125 242.57421875 -104.68021150097421 0.0 0.0 0.0 0.0 0.0 0.0 0.0
3004 3143.564453125 237.62371826171875 -105.01876424419068 0.0 0.0 0.0 0.0 0.0 0.0 0.0
3020 3143.564453125 227.72271728515625 -105.66636669372859 0.0 0.0 0.0 0.0 0.0 0.0 0.0
3036 3143.564453125 222.772216796875 -105.98293008928623 0.0 0.0 0.0 0.0 0.0 0.0 0.0
3052 3138.614013671875 222.772216796875 -107.29898606244701 0.0 0.0 0.0 0.0 0.0 0.0 0.0
3068 3133.66357421875 212.87124633789062 -109.11287205510793 0.0 0.0 0.0 0.0 0.0 0.0 0.0
3084 3128.712890625 202.97024536132812 -110.85291831548409 0.0 0.0 0.0 0.0 0.0 0.0 0.0
3099 3123.762451171875 198.01974487304688 -112.35840820650488 0.0 0.0 0.0 0.0 0.0 0.0 0.0
3116 3118.81201171875 198.01974487304688 -113.6981435723712 0.0 0.0 0.0 0.0 0.0 0.0 0.0
3131 3118.81201171875 188.11874389648438 -113.96173357510668 0.0 0.0 0.0 0.0 0.0 0.0 0.0
3147 3113.861572265625 183.16827392578125 -115.40308751778795 0.0 0.0 0.0 0.0 0.0 0.0 0.0
3164 3108.910888671875 178.2177734375 -116.81341237049632 0.0 0.0 0.0 0.0 0.0 0.0 0.0
3179 3103.96044921875 173.26727294921875 -118.19243333973894 0.0 0.0 0.0 0.0 0.0 0.0 0.0
3195 3099.010009765625 173.26727294921875 -119.53926605362507 0.0 0.0 0.0 0.0 0.0 0.0 0.0
3210 3099.010009765625 168.3167724609375 -119.5401635097728 0.0 0.0 0.0 0.0 0.0 0.0 0.0
3227 3094.0595703125 163.36627197265625 239.1434088867076 0.0 0.0 0.0 0.0 0.0 0.0 0.0
3243 3089.109130859375 158.41580200195312 237.85814425402722 0.0 0.0 0.0 0.0 0.0 0.0 0.0
3260 3079.2080078125 153.46530151367188 235.2949031488619 0.0 0.0 0.0 0.0 0.0 0.0 0.0
3275 3074.257568359375 153.46530151367188 233.95664697461237 0.0 0.0 0.0 0.0 0.0 0.0 0.0
3291 3074.257568359375 143.56430053710938 234.2464321602586 0.0 0.0 0.0 0.0 0.0 0.0 0.0
3308 3064.3564453125 138.6138153076172 231.78494018099323 0.0 0.0 0.0 0.0 0.0 0.0 0.0
3323 3059.406005859375 133.66331481933594 230.685329647616 0.0 0.0 0.0 0.0 0.0 0.0 0.0
3339 3054.45556640625 128.7128143310547 229.61494597688804 0.0 0.0 0.0 0.0 0.0 0.0 0.0
3356 3049.505126953125 123.7623291015625 228.5733641884207 0.0 0.0 0.0 0.0 0.0 0.0 0.0
3371 3044.554443359375 118.81182861328125 227.56007723328779 0.0 0.0 0.0 0.0 0.0 0.0 0.0
3387 3034.653564453125 113.861328125 225.31027134677439 0.0 0.0 0.0 0.0 0.0 0.0 0.0
3404 3024.752685546875 108.91084289550781 223.13808453985004 0.0 0.0 0.0 0.0 0.0 0.0 0.0
3420 3019.802001953125 103.96034240722656 222.27762069938822 0.0 0.0 0.0 0.0 0.0 0.0 0.0
3435 3014.8515625 103.96034240722656 221.0073774195562 0.0 0.0 0.0 0.0 0.0 0.0 0.0
3452 3004.95068359375 103.96034240722656 218.50775756663964 0.0 0.0 0.0 0.0 0.0 0.0 0.0
3467 3000.0 103.96034240722656 217.26930856675241 0.0 0.0 0.0 0.0 0.0 0.0 0.0
3499 2990.09912109375 103.96034240722656 214.83921159702535 0.0 0.0 0.0 0.0 0.0 0.0 0.0
3515 2980.1982421875 99.00984191894531 213.06557715949262 0.0 0.0 0.0 0.0 0.0 0.0 0.0
3531 2975.24755859375 99.00984191894531 211.88238859425653 0.0 0.0 0.0 0.0 0.0 0.0 0.0
3547 2970.297119140625 99.00984191894531 210.71262411012563 0.0 0.0 0.0 0.0 0.0 0.0 0.0
3563 2960.396240234375 99.00984191894531 208.42769168443917 0.0 0.0 0.0 0.0 0.0 0.0 0.0
3579 2950.4951171875 99.00984191894531 206.19994512587394 0.0 0.0 0.0 0.0 0.0 0.0 0.0
3595 2945.544677734375 99.00984191894531 205.10106269781258 0.0 0.0 0.0 0.0 0.0 0.0 0.0
3611 2935.6435546875 99.00984191894531 202.96249333291345 0.0 0.0 0.0 0.0 0.0 0.0 0.0
3627 2925.74267578125 99.00984191894531 200.88480830672236 0.0 0.0 0.0 0.0 0.0 0.0 0.0
3643 2920.792236328125 99.00984191894531 199.86162123947506 0.0 0.0 0.0 0.0 0.0 0.0 0.0
3659 2910.89111328125 99.00984191894531 197.87678840006427 0.0 0.0 0.0 0.0 0.0 0.0 0.0
3675 2900.990234375 99.00984191894531 195.9542477194731 0.0 0.0 0.0 0.0 0.0 0.0 0.0
3691 2891.089111328125 99.00984191894531 194.09396479135708 0.0 0.0 0.0 0.0 0.0 0.0 0.0
3707 2881.188232421875 99.00984191894531 192.29583267769559 0.0 0.0 0.0 0.0 0.0 0.0 0.0
3723 2871.287353515625 99.00984191894531 190.55932215284534 0.0 0.0 0.0 0.0 0.0 0.0 0.0
3739 2861.38623046875 99.00984191894531 188.88372661565134 0.0 0.0 0.0 0.0 0.0 0.0 0.0
3754 2851.4853515625 99.00984191894531 187.26834344787036 0.0 0.0 0.0 0.0 0.0 0.0 0.0
3771 2846.53466796875 103.96034240722656 185.39249578554498 0.0 0.0 0.0 0.0 0.0 0.0 0.0
3788 2831.683349609375 103.96034240722656 183.2044118160458 0.0 0.0 0.0 0.0 0.0 0.0 0.0
3819 2821.7822265625 113.861328125 179.5381842804758 0.0 0.0 0.0 0.0 0.0 0.0 0.0
3836 2811.88134765625 113.861328125 178.27949630959816 0.0 0.0 0.0 0.0 0.0 0.0 0.0
3851 2801.980224609375 123.7623291015625 174.71410765406384 0.0 0.0 0.0 0.0 0.0 0.0 0.0
3867 2792.079345703125 128.7128143310547 172.4547497346497 0.0 0.0 0.0 0.0 0.0 0.0 0.0
3883 2782.17822265625 128.7128143310547 171.48660566619574 0.0 0.0 0.0 0.0 0.0 0.0 0.0
3899 2777.227783203125 138.6138153076172 168.50678867878733 0.0 0.0 0.0 0.0 0.0 0.0 0.0
3915 2762.376220703125 148.51480102539062 164.88708006012783 0.0 0.0 0.0 0.0 0.0 0.0 0.0
3931 2757.42578125 153.46530151367188 163.27430720696637 0.0 0.0 0.0 0.0 0.0 0.0 0.0
3947 2747.52490234375 158.41580200195312 161.43741847286705 0.0 0.0 0.0 0.0 0.0 0.0 0.0
3963 2737.623779296875 168.3167724609375 158.39495562423954 0.0 0.0 0.0 0.0 0.0 0.0 0.0
3979 2732.67333984375 173.26727294921875 156.90462125569152 0.0 0.0 0.0 0.0 0.0 0.0 0.0
3995 2722.7724609375 183.16827392578125 154.04513136794927 0.0 0.0 0.0 0.0 0.0 0.0 0.0
4011 2712.871337890625 193.06924438476562 151.30924385071015 0.0 0.0 0.0 0.0 0.0 0.0 0.0
4027 2702.970458984375 198.01974487304688 149.98307231557172 0.0 0.0 0.0 0.0 0.0 0.0 0.0
4043 2693.0693359375 207.92074584960938 147.43288286914262 0.0 0.0 0.0 0.0 0.0 0.0 0.0
4059 2683.16845703125 217.82171630859375 145.0049816088464 0.0 0.0 0.0 0.0 0.0 0.0 0.0
4076 2668.31689453125 222.772216796875 144.11052385594726 0.0 0.0 0.0 0.0 0.0 0.0 0.0
4091 2663.366455078125 232.6732177734375 141.65307863132213 0.0 0.0 0.0 0.0 0.0 0.0 0.0
4107 2653.46533203125 242.57421875 139.51729475148912 0.0 0.0 0.0 0.0 0.0 0.0 0.0
4123 2638.614013671875 247.52468872070312 138.99750012952822 0.0 0.0 0.0 0.0 0.0 0.0 0.0
4139 2633.66357421875 262.3761901855469 135.4404644833144 0.0 0.0 0.0 0.0 0.0 0.0 0.0
4154 2618.81201171875 272.27716064453125 133.99900951883345 0.0 0.0 0.0 0.0 0.0 0.0 0.0
4171 2613.861572265625 287.128662109375 130.65061551601514 0.0 0.0 0.0 0.0 0.0 0.0 0.0
4187 2599.010009765625 297.0296630859375 129.57151017104158 0.0 0.0 0.0 0.0 0.0 0.0 0.0
4203 2589.109130859375 311.8811340332031 126.9383259330233 0.0 0.0 0.0 0.0 0.0 0.0 0.0
4220 2579.2080078125 326.73260498046875 124.48258995911306 0.0 0.0 0.0 0.0 0.0 0.0 0.0
4235 2569.30712890625 341.5841064453125 122.19606844561551 0.0 0.0 0.0 0.0 0.0 0.0 0.0
4251 2549.505126953125 356.4355773925781 121.289479360195 0.0 0.0 0.0 0.0 0.0 0.0 0.0
4268 2534.653564453125 371.2870788574219 119.86431724998329 0.0 0.0 0.0 0.0 0.0 0.0 0.0
4283 2519.802001953125 391.08905029296875 117.53394831805943 0.0 0.0 0.0 0.0 0.0 0.0 0.0
4299 2500.0 415.841552734375 115.14695384328249 0.0 0.0 0.0 0.0 0.0 0.0 0.0
4315 2480.1982421875 440.593994140625 113.06304338683577 0.0 0.0 0.0 0.0 0.0 0.0 0.0
4330 2460.396240234375 470.2969970703125 110.34693878150131 0.0 0.0 0.0 0.0 0.0 0.0 0.0
4347 2440.59423828125 495.0494384765625 108.87940087315718 0.0 0.0 0.0 0.0 0.0 0.0 0.0
4363 2420.792236328125 524.75244140625 106.75359199765117 0.0 0.0 0.0 0.0 0.0 0.0 0.0
4379 2396.039794921875 554.4553833007812 105.74268383749637 0.0 0.0 0.0 0.0 0.0 0.0 0.0
4395 2376.23779296875 584.1583862304688 104.06408419149508 0.0 0.0 0.0 0.0 0.0 0.0 0.0
4411 2351.4853515625 613.861328125 103.46931729110028 0.0 0.0 0.0 0.0 0.0 0.0 0.0
4427 2326.732666015625 643.5643310546875 102.96670583117711 0.0 0.0 0.0 0.0 0.0 0.0 0.0
4443 2301.980224609375 673.2672729492188 102.54195745816634 0.0 0.0 0.0 0.0 0.0 0.0 0.0
4459 2277.227783203125 702.97021484375 102.18303850133884 0.0 0.0 0.0 0.0 0.0 0.0 0.0
4475 2252.475341796875 737.6237182617188 101.1374930224963 0.0 0.0 0.0 0.0 0.0 0.0 0.0
4491 2232.67333984375 772.2771606445312 99.39588453096951 0.0 0.0 0.0 0.0 0.0 0.0 0.0
4507 2207.9208984375 806.9306640625 98.81812829279892 0.0 0.0 0.0 0.0 0.0 0.0 0.0
4523 2183.16845703125 841.5841064453125 98.33749469836431 0.0 0.0 0.0 0.0 0.0 0.0 0.0
4539 2158.416015625 871.2870483398438 98.63066557405543 0.0 0.0 0.0 0.0 0.0 0.0 0.0
4555 2133.66357421875 905.9405517578125 98.1815301551733 0.0 0.0 0.0 0.0 0.0 0.0 0.0
4571 2108.910888671875 940.593994140625 97.80795348374409 0.0 0.0 0.0 0.0 0.0 0.0 0.0
4586 2084.158447265625 970.2969970703125 98.18319360017352 0.0 0.0 0.0 0.0 0.0 0.0 0.0
4604 2064.3564453125 1004.950439453125 96.90851371231938 0.0 0.0 0.0 0.0 0.0 0.0 0.0
4619 2044.554443359375 1039.6038818359375 95.83595531441622 0.0 0.0 0.0 0.0 0.0 0.0 0.0
4635 2019.802001953125 1074.25732421875 95.85679898593241 0.0 0.0 0.0 0.0 0.0 0.0 0.0
4651 2000.0 1108.910888671875 94.95117120857341 0.0 0.0 0.0 0.0 0.0 0.0 0.0
4667 1980.1982421875 1138.61376953125 94.82954093047744 0.0 0.0 0.0 0.0 0.0 0.0 0.0
4683 1960.396240234375 1173.267333984375 94.0872279185177 0.0 0.0 0.0 0.0 0.0 0.0 0.0
4699 1940.59423828125 1212.8712158203125 92.85557692220749 0.0 0.0 0.0 0.0 0.0 0.0 0.0
4715 1915.841796875 1242.57421875 93.997188268428 0.0 0.0 0.0 0.0 0.0 0.0 0.0
4731 1891.089111328125 1272.2772216796875 94.96251495694443 0.0 0.0 0.0 0.0 0.0 0.0 0.0
4747 1871.287353515625 1306.9306640625 94.19899529375388 0.0 0.0 0.0 0.0 0.0 0.0 0.0
4763 1851.4852294921875 1336.6336669921875 94.18642821530128 0.0 0.0 0.0 0.0 0.0 0.0 0.0
4778 1831.6832275390625 1366.3365478515625 94.1757018743356 0.0 0.0 0.0 0.0 0.0 0.0 0.0
4795 1816.831787109375 1391.089111328125 93.83948478772552 0.0 0.0 0.0 0.0 0.0 0.0 0.0
4811 1797.02978515625 1410.8909912109375 95.19259967195103 0.0 0.0 0.0 0.0 0.0 0.0 0.0
4826 1777.227783203125 1440.593994140625 95.03603402897218 0.0 0.0 0.0 0.0 0.0 0.0 0.0
4843 1762.3763427734375 1465.346435546875 94.59623753622108 0.0 0.0 0.0 0.0 0.0 0.0 0.0
4858 1747.52490234375 1490.0989990234375 94.20940367069994 0.0 0.0 0.0 0.0 0.0 0.0 0.0
4875 1727.722900390625 1509.90087890625 95.51966545260032 0.0 0.0 0.0 0.0 0.0 0.0 0.0
4891 1712.871337890625 1534.6534423828125 95.0216961734439 0.0 0.0 0.0 0.0 0.0 0.0 0.0
4907 1702.970458984375 1564.3563232421875 92.9476056183417 0.0 0.0 0.0 0.0 0.0 0.0 0.0
4923 1683.16845703125 1589.10888671875 93.74909358340258 0.0 0.0 0.0 0.0 0.0 0.0 0.0
4939 1673.2674560546875 1613.861328125 92.46014155202323 0.0 0.0 0.0 0.0 0.0 0.0 0.0
4954 1658.4158935546875 1633.663330078125 92.96788080158385 0.0 0.0 0.0 0.0 0.0 0.0 0.0
4971 1643.564453125 1653.46533203125 93.4222955594739 0.0 0.0 0.0 0.0 0.0 0.0 0.0
4987 1628.7130126953125 1673.267333984375 93.82903026630632 0.0 0.0 0.0 0.0 0.0 0.0 0.0
5003 1608.9110107421875 1693.0692138671875 95.18333186240676 0.0 0.0 0.0 0.0 0.0 0.0 0.0
5019 1599.010009765625 1717.82177734375 93.73575181395557 0.0 0.0 0.0 0.0 0.0 0.0 0.0
5035 1584.1585693359375 1732.6732177734375 94.78999337072841 0.0 0.0 0.0 0.0 0.0 0.0 0.0
5051 1569.3070068359375 1752.4752197265625 95.05306745399295 0.0 0.0 0.0 0.0 0.0 0.0 0.0
5067 1554.45556640625 1767.32666015625 95.98951473089338 0.0 0.0 0.0 0.0 0.0 0.0 0.0
5083 1539.60400390625 1787.128662109375 96.126487805967 0.0 0.0 0.0 0.0 0.0 0.0 0.0
5099 1524.7525634765625 1806.9306640625 96.24904204615243 0.0 0.0 0.0 0.0 0.0 0.0 0.0
5115 1509.901123046875 1831.68310546875 95.66331309265362 0.0 0.0 0.0 0.0 0.0 0.0 0.0
5137 1495.049560546875 1851.485107421875 95.83461016785637 0.0 0.0 0.0 0.0 0.0 0.0 0.0
5146 1475.2476806640625 1871.287109375 96.95622211694382 0.0 0.0 0.0 0.0 0.0 0.0 0.0
5163 1460.3961181640625 1896.03955078125 96.28553269727612 0.0 0.0 0.0 0.0 0.0 0.0 0.0
5180 1440.5941162109375 1915.841552734375 97.35474048083407 0.0 0.0 0.0 0.0 0.0 0.0 0.0
5227 1425.74267578125 1940.593994140625 96.63613210211255 0.0 0.0 0.0 0.0 0.0 0.0 0.0
5234 1386.138671875 1985.1484375 97.83091303590203 0.0 0.0 0.0 0.0 0.0 0.0 0.0
5242 1371.2872314453125 2009.90087890625 97.05514581320088 0.0 0.0 0.0 0.0 0.0 0.0 0.0
5259 1351.4852294921875 2029.702880859375 98.0347419539981 0.0 0.0 0.0 0.0 0.0 0.0 0.0
5275 1336.6337890625 2049.5048828125 97.95662293146506 0.0 0.0 0.0 0.0 0.0 0.0 0.0
5290 1316.831787109375 2064.3564453125 99.58241316221935 0.0 0.0 0.0 0.0 0.0 0.0 0.0
5306 1297.02978515625 2084.158447265625 100.26695948806153 0.0 0.0 0.0 0.0 0.0 0.0 0.0
5323 1277.227783203125 2099.009765625 101.65529043342588 0.0 0.0 0.0 0.0 0.0 0.0 0.0
5338 1257.4259033203125 2118.811767578125 102.09711967713488 0.0 0.0 0.0 0.0 0.0 0.0 0.0
5355 1237.6239013671875 2133.663330078125 103.29613590680626 0.0 0.0 0.0 0.0 0.0 0.0 0.0
5371 1217.8218994140625 2148.514892578125 104.370638231757 0.0 0.0 0.0 0.0 0.0 0.0 0.0
5387 1198.0198974609375 2158.415771484375 106.19798114020014 0.0 0.0 0.0 0.0 0.0 0.0 0.0
5405 1183.16845703125 2173.267333984375 106.12761955034338 0.0 0.0 0.0 0.0 0.0 0.0 0.0
5419 1163.366455078125 2183.168212890625 107.79432485760768 0.0 0.0 0.0 0.0 0.0 0.0 0.0
5435 1143.564453125 2198.019775390625 108.39912782598071 0.0 0.0 0.0 0.0 0.0 0.0 0.0
5451 1123.762451171875 2207.920654296875 109.85644516734212 0.0 0.0 0.0 0.0 0.0 0.0 0.0
5467 1103.96044921875 2222.772216796875 110.24490422666864 0.0 0.0 0.0 0.0 0.0 0.0 0.0
5482 1079.2080078125 2232.673095703125 112.28518998116988 0.0 0.0 0.0 0.0 0.0 0.0 0.0
5498 1064.3565673828125 2242.57421875 112.63228943350049 0.0 0.0 0.0 0.0 0.0 0.0 0.0
5515 1039.60400390625 2257.42578125 113.45379941140607 0.0 0.0 0.0 0.0 0.0 0.0 0.0
5530 1024.7525634765625 2267.32666015625 113.70980627523932 0.0 0.0 0.0 0.0 0.0 0.0 0.0
5547 1004.9505615234375 2272.277099609375 115.67401704539341 0.0 0.0 0.0 0.0 0.0 0.0 0.0
5563 980.1981201171875 2282.17822265625 117.12013019052989 0.0 0.0 0.0 0.0 0.0 0.0 0.0
5579 960.3961181640625 2292.0791015625 117.75989214950312 0.0 0.0 0.0 0.0 0.0 0.0 0.0
5594 940.5941162109375 2297.029541015625 119.38377598532188 0.0 0.0 0.0 0.0 0.0 0.0 0.0
5611 930.693115234375 2301.980224609375 119.60690921403287 0.0 0.0 0.0 0.0 0.0 0.0 0.0
5626 910.8912353515625 2306.9306640625 121.07344637069573 0.0 0.0 0.0 0.0 0.0 0.0 0.0
5642 900.990234375 2316.83154296875 120.10772441732982 0.0 0.0 0.0 0.0 0.0 0.0 0.0
5659 881.188232421875 2316.83154296875 122.62103626899415 0.0 0.0 0.0 0.0 0.0 0.0 0.0
5674 871.2872314453125 2321.7822265625 122.68272044908056 0.0 0.0 0.0 0.0 0.0 0.0 0.0
5690 856.435791015625 2326.732666015625 123.32423421645564 0.0 0.0 0.0 0.0 0.0 0.0 0.0
5707 846.5347900390625 2331.68310546875 123.35082492017744 0.0 0.0 0.0 0.0 0.0 0.0 0.0
5722 836.6337890625 2336.633544921875 123.37612441986505 0.0 0.0 0.0 0.0 0.0 0.0 0.0
5738 821.7822875976562 2336.633544921875 125.10413871562051 0.0 0.0 0.0 0.0 0.0 0.0 0.0
5753 811.8812866210938 2336.633544921875 126.2089206100907 0.0 0.0 0.0 0.0 0.0 0.0 0.0
5771 801.9802856445312 2341.583984375 126.09154383523753 0.0 0.0 0.0 0.0 0.0 0.0 0.0
5787 787.1288452148438 2341.583984375 127.65525011839713 0.0 0.0 0.0 0.0 0.0 0.0 0.0
5803 782.1783447265625 2341.583984375 128.1653265921246 0.0 0.0 0.0 0.0 0.0 0.0 0.0
5819 772.27734375 2341.583984375 129.14287834420756 0.0 0.0 0.0 0.0 0.0 0.0 0.0
5834 762.3763427734375 2346.53466796875 128.87921620532236 0.0 0.0 0.0 0.0 0.0 0.0 0.0
5851 752.475341796875 2346.53466796875 129.82673714369525 0.0 0.0 0.0 0.0 0.0 0.0 0.0
5866 742.5743408203125 2351.485107421875 129.52909177952242 0.0 0.0 0.0 0.0 0.0 0.0 0.0
5882 732.6734008789062 2351.485107421875 130.4491806624602 0.0 0.0 0.0 0.0 0.0 0.0 0.0
5899 717.8218994140625 2356.435546875 130.55559376151706 0.0 0.0 0.0 0.0 0.0 0.0 0.0
5914 712.8713989257812 2356.435546875 131.00332401275458 0.0 0.0 0.0 0.0 0.0 0.0 0.0
5930 698.0198974609375 2356.435546875 132.262586573975 0.0 0.0 0.0 0.0 0.0 0.0 0.0
5947 688.118896484375 2356.435546875 133.06610971499998 0.0 0.0 0.0 0.0 0.0 0.0 0.0
5962 678.2178955078125 2356.435546875 133.83507357394507 0.0 0.0 0.0 0.0 0.0 0.0 0.0
5978 668.3169555664062 2356.435546875 134.57078039016588 0.0 0.0 0.0 0.0 0.0 0.0 0.0
5995 658.4159545898438 2356.435546875 135.27465603249723 0.0 0.0 0.0 0.0 0.0 0.0 0.0
6010 648.5149536132812 2356.435546875 135.94790181945368 0.0 0.0 0.0 0.0 0.0 0.0 0.0
6026 638.6139526367188 2356.435546875 136.59179758075013 0.0 0.0 0.0 0.0 0.0 0.0 0.0
6043 628.7129516601562 2356.435546875 137.20751587139208 0.0 0.0 0.0 0.0 0.0 0.0 0.0
6059 618.81201171875 2356.435546875 137.79628203631992 0.0 0.0 0.0 0.0 0.0 0.0 0.0
6074 608.9110107421875 2356.435546875 138.35917918517978 0.0 0.0 0.0 0.0 0.0 0.0 0.0
6091 599.010009765625 2351.485107421875 140.1642951633697 0.0 0.0 0.0 0.0 0.0 0.0 0.0
6106 594.0595092773438 2346.53466796875 141.69984032347773 0.0 0.0 0.0 0.0 0.0 0.0 0.0
6122 584.1585083007812 2341.583984375 143.3674671774144 0.0 0.0 0.0 0.0 0.0 0.0 0.0
6138 574.2575073242188 2341.583984375 143.6835014189118 0.0 0.0 0.0 0.0 0.0 0.0 0.0
6154 569.3070068359375 2331.68310546875 146.46455068871117 0.0 0.0 0.0 0.0 0.0 0.0 0.0
6170 559.4060668945312 2326.732666015625 147.92740650977126 0.0 0.0 0.0 0.0 0.0 0.0 0.0
6187 549.5050659179688 2321.7822265625 149.32557570655186 0.0 0.0 0.0 0.0 0.0 0.0 0.0
6202 544.5545654296875 2316.83154296875 150.66675150249725 0.0 0.0 0.0 0.0 0.0 0.0 0.0
6219 534.653564453125 2311.881103515625 151.94167688715928 0.0 0.0 0.0 0.0 0.0 0.0 0.0
6235 529.7030639648438 2301.980224609375 154.53252331396484 0.0 0.0 0.0 0.0 0.0 0.0 0.0
6250 519.8020629882812 2297.029541015625 155.6293578899812 0.0 0.0 0.0 0.0 0.0 0.0 0.0
6266 514.8515625 2292.0791015625 156.81777674246362 0.0 0.0 0.0 0.0 0.0 0.0 0.0
6282 504.95062255859375 2282.17822265625 159.07585785605582 0.0 0.0 0.0 0.0 0.0 0.0 0.0
6298 500.0001220703125 2277.227783203125 160.17503103392224 0.0 0.0 0.0 0.0 0.0 0.0 0.0
6314 490.09912109375 2267.32666015625 162.25923030924 0.0 0.0 0.0 0.0 0.0 0.0 0.0
6331 485.14862060546875 2262.376220703125 163.27277781899502 0.0 0.0 0.0 0.0 0.0 0.0 0.0
6346 475.24761962890625 2252.47509765625 165.19103265845607 0.0 0.0 0.0 0.0 0.0 0.0 0.0
6363 470.297119140625 2247.524658203125 166.12309023699189 0.0 0.0 0.0 0.0 0.0 0.0 0.0
6379 460.3961181640625 2237.623779296875 167.88440927613968 0.0 0.0 0.0 0.0 0.0 0.0 0.0
6394 455.4456787109375 2227.72265625 169.97244801979 0.0 0.0 0.0 0.0 0.0 0.0 0.0
6410 450.49517822265625 2222.772216796875 170.76695586654327 0.0 0.0 0.0 0.0 0.0 0.0 0.0
6426 445.544677734375 2212.871337890625 172.74733125150058 0.0 0.0 0.0 0.0 0.0 0.0 0.0
6442 440.59417724609375 2202.97021484375 174.65126153785596 0.0 0.0 0.0 0.0 0.0 0.0 0.0
6458 435.6436767578125 2198.019775390625 175.3062988767563 0.0 0.0 0.0 0.0 0.0 0.0 0.0
6475 425.74267578125 2198.019775390625 174.21939612631806 0.0 0.0 0.0 0.0 0.0 0.0 0.0
6490 425.74267578125 2193.0693359375 175.43984883910574 0.0 0.0 0.0 0.0 0.0 0.0 0.0
6506 425.74267578125 2183.168212890625 177.83166020972087 0.0 0.0 0.0 0.0 0.0 0.0 0.0
6522 420.79217529296875 2173.267333984375 179.5300782980195 0.0 0.0 0.0 0.0 0.0 0.0 0.0
6538 415.8416748046875 2173.267333984375 178.88813402823465 0.0 0.0 0.0 0.0 0.0 0.0 0.0
6554 410.89117431640625 2163.3662109375 180.54240126062442 0.0 0.0 0.0 0.0 0.0 0.0 0.0
6571 405.940673828125 2153.46533203125 182.1263438894329 0.0 0.0 0.0 0.0 0.0 0.0 0.0
6586 400.99017333984375 2143.564208984375 183.64204503746456 0.0 0.0 0.0 0.0 0.0 0.0 0.0
6602 400.99017333984375 2133.663330078125 185.8376410060337 0.0 0.0 0.0 0.0 0.0 0.0 0.0
6619 396.03973388671875 2123.76220703125 187.18935158591458 0.0 0.0 0.0 0.0 0.0 0.0 0.0
6634 386.13873291015625 2113.861328125 187.7010875102168 0.0 0.0 0.0 0.0 0.0 0.0 0.0
6650 381.188232421875 2103.96044921875 188.96849674776084 0.0 0.0 0.0 0.0 0.0 0.0 0.0
6667 376.23773193359375 2094.059326171875 190.17805258285946 0.0 0.0 0.0 0.0 0.0 0.0 0.0
6682 376.23773193359375 2079.207763671875 193.1473911986076 0.0 0.0 0.0 0.0 0.0 0.0 0.0
6698 371.2872314453125 2074.25732421875 193.22052101137737 0.0 0.0 0.0 0.0 0.0 0.0 0.0
6714 366.33673095703125 2059.406005859375 195.14390200289077 0.0 0.0 0.0 0.0 0.0 0.0 0.0
6730 361.38623046875 2049.5048828125 196.06420068786886 0.0 0.0 0.0 0.0 0.0 0.0 0.0
6746 361.38623046875 2044.554443359375 196.99007889806327 0.0 0.0 0.0 0.0 0.0 0.0 0.0
6762 356.43572998046875 2034.6533203125 197.82196820441933 0.0 0.0 0.0 0.0 0.0 0.0 0.0
6778 356.43572998046875 2029.702880859375 198.717977392658 0.0 0.0 0.0 0.0 0.0 0.0 0.0
6794 356.43572998046875 2019.802001953125 200.44859394823393 0.0 0.0 0.0 0.0 0.0 0.0 0.0
6810 351.4852294921875 2009.90087890625 201.11293013742434 0.0 0.0 0.0 0.0 0.0 0.0 0.0
6826 351.4852294921875 2000.0 202.75891933865583 0.0 0.0 0.0 0.0 0.0 0.0 0.0
6842 351.4852294921875 1990.098876953125 204.34525519602104 0.0 0.0 0.0 0.0 0.0 0.0 0.0
6859 351.4852294921875 1980.197998046875 205.87294445082378 0.0 0.0 0.0 0.0 0.0 0.0 0.0
6874 351.4852294921875 1960.39599609375 208.70607604447892 0.0 0.0 0.0 0.0 0.0 0.0 0.0
6890 351.4852294921875 1950.4951171875 210.06733733493215 0.0 0.0 0.0 0.0 0.0 0.0 0.0
6906 351.4852294921875 1935.6435546875 211.991250648729 0.0 0.0 0.0 0.0 0.0 0.0 0.0
6921 351.4852294921875 1925.7425537109375 213.22253501111524 0.0 0.0 0.0 0.0 0.0 0.0 0.0
6938 351.4852294921875 1905.9405517578125 215.49365399546562 0.0 0.0 0.0 0.0 0.0 0.0 0.0
6954 351.4852294921875 1900.989990234375 216.04942542765392 0.0 0.0 0.0 0.0 0.0 0.0 0.0
6971 351.4852294921875 1886.1385498046875 217.61569425529356 0.0 0.0 0.0 0.0 0.0 0.0 0.0
6987 351.4852294921875 1881.1881103515625 218.12662514876453 0.0 0.0 0.0 0.0 0.0 0.0 0.0
7003 351.4852294921875 1861.3861083984375 220.00611987003097 0.0 0.0 0.0 0.0 0.0 0.0 0.0
7018 351.4852294921875 1851.485107421875 220.90597244659247 0.0 0.0 0.0 0.0 0.0 0.0 0.0
7034 351.4852294921875 1836.6336669921875 222.17137655653866 0.0 0.0 0.0 0.0 0.0 0.0 0.0
7050 351.4852294921875 1821.7821044921875 223.3571050072122 0.0 0.0 0.0 0.0 0.0 0.0 0.0
7066 351.4852294921875 1811.881103515625 224.11348891597757 0.0 0.0 0.0 0.0 0.0 0.0 0.0
7082 351.4852294921875 1797.0296630859375 225.17600441740447 0.0 0.0 0.0 0.0 0.0 0.0 0.0
7098 356.43572998046875 1787.128662109375 227.10723045103694 0.0 0.0 0.0 0.0 0.0 0.0 0.0
7114 361.38623046875 1772.2772216796875 229.21404633613795 0.0 0.0 0.0 0.0 0.0 0.0 0.0
7130 366.33673095703125 1762.376220703125 230.9844993367466 0.0 0.0 0.0 0.0 0.0 0.0 0.0
7146 371.2872314453125 1747.524658203125 232.852078073039 0.0 0.0 0.0 0.0 0.0 0.0 0.0
7162 376.23773193359375 1732.6732177734375 234.6018574099301 0.0 0.0 0.0 0.0 0.0 0.0 0.0
7178 381.188232421875 1717.82177734375 236.2398744931543 0.0 0.0 0.0 0.0 0.0 0.0 0.0
7194 391.0892333984375 1698.019775390625 239.0616364633407 0.0 0.0 0.0 0.0 0.0 0.0 0.0
7210 396.03973388671875 1688.1187744140625 240.40911138955735 0.0 0.0 0.0 0.0 0.0 0.0 0.0
7226 400.99017333984375 1673.267333984375 -118.33220639566146 0.0 0.0 0.0 0.0 0.0 0.0 0.0
7246 405.940673828125 1668.3167724609375 -117.04616630063208 0.0 0.0 0.0 0.0 0.0 0.0 0.0
7258 415.8416748046875 1658.415771484375 -114.59601381152727 0.0 0.0 0.0 0.0 0.0 0.0 0.0
7274 420.79217529296875 1643.5643310546875 -113.67208575275983 0.0 0.0 0.0 0.0 0.0 0.0 0.0
7290 425.74267578125 1638.61376953125 -112.50143277145519 0.0 0.0 0.0 0.0 0.0 0.0 0.0
7305 430.69317626953125 1628.7127685546875 -111.54429864145098 0.0 0.0 0.0 0.0 0.0 0.0 0.0
7321 435.6436767578125 1618.811767578125 -110.63270584948714 0.0 0.0 0.0 0.0 0.0 0.0 0.0
7338 445.544677734375 1613.861328125 -108.25536416110029 0.0 0.0 0.0 0.0 0.0 0.0 0.0
7354 450.49517822265625 1603.9603271484375 -107.50190490960826 0.0 0.0 0.0 0.0 0.0 0.0 0.0
7370 450.49517822265625 1594.059326171875 -108.04062149592302 0.0 0.0 0.0 0.0 0.0 0.0 0.0
7387 460.3961181640625 1589.10888671875 -105.74658920401907 0.0 0.0 0.0 0.0 0.0 0.0 0.0
7402 470.297119140625 1579.2078857421875 -103.88188766024676 0.0 0.0 0.0 0.0 0.0 0.0 0.0
7418 475.24761962890625 1569.306884765625 -103.34192666817052 0.0 0.0 0.0 0.0 0.0 0.0 0.0
7435 480.1981201171875 1564.3563232421875 -102.45145917062922 0.0 0.0 0.0 0.0 0.0 0.0 0.0
7450 490.09912109375 1554.4554443359375 -100.7699124804151 0.0 0.0 0.0 0.0 0.0 0.0 0.0
7466 495.04962158203125 1549.5048828125 -99.95367487069 0.0 0.0 0.0 0.0 0.0 0.0 0.0
7482 500.0001220703125 1539.6038818359375 -99.60780133474314 0.0 0.0 0.0 0.0 0.0 0.0 0.0
7498 509.901123046875 1524.75244140625 -98.54385391403314 0.0 0.0 0.0 0.0 0.0 0.0 0.0
7514 519.8020629882812 1519.8018798828125 -96.58987078319949 0.0 0.0 0.0 0.0 0.0 0.0 0.0
7530 524.7525634765625 1514.8514404296875 -95.89739820052215 0.0 0.0 0.0 0.0 0.0 0.0 0.0
7546 534.653564453125 1500.0 -95.11845875298313 0.0 0.0 0.0 0.0 0.0 0.0 0.0
7562 544.5545654296875 1490.0989990234375 -93.86046200593957 0.0 0.0 0.0 0.0 0.0 0.0 0.0
7578 559.4060668945312 1480.197998046875 -91.55849429575487 0.0 0.0 0.0 0.0 0.0 0.0 0.0
7594 569.3070068359375 1465.346435546875 -91.1160534319315 0.0 0.0 0.0 0.0 0.0 0.0 0.0
7610 579.2080078125 1455.4454345703125 -90.09682862774257 0.0 0.0 0.0 0.0 0.0 0.0 0.0
7626 589.1090087890625 1445.5445556640625 -89.13908689836819 0.0 0.0 0.0 0.0 0.0 0.0 0.0
7642 599.010009765625 1435.6435546875 -88.23937104671828 0.0 0.0 0.0 0.0 0.0 0.0 0.0
7658 603.9605102539062 1425.7425537109375 -88.47750203367085 0.0 0.0 0.0 0.0 0.0 0.0 0.0
7674 618.81201171875 1415.841552734375 -86.55731626056522 0.0 0.0 0.0 0.0 0.0 0.0 0.0
7690 623.762451171875 1405.9405517578125 -86.87909951923984 0.0 0.0 0.0 0.0 0.0 0.0 0.0
7706 628.7129516601562 1400.989990234375 -86.48609685709378 0.0 0.0 0.0 0.0 0.0 0.0 0.0
7723 643.564453125 1391.089111328125 -84.71067240093038 0.0 0.0 0.0 0.0 0.0 0.0 0.0
7736 648.5149536132812 1381.1881103515625 -85.12400358046952 0.0 0.0 0.0 0.0 0.0 0.0 0.0
7754 658.4159545898438 1371.287109375 -84.46961444676911 0.0 0.0 0.0 0.0 0.0 0.0 0.0
7771 668.3169555664062 1361.3861083984375 -83.85548216607094 0.0 0.0 0.0 0.0 0.0 0.0 0.0
7785 673.2674560546875 1356.435546875 -83.55819823770742 0.0 0.0 0.0 0.0 0.0 0.0 0.0
7802 683.1683959960938 1346.5345458984375 -83.00027810683952 0.0 0.0 0.0 0.0 0.0 0.0 0.0
7818 688.118896484375 1336.6336669921875 -83.49805071308487 0.0 0.0 0.0 0.0 0.0 0.0 0.0
7834 702.9703979492188 1326.732666015625 -81.94304143684975 0.0 0.0 0.0 0.0 0.0 0.0 0.0
7850 712.8713989257812 1311.881103515625 -82.25104271331921 0.0 0.0 0.0 0.0 0.0 0.0 0.0
7866 722.7723999023438 1301.9801025390625 -81.77388755405799 0.0 0.0 0.0 0.0 0.0 0.0 0.0
7882 732.6734008789062 1292.0791015625 -81.3262689338986 0.0 0.0 0.0 0.0 0.0 0.0 0.0
7898 742.5743408203125 1282.17822265625 -80.90637629508552 0.0 0.0 0.0 0.0 0.0 0.0 0.0
7914 752.475341796875 1272.2772216796875 -80.5125316523775 0.0 0.0 0.0 0.0 0.0 0.0 0.0
7930 762.3763427734375 1257.4256591796875 -80.93201011684552 0.0 0.0 0.0 0.0 0.0 0.0 0.0
7946 772.27734375 1257.4256591796875 -78.88920205156583 0.0 0.0 0.0 0.0 0.0 0.0 0.0
7962 787.1288452148438 1242.57421875 -78.49850752434403 0.0 0.0 0.0 0.0 0.0 0.0 0.0
7977 792.0792846679688 1232.6732177734375 -79.21666312002054 0.0 0.0 0.0 0.0 0.0 0.0 0.0
7993 806.9307861328125 1232.6732177734375 -76.2751488535576 0.0 0.0 0.0 0.0 0.0 0.0 0.0
8010 811.8812866210938 1217.82177734375 -77.95243478497221 0.0 0.0 0.0 0.0 0.0 0.0 0.0
8025 826.7327880859375 1212.8712158203125 -75.95638949372483 0.0 0.0 0.0 0.0 0.0 0.0 0.0
8041 836.6337890625 1202.97021484375 -75.87045978174007 0.0 0.0 0.0 0.0 0.0 0.0 0.0
8058 846.5347900390625 1193.0692138671875 -75.78989479933199 0.0 0.0 0.0 0.0 0.0 0.0 0.0
8074 856.435791015625 1188.1187744140625 -74.82522273670878 0.0 0.0 0.0 0.0 0.0 0.0 0.0
8089 866.3367919921875 1183.168212890625 -73.90645933393183 0.0 0.0 0.0 0.0 0.0 0.0 0.0
8106 881.188232421875 1173.267333984375 -73.07899030040073 0.0 0.0 0.0 0.0 0.0 0.0 0.0
8121 881.188232421875 1168.3167724609375 -74.0402137706505 0.0 0.0 0.0 0.0 0.0 0.0 0.0
8138 896.0396728515625 1163.3663330078125 -72.28900332071666 0.0 0.0 0.0 0.0 0.0 0.0 0.0
8155 905.940673828125 1163.3663330078125 -70.52357541911238 0.0 0.0 0.0 0.0 0.0 0.0 0.0
8170 915.8416748046875 1153.46533203125 -70.77613153434628 0.0 0.0 0.0 0.0 0.0 0.0 0.0
8186 925.74267578125 1148.5147705078125 -70.05222790344436 0.0 0.0 0.0 0.0 0.0 0.0 0.0
8202 930.693115234375 1143.5643310546875 -70.19768306483165 0.0 0.0 0.0 0.0 0.0 0.0 0.0
8218 945.544677734375 1138.61376953125 -68.69349423500216 0.0 0.0 0.0 0.0 0.0 0.0 0.0
8234 955.4456787109375 1133.663330078125 -68.0710557522653 0.0 0.0 0.0 0.0 0.0 0.0 0.0
8250 965.3466796875 1128.7127685546875 -67.47910385304402 0.0 0.0 0.0 0.0 0.0 0.0 0.0
8265 980.1981201171875 1118.811767578125 -67.15034229548988 0.0 0.0 0.0 0.0 0.0 0.0 0.0
8281 990.09912109375 1113.861328125 -66.60358544150878 0.0 0.0 0.0 0.0 0.0 0.0 0.0
8298 1000.0001220703125 1099.0098876953125 -68.0880898398745 0.0 0.0 0.0 0.0 0.0 0.0 0.0
8313 1009.901123046875 1089.10888671875 -68.49194105856105 0.0 0.0 0.0 0.0 0.0 0.0 0.0
8329 1024.7525634765625 1084.1583251953125 -67.0992350267768 0.0 0.0 0.0 0.0 0.0 0.0 0.0
8346 1029.703125 1074.25732421875 -68.35563970474641 0.0 0.0 0.0 0.0 0.0 0.0 0.0
8362 1049.5050048828125 1064.3563232421875 -67.20042210927781 0.0 0.0 0.0 0.0 0.0 0.0 0.0
8379 1054.45556640625 1059.4058837890625 -67.43714384299824 0.0 0.0 0.0 0.0 0.0 0.0 0.0
8393 1069.3070068359375 1049.5048828125 -67.11163384365042 0.0 0.0 0.0 0.0 0.0 0.0 0.0
8409 1079.2080078125 1039.6038818359375 -67.57596550799455 0.0 0.0 0.0 0.0 0.0 0.0 0.0
8425 1094.0595703125 1034.6534423828125 -66.24350485075738 0.0 0.0 0.0 0.0 0.0 0.0 0.0
8442 1103.96044921875 1024.75244140625 -66.76157448389534 0.0 0.0 0.0 0.0 0.0 0.0 0.0
8458 1118.81201171875 1019.8018798828125 -65.4829658924454 0.0 0.0 0.0 0.0 0.0 0.0 0.0
8473 1128.7130126953125 1014.8514404296875 -65.01832324021777 0.0 0.0 0.0 0.0 0.0 0.0 0.0
8490 1143.564453125 1009.90087890625 -63.85563734378514 0.0 0.0 0.0 0.0 0.0 0.0 0.0
8505 1148.5150146484375 1004.950439453125 -64.19874214716324 0.0 0.0 0.0 0.0 0.0 0.0 0.0
8521 1163.366455078125 1000.0 -63.090823315561565 0.0 0.0 0.0 0.0 0.0 0.0 0.0
8538 1173.2674560546875 1000.0 -61.66007540362696 0.0 0.0 0.0 0.0 0.0 0.0 0.0
8554 1183.16845703125 1000.0 -60.28454440857267 0.0 0.0 0.0 0.0 0.0 0.0 0.0
8570 1193.0694580078125 995.0494384765625 -60.0778995686518 0.0 0.0 0.0 0.0 0.0 0.0 0.0
8587 1202.970458984375 995.0494384765625 -58.7642952465032 0.0 0.0 0.0 0.0 0.0 0.0 0.0
8602 1217.8218994140625 995.0494384765625 -56.908987928301144 0.0 0.0 0.0 0.0 0.0 0.0 0.0
8617 1222.7723388671875 995.0494384765625 -56.303350741567336 0.0 0.0 0.0 0.0 0.0 0.0 0.0
8634 1232.67333984375 995.0494384765625 -55.14102109930086 0.0 0.0 0.0 0.0 0.0 0.0 0.0
8649 1242.5743408203125 995.0494384765625 -54.02617997434257 0.0 0.0 0.0 0.0 0.0 0.0 0.0
8665 1257.4259033203125 995.0494384765625 -52.45529181066446 0.0 0.0 0.0 0.0 0.0 0.0 0.0
8682 1267.3267822265625 995.0494384765625 -51.45176304431038 0.0 0.0 0.0 0.0 0.0 0.0 0.0
8697 1277.227783203125 995.0494384765625 -50.490310463177224 0.0 0.0 0.0 0.0 0.0 0.0 0.0
8713 1287.1287841796875 995.0494384765625 -49.56942577653773 0.0 0.0 0.0 0.0 0.0 0.0 0.0
8730 1297.02978515625 990.0989990234375 -49.89703410646514 0.0 0.0 0.0 0.0 0.0 0.0 0.0
8745 1306.9307861328125 990.0989990234375 -49.0012772680784 0.0 0.0 0.0 0.0 0.0 0.0 0.0
8761 1316.831787109375 990.0989990234375 -48.14366222938848 0.0 0.0 0.0 0.0 0.0 0.0 0.0
8778 1321.7822265625 985.1484375 -48.966988522146906 0.0 0.0 0.0 0.0 0.0 0.0 0.0
8793 1336.6337890625 985.1484375 -47.709557514614204 0.0 0.0 0.0 0.0 0.0 0.0 0.0
8810 1341.584228515625 985.1484375 -47.29960554837727 0.0 0.0 0.0 0.0 0.0 0.0 0.0
8826 1346.5347900390625 985.1484375 -46.8986561034493 0.0 0.0 0.0 0.0 0.0 0.0 0.0
8842 1356.435791015625 985.1484375 -46.13123760243617 0.0 0.0 0.0 0.0 0.0 0.0 0.0
8857 1361.38623046875 985.1484375 -45.7559997448364 0.0 0.0 0.0 0.0 0.0 0.0 0.0
8874 1371.2872314453125 985.1484375 -45.03800209113848 0.0 0.0 0.0 0.0 0.0 0.0 0.0
8889 1381.188232421875 985.1484375 -44.3511493814116 0.0 0.0 0.0 0.0 0.0 0.0 0.0
8905 1386.138671875 985.1484375 -44.01537693077363 0.0 0.0 0.0 0.0 0.0 0.0 0.0
8921 1396.0396728515625 990.0989990234375 -42.11568609383552 0.0 0.0 0.0 0.0 0.0 0.0 0.0
8938 1405.940673828125 990.0989990234375 -41.556638584629766 0.0 0.0 0.0 0.0 0.0 0.0 0.0
8953 1410.8912353515625 990.0989990234375 -41.28341565889845 0.0 0.0 0.0 0.0 0.0 0.0 0.0
8970 1415.8416748046875 995.0494384765625 -39.72038531451216 0.0 0.0 0.0 0.0 0.0 0.0 0.0
8986 1425.74267578125 995.0494384765625 -39.2670615470729 0.0 0.0 0.0 0.0 0.0 0.0 0.0
9002 1435.6436767578125 995.0494384765625 -38.833831254406334 0.0 0.0 0.0 0.0 0.0 0.0 0.0
9018 1440.5941162109375 995.0494384765625 -38.62213614773812 0.0 0.0 0.0 0.0 0.0 0.0 0.0
9033 1455.4456787109375 1000.0 -36.77920928225373 0.0 0.0 0.0 0.0 0.0 0.0 0.0
9049 1460.3961181640625 1004.950439453125 -35.304657752915105 0.0 0.0 0.0 0.0 0.0 0.0 0.0
9066 1470.297119140625 1004.950439453125 -35.047889434373445 0.0 0.0 0.0 0.0 0.0 0.0 0.0
9081 1480.1981201171875 1004.950439453125 -34.802609104722265 0.0 0.0 0.0 0.0 0.0 0.0 0.0
9127 1490.09912109375 1009.90087890625 -33.28439574780688 0.0 0.0 0.0 0.0 0.0 0.0 0.0
9139 1509.901123046875 1009.90087890625 -32.9660184610901 0.0 0.0 0.0 0.0 0.0 0.0 0.0
9147 1514.8515625 1009.90087890625 -32.88824401279811 0.0 0.0 0.0 0.0 0.0 0.0 0.0
9162 1524.7525634765625 1014.8514404296875 -31.45387558198516 0.0 0.0 0.0 0.0 0.0 0.0 0.0
9177 1534.653564453125 1014.8514404296875 -31.369646270050225 0.0 0.0 0.0 0.0 0.0 0.0 0.0
9193 1539.60400390625 1014.8514404296875 -31.328496923300065 0.0 0.0 0.0 0.0 0.0 0.0 0.0
9210 1544.5545654296875 1019.8018798828125 -29.972414199204337 0.0 0.0 0.0 0.0 0.0 0.0 0.0
9225 1554.45556640625 1019.8018798828125 -29.954699700011673 0.0 0.0 0.0 0.0 0.0 0.0 0.0
9241 1559.406005859375 1019.8018798828125 -29.94605989140338 0.0 0.0 0.0 0.0 0.0 0.0 0.0
9258 1569.3070068359375 1024.75244140625 -28.643288756521017 0.0 0.0 0.0 0.0 0.0 0.0 0.0
9273 1574.257568359375 1024.75244140625 -28.66474215189737 0.0 0.0 0.0 0.0 0.0 0.0 0.0
9289 1579.2080078125 1029.702880859375 -27.37076449091154 0.0 0.0 0.0 0.0 0.0 0.0 0.0
9306 1584.1585693359375 1034.6534423828125 -26.107891992839427 0.0 0.0 0.0 0.0 0.0 0.0 0.0
9321 1594.0595703125 1039.6038818359375 -24.981271850127428 0.0 0.0 0.0 0.0 0.0 0.0 0.0
9337 1599.010009765625 1044.554443359375 -23.77743170970011 0.0 0.0 0.0 0.0 0.0 0.0 0.0
9354 1603.96044921875 1044.554443359375 -23.91041562376317 0.0 0.0 0.0 0.0 0.0 0.0 0.0
9370 1613.8614501953125 1049.5048828125 -22.8866546984257 0.0 0.0 0.0 0.0 0.0 0.0 0.0
9386 1618.81201171875 1054.4554443359375 -21.736168723244802 0.0 0.0 0.0 0.0 0.0 0.0 0.0
9402 1623.762451171875 1059.4058837890625 -20.615615347085978 0.0 0.0 0.0 0.0 0.0 0.0 0.0
9417 1628.7130126953125 1064.3563232421875 -19.52459061030673 0.0 0.0 0.0 0.0 0.0 0.0 0.0
9433 1633.6634521484375 1074.25732421875 -17.182333044255174 0.0 0.0 0.0 0.0 0.0 0.0 0.0
9449 1643.564453125 1079.2078857421875 -16.480916575011435 0.0 0.0 0.0 0.0 0.0 0.0 0.0
9466 1653.4654541015625 1089.10888671875 -14.576081057972928 0.0 0.0 0.0 0.0 0.0 0.0 0.0
9481 1658.4158935546875 1089.10888671875 -14.916930757239669 0.0 0.0 0.0 0.0 0.0 0.0 0.0
9497 1668.31689453125 1099.0098876953125 -13.097881277723758 0.0 0.0 0.0 0.0 0.0 0.0 0.0
9512 1678.2178955078125 1108.910888671875 -11.38002001472573 0.0 0.0 0.0 0.0 0.0 0.0 0.0
9529 1683.16845703125 1113.861328125 -10.546056810321389 0.0 0.0 0.0 0.0 0.0 0.0 0.0
9545 1698.0198974609375 1123.7623291015625 -9.41055539652558 0.0 0.0 0.0 0.0 0.0 0.0 0.0
9561 1707.9208984375 1138.61376953125 -6.732072654984393 0.0 0.0 0.0 0.0 0.0 0.0 0.0
9577 1717.8218994140625 1143.5643310546875 -6.546449925798669 0.0 0.0 0.0 0.0 0.0 0.0 0.0
9593 1727.722900390625 1153.46533203125 -5.204464792761087 0.0 0.0 0.0 0.0 0.0 0.0 0.0
9609 1742.5743408203125 1163.3663330078125 -4.479070886999224 0.0 0.0 0.0 0.0 0.0 0.0 0.0
9625 1757.4259033203125 1178.2177734375 -2.701456726853749 0.0 0.0 0.0 0.0 0.0 0.0 0.0
9641 1772.27734375 1188.1187744140625 -2.170079301744039 0.0 0.0 0.0 0.0 0.0 0.0 0.0
9657 1782.1783447265625 1202.97021484375 0.013617966282481575 0.0 0.0 0.0 0.0 0.0 0.0 0.0
9673 1797.02978515625 1212.8712158203125 0.333628472941939 0.0 0.0 0.0 0.0 0.0 0.0 0.0
9689 1811.88134765625 1232.6732177734375 2.728143477141586 0.0 0.0 0.0 0.0 0.0 0.0 0.0
9704 1826.7327880859375 1242.57421875 2.8362727021880545 0.0 0.0 0.0 0.0 0.0 0.0 0.0
9721 1841.584228515625 1257.4256591796875 3.970717401456497 0.0 0.0 0.0 0.0 0.0 0.0 0.0
9738 1856.435791015625 1272.2772216796875 5.003983786678873 0.0 0.0 0.0 0.0 0.0 0.0 0.0
9754 1871.287353515625 1282.17822265625 4.934299943060992 0.0 0.0 0.0 0.0 0.0 0.0 0.0
9767 1886.138671875 1301.9801025390625 6.867910367715652 0.0 0.0 0.0 0.0 0.0 0.0 0.0
9786 1900.990234375 1316.8316650390625 7.641472735521063 0.0 0.0 0.0 0.0 0.0 0.0 0.0
9801 1915.841796875 1331.68310546875 8.345396395189482 0.0 0.0 0.0 0.0 0.0 0.0 0.0
9817 1930.693115234375 1356.435546875 10.85179960953488 0.0 0.0 0.0 0.0 0.0 0.0 0.0
9833 1945.544677734375 1371.287109375 11.265902309530958 0.0 0.0 0.0 0.0 0.0 0.0 0.0
9849 1965.3466796875 1386.1385498046875 10.84822189987051 0.0 0.0 0.0 0.0 0.0 0.0 0.0
9865 1985.148681640625 1405.9405517578125 11.384636081169305 0.0 0.0 0.0 0.0 0.0 0.0 0.0
9881 2004.95068359375 1425.7425537109375 11.858209753452485 0.0 0.0 0.0 0.0 0.0 0.0 0.0
9897 2024.752685546875 1445.5445556640625 12.276280668500505 0.0 0.0 0.0 0.0 0.0 0.0 0.0
9913 2044.554443359375 1465.346435546875 12.645351176466505 0.0 0.0 0.0 0.0 0.0 0.0 0.0
9929 2064.3564453125 1480.197998046875 12.082929404345094 0.0 0.0 0.0 0.0 0.0 0.0 0.0
9945 2094.0595703125 1500.0 10.929981170600598 0.0 0.0 0.0 0.0 0.0 0.0 0.0
9961 2123.762451171875 1524.75244140625 10.821068959431159 0.0 0.0 0.0 0.0 0.0 0.0 0.0
9977 2158.416015625 1544.554443359375 9.129354333159966 0.0 0.0 0.0 0.0 0.0 0.0 0.0
9993 2198.02001953125 1574.25732421875 8.779670661517201 0.0 0.0 0.0 0.0 0.0 0.0 0.0
10009 2237.623779296875 1608.910888671875 9.34501251954299 0.0 0.0 0.0 0.0 0.0 0.0 0.0
10025 2277.227783203125 1643.5643310546875 9.797358843552303 0.0 0.0 0.0 0.0 0.0 0.0 0.0
10041 2321.7822265625 1678.2177734375 9.48030425793408 0.0 0.0 0.0 0.0 0.0 0.0 0.0
10057 2361.38623046875 1717.82177734375 10.727447902840652 0.0 0.0 0.0 0.0 0.0 0.0 0.0
10072 2400.990234375 1757.4256591796875 11.713115167757593 0.0 0.0 0.0 0.0 0.0 0.0 0.0
10089 2445.544677734375 1797.0296630859375 11.788694945879854 0.0 0.0 0.0 0.0 0.0 0.0 0.0
10106 2495.049560546875 1841.5841064453125 11.937799822007918 0.0 0.0 0.0 0.0 0.0 0.0 0.0
10136 2534.653564453125 1881.1881103515625 12.669527131094412 0.0 0.0 0.0 0.0 0.0 0.0 0.0
10143 2574.257568359375 1920.7919921875 13.247624399757711 0.0 0.0 0.0 0.0 0.0 0.0 0.0
10152 2623.762451171875 1960.39599609375 12.284210248442832 0.0 0.0 0.0 0.0 0.0 0.0 0.0
10170 2663.366455078125 1995.049560546875 12.149048736619449 0.0 0.0 0.0 0.0 0.0 0.0 0.0
10185 2702.970458984375 2019.802001953125 10.389021841612646 0.0 0.0 0.0 0.0 0.0 0.0 0.0
10201 2737.623779296875 2044.554443359375 9.644482878328063 0.0 0.0 0.0 0.0 0.0 0.0 0.0
10217 2777.227783203125 2059.406005859375 6.553440702205094 0.0 0.0 0.0 0.0 0.0 0.0 0.0
10233 2811.88134765625 2079.207763671875 5.5371480183487165 0.0 0.0 0.0 0.0 0.0 0.0 0.0
10249 2851.4853515625 2099.009765625 4.054865871680192 0.0 0.0 0.0 0.0 0.0 0.0 0.0
10265 2891.089111328125 2108.910888671875 0.908494754045222 0.0 0.0 0.0 0.0 0.0 0.0 0.0
10281 2930.693115234375 2123.76220703125 -0.7476920437232053 0.0 0.0 0.0 0.0 0.0 0.0 0.0
10297 2970.297119140625 2128.712890625 -4.158017816362417 0.0 0.0 0.0 0.0 0.0 0.0 0.0
10313 3009.901123046875 2138.61376953125 -5.999366329997926 0.0 0.0 0.0 0.0 0.0 0.0 0.0
10328 3044.554443359375 2143.564208984375 -8.184660783389347 0.0 0.0 0.0 0.0 0.0 0.0 0.0
10345 3074.257568359375 2143.564208984375 -10.788246139440687 0.0 0.0 0.0 0.0 0.0 0.0 0.0
10361 3103.96044921875 2143.564208984375 -13.083106927058168 0.0 0.0 0.0 0.0 0.0 0.0 0.0
10377 3138.614013671875 2143.564208984375 -15.393732191457502 0.0 0.0 0.0 0.0 0.0 0.0 0.0
10393 3163.366455078125 2143.564208984375 -16.874655282444735 0.0 0.0 0.0 0.0 0.0 0.0 0.0
10409 3193.0693359375 2143.564208984375 -18.43627764013901 0.0 0.0 0.0 0.0 0.0 0.0 0.0
10425 3222.7724609375 2138.61376953125 -20.977141145687312 0.0 0.0 0.0 0.0 0.0 0.0 0.0
10441 3252.475341796875 2133.663330078125 -23.212072409950196 0.0 0.0 0.0 0.0 0.0 0.0 0.0
10457 3287.12890625 2123.76220703125 -26.42213161347709 0.0 0.0 0.0 0.0 0.0 0.0 0.0
10473 3311.88134765625 2113.861328125 -29.165094510902406 0.0 0.0 0.0 0.0 0.0 0.0 0.0
10489 3336.6337890625 2099.009765625 -32.8204505390018 0.0 0.0 0.0 0.0 0.0 0.0 0.0
10505 3361.38623046875 2084.158447265625 -36.07453704781469 0.0 0.0 0.0 0.0 0.0 0.0 0.0
10521 3386.138671875 2079.207763671875 -36.58930658057827 0.0 0.0 0.0 0.0 0.0 0.0 0.0
10537 3410.89111328125 2059.406005859375 -40.59356218675276 0.0 0.0 0.0 0.0 0.0 0.0 0.0
10554 3430.693115234375 2049.5048828125 -42.05930898296913 0.0 0.0 0.0 0.0 0.0 0.0 0.0
10570 3450.4951171875 2029.702880859375 -45.736737286118355 0.0 0.0 0.0 0.0 0.0 0.0 0.0
10585 3470.297119140625 2014.851318359375 -47.88128102033467 0.0 0.0 0.0 0.0 0.0 0.0 0.0
10601 3485.148681640625 1995.049560546875 -51.38411356235494 0.0 0.0 0.0 0.0 0.0 0.0 0.0
10617 3504.95068359375 1970.296875 -55.137336217150576 0.0 0.0 0.0 0.0 0.0 0.0 0.0
10632 3519.802001953125 1950.4951171875 -57.957623511469535 0.0 0.0 0.0 0.0 0.0 0.0 0.0
10649 3539.60400390625 1930.6929931640625 -59.889668447028036 0.0 0.0 0.0 0.0 0.0 0.0 0.0
10665 3554.45556640625 1905.9405517578125 -63.25487399064973 0.0 0.0 0.0 0.0 0.0 0.0 0.0
10681 3569.30712890625 1886.1385498046875 -65.27284340943045 0.0 0.0 0.0 0.0 0.0 0.0 0.0
10697 3584.158447265625 1861.3861083984375 -68.03427658726558 0.0 0.0 0.0 0.0 0.0 0.0 0.0
10713 3603.96044921875 1836.6336669921875 -69.71053932940363 0.0 0.0 0.0 0.0 0.0 0.0 0.0
10729 3613.861572265625 1811.881103515625 -72.77696829328497 0.0 0.0 0.0 0.0 0.0 0.0 0.0
10745 3623.762451171875 1787.128662109375 -75.52441329280583 0.0 0.0 0.0 0.0 0.0 0.0 0.0
10761 3633.66357421875 1762.376220703125 -77.98122693882449 0.0 0.0 0.0 0.0 0.0 0.0 0.0
10776 3648.514892578125 1732.6732177734375 -80.01380939670594 0.0 0.0 0.0 0.0 0.0 0.0 0.0
10793 3658.416015625 1707.9207763671875 -81.98751629177067 0.0 0.0 0.0 0.0 0.0 0.0 0.0
10809 3668.31689453125 1693.0692138671875 -82.29211141958943 0.0 0.0 0.0 0.0 0.0 0.0 0.0
10824 3673.267333984375 1668.3167724609375 -85.00525973450925 0.0 0.0 0.0 0.0 0.0 0.0 0.0
10840 3683.16845703125 1643.5643310546875 -86.43195093828496 0.0 0.0 0.0 0.0 0.0 0.0 0.0
10857 3693.0693359375 1623.7623291015625 -87.05693259836096 0.0 0.0 0.0 0.0 0.0 0.0 0.0
10873 3698.02001953125 1603.9603271484375 -88.66878986822108 0.0 0.0 0.0 0.0 0.0 0.0 0.0
10888 3702.970458984375 1584.1583251953125 -90.14337451057922 0.0 0.0 0.0 0.0 0.0 0.0 0.0
10905 3712.871337890625 1564.3563232421875 -90.41626307707719 0.0 0.0 0.0 0.0 0.0 0.0 0.0
10921 3717.82177734375 1549.5048828125 -91.15494621137938 0.0 0.0 0.0 0.0 0.0 0.0 0.0
10937 3722.7724609375 1524.75244140625 -92.96730586586804 0.0 0.0 0.0 0.0 0.0 0.0 0.0
10953 3722.7724609375 1504.950439453125 -95.19203460072617 0.0 0.0 0.0 0.0 0.0 0.0 0.0
10969 3727.722900390625 1485.1484375 -96.10271440063671 0.0 0.0 0.0 0.0 0.0 0.0 0.0
10985 3732.67333984375 1465.346435546875 -96.93384772560869 0.0 0.0 0.0 0.0 0.0 0.0 0.0
11001 3737.623779296875 1445.5445556640625 -97.69222124269669 0.0 0.0 0.0 0.0 0.0 0.0 0.0
11016 3742.574462890625 1425.7425537109375 -98.38405489810059 0.0 0.0 0.0 0.0 0.0 0.0 0.0
11033 3747.52490234375 1405.9405517578125 -99.01521109264584 0.0 0.0 0.0 0.0 0.0 0.0 0.0
11048 3747.52490234375 1386.1385498046875 -100.75366577306083 0.0 0.0 0.0 0.0 0.0 0.0 0.0
11064 3752.475341796875 1376.237548828125 -100.36813557825457 0.0 0.0 0.0 0.0 0.0 0.0 0.0
11081 3757.42578125 1356.435546875 -100.82474869881705 0.0 0.0 0.0 0.0 0.0 0.0 0.0
11096 3757.42578125 1341.5841064453125 -102.04213137230991 0.0 0.0 0.0 0.0 0.0 0.0 0.0
11112 3762.376220703125 1326.732666015625 -101.97991917383995 0.0 0.0 0.0 0.0 0.0 0.0 0.0
11129 3762.376220703125 1306.9306640625 -103.47428025934403 0.0 0.0 0.0 0.0 0.0 0.0 0.0
11143 3762.376220703125 1287.128662109375 -104.84440691824503 0.0 0.0 0.0 0.0 0.0 0.0 0.0
11160 3762.376220703125 1272.2772216796875 -105.8062382728721 0.0 0.0 0.0 0.0 0.0 0.0 0.0
11177 3762.376220703125 1257.4256591796875 -106.70631549769529 0.0 0.0 0.0 0.0 0.0 0.0 0.0
11193 3762.376220703125 1242.57421875 -107.54837997226466 0.0 0.0 0.0 0.0 0.0 0.0 0.0
11209 3762.376220703125 1227.7227783203125 -108.33602198665156 0.0 0.0 0.0 0.0 0.0 0.0 0.0
11225 3762.376220703125 1212.8712158203125 -109.07269578585608 0.0 0.0 0.0 0.0 0.0 0.0 0.0
11241 3762.376220703125 1193.0692138671875 -109.971665198744 0.0 0.0 0.0 0.0 0.0 0.0 0.0
11257 3762.376220703125 1183.168212890625 -110.40124928665914 0.0 0.0 0.0 0.0 0.0 0.0 0.0
11273 3762.376220703125 1163.3663330078125 -111.18733838062843 0.0 0.0 0.0 0.0 0.0 0.0 0.0
11288 3762.376220703125 1153.46533203125 -111.56291323929987 0.0 0.0 0.0 0.0 0.0 0.0 0.0
11304 3762.376220703125 1143.5643310546875 -111.92177282471863 0.0 0.0 0.0 0.0 0.0 0.0 0.0
11321 3762.376220703125 1133.663330078125 -112.26467110818446 0.0 0.0 0.0 0.0 0.0 0.0 0.0
11336 3762.376220703125 1118.811767578125 -112.74531381943962 0.0 0.0 0.0 0.0 0.0 0.0 0.0
11353 3762.376220703125 1113.861328125 -112.90187206893293 0.0 0.0 0.0 0.0 0.0 0.0 0.0
11369 3752.475341796875 1099.0098876953125 -115.85338564473736 0.0 0.0 0.0 0.0 0.0 0.0 0.0
11385 3747.52490234375 1089.10888671875 -117.30599798341783 0.0 0.0 0.0 0.0 0.0 0.0 0.0
11400 3747.52490234375 1079.2078857421875 -117.40801141937266 0.0 0.0 0.0 0.0 0.0 0.0 0.0
11417 3742.574462890625 1064.3563232421875 -118.80895093392746 0.0 0.0 0.0 0.0 0.0 0.0 0.0
11432 3737.623779296875 1054.4554443359375 239.8701624884953 0.0 0.0 0.0 0.0 0.0 0.0 0.0
11447 3732.67333984375 1044.554443359375 238.6092004486923 0.0 0.0 0.0 0.0 0.0 0.0 0.0
11465 3722.7724609375 1034.6534423828125 236.12439153592052 0.0 0.0 0.0 0.0 0.0 0.0 0.0
11480 3722.7724609375 1019.8018798828125 236.40730099015585 0.0 0.0 0.0 0.0 0.0 0.0 0.0
11497 3717.82177734375 1014.8514404296875 235.1888709193913 0.0 0.0 0.0 0.0 0.0 0.0 0.0
11513 3712.871337890625 1009.90087890625 234.0011423320408 0.0 0.0 0.0 0.0 0.0 0.0 0.0
11528 3707.9208984375 1000.0 233.0129261043218 0.0 0.0 0.0 0.0 0.0 0.0 0.0
11544 3702.970458984375 995.0494384765625 231.8811046344501 0.0 0.0 0.0 0.0 0.0 0.0 0.0
11561 3698.02001953125 985.1484375 230.99374575248336 0.0 0.0 0.0 0.0 0.0 0.0 0.0
11576 3693.0693359375 980.197998046875 229.91506058130383 0.0 0.0 0.0 0.0 0.0 0.0 0.0
11592 3688.118896484375 970.2969970703125 229.12218879362254 0.0 0.0 0.0 0.0 0.0 0.0 0.0
11609 3683.16845703125 965.346435546875 228.09402647659093 0.0 0.0 0.0 0.0 0.0 0.0 0.0
11625 3678.218017578125 955.4454345703125 227.3893564725399 0.0 0.0 0.0 0.0 0.0 0.0 0.0
11640 3673.267333984375 945.5445556640625 226.71892566891214 0.0 0.0 0.0 0.0 0.0 0.0 0.0
11657 3668.31689453125 945.5445556640625 225.4180343331915 0.0 0.0 0.0 0.0 0.0 0.0 0.0
11672 3663.366455078125 935.6435546875 224.84408297342785 0.0 0.0 0.0 0.0 0.0 0.0 0.0
11688 3658.416015625 925.7425537109375 224.29836358363414 0.0 0.0 0.0 0.0 0.0 0.0 0.0
11704 3648.514892578125 920.7919921875 222.16200993238945 0.0 0.0 0.0 0.0 0.0 0.0 0.0
11736 3638.614013671875 915.841552734375 220.1033414689198 0.0 0.0 0.0 0.0 0.0 0.0 0.0
11753 3633.66357421875 910.8910522460938 219.3314516056419 0.0 0.0 0.0 0.0 0.0 0.0 0.0
11768 3628.712890625 900.9900512695312 219.05839098382333 0.0 0.0 0.0 0.0 0.0 0.0 0.0
11784 3623.762451171875 896.03955078125 218.3174258436334 0.0 0.0 0.0 0.0 0.0 0.0 0.0
11801 3618.81201171875 896.03955078125 217.0808448007568 0.0 0.0 0.0 0.0 0.0 0.0 0.0
11816 3608.910888671875 891.0890502929688 215.2169488633629 0.0 0.0 0.0 0.0 0.0 0.0 0.0
11832 3603.96044921875 886.1385498046875 214.5915695631701 0.0 0.0 0.0 0.0 0.0 0.0 0.0
11849 3599.010009765625 881.1880493164062 213.985235212099 0.0 0.0 0.0 0.0 0.0 0.0 0.0
11864 3594.0595703125 876.237548828125 213.3974496801118 0.0 0.0 0.0 0.0 0.0 0.0 0.0
11880 3584.158447265625 871.2870483398438 211.68300108722386 0.0 0.0 0.0 0.0 0.0 0.0 0.0
11897 3579.2080078125 871.2870483398438 210.51552612745607 0.0 0.0 0.0 0.0 0.0 0.0 0.0
11912 3579.2080078125 866.3366088867188 211.17352537254013 0.0 0.0 0.0 0.0 0.0 0.0 0.0
11928 3574.257568359375 861.3861083984375 210.67253597870976 0.0 0.0 0.0 0.0 0.0 0.0 0.0
11944 3564.3564453125 856.4356079101562 209.0726873786921 0.0 0.0 0.0 0.0 0.0 0.0 0.0
11960 3554.45556640625 851.485107421875 207.54165159136417 0.0 0.0 0.0 0.0 0.0 0.0 0.0
11992 3549.505126953125 851.485107421875 206.42504796527695 0.0 0.0 0.0 0.0 0.0 0.0 0.0
12008 3539.60400390625 846.5346069335938 205.01005013229988 0.0 0.0 0.0 0.0 0.0 0.0 0.0
12024 3534.653564453125 841.5841064453125 204.70291903469425 0.0 0.0 0.0 0.0 0.0 0.0 0.0
12044 3529.703125 841.5841064453125 203.6244506131218 0.0 0.0 0.0 0.0 0.0 0.0 0.0
12056 3524.752685546875 841.5841064453125 202.56116175595085 0.0 0.0 0.0 0.0 0.0 0.0 0.0
12073 3519.802001953125 836.6336059570312 202.3319938850914 0.0 0.0 0.0 0.0 0.0 0.0 0.0
12088 3509.901123046875 836.6336059570312 200.27278936142548 0.0 0.0 0.0 0.0 0.0 0.0 0.0
12104 3504.95068359375 836.6336059570312 199.25888747317973 0.0 0.0 0.0 0.0 0.0 0.0 0.0
12137 3495.049560546875 836.6336059570312 197.29275288232557 0.0 0.0 0.0 0.0 0.0 0.0 0.0
12153 3490.09912109375 831.68310546875 197.23259090262584 0.0 0.0 0.0 0.0 0.0 0.0 0.0
12168 3485.148681640625 831.68310546875 196.26632084111807 0.0 0.0 0.0 0.0 0.0 0.0 0.0
12185 3480.1982421875 826.7326049804688 196.23920910682503 0.0 0.0 0.0 0.0 0.0 0.0 0.0
12200 3475.24755859375 826.7326049804688 195.28906675677328 0.0 0.0 0.0 0.0 0.0 0.0 0.0
12216 3470.297119140625 826.7326049804688 194.35466234491687 0.0 0.0 0.0 0.0 0.0 0.0 0.0
12233 3460.396240234375 826.7326049804688 192.54768046387167 0.0 0.0 0.0 0.0 0.0 0.0 0.0
12248 3455.445556640625 826.7326049804688 191.6598519215752 0.0 0.0 0.0 0.0 0.0 0.0 0.0
12264 3450.4951171875 821.7821044921875 191.78082621464776 0.0 0.0 0.0 0.0 0.0 0.0 0.0
12280 3440.59423828125 821.7821044921875 190.06223685926327 0.0 0.0 0.0 0.0 0.0 0.0 0.0
12296 3435.6435546875 821.7821044921875 189.2183823517112 0.0 0.0 0.0 0.0 0.0 0.0 0.0
12312 3430.693115234375 821.7821044921875 188.3898063202801 0.0 0.0 0.0 0.0 0.0 0.0 0.0
12328 3425.74267578125 821.7821044921875 187.5763770386791 0.0 0.0 0.0 0.0 0.0 0.0 0.0
12344 3415.841796875 821.7821044921875 186.00874715863537 0.0 0.0 0.0 0.0 0.0 0.0 0.0
12360 3410.89111328125 821.7821044921875 185.2397406524129 0.0 0.0 0.0 0.0 0.0 0.0 0.0
12392 3405.940673828125 821.7821044921875 184.48541967291143 0.0 0.0 0.0 0.0 0.0 0.0 0.0
12408 3396.039794921875 821.7821044921875 183.03364407310428 0.0 0.0 0.0 0.0 0.0 0.0 0.0
12424 3391.089111328125 821.7821044921875 182.32193120709294 0.0 0.0 0.0 0.0 0.0 0.0 0.0
12440 3386.138671875 821.7821044921875 181.62423823926767 0.0 0.0 0.0 0.0 0.0 0.0 0.0
12456 3381.188232421875 821.7821044921875 180.94032974203267 0.0 0.0 0.0 0.0 0.0 0.0 0.0
12472 3376.23779296875 821.7821044921875 180.27003080157786 0.0 0.0 0.0 0.0 0.0 0.0 0.0
12488 3371.287353515625 821.7821044921875 179.61317225532989 0.0 0.0 0.0 0.0 0.0 0.0 0.0
12504 3366.336669921875 821.7821044921875 178.96953787624804 0.0 0.0 0.0 0.0 0.0 0.0 0.0
12521 3361.38623046875 821.7821044921875 178.33899033579283 0.0 0.0 0.0 0.0 0.0 0.0 0.0
12537 3356.435791015625 821.7821044921875 177.72130415317613 0.0 0.0 0.0 0.0 0.0 0.0 0.0
12552 3346.53466796875 821.7821044921875 176.53564593796878 0.0 0.0 0.0 0.0 0.0 0.0 0.0
12569 3341.584228515625 821.7821044921875 175.95517130251042 0.0 0.0 0.0 0.0 0.0 0.0 0.0
12584 3336.6337890625 821.7821044921875 175.38677671932604 0.0 0.0 0.0 0.0 0.0 0.0 0.0
12600 3326.732666015625 821.7821044921875 174.2965613689178 0.0 0.0 0.0 0.0 0.0 0.0 0.0
12616 3316.831787109375 821.7821044921875 173.2514691013262 0.0 0.0 0.0 0.0 0.0 0.0 0.0
12632 3311.88134765625 826.7326049804688 171.51009840174905 0.0 0.0 0.0 0.0 0.0 0.0 0.0
12648 3301.980224609375 826.7326049804688 170.5817682351715 0.0 0.0 0.0 0.0 0.0 0.0 0.0
12665 3297.02978515625 826.7326049804688 170.12766848268373 0.0 0.0 0.0 0.0 0.0 0.0 0.0
12680 3287.12890625 826.7326049804688 169.2580351453146 0.0 0.0 0.0 0.0 0.0 0.0 0.0
12696 3282.17822265625 826.7326049804688 168.83268635688418 0.0 0.0 0.0 0.0 0.0 0.0 0.0
12712 3277.227783203125 831.68310546875 167.15499701792865 0.0 0.0 0.0 0.0 0.0 0.0 0.0
12728 3267.326904296875 831.68310546875 166.41298383657576 0.0 0.0 0.0 0.0 0.0 0.0 0.0
12744 3267.326904296875 836.6336059570312 165.11014515292769 0.0 0.0 0.0 0.0 0.0 0.0 0.0
12760 3257.42578125 836.6336059570312 164.45691461472623 0.0 0.0 0.0 0.0 0.0 0.0 0.0
12776 3252.475341796875 841.5841064453125 162.8516603221066 0.0 0.0 0.0 0.0 0.0 0.0 0.0
12792 3242.574462890625 841.5841064453125 162.29738122456834 0.0 0.0 0.0 0.0 0.0 0.0 0.0
12824 3237.623779296875 846.5346069335938 160.7311717483107 0.0 0.0 0.0 0.0 0.0 0.0 0.0
12840 3227.722900390625 846.5346069335938 160.27047348215333 0.0 0.0 0.0 0.0 0.0 0.0 0.0
12856 3222.7724609375 851.485107421875 158.74283195845257 0.0 0.0 0.0 0.0 0.0 0.0 0.0
12871 3217.82177734375 851.485107421875 158.5523656419193 0.0 0.0 0.0 0.0 0.0 0.0 0.0
12888 3207.9208984375 851.485107421875 158.18839690690302 0.0 0.0 0.0 0.0 0.0 0.0 0.0
12904 3198.02001953125 856.4356079101562 156.5611212864865 0.0 0.0 0.0 0.0 0.0 0.0 0.0
12920 3193.0693359375 861.3861083984375 155.10869664418377 0.0 0.0 0.0 0.0 0.0 0.0 0.0
12937 3183.16845703125 861.3861083984375 154.89847902337206 0.0 0.0 0.0 0.0 0.0 0.0 0.0
12953 3173.267333984375 866.3366088867188 153.41287511122144 0.0 0.0 0.0 0.0 0.0 0.0 0.0
12968 3168.31689453125 871.2870483398438 152.02878718569085 0.0 0.0 0.0 0.0 0.0 0.0 0.0
12984 3158.416015625 871.2870483398438 151.95666142168224 0.0 0.0 0.0 0.0 0.0 0.0 0.0
13001 3143.564453125 876.237548828125 150.5974444888204 0.0 0.0 0.0 0.0 0.0 0.0 0.0
13016 3138.614013671875 876.237548828125 150.5934150683261 0.0 0.0 0.0 0.0 0.0 0.0 0.0
13032 3123.762451171875 886.1385498046875 148.06738048383139 0.0 0.0 0.0 0.0 0.0 0.0 0.0
13048 3118.81201171875 891.0890502929688 146.808106780622 0.0 0.0 0.0 0.0 0.0 0.0 0.0
13064 3108.910888671875 891.0890502929688 146.97027608438444 0.0 0.0 0.0 0.0 0.0 0.0 0.0
13080 3099.010009765625 896.03955078125 145.84281190604784 0.0 0.0 0.0 0.0 0.0 0.0 0.0
13096 3094.0595703125 900.9900512695312 144.63855533617695 0.0 0.0 0.0 0.0 0.0 0.0 0.0
13112 3084.158447265625 905.9405517578125 143.62024493540466 0.0 0.0 0.0 0.0 0.0 0.0 0.0
13127 3074.257568359375 910.8910522460938 142.65007069421304 0.0 0.0 0.0 0.0 0.0 0.0 0.0
13144 3064.3564453125 920.7919921875 140.46252019432907 0.0 0.0 0.0 0.0 0.0 0.0 0.0
13160 3049.505126953125 920.7919921875 141.11587323280654 0.0 0.0 0.0 0.0 0.0 0.0 0.0
13176 3044.554443359375 925.7425537109375 140.03398185145696 0.0 0.0 0.0 0.0 0.0 0.0 0.0
13222 3029.703125 935.6435546875 138.25245146274258 0.0 0.0 0.0 0.0 0.0 0.0 0.0
13228 3009.901123046875 950.4949951171875 135.7117861660151 0.0 0.0 0.0 0.0 0.0 0.0 0.0
13240 3000.0 955.4454345703125 135.12346468483742 0.0 0.0 0.0 0.0 0.0 0.0 0.0
13256 2990.09912109375 965.346435546875 133.33971175647454 0.0 0.0 0.0 0.0 0.0 0.0 0.0
13272 2975.24755859375 970.2969970703125 133.24611222815926 0.0 0.0 0.0 0.0 0.0 0.0 0.0
13288 2965.3466796875 980.197998046875 131.56734640860776 0.0 0.0 0.0 0.0 0.0 0.0 0.0
13304 2950.4951171875 990.0989990234375 130.41837890315384 0.0 0.0 0.0 0.0 0.0 0.0 0.0
13320 2940.59423828125 995.0494384765625 130.0913596666985 0.0 0.0 0.0 0.0 0.0 0.0 0.0
13337 2925.74267578125 1004.950439453125 129.05498744572753 0.0 0.0 0.0 0.0 0.0 0.0 0.0
13352 2905.940673828125 1019.8018798828125 127.43870251365041 0.0 0.0 0.0 0.0 0.0 0.0 0.0
13368 2891.089111328125 1024.75244140625 127.75314056023353 0.0 0.0 0.0 0.0 0.0 0.0 0.0
13384 2871.287353515625 1039.6038818359375 126.27051161409983 0.0 0.0 0.0 0.0 0.0 0.0 0.0
13399 2856.435791015625 1054.4554443359375 124.41099064802168 0.0 0.0 0.0 0.0 0.0 0.0 0.0
13415 2831.683349609375 1069.306884765625 123.81451384649733 0.0 0.0 0.0 0.0 0.0 0.0 0.0
13432 2811.88134765625 1084.1583251953125 122.7393718362739 0.0 0.0 0.0 0.0 0.0 0.0 0.0
13448 2792.079345703125 1103.9603271484375 120.72792088719706 0.0 0.0 0.0 0.0 0.0 0.0 0.0
13463 2762.376220703125 1123.7623291015625 120.14910814172123 0.0 0.0 0.0 0.0 0.0 0.0 0.0
13481 2737.623779296875 1143.5643310546875 119.05447727495962 0.0 0.0 0.0 0.0 0.0 0.0 0.0
13495 2707.9208984375 1163.3663330078125 118.71790526571533 0.0 0.0 0.0 0.0 0.0 0.0 0.0
13511 2678.218017578125 1188.1187744140625 117.46377943242629 0.0 0.0 0.0 0.0 0.0 0.0 0.0
13528 2643.564453125 1212.8712158203125 117.03005522126338 0.0 0.0 0.0 0.0 0.0 0.0 0.0
13544 2613.861572265625 1237.6236572265625 116.03649396168555 0.0 0.0 0.0 0.0 0.0 0.0 0.0
13559 2579.2080078125 1257.4256591796875 116.77538493611297 0.0 0.0 0.0 0.0 0.0 0.0 0.0
13576 2544.554443359375 1282.17822265625 116.45735274563057 0.0 0.0 0.0 0.0 0.0 0.0 0.0
13591 2500.0 1306.9306640625 117.41351130291869 0.0 0.0 0.0 0.0 0.0 0.0 0.0
13608 2465.3466796875 1331.68310546875 116.98820206072287 0.0 0.0 0.0 0.0 0.0 0.0 0.0
13624 2420.792236328125 1356.435546875 117.84109837134852 0.0 0.0 0.0 0.0 0.0 0.0 0.0
13640 2376.23779296875 1381.1881103515625 118.52797555257635 0.0 0.0 0.0 0.0 0.0 0.0 0.0
13656 2336.6337890625 1405.9405517578125 118.50779661390428 0.0 0.0 0.0 0.0 0.0 0.0 0.0
13672 2292.079345703125 1430.6929931640625 119.06487827927361 0.0 0.0 0.0 0.0 0.0 0.0 0.0
13686 2247.52490234375 1455.4454345703125 119.5134934594802 0.0 0.0 0.0 0.0 0.0 0.0 0.0
13704 2207.9208984375 1480.197998046875 119.3144181577637 0.0 0.0 0.0 0.0 0.0 0.0 0.0
13721 2158.416015625 1504.950439453125 120.25930592271678 0.0 0.0 0.0 0.0 0.0 0.0 0.0
13735 2108.910888671875 1529.702880859375 121.00783037430946 0.0 0.0 0.0 0.0 0.0 0.0 0.0
13752 2059.406005859375 1549.5048828125 122.54360023815005 0.0 0.0 0.0 0.0 0.0 0.0 0.0
13768 2014.8515625 1579.2078857421875 121.36652433538273 0.0 0.0 0.0 0.0 0.0 0.0 0.0
13783 1965.3466796875 1603.9603271484375 121.88473172383746 0.0 0.0 0.0 0.0 0.0 0.0 0.0
13799 1920.792236328125 1623.7623291015625 122.74428087105687 0.0 0.0 0.0 0.0 0.0 0.0 0.0
13816 1871.287353515625 1648.5147705078125 122.97585111409478 0.0 0.0 0.0 0.0 0.0 0.0 0.0
13831 1821.7822265625 1673.267333984375 123.15922976482432 0.0 0.0 0.0 0.0 0.0 0.0 0.0
13847 1757.4259033203125 1707.9207763671875 122.89184950019714 0.0 0.0 0.0 0.0 0.0 0.0 0.0
13864 1707.9208984375 1737.6236572265625 122.15338933705712 0.0 0.0 0.0 0.0 0.0 0.0 0.0
13879 1653.4654541015625 1762.376220703125 122.99912356987326 0.0 0.0 0.0 0.0 0.0 0.0 0.0
13895 1594.0595703125 1792.0791015625 123.2048197983622 0.0 0.0 0.0 0.0 0.0 0.0 0.0
13912 1534.653564453125 1816.8316650390625 124.28035458076042 0.0 0.0 0.0 0.0 0.0 0.0 0.0
13927 1470.297119140625 1851.485107421875 123.7241706112203 0.0 0.0 0.0 0.0 0.0 0.0 0.0
13943 1425.74267578125 1881.1881103515625 122.30847237708412 0.0 0.0 0.0 0.0 0.0 0.0 0.0
13960 1366.3367919921875 1905.9405517578125 123.5934941422145 0.0 0.0 0.0 0.0 0.0 0.0 0.0
13975 1316.831787109375 1930.6929931640625 123.64836849228416 0.0 0.0 0.0 0.0 0.0 0.0 0.0
13992 1267.3267822265625 1950.4951171875 124.65224723999569 0.0 0.0 0.0 0.0 0.0 0.0 0.0
14008 1212.871337890625 1975.24755859375 124.94553268526329 0.0 0.0 0.0 0.0 0.0 0.0 0.0
14023 1168.31689453125 2000.0 124.24860963098493 0.0 0.0 0.0 0.0 0.0 0.0 0.0
14039 1118.81201171875 2014.851318359375 126.111338314052 0.0 0.0 0.0 0.0 0.0 0.0 0.0
14056 1069.3070068359375 2034.6533203125 126.6181860734959 0.0 0.0 0.0 0.0 0.0 0.0 0.0
14071 1019.8021240234375 2054.455322265625 127.0226972580686 0.0 0.0 0.0 0.0 0.0 0.0 0.0
14088 970.297119140625 2069.306884765625 128.34147445801554 0.0 0.0 0.0 0.0 0.0 0.0 0.0
14105 925.74267578125 2094.059326171875 126.98427303981057 0.0 0.0 0.0 0.0 0.0 0.0 0.0
14120 876.2376708984375 2108.910888671875 128.3105889417181 0.0 0.0 0.0 0.0 0.0 0.0 0.0
14136 831.6832885742188 2128.712890625 127.9626508322238 0.0 0.0 0.0 0.0 0.0 0.0 0.0
14152 787.1288452148438 2148.514892578125 127.68013891609837 0.0 0.0 0.0 0.0 0.0 0.0 0.0
14168 747.5248413085938 2163.3662109375 128.0457147310551 0.0 0.0 0.0 0.0 0.0 0.0 0.0
14183 702.9703979492188 2173.267333984375 129.79505261106638 0.0 0.0 0.0 0.0 0.0 0.0 0.0
14200 658.4159545898438 2188.11865234375 130.19473319434275 0.0 0.0 0.0 0.0 0.0 0.0 0.0
14215 618.81201171875 2198.019775390625 131.19875931204496 0.0 0.0 0.0 0.0 0.0 0.0 0.0
14231 569.3070068359375 2207.920654296875 132.72647962628704 0.0 0.0 0.0 0.0 0.0 0.0 0.0
14248 524.7525634765625 2212.871337890625 134.71224676767028 0.0 0.0 0.0 0.0 0.0 0.0 0.0
14263 490.09912109375 2212.871337890625 136.91469667459253 0.0 0.0 0.0 0.0 0.0 0.0 0.0
14279 450.49517822265625 2212.871337890625 139.04118862293254 0.0 0.0 0.0 0.0 0.0 0.0 0.0
14296 405.940673828125 2212.871337890625 141.02136308980923 0.0 0.0 0.0 0.0 0.0 0.0 0.0
14311 376.23773193359375 2207.920654296875 143.3529847524301 0.0 0.0 0.0 0.0 0.0 0.0 0.0
14327 346.53472900390625 2193.0693359375 147.76744990185168 0.0 0.0 0.0 0.0 0.0 0.0 0.0
14344 311.88128662109375 2173.267333984375 152.77004247092358 0.0 0.0 0.0 0.0 0.0 0.0 0.0
14359 287.1288146972656 2163.3662109375 154.9269028706075 0.0 0.0 0.0 0.0 0.0 0.0 0.0
14375 267.32684326171875 2148.514892578125 158.20238921455248 0.0 0.0 0.0 0.0 0.0 0.0 0.0
14392 247.52484130859375 2123.76220703125 163.54497713052436 0.0 0.0 0.0 0.0 0.0 0.0 0.0
14408 227.72286987304688 2103.96044921875 167.15520904295286 0.0 0.0 0.0 0.0 0.0 0.0 0.0
14423 212.87139892578125 2084.158447265625 170.800594053901 0.0 0.0 0.0 0.0 0.0 0.0 0.0
14440 198.0198974609375 2064.3564453125 174.11215518877688 0.0 0.0 0.0 0.0 0.0 0.0 0.0
14455 188.11892700195312 2049.5048828125 176.55384690675825 0.0 0.0 0.0 0.0 0.0 0.0 0.0
14471 178.21792602539062 2029.702880859375 179.91836766723273 0.0 0.0 0.0 0.0 0.0 0.0 0.0
14488 173.26742553710938 2004.950439453125 184.7273506269601 0.0 0.0 0.0 0.0 0.0 0.0 0.0
14504 168.31692504882812 1985.1484375 188.1648702583748 0.0 0.0 0.0 0.0 0.0 0.0 0.0
14520 163.366455078125 1965.346435546875 191.35399919241425 0.0 0.0 0.0 0.0 0.0 0.0 0.0
14537 163.366455078125 1950.4951171875 194.26901801519492 0.0 0.0 0.0 0.0 0.0 0.0 0.0
14552 163.366455078125 1930.6929931640625 197.91161698176157 0.0 0.0 0.0 0.0 0.0 0.0 0.0
14567 163.366455078125 1905.9405517578125 202.0915476157467 0.0 0.0 0.0 0.0 0.0 0.0 0.0
14584 163.366455078125 1891.089111328125 204.46459233252185 0.0 0.0 0.0 0.0 0.0 0.0 0.0
14599 163.366455078125 1881.1881103515625 205.9878286308447 0.0 0.0 0.0 0.0 0.0 0.0 0.0
14615 163.366455078125 1861.3861083984375 208.81243401809357 0.0 0.0 0.0 0.0 0.0 0.0 0.0
14631 163.366455078125 1851.485107421875 210.16956467250228 0.0 0.0 0.0 0.0 0.0 0.0 0.0
14647 163.366455078125 1836.6336669921875 212.08749855910256 0.0 0.0 0.0 0.0 0.0 0.0 0.0
14663 168.31692504882812 1826.732666015625 214.47759581289128 0.0 0.0 0.0 0.0 0.0 0.0 0.0
14680 173.26742553710938 1811.881103515625 217.30367474717352 0.0 0.0 0.0 0.0 0.0 0.0 0.0
14695 178.21792602539062 1801.9801025390625 219.5231990730247 0.0 0.0 0.0 0.0 0.0 0.0 0.0
14711 183.16842651367188 1792.0791015625 221.66501923874452 0.0 0.0 0.0 0.0 0.0 0.0 0.0
14728 188.11892700195312 1787.128662109375 223.3480686818754 0.0 0.0 0.0 0.0 0.0 0.0 0.0
14743 193.06939697265625 1772.2772216796875 225.67926030046092 0.0 0.0 0.0 0.0 0.0 0.0 0.0
14759 202.97039794921875 1767.32666015625 228.59287250066373 0.0 0.0 0.0 0.0 0.0 0.0 0.0
14775 207.9208984375 1762.376220703125 230.15820682887832 0.0 0.0 0.0 0.0 0.0 0.0 0.0
14791 217.8218994140625 1752.4752197265625 233.17148277755396 0.0 0.0 0.0 0.0 0.0 0.0 0.0
14807 222.77236938476562 1747.524658203125 234.64705345679417 0.0 0.0 0.0 0.0 0.0 0.0 0.0
14823 232.67337036132812 1737.6236572265625 237.47653561009403 0.0 0.0 0.0 0.0 0.0 0.0 0.0
14839 237.62387084960938 1737.6236572265625 238.82287528760858 0.0 0.0 0.0 0.0 0.0 0.0 0.0
14855 242.57437133789062 1732.6732177734375 240.1755294718411 0.0 0.0 0.0 0.0 0.0 0.0 0.0
14871 247.52484130859375 1727.7227783203125 -118.50310937502651 0.0 0.0 0.0 0.0 0.0 0.0 0.0
14887 257.42584228515625 1722.772216796875 -115.90065627465015 0.0 0.0 0.0 0.0 0.0 0.0 0.0
14903 257.42584228515625 1717.82177734375 -115.98505151254592 0.0 0.0 0.0 0.0 0.0 0.0 0.0
14920 262.3763427734375 1717.82177734375 -114.64318081720839 0.0 0.0 0.0 0.0 0.0 0.0 0.0
14935 272.27734375 1712.8712158203125 -112.14574692217266 0.0 0.0 0.0 0.0 0.0 0.0 0.0
14951 277.2278137207031 1707.9207763671875 -111.01448111415891 0.0 0.0 0.0 0.0 0.0 0.0 0.0
14968 282.1783142089844 1707.9207763671875 -109.68763704778922 0.0 0.0 0.0 0.0 0.0 0.0 0.0
14999 287.1288146972656 1707.9207763671875 -108.36648309316585 0.0 0.0 0.0 0.0 0.0 0.0 0.0
15015 292.0793151855469 1702.97021484375 -107.33587911694472 0.0 0.0 0.0 0.0 0.0 0.0 0.0
15031 297.0298156738281 1702.97021484375 -106.02651346317825 0.0 0.0 0.0 0.0 0.0 0.0 0.0
15047 301.9803161621094 1702.97021484375 -104.7246601410121 0.0 0.0 0.0 0.0 0.0 0.0 0.0
15063 306.9307861328125 1702.97021484375 -103.43095252853277 0.0 0.0 0.0 0.0 0.0 0.0 0.0
15079 306.9307861328125 1698.019775390625 -103.79720498235791 0.0 0.0 0.0 0.0 0.0 0.0 0.0
15096 311.88128662109375 1698.019775390625 -102.50966536051892 0.0 0.0 0.0 0.0 0.0 0.0 0.0
15113 321.78228759765625 1698.019775390625 -99.97152341390684 0.0 0.0 0.0 0.0 0.0 0.0 0.0
15135 326.7327880859375 1698.019775390625 -98.7130067784497 0.0 0.0 0.0 0.0 0.0 0.0 0.0
15159 331.68328857421875 1698.019775390625 -97.46522639146455 0.0 0.0 0.0 0.0 0.0 0.0 0.0
15175 336.6337890625 1698.019775390625 -96.22867868317516 0.0 0.0 0.0 0.0 0.0 0.0 0.0
15191 341.58428955078125 1698.019775390625 -95.00382338919336 0.0 0.0 0.0 0.0 0.0 0.0 0.0
15208 346.53472900390625 1698.019775390625 -93.79111774532588 0.0 0.0 0.0 0.0 0.0 0.0 0.0
15223 351.4852294921875 1698.019775390625 -92.59092290632533 0.0 0.0 0.0 0.0 0.0 0.0 0.0
15255 361.38623046875 1698.019775390625 -90.24217266534252 0.0 0.0 0.0 0.0 0.0 0.0 0.0
15271 366.33673095703125 1698.019775390625 -89.08165096928639 0.0 0.0 0.0 0.0 0.0 0.0 0.0
15287 371.2872314453125 1698.019775390625 -87.93503490946358 0.0 0.0 0.0 0.0 0.0 0.0 0.0
15304 376.23773193359375 1702.97021484375 -86.0683120366512 0.0 0.0 0.0 0.0 0.0 0.0 0.0
15319 381.188232421875 1702.97021484375 -84.95993419986354 0.0 0.0 0.0 0.0 0.0 0.0 0.0
15335 386.13873291015625 1702.97021484375 -83.86634744018829 0.0 0.0 0.0 0.0 0.0 0.0 0.0
15352 396.03973388671875 1707.9207763671875 -80.92046212159532 0.0 0.0 0.0 0.0 0.0 0.0 0.0
15367 400.99017333984375 1707.9207763671875 -79.88414763694269 0.0 0.0 0.0 0.0 0.0 0.0 0.0
15383 400.99017333984375 1712.8712158203125 -79.00824519516911 0.0 0.0 0.0 0.0 0.0 0.0 0.0
15399 410.89117431640625 1712.8712158203125 -77.02374025945667 0.0 0.0 0.0 0.0 0.0 0.0 0.0
15415 415.8416748046875 1717.82177734375 -75.11887968221333 0.0 0.0 0.0 0.0 0.0 0.0 0.0
15431 420.79217529296875 1717.82177734375 -74.17330750034085 0.0 0.0 0.0 0.0 0.0 0.0 0.0
15447 425.74267578125 1717.82177734375 -73.24342429039213 0.0 0.0 0.0 0.0 0.0 0.0 0.0
15479 435.6436767578125 1722.772216796875 -70.46119748261779 0.0 0.0 0.0 0.0 0.0 0.0 0.0
15495 440.59417724609375 1727.7227783203125 -68.56673119350691 0.0 0.0 0.0 0.0 0.0 0.0 0.0
15511 450.49517822265625 1732.6732177734375 -65.88563865124856 0.0 0.0 0.0 0.0 0.0 0.0 0.0
15527 455.4456787109375 1737.6236572265625 -64.0130305560771 0.0 0.0 0.0 0.0 0.0 0.0 0.0
15543 460.3961181640625 1737.6236572265625 -63.26603101250614 0.0 0.0 0.0 0.0 0.0 0.0 0.0
15559 470.297119140625 1742.57421875 -60.719550539943754 0.0 0.0 0.0 0.0 0.0 0.0 0.0
15575 475.24761962890625 1742.57421875 -60.03682834781279 0.0 0.0 0.0 0.0 0.0 0.0 0.0
15591 480.1981201171875 1742.57421875 -59.36771347789066 0.0 0.0 0.0 0.0 0.0 0.0 0.0
15607 485.14862060546875 1747.524658203125 -57.54637800451771 0.0 0.0 0.0 0.0 0.0 0.0 0.0
15623 490.09912109375 1747.524658203125 -56.92763414042197 0.0 0.0 0.0 0.0 0.0 0.0 0.0
15639 495.04962158203125 1752.4752197265625 -55.131385886483386 0.0 0.0 0.0 0.0 0.0 0.0 0.0
15655 500.0001220703125 1757.4256591796875 -53.35571405077128 0.0 0.0 0.0 0.0 0.0 0.0 0.0
15670 504.95062255859375 1762.376220703125 -51.60192612510684 0.0 0.0 0.0 0.0 0.0 0.0 0.0
15688 514.8515625 1762.376220703125 -50.634159052865385 0.0 0.0 0.0 0.0 0.0 0.0 0.0
15704 519.8020629882812 1767.32666015625 -48.91717276446009 0.0 0.0 0.0 0.0 0.0 0.0 0.0
15719 524.7525634765625 1772.2772216796875 -47.22528189844486 0.0 0.0 0.0 0.0 0.0 0.0 0.0
15736 529.7030639648438 1772.2772216796875 -46.82594505462394 0.0 0.0 0.0 0.0 0.0 0.0 0.0
15751 534.653564453125 1777.2276611328125 -45.16660504674316 0.0 0.0 0.0 0.0 0.0 0.0 0.0
15767 544.5545654296875 1782.17822265625 -43.22211740859099 0.0 0.0 0.0 0.0 0.0 0.0 0.0
15799 549.5050659179688 1787.128662109375 -41.62378141183153 0.0 0.0 0.0 0.0 0.0 0.0 0.0
15815 559.4060668945312 1787.128662109375 -41.086380346923704 0.0 0.0 0.0 0.0 0.0 0.0 0.0
15831 569.3070068359375 1787.128662109375 -40.572671060382504 0.0 0.0 0.0 0.0 0.0 0.0 0.0
15847 569.3070068359375 1792.0791015625 -39.24494552980573 0.0 0.0 0.0 0.0 0.0 0.0 0.0
15863 574.2575073242188 1797.0296630859375 -37.720818685046964 0.0 0.0 0.0 0.0 0.0 0.0 0.0
15879 579.2080078125 1801.9801025390625 -36.227054641878226 0.0 0.0 0.0 0.0 0.0 0.0 0.0
15895 589.1090087890625 1806.9306640625 -34.647345633676466 0.0 0.0 0.0 0.0 0.0 0.0 0.0
15911 594.0595092773438 1806.9306640625 -34.53108013395524 0.0 0.0 0.0 0.0 0.0 0.0 0.0
15927 594.0595092773438 1811.881103515625 -33.18690954962459 0.0 0.0 0.0 0.0 0.0 0.0 0.0
15943 599.010009765625 1811.881103515625 -33.10409175252427 0.0 0.0 0.0 0.0 0.0 0.0 0.0
15959 603.9605102539062 1811.881103515625 -33.02314254685332 0.0 0.0 0.0 0.0 0.0 0.0 0.0
15975 608.9110107421875 1811.881103515625 -32.94405246678019 0.0 0.0 0.0 0.0 0.0 0.0 0.0
15991 613.8615112304688 1816.8316650390625 -31.551576318713046 0.0 0.0 0.0 0.0 0.0 0.0 0.0
16007 618.81201171875 1821.7821044921875 -30.19041170302573 0.0 0.0 0.0 0.0 0.0 0.0 0.0
16023 623.762451171875 1826.732666015625 -28.86049173092431 0.0 0.0 0.0 0.0 0.0 0.0 0.0
16038 628.7129516601562 1826.732666015625 -28.87695817321911 0.0 0.0 0.0 0.0 0.0 0.0 0.0
16055 633.6634521484375 1831.68310546875 -27.57794005288109 0.0 0.0 0.0 0.0 0.0 0.0 0.0
16071 638.6139526367188 1836.6336669921875 -26.310027059729222 0.0 0.0 0.0 0.0 0.0 0.0 0.0
16088 643.564453125 1836.6336669921875 -26.38504579843969 0.0 0.0 0.0 0.0 0.0 0.0 0.0
16104 648.5149536132812 1836.6336669921875 -26.458329878036835 0.0 0.0 0.0 0.0 0.0 0.0 0.0
16120 653.4654541015625 1836.6336669921875 -26.52995079165622 0.0 0.0 0.0 0.0 0.0 0.0 0.0
16135 658.4159545898438 1841.5841064453125 -25.287644090407383 0.0 0.0 0.0 0.0 0.0 0.0 0.0
16151 668.3169555664062 1846.5345458984375 -24.19926359594561 0.0 0.0 0.0 0.0 0.0 0.0 0.0
16168 668.3169555664062 1851.485107421875 -22.861642090257206 0.0 0.0 0.0 0.0 0.0 0.0 0.0
16183 673.2674560546875 1856.435546875 -21.71183322300027 0.0 0.0 0.0 0.0 0.0 0.0 0.0
16199 678.2178955078125 1856.435546875 -21.891949136767806 0.0 0.0 0.0 0.0 0.0 0.0 0.0
16215 683.1683959960938 1856.435546875 -22.06796584090985 0.0 0.0 0.0 0.0 0.0 0.0 0.0
16231 688.118896484375 1861.3861083984375 -20.938716936894807 0.0 0.0 0.0 0.0 0.0 0.0 0.0
16247 693.0693969726562 1861.3861083984375 -21.136405670651598 0.0 0.0 0.0 0.0 0.0 0.0 0.0
16263 698.0198974609375 1866.3365478515625 -20.031599344595364 0.0 0.0 0.0 0.0 0.0 0.0 0.0
16279 702.9703979492188 1866.3365478515625 -20.249895323961468 0.0 0.0 0.0 0.0 0.0 0.0 0.0
16295 707.9208984375 1871.287109375 -19.16855333419879 0.0 0.0 0.0 0.0 0.0 0.0 0.0
16311 712.8713989257812 1871.287109375 -19.406378061122055 0.0 0.0 0.0 0.0 0.0 0.0 0.0
16327 712.8713989257812 1876.237548828125 -18.08654860889166 0.0 0.0 0.0 0.0 0.0 0.0 0.0
16343 717.8218994140625 1881.1881103515625 -17.06353699847361 0.0 0.0 0.0 0.0 0.0 0.0 0.0
16359 722.7723999023438 1881.1881103515625 -17.348798653221806 0.0 0.0 0.0 0.0 0.0 0.0 0.0
16375 727.722900390625 1886.1385498046875 -16.346039842773507 0.0 0.0 0.0 0.0 0.0 0.0 0.0
16391 732.6734008789062 1886.1385498046875 -16.647388982901987 0.0 0.0 0.0 0.0 0.0 0.0 0.0
16407 737.6238403320312 1886.1385498046875 -16.94197723350655 0.0 0.0 0.0 0.0 0.0 0.0 0.0
16438 742.5743408203125 1886.1385498046875 -17.22995917316122 0.0 0.0 0.0 0.0 0.0 0.0 0.0
16455 747.5248413085938 1891.089111328125 -16.230423397675494 0.0 0.0 0.0 0.0 0.0 0.0 0.0
16471 752.475341796875 1891.089111328125 -16.534370521606277 0.0 0.0 0.0 0.0 0.0 0.0 0.0
16487 757.4258422851562 1896.03955078125 -15.554082610691268 0.0 0.0 0.0 0.0 0.0 0.0 0.0
16504 762.3763427734375 1896.03955078125 -15.873162204370956 0.0 0.0 0.0 0.0 0.0 0.0 0.0
16519 762.3763427734375 1900.989990234375 -14.57223996894578 0.0 0.0 0.0 0.0 0.0 0.0 0.0
16533 767.3268432617188 1905.9405517578125 -13.646810933804943 0.0 0.0 0.0 0.0 0.0 0.0 0.0
16552 777.2278442382812 1905.9405517578125 -14.354121048716252 0.0 0.0 0.0 0.0 0.0 0.0 0.0
16567 787.1288452148438 1905.9405517578125 -15.030664927460748 0.0 0.0 0.0 0.0 0.0 0.0 0.0
16583 787.1288452148438 1915.841552734375 -12.455680428720967 0.0 0.0 0.0 0.0 0.0 0.0 0.0
16599 797.02978515625 1920.7919921875 -11.985979042151214 0.0 0.0 0.0 0.0 0.0 0.0 0.0
16615 811.8812866210938 1925.7425537109375 -11.927627194201847 0.0 0.0 0.0 0.0 0.0 0.0 0.0
16630 816.831787109375 1930.6929931640625 -11.077805591556569 0.0 0.0 0.0 0.0 0.0 0.0 0.0
16647 826.7327880859375 1930.6929931640625 -11.895928953920631 0.0 0.0 0.0 0.0 0.0 0.0 0.0
16663 836.6337890625 1935.6435546875 -11.453857371847562 0.0 0.0 0.0 0.0 0.0 0.0 0.0
16679 841.584228515625 1940.593994140625 -10.617744885096997 0.0 0.0 0.0 0.0 0.0 0.0 0.0
16695 851.4852294921875 1945.54443359375 -10.238967535155098 0.0 0.0 0.0 0.0 0.0 0.0 0.0
16710 856.435791015625 1950.4951171875 -9.438203515476744 0.0 0.0 0.0 0.0 0.0 0.0 0.0
16726 861.38623046875 1955.445556640625 -8.661017357192094 0.0 0.0 0.0 0.0 0.0 0.0 0.0
16743 871.2872314453125 1960.39599609375 -8.379369811094207 0.0 0.0 0.0 0.0 0.0 0.0 0.0
16758 881.188232421875 1965.346435546875 -8.111755067095572 0.0 0.0 0.0 0.0 0.0 0.0 0.0
16774 891.0892333984375 1970.296875 -7.857443743760712 0.0 0.0 0.0 0.0 0.0 0.0 0.0
16791 900.990234375 1980.197998046875 -6.438895256051097 0.0 0.0 0.0 0.0 0.0 0.0 0.0
16806 910.8912353515625 1985.1484375 -6.267913282770451 0.0 0.0 0.0 0.0 0.0 0.0 0.0
16822 925.74267578125 1995.049560546875 -5.46037254334594 0.0 0.0 0.0 0.0 0.0 0.0 0.0
16838 940.5941162109375 2000.0 -5.853008100382468 0.0 0.0 0.0 0.0 0.0 0.0 0.0
16854 955.4456787109375 2004.950439453125 -6.218598938745814 0.0 0.0 0.0 0.0 0.0 0.0 0.0
16871 975.2476806640625 2019.802001953125 -4.807038290934372 0.0 0.0 0.0 0.0 0.0 0.0 0.0
16887 990.09912109375 2029.702880859375 -4.112408471951383 0.0 0.0 0.0 0.0 0.0 0.0 0.0
16904 1014.8515625 2039.60400390625 -4.523868929379248 0.0 0.0 0.0 0.0 0.0 0.0 0.0
16919 1029.703125 2049.5048828125 -3.8511906559301963 0.0 0.0 0.0 0.0 0.0 0.0 0.0
16935 1059.406005859375 2059.406005859375 -4.793207614129827 0.0 0.0 0.0 0.0 0.0 0.0 0.0
16976 1084.1585693359375 2074.25732421875 -4.049380252758112 0.0 0.0 0.0 0.0 0.0 0.0 0.0
16984 1113.8614501953125 2089.10888671875 -3.908162121600398 0.0 0.0 0.0 0.0 0.0 0.0 0.0
16998 1143.564453125 2103.96044921875 -3.7862215741433687 0.0 0.0 0.0 0.0 0.0 0.0 0.0
17007 1173.2674560546875 2118.811767578125 -3.6809271276955826 0.0 0.0 0.0 0.0 0.0 0.0 0.0
17018 1202.970458984375 2138.61376953125 -2.553566563873062 0.0 0.0 0.0 0.0 0.0 0.0 0.0
17031 1237.6239013671875 2153.46533203125 -3.1341386238673863 0.0 0.0 0.0 0.0 0.0 0.0 0.0
17046 1267.3267822265625 2173.267333984375 -2.085583480491053 0.0 0.0 0.0 0.0 0.0 0.0 0.0
17062 1306.9307861328125 2188.11865234375 -3.244086567664155 0.0 0.0 0.0 0.0 0.0 0.0 0.0
17077 1346.5347900390625 2217.82177734375 -1.2445327934419197 0.0 0.0 0.0 0.0 0.0 0.0 0.0
17093 1381.188232421875 2237.623779296875 -1.0196738266872956 0.0 0.0 0.0 0.0 0.0 0.0 0.0
17110 1415.8416748046875 2257.42578125 -0.8306290219679227 0.0 0.0 0.0 0.0 0.0 0.0 0.0
17127 1460.3961181640625 2277.227783203125 -1.7295289835537488 0.0 0.0 0.0 0.0 0.0 0.0 0.0
17142 1495.049560546875 2297.029541015625 -1.427465775099762 0.0 0.0 0.0 0.0 0.0 0.0 0.0
17159 1539.60400390625 2316.83154296875 -2.214346454257665 0.0 0.0 0.0 0.0 0.0 0.0 0.0
17175 1584.1585693359375 2341.583984375 -1.8848616304762942 0.0 0.0 0.0 0.0 0.0 0.0 0.0
17190 1628.7130126953125 2366.336669921875 -1.6195249081812335 0.0 0.0 0.0 0.0 0.0 0.0 0.0
17206 1678.2178955078125 2391.089111328125 -1.9094589623396132 0.0 0.0 0.0 0.0 0.0 0.0 0.0
17223 1722.7723388671875 2410.89111328125 -2.605844300177182 0.0 0.0 0.0 0.0 0.0 0.0 0.0
17238 1777.227783203125 2435.6435546875 -3.164970005972606 0.0 0.0 0.0 0.0 0.0 0.0 0.0
17254 1831.6832275390625 2455.445556640625 -4.550951568379304 0.0 0.0 0.0 0.0 0.0 0.0 0.0
17271 1886.138671875 2480.197998046875 -4.679892533412172 0.0 0.0 0.0 0.0 0.0 0.0 0.0
17287 1940.59423828125 2509.90087890625 -3.8355288456034486 0.0 0.0 0.0 0.0 0.0 0.0 0.0
17303 2000.0 2529.702880859375 -5.5082927616707735 0.0 0.0 0.0 0.0 0.0 0.0 0.0
17320 2059.406005859375 2549.5048828125 -6.798741815962856 0.0 0.0 0.0 0.0 0.0 0.0 0.0
17334 2118.81201171875 2564.3564453125 -8.76480075534181 0.0 0.0 0.0 0.0 0.0 0.0 0.0
17350 2183.16845703125 2579.207763671875 -10.629043340545223 0.0 0.0 0.0 0.0 0.0 0.0 0.0
17367 2242.574462890625 2594.059326171875 -11.735030543131359 0.0 0.0 0.0 0.0 0.0 0.0 0.0
17386 2301.980224609375 2603.96044921875 -13.595659642954729 0.0 0.0 0.0 0.0 0.0 0.0 0.0
17399 2366.336669921875 2618.811767578125 -14.308801105806936 0.0 0.0 0.0 0.0 0.0 0.0 0.0
17415 2425.74267578125 2623.76220703125 -16.620623157692805 0.0 0.0 0.0 0.0 0.0 0.0 0.0
17430 2475.24755859375 2628.712890625 -18.003426233827952 0.0 0.0 0.0 0.0 0.0 0.0 0.0
17447 2534.653564453125 2628.712890625 -20.54228895877631 0.0 0.0 0.0 0.0 0.0 0.0 0.0
17462 2589.109130859375 2628.712890625 -22.394953954376717 0.0 0.0 0.0 0.0 0.0 0.0 0.0
17478 2638.614013671875 2628.712890625 -23.760166547647486 0.0 0.0 0.0 0.0 0.0 0.0 0.0
17494 2688.118896484375 2628.712890625 -24.86641296153836 0.0 0.0 0.0 0.0 0.0 0.0 0.0
17510 2737.623779296875 2628.712890625 -25.762584260977874 0.0 0.0 0.0 0.0 0.0 0.0 0.0
17526 2777.227783203125 2628.712890625 -26.366228030836837 0.0 0.0 0.0 0.0 0.0 0.0 0.0
17542 2811.88134765625 2628.712890625 -26.819838755651986 0.0 0.0 0.0 0.0 0.0 0.0 0.0
17558 2846.53466796875 2623.76220703125 -28.365926248070423 0.0 0.0 0.0 0.0 0.0 0.0 0.0
17574 2876.23779296875 2623.76220703125 -28.51572812320481 0.0 0.0 0.0 0.0 0.0 0.0 0.0
17590 2900.990234375 2618.811767578125 -29.83262663323802 0.0 0.0 0.0 0.0 0.0 0.0 0.0
17606 2925.74267578125 2613.861328125 -31.01065335602236 0.0 0.0 0.0 0.0 0.0 0.0 0.0
17622 2950.4951171875 2608.910888671875 -32.06409531136768 0.0 0.0 0.0 0.0 0.0 0.0 0.0
17638 2965.3466796875 2603.96044921875 -33.15608615160808 0.0 0.0 0.0 0.0 0.0 0.0 0.0
17654 2975.24755859375 2603.96044921875 -32.99554509183463 0.0 0.0 0.0 0.0 0.0 0.0 0.0
17671 2990.09912109375 2603.96044921875 -32.77053331498615 0.0 0.0 0.0 0.0 0.0 0.0 0.0
17687 2995.049560546875 2603.96044921875 -32.697271850970566 0.0 0.0 0.0 0.0 0.0 0.0 0.0
17703 3000.0 2603.96044921875 -32.625650046001084 0.0 0.0 0.0 0.0 0.0 0.0 0.0
17718 3004.95068359375 2603.96044921875 -32.555655494551715 0.0 0.0 0.0 0.0 0.0 0.0 0.0
17735 3034.653564453125 2608.910888671875 -31.007553180492266 0.0 0.0 0.0 0.0 0.0 0.0 0.0