0 2000.0 1500.0 0 0.0 0.0 0.0 0.0 0.0 0.0 0.0
123 1924.0506591796875 1436.7088623046875 341.98102337261093 0.0 0.0 0.0 0.0 0.0 0.0 0.0
142 1873.417724609375 1436.7088623046875 326.2870599026877 0.0 0.0 0.0 0.0 0.0 0.0 0.0
161 1810.1265869140625 1436.7088623046875 311.3865700433932 0.0 0.0 0.0 0.0 0.0 0.0 0.0
179 1746.83544921875 1411.392333984375 306.7498241386926 0.0 0.0 0.0 0.0 0.0 0.0 0.0
195 1683.5443115234375 1386.075927734375 303.57947600636385 0.0 0.0 0.0 0.0 0.0 0.0 0.0
211 1620.253173828125 1373.417724609375 298.30081739852113 0.0 0.0 0.0 0.0 0.0 0.0 0.0
227 1569.6202392578125 1360.7593994140625 295.85838450065444 0.0 0.0 0.0 0.0 0.0 0.0 0.0
242 1518.9873046875 1348.1011962890625 294.0564596677972 0.0 0.0 0.0 0.0 0.0 0.0 0.0
255 1455.6961669921875 1322.7847900390625 294.9199482771061 0.0 0.0 0.0 0.0 0.0 0.0 0.0
268 1392.405029296875 1310.1265869140625 292.27538166737963 0.0 0.0 0.0 0.0 0.0 0.0 0.0
285 1329.1138916015625 1297.46826171875 290.4392952634256 0.0 0.0 0.0 0.0 0.0 0.0 0.0
302 1278.48095703125 1284.81005859375 290.0620768824563 0.0 0.0 0.0 0.0 0.0 0.0 0.0
318 1240.50634765625 1272.15185546875 290.78068062499574 0.0 0.0 0.0 0.0 0.0 0.0 0.0
333 1202.5316162109375 1259.49365234375 291.3448390252638 0.0 0.0 0.0 0.0 0.0 0.0 0.0
349 1164.556884765625 1246.83544921875 291.78775118712974 0.0 0.0 0.0 0.0 0.0 0.0 0.0
362 1126.582275390625 1234.1771240234375 292.1354653402019 0.0 0.0 0.0 0.0 0.0 0.0 0.0
379 1088.6075439453125 1221.5189208984375 292.4083649732397 0.0 0.0 0.0 0.0 0.0 0.0 0.0
394 1050.6329345703125 1208.8607177734375 292.6226136495418 0.0 0.0 0.0 0.0 0.0 0.0 0.0
409 1012.658203125 1196.2025146484375 292.79079699601505 0.0 0.0 0.0 0.0 0.0 0.0 0.0
428 974.6835327148438 1196.2025146484375 289.1424449845875 0.0 0.0 0.0 0.0 0.0 0.0 0.0
444 924.0505981445312 1183.5443115234375 289.1065311926537 0.0 0.0 0.0 0.0 0.0 0.0 0.0
459 886.075927734375 1170.885986328125 290.0304276437686 0.0 0.0 0.0 0.0 0.0 0.0 0.0
474 848.1012573242188 1158.227783203125 290.7558428387494 0.0 0.0 0.0 0.0 0.0 0.0 0.0
490 822.7847900390625 1132.911376953125 296.3824755420874 0.0 0.0 0.0 0.0 0.0 0.0 0.0
506 797.4683227539062 1120.2531127929688 297.21796025596507 0.0 0.0 0.0 0.0 0.0 0.0 0.0
522 772.15185546875 1107.5949096679688 297.91809516442413 0.0 0.0 0.0 0.0 0.0 0.0 0.0
540 746.8353881835938 1094.9366455078125 298.5047716967354 0.0 0.0 0.0 0.0 0.0 0.0 0.0
556 721.5189819335938 1069.6202392578125 302.6807042754398 0.0 0.0 0.0 0.0 0.0 0.0 0.0
570 696.2025146484375 1056.9619750976562 302.4947580878703 0.0 0.0 0.0 0.0 0.0 0.0 0.0
588 670.8860473632812 1031.6455078125 305.9078142412643 0.0 0.0 0.0 0.0 0.0 0.0 0.0
604 658.2278442382812 1006.3291015625 311.0196530609186 0.0 0.0 0.0 0.0 0.0 0.0 0.0
620 645.569580078125 981.0126342773438 315.367135631666 0.0 0.0 0.0 0.0 0.0 0.0 0.0
635 632.911376953125 955.6961669921875 319.0482835947917 0.0 0.0 0.0 0.0 0.0 0.0 0.0
654 620.2531127929688 917.7214965820312 324.856279814944 0.0 0.0 0.0 0.0 0.0 0.0 0.0
668 607.5949096679688 892.405029296875 327.04325835823494 0.0 0.0 0.0 0.0 0.0 0.0 0.0
686 607.5949096679688 867.0885620117188 332.3956468385602 0.0 0.0 0.0 0.0 0.0 0.0 0.0
700 607.5949096679688 854.4303588867188 334.8845829302818 0.0 0.0 0.0 0.0 0.0 0.0 0.0
718 607.5949096679688 829.1138916015625 339.20389269881485 0.0 0.0 0.0 0.0 0.0 0.0 0.0
734 607.5949096679688 803.7974243164062 342.931414534894 0.0 0.0 0.0 0.0 0.0 0.0 0.0
749 607.5949096679688 778.48095703125 346.13753119733275 0.0 0.0 0.0 0.0 0.0 0.0 0.0
762 607.5949096679688 753.1644897460938 348.88840422007513 0.0 0.0 0.0 0.0 0.0 0.0 0.0
778 594.9367065429688 727.8480834960938 347.1925331792935 0.0 0.0 0.0 0.0 0.0 0.0 0.0
796 594.9367065429688 702.5316162109375 349.7923960998582 0.0 0.0 0.0 0.0 0.0 0.0 0.0
812 594.9367065429688 677.2151489257812 352.0179187741178 0.0 0.0 0.0 0.0 0.0 0.0 0.0
828 594.9367065429688 664.5569458007812 353.04366876866266 0.0 0.0 0.0 0.0 0.0 0.0 0.0
843 594.9367065429688 639.240478515625 354.7971857315444 0.0 0.0 0.0 0.0 0.0 0.0 0.0
859 594.9367065429688 626.5822448730469 355.6048791042472 0.0 0.0 0.0 0.0 0.0 0.0 0.0
876 594.9367065429688 613.9240112304688 356.3489155485855 0.0 0.0 0.0 0.0 0.0 0.0 0.0
890 594.9367065429688 588.6075439453125 357.61908234718044 0.0 0.0 0.0 0.0 0.0 0.0 0.0
907 594.9367065429688 575.9493408203125 358.20386028955295 0.0 0.0 0.0 0.0 0.0 0.0 0.0
926 594.9367065429688 550.6328735351562 359.20159629013597 0.0 0.0 0.0 0.0 0.0 0.0 0.0
939 594.9367065429688 537.9746398925781 359.6608596290173 0.0 0.0 0.0 0.0 0.0 0.0 0.0
954 594.9367065429688 525.31640625 0.0836195220486502 0.0 0.0 0.0 0.0 0.0 0.0 0.0
971 594.9367065429688 512.6581726074219 0.47279119604610287 0.0 0.0 0.0 0.0 0.0 0.0 0.0
987 594.9367065429688 499.9999694824219 0.831008576018462 0.0 0.0 0.0 0.0 0.0 0.0 0.0
1005 594.9367065429688 487.34173583984375 1.1607299359834542 0.0 0.0 0.0 0.0 0.0 0.0 0.0
1020 594.9367065429688 474.6835021972656 1.464219910448378 0.0 0.0 0.0 0.0 0.0 0.0 0.0
1035 607.5949096679688 462.0252685546875 6.315566401840556 0.0 0.0 0.0 0.0 0.0 0.0 0.0
1053 607.5949096679688 449.3670349121094 6.208272359248099 0.0 0.0 0.0 0.0 0.0 0.0 0.0
1068 620.2531127929688 436.7088317871094 10.659681271714021 0.0 0.0 0.0 0.0 0.0 0.0 0.0
1086 632.911376953125 424.05059814453125 14.71482797688418 0.0 0.0 0.0 0.0 0.0 0.0 0.0
1100 632.911376953125 411.3923645019531 13.940817935343716 0.0 0.0 0.0 0.0 0.0 0.0 0.0
1118 645.569580078125 398.734130859375 17.692052015778245 0.0 0.0 0.0 0.0 0.0 0.0 0.0
1134 658.2278442382812 386.07591247558594 21.084813479398008 0.0 0.0 0.0 0.0 0.0 0.0 0.0
1150 670.8860473632812 360.75946044921875 22.775252463987215 0.0 0.0 0.0 0.0 0.0 0.0 0.0
1161 683.5442504882812 348.1012268066406 25.66555192722774 0.0 0.0 0.0 0.0 0.0 0.0 0.0
1178 696.2025146484375 335.4429931640625 28.262688631801154 0.0 0.0 0.0 0.0 0.0 0.0 0.0
1200 708.8607177734375 322.78477478027344 30.59230206545203 0.0 0.0 0.0 0.0 0.0 0.0 0.0
1212 721.5189819335938 310.1265411376953 32.67909608531079 0.0 0.0 0.0 0.0 0.0 0.0 0.0
1228 746.8353881835938 297.4683074951172 38.26131617106563 0.0 0.0 0.0 0.0 0.0 0.0 0.0
1243 772.15185546875 284.8100891113281 43.02405625165329 0.0 0.0 0.0 0.0 0.0 0.0 0.0
1260 797.4683227539062 272.15185546875 47.0660210257451 0.0 0.0 0.0 0.0 0.0 0.0 0.0
1278 835.4429931640625 259.4936294555664 53.27622292148044 0.0 0.0 0.0 0.0 0.0 0.0 0.0
1292 873.417724609375 259.4936294555664 61.51368745332502 0.0 0.0 0.0 0.0 0.0 0.0 0.0
1305 898.734130859375 246.8354034423828 62.630394660291586 0.0 0.0 0.0 0.0 0.0 0.0 0.0
1321 936.7088623046875 246.8354034423828 69.13362677304815 0.0 0.0 0.0 0.0 0.0 0.0 0.0
1340 962.0252685546875 246.8354034423828 72.8708744801362 0.0 0.0 0.0 0.0 0.0 0.0 0.0
1356 1000.0 246.8354034423828 77.3763376411959 0.0 0.0 0.0 0.0 0.0 0.0 0.0
1370 1037.974609375 246.8354034423828 80.97876675783044 0.0 0.0 0.0 0.0 0.0 0.0 0.0
1386 1063.2911376953125 246.8354034423828 83.03251404931694 0.0 0.0 0.0 0.0 0.0 0.0 0.0
1404 1088.6075439453125 246.8354034423828 84.78765612964315 0.0 0.0 0.0 0.0 0.0 0.0 0.0
1418 1113.924072265625 246.8354034423828 86.28652952122945 0.0 0.0 0.0 0.0 0.0 0.0 0.0
1437 1126.582275390625 246.8354034423828 86.97672968933392 0.0 0.0 0.0 0.0 0.0 0.0 0.0
1453 1139.240478515625 246.8354034423828 87.61235819261844 0.0 0.0 0.0 0.0 0.0 0.0 0.0
1468 1151.898681640625 246.8354034423828 88.19766369980346 0.0 0.0 0.0 0.0 0.0 0.0 0.0
1486 1164.556884765625 246.8354034423828 88.73657861290212 0.0 0.0 0.0 0.0 0.0 0.0 0.0
1500 1177.2152099609375 246.8354034423828 89.23275075000743 0.0 0.0 0.0 0.0 0.0 0.0 0.0
1518 1189.8734130859375 246.8354034423828 89.68952854049712 0.0 0.0 0.0 0.0 0.0 0.0 0.0
1534 1202.5316162109375 259.4936294555664 94.68405146883345 0.0 0.0 0.0 0.0 0.0 0.0 0.0
1549 1215.1898193359375 259.4936294555664 94.70682774138032 0.0 0.0 0.0 0.0 0.0 0.0 0.0
1565 1215.1898193359375 272.15185546875 99.6598850723741 0.0 0.0 0.0 0.0 0.0 0.0 0.0
1584 1227.8480224609375 272.15185546875 99.28628946353706 0.0 0.0 0.0 0.0 0.0 0.0 0.0
1595 1240.50634765625 284.8100891113281 103.4657264505554 0.0 0.0 0.0 0.0 0.0 0.0 0.0
1612 1253.16455078125 284.8100891113281 102.79032190152566 0.0 0.0 0.0 0.0 0.0 0.0 0.0
1628 1265.82275390625 297.4683074951172 106.6491844409637 0.0 0.0 0.0 0.0 0.0 0.0 0.0
1645 1278.48095703125 297.4683074951172 105.72304637324234 0.0 0.0 0.0 0.0 0.0 0.0 0.0
1660 1291.13916015625 310.1265411376953 109.30536877438857 0.0 0.0 0.0 0.0 0.0 0.0 0.0
1678 1303.7974853515625 310.1265411376953 108.1716907686191 0.0 0.0 0.0 0.0 0.0 0.0 0.0
1694 1316.4556884765625 322.78477478027344 111.5178271084593 0.0 0.0 0.0 0.0 0.0 0.0 0.0
1707 1329.1138916015625 322.78477478027344 110.21274541800443 0.0 0.0 0.0 0.0 0.0 0.0 0.0
1724 1329.1138916015625 335.4429931640625 114.88460494414562 0.0 0.0 0.0 0.0 0.0 0.0 0.0
1739 1341.7720947265625 335.4429931640625 113.32163577247621 0.0 0.0 0.0 0.0 0.0 0.0 0.0
1754 1354.4302978515625 348.1012268066406 116.15690624756411 0.0 0.0 0.0 0.0 0.0 0.0 0.0
1787 1367.088623046875 348.1012268066406 114.49753978009244 0.0 0.0 0.0 0.0 0.0 0.0 0.0
1802 1379.746826171875 348.1012268066406 112.9640315747381 0.0 0.0 0.0 0.0 0.0 0.0 0.0
1821 1379.746826171875 360.75946044921875 117.55190033968984 0.0 0.0 0.0 0.0 0.0 0.0 0.0
1835 1392.405029296875 360.75946044921875 115.7876055773815 0.0 0.0 0.0 0.0 0.0 0.0 0.0
1854 1405.063232421875 360.75946044921875 114.15617051700204 0.0 0.0 0.0 0.0 0.0 0.0 0.0
1886 1430.3797607421875 373.4176788330078 115.35166187364351 0.0 0.0 0.0 0.0 0.0 0.0 0.0
1918 1443.0379638671875 373.4176788330078 113.75323755234743 0.0 0.0 0.0 0.0 0.0 0.0 0.0
1951 1455.6961669921875 386.07591247558594 116.54490380934644 0.0 0.0 0.0 0.0 0.0 0.0 0.0
1965 1468.3543701171875 386.07591247558594 114.85627957780756 0.0 0.0 0.0 0.0 0.0 0.0 0.0
1979 1481.0125732421875 386.07591247558594 113.29546630262593 0.0 0.0 0.0 0.0 0.0 0.0 0.0
1995 1493.6708984375 386.07591247558594 111.85372668647088 0.0 0.0 0.0 0.0 0.0 0.0 0.0
2010 1506.3291015625 398.734130859375 114.83642166918563 0.0 0.0 0.0 0.0 0.0 0.0 0.0
2043 1518.9873046875 398.734130859375 113.27711973216779 0.0 0.0 0.0 0.0 0.0 0.0 0.0
2073 1531.6455078125 411.3923645019531 116.11688119666039 0.0 0.0 0.0 0.0 0.0 0.0 0.0
2091 1544.3038330078125 411.3923645019531 114.46053760272383 0.0 0.0 0.0 0.0 0.0 0.0 0.0
2121 1556.9620361328125 424.05059814453125 117.18049628253257 0.0 0.0 0.0 0.0 0.0 0.0 0.0
2154 1569.6202392578125 424.05059814453125 115.44405271167886 0.0 0.0 0.0 0.0 0.0 0.0 0.0
2172 1582.2784423828125 436.7088317871094 118.0638180369233 0.0 0.0 0.0 0.0 0.0 0.0 0.0
2204 1594.9366455078125 436.7088317871094 116.26121612785929 0.0 0.0 0.0 0.0 0.0 0.0 0.0
2237 1607.594970703125 449.3670349121094 118.79727732471838 0.0 0.0 0.0 0.0 0.0 0.0 0.0
2251 1620.253173828125 449.3670349121094 116.9399793942518 0.0 0.0 0.0 0.0 0.0 0.0 0.0
2269 1632.911376953125 449.3670349121094 115.2216229033271 0.0 0.0 0.0 0.0 0.0 0.0 0.0
2288 1645.569580078125 449.3670349121094 113.63307006239813 0.0 0.0 0.0 0.0 0.0 0.0 0.0
2302 1670.8861083984375 462.0252685546875 114.9130186665663 0.0 0.0 0.0 0.0 0.0 0.0 0.0
2318 1696.2025146484375 462.0252685546875 112.00375804404578 0.0 0.0 0.0 0.0 0.0 0.0 0.0
2333 1721.5189208984375 462.0252685546875 109.51060241701921 0.0 0.0 0.0 0.0 0.0 0.0 0.0
2349 1746.83544921875 462.0252685546875 107.37716936513007 0.0 0.0 0.0 0.0 0.0 0.0 0.0
2362 1784.81005859375 462.0252685546875 104.82712722592115 0.0 0.0 0.0 0.0 0.0 0.0 0.0
2379 1810.1265869140625 462.0252685546875 103.37576025880344 0.0 0.0 0.0 0.0 0.0 0.0 0.0
2400 1848.1011962890625 462.0252685546875 101.64468123587517 0.0 0.0 0.0 0.0 0.0 0.0 0.0
2416 1873.417724609375 462.0252685546875 100.6603053463785 0.0 0.0 0.0 0.0 0.0 0.0 0.0
2428 1898.734130859375 462.0252685546875 99.82079577084278 0.0 0.0 0.0 0.0 0.0 0.0 0.0
2443 1924.0506591796875 462.0252685546875 99.10492923157176 0.0 0.0 0.0 0.0 0.0 0.0 0.0
2458 1949.3670654296875 462.0252685546875 98.49458754641927 0.0 0.0 0.0 0.0 0.0 0.0 0.0
2475 1974.6834716796875 462.0252685546875 97.97425666296601 0.0 0.0 0.0 0.0 0.0 0.0 0.0
2494 2000.0 449.3670349121094 93.29738178862158 0.0 0.0 0.0 0.0 0.0 0.0 0.0
2511 2012.658203125 449.3670349121094 93.43069329342501 0.0 0.0 0.0 0.0 0.0 0.0 0.0
2526 2037.974609375 436.7088317871094 89.44309905433107 0.0 0.0 0.0 0.0 0.0 0.0 0.0
2539 2063.291015625 436.7088317871094 90.25847677193815 0.0 0.0 0.0 0.0 0.0 0.0 0.0
2553 2088.607666015625 424.05059814453125 86.76102993505549 0.0 0.0 0.0 0.0 0.0 0.0 0.0
2569 2113.924072265625 411.3923645019531 83.81117234000504 0.0 0.0 0.0 0.0 0.0 0.0 0.0
2588 2139.240478515625 411.3923645019531 85.45273487631204 0.0 0.0 0.0 0.0 0.0 0.0 0.0
2603 2164.556884765625 398.734130859375 82.70940881950378 0.0 0.0 0.0 0.0 0.0 0.0 0.0
2620 2177.215087890625 386.07591247558594 79.2719126958985 0.0 0.0 0.0 0.0 0.0 0.0 0.0
2635 2202.53173828125 386.07591247558594 81.5726221723915 0.0 0.0 0.0 0.0 0.0 0.0 0.0
2653 2227.84814453125 373.4176788330078 79.44645024125356 0.0 0.0 0.0 0.0 0.0 0.0 0.0
2668 2253.16455078125 373.4176788330078 81.7219545894119 0.0 0.0 0.0 0.0 0.0 0.0 0.0
2686 2265.82275390625 360.75946044921875 78.3802982751497 0.0 0.0 0.0 0.0 0.0 0.0 0.0
2702 2291.13916015625 360.75946044921875 80.8094985297841 0.0 0.0 0.0 0.0 0.0 0.0 0.0
2717 2303.79736328125 360.75946044921875 81.9295188272265 0.0 0.0 0.0 0.0 0.0 0.0 0.0
2734 2316.45556640625 360.75946044921875 82.96219075879822 0.0 0.0 0.0 0.0 0.0 0.0 0.0
2749 2329.114013671875 360.75946044921875 83.91406491694761 0.0 0.0 0.0 0.0 0.0 0.0 0.0
2763 2354.430419921875 360.75946044921875 85.54060221734284 0.0 0.0 0.0 0.0 0.0 0.0 0.0
2778 2367.088623046875 360.75946044921875 86.28970414377102 0.0 0.0 0.0 0.0 0.0 0.0 0.0
2794 2392.405029296875 360.75946044921875 87.56856600059575 0.0 0.0 0.0 0.0 0.0 0.0 0.0
2810 2405.063232421875 360.75946044921875 88.15734575633502 0.0 0.0 0.0 0.0 0.0 0.0 0.0
2827 2417.721435546875 360.75946044921875 88.69946936285743 0.0 0.0 0.0 0.0 0.0 0.0 0.0
2843 2430.379638671875 360.75946044921875 89.1985850302051 0.0 0.0 0.0 0.0 0.0 0.0 0.0
2857 2443.037841796875 360.75946044921875 89.65807473097175 0.0 0.0 0.0 0.0 0.0 0.0 0.0
2875 2455.6962890625 360.75946044921875 90.08107644253653 0.0 0.0 0.0 0.0 0.0 0.0 0.0
2893 2468.3544921875 373.4176788330078 95.0443272946419 0.0 0.0 0.0 0.0 0.0 0.0 0.0
2907 2481.0126953125 373.4176788330078 95.03837864877192 0.0 0.0 0.0 0.0 0.0 0.0 0.0
2922 2481.0126953125 386.07591247558594 99.98901399716772 0.0 0.0 0.0 0.0 0.0 0.0 0.0
2937 2493.6708984375 386.07591247558594 99.58925742816746 0.0 0.0 0.0 0.0 0.0 0.0 0.0
2953 2506.3291015625 398.734130859375 103.74141817784295 0.0 0.0 0.0 0.0 0.0 0.0 0.0
2970 2518.9873046875 398.734130859375 103.04422295813987 0.0 0.0 0.0 0.0 0.0 0.0 0.0
2986 2518.9873046875 411.3923645019531 107.88786788791992 0.0 0.0 0.0 0.0 0.0 0.0 0.0
3004 2531.6455078125 411.3923645019531 106.86474865554635 0.0 0.0 0.0 0.0 0.0 0.0 0.0
3021 2544.3037109375 424.05059814453125 110.33752529481168 0.0 0.0 0.0 0.0 0.0 0.0 0.0
3052 2556.9619140625 424.05059814453125 109.12372018432762 0.0 0.0 0.0 0.0 0.0 0.0 0.0
3068 2569.6201171875 436.7088317871094 112.37678678468103 0.0 0.0 0.0 0.0 0.0 0.0 0.0
3100 2582.278564453125 449.3670349121094 115.30706222946498 0.0 0.0 0.0 0.0 0.0 0.0 0.0
3132 2594.936767578125 449.3670349121094 113.71201951582367 0.0 0.0 0.0 0.0 0.0 0.0 0.0
3145 2607.594970703125 462.0252685546875 116.50787463234192 0.0 0.0 0.0 0.0 0.0 0.0 0.0
3167 2620.253173828125 462.0252685546875 114.82202932899418 0.0 0.0 0.0 0.0 0.0 0.0 0.0
3179 2632.911376953125 462.0252685546875 113.26381696372744 0.0 0.0 0.0 0.0 0.0 0.0 0.0
3195 2645.569580078125 474.6835021972656 116.10493432195273 0.0 0.0 0.0 0.0 0.0 0.0 0.0
3211 2658.227783203125 474.6835021972656 114.44950988009921 0.0 0.0 0.0 0.0 0.0 0.0 0.0
3243 2670.885986328125 487.34173583984375 117.1706003589562 0.0 0.0 0.0 0.0 0.0 0.0 0.0
3259 2683.544189453125 487.34173583984375 115.43490346781442 0.0 0.0 0.0 0.0 0.0 0.0 0.0
3290 2696.202392578125 487.34173583984375 113.83018539130279 0.0 0.0 0.0 0.0 0.0 0.0 0.0
3321 2708.86083984375 487.34173583984375 112.34752201051884 0.0 0.0 0.0 0.0 0.0 0.0 0.0
3339 2721.51904296875 499.9999694824219 115.28078133015771 0.0 0.0 0.0 0.0 0.0 0.0 0.0
3370 2734.17724609375 499.9999694824219 113.68774175226918 0.0 0.0 0.0 0.0 0.0 0.0 0.0
3387 2746.83544921875 499.9999694824219 112.21599784791698 0.0 0.0 0.0 0.0 0.0 0.0 0.0
3403 2759.49365234375 499.9999694824219 110.8571190350799 0.0 0.0 0.0 0.0 0.0 0.0 0.0
3436 2772.15185546875 499.9999694824219 109.60307402340362 0.0 0.0 0.0 0.0 0.0 0.0 0.0
3451 2784.81005859375 499.9999694824219 108.44626222522149 0.0 0.0 0.0 0.0 0.0 0.0 0.0
3484 2797.46826171875 499.9999694824219 107.37951415505552 0.0 0.0 0.0 0.0 0.0 0.0 0.0
3502 2810.12646484375 499.9999694824219 106.39615305659879 0.0 0.0 0.0 0.0 0.0 0.0 0.0
3517 2822.78466796875 499.9999694824219 105.48987452677764 0.0 0.0 0.0 0.0 0.0 0.0 0.0
3533 2835.443115234375 499.9999694824219 104.65480001519862 0.0 0.0 0.0 0.0 0.0 0.0 0.0
3546 2860.759521484375 499.9999694824219 103.22866385069278 0.0 0.0 0.0 0.0 0.0 0.0 0.0
3566 2873.417724609375 499.9999694824219 102.57199068819796 0.0 0.0 0.0 0.0 0.0 0.0 0.0
3579 2886.075927734375 499.9999694824219 101.96729623698832 0.0 0.0 0.0 0.0 0.0 0.0 0.0
3595 2898.734130859375 499.9999694824219 101.41049794306622 0.0 0.0 0.0 0.0 0.0 0.0 0.0
3611 2911.392333984375 499.9999694824219 100.89785863696392 0.0 0.0 0.0 0.0 0.0 0.0 0.0
3626 2924.050537109375 499.9999694824219 100.42590472410978 0.0 0.0 0.0 0.0 0.0 0.0 0.0
3643 2936.708740234375 499.9999694824219 99.99143324905742 0.0 0.0 0.0 0.0 0.0 0.0 0.0
3661 2949.366943359375 499.9999694824219 99.59147856001766 0.0 0.0 0.0 0.0 0.0 0.0 0.0
3675 2962.025390625 487.34173583984375 94.64964804305191 0.0 0.0 0.0 0.0 0.0 0.0 0.0
3689 2987.341796875 487.34173583984375 94.69691882168507 0.0 0.0 0.0 0.0 0.0 0.0 0.0
3707 3000.0 474.6835021972656 90.16212461793157 0.0 0.0 0.0 0.0 0.0 0.0 0.0
3723 3025.31640625 462.0252685546875 86.67965124301173 0.0 0.0 0.0 0.0 0.0 0.0 0.0
3737 3050.6328125 462.0252685546875 87.90130394007292 0.0 0.0 0.0 0.0 0.0 0.0 0.0
3753 3088.607666015625 449.3670349121094 85.46426633259188 0.0 0.0 0.0 0.0 0.0 0.0 0.0
3770 3113.924072265625 436.7088317871094 82.7191151240308 0.0 0.0 0.0 0.0 0.0 0.0 0.0
3785 3139.240478515625 436.7088317871094 84.51991147855165 0.0 0.0 0.0 0.0 0.0 0.0 0.0
3804 3177.215087890625 424.05059814453125 82.805280291891 0.0 0.0 0.0 0.0 0.0 0.0 0.0
3818 3202.53173828125 424.05059814453125 84.59355365905685 0.0 0.0 0.0 0.0 0.0 0.0 0.0
3837 3227.84814453125 424.05059814453125 86.12079833375122 0.0 0.0 0.0 0.0 0.0 0.0 0.0
3851 3253.16455078125 424.05059814453125 87.42442175127866 0.0 0.0 0.0 0.0 0.0 0.0 0.0
3869 3278.48095703125 411.3923645019531 84.37017408740661 0.0 0.0 0.0 0.0 0.0 0.0 0.0
3883 3303.79736328125 411.3923645019531 85.93007527419581 0.0 0.0 0.0 0.0 0.0 0.0 0.0
3901 3341.772216796875 411.3923645019531 87.79116913504987 0.0 0.0 0.0 0.0 0.0 0.0 0.0
3917 3367.088623046875 411.3923645019531 88.84958971493757 0.0 0.0 0.0 0.0 0.0 0.0 0.0
3932 3392.405029296875 411.3923645019531 89.75233580220413 0.0 0.0 0.0 0.0 0.0 0.0 0.0
3950 3417.721435546875 411.3923645019531 90.52216151458072 0.0 0.0 0.0 0.0 0.0 0.0 0.0
3962 3455.6962890625 411.3923645019531 91.43917834513417 0.0 0.0 0.0 0.0 0.0 0.0 0.0
3978 3493.6708984375 411.3923645019531 92.16724547820877 0.0 0.0 0.0 0.0 0.0 0.0 0.0
3994 3531.6455078125 411.3923645019531 92.74522614463007 0.0 0.0 0.0 0.0 0.0 0.0 0.0
4010 3569.6201171875 411.3923645019531 93.20404250609954 0.0 0.0 0.0 0.0 0.0 0.0 0.0
4025 3620.253173828125 411.3923645019531 93.65840477447858 0.0 0.0 0.0 0.0 0.0 0.0 0.0
4043 3670.885986328125 411.3923645019531 93.99585458525945 0.0 0.0 0.0 0.0 0.0 0.0 0.0
4059 3721.51904296875 424.05059814453125 97.93037054840283 0.0 0.0 0.0 0.0 0.0 0.0 0.0
4073 3759.49365234375 449.3670349121094 105.10178852105972 0.0 0.0 0.0 0.0 0.0 0.0 0.0
4091 3797.46826171875 474.6835021972656 110.6450668879915 0.0 0.0 0.0 0.0 0.0 0.0 0.0
4107 3835.443115234375 512.6581726074219 118.40783815974117 0.0 0.0 0.0 0.0 0.0 0.0 0.0
4121 3860.759521484375 550.6328735351562 126.05682741637503 0.0 0.0 0.0 0.0 0.0 0.0 0.0
4139 3886.075927734375 588.6075439453125 131.9817295262741 0.0 0.0 0.0 0.0 0.0 0.0 0.0
4155 3898.734130859375 626.5822448730469 139.20670144742334 0.0 0.0 0.0 0.0 0.0 0.0 0.0
4170 3911.392333984375 651.898681640625 142.2889497327231 0.0 0.0 0.0 0.0 0.0 0.0 0.0
4187 3911.392333984375 689.8733520507812 150.70318766575062 0.0 0.0 0.0 0.0 0.0 0.0 0.0
4203 3924.050537109375 727.8480834960938 154.0881568128425 0.0 0.0 0.0 0.0 0.0 0.0 0.0
4220 3924.050537109375 765.82275390625 160.31253410652715 0.0 0.0 0.0 0.0 0.0 0.0 0.0
4235 3924.050537109375 803.7974243164062 165.32497281766297 0.0 0.0 0.0 0.0 0.0 0.0 0.0
4253 3924.050537109375 829.1138916015625 168.1917595820023 0.0 0.0 0.0 0.0 0.0 0.0 0.0
4267 3924.050537109375 854.4303588867188 170.6481167999119 0.0 0.0 0.0 0.0 0.0 0.0 0.0
4285 3924.050537109375 879.7467651367188 172.7498228860793 0.0 0.0 0.0 0.0 0.0 0.0 0.0
4301 3924.050537109375 892.405029296875 173.71830485331876 0.0 0.0 0.0 0.0 0.0 0.0 0.0
4313 3898.734130859375 917.7214965820312 183.88474536218467 0.0 0.0 0.0 0.0 0.0 0.0 0.0
4334 3886.075927734375 930.3796997070312 188.53507467517352 0.0 0.0 0.0 0.0 0.0 0.0 0.0
4349 3860.759521484375 943.0379638671875 197.21648215041796 0.0 0.0 0.0 0.0 0.0 0.0 0.0
4361 3822.78466796875 955.6961669921875 208.89534978623115 0.0 0.0 0.0 0.0 0.0 0.0 0.0
4379 3772.15185546875 981.0126342773438 219.63993396984756 0.0 0.0 0.0 0.0 0.0 0.0 0.0
4395 3721.51904296875 993.6708374023438 230.16761627834327 0.0 0.0 0.0 0.0 0.0 0.0 0.0
4409 3670.885986328125 993.6708374023438 241.25649799135337 0.0 0.0 0.0 0.0 0.0 0.0 0.0
4426 3620.253173828125 1006.3291015625 246.39924839290214 0.0 0.0 0.0 0.0 0.0 0.0 0.0
4443 3556.9619140625 1006.3291015625 254.93360262806624 0.0 0.0 0.0 0.0 0.0 0.0 0.0
4457 3506.3291015625 1006.3291015625 260.0515986131112 0.0 0.0 0.0 0.0 0.0 0.0 0.0
4473 3455.6962890625 1006.3291015625 263.8749832995193 0.0 0.0 0.0 0.0 0.0 0.0 0.0
4491 3405.063232421875 1006.3291015625 266.72370200505327 0.0 0.0 0.0 0.0 0.0 0.0 0.0
4507 3354.430419921875 1006.3291015625 268.8431184638323 0.0 0.0 0.0 0.0 0.0 0.0 0.0
4521 3316.45556640625 1006.3291015625 270.1057791021712 0.0 0.0 0.0 0.0 0.0 0.0 0.0
4537 3265.82275390625 1006.3291015625 271.3569363520176 0.0 0.0 0.0 0.0 0.0 0.0 0.0
4553 3202.53173828125 1006.3291015625 272.4486491325066 0.0 0.0 0.0 0.0 0.0 0.0 0.0
4570 3151.898681640625 1006.3291015625 273.0973513150438 0.0 0.0 0.0 0.0 0.0 0.0 0.0
4585 3101.265869140625 1006.3291015625 273.5791563983665 0.0 0.0 0.0 0.0 0.0 0.0 0.0
4604 3050.6328125 1006.3291015625 273.9370062969713 0.0 0.0 0.0 0.0 0.0 0.0 0.0
4618 3000.0 993.6708374023438 277.88684463380457 0.0 0.0 0.0 0.0 0.0 0.0 0.0
4637 2962.025390625 993.6708374023438 277.2852249151552 0.0 0.0 0.0 0.0 0.0 0.0 0.0
4651 2911.392333984375 993.6708374023438 276.6893903964474 0.0 0.0 0.0 0.0 0.0 0.0 0.0
4669 2886.075927734375 993.6708374023438 276.43545953342345 0.0 0.0 0.0 0.0 0.0 0.0 0.0
4683 2835.443115234375 981.0126342773438 279.73446289047786 0.0 0.0 0.0 0.0 0.0 0.0 0.0
4702 2797.46826171875 981.0126342773438 278.7521172246884 0.0 0.0 0.0 0.0 0.0 0.0 0.0
4716 2759.49365234375 981.0126342773438 277.9721547138732 0.0 0.0 0.0 0.0 0.0 0.0 0.0
4729 2708.86083984375 981.0126342773438 277.1996471012027 0.0 0.0 0.0 0.0 0.0 0.0 0.0
4744 2658.227783203125 981.0126342773438 276.625844486908 0.0 0.0 0.0 0.0 0.0 0.0 0.0
4763 2607.594970703125 981.0126342773438 276.1996875435301 0.0 0.0 0.0 0.0 0.0 0.0 0.0
4779 2569.6201171875 981.0126342773438 275.945967429622 0.0 0.0 0.0 0.0 0.0 0.0 0.0
4794 2531.6455078125 981.0126342773438 275.7445871291786 0.0 0.0 0.0 0.0 0.0 0.0 0.0
4810 2481.0126953125 981.0126342773438 275.5452020629118 0.0 0.0 0.0 0.0 0.0 0.0 0.0
4825 2443.037841796875 981.0126342773438 275.4264823202392 0.0 0.0 0.0 0.0 0.0 0.0 0.0
4843 2392.405029296875 981.0126342773438 275.3089347072482 0.0 0.0 0.0 0.0 0.0 0.0 0.0
4861 2354.430419921875 981.0126342773438 275.2389656111708 0.0 0.0 0.0 0.0 0.0 0.0 0.0
4875 2303.79736328125 981.0126342773438 275.16967237934364 0.0 0.0 0.0 0.0 0.0 0.0 0.0
4889 2253.16455078125 981.0126342773438 275.1182164949363 0.0 0.0 0.0 0.0 0.0 0.0 0.0
4905 2202.53173828125 981.0126342773438 275.0800199894485 0.0 0.0 0.0 0.0 0.0 0.0 0.0
4924 2164.556884765625 981.0126342773438 275.0572663507521 0.0 0.0 0.0 0.0 0.0 0.0 0.0
4953 2126.582275390625 981.0126342773438 275.0392201911842 0.0 0.0 0.0 0.0 0.0 0.0 0.0
4962 2088.607666015625 981.0126342773438 275.02487806791964 0.0 0.0 0.0 0.0 0.0 0.0 0.0
4977 2063.291015625 981.0126342773438 275.01673095611545 0.0 0.0 0.0 0.0 0.0 0.0 0.0
4993 2037.974609375 981.0126342773438 275.00977507127254 0.0 0.0 0.0 0.0 0.0 0.0 0.0
5009 2000.0 981.0126342773438 275.001512890659 0.0 0.0 0.0 0.0 0.0 0.0 0.0
5023 1962.0252685546875 981.0126342773438 274.99495922441804 0.0 0.0 0.0 0.0 0.0 0.0 0.0
5036 1924.0506591796875 981.0126342773438 274.98975432650366 0.0 0.0 0.0 0.0 0.0 0.0 0.0
5053 1886.075927734375 981.0126342773438 274.98561316595726 0.0 0.0 0.0 0.0 0.0 0.0 0.0
5068 1848.1011962890625 981.0126342773438 274.98234583027033 0.0 0.0 0.0 0.0 0.0 0.0 0.0
5085 1797.4683837890625 981.0126342773438 274.9791170852925 0.0 0.0 0.0 0.0 0.0 0.0 0.0
5101 1759.49365234375 981.0126342773438 274.97717889730535 0.0 0.0 0.0 0.0 0.0 0.0 0.0
5116 1734.17724609375 993.6708374023438 270.7531784513278 0.0 0.0 0.0 0.0 0.0 0.0 0.0
5129 1696.2025146484375 993.6708374023438 271.62259947779205 0.0 0.0 0.0 0.0 0.0 0.0 0.0
5146 1670.8861083984375 993.6708374023438 272.1167131421268 0.0 0.0 0.0 0.0 0.0 0.0 0.0
5160 1645.569580078125 1006.3291015625 268.3313005156021 0.0 0.0 0.0 0.0 0.0 0.0 0.0
5178 1620.253173828125 1006.3291015625 269.3103036736496 0.0 0.0 0.0 0.0 0.0 0.0 0.0
5195 1594.9366455078125 1006.3291015625 270.14523133056423 0.0 0.0 0.0 0.0 0.0 0.0 0.0
5210 1569.6202392578125 1018.9873046875 266.665397749588 0.0 0.0 0.0 0.0 0.0 0.0 0.0
5225 1544.3038330078125 1018.9873046875 267.88915862840753 0.0 0.0 0.0 0.0 0.0 0.0 0.0
5243 1531.6455078125 1018.9873046875 268.4525342812876 0.0 0.0 0.0 0.0 0.0 0.0 0.0
5260 1506.3291015625 1018.9873046875 269.41372081440045 0.0 0.0 0.0 0.0 0.0 0.0 0.0
5274 1468.3543701171875 1031.6455078125 266.65473965457295 0.0 0.0 0.0 0.0 0.0 0.0 0.0
5290 1443.0379638671875 1031.6455078125 267.8800584334334 0.0 0.0 0.0 0.0 0.0 0.0 0.0
5309 1405.063232421875 1031.6455078125 269.34077640264326 0.0 0.0 0.0 0.0 0.0 0.0 0.0
5322 1379.746826171875 1031.6455078125 270.17123376020976 0.0 0.0 0.0 0.0 0.0 0.0 0.0
5337 1354.4302978515625 1031.6455078125 270.87935530115396 0.0 0.0 0.0 0.0 0.0 0.0 0.0
5353 1329.1138916015625 1044.3037719726562 267.2854452984502 0.0 0.0 0.0 0.0 0.0 0.0 0.0
5370 1303.7974853515625 1044.3037719726562 268.41814365571975 0.0 0.0 0.0 0.0 0.0 0.0 0.0
5385 1278.48095703125 1044.3037719726562 269.3843842731068 0.0 0.0 0.0 0.0 0.0 0.0 0.0
5404 1253.16455078125 1044.3037719726562 270.2084129391542 0.0 0.0 0.0 0.0 0.0 0.0 0.0
5419 1240.50634765625 1044.3037719726562 270.58764323908497 0.0 0.0 0.0 0.0 0.0 0.0 0.0
5437 1215.1898193359375 1056.9619750976562 267.03903539145017 0.0 0.0 0.0 0.0 0.0 0.0 0.0
5451 1202.5316162109375 1056.9619750976562 267.66973760903386 0.0 0.0 0.0 0.0 0.0 0.0 0.0
5469 1177.2152099609375 1056.9619750976562 268.7460004524355 0.0 0.0 0.0 0.0 0.0 0.0 0.0
5485 1164.556884765625 1069.6202392578125 264.7396621371802 0.0 0.0 0.0 0.0 0.0 0.0 0.0
5501 1139.240478515625 1069.6202392578125 266.2455374658084 0.0 0.0 0.0 0.0 0.0 0.0 0.0
5516 1113.924072265625 1082.2784423828125 263.3769765994027 0.0 0.0 0.0 0.0 0.0 0.0 0.0
5534 1088.6075439453125 1082.2784423828125 265.0819107138793 0.0 0.0 0.0 0.0 0.0 0.0 0.0
5549 1063.2911376953125 1094.9366455078125 262.39729691736096 0.0 0.0 0.0 0.0 0.0 0.0 0.0
5562 1037.974609375 1094.9366455078125 264.2449692526726 0.0 0.0 0.0 0.0 0.0 0.0 0.0
5579 1025.31640625 1107.5949096679688 260.65990201859205 0.0 0.0 0.0 0.0 0.0 0.0 0.0
5594 987.3417358398438 1120.2531127929688 259.77320621583004 0.0 0.0 0.0 0.0 0.0 0.0 0.0
5610 962.0252685546875 1132.911376953125 257.9352011454797 0.0 0.0 0.0 0.0 0.0 0.0 0.0
5624 936.7088623046875 1132.911376953125 260.42843444756 0.0 0.0 0.0 0.0 0.0 0.0 0.0
5642 911.3923950195312 1145.569580078125 258.4853994673015 0.0 0.0 0.0 0.0 0.0 0.0 0.0
5661 886.075927734375 1158.227783203125 256.8543394377056 0.0 0.0 0.0 0.0 0.0 0.0 0.0
5675 860.7594604492188 1158.227783203125 259.502674114741 0.0 0.0 0.0 0.0 0.0 0.0 0.0
5688 848.1012573242188 1170.885986328125 256.3790190000697 0.0 0.0 0.0 0.0 0.0 0.0 0.0
5705 822.7847900390625 1183.5443115234375 255.08733083269826 0.0 0.0 0.0 0.0 0.0 0.0 0.0
5722 810.1265869140625 1183.5443115234375 256.6478319405994 0.0 0.0 0.0 0.0 0.0 0.0 0.0
5738 784.8101196289062 1196.2025146484375 255.31277914089773 0.0 0.0 0.0 0.0 0.0 0.0 0.0
5753 772.15185546875 1208.8607177734375 252.60970665112293 0.0 0.0 0.0 0.0 0.0 0.0 0.0
5770 759.49365234375 1221.5189208984375 250.18359394193848 0.0 0.0 0.0 0.0 0.0 0.0 0.0
5787 746.8353881835938 1234.1771240234375 248.00932868463073 0.0 0.0 0.0 0.0 0.0 0.0 0.0
5805 734.1771850585938 1246.83544921875 246.06308419384442 0.0 0.0 0.0 0.0 0.0 0.0 0.0
5819 721.5189819335938 1272.15185546875 240.65406135426866 0.0 0.0 0.0 0.0 0.0 0.0 0.0
5837 708.8607177734375 1284.81005859375 239.49269435927314 0.0 0.0 0.0 0.0 0.0 0.0 0.0
5851 696.2025146484375 1310.1265869140625 235.05843071859988 0.0 0.0 0.0 0.0 0.0 0.0 0.0
5869 683.5442504882812 1322.7847900390625 234.50357636798876 0.0 0.0 0.0 0.0 0.0 0.0 0.0
5885 683.5442504882812 1348.1011962890625 227.74608907968008 0.0 0.0 0.0 0.0 0.0 0.0 0.0
5901 683.5442504882812 1360.7593994140625 224.57993482825736 0.0 0.0 0.0 0.0 0.0 0.0 0.0
5916 683.5442504882812 1398.734130859375 216.7196927192939 0.0 0.0 0.0 0.0 0.0 0.0 0.0
5929 683.5442504882812 1411.392333984375 214.28849715189216 0.0 0.0 0.0 0.0 0.0 0.0 0.0
5945 683.5442504882812 1424.050537109375 212.02988900152337 0.0 0.0 0.0 0.0 0.0 0.0 0.0
5962 683.5442504882812 1436.7088623046875 209.93450747382892 0.0 0.0 0.0 0.0 0.0 0.0 0.0
5979 683.5442504882812 1449.3670654296875 207.99288640591232 0.0 0.0 0.0 0.0 0.0 0.0 0.0
5995 683.5442504882812 1462.0252685546875 206.19558608358983 0.0 0.0 0.0 0.0 0.0 0.0 0.0
6010 708.8607177734375 1474.6834716796875 195.467797656591 0.0 0.0 0.0 0.0 0.0 0.0 0.0
6025 746.8353881835938 1487.3416748046875 180.8166888803572 0.0 0.0 0.0 0.0 0.0 0.0 0.0
6043 784.8101196289062 1500.0 167.92640866016725 0.0 0.0 0.0 0.0 0.0 0.0 0.0
6061 822.7847900390625 1512.658203125 157.03132637194463 0.0 0.0 0.0 0.0 0.0 0.0 0.0
6074 860.7594604492188 1525.31640625 148.06770879377225 0.0 0.0 0.0 0.0 0.0 0.0 0.0
6089 924.0505981445312 1550.6328125 138.2377169607413 0.0 0.0 0.0 0.0 0.0 0.0 0.0
6105 974.6835327148438 1563.2911376953125 130.66305170534946 0.0 0.0 0.0 0.0 0.0 0.0 0.0
6123 1037.974609375 1575.9493408203125 123.25372550279437 0.0 0.0 0.0 0.0 0.0 0.0 0.0
6161 1101.2657470703125 1588.6075439453125 118.07366244134872 0.0 0.0 0.0 0.0 0.0 0.0 0.0
6170 1202.5316162109375 1613.9239501953125 114.29672393335363 0.0 0.0 0.0 0.0 0.0 0.0 0.0
6186 1265.82275390625 1626.582275390625 111.84258550707324 0.0 0.0 0.0 0.0 0.0 0.0 0.0
6206 1329.1138916015625 1639.240478515625 110.13890857518135 0.0 0.0 0.0 0.0 0.0 0.0 0.0
6219 1405.063232421875 1651.898681640625 108.1701530954249 0.0 0.0 0.0 0.0 0.0 0.0 0.0
6237 1481.0125732421875 1651.898681640625 103.66383327690596 0.0 0.0 0.0 0.0 0.0 0.0 0.0
6251 1556.9620361328125 1664.556884765625 103.92892373306552 0.0 0.0 0.0 0.0 0.0 0.0 0.0
6269 1632.911376953125 1664.556884765625 100.86740462713755 0.0 0.0 0.0 0.0 0.0 0.0 0.0
6285 1708.8607177734375 1677.2152099609375 102.09742890721526 0.0 0.0 0.0 0.0 0.0 0.0 0.0
6300 1784.81005859375 1677.2152099609375 99.66100417852698 0.0 0.0 0.0 0.0 0.0 0.0 0.0
6316 1860.759521484375 1689.8734130859375 101.30708678895093 0.0 0.0 0.0 0.0 0.0 0.0 0.0
6329 1936.7088623046875 1689.8734130859375 99.14056608205317 0.0 0.0 0.0 0.0 0.0 0.0 0.0
6345 2000.0 1702.5316162109375 101.32636931220998 0.0 0.0 0.0 0.0 0.0 0.0 0.0
6362 2050.6329345703125 1702.5316162109375 99.6917479230363 0.0 0.0 0.0 0.0 0.0 0.0 0.0
6379 2101.265869140625 1715.1898193359375 102.13927297314689 0.0 0.0 0.0 0.0 0.0 0.0 0.0
6394 2164.556884765625 1715.1898193359375 99.97393927454061 0.0 0.0 0.0 0.0 0.0 0.0 0.0
6410 2227.84814453125 1727.8480224609375 101.90485772814577 0.0 0.0 0.0 0.0 0.0 0.0 0.0
6424 2291.13916015625 1727.8480224609375 99.81023414993257 0.0 0.0 0.0 0.0 0.0 0.0 0.0
6442 2354.430419921875 1727.8480224609375 98.34774186813428 0.0 0.0 0.0 0.0 0.0 0.0 0.0
6460 2417.721435546875 1727.8480224609375 97.32693696748208 0.0 0.0 0.0 0.0 0.0 0.0 0.0
6472 2468.3544921875 1740.50634765625 100.3931924441165 0.0 0.0 0.0 0.0 0.0 0.0 0.0
6488 2531.6455078125 1740.50634765625 98.75470245770578 0.0 0.0 0.0 0.0 0.0 0.0 0.0
6507 2582.278564453125 1740.50634765625 97.78091669577964 0.0 0.0 0.0 0.0 0.0 0.0 0.0
6523 2645.569580078125 1740.50634765625 96.9313769584574 0.0 0.0 0.0 0.0 0.0 0.0 0.0
6536 2708.86083984375 1753.16455078125 99.79214056113267 0.0 0.0 0.0 0.0 0.0 0.0 0.0
6552 2759.49365234375 1753.16455078125 98.55164073918354 0.0 0.0 0.0 0.0 0.0 0.0 0.0
6570 2822.78466796875 1765.82275390625 100.91745847367082 0.0 0.0 0.0 0.0 0.0 0.0 0.0
6584 2873.417724609375 1778.48095703125 103.04370924863531 0.0 0.0 0.0 0.0 0.0 0.0 0.0
6604 2924.050537109375 1778.48095703125 100.96839395228903 0.0 0.0 0.0 0.0 0.0 0.0 0.0
6619 2974.68359375 1791.13916015625 103.08126999477236 0.0 0.0 0.0 0.0 0.0 0.0 0.0
6636 3037.974609375 1803.7974853515625 104.06110468594557 0.0 0.0 0.0 0.0 0.0 0.0 0.0
6651 3088.607666015625 1816.4556884765625 105.3619148335329 0.0 0.0 0.0 0.0 0.0 0.0 0.0
6668 3139.240478515625 1829.1138916015625 106.32073879204353 0.0 0.0 0.0 0.0 0.0 0.0 0.0
6684 3177.215087890625 1841.7720947265625 107.84233436308747 0.0 0.0 0.0 0.0 0.0 0.0 0.0
6699 3227.84814453125 1867.088623046875 111.65417353433861 0.0 0.0 0.0 0.0 0.0 0.0 0.0
6715 3253.16455078125 1879.746826171875 113.25306160970968 0.0 0.0 0.0 0.0 0.0 0.0 0.0
6728 3291.13916015625 1905.063232421875 116.90222963409087 0.0 0.0 0.0 0.0 0.0 0.0 0.0
6746 3329.114013671875 1930.3797607421875 119.69273492336629 0.0 0.0 0.0 0.0 0.0 0.0 0.0
6762 3367.088623046875 1968.3543701171875 125.10357153865439 0.0 0.0 0.0 0.0 0.0 0.0 0.0
6778 3392.405029296875 1993.6708984375 128.01329666238627 0.0 0.0 0.0 0.0 0.0 0.0 0.0
6794 3430.379638671875 2018.9873046875 128.1671524048702 0.0 0.0 0.0 0.0 0.0 0.0 0.0
6810 3455.6962890625 2044.3037109375 130.48185459112253 0.0 0.0 0.0 0.0 0.0 0.0 0.0
6826 3468.3544921875 2069.6202392578125 134.91081820524602 0.0 0.0 0.0 0.0 0.0 0.0 0.0
6843 3481.0126953125 2094.9366455078125 138.66251918789183 0.0 0.0 0.0 0.0 0.0 0.0 0.0
6856 3481.0126953125 2107.5948486328125 142.04481443359552 0.0 0.0 0.0 0.0 0.0 0.0 0.0
6874 3481.0126953125 2120.253173828125 145.2203048527764 0.0 0.0 0.0 0.0 0.0 0.0 0.0
6890 3481.0126953125 2145.569580078125 150.80400001966834 0.0 0.0 0.0 0.0 0.0 0.0 0.0
6905 3481.0126953125 2158.227783203125 153.40326986490945 0.0 0.0 0.0 0.0 0.0 0.0 0.0
6922 3481.0126953125 2183.5443115234375 157.92206793202809 0.0 0.0 0.0 0.0 0.0 0.0 0.0
6938 3468.3544921875 2208.86083984375 165.8842901976369 0.0 0.0 0.0 0.0 0.0 0.0 0.0
6953 3430.379638671875 2221.51904296875 181.24911331957165 0.0 0.0 0.0 0.0 0.0 0.0 0.0
6974 3392.405029296875 2246.83544921875 194.42275572783194 0.0 0.0 0.0 0.0 0.0 0.0 0.0
6986 3367.088623046875 2272.15185546875 201.19618903252243 0.0 0.0 0.0 0.0 0.0 0.0 0.0
7004 3329.114013671875 2284.81005859375 212.22785637485595 0.0 0.0 0.0 0.0 0.0 0.0 0.0
7019 3278.48095703125 2310.12646484375 222.1100304682226 0.0 0.0 0.0 0.0 0.0 0.0 0.0
7036 3227.84814453125 2322.78466796875 232.04618173360745 0.0 0.0 0.0 0.0 0.0 0.0 0.0
7050 3164.556884765625 2348.101318359375 238.72717808734336 0.0 0.0 0.0 0.0 0.0 0.0 0.0
7069 3101.265869140625 2360.759521484375 246.30046025115004 0.0 0.0 0.0 0.0 0.0 0.0 0.0
7084 3050.6328125 2373.417724609375 250.1369127584837 0.0 0.0 0.0 0.0 0.0 0.0 0.0
7100 2987.341796875 2373.417724609375 257.5765058661698 0.0 0.0 0.0 0.0 0.0 0.0 0.0
7116 2936.708740234375 2386.075927734375 258.4598610644235 0.0 0.0 0.0 0.0 0.0 0.0 0.0
7129 2886.075927734375 2398.734130859375 259.1107880077269 0.0 0.0 0.0 0.0 0.0 0.0 0.0
7145 2848.101318359375 2398.734130859375 262.3625924828102 0.0 0.0 0.0 0.0 0.0 0.0 0.0
7161 2810.12646484375 2411.392333984375 261.11039479170233 0.0 0.0 0.0 0.0 0.0 0.0 0.0
7176 2759.49365234375 2411.392333984375 264.66441915436485 0.0 0.0 0.0 0.0 0.0 0.0 0.0
7194 2708.86083984375 2424.050537109375 263.6827729860063 0.0 0.0 0.0 0.0 0.0 0.0 0.0
7215 2658.227783203125 2424.050537109375 266.5806020617083 0.0 0.0 0.0 0.0 0.0 0.0 0.0
7228 2594.936767578125 2424.050537109375 269.11357369525444 0.0 0.0 0.0 0.0 0.0 0.0 0.0
7242 2556.9619140625 2424.050537109375 270.3206105828082 0.0 0.0 0.0 0.0 0.0 0.0 0.0
7256 2506.3291015625 2424.050537109375 271.51654229080043 0.0 0.0 0.0 0.0 0.0 0.0 0.0
7274 2468.3544921875 2424.050537109375 272.22863492989836 0.0 0.0 0.0 0.0 0.0 0.0 0.0
7289 2417.721435546875 2424.050537109375 272.93395592865886 0.0 0.0 0.0 0.0 0.0 0.0 0.0
7304 2379.746826171875 2436.708740234375 269.42914084530855 0.0 0.0 0.0 0.0 0.0 0.0 0.0
7322 2329.114013671875 2436.708740234375 270.85417791508405 0.0 0.0 0.0 0.0 0.0 0.0 0.0
7343 2278.48095703125 2436.708740234375 271.9130019970777 0.0 0.0 0.0 0.0 0.0 0.0 0.0
7357 2215.18994140625 2449.366943359375 269.38668048454724 0.0 0.0 0.0 0.0 0.0 0.0 0.0
7370 2151.898681640625 2449.366943359375 271.0733732127368 0.0 0.0 0.0 0.0 0.0 0.0 0.0
7387 2101.265869140625 2449.366943359375 272.07575770422966 0.0 0.0 0.0 0.0 0.0 0.0 0.0
7402 2037.974609375 2462.025390625 269.4996683783388 0.0 0.0 0.0 0.0 0.0 0.0 0.0
7420 1974.6834716796875 2462.025390625 271.1522040195407 0.0 0.0 0.0 0.0 0.0 0.0 0.0
7435 1898.734130859375 2474.68359375 269.2048308494176 0.0 0.0 0.0 0.0 0.0 0.0 0.0
7452 1835.4429931640625 2487.341796875 267.5066066335145 0.0 0.0 0.0 0.0 0.0 0.0 0.0
7467 1759.49365234375 2487.341796875 270.05752400252646 0.0 0.0 0.0 0.0 0.0 0.0 0.0
7485 1696.2025146484375 2500.0 268.09847079739825 0.0 0.0 0.0 0.0 0.0 0.0 0.0
7501 1645.569580078125 2512.658203125 266.2145361897119 0.0 0.0 0.0 0.0 0.0 0.0 0.0
7516 1594.9366455078125 2525.31640625 264.825362405751 0.0 0.0 0.0 0.0 0.0 0.0 0.0
7529 1544.3038330078125 2537.974609375 263.8013591708391 0.0 0.0 0.0 0.0 0.0 0.0 0.0
7545 1493.6708984375 2550.6328125 263.04669203705555 0.0 0.0 0.0 0.0 0.0 0.0 0.0
7562 1443.0379638671875 2563.291015625 262.4906157482021 0.0 0.0 0.0 0.0 0.0 0.0 0.0
7578 1405.063232421875 2575.94921875 261.21090789552545 0.0 0.0 0.0 0.0 0.0 0.0 0.0
7594 1354.4302978515625 2588.607666015625 261.1378507116183 0.0 0.0 0.0 0.0 0.0 0.0 0.0
7610 1316.4556884765625 2601.265869140625 260.1485273609462 0.0 0.0 0.0 0.0 0.0 0.0 0.0
7626 1278.48095703125 2613.924072265625 259.3716898497411 0.0 0.0 0.0 0.0 0.0 0.0 0.0
7640 1227.8480224609375 2613.924072265625 263.367839784696 0.0 0.0 0.0 0.0 0.0 0.0 0.0
7658 1189.8734130859375 2626.582275390625 261.90003828669956 0.0 0.0 0.0 0.0 0.0 0.0 0.0
7674 1151.898681640625 2651.898681640625 257.0348985324064 0.0 0.0 0.0 0.0 0.0 0.0 0.0
7688 1113.924072265625 2664.556884765625 256.92735754922796 0.0 0.0 0.0 0.0 0.0 0.0 0.0
7704 1075.9493408203125 2677.215087890625 256.84299494236177 0.0 0.0 0.0 0.0 0.0 0.0 0.0
7722 1037.974609375 2689.873291015625 256.7767418660883 0.0 0.0 0.0 0.0 0.0 0.0 0.0
7738 974.6835327148438 2702.531494140625 258.8842487575353 0.0 0.0 0.0 0.0 0.0 0.0 0.0
7753 936.7088623046875 2727.84814453125 254.7206496817602 0.0 0.0 0.0 0.0 0.0 0.0 0.0
7770 886.075927734375 2727.84814453125 259.89222298324887 0.0 0.0 0.0 0.0 0.0 0.0 0.0
7785 835.4429931640625 2740.50634765625 260.1662608399107 0.0 0.0 0.0 0.0 0.0 0.0 0.0
7804 797.4683227539062 2765.82275390625 255.70385707982197 0.0 0.0 0.0 0.0 0.0 0.0 0.0
7819 759.49365234375 2778.48095703125 255.88257083774366 0.0 0.0 0.0 0.0 0.0 0.0 0.0
7836 721.5189819335938 2791.13916015625 256.0228405437021 0.0 0.0 0.0 0.0 0.0 0.0 0.0
7850 696.2025146484375 2803.79736328125 254.78866196562592 0.0 0.0 0.0 0.0 0.0 0.0 0.0
7868 658.2278442382812 2816.45556640625 255.16415707853807 0.0 0.0 0.0 0.0 0.0 0.0 0.0
7884 620.2531127929688 2829.11376953125 255.45892615874652 0.0 0.0 0.0 0.0 0.0 0.0 0.0
7900 582.2784423828125 2854.430419921875 252.09789917251567 0.0 0.0 0.0 0.0 0.0 0.0 0.0
7915 544.3037719726562 2854.430419921875 256.7569940922999 0.0 0.0 0.0 0.0 0.0 0.0 0.0
7929 518.9873046875 2867.088623046875 255.40432849900054 0.0 0.0 0.0 0.0 0.0 0.0 0.0
7946 481.01263427734375 2879.746826171875 255.64743639636055 0.0 0.0 0.0 0.0 0.0 0.0 0.0
7962 455.6961669921875 2879.746826171875 258.4682251289739 0.0 0.0 0.0 0.0 0.0 0.0 0.0
7978 430.3797302246094 2892.405029296875 256.8399305243656 0.0 0.0 0.0 0.0 0.0 0.0 0.0
7994 405.0632629394531 2892.405029296875 259.4902971736134 0.0 0.0 0.0 0.0 0.0 0.0 0.0
8010 379.7467956542969 2905.063232421875 257.6977388042676 0.0 0.0 0.0 0.0 0.0 0.0 0.0
8025 354.43035888671875 2905.063232421875 260.22513322020654 0.0 0.0 0.0 0.0 0.0 0.0 0.0
8040 341.7721252441406 2917.721435546875 257.0300818285085 0.0 0.0 0.0 0.0 0.0 0.0 0.0
8058 316.4556579589844 2917.721435546875 259.65322918755885 0.0 0.0 0.0 0.0 0.0 0.0 0.0
8073 303.7974548339844 2930.379638671875 256.514676207044 0.0 0.0 0.0 0.0 0.0 0.0 0.0
8088 291.13922119140625 2930.379638671875 257.96635106736903 0.0 0.0 0.0 0.0 0.0 0.0 0.0
8104 278.4809875488281 2943.037841796875 254.99561068592973 0.0 0.0 0.0 0.0 0.0 0.0 0.0
8122 265.82275390625 2943.037841796875 256.5630852874673 0.0 0.0 0.0 0.0 0.0 0.0 0.0
8154 253.16453552246094 2955.696044921875 253.73333197968057 0.0 0.0 0.0 0.0 0.0 0.0 0.0
8187 240.5063018798828 2955.696044921875 255.39639711366792 0.0 0.0 0.0 0.0 0.0 0.0 0.0
8218 227.84808349609375 2955.696044921875 256.9334135870158 0.0 0.0 0.0 0.0 0.0 0.0 0.0
8251 215.18984985351562 2955.696044921875 258.35300184973323 0.0 0.0 0.0 0.0 0.0 0.0 0.0
8268 202.5316162109375 2955.696044921875 259.6633693789696 0.0 0.0 0.0 0.0 0.0 0.0 0.0
8393 202.5316162109375 2968.3544921875 254.9932406080525 0.0 0.0 0.0 0.0 0.0 0.0 0.0
8426 202.5316162109375 2981.0126953125 250.47190134145447 0.0 0.0 0.0 0.0 0.0 0.0 0.0
8442 202.5316162109375 2993.6708984375 246.1202805471848 0.0 0.0 0.0 0.0 0.0 0.0 0.0
8472 202.5316162109375 3006.3291015625 241.95455039261245 0.0 0.0 0.0 0.0 0.0 0.0 0.0
8490 215.18984985351562 3018.9873046875 234.94404867672174 0.0 0.0 0.0 0.0 0.0 0.0 0.0
8506 227.84808349609375 3031.6455078125 227.9114551174043 0.0 0.0 0.0 0.0 0.0 0.0 0.0
8520 227.84808349609375 3044.3037109375 224.734974720693 0.0 0.0 0.0 0.0 0.0 0.0 0.0
8536 227.84808349609375 3056.9619140625 221.7610029191132 0.0 0.0 0.0 0.0 0.0 0.0 0.0
8554 240.5063018798828 3069.6201171875 214.96493929990265 0.0 0.0 0.0 0.0 0.0 0.0 0.0
8570 240.5063018798828 3082.2783203125 212.6579601948504 0.0 0.0 0.0 0.0 0.0 0.0 0.0
8587 253.16453552246094 3094.936767578125 206.219395005664 0.0 0.0 0.0 0.0 0.0 0.0 0.0
8602 265.82275390625 3107.594970703125 200.1196760755801 0.0 0.0 0.0 0.0 0.0 0.0 0.0
8621 265.82275390625 3120.253173828125 198.92276198807207 0.0 0.0 0.0 0.0 0.0 0.0 0.0
8801 278.4809875488281 3132.911376953125 193.28455025143242 0.0 0.0 0.0 0.0 0.0 0.0 0.0
8811 405.0632629394531 3158.227783203125 153.14303750973755 0.0 0.0 0.0 0.0 0.0 0.0 0.0
8827 443.0379638671875 3158.227783203125 142.1530546242403 0.0 0.0 0.0 0.0 0.0 0.0 0.0
8841 506.3291015625 3158.227783203125 128.36160394901876 0.0 0.0 0.0 0.0 0.0 0.0 0.0
8851 556.9619750976562 3158.227783203125 119.94761735514803 0.0 0.0 0.0 0.0 0.0 0.0 0.0
8862 620.2531127929688 3158.227783203125 112.46538715488552 0.0 0.0 0.0 0.0 0.0 0.0 0.0
8879 683.5442504882812 3158.227783203125 107.20041945323766 0.0 0.0 0.0 0.0 0.0 0.0 0.0
8895 734.1771850585938 3158.227783203125 104.06157748482806 0.0 0.0 0.0 0.0 0.0 0.0 0.0
8910 772.15185546875 3158.227783203125 102.18979706299234 0.0 0.0 0.0 0.0 0.0 0.0 0.0
8926 810.1265869140625 3158.227783203125 100.70226694049967 0.0 0.0 0.0 0.0 0.0 0.0 0.0
8942 848.1012573242188 3158.227783203125 99.52065917742084 0.0 0.0 0.0 0.0 0.0 0.0 0.0
8957 873.417724609375 3158.227783203125 98.84900646380015 0.0 0.0 0.0 0.0 0.0 0.0 0.0
8970 898.734130859375 3158.227783203125 98.27637543244748 0.0 0.0 0.0 0.0 0.0 0.0 0.0
8986 924.0505981445312 3158.227783203125 97.78827404448191 0.0 0.0 0.0 0.0 0.0 0.0 0.0
9069 1050.6329345703125 3158.227783203125 96.47997545921606 0.0 0.0 0.0 0.0 0.0 0.0 0.0
9083 1075.9493408203125 3158.227783203125 96.25697338242259 0.0 0.0 0.0 0.0 0.0 0.0 0.0
9099 1088.6075439453125 3158.227783203125 96.15434022768227 0.0 0.0 0.0 0.0 0.0 0.0 0.0
9112 1113.924072265625 3158.227783203125 95.9793835873163 0.0 0.0 0.0 0.0 0.0 0.0 0.0
9134 1151.898681640625 3158.227783203125 95.77111008953761 0.0 0.0 0.0 0.0 0.0 0.0 0.0
9145 1177.2152099609375 3158.227783203125 95.65278647709954 0.0 0.0 0.0 0.0 0.0 0.0 0.0
9161 1202.5316162109375 3158.227783203125 95.55192645718 0.0 0.0 0.0 0.0 0.0 0.0 0.0
9176 1240.50634765625 3158.227783203125 95.43180200728676 0.0 0.0 0.0 0.0 0.0 0.0 0.0
9193 1291.13916015625 3145.569580078125 91.63044025225531 0.0 0.0 0.0 0.0 0.0 0.0 0.0
9209 1329.1138916015625 3145.569580078125 92.31908598603542 0.0 0.0 0.0 0.0 0.0 0.0 0.0
9225 1367.088623046875 3145.569580078125 92.86579692458758 0.0 0.0 0.0 0.0 0.0 0.0 0.0
9243 1405.063232421875 3145.569580078125 93.29978322193142 0.0 0.0 0.0 0.0 0.0 0.0 0.0
9256 1455.6961669921875 3145.569580078125 93.72948240694251 0.0 0.0 0.0 0.0 0.0 0.0 0.0
9272 1493.6708984375 3132.911376953125 90.05695792821268 0.0 0.0 0.0 0.0 0.0 0.0 0.0
9289 1531.6455078125 3132.911376953125 91.06979983952203 0.0 0.0 0.0 0.0 0.0 0.0 0.0
9306 1569.6202392578125 3132.911376953125 91.873959393485 0.0 0.0 0.0 0.0 0.0 0.0 0.0
9321 1607.594970703125 3132.911376953125 92.51242697282652 0.0 0.0 0.0 0.0 0.0 0.0 0.0
9337 1632.911376953125 3132.911376953125 92.87521928730308 0.0 0.0 0.0 0.0 0.0 0.0 0.0
9353 1670.8861083984375 3132.911376953125 93.3072361957943 0.0 0.0 0.0 0.0 0.0 0.0 0.0
9370 1708.8607177734375 3132.911376953125 93.65013227940307 0.0 0.0 0.0 0.0 0.0 0.0 0.0
9385 1759.49365234375 3132.911376953125 93.98972194139009 0.0 0.0 0.0 0.0 0.0 0.0 0.0
9404 1835.4429931640625 3132.911376953125 94.32486212354775 0.0 0.0 0.0 0.0 0.0 0.0 0.0
9418 1886.075927734375 3132.911376953125 94.490819745502 0.0 0.0 0.0 0.0 0.0 0.0 0.0
9436 1949.3670654296875 3132.911376953125 94.63553631190825 0.0 0.0 0.0 0.0 0.0 0.0 0.0
9450 2000.0 3120.253173828125 91.04148017989871 0.0 0.0 0.0 0.0 0.0 0.0 0.0
9468 2063.291015625 3120.253173828125 92.22846496879413 0.0 0.0 0.0 0.0 0.0 0.0 0.0
9484 2113.924072265625 3120.253173828125 92.93381379579739 0.0 0.0 0.0 0.0 0.0 0.0 0.0
9499 2177.215087890625 3120.253173828125 93.54913185112713 0.0 0.0 0.0 0.0 0.0 0.0 0.0
9512 2240.50634765625 3120.253173828125 93.97846657352147 0.0 0.0 0.0 0.0 0.0 0.0 0.0
9529 2303.79736328125 3120.253173828125 94.27806379615708 0.0 0.0 0.0 0.0 0.0 0.0 0.0
9546 2341.772216796875 3120.253173828125 94.42073092039601 0.0 0.0 0.0 0.0 0.0 0.0 0.0
9561 2379.746826171875 3120.253173828125 94.53395492312995 0.0 0.0 0.0 0.0 0.0 0.0 0.0
9577 2417.721435546875 3120.253173828125 94.62384802701251 0.0 0.0 0.0 0.0 0.0 0.0 0.0
9594 2455.6962890625 3120.253173828125 94.69519939850204 0.0 0.0 0.0 0.0 0.0 0.0 0.0
9610 2481.0126953125 3120.253173828125 94.73571754737151 0.0 0.0 0.0 0.0 0.0 0.0 0.0
9623 2506.3291015625 3120.253173828125 94.77031415492519 0.0 0.0 0.0 0.0 0.0 0.0 0.0
9641 2544.3037109375 3120.253173828125 94.8114565737826 0.0 0.0 0.0 0.0 0.0 0.0 0.0
9657 2569.6201171875 3120.253173828125 94.83485611302655 0.0 0.0 0.0 0.0 0.0 0.0 0.0
9674 2594.936767578125 3132.911376953125 99.0782415228602 0.0 0.0 0.0 0.0 0.0 0.0 0.0
9689 2620.253173828125 3132.911376953125 98.47182923402988 0.0 0.0 0.0 0.0 0.0 0.0 0.0
9704 2658.227783203125 3145.569580078125 101.66666770074346 0.0 0.0 0.0 0.0 0.0 0.0 0.0
9720 2670.885986328125 3145.569580078125 101.13371161540431 0.0 0.0 0.0 0.0 0.0 0.0 0.0
9736 2696.202392578125 3145.569580078125 100.2245221355202 0.0 0.0 0.0 0.0 0.0 0.0 0.0
9754 2721.51904296875 3145.569580078125 99.44919026181611 0.0 0.0 0.0 0.0 0.0 0.0 0.0
9768 2734.17724609375 3145.569580078125 99.09234697291657 0.0 0.0 0.0 0.0 0.0 0.0 0.0
9787 2759.49365234375 3145.569580078125 98.48386002088728 0.0 0.0 0.0 0.0 0.0 0.0 0.0
9803 2784.81005859375 3145.569580078125 97.96510869573058 0.0 0.0 0.0 0.0 0.0 0.0 0.0
9820 2797.46826171875 3158.227783203125 102.26243388847274 0.0 0.0 0.0 0.0 0.0 0.0 0.0
9834 2822.78466796875 3158.227783203125 101.1872543769399 0.0 0.0 0.0 0.0 0.0 0.0 0.0
9852 2848.101318359375 3158.227783203125 100.27017279259564 0.0 0.0 0.0 0.0 0.0 0.0 0.0
9868 2873.417724609375 3158.227783203125 99.4881371261281 0.0 0.0 0.0 0.0 0.0 0.0 0.0
9882 2886.075927734375 3170.885986328125 103.64943772978853 0.0 0.0 0.0 0.0 0.0 0.0 0.0
9901 2911.392333984375 3170.885986328125 102.37057940945147 0.0 0.0 0.0 0.0 0.0 0.0 0.0
9915 2924.050537109375 3170.885986328125 101.7818018124683 0.0 0.0 0.0 0.0 0.0 0.0 0.0
9929 2949.366943359375 3170.885986328125 100.77723877356021 0.0 0.0 0.0 0.0 0.0 0.0 0.0
9952 2962.025390625 3183.544189453125 104.8215825400672 0.0 0.0 0.0 0.0 0.0 0.0 0.0
9965 2987.341796875 3183.544189453125 103.37107352937073 0.0 0.0 0.0 0.0 0.0 0.0 0.0
9994 3012.658203125 3183.544189453125 102.1330969451239 0.0 0.0 0.0 0.0 0.0 0.0 0.0