0 2350.0 1500.0 0 1650.0 1500.0 0 0.0 0.0 0.0 0.0
84 2350.0 1500.0 0 1650.0 1500.0 0 0.0 0.0 0.0 0.0
101 2350.0 1500.0 0 1650.0 1500.0 0 0.0 0.0 0.0 0.0
102 2350.0 1500.0 0 1650.0 1500.0 0 0.0 0.0 0.0 0.0
118 2350.0 1500.0 0 1650.0 1500.0 0 0.0 0.0 0.0 0.0
134 2350.0 1500.0 0 1650.0 1500.0 0 0.0 0.0 0.0 0.0
152 2350.0 1500.0 0 1650.0 1500.0 0 0.0 0.0 0.0 0.0
170 2350.0 1500.0 0 1650.0 1500.0 0 0.0 0.0 0.0 0.0
184 2350.0 1500.0 0 1650.0 1500.0 0 0.0 0.0 0.0 0.0
201 2338.142333984375 1500.0 1.4995319029689824 1650.0 1500.0 0 0.0 0.0 0.0 0.0
218 2326.28466796875 1500.0 2.846522388194643 1650.0 1500.0 0 0.0 0.0 0.0 0.0
234 2314.427001953125 1500.0 4.055911291845945 1650.0 1500.0 0 0.0 0.0 0.0 0.0
251 2306.521728515625 1500.0 4.8051510374977795 1650.0 1500.0 0 0.0 0.0 0.0 0.0
267 2294.6640625 1503.95263671875 3.861015922538087 1650.0 1500.0 0 0.0 0.0 0.0 0.0
284 2286.759033203125 1507.9051513671875 2.6106397743464242 1650.0 1500.0 0 0.0 0.0 0.0 0.0
301 2274.9013671875 1511.8577880859375 1.903962145640918 1650.0 1500.0 0 0.0 0.0 0.0 0.0
317 2266.99609375 1511.8577880859375 2.8050671282840938 1650.0 1500.0 0 0.0 0.0 0.0 0.0
334 2259.091064453125 1515.810302734375 1.6362973510791505 1650.0 1500.0 0 0.0 0.0 0.0 0.0
350 2251.185791015625 1519.762939453125 0.5582587877677554 1650.0 1500.0 0 0.0 0.0 0.0 0.0
367 2243.28076171875 1523.7154541015625 359.56423413195495 1650.0 1500.0 0 0.0 0.0 0.0 0.0
384 2235.37548828125 1527.6680908203125 358.64785843196165 1650.0 1500.0 0 0.0 0.0 0.0 0.0
401 2223.517822265625 1531.62060546875 358.3717658044515 1650.0 1500.0 0 0.0 0.0 0.0 0.0
417 2215.61279296875 1531.62060546875 359.51981575607533 1650.0 1500.0 0 0.0 0.0 0.0 0.0
434 2207.70751953125 1535.5731201171875 358.6070101930248 1650.0 1500.0 0 0.0 0.0 0.0 0.0
451 2199.802490234375 1539.5257568359375 357.76567601614283 1650.0 1500.0 0 0.0 0.0 0.0 0.0
467 2195.849853515625 1539.5257568359375 358.3820480802216 1650.0 1500.0 0 0.0 0.0 0.0 0.0
484 2187.94482421875 1539.5257568359375 359.5293591749813 1650.0 1500.0 0 0.0 0.0 0.0 0.0
501 2180.03955078125 1543.478271484375 358.61581526108455 1650.0 1500.0 0 0.0 0.0 0.0 0.0
517 2176.087158203125 1543.478271484375 359.2016651234443 1650.0 1500.0 0 0.0 0.0 0.0 0.0
534 2172.134521484375 1543.478271484375 359.76644565899676 1650.0 1500.0 0 0.0 0.0 0.0 0.0
551 2168.181884765625 1547.430908203125 358.261913143535 1650.0 1500.0 0 0.0 0.0 0.0 0.0
567 2164.229248046875 1547.430908203125 358.8604850048511 1650.0 1500.0 0 0.0 0.0 0.0 0.0
584 2160.27685546875 1547.430908203125 359.4375247358978 1650.0 1500.0 0 0.0 0.0 0.0 0.0
650 2156.32421875 1547.430908203125 359.9938436690773 1650.0 1500.0 0 0.0 0.0 0.0 0.0
667 2152.37158203125 1547.430908203125 0.5300890318238771 1650.0 1500.0 0 0.0 0.0 0.0 0.0
684 2148.419189453125 1547.430908203125 1.046872171271474 1650.0 1500.0 0 0.0 0.0 0.0 0.0
734 2144.466552734375 1547.430908203125 1.544946110515383 1650.0 1500.0 0 0.0 0.0 0.0 0.0
783 2140.513916015625 1547.430908203125 2.024966169870794 1650.0 1500.0 0 0.0 0.0 0.0 0.0
801 2136.5614013671875 1547.430908203125 2.4874977157605542 1650.0 1500.0 0 0.0 0.0 0.0 0.0
817 2132.6087646484375 1547.430908203125 2.933162375937485 1650.0 1500.0 0 0.0 0.0 0.0 0.0
834 2128.65625 1543.478271484375 5.469513424762653 1650.0 1500.0 0 0.0 0.0 0.0 0.0
850 2124.70361328125 1539.5257568359375 7.924720517881639 1650.0 1500.0 0 0.0 0.0 0.0 0.0
867 2124.70361328125 1535.5731201171875 10.132702327671467 1650.0 1500.0 0 0.0 0.0 0.0 0.0
884 2120.7510986328125 1531.62060546875 12.427530754457024 1650.0 1500.0 0 0.0 0.0 0.0 0.0
967 2116.798583984375 1531.62060546875 12.506329469172755 1650.0 1500.0 0 0.0 0.0 0.0 0.0
1134 2108.8934326171875 1531.62060546875 12.65267737692048 1650.0 1500.0 0 0.0 0.0 0.0 0.0
1151 2104.9407958984375 1531.62060546875 12.723116196338736 1650.0 1500.0 0 0.0 0.0 0.0 0.0
1168 2100.98828125 1531.62060546875 12.790958184994992 1650.0 1500.0 0 0.0 0.0 0.0 0.0
1217 2097.03564453125 1531.62060546875 12.856231675098996 1650.0 1500.0 0 0.0 0.0 0.0 0.0
1233 2093.0831298828125 1531.62060546875 12.919126415620127 1650.0 1500.0 0 0.0 0.0 0.0 0.0
1251 2089.1304931640625 1535.5731201171875 10.852022588721326 1650.0 1500.0 0 0.0 0.0 0.0 0.0
1268 2085.177978515625 1543.478271484375 6.761338332518648 1650.0 1500.0 0 0.0 0.0 0.0 0.0
1284 2085.177978515625 1551.3834228515625 2.4279717037046282 1650.0 1500.0 0 0.0 0.0 0.0 0.0
1301 2081.225341796875 1563.2412109375 356.7699619486493 1650.0 1500.0 0 0.0 0.0 0.0 0.0
1317 2081.225341796875 1579.0513916015625 348.76948660792215 1650.0 1500.0 0 0.0 0.0 0.0 0.0
1334 2081.225341796875 1590.9091796875 343.0942527160049 1650.0 1500.0 0 0.0 0.0 0.0 0.0
1351 2081.225341796875 1606.7193603515625 336.1378107421302 1650.0 1500.0 0 0.0 0.0 0.0 0.0
1367 2081.225341796875 1618.5771484375 331.2944544027408 1650.0 1500.0 0 0.0 0.0 0.0 0.0
1384 2085.177978515625 1630.434814453125 325.27214045696815 1650.0 1500.0 0 0.0 0.0 0.0 0.0
1401 2089.1304931640625 1642.29248046875 319.6336504583679 1650.0 1500.0 0 0.0 0.0 0.0 0.0
1417 2089.1304931640625 1646.2451171875 318.40015599108824 1650.0 1500.0 0 0.0 0.0 0.0 0.0
1434 2089.1304931640625 1654.1502685546875 316.0834967419687 1650.0 1500.0 0 0.0 0.0 0.0 0.0
1451 2093.0831298828125 1658.102783203125 313.07954115715484 1650.0 1500.0 0 0.0 0.0 0.0 0.0
1467 2097.03564453125 1666.0079345703125 309.2165862120005 1650.0 1500.0 0 0.0 0.0 0.0 0.0
1484 2100.98828125 1669.9605712890625 306.33772367995834 1650.0 1500.0 0 0.0 0.0 0.0 0.0
1501 2100.98828125 1673.9130859375 305.54436336596734 1650.0 1500.0 0 0.0 0.0 0.0 0.0
1534 2104.9407958984375 1677.86572265625 302.7485580154229 1650.0 1500.0 0 0.0 0.0 0.0 0.0
1633 2104.9407958984375 1673.9130859375 303.4664945595043 1650.0 1500.0 0 0.0 0.0 0.0 0.0
1651 2104.9407958984375 1662.055419921875 305.8838566028196 1650.0 1500.0 0 0.0 0.0 0.0 0.0
1667 2104.9407958984375 1654.1502685546875 307.6194320324977 1650.0 1500.0 0 0.0 0.0 0.0 0.0
1684 2104.9407958984375 1650.1976318359375 308.51902893719955 1650.0 1500.0 0 0.0 0.0 0.0 0.0
1702 2100.98828125 1646.2451171875 311.49722953738456 1650.0 1500.0 0 0.0 0.0 0.0 0.0
1719 2100.98828125 1638.3399658203125 313.6515641826152 1650.0 1500.0 0 0.0 0.0 0.0 0.0
1734 2097.03564453125 1634.387451171875 316.7057038651269 1650.0 1500.0 0 0.0 0.0 0.0 0.0
1751 2093.0831298828125 1630.434814453125 319.79293213211645 1650.0 1500.0 0 0.0 0.0 0.0 0.0
1767 2089.1304931640625 1626.4822998046875 322.90449384106023 1650.0 1500.0 0 0.0 0.0 0.0 0.0
1784 2085.177978515625 1618.5771484375 327.5485618437408 1650.0 1500.0 0 0.0 0.0 0.0 0.0
1801 2081.225341796875 1614.62451171875 330.6805305887301 1650.0 1500.0 0 0.0 0.0 0.0 0.0
1817 2081.225341796875 1610.6719970703125 332.32021062967584 1650.0 1500.0 0 0.0 0.0 0.0 0.0
1834 2077.2728271484375 1606.7193603515625 335.4362660095627 1650.0 1500.0 0 0.0 0.0 0.0 0.0
1851 2073.3203125 1602.766845703125 338.53029235216025 1650.0 1500.0 0 0.0 0.0 0.0 0.0
1867 2069.36767578125 1598.8143310546875 341.59379059369263 1650.0 1500.0 0 0.0 0.0 0.0 0.0
1884 2065.4151611328125 1594.8616943359375 344.6184847582497 1650.0 1500.0 0 0.0 0.0 0.0 0.0
1901 2061.4625244140625 1590.9091796875 347.5967446526083 1650.0 1500.0 0 0.0 0.0 0.0 0.0
1917 2061.4625244140625 1586.95654296875 349.60464943982356 1650.0 1500.0 0 0.0 0.0 0.0 0.0
1934 2057.510009765625 1586.95654296875 350.5065777269722 1650.0 1500.0 0 0.0 0.0 0.0 0.0
1983 2057.510009765625 1583.0040283203125 352.5598889050776 1650.0 1500.0 0 0.0 0.0 0.0 0.0
2068 2065.4151611328125 1594.8616943359375 344.5682907224508 1650.0 1500.0 0 0.0 0.0 0.0 0.0
2085 2073.3203125 1602.766845703125 338.36830890757426 1650.0 1500.0 0 0.0 0.0 0.0 0.0
2101 2081.225341796875 1614.62451171875 330.49140021282665 1650.0 1500.0 0 0.0 0.0 0.0 0.0
2117 2093.0831298828125 1622.5296630859375 322.5051797070248 1650.0 1500.0 0 0.0 0.0 0.0 0.0
2134 2100.98828125 1626.4822998046875 317.58006273698993 1650.0 1500.0 0 0.0 0.0 0.0 0.0
2151 2104.9407958984375 1634.387451171875 313.49607516585615 1650.0 1500.0 0 0.0 0.0 0.0 0.0
2167 2108.8934326171875 1638.3399658203125 310.5344935664971 1650.0 1500.0 0 0.0 0.0 0.0 0.0
2184 2112.845947265625 1638.3399658203125 308.51099644941894 1650.0 1500.0 0 0.0 0.0 0.0 0.0
2201 2112.845947265625 1642.29248046875 307.6425073287659 1650.0 1500.0 0 0.0 0.0 0.0 0.0
2217 2116.798583984375 1642.29248046875 305.5755217899898 1650.0 1500.0 0 0.0 0.0 0.0 0.0
2234 2120.7510986328125 1646.2451171875 302.7790175012687 1650.0 1500.0 0 0.0 0.0 0.0 0.0
2251 2124.70361328125 1650.1976318359375 300.0528079737106 1650.0 1500.0 0 0.0 0.0 0.0 0.0
2267 2128.65625 1654.1502685546875 297.40079473529863 1650.0 1500.0 0 0.0 0.0 0.0 0.0
2284 2132.6087646484375 1662.055419921875 294.45662045477997 1650.0 1500.0 0 0.0 0.0 0.0 0.0
2301 2136.5614013671875 1666.0079345703125 291.97421833485214 1650.0 1500.0 0 0.0 0.0 0.0 0.0
2317 2140.513916015625 1666.0079345703125 289.76895429286105 1650.0 1500.0 0 0.0 0.0 0.0 0.0
2351 2140.513916015625 1669.9605712890625 289.57484332707327 1650.0 1500.0 0 0.0 0.0 0.0 0.0
2500 2140.513916015625 1666.0079345703125 289.77672485256323 1650.0 1500.0 0 0.0 0.0 0.0 0.0
2550 2140.513916015625 1662.055419921875 289.98662469258215 1650.0 1500.0 0 0.0 0.0 0.0 0.0
2567 2140.513916015625 1658.102783203125 290.2048923874162 1650.0 1500.0 0 0.0 0.0 0.0 0.0
2601 2140.513916015625 1654.1502685546875 290.4319268138414 1650.0 1500.0 0 0.0 0.0 0.0 0.0
2618 2140.513916015625 1650.1976318359375 290.6680702806036 1650.0 1500.0 0 0.0 0.0 0.0 0.0
2634 2136.5614013671875 1646.2451171875 293.1903725818481 1650.0 1500.0 0 0.0 0.0 0.0 0.0
2651 2132.6087646484375 1646.2451171875 295.3655306127174 1650.0 1500.0 0 0.0 0.0 0.0 0.0
2667 2128.65625 1638.3399658203125 298.5893719049319 1650.0 1500.0 0 0.0 0.0 0.0 0.0
2684 2124.70361328125 1634.387451171875 301.34994370545303 1650.0 1500.0 0 0.0 0.0 0.0 0.0
2701 2120.7510986328125 1630.434814453125 304.180201711408 1650.0 1500.0 0 0.0 0.0 0.0 0.0
2717 2120.7510986328125 1626.4822998046875 304.9521925711415 1650.0 1500.0 0 0.0 0.0 0.0 0.0
2751 2112.845947265625 1618.5771484375 310.8959780622031 1650.0 1500.0 0 0.0 0.0 0.0 0.0
2800 2108.8934326171875 1614.62451171875 313.91250750336656 1650.0 1500.0 0 0.0 0.0 0.0 0.0
2817 2104.9407958984375 1610.6719970703125 316.9698744435775 1650.0 1500.0 0 0.0 0.0 0.0 0.0
2818 2104.9407958984375 1610.6719970703125 316.9699426682374 1650.0 1500.0 0 0.0 0.0 0.0 0.0
2836 2100.98828125 1606.7193603515625 320.0595949044597 1650.0 1500.0 0 0.0 0.0 0.0 0.0
2851 2100.98828125 1602.766845703125 321.3871681198986 1650.0 1500.0 0 0.0 0.0 0.0 0.0
2867 2097.03564453125 1602.766845703125 323.1183757230442 1650.0 1500.0 0 0.0 0.0 0.0 0.0
2885 2093.0831298828125 1598.8143310546875 326.245730619572 1650.0 1500.0 0 0.0 0.0 0.0 0.0
2934 2093.0831298828125 1594.8616943359375 327.7619289239541 1650.0 1500.0 0 0.0 0.0 0.0 0.0
2951 2089.1304931640625 1590.9091796875 330.89366726505847 1650.0 1500.0 0 0.0 0.0 0.0 0.0
2967 2085.177978515625 1590.9091796875 332.37999545222783 1650.0 1500.0 0 0.0 0.0 0.0 0.0
3167 2085.177978515625 1594.8616943359375 330.7809152002247 1650.0 1500.0 0 0.0 0.0 0.0 0.0
3233 2085.177978515625 1598.8143310546875 329.22406162887785 1650.0 1500.0 0 0.0 0.0 0.0 0.0
3267 2085.177978515625 1602.766845703125 327.7093710266361 1650.0 1500.0 0 0.0 0.0 0.0 0.0
3317 2085.177978515625 1606.7193603515625 326.236755731473 1650.0 1500.0 0 0.0 0.0 0.0 0.0
3334 2085.177978515625 1614.62451171875 323.4545941795417 1650.0 1500.0 0 0.0 0.0 0.0 0.0
3351 2085.177978515625 1618.5771484375 322.1048693200437 1650.0 1500.0 0 0.0 0.0 0.0 0.0
3401 2085.177978515625 1626.4822998046875 319.56332240727886 1650.0 1500.0 0 0.0 0.0 0.0 0.0
3733 2085.177978515625 1630.434814453125 318.33209869738766 1650.0 1500.0 0 0.0 0.0 0.0 0.0
3984 2085.177978515625 1626.4822998046875 319.60390575953465 1650.0 1500.0 0 0.0 0.0 0.0 0.0
4001 2085.177978515625 1618.5771484375 322.31707778671847 1650.0 1500.0 0 0.0 0.0 0.0 0.0
4017 2085.177978515625 1610.6719970703125 325.20318288851604 1650.0 1500.0 0 0.0 0.0 0.0 0.0
4034 2085.177978515625 1606.7193603515625 326.6888401078421 1650.0 1500.0 0 0.0 0.0 0.0 0.0
4051 2085.177978515625 1602.766845703125 328.217748379666 1650.0 1500.0 0 0.0 0.0 0.0 0.0
4067 2085.177978515625 1598.8143310546875 329.79004620320273 1650.0 1500.0 0 0.0 0.0 0.0 0.0
4084 2081.225341796875 1594.8616943359375 332.91725835885967 1650.0 1500.0 0 0.0 0.0 0.0 0.0
4101 2081.225341796875 1590.9091796875 334.6151735831446 1650.0 1500.0 0 0.0 0.0 0.0 0.0
4117 2073.3203125 1586.95654296875 338.9951504423816 1650.0 1500.0 0 0.0 0.0 0.0 0.0
4134 2073.3203125 1583.0040283203125 340.83717279696225 1650.0 1500.0 0 0.0 0.0 0.0 0.0
4167 2069.36767578125 1579.0513916015625 343.87224308800313 1650.0 1500.0 0 0.0 0.0 0.0 0.0
4184 2065.4151611328125 1575.098876953125 346.86261871562226 1650.0 1500.0 0 0.0 0.0 0.0 0.0
4201 2061.4625244140625 1567.1937255859375 351.8082553362426 1650.0 1500.0 0 0.0 0.0 0.0 0.0
4217 2061.4625244140625 1563.2412109375 353.8801443901415 1650.0 1500.0 0 0.0 0.0 0.0 0.0
4250 2057.510009765625 1559.28857421875 356.66801877384114 1650.0 1500.0 0 0.0 0.0 0.0 0.0
4267 2053.557373046875 1551.3834228515625 1.4872990084203082 1650.0 1500.0 0 0.0 0.0 0.0 0.0
4268 2053.557373046875 1551.3834228515625 1.4872777152700394 1650.0 1500.0 0 0.0 0.0 0.0 0.0
4284 2053.557373046875 1547.430908203125 3.6618755665074048 1650.0 1500.0 0 0.0 0.0 0.0 0.0
4301 2049.6048583984375 1543.478271484375 6.175394072003229 1650.0 1500.0 0 0.0 0.0 0.0 0.0
4317 2049.6048583984375 1539.5257568359375 8.377021522853482 1650.0 1500.0 0 0.0 0.0 0.0 0.0
4334 2049.6048583984375 1531.62060546875 12.80731072652324 1650.0 1500.0 0 0.0 0.0 0.0 0.0
4351 2049.6048583984375 1519.762939453125 19.439663191926087 1650.0 1500.0 0 0.0 0.0 0.0 0.0
4433 2049.6048583984375 1531.62060546875 12.786097211825762 1650.0 1500.0 0 0.0 0.0 0.0 0.0
5867 2068.984161376953 1530.6673126220703 359.1513659767785 1650.0 1500.0 0 0.0 0.0 0.0 0.0
5884 2068.984161376953 1522.7621612548828 356.60802457285564 1650.0 1500.0 0 0.0 0.0 0.0 0.0
5917 2061.078887939453 1518.8096466064453 351.6536215765783 1650.0 1500.0 0 0.0 0.0 0.0 0.0
5934 2029.4582824707031 1518.8096466064453 334.05919235040085 1650.0 1500.0 0 0.0 0.0 0.0 0.0
5951 2013.6482238769531 1518.8096466064453 325.1729614256593 1650.0 1500.0 0 0.0 0.0 0.0 0.0
5967 1993.8852844238281 1518.8096466064453 314.1145384883578 1650.0 1500.0 0 0.0 0.0 0.0 0.0
5984 1982.0276184082031 1514.8570098876953 308.15201730454436 1650.0 1500.0 0 0.0 0.0 0.0 0.0
6001 1970.1698303222656 1514.8570098876953 301.87938069804915 1650.0 1500.0 0 0.0 0.0 0.0 0.0
6017 1962.2646789550781 1510.9044952392578 298.65970890746695 1650.0 1500.0 0 0.0 0.0 0.0 0.0
6034 1958.3121643066406 1510.9044952392578 296.6495399507899 1650.0 1500.0 0 0.0 0.0 0.0 0.0
6051 1954.3596496582031 1510.9044952392578 294.6728954936256 1650.0 1500.0 0 0.0 0.0 0.0 0.0
6068 1950.4070129394531 1506.9518585205078 293.74924961317436 1650.0 1500.0 0 0.0 0.0 0.0 0.0
6084 1950.4070129394531 1502.9993438720703 294.75113275481857 1650.0 1500.0 0 0.0 0.0 0.0 0.0
6134 1946.4544982910156 1491.1415557861328 295.6680011940665 1650.0 1500.0 0 0.0 0.0 0.0 0.0
6151 1946.4544982910156 1487.1890411376953 296.6053743733205 1650.0 1500.0 0 0.0 0.0 0.0 0.0
6167 1946.4544982910156 1479.2838897705078 298.3566232633728 1650.0 1500.0 0 0.0 0.0 0.0 0.0
6184 1946.4544982910156 1475.3313751220703 299.20203768741175 1650.0 1500.0 0 0.0 0.0 0.0 0.0
6201 1946.4544982910156 1471.3787384033203 300.01809630082533 1650.0 1500.0 0 0.0 0.0 0.0 0.0
6217 1942.5018615722656 1467.4262237548828 298.8325582598313 1650.0 1500.0 0 0.0 0.0 0.0 0.0
6234 1942.5018615722656 1463.4735870361328 299.66148857910395 1650.0 1500.0 0 0.0 0.0 0.0 0.0
6251 1938.5493469238281 1459.5210723876953 298.493249616422 1650.0 1500.0 0 0.0 0.0 0.0 0.0
6267 1938.5493469238281 1451.6159210205078 300.11844514896217 1650.0 1500.0 0 0.0 0.0 0.0 0.0
6284 1930.6441955566406 1447.6634063720703 297.0088392626269 1650.0 1500.0 0 0.0 0.0 0.0 0.0
6301 1926.6915588378906 1439.7582550048828 296.8530321347918 1650.0 1500.0 0 0.0 0.0 0.0 0.0
6317 1922.7390441894531 1431.8531036376953 296.7096744367237 1650.0 1500.0 0 0.0 0.0 0.0 0.0
6334 1914.8338928222656 1427.9004669189453 293.8200506805457 1650.0 1500.0 0 0.0 0.0 0.0 0.0
6351 1910.8813781738281 1423.9479522705078 292.93892095350947 1650.0 1500.0 0 0.0 0.0 0.0 0.0
6367 1902.9762268066406 1419.9953155517578 290.3022991160296 1650.0 1500.0 0 0.0 0.0 0.0 0.0
6384 1899.0235900878906 1416.0428009033203 289.59800357460233 1650.0 1500.0 0 0.0 0.0 0.0 0.0
6401 1895.0710754394531 1416.0428009033203 287.7567785794503 1650.0 1500.0 0 0.0 0.0 0.0 0.0
6418 1891.1184387207031 1416.0428009033203 285.95523969346726 1650.0 1500.0 0 0.0 0.0 0.0 0.0
6434 1887.1659240722656 1412.0902862548828 285.4725999154617 1650.0 1500.0 0 0.0 0.0 0.0 0.0
6467 1883.2132873535156 1412.0902862548828 283.7228185867476 1650.0 1500.0 0 0.0 0.0 0.0 0.0
6601 1883.2132873535156 1416.0428009033203 282.3185526092864 1650.0 1500.0 0 0.0 0.0 0.0 0.0
6617 1883.2132873535156 1419.9953155517578 280.8714184357002 1650.0 1500.0 0 0.0 0.0 0.0 0.0
6634 1883.2132873535156 1423.9479522705078 279.381035418953 1650.0 1500.0 0 0.0 0.0 0.0 0.0
6651 1883.2132873535156 1431.8531036376953 276.2227017696659 1650.0 1500.0 0 0.0 0.0 0.0 0.0
6667 1883.2132873535156 1435.8056182861328 274.60069854245677 1650.0 1500.0 0 0.0 0.0 0.0 0.0
6717 1883.2132873535156 1439.7582550048828 272.9353895866176 1650.0 1500.0 0 0.0 0.0 0.0 0.0
6800 1883.2132873535156 1435.8056182861328 274.5585450185319 1650.0 1500.0 0 0.0 0.0 0.0 0.0
6818 1883.2132873535156 1416.0428009033203 281.6911078184052 1650.0 1500.0 0 0.0 0.0 0.0 0.0
6834 1883.2132873535156 1408.1376495361328 284.37541735141406 1650.0 1500.0 0 0.0 0.0 0.0 0.0
6851 1883.2132873535156 1404.1851348876953 285.6767785883144 1650.0 1500.0 0 0.0 0.0 0.0 0.0
6868 1883.2132873535156 1396.2799835205078 288.1242997650481 1650.0 1500.0 0 0.0 0.0 0.0 0.0
6984 1883.2132873535156 1400.2324981689453 286.86032333550435 1650.0 1500.0 0 0.0 0.0 0.0 0.0
7001 1867.4031066894531 1400.2324981689453 280.195644048126 1650.0 1500.0 0 0.0 0.0 0.0 0.0
7017 1851.5928039550781 1400.2324981689453 274.1857745541498 1650.0 1500.0 0 0.0 0.0 0.0 0.0
7668 2156.851493835449 1387.7772979736328 295.0069531465117 1650.0 1500.0 0 0.0 0.0 0.0 0.0
7684 2148.946464538574 1387.7772979736328 297.5137552686948 1650.0 1500.0 0 0.0 0.0 0.0 0.0
7701 2141.041191101074 1387.7772979736328 300.07045792961856 1650.0 1500.0 0 0.0 0.0 0.0 0.0
7717 2129.183525085449 1387.7772979736328 304.00714655550337 1650.0 1500.0 0 0.0 0.0 0.0 0.0
7734 2121.2783737182617 1391.7298126220703 307.0439048781526 1650.0 1500.0 0 0.0 0.0 0.0 0.0
7751 2113.373222351074 1391.7298126220703 309.7421503534423 1650.0 1500.0 0 0.0 0.0 0.0 0.0
7768 2109.4207077026367 1391.7298126220703 311.0977488844842 1650.0 1500.0 0 0.0 0.0 0.0 0.0
7784 2101.515556335449 1391.7298126220703 313.83291635639114 1650.0 1500.0 0 0.0 0.0 0.0 0.0
7801 2097.562919616699 1395.6823272705078 315.3782973200264 1650.0 1500.0 0 0.0 0.0 0.0 0.0
7818 2093.6104049682617 1395.6823272705078 316.75438158928125 1650.0 1500.0 0 0.0 0.0 0.0 0.0
7834 2085.705253601074 1395.6823272705078 319.5177556461677 1650.0 1500.0 0 0.0 0.0 0.0 0.0
7851 2081.752616882324 1395.6823272705078 320.9004354364432 1650.0 1500.0 0 0.0 0.0 0.0 0.0
7900 2077.8001022338867 1395.6823272705078 322.28360122435606 1650.0 1500.0 0 0.0 0.0 0.0 0.0
7917 2073.847587585449 1395.6823272705078 323.6665319654178 1650.0 1500.0 0 0.0 0.0 0.0 0.0
8134 2073.847587585449 1399.6349639892578 323.6405011408169 1650.0 1500.0 0 0.0 0.0 0.0 0.0
8151 2073.847587585449 1407.5401153564453 323.5908071500771 1650.0 1500.0 0 0.0 0.0 0.0 0.0
8201 2073.847587585449 1411.4926300048828 323.56654019731275 1650.0 1500.0 0 0.0 0.0 0.0 0.0
8250 2073.847587585449 1415.4452667236328 323.54284547127077 1650.0 1500.0 0 0.0 0.0 0.0 0.0
8300 2077.8001022338867 1419.3977813720703 322.1691269756917 1650.0 1500.0 0 0.0 0.0 0.0 0.0
8318 2081.752616882324 1423.3504180908203 320.8283730812931 1650.0 1500.0 0 0.0 0.0 0.0 0.0
8334 2081.752616882324 1427.3029327392578 320.86920229047473 1650.0 1500.0 0 0.0 0.0 0.0 0.0
8351 2085.705253601074 1427.3029327392578 319.48796357375375 1650.0 1500.0 0 0.0 0.0 0.0 0.0
8368 2089.6577682495117 1435.2080841064453 318.313489051939 1650.0 1500.0 0 0.0 0.0 0.0 0.0
8384 2089.6577682495117 1439.1605987548828 318.41351592971193 1650.0 1500.0 0 0.0 0.0 0.0 0.0
8401 2093.6104049682617 1447.0657501220703 317.2903098802003 1650.0 1500.0 0 0.0 0.0 0.0 0.0
8418 2093.6104049682617 1451.0183868408203 317.41441079837966 1650.0 1500.0 0 0.0 0.0 0.0 0.0
8434 2093.6104049682617 1454.9709014892578 317.5355362205844 1650.0 1500.0 0 0.0 0.0 0.0 0.0
8451 2097.562919616699 1458.9235382080078 316.3111604041619 1650.0 1500.0 0 0.0 0.0 0.0 0.0
8468 2097.562919616699 1462.8760528564453 316.45821905934486 1650.0 1500.0 0 0.0 0.0 0.0 0.0
8484 2101.515556335449 1462.8760528564453 315.0867094103944 1650.0 1500.0 0 0.0 0.0 0.0 0.0
8501 2101.515556335449 1466.8285675048828 315.26242344820105 1650.0 1500.0 0 0.0 0.0 0.0 0.0
8518 2105.4680709838867 1466.8285675048828 313.8949994155886 1650.0 1500.0 0 0.0 0.0 0.0 0.0
8534 2109.4207077026367 1470.7812042236328 312.7672205883068 1650.0 1500.0 0 0.0 0.0 0.0 0.0
8600 2113.373222351074 1470.7812042236328 311.410113243354 1650.0 1500.0 0 0.0 0.0 0.0 0.0
8850 2109.4207077026367 1470.7812042236328 312.77321311159915 1650.0 1500.0 0 0.0 0.0 0.0 0.0
8868 2097.562919616699 1470.7812042236328 316.9059040536473 1650.0 1500.0 0 0.0 0.0 0.0 0.0
8884 2093.6104049682617 1470.7812042236328 318.28525621717466 1650.0 1500.0 0 0.0 0.0 0.0 0.0
8901 2089.6577682495117 1470.7812042236328 319.6667359888992 1650.0 1500.0 0 0.0 0.0 0.0 0.0
8918 2081.752616882324 1470.7812042236328 322.4339957923688 1650.0 1500.0 0 0.0 0.0 0.0 0.0
8934 2077.8001022338867 1470.7812042236328 323.8168580448977 1650.0 1500.0 0 0.0 0.0 0.0 0.0
8951 2069.894950866699 1466.8285675048828 326.67634798682536 1650.0 1500.0 0 0.0 0.0 0.0 0.0
8968 2061.9897994995117 1458.9235382080078 329.76924409712353 1650.0 1500.0 0 0.0 0.0 0.0 0.0
8984 2054.084648132324 1454.9709014892578 332.73761076729755 1650.0 1500.0 0 0.0 0.0 0.0 0.0
9001 2046.1794967651367 1447.0657501220703 336.07549617511825 1650.0 1500.0 0 0.0 0.0 0.0 0.0
9018 2042.2269821166992 1443.1132354736328 337.7732695591541 1650.0 1500.0 0 0.0 0.0 0.0 0.0
9035 2034.3218307495117 1439.1605987548828 340.83507761256277 1650.0 1500.0 0 0.0 0.0 0.0 0.0
9051 2034.3218307495117 1435.2080841064453 341.27894257661376 1650.0 1500.0 0 0.0 0.0 0.0 0.0
9084 2030.3693161010742 1435.2080841064453 342.57856591895114 1650.0 1500.0 0 0.0 0.0 0.0 0.0
9168 2030.3693161010742 1443.1132354736328 341.6728640879858 1650.0 1500.0 0 0.0 0.0 0.0 0.0
9184 2030.3693161010742 1447.0657501220703 341.23013983696575 1650.0 1500.0 0 0.0 0.0 0.0 0.0
9201 2030.3693161010742 1454.9709014892578 340.3834848396233 1650.0 1500.0 0 0.0 0.0 0.0 0.0
9218 2038.2744674682617 1458.9235382080078 337.3544088927215 1650.0 1500.0 0 0.0 0.0 0.0 0.0
9234 2046.1794967651367 1462.8760528564453 334.3625237070947 1650.0 1500.0 0 0.0 0.0 0.0 0.0
9251 2054.084648132324 1466.8285675048828 331.41511205137897 1650.0 1500.0 0 0.0 0.0 0.0 0.0
9268 2065.9424362182617 1470.7812042236328 327.1643062425354 1650.0 1500.0 0 0.0 0.0 0.0 0.0
9284 2073.847587585449 1474.7337188720703 324.35508032462576 1650.0 1500.0 0 0.0 0.0 0.0 0.0
9301 2081.752616882324 1474.7337188720703 321.58827384819904 1650.0 1500.0 0 0.0 0.0 0.0 0.0
9318 2085.705253601074 1478.6863555908203 320.261648086346 1650.0 1500.0 0 0.0 0.0 0.0 0.0
9334 2093.6104049682617 1478.6863555908203 317.5051723429427 1650.0 1500.0 0 0.0 0.0 0.0 0.0
9351 2097.562919616699 1482.6388702392578 316.2815813949087 1650.0 1500.0 0 0.0 0.0 0.0 0.0
9368 2101.515556335449 1482.6388702392578 314.91063708200465 1650.0 1500.0 0 0.0 0.0 0.0 0.0
9700 2093.6104049682617 1494.4966583251953 317.999559848085 1650.0 1500.0 0 0.0 0.0 0.0 0.0
10301 2093.6104049682617 1494.4966583251953 317.999559848085 1650.0 1500.0 0 0.0 0.0 0.0 0.0
10318 2093.6104049682617 1494.4966583251953 317.999559848085 1650.0 1500.0 0 0.0 0.0 0.0 0.0
10334 2093.6104049682617 1494.4966583251953 317.999559848085 1650.0 1500.0 0 0.0 0.0 0.0 0.0
10351 2093.6104049682617 1494.4966583251953 317.999559848085 1650.0 1500.0 0 0.0 0.0 0.0 0.0
10368 2093.6104049682617 1494.4966583251953 317.999559848085 1650.0 1500.0 0 0.0 0.0 0.0 0.0
10384 2093.6104049682617 1494.4966583251953 317.999559848085 1650.0 1500.0 0 0.0 0.0 0.0 0.0
10401 2093.6104049682617 1494.4966583251953 317.999559848085 1650.0 1500.0 0 0.0 0.0 0.0 0.0
10418 2093.6104049682617 1494.4966583251953 317.999559848085 1650.0 1500.0 0 0.0 0.0 0.0 0.0
10434 2093.6104049682617 1494.4966583251953 317.999559848085 1650.0 1500.0 0 0.0 0.0 0.0 0.0
10451 2093.6104049682617 1494.4966583251953 317.999559848085 1650.0 1500.0 0 0.0 0.0 0.0 0.0
10468 2093.6104049682617 1494.4966583251953 317.999559848085 1650.0 1500.0 0 0.0 0.0 0.0 0.0
10484 2093.6104049682617 1494.4966583251953 317.999559848085 1650.0 1500.0 0 0.0 0.0 0.0 0.0
10501 2093.6104049682617 1494.4966583251953 317.999559848085 1650.0 1500.0 0 0.0 0.0 0.0 0.0
10518 2093.6104049682617 1494.4966583251953 317.999559848085 1650.0 1500.0 0 0.0 0.0 0.0 0.0
10534 2093.6104049682617 1494.4966583251953 317.999559848085 1650.0 1500.0 0 0.0 0.0 0.0 0.0
10551 2093.6104049682617 1494.4966583251953 317.999559848085 1650.0 1500.0 0 0.0 0.0 0.0 0.0
10568 2093.6104049682617 1494.4966583251953 317.999559848085 1650.0 1500.0 0 0.0 0.0 0.0 0.0
10584 1903.4525651931763 1475.2045669555664 315.7992950565492 1650.0 1500.0 0 0.0 0.0 0.0 0.0
10601 1903.4525651931763 1471.252052307129 317.1334197297035 1650.0 1500.0 0 0.0 0.0 0.0 0.0
10618 1895.5474138259888 1467.2995376586914 314.99695955130153 1650.0 1500.0 0 0.0 0.0 0.0 0.0
10634 1895.5474138259888 1463.3469009399414 316.35569246313173 1650.0 1500.0 0 0.0 0.0 0.0 0.0
10651 1891.5948991775513 1459.394386291504 315.936252108876 1650.0 1500.0 0 0.0 0.0 0.0 0.0
10668 1887.6422624588013 1455.441749572754 315.5387691768247 1650.0 1500.0 0 0.0 0.0 0.0 0.0
10684 1883.6897478103638 1455.441749572754 313.799738363787 1650.0 1500.0 0 0.0 0.0 0.0 0.0
10701 1879.7371110916138 1451.4892349243164 313.51430761268773 1650.0 1500.0 0 0.0 0.0 0.0 0.0
10718 1875.7845964431763 1447.5365982055664 313.24395997033264 1650.0 1500.0 0 0.0 0.0 0.0 0.0
10751 1867.8794450759888 1443.584083557129 311.3987317616345 1650.0 1500.0 0 0.0 0.0 0.0 0.0
10768 1863.9268083572388 1443.584083557129 309.76515896793586 1650.0 1500.0 0 0.0 0.0 0.0 0.0
10817 1859.9742937088013 1443.584083557129 308.17549011070764 1650.0 1500.0 0 0.0 0.0 0.0 0.0
10967 1856.0217790603638 1443.584083557129 306.62957789342397 1650.0 1500.0 0 0.0 0.0 0.0 0.0
11018 1852.0691423416138 1443.584083557129 305.12727072365595 1650.0 1500.0 0 0.0 0.0 0.0 0.0
11067 1848.1166276931763 1443.584083557129 303.66836639114587 1650.0 1500.0 0 0.0 0.0 0.0 0.0
11084 1848.1166276931763 1439.631446838379 305.34620572689215 1650.0 1500.0 0 0.0 0.0 0.0 0.0
11101 1844.1639909744263 1439.631446838379 303.88083509532646 1650.0 1500.0 0 0.0 0.0 0.0 0.0
11118 1840.2114763259888 1439.631446838379 302.458563061098 1650.0 1500.0 0 0.0 0.0 0.0 0.0
11134 1836.2588396072388 1439.631446838379 301.0788604305603 1650.0 1500.0 0 0.0 0.0 0.0 0.0
11151 1828.3536882400513 1435.6789321899414 300.18245485920204 1650.0 1500.0 0 0.0 0.0 0.0 0.0
11168 1824.4011735916138 1435.6789321899414 298.87256091728136 1650.0 1500.0 0 0.0 0.0 0.0 0.0
11184 1820.4486589431763 1435.6789321899414 297.60367770644314 1650.0 1500.0 0 0.0 0.0 0.0 0.0
11201 1816.4960222244263 1435.6789321899414 296.3750129481015 1650.0 1500.0 0 0.0 0.0 0.0 0.0
11251 1816.4960222244263 1431.726417541504 298.2268673817368 1650.0 1500.0 0 0.0 0.0 0.0 0.0
11317 1816.4960222244263 1427.773780822754 300.0371595367174 1650.0 1500.0 0 0.0 0.0 0.0 0.0
11334 1812.5435075759888 1423.8212661743164 300.47607609522447 1650.0 1500.0 0 0.0 0.0 0.0 0.0
11335 1812.5435075759888 1423.8212661743164 300.47608448523187 1650.0 1500.0 0 0.0 0.0 0.0 0.0
11401 1812.5435075759888 1419.8686294555664 302.23340472482766 1650.0 1500.0 0 0.0 0.0 0.0 0.0
11467 1812.5435075759888 1415.916114807129 303.94750854739965 1650.0 1500.0 0 0.0 0.0 0.0 0.0
11884 1812.5435075759888 1419.8686294555664 302.18911991893475 1650.0 1500.0 0 0.0 0.0 0.0 0.0
11901 1812.5435075759888 1423.8212661743164 300.38709717450314 1650.0 1500.0 0 0.0 0.0 0.0 0.0
12034 1812.5435075759888 1427.773780822754 298.5423222990596 1650.0 1500.0 0 0.0 0.0 0.0 0.0
12051 1816.4960222244263 1427.773780822754 299.8844308060385 1650.0 1500.0 0 0.0 0.0 0.0 0.0
12468 1816.4960222244263 1431.726417541504 298.02798889637734 1650.0 1500.0 0 0.0 0.0 0.0 0.0