0 2350.0 1500.0 0 1650.0 1500.0 0 0.0 0.0 0.0 0.0
721 2350.0 1500.0 0 1650.0 1500.0 0 0.0 0.0 0.0 0.0
804 2350.0 1500.0 0 1650.0 1500.0 0 0.0 0.0 0.0 0.0
828 2350.0 1500.0 0 1650.0 1500.0 0 0.0 0.0 0.0 0.0
838 2350.0 1500.0 0 1650.0 1500.0 0 0.0 0.0 0.0 0.0
852 2334.217041015625 1484.217041015625 2.1017395340242615 1650.0 1500.0 0 0.0 0.0 0.0 0.0
874 2330.271240234375 1480.271240234375 2.6001227678656846 1650.0 1500.0 0 0.0 0.0 0.0 0.0
887 2322.3798828125 1472.3797607421875 3.499481813004195 1650.0 1500.0 0 0.0 0.0 0.0 0.0
904 2314.48828125 1456.5968017578125 7.35246699754822 1650.0 1500.0 0 0.0 0.0 0.0 0.0
921 2286.8681640625 1432.9222412109375 7.347777738905563 1650.0 1500.0 0 0.0 0.0 0.0 0.0
938 2263.193603515625 1417.1392822265625 5.83710693231518 1650.0 1500.0 0 0.0 0.0 0.0 0.0
953 2235.573486328125 1397.4105224609375 4.945824690011989 1650.0 1500.0 0 0.0 0.0 0.0 0.0
974 2207.953125 1389.51904296875 0.1007059006418558 1650.0 1500.0 0 0.0 0.0 0.0 0.0
986 2200.061767578125 1385.5733642578125 359.5593169484086 1650.0 1500.0 0 0.0 0.0 0.0 0.0
1004 2200.061767578125 1377.681884765625 3.1355210168562166 1650.0 1500.0 0 0.0 0.0 0.0 0.0
1088 2192.170166015625 1377.681884765625 0.6566491704027158 1650.0 1500.0 0 0.0 0.0 0.0 0.0
1172 2188.224365234375 1377.681884765625 359.45636456357784 1650.0 1500.0 0 0.0 0.0 0.0 0.0
1188 2180.3330078125 1369.7904052734375 0.6623370520797494 1650.0 1500.0 0 0.0 0.0 0.0 0.0
1242 2172.44140625 1369.7904052734375 358.33490356348466 1650.0 1500.0 0 0.0 0.0 0.0 0.0
1252 2172.44140625 1377.681884765625 354.3991855569473 1650.0 1500.0 0 0.0 0.0 0.0 0.0
1272 2168.495849609375 1385.5733642578125 349.43996935484927 1650.0 1500.0 0 0.0 0.0 0.0 0.0
1288 2160.604248046875 1389.51904296875 345.8837992157324 1650.0 1500.0 0 0.0 0.0 0.0 0.0
1304 2152.712646484375 1389.51904296875 344.52673480785256 1650.0 1500.0 0 0.0 0.0 0.0 0.0
1404 2152.712646484375 1385.5733642578125 346.6150161679541 1650.0 1500.0 0 0.0 0.0 0.0 0.0
1420 2152.712646484375 1377.681884765625 350.6765860913519 1650.0 1500.0 0 0.0 0.0 0.0 0.0
1439 2152.712646484375 1361.8988037109375 358.2679067789772 1650.0 1500.0 0 0.0 0.0 0.0 0.0
1453 2144.8212890625 1361.8988037109375 356.0905750799306 1650.0 1500.0 0 0.0 0.0 0.0 0.0
1534 2140.87548828125 1369.7904052734375 351.1234706854934 1650.0 1500.0 0 0.0 0.0 0.0 0.0
1542 2140.87548828125 1377.681884765625 346.953128676075 1650.0 1500.0 0 0.0 0.0 0.0 0.0
1628 2132.9840087890625 1369.7904052734375 349.3455536927484 1650.0 1500.0 0 0.0 0.0 0.0 0.0
1638 2132.9840087890625 1361.8988037109375 353.31956594763227 1650.0 1500.0 0 0.0 0.0 0.0 0.0
1653 2125.092529296875 1322.44140625 7.405757981116892 1650.0 1500.0 0 0.0 0.0 0.0 0.0
1675 2125.092529296875 1310.6041259765625 12.09111124784016 1650.0 1500.0 0 0.0 0.0 0.0 0.0
1773 2125.092529296875 1314.5499267578125 10.487172524302707 1650.0 1500.0 0 0.0 0.0 0.0 0.0
1789 2125.092529296875 1338.224365234375 359.17137619722223 1650.0 1500.0 0 0.0 0.0 0.0 0.0
1803 2125.092529296875 1342.170166015625 357.258546756581 1650.0 1500.0 0 0.0 0.0 0.0 0.0
1878 2125.092529296875 1338.224365234375 359.1333901041841 1650.0 1500.0 0 0.0 0.0 0.0 0.0
1890 2125.092529296875 1322.44140625 6.023170507364057 1650.0 1500.0 0 0.0 0.0 0.0 0.0
1948 2125.092529296875 1342.170166015625 356.32396695314907 1650.0 1500.0 0 0.0 0.0 0.0 0.0
1956 2125.092529296875 1357.953125 348.0203110179264 1650.0 1500.0 0 0.0 0.0 0.0 0.0
1973 2125.092529296875 1377.681884765625 337.0311649807077 1650.0 1500.0 0 0.0 0.0 0.0 0.0
2078 2125.092529296875 1369.7904052734375 341.3321008762981 1650.0 1500.0 0 0.0 0.0 0.0 0.0
2090 2132.9840087890625 1361.8988037109375 347.047265224701 1650.0 1500.0 0 0.0 0.0 0.0 0.0
2104 2132.9840087890625 1357.953125 349.1007237322704 1650.0 1500.0 0 0.0 0.0 0.0 0.0
3290 2132.9840087890625 1357.953125 349.1007237322704 1650.0 1500.0 0 0.0 0.0 0.0 0.0
3406 2132.9840087890625 1357.953125 349.1007237322704 1650.0 1500.0 0 0.0 0.0 0.0 0.0
3421 2132.9840087890625 1357.953125 349.1007237322704 1650.0 1500.0 0 0.0 0.0 0.0 0.0
3438 2132.9840087890625 1357.953125 349.1007237322704 1650.0 1500.0 0 0.0 0.0 0.0 0.0
3452 2132.9840087890625 1357.953125 349.1007237322704 1650.0 1500.0 0 0.0 0.0 0.0 0.0
3470 2132.9840087890625 1357.953125 349.1007237322704 1650.0 1519.728759765625 11.682373001717139 0.0 0.0 0.0 0.0
3574 2132.9840087890625 1357.953125 349.1007237322704 1650.0 1527.6202392578125 15.887288799243407 0.0 0.0 0.0 0.0
3750 2132.9840087890625 1357.953125 349.1007237322704 1650.0 1531.56591796875 17.880028378640617 0.0 0.0 0.0 0.0
3760 2132.9840087890625 1357.953125 349.1007237322704 1650.0 1539.4573974609375 21.46593144931623 0.0 0.0 0.0 0.0
3774 2132.9840087890625 1357.953125 349.1007237322704 1650.0 1547.3489990234375 24.67960007748573 0.0 0.0 0.0 0.0
3794 2132.9840087890625 1357.953125 349.1007237322704 1650.0 1559.1861572265625 28.76988471914305 0.0 0.0 0.0 0.0
3804 2132.9840087890625 1357.953125 349.1007237322704 1650.0 1574.9691162109375 33.14903826948671 0.0 0.0 0.0 0.0
3823 2132.9840087890625 1357.953125 349.1007237322704 1642.1085205078125 1614.4266357421875 44.407669438259404 0.0 0.0 0.0 0.0
3904 2132.9840087890625 1357.953125 349.1007237322704 1642.1085205078125 1606.53515625 43.53983751134291 0.0 0.0 0.0 0.0
3921 2132.9840087890625 1357.953125 349.1007237322704 1642.1085205078125 1567.07763671875 31.48478398170724 0.0 0.0 0.0 0.0
3936 2132.9840087890625 1357.953125 349.1007237322704 1634.217041015625 1539.4573974609375 28.974758051525782 0.0 0.0 0.0 0.0
4034 2132.9840087890625 1357.953125 349.1007237322704 1634.217041015625 1547.3489990234375 31.381433635037638 0.0 0.0 0.0 0.0
4058 2132.9840087890625 1357.953125 349.1007237322704 1634.217041015625 1551.294677734375 32.51451221880086 0.0 0.0 0.0 0.0
4167 2132.9840087890625 1357.953125 349.1007237322704 1634.217041015625 1539.4573974609375 28.347392702056766 0.0 0.0 0.0 0.0
4175 2132.9840087890625 1357.953125 349.1007237322704 1634.217041015625 1531.56591796875 25.19431900722992 0.0 0.0 0.0 0.0
4266 2132.9840087890625 1357.953125 349.1007237322704 1634.217041015625 1539.4573974609375 28.011480064662635 0.0 0.0 0.0 0.0
4274 2132.9840087890625 1357.953125 349.1007237322704 1634.217041015625 1547.3489990234375 30.523493421790988 0.0 0.0 0.0 0.0
4388 2132.9840087890625 1357.953125 349.1007237322704 1642.1085205078125 1531.56591796875 15.798815672469573 0.0 0.0 0.0 0.0
4402 2132.9840087890625 1357.953125 349.1007237322704 1642.1085205078125 1527.6202392578125 13.575458033611085 0.0 0.0 0.0 0.0
4421 2132.9840087890625 1357.953125 349.1007237322704 1650.0 1444.759521484375 282.5041898080528 0.0 0.0 0.0 0.0
4437 2132.9840087890625 1357.953125 349.1007237322704 1650.0 1432.92236328125 274.66057091585355 0.0 0.0 0.0 0.0
4480 2132.9840087890625 1357.953125 349.1007237322704 1650.0 1444.759521484375 283.669406021608 0.0 0.0 0.0 0.0
4488 2132.9840087890625 1357.953125 349.1007237322704 1650.0 1464.48828125 301.6017464014778 0.0 0.0 0.0 0.0
4504 2132.9840087890625 1357.953125 349.1007237322704 1650.0 1500.0 335.8779863961975 0.0 0.0 0.0 0.0
4522 2132.9840087890625 1357.953125 349.1007237322704 1650.0 1519.728759765625 351.92697294792237 0.0 0.0 0.0 0.0