0 2000.0 1500.0 0 0.0 0.0 0.0 0.0 0.0 0.0 0.0
7 2000.0 1500.0 0 0.0 0.0 0.0 0.0 0.0 0.0 0.0
55 2000.0 1500.0 0 0.0 0.0 0.0 0.0 0.0 0.0 0.0
63 2000.0 1500.0 0 0.0 0.0 0.0 0.0 0.0 0.0 0.0
71 2000.0 1500.0 0 0.0 0.0 0.0 0.0 0.0 0.0 0.0
79 2000.0 1500.0 0 0.0 0.0 0.0 0.0 0.0 0.0 0.0
87 2000.0 1500.0 0 0.0 0.0 0.0 0.0 0.0 0.0 0.0
95 2000.0 1500.0 0 0.0 0.0 0.0 0.0 0.0 0.0 0.0
103 2000.0 1500.0 0 0.0 0.0 0.0 0.0 0.0 0.0 0.0
111 2000.0 1500.0 0 0.0 0.0 0.0 0.0 0.0 0.0 0.0
119 2000.0 1500.0 0 0.0 0.0 0.0 0.0 0.0 0.0 0.0
127 2000.0 1500.0 0 0.0 0.0 0.0 0.0 0.0 0.0 0.0
159 2000.0 1500.0 0 0.0 0.0 0.0 0.0 0.0 0.0 0.0
167 2000.0 1500.0 0 0.0 0.0 0.0 0.0 0.0 0.0 0.0
175 2000.0 1500.0 0 0.0 0.0 0.0 0.0 0.0 0.0 0.0
183 2000.0 1500.0 0 0.0 0.0 0.0 0.0 0.0 0.0 0.0
192 2000.0 1500.0 0 0.0 0.0 0.0 0.0 0.0 0.0 0.0
199 2000.0 1500.0 0 0.0 0.0 0.0 0.0 0.0 0.0 0.0
207 2000.0 1500.0 0 0.0 0.0 0.0 0.0 0.0 0.0 0.0
215 2000.0 1500.0 0 0.0 0.0 0.0 0.0 0.0 0.0 0.0
223 2000.0 1500.0 0 0.0 0.0 0.0 0.0 0.0 0.0 0.0
231 2000.0 1500.0 0 0.0 0.0 0.0 0.0 0.0 0.0 0.0
239 2002.123046875 1500.0 0.36913683571661693 0.0 0.0 0.0 0.0 0.0 0.0 0.0
311 2002.123046875 1497.8768310546875 359.2555870075478 0.0 0.0 0.0 0.0 0.0 0.0 0.0
319 1993.63037109375 1493.63037109375 355.21217277773786 0.0 0.0 0.0 0.0 0.0 0.0 0.0
327 1978.76806640625 1489.384033203125 349.07610707564425 0.0 0.0 0.0 0.0 0.0 0.0 0.0
335 1955.412841796875 1485.1376953125 338.9178957060838 0.0 0.0 0.0 0.0 0.0 0.0 0.0
343 1934.1810302734375 1478.76806640625 327.428002688514 0.0 0.0 0.0 0.0 0.0 0.0 0.0
351 1912.94921875 1474.521728515625 315.7712544221888 0.0 0.0 0.0 0.0 0.0 0.0 0.0
360 1898.0867919921875 1470.2752685546875 307.1563120647927 0.0 0.0 0.0 0.0 0.0 0.0 0.0
367 1883.2244873046875 1466.0289306640625 298.57945326299046 0.0 0.0 0.0 0.0 0.0 0.0 0.0
376 1876.85498046875 1463.90576171875 294.92818525328755 0.0 0.0 0.0 0.0 0.0 0.0 0.0
415 1876.85498046875 1461.7825927734375 294.8006629284599 0.0 0.0 0.0 0.0 0.0 0.0 0.0
423 1878.9781494140625 1459.659423828125 295.82302616915183 0.0 0.0 0.0 0.0 0.0 0.0 0.0
431 1887.470947265625 1455.4129638671875 299.9881060194533 0.0 0.0 0.0 0.0 0.0 0.0 0.0
439 1900.2100830078125 1449.04345703125 305.72203975150825 0.0 0.0 0.0 0.0 0.0 0.0 0.0
447 1908.7027587890625 1449.04345703125 310.11770083295255 0.0 0.0 0.0 0.0 0.0 0.0 0.0
455 1921.44189453125 1442.673828125 314.9019382706328 0.0 0.0 0.0 0.0 0.0 0.0 0.0
463 1932.057861328125 1440.5506591796875 319.37240147623226 0.0 0.0 0.0 0.0 0.0 0.0 0.0
471 1940.5506591796875 1438.427490234375 322.6259659947069 0.0 0.0 0.0 0.0 0.0 0.0 0.0
479 1946.920166015625 1436.3043212890625 324.78701791001976 0.0 0.0 0.0 0.0 0.0 0.0 0.0
543 1944.7969970703125 1432.057861328125 322.4906478860725 0.0 0.0 0.0 0.0 0.0 0.0 0.0
551 1934.1810302734375 1432.057861328125 317.308471591943 0.0 0.0 0.0 0.0 0.0 0.0 0.0
559 1921.44189453125 1429.9346923828125 310.2749797296823 0.0 0.0 0.0 0.0 0.0 0.0 0.0
567 1906.57958984375 1421.4420166015625 301.14738562377727 0.0 0.0 0.0 0.0 0.0 0.0 0.0
576 1893.8404541015625 1419.3187255859375 293.9685769696667 0.0 0.0 0.0 0.0 0.0 0.0 0.0
583 1876.85498046875 1412.94921875 284.7470345022551 0.0 0.0 0.0 0.0 0.0 0.0 0.0
593 1866.239013671875 1410.8260498046875 279.1125159255426 0.0 0.0 0.0 0.0 0.0 0.0 0.0
599 1864.1158447265625 1410.8260498046875 277.9526564918253 0.0 0.0 0.0 0.0 0.0 0.0 0.0
631 1861.99267578125 1410.8260498046875 276.7974538527031 0.0 0.0 0.0 0.0 0.0 0.0 0.0
639 1866.239013671875 1408.702880859375 279.3178631161613 0.0 0.0 0.0 0.0 0.0 0.0 0.0
647 1889.5941162109375 1408.702880859375 292.38376751312364 0.0 0.0 0.0 0.0 0.0 0.0 0.0
655 1921.44189453125 1408.702880859375 309.1941464711283 0.0 0.0 0.0 0.0 0.0 0.0 0.0
663 1949.0433349609375 1408.702880859375 322.09620493333404 0.0 0.0 0.0 0.0 0.0 0.0 0.0
671 1989.384033203125 1408.702880859375 337.11900637135705 0.0 0.0 0.0 0.0 0.0 0.0 0.0
679 2031.84765625 1408.702880859375 348.896340116866 0.0 0.0 0.0 0.0 0.0 0.0 0.0
687 2057.325927734375 1408.702880859375 354.6534765873355 0.0 0.0 0.0 0.0 0.0 0.0 0.0
695 2074.3115234375 1408.702880859375 357.9798664483739 0.0 0.0 0.0 0.0 0.0 0.0 0.0
703 2076.434814453125 1408.702880859375 358.3875532983057 0.0 0.0 0.0 0.0 0.0 0.0 0.0
743 2063.695556640625 1408.702880859375 355.62252837299224 0.0 0.0 0.0 0.0 0.0 0.0 0.0
751 2044.5869140625 1404.4564208984375 348.19024286986416 0.0 0.0 0.0 0.0 0.0 0.0 0.0
759 2021.23193359375 1402.333251953125 338.96044213032 0.0 0.0 0.0 0.0 0.0 0.0 0.0
767 1983.014404296875 1395.9637451171875 318.3126484266012 0.0 0.0 0.0 0.0 0.0 0.0 0.0
776 1951.16650390625 1391.71728515625 300.1975816657026 0.0 0.0 0.0 0.0 0.0 0.0 0.0
783 1910.825927734375 1383.224609375 278.44025680765253 0.0 0.0 0.0 0.0 0.0 0.0 0.0
793 1870.4853515625 1374.7318115234375 260.5763777549746 0.0 0.0 0.0 0.0 0.0 0.0 0.0
799 1842.8839111328125 1370.4854736328125 249.99904604640534 0.0 0.0 0.0 0.0 0.0 0.0 0.0
807 1821.6519775390625 1364.1158447265625 244.05989562505312 0.0 0.0 0.0 0.0 0.0 0.0 0.0
815 1813.1593017578125 1361.99267578125 241.69571546066294 0.0 0.0 0.0 0.0 0.0 0.0 0.0
823 1811.0361328125 1361.99267578125 240.90145301414486 0.0 0.0 0.0 0.0 0.0 0.0 0.0
863 1817.4056396484375 1357.746337890625 245.09792886042538 0.0 0.0 0.0 0.0 0.0 0.0 0.0
871 1845.007080078125 1351.376708984375 260.481627071163 0.0 0.0 0.0 0.0 0.0 0.0 0.0
879 1876.85498046875 1351.376708984375 278.1707210017661 0.0 0.0 0.0 0.0 0.0 0.0 0.0
887 1917.195556640625 1351.376708984375 300.6708153666524 0.0 0.0 0.0 0.0 0.0 0.0 0.0
895 1966.02880859375 1349.2535400390625 322.96710311082575 0.0 0.0 0.0 0.0 0.0 0.0 0.0
903 2004.246337890625 1342.8839111328125 335.1085588012508 0.0 0.0 0.0 0.0 0.0 0.0 0.0
911 2046.710205078125 1342.8839111328125 347.4215036349618 0.0 0.0 0.0 0.0 0.0 0.0 0.0
919 2065.81884765625 1342.8839111328125 352.15632646207933 0.0 0.0 0.0 0.0 0.0 0.0 0.0
927 2074.3115234375 1342.8839111328125 354.11316613454346 0.0 0.0 0.0 0.0 0.0 0.0 0.0
959 2072.1884765625 1342.8839111328125 353.61472468938445 0.0 0.0 0.0 0.0 0.0 0.0 0.0
967 2055.202880859375 1340.7607421875 347.7503631696626 0.0 0.0 0.0 0.0 0.0 0.0 0.0
975 2023.35498046875 1338.6375732421875 334.4564685308818 0.0 0.0 0.0 0.0 0.0 0.0 0.0
983 1976.644775390625 1330.144775390625 307.35566072107906 0.0 0.0 0.0 0.0 0.0 0.0 0.0
991 1915.0723876953125 1323.7752685546875 273.30863711508505 0.0 0.0 0.0 0.0 0.0 0.0 0.0
999 1838.6375732421875 1304.66650390625 247.44180049723826 0.0 0.0 0.0 0.0 0.0 0.0 0.0
1007 1770.6954345703125 1294.0506591796875 231.61312750760698 0.0 0.0 0.0 0.0 0.0 0.0 0.0
1015 1719.7388916015625 1287.6810302734375 223.07087513924 0.0 0.0 0.0 0.0 0.0 0.0 0.0
1023 1673.02880859375 1274.94189453125 220.128246759791 0.0 0.0 0.0 0.0 0.0 0.0 0.0
1031 1645.4273681640625 1264.325927734375 220.0184719076754 0.0 0.0 0.0 0.0 0.0 0.0 0.0
1039 1639.0577392578125 1264.325927734375 218.79602261852955 0.0 0.0 0.0 0.0 0.0 0.0 0.0
1071 1641.180908203125 1264.325927734375 219.2114550243332 0.0 0.0 0.0 0.0 0.0 0.0 0.0
1079 1664.5360107421875 1262.2027587890625 226.31117429824616 0.0 0.0 0.0 0.0 0.0 0.0 0.0
1087 1704.8765869140625 1257.9564208984375 244.30202423589054 0.0 0.0 0.0 0.0 0.0 0.0 0.0
1095 1747.3404541015625 1257.9564208984375 266.78757430351095 0.0 0.0 0.0 0.0 0.0 0.0 0.0
1103 1783.4345703125 1257.9564208984375 287.27814433923686 0.0 0.0 0.0 0.0 0.0 0.0 0.0
1111 1806.7896728515625 1257.9564208984375 300.1053439827532 0.0 0.0 0.0 0.0 0.0 0.0 0.0
1119 1817.4056396484375 1257.9564208984375 305.7525672372375 0.0 0.0 0.0 0.0 0.0 0.0 0.0
1127 1823.7752685546875 1257.9564208984375 309.07115416599856 0.0 0.0 0.0 0.0 0.0 0.0 0.0
1175 1811.0361328125 1257.9564208984375 302.17157858408655 0.0 0.0 0.0 0.0 0.0 0.0 0.0
1183 1787.6810302734375 1257.9564208984375 289.07706310836943 0.0 0.0 0.0 0.0 0.0 0.0 0.0
1192 1757.956298828125 1257.9564208984375 272.9554703816332 0.0 0.0 0.0 0.0 0.0 0.0 0.0
1199 1726.1085205078125 1253.7099609375 258.6478713541567 0.0 0.0 0.0 0.0 0.0 0.0 0.0
1207 1696.3839111328125 1251.5867919921875 246.9967454895521 0.0 0.0 0.0 0.0 0.0 0.0 0.0
1215 1670.9056396484375 1247.3404541015625 239.48914750737015 0.0 0.0 0.0 0.0 0.0 0.0 0.0
1223 1651.796875 1240.9708251953125 235.87169173861582 0.0 0.0 0.0 0.0 0.0 0.0 0.0
1231 1643.30419921875 1240.9708251953125 233.19072641628344 0.0 0.0 0.0 0.0 0.0 0.0 0.0
1255 1641.180908203125 1240.9708251953125 232.5318822954909 0.0 0.0 0.0 0.0 0.0 0.0 0.0
1263 1643.30419921875 1238.84765625 234.1785888853197 0.0 0.0 0.0 0.0 0.0 0.0 0.0
1271 1656.0433349609375 1236.7244873046875 239.73408138697954 0.0 0.0 0.0 0.0 0.0 0.0 0.0
1279 1685.7679443359375 1232.4781494140625 254.97805781878174 0.0 0.0 0.0 0.0 0.0 0.0 0.0
1287 1711.2462158203125 1230.35498046875 268.8394547011191 0.0 0.0 0.0 0.0 0.0 0.0 0.0
1295 1743.093994140625 1230.35498046875 286.8266832852564 0.0 0.0 0.0 0.0 0.0 0.0 0.0
1303 1774.94189453125 1228.231689453125 303.8441973823688 0.0 0.0 0.0 0.0 0.0 0.0 0.0
1311 1806.7896728515625 1228.231689453125 319.2567576399205 0.0 0.0 0.0 0.0 0.0 0.0 0.0
1319 1830.144775390625 1228.231689453125 329.1669667072738 0.0 0.0 0.0 0.0 0.0 0.0 0.0
1327 1840.7607421875 1228.231689453125 333.360328011021 0.0 0.0 0.0 0.0 0.0 0.0 0.0
1335 1845.007080078125 1228.231689453125 334.98846815543055 0.0 0.0 0.0 0.0 0.0 0.0 0.0
1375 1842.8839111328125 1232.4781494140625 335.92389496861233 0.0 0.0 0.0 0.0 0.0 0.0 0.0
1383 1821.6519775390625 1232.4781494140625 326.58088076097 0.0 0.0 0.0 0.0 0.0 0.0 0.0
1391 1794.050537109375 1232.4781494140625 312.3998642671061 0.0 0.0 0.0 0.0 0.0 0.0 0.0
1399 1757.956298828125 1232.4781494140625 291.9399578059714 0.0 0.0 0.0 0.0 0.0 0.0 0.0
1407 1717.61572265625 1232.4781494140625 270.1486792974298 0.0 0.0 0.0 0.0 0.0 0.0 0.0
1415 1690.0142822265625 1232.4781494140625 256.9700035429826 0.0 0.0 0.0 0.0 0.0 0.0 0.0
1423 1664.5360107421875 1228.231689453125 247.75994419436057 0.0 0.0 0.0 0.0 0.0 0.0 0.0
1431 1658.16650390625 1228.231689453125 245.18723766203078 0.0 0.0 0.0 0.0 0.0 0.0 0.0
1439 1656.0433349609375 1228.231689453125 244.34198125396455 0.0 0.0 0.0 0.0 0.0 0.0 0.0
1465 1660.2896728515625 1223.9853515625 247.67326190547982 0.0 0.0 0.0 0.0 0.0 0.0 0.0
1471 1694.2607421875 1219.739013671875 266.37557677775237 0.0 0.0 0.0 0.0 0.0 0.0 0.0
1479 1728.231689453125 1219.739013671875 285.5894020769457 0.0 0.0 0.0 0.0 0.0 0.0 0.0
1487 1777.0650634765625 1219.739013671875 311.4691834068888 0.0 0.0 0.0 0.0 0.0 0.0 0.0
1495 1817.4056396484375 1219.739013671875 328.8477910342866 0.0 0.0 0.0 0.0 0.0 0.0 0.0
1503 1859.869384765625 1219.739013671875 342.79306170379647 0.0 0.0 0.0 0.0 0.0 0.0 0.0
1511 1891.71728515625 1219.739013671875 351.0171921635657 0.0 0.0 0.0 0.0 0.0 0.0 0.0
1519 1908.7027587890625 1219.739013671875 354.8256784673936 0.0 0.0 0.0 0.0 0.0 0.0 0.0
1527 1919.3187255859375 1221.8621826171875 358.0072024996766 0.0 0.0 0.0 0.0 0.0 0.0 0.0
1559 1917.195556640625 1226.1085205078125 359.86363791294013 0.0 0.0 0.0 0.0 0.0 0.0 0.0
1567 1906.57958984375 1228.231689453125 358.99572390397543 0.0 0.0 0.0 0.0 0.0 0.0 0.0
1575 1885.34765625 1230.35498046875 355.4368841528497 0.0 0.0 0.0 0.0 0.0 0.0 0.0
1583 1866.239013671875 1230.35498046875 350.4140828082502 0.0 0.0 0.0 0.0 0.0 0.0 0.0
1591 1851.376708984375 1230.35498046875 345.9534765098093 0.0 0.0 0.0 0.0 0.0 0.0 0.0
1599 1836.514404296875 1230.35498046875 340.89489720289924 0.0 0.0 0.0 0.0 0.0 0.0 0.0
1607 1828.0216064453125 1230.35498046875 337.80967136804924 0.0 0.0 0.0 0.0 0.0 0.0 0.0
1615 1825.8984375 1230.35498046875 337.0265889316293 0.0 0.0 0.0 0.0 0.0 0.0 0.0
1663 1834.39111328125 1230.35498046875 339.9743806754585 0.0 0.0 0.0 0.0 0.0 0.0 0.0
1671 1851.376708984375 1230.35498046875 345.1809890162394 0.0 0.0 0.0 0.0 0.0 0.0 0.0
1679 1868.3621826171875 1230.35498046875 349.74206143799665 0.0 0.0 0.0 0.0 0.0 0.0 0.0
1687 1891.71728515625 1230.35498046875 354.95519325726013 0.0 0.0 0.0 0.0 0.0 0.0 0.0
1695 1908.7027587890625 1230.35498046875 358.24118579471565 0.0 0.0 0.0 0.0 0.0 0.0 0.0
1703 1923.5650634765625 1230.35498046875 0.7710186718996823 0.0 0.0 0.0 0.0 0.0 0.0 0.0
1711 1929.9346923828125 1230.35498046875 1.7945545150485316 0.0 0.0 0.0 0.0 0.0 0.0 0.0
1719 1932.057861328125 1232.4781494140625 3.245145065145593 0.0 0.0 0.0 0.0 0.0 0.0 0.0
1751 1927.8115234375 1232.4781494140625 2.5944345466600254 0.0 0.0 0.0 0.0 0.0 0.0 0.0
1759 1910.825927734375 1232.4781494140625 359.50470758270876 0.0 0.0 0.0 0.0 0.0 0.0 0.0
1767 1887.470947265625 1232.4781494140625 354.1175177596766 0.0 0.0 0.0 0.0 0.0 0.0 0.0
1775 1864.1158447265625 1232.4781494140625 347.3722965127488 0.0 0.0 0.0 0.0 0.0 0.0 0.0
1783 1840.7607421875 1232.4781494140625 339.08376782073117 0.0 0.0 0.0 0.0 0.0 0.0 0.0
1791 1819.52880859375 1232.4781494140625 330.22769982910745 0.0 0.0 0.0 0.0 0.0 0.0 0.0
1799 1808.912841796875 1232.4781494140625 325.50411362263446 0.0 0.0 0.0 0.0 0.0 0.0 0.0
1807 1804.66650390625 1232.4781494140625 323.56970466019976 0.0 0.0 0.0 0.0 0.0 0.0 0.0
1855 1811.0361328125 1232.4781494140625 326.3693827276741 0.0 0.0 0.0 0.0 0.0 0.0 0.0
1863 1819.52880859375 1232.4781494140625 329.9168977163603 0.0 0.0 0.0 0.0 0.0 0.0 0.0
1871 1828.0216064453125 1232.4781494140625 333.2754498800955 0.0 0.0 0.0 0.0 0.0 0.0 0.0
1879 1836.514404296875 1232.4781494140625 336.44504223379323 0.0 0.0 0.0 0.0 0.0 0.0 0.0
1887 1845.007080078125 1232.4781494140625 339.42793177739776 0.0 0.0 0.0 0.0 0.0 0.0 0.0
1943 1840.7607421875 1232.4781494140625 337.88832633797165 0.0 0.0 0.0 0.0 0.0 0.0 0.0
1951 1828.0216064453125 1234.601318359375 333.72530100748156 0.0 0.0 0.0 0.0 0.0 0.0 0.0
1959 1813.1593017578125 1234.601318359375 327.2613354393824 0.0 0.0 0.0 0.0 0.0 0.0 0.0
1967 1806.7896728515625 1234.601318359375 324.3882873018888 0.0 0.0 0.0 0.0 0.0 0.0 0.0
1976 1800.420166015625 1234.601318359375 321.4115092512531 0.0 0.0 0.0 0.0 0.0 0.0 0.0
1983 1798.2969970703125 1234.601318359375 320.40858896767446 0.0 0.0 0.0 0.0 0.0 0.0 0.0
2031 1813.1593017578125 1234.601318359375 326.90478541374057 0.0 0.0 0.0 0.0 0.0 0.0 0.0
2039 1828.0216064453125 1234.601318359375 332.8340260217257 0.0 0.0 0.0 0.0 0.0 0.0 0.0
2047 1845.007080078125 1234.601318359375 338.87825543176166 0.0 0.0 0.0 0.0 0.0 0.0 0.0
2055 1859.869384765625 1234.601318359375 343.61934387200597 0.0 0.0 0.0 0.0 0.0 0.0 0.0
2063 1878.9781494140625 1234.601318359375 348.8903265805258 0.0 0.0 0.0 0.0 0.0 0.0 0.0
2071 1883.2244873046875 1234.601318359375 350.0194316581908 0.0 0.0 0.0 0.0 0.0 0.0 0.0
2079 1885.34765625 1234.601318359375 350.5738988552234 0.0 0.0 0.0 0.0 0.0 0.0 0.0
2135 1881.101318359375 1234.601318359375 349.4233039227115 0.0 0.0 0.0 0.0 0.0 0.0 0.0
2143 1872.6085205078125 1234.601318359375 346.9453925914222 0.0 0.0 0.0 0.0 0.0 0.0 0.0
2151 1866.239013671875 1234.601318359375 344.9851794934028 0.0 0.0 0.0 0.0 0.0 0.0 0.0
2159 1861.99267578125 1234.601318359375 343.63245032264047 0.0 0.0 0.0 0.0 0.0 0.0 0.0
2167 1859.869384765625 1234.601318359375 342.94451465594307 0.0 0.0 0.0 0.0 0.0 0.0 0.0
2175 1857.7462158203125 1234.601318359375 342.24497217894054 0.0 0.0 0.0 0.0 0.0 0.0 0.0
2231 1859.869384765625 1234.601318359375 342.9330654085905 0.0 0.0 0.0 0.0 0.0 0.0 0.0
2239 1864.1158447265625 1234.601318359375 344.26438521222434 0.0 0.0 0.0 0.0 0.0 0.0 0.0
2247 1870.4853515625 1234.601318359375 346.16350731336865 0.0 0.0 0.0 0.0 0.0 0.0 0.0
2255 1872.6085205078125 1234.601318359375 346.78562213610974 0.0 0.0 0.0 0.0 0.0 0.0 0.0
2319 1870.4853515625 1234.601318359375 346.15246729136516 0.0 0.0 0.0 0.0 0.0 0.0 0.0
2327 1866.239013671875 1234.601318359375 344.8408552341071 0.0 0.0 0.0 0.0 0.0 0.0 0.0
2343 1864.1158447265625 1236.7244873046875 345.17578822714546 0.0 0.0 0.0 0.0 0.0 0.0 0.0
2383 1878.9781494140625 1236.7244873046875 349.2303584506331 0.0 0.0 0.0 0.0 0.0 0.0 0.0
2391 1898.0867919921875 1236.7244873046875 353.70548348403844 0.0 0.0 0.0 0.0 0.0 0.0 0.0
2399 1915.0723876953125 1236.7244873046875 357.15845714195893 0.0 0.0 0.0 0.0 0.0 0.0 0.0
2407 1927.8115234375 1234.601318359375 358.4852777986378 0.0 0.0 0.0 0.0 0.0 0.0 0.0
2415 1936.30419921875 1234.601318359375 359.99160674065627 0.0 0.0 0.0 0.0 0.0 0.0 0.0
2423 1938.427490234375 1234.601318359375 0.36097114790632645 0.0 0.0 0.0 0.0 0.0 0.0 0.0
2471 1925.6883544921875 1234.601318359375 357.8520132725928 0.0 0.0 0.0 0.0 0.0 0.0 0.0
2479 1910.825927734375 1234.601318359375 354.473643139777 0.0 0.0 0.0 0.0 0.0 0.0 0.0
2487 1900.2100830078125 1234.601318359375 351.81366975358236 0.0 0.0 0.0 0.0 0.0 0.0 0.0
2495 1889.5941162109375 1236.7244873046875 350.0279030240288 0.0 0.0 0.0 0.0 0.0 0.0 0.0
2503 1887.470947265625 1236.7244873046875 349.4531478010561 0.0 0.0 0.0 0.0 0.0 0.0 0.0
2727 1885.34765625 1236.7244873046875 348.8678801885389 0.0 0.0 0.0 0.0 0.0 0.0 0.0
2815 1887.470947265625 1234.601318359375 348.44041110963906 0.0 0.0 0.0 0.0 0.0 0.0 0.0
2823 1891.71728515625 1234.601318359375 349.5851640998836 0.0 0.0 0.0 0.0 0.0 0.0 0.0
2831 1900.2100830078125 1228.231689453125 348.8533036569282 0.0 0.0 0.0 0.0 0.0 0.0 0.0
2839 1902.333251953125 1226.1085205078125 348.42619336835855 0.0 0.0 0.0 0.0 0.0 0.0 0.0
2847 1904.4564208984375 1226.1085205078125 349.0088912698656 0.0 0.0 0.0 0.0 0.0 0.0 0.0
2895 1900.2100830078125 1226.1085205078125 347.800379925332 0.0 0.0 0.0 0.0 0.0 0.0 0.0
2903 1887.470947265625 1230.35498046875 345.9700857162298 0.0 0.0 0.0 0.0 0.0 0.0 0.0
2911 1876.85498046875 1234.601318359375 344.63062828930686 0.0 0.0 0.0 0.0 0.0 0.0 0.0
2919 1876.85498046875 1236.7244873046875 345.6206440232151 0.0 0.0 0.0 0.0 0.0 0.0 0.0
2927 1874.7318115234375 1236.7244873046875 344.9669963505132 0.0 0.0 0.0 0.0 0.0 0.0 0.0
3175 1870.4853515625 1238.84765625 344.62682545807615 0.0 0.0 0.0 0.0 0.0 0.0 0.0
3183 1864.1158447265625 1245.21728515625 345.6744175032873 0.0 0.0 0.0 0.0 0.0 0.0 0.0
3191 1859.869384765625 1247.3404541015625 345.36806124838523 0.0 0.0 0.0 0.0 0.0 0.0 0.0
3199 1859.869384765625 1249.463623046875 346.3663487771955 0.0 0.0 0.0 0.0 0.0 0.0 0.0
3207 1857.7462158203125 1251.5867919921875 346.745988894824 0.0 0.0 0.0 0.0 0.0 0.0 0.0
3271 1868.3621826171875 1249.463623046875 348.6677237505569 0.0 0.0 0.0 0.0 0.0 0.0 0.0
3279 1881.101318359375 1240.9708251953125 348.1817706504156 0.0 0.0 0.0 0.0 0.0 0.0 0.0
3287 1891.71728515625 1236.7244873046875 349.0396211207782 0.0 0.0 0.0 0.0 0.0 0.0 0.0
3295 1895.963623046875 1234.601318359375 349.17132393863784 0.0 0.0 0.0 0.0 0.0 0.0 0.0
3303 1895.963623046875 1232.4781494140625 348.1538707993435 0.0 0.0 0.0 0.0 0.0 0.0 0.0
3351 1898.0867919921875 1234.601318359375 349.7570616496423 0.0 0.0 0.0 0.0 0.0 0.0 0.0
3358 1895.963623046875 1240.9708251953125 352.4143130704437 0.0 0.0 0.0 0.0 0.0 0.0 0.0
3367 1889.5941162109375 1251.5867919921875 356.5588816165498 0.0 0.0 0.0 0.0 0.0 0.0 0.0
3375 1878.9781494140625 1266.4490966796875 2.9326695088179378 0.0 0.0 0.0 0.0 0.0 0.0 0.0
3383 1874.7318115234375 1270.695556640625 4.654943512463959 0.0 0.0 0.0 0.0 0.0 0.0 0.0
3391 1870.4853515625 1274.94189453125 6.466706711128637 0.0 0.0 0.0 0.0 0.0 0.0 0.0
3399 1866.239013671875 1279.188232421875 8.370714544951085 0.0 0.0 0.0 0.0 0.0 0.0 0.0
3447 1870.4853515625 1277.0650634765625 7.659880180524368 0.0 0.0 0.0 0.0 0.0 0.0 0.0
3455 1881.101318359375 1268.5723876953125 4.515520846276274 0.0 0.0 0.0 0.0 0.0 0.0 0.0
3463 1885.34765625 1266.4490966796875 3.969638226856432 0.0 0.0 0.0 0.0 0.0 0.0 0.0
3471 1898.0867919921875 1257.9564208984375 1.5340505850221717 0.0 0.0 0.0 0.0 0.0 0.0 0.0
3479 1904.4564208984375 1253.7099609375 0.3976073414443846 0.0 0.0 0.0 0.0 0.0 0.0 0.0
3487 1908.7027587890625 1251.5867919921875 0.030510347172963748 0.0 0.0 0.0 0.0 0.0 0.0 0.0
3495 1912.94921875 1249.463623046875 359.6793997967054 0.0 0.0 0.0 0.0 0.0 0.0 0.0
3535 1915.0723876953125 1249.463623046875 0.05472646921883495 0.0 0.0 0.0 0.0 0.0 0.0 0.0
3551 1910.825927734375 1257.9564208984375 4.033169003569924 0.0 0.0 0.0 0.0 0.0 0.0 0.0
3559 1904.4564208984375 1268.5723876953125 9.290842533018889 0.0 0.0 0.0 0.0 0.0 0.0 0.0
3567 1900.2100830078125 1274.94189453125 12.565287885580531 0.0 0.0 0.0 0.0 0.0 0.0 0.0
3575 1893.8404541015625 1279.188232421875 14.678430410752014 0.0 0.0 0.0 0.0 0.0 0.0 0.0
3583 1891.71728515625 1283.4346923828125 17.00566462378943 0.0 0.0 0.0 0.0 0.0 0.0 0.0
3639 1891.71728515625 1281.3115234375 15.826888963670186 0.0 0.0 0.0 0.0 0.0 0.0 0.0
3647 1900.2100830078125 1272.8187255859375 11.703641307137744 0.0 0.0 0.0 0.0 0.0 0.0 0.0
3655 1904.4564208984375 1268.5723876953125 9.734853984698944 0.0 0.0 0.0 0.0 0.0 0.0 0.0
3663 1908.7027587890625 1264.325927734375 7.85556541799275 0.0 0.0 0.0 0.0 0.0 0.0 0.0
3679 1910.825927734375 1260.07958984375 5.814526130020553 0.0 0.0 0.0 0.0 0.0 0.0 0.0
3727 1908.7027587890625 1264.325927734375 7.915563314592262 0.0 0.0 0.0 0.0 0.0 0.0 0.0
3735 1902.333251953125 1272.8187255859375 12.21736886360219 0.0 0.0 0.0 0.0 0.0 0.0 0.0
3743 1893.8404541015625 1285.557861328125 19.3804646718622 0.0 0.0 0.0 0.0 0.0 0.0 0.0
3751 1883.2244873046875 1296.173828125 26.007435878869885 0.0 0.0 0.0 0.0 0.0 0.0 0.0
3760 1872.6085205078125 1302.5433349609375 30.712535248652003 0.0 0.0 0.0 0.0 0.0 0.0 0.0
3767 1868.3621826171875 1304.66650390625 32.42270584158119 0.0 0.0 0.0 0.0 0.0 0.0 0.0
3815 1868.3621826171875 1302.5433349609375 31.27126084100044 0.0 0.0 0.0 0.0 0.0 0.0 0.0
3823 1876.85498046875 1289.80419921875 23.772300866692206 0.0 0.0 0.0 0.0 0.0 0.0 0.0
3831 1885.34765625 1279.188232421875 17.917970004175487 0.0 0.0 0.0 0.0 0.0 0.0 0.0
3839 1891.71728515625 1272.8187255859375 14.629396282103798 0.0 0.0 0.0 0.0 0.0 0.0 0.0
3847 1898.0867919921875 1266.4490966796875 11.548813813132156 0.0 0.0 0.0 0.0 0.0 0.0 0.0
3855 1900.2100830078125 1264.325927734375 10.545586108808507 0.0 0.0 0.0 0.0 0.0 0.0 0.0
3863 1902.333251953125 1262.2027587890625 9.565363998140995 0.0 0.0 0.0 0.0 0.0 0.0 0.0
3927 1898.0867919921875 1268.5723876953125 12.853501258513873 0.0 0.0 0.0 0.0 0.0 0.0 0.0
3935 1889.5941162109375 1274.94189453125 16.194589382094733 0.0 0.0 0.0 0.0 0.0 0.0 0.0
3942 1878.9781494140625 1285.557861328125 22.495253099904588 0.0 0.0 0.0 0.0 0.0 0.0 0.0
3951 1874.7318115234375 1289.80419921875 25.108769795951517 0.0 0.0 0.0 0.0 0.0 0.0 0.0
3960 1870.4853515625 1294.0506591796875 27.817700936737708 0.0 0.0 0.0 0.0 0.0 0.0 0.0
4015 1876.85498046875 1283.4346923828125 21.721512692927675 0.0 0.0 0.0 0.0 0.0 0.0 0.0
4023 1887.470947265625 1268.5723876953125 13.943018962380151 0.0 0.0 0.0 0.0 0.0 0.0 0.0
4031 1895.963623046875 1260.07958984375 9.98002415301761 0.0 0.0 0.0 0.0 0.0 0.0 0.0
4039 1904.4564208984375 1249.463623046875 5.316577715099868 0.0 0.0 0.0 0.0 0.0 0.0 0.0
4047 1908.7027587890625 1245.21728515625 3.645077374022634 0.0 0.0 0.0 0.0 0.0 0.0 0.0
4055 1912.94921875 1240.9708251953125 2.05437976291509 0.0 0.0 0.0 0.0 0.0 0.0 0.0
4119 1908.7027587890625 1245.21728515625 3.730213575028941 0.0 0.0 0.0 0.0 0.0 0.0 0.0
4127 1902.333251953125 1253.7099609375 7.699282183397088 0.0 0.0 0.0 0.0 0.0 0.0 0.0
4135 1898.0867919921875 1255.833251953125 8.444924850555068 0.0 0.0 0.0 0.0 0.0 0.0 0.0
4142 1889.5941162109375 1264.325927734375 12.655011787205268 0.0 0.0 0.0 0.0 0.0 0.0 0.0
4151 1885.34765625 1266.4490966796875 13.626141106347703 0.0 0.0 0.0 0.0 0.0 0.0 0.0
4160 1883.2244873046875 1268.5723876953125 14.723930138990099 0.0 0.0 0.0 0.0 0.0 0.0 0.0
4167 1881.101318359375 1268.5723876953125 14.642549030935285 0.0 0.0 0.0 0.0 0.0 0.0 0.0
4207 1887.470947265625 1268.5723876953125 14.872598287814853 0.0 0.0 0.0 0.0 0.0 0.0 0.0
4215 1889.5941162109375 1264.325927734375 12.64684740586344 0.0 0.0 0.0 0.0 0.0 0.0 0.0
4223 1891.71728515625 1260.07958984375 10.476541159903846 0.0 0.0 0.0 0.0 0.0 0.0 0.0
4231 1893.8404541015625 1255.833251953125 8.363089600072712 0.0 0.0 0.0 0.0 0.0 0.0 0.0
4239 1895.963623046875 1253.7099609375 7.433742677800225 0.0 0.0 0.0 0.0 0.0 0.0 0.0
4255 1898.0867919921875 1253.7099609375 7.657741201050328 0.0 0.0 0.0 0.0 0.0 0.0 0.0
4311 1895.963623046875 1253.7099609375 7.429167679817439 0.0 0.0 0.0 0.0 0.0 0.0 0.0
4319 1893.8404541015625 1257.9564208984375 9.575642557977531 0.0 0.0 0.0 0.0 0.0 0.0 0.0
4327 1885.34765625 1264.325927734375 12.605179930246663 0.0 0.0 0.0 0.0 0.0 0.0 0.0
4335 1883.2244873046875 1266.4490966796875 13.679841791533306 0.0 0.0 0.0 0.0 0.0 0.0 0.0
4407 1885.34765625 1264.325927734375 12.628820767740294 0.0 0.0 0.0 0.0 0.0 0.0 0.0
4415 1887.470947265625 1262.2027587890625 11.601198321153177 0.0 0.0 0.0 0.0 0.0 0.0 0.0
4423 1887.470947265625 1260.07958984375 10.433001434540458 0.0 0.0 0.0 0.0 0.0 0.0 0.0
4495 1881.101318359375 1266.4490966796875 13.65690442601128 0.0 0.0 0.0 0.0 0.0 0.0 0.0
4503 1872.6085205078125 1268.5723876953125 14.496439550088667 0.0 0.0 0.0 0.0 0.0 0.0 0.0
4511 1866.239013671875 1272.8187255859375 16.741271991499573 0.0 0.0 0.0 0.0 0.0 0.0 0.0
4519 1864.1158447265625 1274.94189453125 17.907164624741142 0.0 0.0 0.0 0.0 0.0 0.0 0.0
4575 1870.4853515625 1270.695556640625 15.726772506000756 0.0 0.0 0.0 0.0 0.0 0.0 0.0
4583 1878.9781494140625 1260.07958984375 10.539148019722873 0.0 0.0 0.0 0.0 0.0 0.0 0.0
4591 1881.101318359375 1253.7099609375 7.296966682489099 0.0 0.0 0.0 0.0 0.0 0.0 0.0
4599 1887.470947265625 1251.5867919921875 6.861659842227567 0.0 0.0 0.0 0.0 0.0 0.0 0.0
4607 1887.470947265625 1249.463623046875 5.711218624944365 0.0 0.0 0.0 0.0 0.0 0.0 0.0
4655 1883.2244873046875 1255.833251953125 8.799760483899263 0.0 0.0 0.0 0.0 0.0 0.0 0.0
4663 1872.6085205078125 1270.695556640625 16.910183700841912 0.0 0.0 0.0 0.0 0.0 0.0 0.0
4671 1857.7462158203125 1283.4346923828125 24.877585361451608 0.0 0.0 0.0 0.0 0.0 0.0 0.0
4679 1847.1302490234375 1294.0506591796875 32.003756294097485 0.0 0.0 0.0 0.0 0.0 0.0 0.0
4687 1832.2679443359375 1304.66650390625 40.601737436818965 0.0 0.0 0.0 0.0 0.0 0.0 0.0
4695 1819.52880859375 1313.1593017578125 48.22813729572148 0.0 0.0 0.0 0.0 0.0 0.0 0.0
4703 1815.282470703125 1315.282470703125 50.47727814191195 0.0 0.0 0.0 0.0 0.0 0.0 0.0
4735 1817.4056396484375 1306.789794921875 45.73277162695139 0.0 0.0 0.0 0.0 0.0 0.0 0.0
4743 1823.7752685546875 1294.0506591796875 37.85584076315331 0.0 0.0 0.0 0.0 0.0 0.0 0.0
4751 1832.2679443359375 1281.3115234375 29.959057819258106 0.0 0.0 0.0 0.0 0.0 0.0 0.0
4760 1840.7607421875 1270.695556640625 23.652818976236958 0.0 0.0 0.0 0.0 0.0 0.0 0.0
4767 1845.007080078125 1266.4490966796875 21.187540832849038 0.0 0.0 0.0 0.0 0.0 0.0 0.0
4776 1851.376708984375 1260.07958984375 17.700931980117886 0.0 0.0 0.0 0.0 0.0 0.0 0.0
4783 1853.4998779296875 1257.9564208984375 16.56337734987305 0.0 0.0 0.0 0.0 0.0 0.0 0.0
4839 1851.376708984375 1260.07958984375 17.725434429304286 0.0 0.0 0.0 0.0 0.0 0.0 0.0
4847 1847.1302490234375 1264.325927734375 20.149360726413732 0.0 0.0 0.0 0.0 0.0 0.0 0.0
4855 1845.007080078125 1270.695556640625 23.784334425431794 0.0 0.0 0.0 0.0 0.0 0.0 0.0
4863 1838.6375732421875 1274.94189453125 26.616449673771456 0.0 0.0 0.0 0.0 0.0 0.0 0.0
4919 1840.7607421875 1268.5723876953125 22.993682211083694 0.0 0.0 0.0 0.0 0.0 0.0 0.0
4927 1847.1302490234375 1264.325927734375 20.51552600544447 0.0 0.0 0.0 0.0 0.0 0.0 0.0
4935 1849.2535400390625 1262.2027587890625 19.32058149350391 0.0 0.0 0.0 0.0 0.0 0.0 0.0
4951 1851.376708984375 1260.07958984375 18.149685234076102 0.0 0.0 0.0 0.0 0.0 0.0 0.0
4999 1842.8839111328125 1260.07958984375 18.10942970292031 0.0 0.0 0.0 0.0 0.0 0.0 0.0
5007 1828.0216064453125 1266.4490966796875 22.15942507384375 0.0 0.0 0.0 0.0 0.0 0.0 0.0
5015 1815.282470703125 1274.94189453125 27.981160966619868 0.0 0.0 0.0 0.0 0.0 0.0 0.0
5023 1802.5433349609375 1281.3115234375 33.19934959282186 0.0 0.0 0.0 0.0 0.0 0.0 0.0
5031 1798.2969970703125 1281.3115234375 33.81899441022601 0.0 0.0 0.0 0.0 0.0 0.0 0.0
5039 1796.1737060546875 1283.4346923828125 35.28846404099016 0.0 0.0 0.0 0.0 0.0 0.0 0.0
5071 1796.1737060546875 1277.0650634765625 31.840118277190285 0.0 0.0 0.0 0.0 0.0 0.0 0.0
5079 1798.2969970703125 1266.4490966796875 25.826896554529895 0.0 0.0 0.0 0.0 0.0 0.0 0.0
5087 1802.5433349609375 1260.07958984375 22.144809659298446 0.0 0.0 0.0 0.0 0.0 0.0 0.0
5095 1804.66650390625 1253.7099609375 18.602114650726577 0.0 0.0 0.0 0.0 0.0 0.0 0.0
5103 1804.66650390625 1251.5867919921875 17.422183263898305 0.0 0.0 0.0 0.0 0.0 0.0 0.0
5255 1806.7896728515625 1247.3404541015625 15.136948173040707 0.0 0.0 0.0 0.0 0.0 0.0 0.0
5263 1808.912841796875 1243.0941162109375 12.904861936878007 0.0 0.0 0.0 0.0 0.0 0.0 0.0
5335 1808.912841796875 1245.21728515625 14.081402162437854 0.0 0.0 0.0 0.0 0.0 0.0 0.0
5351 1804.66650390625 1247.3404541015625 15.116021213852747 0.0 0.0 0.0 0.0 0.0 0.0 0.0
5358 1802.5433349609375 1247.3404541015625 15.04287299206635 0.0 0.0 0.0 0.0 0.0 0.0 0.0
5399 1800.420166015625 1247.3404541015625 14.968125772212673 0.0 0.0 0.0 0.0 0.0 0.0 0.0
5406 1802.5433349609375 1240.9708251953125 11.596076985446132 0.0 0.0 0.0 0.0 0.0 0.0 0.0
5415 1804.66650390625 1234.601318359375 8.321340061309826 0.0 0.0 0.0 0.0 0.0 0.0 0.0
5423 1811.0361328125 1230.35498046875 6.7388836956547635 0.0 0.0 0.0 0.0 0.0 0.0 0.0
5431 1813.1593017578125 1228.231689453125 5.84819165021203 0.0 0.0 0.0 0.0 0.0 0.0 0.0
5439 1813.1593017578125 1226.1085205078125 4.7025643188536606 0.0 0.0 0.0 0.0 0.0 0.0 0.0