0 2000.0 1500.0 0 0.0 0.0 0.0 0.0 0.0 0.0 0.0
119 1992.0948486328125 1460.4742431640625 355.13935612401553 0.0 0.0 0.0 0.0 0.0 0.0 0.0
135 1992.0948486328125 1448.6165771484375 354.82624248321207 0.0 0.0 0.0 0.0 0.0 0.0 0.0
152 1992.0948486328125 1436.7589111328125 354.54085470434165 0.0 0.0 0.0 0.0 0.0 0.0 0.0
169 1996.04736328125 1428.853759765625 356.1024451369281 0.0 0.0 0.0 0.0 0.0 0.0 0.0
185 2000.0 1424.901123046875 357.7515380746304 0.0 0.0 0.0 0.0 0.0 0.0 0.0
202 2000.0 1420.9486083984375 357.5588171313501 0.0 0.0 0.0 0.0 0.0 0.0 0.0
252 1992.0948486328125 1428.853759765625 353.99793031272014 0.0 0.0 0.0 0.0 0.0 0.0 0.0
269 1984.189697265625 1436.7589111328125 350.1872842677184 0.0 0.0 0.0 0.0 0.0 0.0 0.0
335 1996.04736328125 1436.7589111328125 355.7567072082059 0.0 0.0 0.0 0.0 0.0 0.0 0.0
352 2003.9525146484375 1428.853759765625 358.968376130492 0.0 0.0 0.0 0.0 0.0 0.0 0.0
369 2007.905029296875 1424.901123046875 0.5167233057379264 0.0 0.0 0.0 0.0 0.0 0.0 0.0
419 2007.905029296875 1428.853759765625 0.8140576459398119 0.0 0.0 0.0 0.0 0.0 0.0 0.0
436 2007.905029296875 1432.8062744140625 1.1212259921776138 0.0 0.0 0.0 0.0 0.0 0.0 0.0
485 2011.857666015625 1428.853759765625 2.5916986179340284 0.0 0.0 0.0 0.0 0.0 0.0 0.0
502 2015.8101806640625 1424.901123046875 4.0077768030059815 0.0 0.0 0.0 0.0 0.0 0.0 0.0
553 2011.857666015625 1424.901123046875 2.1806178342462204 0.0 0.0 0.0 0.0 0.0 0.0 0.0
569 2007.905029296875 1436.7589111328125 1.2859020266570838 0.0 0.0 0.0 0.0 0.0 0.0 0.0
652 2011.857666015625 1436.7589111328125 3.1073786733640105 0.0 0.0 0.0 0.0 0.0 0.0 0.0
685 2007.905029296875 1448.6165771484375 2.317421837637397 0.0 0.0 0.0 0.0 0.0 0.0 0.0
702 2000.0 1460.4742431640625 359.3884131727561 0.0 0.0 0.0 0.0 0.0 0.0 0.0
719 1996.04736328125 1468.37939453125 357.9519865002354 0.0 0.0 0.0 0.0 0.0 0.0 0.0
735 1992.0948486328125 1472.33203125 356.2498570345857 0.0 0.0 0.0 0.0 0.0 0.0 0.0
752 1992.0948486328125 1476.2845458984375 356.40529526801214 0.0 0.0 0.0 0.0 0.0 0.0 0.0
785 1992.0948486328125 1480.2371826171875 356.565929665727 0.0 0.0 0.0 0.0 0.0 0.0 0.0
802 1992.0948486328125 1484.189697265625 356.7319462557548 0.0 0.0 0.0 0.0 0.0 0.0 0.0
819 1988.1422119140625 1496.04736328125 355.22924970027685 0.0 0.0 0.0 0.0 0.0 0.0 0.0
835 1984.189697265625 1500.0 353.43065279016866 0.0 0.0 0.0 0.0 0.0 0.0 0.0
852 1980.237060546875 1503.9525146484375 351.57072345960984 0.0 0.0 0.0 0.0 0.0 0.0 0.0
869 1980.237060546875 1507.9051513671875 351.5694967032537 0.0 0.0 0.0 0.0 0.0 0.0 0.0
919 1984.189697265625 1507.9051513671875 353.4273602867804 0.0 0.0 0.0 0.0 0.0 0.0 0.0
969 1984.189697265625 1511.857666015625 353.4883717450426 0.0 0.0 0.0 0.0 0.0 0.0 0.0
985 1984.189697265625 1519.7628173828125 353.61882726565545 0.0 0.0 0.0 0.0 0.0 0.0 0.0
1002 1980.237060546875 1531.6204833984375 351.77654473180434 0.0 0.0 0.0 0.0 0.0 0.0 0.0
1019 1976.2845458984375 1535.5731201171875 349.8620421417996 0.0 0.0 0.0 0.0 0.0 0.0 0.0
1085 1980.237060546875 1535.5731201171875 351.72074146778806 0.0 0.0 0.0 0.0 0.0 0.0 0.0
1102 1984.189697265625 1535.5731201171875 353.5784355474142 0.0 0.0 0.0 0.0 0.0 0.0 0.0
1119 1984.189697265625 1531.6204833984375 353.5165262077581 0.0 0.0 0.0 0.0 0.0 0.0 0.0
1185 1980.237060546875 1535.5731201171875 351.6594551424951 0.0 0.0 0.0 0.0 0.0 0.0 0.0
1235 1988.1422119140625 1523.7154541015625 355.037959916961 0.0 0.0 0.0 0.0 0.0 0.0 0.0
1252 1996.04736328125 1515.810302734375 358.29818721448663 0.0 0.0 0.0 0.0 0.0 0.0 0.0
1269 2000.0 1511.857666015625 359.8704485289919 0.0 0.0 0.0 0.0 0.0 0.0 0.0
1285 2000.0 1507.9051513671875 359.6116793055683 0.0 0.0 0.0 0.0 0.0 0.0 0.0
1385 2003.9525146484375 1507.9051513671875 1.4431090196017635 0.0 0.0 0.0 0.0 0.0 0.0 0.0
1402 2011.857666015625 1500.0 4.256914858434669 0.0 0.0 0.0 0.0 0.0 0.0 0.0
1419 2019.7628173828125 1492.0948486328125 6.865454885535655 0.0 0.0 0.0 0.0 0.0 0.0 0.0
1435 2027.66796875 1488.142333984375 9.816743433469 0.0 0.0 0.0 0.0 0.0 0.0 0.0
1452 2027.66796875 1484.189697265625 9.253350131914615 0.0 0.0 0.0 0.0 0.0 0.0 0.0
1469 2031.62060546875 1484.189697265625 11.006574639167454 0.0 0.0 0.0 0.0 0.0 0.0 0.0
1552 2035.572998046875 1484.189697265625 12.74021680393281 0.0 0.0 0.0 0.0 0.0 0.0 0.0
1569 2039.525634765625 1480.2371826171875 13.760738656587762 0.0 0.0 0.0 0.0 0.0 0.0 0.0
1585 2043.478271484375 1480.2371826171875 15.460714109729452 0.0 0.0 0.0 0.0 0.0 0.0 0.0
1602 2047.4306640625 1480.2371826171875 17.137825415762947 0.0 0.0 0.0 0.0 0.0 0.0 0.0
1652 2047.4306640625 1484.189697265625 17.962883622053056 0.0 0.0 0.0 0.0 0.0 0.0 0.0
1670 2039.525634765625 1492.0948486328125 16.123150654960142 0.0 0.0 0.0 0.0 0.0 0.0 0.0
1685 2039.525634765625 1496.04736328125 16.91771633862271 0.0 0.0 0.0 0.0 0.0 0.0 0.0
1702 2039.525634765625 1500.0 17.736191700470762 0.0 0.0 0.0 0.0 0.0 0.0 0.0
1769 2039.525634765625 1496.04736328125 16.94092484242414 0.0 0.0 0.0 0.0 0.0 0.0 0.0
1786 2043.478271484375 1496.04736328125 18.597217288848626 0.0 0.0 0.0 0.0 0.0 0.0 0.0
1835 2035.572998046875 1511.857666015625 18.669282784947 0.0 0.0 0.0 0.0 0.0 0.0 0.0
1852 2031.62060546875 1519.7628173828125 18.70822805322706 0.0 0.0 0.0 0.0 0.0 0.0 0.0
1869 2027.66796875 1523.7154541015625 17.863634666834308 0.0 0.0 0.0 0.0 0.0 0.0 0.0
1919 2031.62060546875 1523.7154541015625 19.506325298316973 0.0 0.0 0.0 0.0 0.0 0.0 0.0
1935 2039.525634765625 1523.7154541015625 22.69107354653766 0.0 0.0 0.0 0.0 0.0 0.0 0.0
1952 2047.4306640625 1523.7154541015625 25.76807125365456 0.0 0.0 0.0 0.0 0.0 0.0 0.0
1969 2051.38330078125 1523.7154541015625 27.278038789789157 0.0 0.0 0.0 0.0 0.0 0.0 0.0
2019 2051.38330078125 1527.66796875 28.390918322295228 0.0 0.0 0.0 0.0 0.0 0.0 0.0
2035 2051.38330078125 1531.6204833984375 29.533256610365953 0.0 0.0 0.0 0.0 0.0 0.0 0.0
2052 2051.38330078125 1539.525634765625 31.939589530407986 0.0 0.0 0.0 0.0 0.0 0.0 0.0
2069 2051.38330078125 1543.478271484375 33.17270212090594 0.0 0.0 0.0 0.0 0.0 0.0 0.0
2086 2055.3359375 1543.478271484375 34.533646697295445 0.0 0.0 0.0 0.0 0.0 0.0 0.0
2102 2059.28857421875 1543.478271484375 35.86481471332113 0.0 0.0 0.0 0.0 0.0 0.0 0.0
2119 2063.240966796875 1543.478271484375 37.16609156028449 0.0 0.0 0.0 0.0 0.0 0.0 0.0
2136 2067.193603515625 1543.478271484375 38.437694700228015 0.0 0.0 0.0 0.0 0.0 0.0 0.0
2169 2067.193603515625 1551.3834228515625 41.27215716657437 0.0 0.0 0.0 0.0 0.0 0.0 0.0
2186 2067.193603515625 1559.28857421875 44.22695996275855 0.0 0.0 0.0 0.0 0.0 0.0 0.0
2203 2067.193603515625 1567.193603515625 47.298555399571185 0.0 0.0 0.0 0.0 0.0 0.0 0.0
2220 2067.193603515625 1571.146240234375 48.86187870935353 0.0 0.0 0.0 0.0 0.0 0.0 0.0
2252 2071.146240234375 1571.146240234375 49.84032802949555 0.0 0.0 0.0 0.0 0.0 0.0 0.0
2269 2075.0986328125 1571.146240234375 50.79234826712937 0.0 0.0 0.0 0.0 0.0 0.0 0.0
2285 2079.05126953125 1571.146240234375 51.718494799516726 0.0 0.0 0.0 0.0 0.0 0.0 0.0
2319 2083.00390625 1575.0987548828125 54.22425674098284 0.0 0.0 0.0 0.0 0.0 0.0 0.0
2336 2083.00390625 1583.00390625 57.62215486062745 0.0 0.0 0.0 0.0 0.0 0.0 0.0
2352 2083.00390625 1594.8616943359375 62.91080243758283 0.0 0.0 0.0 0.0 0.0 0.0 0.0
2369 2083.00390625 1602.7667236328125 66.50156483951692 0.0 0.0 0.0 0.0 0.0 0.0 0.0
2386 2083.00390625 1610.671875 70.14676263516553 0.0 0.0 0.0 0.0 0.0 0.0 0.0
2402 2083.00390625 1614.62451171875 71.97934268608708 0.0 0.0 0.0 0.0 0.0 0.0 0.0
2452 2086.95654296875 1614.62451171875 72.2805372784046 0.0 0.0 0.0 0.0 0.0 0.0 0.0
2469 2090.908935546875 1614.62451171875 72.57236400745616 0.0 0.0 0.0 0.0 0.0 0.0 0.0
2502 2090.908935546875 1618.5770263671875 74.41645506159112 0.0 0.0 0.0 0.0 0.0 0.0 0.0
2519 2086.95654296875 1638.3399658203125 83.81546652077522 0.0 0.0 0.0 0.0 0.0 0.0 0.0
2536 2086.95654296875 1646.2449951171875 87.51511732034172 0.0 0.0 0.0 0.0 0.0 0.0 0.0
2552 2083.00390625 1658.102783203125 93.36228617872304 0.0 0.0 0.0 0.0 0.0 0.0 0.0
2602 2086.95654296875 1658.102783203125 92.99534136786323 0.0 0.0 0.0 0.0 0.0 0.0 0.0
2619 2098.814208984375 1658.102783203125 91.99041751469801 0.0 0.0 0.0 0.0 0.0 0.0 0.0
2636 2102.766845703125 1654.150146484375 89.88332802011469 0.0 0.0 0.0 0.0 0.0 0.0 0.0
2652 2106.71923828125 1654.150146484375 89.62415997123281 0.0 0.0 0.0 0.0 0.0 0.0 0.0
2686 2102.766845703125 1673.9130859375 99.08842309306512 0.0 0.0 0.0 0.0 0.0 0.0 0.0
2702 2090.908935546875 1693.6759033203125 109.97924348458115 0.0 0.0 0.0 0.0 0.0 0.0 0.0
2719 2083.00390625 1709.4862060546875 118.19169111757252 0.0 0.0 0.0 0.0 0.0 0.0 0.0
2736 2079.05126953125 1717.3912353515625 122.22620486745878 0.0 0.0 0.0 0.0 0.0 0.0 0.0
2752 2079.05126953125 1725.29638671875 124.93117480120672 0.0 0.0 0.0 0.0 0.0 0.0 0.0
2786 2102.766845703125 1713.438720703125 114.16781475300412 0.0 0.0 0.0 0.0 0.0 0.0 0.0
2802 2122.529541015625 1693.6759033203125 102.1201574802382 0.0 0.0 0.0 0.0 0.0 0.0 0.0
2819 2142.29248046875 1677.8656005859375 92.96329019453435 0.0 0.0 0.0 0.0 0.0 0.0 0.0
2836 2154.150146484375 1669.96044921875 88.59179116865961 0.0 0.0 0.0 0.0 0.0 0.0 0.0
2852 2166.0078125 1666.0079345703125 86.2843230497415 0.0 0.0 0.0 0.0 0.0 0.0 0.0
2869 2169.96044921875 1662.0552978515625 84.3390328062441 0.0 0.0 0.0 0.0 0.0 0.0 0.0
2902 2169.96044921875 1681.818115234375 93.47126622549186 0.0 0.0 0.0 0.0 0.0 0.0 0.0
2919 2169.96044921875 1697.62841796875 100.52139479386962 0.0 0.0 0.0 0.0 0.0 0.0 0.0
2935 2166.0078125 1713.438720703125 108.02711388921676 0.0 0.0 0.0 0.0 0.0 0.0 0.0
2952 2162.05517578125 1717.3912353515625 110.55366435514348 0.0 0.0 0.0 0.0 0.0 0.0 0.0
2969 2162.05517578125 1725.29638671875 113.70398000560469 0.0 0.0 0.0 0.0 0.0 0.0 0.0
3002 2166.0078125 1725.29638671875 112.74297878653243 0.0 0.0 0.0 0.0 0.0 0.0 0.0
3019 2177.865478515625 1717.3912353515625 106.9855711803489 0.0 0.0 0.0 0.0 0.0 0.0 0.0
3036 2185.770751953125 1705.5335693359375 100.49344889468101 0.0 0.0 0.0 0.0 0.0 0.0 0.0
3052 2193.67578125 1697.62841796875 95.96621371787965 0.0 0.0 0.0 0.0 0.0 0.0 0.0
3086 2197.62841796875 1697.62841796875 95.51936967555176 0.0 0.0 0.0 0.0 0.0 0.0 0.0
3119 2197.62841796875 1705.5335693359375 99.06722579807717 0.0 0.0 0.0 0.0 0.0 0.0 0.0
3136 2193.67578125 1713.438720703125 103.21085720680642 0.0 0.0 0.0 0.0 0.0 0.0 0.0
3152 2189.72314453125 1721.3438720703125 107.36968683340163 0.0 0.0 0.0 0.0 0.0 0.0 0.0
3219 2197.62841796875 1717.3912353515625 104.22319619708881 0.0 0.0 0.0 0.0 0.0 0.0 0.0
3236 2205.533447265625 1713.438720703125 101.22345605110338 0.0 0.0 0.0 0.0 0.0 0.0 0.0
3252 2209.486083984375 1713.438720703125 100.61807563868801 0.0 0.0 0.0 0.0 0.0 0.0 0.0
3352 2213.438720703125 1713.438720703125 100.03074259032228 0.0 0.0 0.0 0.0 0.0 0.0 0.0
3369 2221.34375 1713.438720703125 98.9243335234605 0.0 0.0 0.0 0.0 0.0 0.0 0.0
3403 2225.29638671875 1713.438720703125 98.38775445662331 0.0 0.0 0.0 0.0 0.0 0.0 0.0
3419 2229.2490234375 1713.438720703125 97.86737090030626 0.0 0.0 0.0 0.0 0.0 0.0 0.0
3452 2229.2490234375 1717.3912353515625 99.63484069855853 0.0 0.0 0.0 0.0 0.0 0.0 0.0
3470 2229.2490234375 1721.3438720703125 101.38394951209166 0.0 0.0 0.0 0.0 0.0 0.0 0.0
3485 2229.2490234375 1725.29638671875 103.11321284829269 0.0 0.0 0.0 0.0 0.0 0.0 0.0
3519 2233.201416015625 1725.29638671875 102.4519074742455 0.0 0.0 0.0 0.0 0.0 0.0 0.0
3536 2237.154052734375 1725.29638671875 101.8100543068819 0.0 0.0 0.0 0.0 0.0 0.0 0.0
3552 2241.106689453125 1725.29638671875 101.18722018269033 0.0 0.0 0.0 0.0 0.0 0.0 0.0
3602 2241.106689453125 1729.2490234375 102.91886667367636 0.0 0.0 0.0 0.0 0.0 0.0 0.0
3619 2241.106689453125 1733.2015380859375 104.62951129270932 0.0 0.0 0.0 0.0 0.0 0.0 0.0
3636 2241.106689453125 1737.1541748046875 106.31802804860584 0.0 0.0 0.0 0.0 0.0 0.0 0.0
3686 2252.96435546875 1721.3438720703125 97.60222084505644 0.0 0.0 0.0 0.0 0.0 0.0 0.0
3702 2260.869384765625 1705.5335693359375 89.69443596533347 0.0 0.0 0.0 0.0 0.0 0.0 0.0
3720 2276.6796875 1685.770751953125 80.50734790813391 0.0 0.0 0.0 0.0 0.0 0.0 0.0
3736 2280.63232421875 1669.96044921875 73.39694480142552 0.0 0.0 0.0 0.0 0.0 0.0 0.0
3752 2288.53759765625 1658.102783203125 68.78088697650027 0.0 0.0 0.0 0.0 0.0 0.0 0.0
3769 2296.442626953125 1646.2449951171875 64.53823950569813 0.0 0.0 0.0 0.0 0.0 0.0 0.0
3786 2296.442626953125 1642.29248046875 62.77902799882473 0.0 0.0 0.0 0.0 0.0 0.0 0.0
3802 2300.395263671875 1638.3399658203125 61.66582459280704 0.0 0.0 0.0 0.0 0.0 0.0 0.0
3836 2300.395263671875 1630.434814453125 58.251499810429564 0.0 0.0 0.0 0.0 0.0 0.0 0.0
3852 2300.395263671875 1618.5770263671875 53.33517246836891 0.0 0.0 0.0 0.0 0.0 0.0 0.0
3869 2300.395263671875 1610.671875 50.162530957986235 0.0 0.0 0.0 0.0 0.0 0.0 0.0
3885 2300.395263671875 1606.7193603515625 48.60378429360698 0.0 0.0 0.0 0.0 0.0 0.0 0.0
3952 2300.395263671875 1610.671875 50.189961529797216 0.0 0.0 0.0 0.0 0.0 0.0 0.0
3969 2304.34765625 1618.5770263671875 54.348868839276875 0.0 0.0 0.0 0.0 0.0 0.0 0.0
3986 2308.30029296875 1626.482177734375 58.50050197967117 0.0 0.0 0.0 0.0 0.0 0.0 0.0
4003 2312.2529296875 1630.434814453125 60.89679796430552 0.0 0.0 0.0 0.0 0.0 0.0 0.0
4019 2316.20556640625 1630.434814453125 61.534680980042396 0.0 0.0 0.0 0.0 0.0 0.0 0.0
4036 2320.157958984375 1630.434814453125 62.15360613366866 0.0 0.0 0.0 0.0 0.0 0.0 0.0
4086 2320.157958984375 1626.482177734375 60.4204810266729 0.0 0.0 0.0 0.0 0.0 0.0 0.0
4119 2316.20556640625 1630.434814453125 61.52803313580512 0.0 0.0 0.0 0.0 0.0 0.0 0.0
4136 2312.2529296875 1638.3399658203125 64.53700068107365 0.0 0.0 0.0 0.0 0.0 0.0 0.0
4152 2312.2529296875 1646.2449951171875 68.15424559998536 0.0 0.0 0.0 0.0 0.0 0.0 0.0
4170 2312.2529296875 1654.150146484375 71.81954227810472 0.0 0.0 0.0 0.0 0.0 0.0 0.0
4186 2316.20556640625 1654.150146484375 72.12570556606292 0.0 0.0 0.0 0.0 0.0 0.0 0.0
4202 2328.063232421875 1650.1976318359375 71.29526418652716 0.0 0.0 0.0 0.0 0.0 0.0 0.0
4219 2335.96826171875 1630.434814453125 63.58560291317407 0.0 0.0 0.0 0.0 0.0 0.0 0.0
4236 2347.825927734375 1614.62451171875 58.87798865100601 0.0 0.0 0.0 0.0 0.0 0.0 0.0
4253 2355.731201171875 1598.814208984375 54.00645215615614 0.0 0.0 0.0 0.0 0.0 0.0 0.0
4269 2359.683837890625 1594.8616943359375 53.25355881925802 0.0 0.0 0.0 0.0 0.0 0.0 0.0
4286 2363.63623046875 1590.9090576171875 52.532290087055785 0.0 0.0 0.0 0.0 0.0 0.0 0.0
4319 2367.5888671875 1590.9090576171875 53.410454950045334 0.0 0.0 0.0 0.0 0.0 0.0 0.0
4336 2367.5888671875 1598.814208984375 56.78593729763831 0.0 0.0 0.0 0.0 0.0 0.0 0.0
4352 2367.5888671875 1602.7667236328125 58.495448681574345 0.0 0.0 0.0 0.0 0.0 0.0 0.0
4369 2371.54150390625 1606.7193603515625 60.89184829314323 0.0 0.0 0.0 0.0 0.0 0.0 0.0
4386 2375.493896484375 1606.7193603515625 61.52979317849896 0.0 0.0 0.0 0.0 0.0 0.0 0.0
4402 2379.446533203125 1602.7667236328125 60.46660109036665 0.0 0.0 0.0 0.0 0.0 0.0 0.0
4419 2383.399169921875 1586.95654296875 54.6713563630805 0.0 0.0 0.0 0.0 0.0 0.0 0.0
4436 2395.2568359375 1571.146240234375 51.09532066361396 0.0 0.0 0.0 0.0 0.0 0.0 0.0
4453 2403.162109375 1551.3834228515625 45.73577035479416 0.0 0.0 0.0 0.0 0.0 0.0 0.0
4469 2415.019775390625 1547.4307861328125 47.33930853410213 0.0 0.0 0.0 0.0 0.0 0.0 0.0
4486 2426.87744140625 1543.478271484375 48.798376188825124 0.0 0.0 0.0 0.0 0.0 0.0 0.0
4502 2442.687744140625 1543.478271484375 52.42534799194932 0.0 0.0 0.0 0.0 0.0 0.0 0.0
4519 2454.54541015625 1551.3834228515625 58.06864327925469 0.0 0.0 0.0 0.0 0.0 0.0 0.0
4536 2462.450439453125 1571.146240234375 68.02385367078807 0.0 0.0 0.0 0.0 0.0 0.0 0.0
4552 2470.355712890625 1583.00390625 74.0506175317261 0.0 0.0 0.0 0.0 0.0 0.0 0.0
4569 2470.355712890625 1594.8616943359375 79.63147582290814 0.0 0.0 0.0 0.0 0.0 0.0 0.0
4586 2474.308349609375 1598.814208984375 81.49385071425533 0.0 0.0 0.0 0.0 0.0 0.0 0.0
4602 2478.2607421875 1598.814208984375 81.49741782351494 0.0 0.0 0.0 0.0 0.0 0.0 0.0
4620 2478.2607421875 1594.8616943359375 79.63978396450466 0.0 0.0 0.0 0.0 0.0 0.0 0.0
4636 2478.2607421875 1583.00390625 74.10357635819474 0.0 0.0 0.0 0.0 0.0 0.0 0.0
4652 2478.2607421875 1571.146240234375 68.66179668570888 0.0 0.0 0.0 0.0 0.0 0.0 0.0
4669 2478.2607421875 1555.3359375 61.65671052972323 0.0 0.0 0.0 0.0 0.0 0.0 0.0
4685 2478.2607421875 1551.3834228515625 59.92950482811065 0.0 0.0 0.0 0.0 0.0 0.0 0.0
4703 2486.166015625 1547.4307861328125 59.59931990759502 0.0 0.0 0.0 0.0 0.0 0.0 0.0
4719 2505.9287109375 1547.4307861328125 62.62342748448593 0.0 0.0 0.0 0.0 0.0 0.0 0.0
4736 2525.691650390625 1547.4307861328125 65.2424147305401 0.0 0.0 0.0 0.0 0.0 0.0 0.0
4752 2541.501953125 1559.28857421875 71.9962266879585 0.0 0.0 0.0 0.0 0.0 0.0 0.0
4770 2553.359619140625 1567.193603515625 76.22356947052812 0.0 0.0 0.0 0.0 0.0 0.0 0.0
4786 2561.2646484375 1571.146240234375 78.29418212594612 0.0 0.0 0.0 0.0 0.0 0.0 0.0
4802 2569.169921875 1571.146240234375 78.49590341771898 0.0 0.0 0.0 0.0 0.0 0.0 0.0
4819 2569.169921875 1575.0987548828125 80.35417784691434 0.0 0.0 0.0 0.0 0.0 0.0 0.0
4852 2573.12255859375 1575.0987548828125 80.39353596573987 0.0 0.0 0.0 0.0 0.0 0.0 0.0
4886 2577.074951171875 1575.0987548828125 80.4316781392112 0.0 0.0 0.0 0.0 0.0 0.0 0.0
4902 2584.980224609375 1575.0987548828125 80.5032775303491 0.0 0.0 0.0 0.0 0.0 0.0 0.0
4919 2588.932861328125 1575.0987548828125 80.53793885651797 0.0 0.0 0.0 0.0 0.0 0.0 0.0
4936 2596.837890625 1575.0987548828125 80.603062357818 0.0 0.0 0.0 0.0 0.0 0.0 0.0
4952 2604.742919921875 1575.0987548828125 80.66424776561267 0.0 0.0 0.0 0.0 0.0 0.0 0.0
4969 2608.695556640625 1575.0987548828125 80.6938451084459 0.0 0.0 0.0 0.0 0.0 0.0 0.0
4986 2612.648193359375 1575.0987548828125 80.72253599643268 0.0 0.0 0.0 0.0 0.0 0.0 0.0
5019 2616.600830078125 1575.0987548828125 80.75033573195181 0.0 0.0 0.0 0.0 0.0 0.0 0.0
5052 2616.600830078125 1571.146240234375 78.89368129890774 0.0 0.0 0.0 0.0 0.0 0.0 0.0
5069 2616.600830078125 1567.193603515625 77.04080512873065 0.0 0.0 0.0 0.0 0.0 0.0 0.0
5086 2616.600830078125 1563.2410888671875 75.19373476158997 0.0 0.0 0.0 0.0 0.0 0.0 0.0
5102 2620.55322265625 1563.2410888671875 75.39481856689073 0.0 0.0 0.0 0.0 0.0 0.0 0.0
5119 2620.55322265625 1559.28857421875 73.55440003290462 0.0 0.0 0.0 0.0 0.0 0.0 0.0
5136 2624.505859375 1559.28857421875 73.80663165766587 0.0 0.0 0.0 0.0 0.0 0.0 0.0
5169 2624.505859375 1563.2410888671875 75.65535461529116 0.0 0.0 0.0 0.0 0.0 0.0 0.0
5186 2628.45849609375 1563.2410888671875 75.84203480512114 0.0 0.0 0.0 0.0 0.0 0.0 0.0
5202 2632.410888671875 1567.193603515625 77.81955399838024 0.0 0.0 0.0 0.0 0.0 0.0 0.0
5219 2636.363525390625 1567.193603515625 77.93849111136139 0.0 0.0 0.0 0.0 0.0 0.0 0.0
5252 2640.316162109375 1567.193603515625 78.05364869987748 0.0 0.0 0.0 0.0 0.0 0.0 0.0
5269 2644.268798828125 1555.3359375 72.82042095225005 0.0 0.0 0.0 0.0 0.0 0.0 0.0
5286 2644.268798828125 1547.4307861328125 69.18808122603045 0.0 0.0 0.0 0.0 0.0 0.0 0.0
5302 2644.268798828125 1539.525634765625 65.61279147498936 0.0 0.0 0.0 0.0 0.0 0.0 0.0
5319 2644.268798828125 1535.5731201171875 63.84268367368402 0.0 0.0 0.0 0.0 0.0 0.0 0.0
5336 2648.22119140625 1531.6204833984375 62.68712974939744 0.0 0.0 0.0 0.0 0.0 0.0 0.0
5352 2652.173828125 1531.6204833984375 63.27178051477716 0.0 0.0 0.0 0.0 0.0 0.0 0.0
5369 2656.12646484375 1531.6204833984375 63.83890778084934 0.0 0.0 0.0 0.0 0.0 0.0 0.0
5386 2660.0791015625 1531.6204833984375 64.38903696493347 0.0 0.0 0.0 0.0 0.0 0.0 0.0
5403 2664.031494140625 1539.525634765625 68.43498606176705 0.0 0.0 0.0 0.0 0.0 0.0 0.0
5419 2671.936767578125 1539.525634765625 69.23158594243833 0.0 0.0 0.0 0.0 0.0 0.0 0.0
5452 2675.88916015625 1543.478271484375 71.39069345951742 0.0 0.0 0.0 0.0 0.0 0.0 0.0
5486 2679.841796875 1535.5731201171875 68.20417552997927 0.0 0.0 0.0 0.0 0.0 0.0 0.0
5502 2683.79443359375 1523.7154541015625 63.4785731776679 0.0 0.0 0.0 0.0 0.0 0.0 0.0
5519 2683.79443359375 1507.9051513671875 56.71949130205017 0.0 0.0 0.0 0.0 0.0 0.0 0.0
5536 2683.79443359375 1496.04736328125 51.872461385529476 0.0 0.0 0.0 0.0 0.0 0.0 0.0
5552 2683.79443359375 1484.189697265625 47.26409076338098 0.0 0.0 0.0 0.0 0.0 0.0 0.0
5569 2683.79443359375 1480.2371826171875 45.75755748601228 0.0 0.0 0.0 0.0 0.0 0.0 0.0
5586 2687.7470703125 1480.2371826171875 46.81801854110206 0.0 0.0 0.0 0.0 0.0 0.0 0.0
5602 2691.699462890625 1480.2371826171875 47.850656185183766 0.0 0.0 0.0 0.0 0.0 0.0 0.0
5619 2699.604736328125 1480.2371826171875 49.80956155265505 0.0 0.0 0.0 0.0 0.0 0.0 0.0
5636 2707.509765625 1484.189697265625 53.213810007163715 0.0 0.0 0.0 0.0 0.0 0.0 0.0
5652 2715.4150390625 1492.0948486328125 58.11037333276532 0.0 0.0 0.0 0.0 0.0 0.0 0.0
5669 2723.320068359375 1500.0 62.83110849979202 0.0 0.0 0.0 0.0 0.0 0.0 0.0
5686 2727.272705078125 1503.9525146484375 65.1407413214933 0.0 0.0 0.0 0.0 0.0 0.0 0.0
5702 2731.225341796875 1507.9051513671875 67.39910841575923 0.0 0.0 0.0 0.0 0.0 0.0 0.0
5736 2735.177734375 1507.9051513671875 67.84128410742035 0.0 0.0 0.0 0.0 0.0 0.0 0.0
5752 2735.177734375 1500.0 64.29059941307118 0.0 0.0 0.0 0.0 0.0 0.0 0.0
5769 2735.177734375 1480.2371826171875 55.88886984642683 0.0 0.0 0.0 0.0 0.0 0.0 0.0
5786 2735.177734375 1472.33203125 52.63537992430436 0.0 0.0 0.0 0.0 0.0 0.0 0.0
5802 2735.177734375 1464.4268798828125 49.48587215329315 0.0 0.0 0.0 0.0 0.0 0.0 0.0
5819 2735.177734375 1460.4742431640625 47.93895687145141 0.0 0.0 0.0 0.0 0.0 0.0 0.0
5836 2739.13037109375 1456.521728515625 47.444783629910646 0.0 0.0 0.0 0.0 0.0 0.0 0.0
5852 2743.0830078125 1456.521728515625 48.46097832619381 0.0 0.0 0.0 0.0 0.0 0.0 0.0
5869 2747.035400390625 1460.4742431640625 51.007408464651064 0.0 0.0 0.0 0.0 0.0 0.0 0.0
5886 2754.940673828125 1472.33203125 57.62690257290707 0.0 0.0 0.0 0.0 0.0 0.0 0.0
5902 2762.845703125 1480.2371826171875 62.3663563846475 0.0 0.0 0.0 0.0 0.0 0.0 0.0
5919 2766.79833984375 1484.189697265625 64.68587091256626 0.0 0.0 0.0 0.0 0.0 0.0 0.0
5936 2770.7509765625 1484.189697265625 65.21047833625299 0.0 0.0 0.0 0.0 0.0 0.0 0.0
5969 2770.7509765625 1480.2371826171875 63.44439273351553 0.0 0.0 0.0 0.0 0.0 0.0 0.0
5986 2770.7509765625 1468.37939453125 58.31651562293689 0.0 0.0 0.0 0.0 0.0 0.0 0.0
6002 2770.7509765625 1456.521728515625 53.39744287777668 0.0 0.0 0.0 0.0 0.0 0.0 0.0
6019 2770.7509765625 1452.5692138671875 51.784907191732415 0.0 0.0 0.0 0.0 0.0 0.0 0.0
6036 2774.70361328125 1448.6165771484375 51.12600249443964 0.0 0.0 0.0 0.0 0.0 0.0 0.0
6052 2778.656005859375 1448.6165771484375 52.04295810712319 0.0 0.0 0.0 0.0 0.0 0.0 0.0
6069 2786.561279296875 1448.6165771484375 53.77839506801759 0.0 0.0 0.0 0.0 0.0 0.0 0.0
6086 2794.46630859375 1448.6165771484375 55.4188881662741 0.0 0.0 0.0 0.0 0.0 0.0 0.0
6102 2802.37158203125 1448.6165771484375 56.968645526800515 0.0 0.0 0.0 0.0 0.0 0.0 0.0
6119 2806.323974609375 1448.6165771484375 57.721185371814656 0.0 0.0 0.0 0.0 0.0 0.0 0.0
6136 2810.276611328125 1448.6165771484375 58.451979863923455 0.0 0.0 0.0 0.0 0.0 0.0 0.0
6169 2810.276611328125 1436.7589111328125 53.526926118587696 0.0 0.0 0.0 0.0 0.0 0.0 0.0
6186 2810.276611328125 1424.901123046875 48.833795293131644 0.0 0.0 0.0 0.0 0.0 0.0 0.0
6202 2814.229248046875 1416.9959716796875 46.83985799459765 0.0 0.0 0.0 0.0 0.0 0.0 0.0
6220 2814.229248046875 1413.04345703125 45.34130611266126 0.0 0.0 0.0 0.0 0.0 0.0 0.0
6236 2818.181640625 1413.04345703125 46.41243637077772 0.0 0.0 0.0 0.0 0.0 0.0 0.0
6252 2818.181640625 1409.0909423828125 44.921933448154675 0.0 0.0 0.0 0.0 0.0 0.0 0.0
6269 2826.0869140625 1409.0909423828125 47.03168851677953 0.0 0.0 0.0 0.0 0.0 0.0 0.0
6319 2830.03955078125 1409.0909423828125 48.05880666816614 0.0 0.0 0.0 0.0 0.0 0.0 0.0
6386 2830.03955078125 1405.1383056640625 46.537533431809145 0.0 0.0 0.0 0.0 0.0 0.0 0.0
6419 2830.03955078125 1401.185791015625 45.0446686713974 0.0 0.0 0.0 0.0 0.0 0.0 0.0
6436 2830.03955078125 1397.233154296875 43.58050990130925 0.0 0.0 0.0 0.0 0.0 0.0 0.0
6536 2826.0869140625 1389.3280029296875 39.57218356424781 0.0 0.0 0.0 0.0 0.0 0.0 0.0
6553 2810.276611328125 1385.37548828125 32.73415114181056 0.0 0.0 0.0 0.0 0.0 0.0 0.0
6569 2802.37158203125 1381.4228515625 28.644335854172063 0.0 0.0 0.0 0.0 0.0 0.0 0.0
6587 2786.561279296875 1377.4703369140625 21.24358920987507 0.0 0.0 0.0 0.0 0.0 0.0 0.0
6603 2770.7509765625 1377.4703369140625 14.372507744583004 0.0 0.0 0.0 0.0 0.0 0.0 0.0
6619 2754.940673828125 1381.4228515625 7.732543026066125 0.0 0.0 0.0 0.0 0.0 0.0 0.0
6636 2739.13037109375 1389.3280029296875 0.988544728213725 0.0 0.0 0.0 0.0 0.0 0.0 0.0
6652 2723.320068359375 1397.233154296875 353.6738091935807 0.0 0.0 0.0 0.0 0.0 0.0 0.0
6673 2711.46240234375 1409.0909423828125 347.7230251087338 0.0 0.0 0.0 0.0 0.0 0.0 0.0
6686 2699.604736328125 1413.04345703125 341.9042611630285 0.0 0.0 0.0 0.0 0.0 0.0 0.0
6702 2691.699462890625 1416.9959716796875 337.84865354556104 0.0 0.0 0.0 0.0 0.0 0.0 0.0
6769 2691.699462890625 1409.0909423828125 338.68012383281945 0.0 0.0 0.0 0.0 0.0 0.0 0.0
6786 2691.699462890625 1401.185791015625 339.46210728939633 0.0 0.0 0.0 0.0 0.0 0.0 0.0
6802 2687.7470703125 1393.2806396484375 338.495338190205 0.0 0.0 0.0 0.0 0.0 0.0 0.0
6819 2667.984130859375 1389.3280029296875 330.47211726261634 0.0 0.0 0.0 0.0 0.0 0.0 0.0
6836 2644.268798828125 1389.3280029296875 320.84519512677605 0.0 0.0 0.0 0.0 0.0 0.0 0.0
6852 2628.45849609375 1389.3280029296875 314.8765347311844 0.0 0.0 0.0 0.0 0.0 0.0 0.0
6869 2616.600830078125 1389.3280029296875 310.66153629744434 0.0 0.0 0.0 0.0 0.0 0.0 0.0
6886 2608.695556640625 1397.233154296875 305.3987963746034 0.0 0.0 0.0 0.0 0.0 0.0 0.0
6936 2620.55322265625 1397.233154296875 309.54140163544116 0.0 0.0 0.0 0.0 0.0 0.0 0.0
6952 2636.363525390625 1389.3280029296875 317.8153056613661 0.0 0.0 0.0 0.0 0.0 0.0 0.0
6969 2652.173828125 1377.4703369140625 326.93613768990946 0.0 0.0 0.0 0.0 0.0 0.0 0.0
6986 2660.0791015625 1377.4703369140625 330.4035093710739 0.0 0.0 0.0 0.0 0.0 0.0 0.0
7002 2664.031494140625 1373.517822265625 332.7631819812519 0.0 0.0 0.0 0.0 0.0 0.0 0.0
7019 2667.984130859375 1373.517822265625 334.5400616648899 0.0 0.0 0.0 0.0 0.0 0.0 0.0
7036 2667.984130859375 1385.37548828125 332.7365577879672 0.0 0.0 0.0 0.0 0.0 0.0 0.0
7052 2667.984130859375 1401.185791015625 329.9979163340298 0.0 0.0 0.0 0.0 0.0 0.0 0.0
7069 2667.984130859375 1416.9959716796875 326.88780175998994 0.0 0.0 0.0 0.0 0.0 0.0 0.0
7086 2667.984130859375 1432.8062744140625 323.3683639946278 0.0 0.0 0.0 0.0 0.0 0.0 0.0
7102 2675.88916015625 1440.71142578125 325.02973092380114 0.0 0.0 0.0 0.0 0.0 0.0 0.0
7119 2703.557373046875 1440.71142578125 337.7657480554245 0.0 0.0 0.0 0.0 0.0 0.0 0.0
7136 2739.13037109375 1440.71142578125 354.7130479236996 0.0 0.0 0.0 0.0 0.0 0.0 0.0
7152 2778.656005859375 1440.71142578125 12.368657277516249 0.0 0.0 0.0 0.0 0.0 0.0 0.0
7169 2818.181640625 1440.71142578125 27.585994582898415 0.0 0.0 0.0 0.0 0.0 0.0 0.0
7186 2841.897216796875 1440.71142578125 35.63036246404874 0.0 0.0 0.0 0.0 0.0 0.0 0.0
7202 2853.7548828125 1440.71142578125 39.379982993175766 0.0 0.0 0.0 0.0 0.0 0.0 0.0
7219 2857.70751953125 1448.6165771484375 43.454319138535844 0.0 0.0 0.0 0.0 0.0 0.0 0.0
7236 2853.7548828125 1468.37939453125 50.46356326392289 0.0 0.0 0.0 0.0 0.0 0.0 0.0
7252 2830.03955078125 1488.142333984375 53.37759528665039 0.0 0.0 0.0 0.0 0.0 0.0 0.0
7269 2810.276611328125 1500.0 54.014883657446404 0.0 0.0 0.0 0.0 0.0 0.0 0.0
7286 2786.561279296875 1511.857666015625 53.729250053984174 0.0 0.0 0.0 0.0 0.0 0.0 0.0
7302 2774.70361328125 1515.810302734375 52.656659340980255 0.0 0.0 0.0 0.0 0.0 0.0 0.0
7319 2770.7509765625 1519.7628173828125 53.41669217184247 0.0 0.0 0.0 0.0 0.0 0.0 0.0
7352 2782.608642578125 1511.857666015625 52.84150398549785 0.0 0.0 0.0 0.0 0.0 0.0 0.0
7369 2822.13427734375 1496.04736328125 54.642902743282434 0.0 0.0 0.0 0.0 0.0 0.0 0.0
7386 2857.70751953125 1476.2845458984375 54.11964117437985 0.0 0.0 0.0 0.0 0.0 0.0 0.0
7402 2885.37548828125 1460.4742431640625 53.65172762636761 0.0 0.0 0.0 0.0 0.0 0.0 0.0
7420 2909.0908203125 1456.521728515625 56.66940809413339 0.0 0.0 0.0 0.0 0.0 0.0 0.0
7436 2920.948486328125 1456.521728515625 58.82850040624285 0.0 0.0 0.0 0.0 0.0 0.0 0.0
7453 2924.901123046875 1456.521728515625 59.527134702531285 0.0 0.0 0.0 0.0 0.0 0.0 0.0
7469 2924.901123046875 1476.2845458984375 68.6196942061264 0.0 0.0 0.0 0.0 0.0 0.0 0.0
7487 2909.0908203125 1503.9525146484375 81.76400913275306 0.0 0.0 0.0 0.0 0.0 0.0 0.0
7502 2881.4228515625 1531.6204833984375 98.16379095691266 0.0 0.0 0.0 0.0 0.0 0.0 0.0
7519 2857.70751953125 1547.4307861328125 110.1030460239155 0.0 0.0 0.0 0.0 0.0 0.0 0.0
7536 2830.03955078125 1563.2410888671875 124.56129101553809 0.0 0.0 0.0 0.0 0.0 0.0 0.0
7552 2810.276611328125 1563.2410888671875 131.70860248646045 0.0 0.0 0.0 0.0 0.0 0.0 0.0
7569 2794.46630859375 1559.28857421875 136.75326671807198 0.0 0.0 0.0 0.0 0.0 0.0 0.0
7586 2790.513671875 1551.3834228515625 136.10793636489842 0.0 0.0 0.0 0.0 0.0 0.0 0.0
7602 2790.513671875 1531.6204833984375 129.91545075656052 0.0 0.0 0.0 0.0 0.0 0.0 0.0
7619 2790.513671875 1515.810302734375 124.45735220989665 0.0 0.0 0.0 0.0 0.0 0.0 0.0
7636 2798.4189453125 1500.0 116.19903715427441 0.0 0.0 0.0 0.0 0.0 0.0 0.0
7652 2818.181640625 1480.2371826171875 103.97724328357329 0.0 0.0 0.0 0.0 0.0 0.0 0.0
7669 2826.0869140625 1472.33203125 99.30133636266824 0.0 0.0 0.0 0.0 0.0 0.0 0.0
7686 2833.991943359375 1464.4268798828125 94.82838672714922 0.0 0.0 0.0 0.0 0.0 0.0 0.0
7702 2837.944580078125 1456.521728515625 90.85789362252176 0.0 0.0 0.0 0.0 0.0 0.0 0.0
7719 2841.897216796875 1452.5692138671875 88.78147755180449 0.0 0.0 0.0 0.0 0.0 0.0 0.0
7752 2845.849853515625 1452.5692138671875 88.55662970497924 0.0 0.0 0.0 0.0 0.0 0.0 0.0
7836 2849.80224609375 1452.5692138671875 88.33879689981933 0.0 0.0 0.0 0.0 0.0 0.0 0.0
7869 2853.7548828125 1456.521728515625 89.90958184756498 0.0 0.0 0.0 0.0 0.0 0.0 0.0
7886 2857.70751953125 1456.521728515625 89.64954637068729 0.0 0.0 0.0 0.0 0.0 0.0 0.0
7904 2865.612548828125 1456.521728515625 89.1609449921197 0.0 0.0 0.0 0.0 0.0 0.0 0.0
7919 2873.517822265625 1456.521728515625 88.70188308749951 0.0 0.0 0.0 0.0 0.0 0.0 0.0
7936 2881.4228515625 1456.521728515625 88.27060643953838 0.0 0.0 0.0 0.0 0.0 0.0 0.0
7952 2885.37548828125 1452.5692138671875 86.26697391823082 0.0 0.0 0.0 0.0 0.0 0.0 0.0
7969 2893.280517578125 1444.6640625 82.49048155140629 0.0 0.0 0.0 0.0 0.0 0.0 0.0
7986 2897.233154296875 1436.7589111328125 78.86435222283882 0.0 0.0 0.0 0.0 0.0 0.0 0.0
8002 2905.13818359375 1428.853759765625 75.55799900299233 0.0 0.0 0.0 0.0 0.0 0.0 0.0
8020 2913.04345703125 1424.901123046875 74.19446366409893 0.0 0.0 0.0 0.0 0.0 0.0 0.0
8036 2924.901123046875 1424.901123046875 74.85044626294597 0.0 0.0 0.0 0.0 0.0 0.0 0.0
8053 2940.71142578125 1424.901123046875 75.62515105367414 0.0 0.0 0.0 0.0 0.0 0.0 0.0
8069 2952.569091796875 1428.853759765625 77.84590495446932 0.0 0.0 0.0 0.0 0.0 0.0 0.0
8086 2968.37939453125 1436.7589111328125 81.57019364750583 0.0 0.0 0.0 0.0 0.0 0.0 0.0
8103 2980.237060546875 1440.71142578125 83.26660802158324 0.0 0.0 0.0 0.0 0.0 0.0 0.0
8119 2992.0947265625 1440.71142578125 83.11948222828543 0.0 0.0 0.0 0.0 0.0 0.0 0.0
8136 3000.0 1440.71142578125 83.0273471286056 0.0 0.0 0.0 0.0 0.0 0.0 0.0
8153 3007.905029296875 1436.7589111328125 81.1953620797433 0.0 0.0 0.0 0.0 0.0 0.0 0.0
8169 3011.857666015625 1424.901123046875 75.82764612977675 0.0 0.0 0.0 0.0 0.0 0.0 0.0
8186 3011.857666015625 1409.0909423828125 68.56624828780558 0.0 0.0 0.0 0.0 0.0 0.0 0.0
8202 3015.810302734375 1393.2806396484375 62.161884541186225 0.0 0.0 0.0 0.0 0.0 0.0 0.0
8219 3023.71533203125 1381.4228515625 58.49087465525764 0.0 0.0 0.0 0.0 0.0 0.0 0.0
8236 3035.572998046875 1369.565185546875 55.88664915518153 0.0 0.0 0.0 0.0 0.0 0.0 0.0
8252 3051.38330078125 1365.6126708984375 57.25850944788422 0.0 0.0 0.0 0.0 0.0 0.0 0.0
8270 3067.193603515625 1361.6600341796875 58.47046692984463 0.0 0.0 0.0 0.0 0.0 0.0 0.0
8286 3086.95654296875 1357.70751953125 60.14158937765305 0.0 0.0 0.0 0.0 0.0 0.0 0.0
8302 3118.576904296875 1357.70751953125 64.51536203198863 0.0 0.0 0.0 0.0 0.0 0.0 0.0
8319 3142.29248046875 1349.8023681640625 64.28674641984902 0.0 0.0 0.0 0.0 0.0 0.0 0.0
8337 3158.102783203125 1345.8497314453125 64.67398125770639 0.0 0.0 0.0 0.0 0.0 0.0 0.0
8353 3173.9130859375 1337.9447021484375 63.45758786583396 0.0 0.0 0.0 0.0 0.0 0.0 0.0
8369 3181.818115234375 1330.03955078125 61.26412482756166 0.0 0.0 0.0 0.0 0.0 0.0 0.0
8386 3189.72314453125 1310.276611328125 54.65159255502222 0.0 0.0 0.0 0.0 0.0 0.0 0.0
8403 3189.72314453125 1286.561279296875 45.59437349011208 0.0 0.0 0.0 0.0 0.0 0.0 0.0
8419 3189.72314453125 1262.8458251953125 37.55404954875547 0.0 0.0 0.0 0.0 0.0 0.0 0.0
8436 3189.72314453125 1250.9881591796875 33.80643734386221 0.0 0.0 0.0 0.0 0.0 0.0 0.0
8453 3189.72314453125 1239.13037109375 30.317511094628514 0.0 0.0 0.0 0.0 0.0 0.0 0.0
8470 3193.67578125 1235.1778564453125 30.59292635833804 0.0 0.0 0.0 0.0 0.0 0.0 0.0
8486 3201.5810546875 1235.1778564453125 33.3665943668319 0.0 0.0 0.0 0.0 0.0 0.0 0.0
8503 3213.438720703125 1231.225341796875 36.04706831260142 0.0 0.0 0.0 0.0 0.0 0.0 0.0
8519 3225.29638671875 1231.225341796875 39.768561446260065 0.0 0.0 0.0 0.0 0.0 0.0 0.0
8536 3237.154052734375 1227.272705078125 41.90101154336855 0.0 0.0 0.0 0.0 0.0 0.0 0.0
8553 3249.01171875 1223.3201904296875 43.846253842896125 0.0 0.0 0.0 0.0 0.0 0.0 0.0
8569 3252.96435546875 1211.46240234375 40.83617410957032 0.0 0.0 0.0 0.0 0.0 0.0 0.0
8586 3260.869384765625 1195.652099609375 38.013955103087 0.0 0.0 0.0 0.0 0.0 0.0 0.0
8603 3268.774658203125 1187.7470703125 37.895829372312896 0.0 0.0 0.0 0.0 0.0 0.0 0.0
8619 3280.63232421875 1179.8419189453125 38.94132378788538 0.0 0.0 0.0 0.0 0.0 0.0 0.0
8636 3292.489990234375 1175.8892822265625 41.14587004436074 0.0 0.0 0.0 0.0 0.0 0.0 0.0
8653 3308.30029296875 1175.8892822265625 45.52792157099956 0.0 0.0 0.0 0.0 0.0 0.0 0.0
8670 3332.015869140625 1175.8892822265625 51.18363992066358 0.0 0.0 0.0 0.0 0.0 0.0 0.0
8686 3347.825927734375 1175.8892822265625 54.5652321395595 0.0 0.0 0.0 0.0 0.0 0.0 0.0
8702 3367.5888671875 1175.8892822265625 58.251533309626296 0.0 0.0 0.0 0.0 0.0 0.0 0.0
8719 3375.493896484375 1167.984130859375 56.465629413264324 0.0 0.0 0.0 0.0 0.0 0.0 0.0
8736 3383.399169921875 1152.1739501953125 51.851774097337525 0.0 0.0 0.0 0.0 0.0 0.0 0.0
8753 3391.30419921875 1132.4110717773438 46.394755814559176 0.0 0.0 0.0 0.0 0.0 0.0 0.0
8769 3399.20947265625 1116.6007690429688 42.914120698458845 0.0 0.0 0.0 0.0 0.0 0.0 0.0
8786 3399.20947265625 1104.7430419921875 38.81903035274131 0.0 0.0 0.0 0.0 0.0 0.0 0.0
8802 3403.162109375 1096.8379516601562 37.44715029454218 0.0 0.0 0.0 0.0 0.0 0.0 0.0
8819 3415.019775390625 1096.8379516601562 41.07298802208538 0.0 0.0 0.0 0.0 0.0 0.0 0.0
8836 3422.9248046875 1096.8379516601562 43.37380424643926 0.0 0.0 0.0 0.0 0.0 0.0 0.0
8853 3426.87744140625 1096.8379516601562 44.495226936831564 0.0 0.0 0.0 0.0 0.0 0.0 0.0
8869 3434.782470703125 1096.8379516601562 46.62656567241828 0.0 0.0 0.0 0.0 0.0 0.0 0.0
8903 3434.782470703125 1092.8853759765625 45.132013429813895 0.0 0.0 0.0 0.0 0.0 0.0 0.0
8919 3434.782470703125 1088.9328002929688 43.66622402245448 0.0 0.0 0.0 0.0 0.0 0.0 0.0
8936 3434.782470703125 1061.2648315429688 34.736558113201006 0.0 0.0 0.0 0.0 0.0 0.0 0.0
8953 3422.9248046875 1029.6442260742188 22.261737196565754 0.0 0.0 0.0 0.0 0.0 0.0 0.0