0 2000.0 1500.0 0 0.0 0.0 0.0 0.0 0.0 0.0 0.0
172 2000.0 1500.0 0 0.0 0.0 0.0 0.0 0.0 0.0 0.0
189 2000.0 1500.0 0 0.0 0.0 0.0 0.0 0.0 0.0 0.0
208 2000.0 1500.0 0 0.0 0.0 0.0 0.0 0.0 0.0 0.0
221 2000.0 1500.0 0 0.0 0.0 0.0 0.0 0.0 0.0 0.0
255 2000.0 1500.0 0 0.0 0.0 0.0 0.0 0.0 0.0 0.0
273 2000.0 1500.0 0 0.0 0.0 0.0 0.0 0.0 0.0 0.0
290 2000.0 1500.0 0 0.0 0.0 0.0 0.0 0.0 0.0 0.0
307 2000.0 1500.0 0 0.0 0.0 0.0 0.0 0.0 0.0 0.0
308 2000.0 1500.0 0 0.0 0.0 0.0 0.0 0.0 0.0 0.0
324 2000.0 1500.0 0 0.0 0.0 0.0 0.0 0.0 0.0 0.0
341 2000.0 1500.0 0 0.0 0.0 0.0 0.0 0.0 0.0 0.0
373 2000.0 1500.0 0 0.0 0.0 0.0 0.0 0.0 0.0 0.0
374 2000.0 1500.0 0 0.0 0.0 0.0 0.0 0.0 0.0 0.0
390 2000.0 1500.0 0 0.0 0.0 0.0 0.0 0.0 0.0 0.0
421 2000.0 1500.0 0 0.0 0.0 0.0 0.0 0.0 0.0 0.0
441 2000.0 1500.0 0 0.0 0.0 0.0 0.0 0.0 0.0 0.0
457 2000.0 1500.0 0 0.0 0.0 0.0 0.0 0.0 0.0 0.0
474 2000.0 1500.0 0 0.0 0.0 0.0 0.0 0.0 0.0 0.0
490 2000.0 1500.0 0 0.0 0.0 0.0 0.0 0.0 0.0 0.0
507 1992.0948486328125 1503.9525146484375 359.19556154298334 0.0 0.0 0.0 0.0 0.0 0.0 0.0
524 1988.1422119140625 1503.9525146484375 359.7701362649048 0.0 0.0 0.0 0.0 0.0 0.0 0.0
540 1988.1422119140625 1496.04736328125 3.844090936515528 0.0 0.0 0.0 0.0 0.0 0.0 0.0
573 2027.66796875 1456.521728515625 30.022153609453795 0.0 0.0 0.0 0.0 0.0 0.0 0.0
606 2043.478271484375 1440.71142578125 41.17734865346827 0.0 0.0 0.0 0.0 0.0 0.0 0.0
624 2059.2884521484375 1432.8062744140625 49.26353969984714 0.0 0.0 0.0 0.0 0.0 0.0 0.0
673 2043.478271484375 1448.6165771484375 38.322894954825784 0.0 0.0 0.0 0.0 0.0 0.0 0.0
691 2035.5731201171875 1460.4742431640625 31.183239132500177 0.0 0.0 0.0 0.0 0.0 0.0 0.0
707 2031.6204833984375 1460.4742431640625 30.650096462784887 0.0 0.0 0.0 0.0 0.0 0.0 0.0
739 2035.5731201171875 1460.4742431640625 31.202610169435758 0.0 0.0 0.0 0.0 0.0 0.0 0.0
773 2134.3873291015625 1405.1383056640625 101.63767646398824 0.0 0.0 0.0 0.0 0.0 0.0 0.0
774 2134.3873291015625 1405.1383056640625 101.63768693204273 0.0 0.0 0.0 0.0 0.0 0.0 0.0
808 2166.0079345703125 1389.3280029296875 116.59718054298395 0.0 0.0 0.0 0.0 0.0 0.0 0.0
823 2185.7706298828125 1373.517822265625 123.91625207135581 0.0 0.0 0.0 0.0 0.0 0.0 0.0
825 2185.7706298828125 1373.517822265625 123.9162324130487 0.0 0.0 0.0 0.0 0.0 0.0 0.0
873 2162.0552978515625 1377.4703369140625 111.61446164730268 0.0 0.0 0.0 0.0 0.0 0.0 0.0
906 2094.861572265625 1401.185791015625 72.21467347048176 0.0 0.0 0.0 0.0 0.0 0.0 0.0
907 2094.861572265625 1401.185791015625 72.21472977544366 0.0 0.0 0.0 0.0 0.0 0.0 0.0
939 2071.146240234375 1405.1383056640625 61.7401363298313 0.0 0.0 0.0 0.0 0.0 0.0 0.0
940 2071.146240234375 1405.1383056640625 61.74014877834898 0.0 0.0 0.0 0.0 0.0 0.0 0.0
974 2063.2410888671875 1401.185791015625 60.30713417276107 0.0 0.0 0.0 0.0 0.0 0.0 0.0
990 2075.0987548828125 1373.517822265625 73.48303810278995 0.0 0.0 0.0 0.0 0.0 0.0 0.0
1022 2102.7667236328125 1341.897216796875 91.92869953914109 0.0 0.0 0.0 0.0 0.0 0.0 0.0
1023 2102.7667236328125 1341.897216796875 91.92869191070295 0.0 0.0 0.0 0.0 0.0 0.0 0.0
1040 2106.7193603515625 1333.9920654296875 94.76818338305335 0.0 0.0 0.0 0.0 0.0 0.0 0.0
1089 2098.814208984375 1333.9920654296875 90.74692979077585 0.0 0.0 0.0 0.0 0.0 0.0 0.0
1122 2051.38330078125 1357.70751953125 62.879520982684 0.0 0.0 0.0 0.0 0.0 0.0 0.0
1123 2051.38330078125 1357.70751953125 62.8794926342795 0.0 0.0 0.0 0.0 0.0 0.0 0.0
1141 2039.525634765625 1361.6600341796875 57.183370058935594 0.0 0.0 0.0 0.0 0.0 0.0 0.0
1189 2039.525634765625 1333.9920654296875 66.45659742917982 0.0 0.0 0.0 0.0 0.0 0.0 0.0
1222 2086.9564208984375 1290.5137939453125 96.20576011701971 0.0 0.0 0.0 0.0 0.0 0.0 0.0
1223 2086.9564208984375 1290.5137939453125 96.2057436438678 0.0 0.0 0.0 0.0 0.0 0.0 0.0
1240 2098.814208984375 1282.608642578125 102.67821581778301 0.0 0.0 0.0 0.0 0.0 0.0 0.0
1271 2098.814208984375 1278.6561279296875 102.78763970758442 0.0 0.0 0.0 0.0 0.0 0.0 0.0
1306 2059.2884521484375 1290.5137939453125 80.75894364152853 0.0 0.0 0.0 0.0 0.0 0.0 0.0
1323 2015.8101806640625 1310.276611328125 57.16792589408638 0.0 0.0 0.0 0.0 0.0 0.0 0.0
1340 1984.189697265625 1322.1343994140625 43.73494711008405 0.0 0.0 0.0 0.0 0.0 0.0 0.0
1372 1956.521728515625 1326.0869140625 36.600806875467725 0.0 0.0 0.0 0.0 0.0 0.0 0.0
1373 1956.521728515625 1326.0869140625 36.60077716968445 0.0 0.0 0.0 0.0 0.0 0.0 0.0
1390 1952.569091796875 1326.0869140625 35.886351482636684 0.0 0.0 0.0 0.0 0.0 0.0 0.0
1422 1992.0948486328125 1270.7509765625 71.72887599020711 0.0 0.0 0.0 0.0 0.0 0.0 0.0
1423 1992.0948486328125 1270.7509765625 71.72885088944011 0.0 0.0 0.0 0.0 0.0 0.0 0.0
1440 2035.5731201171875 1239.13037109375 97.62104205753562 0.0 0.0 0.0 0.0 0.0 0.0 0.0
1472 2083.00390625 1211.46240234375 119.07374442409903 0.0 0.0 0.0 0.0 0.0 0.0 0.0
1473 2083.00390625 1211.46240234375 119.07376471371975 0.0 0.0 0.0 0.0 0.0 0.0 0.0
1490 2086.9564208984375 1207.5098876953125 120.55592129513624 0.0 0.0 0.0 0.0 0.0 0.0 0.0
1522 2079.0513916015625 1215.4150390625 117.30685061187248 0.0 0.0 0.0 0.0 0.0 0.0 0.0
1540 2031.6204833984375 1247.0355224609375 86.88547119715932 0.0 0.0 0.0 0.0 0.0 0.0 0.0
1572 1952.569091796875 1286.561279296875 44.82961068307375 0.0 0.0 0.0 0.0 0.0 0.0 0.0
1573 1952.569091796875 1286.561279296875 44.829631140024645 0.0 0.0 0.0 0.0 0.0 0.0 0.0
1591 1944.6639404296875 1294.4664306640625 39.34486452296349 0.0 0.0 0.0 0.0 0.0 0.0 0.0
1621 1940.71142578125 1294.4664306640625 38.54073597849052 0.0 0.0 0.0 0.0 0.0 0.0 0.0
1640 1956.521728515625 1266.79833984375 55.308934298663445 0.0 0.0 0.0 0.0 0.0 0.0 0.0
1673 2023.71533203125 1215.4150390625 97.8763435174366 0.0 0.0 0.0 0.0 0.0 0.0 0.0
1690 2043.478271484375 1207.5098876953125 108.15390594822492 0.0 0.0 0.0 0.0 0.0 0.0 0.0
1721 2051.38330078125 1203.5572509765625 112.06587542696158 0.0 0.0 0.0 0.0 0.0 0.0 0.0
1741 2051.38330078125 1207.5098876953125 112.30131875295842 0.0 0.0 0.0 0.0 0.0 0.0 0.0
1772 1996.04736328125 1258.893310546875 68.65300107079125 0.0 0.0 0.0 0.0 0.0 0.0 0.0
1773 1996.04736328125 1258.893310546875 68.65302568000587 0.0 0.0 0.0 0.0 0.0 0.0 0.0
1791 1976.2845458984375 1266.79833984375 58.488987712064926 0.0 0.0 0.0 0.0 0.0 0.0 0.0
1822 1964.4268798828125 1270.7509765625 53.0473638864747 0.0 0.0 0.0 0.0 0.0 0.0 0.0
1840 1964.4268798828125 1266.79833984375 54.667461388433736 0.0 0.0 0.0 0.0 0.0 0.0 0.0
1872 2011.857666015625 1219.3675537109375 87.92661523943835 0.0 0.0 0.0 0.0 0.0 0.0 0.0
1873 2011.857666015625 1219.3675537109375 87.92661178052654 0.0 0.0 0.0 0.0 0.0 0.0 0.0
1890 2031.6204833984375 1199.604736328125 99.4878387517056 0.0 0.0 0.0 0.0 0.0 0.0 0.0
1922 2039.525634765625 1195.652099609375 103.72515137044317 0.0 0.0 0.0 0.0 0.0 0.0 0.0
1956 2019.7628173828125 1211.46240234375 91.4969610257273 0.0 0.0 0.0 0.0 0.0 0.0 0.0
1973 1972.33203125 1239.13037109375 62.114767638938616 0.0 0.0 0.0 0.0 0.0 0.0 0.0
1990 1936.7589111328125 1262.8458251953125 42.20962855449457 0.0 0.0 0.0 0.0 0.0 0.0 0.0
2022 1901.1856689453125 1278.6561279296875 29.569195475193993 0.0 0.0 0.0 0.0 0.0 0.0 0.0
2023 1901.1856689453125 1278.6561279296875 29.569185510482754 0.0 0.0 0.0 0.0 0.0 0.0 0.0
2056 1901.1856689453125 1266.79833984375 35.457111659712695 0.0 0.0 0.0 0.0 0.0 0.0 0.0
2073 1968.37939453125 1219.3675537109375 83.00717207047015 0.0 0.0 0.0 0.0 0.0 0.0 0.0
2090 2043.478271484375 1183.79443359375 119.41792163332934 0.0 0.0 0.0 0.0 0.0 0.0 0.0
2107 2083.00390625 1160.0789794921875 132.5069323711291 0.0 0.0 0.0 0.0 0.0 0.0 0.0
2124 2098.814208984375 1152.1739501953125 137.4183250014418 0.0 0.0 0.0 0.0 0.0 0.0 0.0
2140 2098.814208984375 1148.2213134765625 136.360536331097 0.0 0.0 0.0 0.0 0.0 0.0 0.0
2157 2094.861572265625 1148.2213134765625 134.53597159085245 0.0 0.0 0.0 0.0 0.0 0.0 0.0
2173 2039.525634765625 1171.936767578125 103.40436663759019 0.0 0.0 0.0 0.0 0.0 0.0 0.0
2190 1948.6165771484375 1215.4150390625 50.16901434393671 0.0 0.0 0.0 0.0 0.0 0.0 0.0
2207 1857.70751953125 1262.8458251953125 20.236640606394275 0.0 0.0 0.0 0.0 0.0 0.0 0.0
2223 1782.608642578125 1306.3240966796875 4.992620776989298 0.0 0.0 0.0 0.0 0.0 0.0 0.0
2240 1731.2252197265625 1341.897216796875 356.32528940679447 0.0 0.0 0.0 0.0 0.0 0.0 0.0
2257 1695.652099609375 1365.6126708984375 352.33023899396267 0.0 0.0 0.0 0.0 0.0 0.0 0.0