0 2000.0 1500.0 0 0.0 0.0 0.0 0.0 0.0 0.0 0.0
317 1995.0494384765625 1504.9505615234375 -0.2677385655468072 0.0 0.0 0.0 0.0 0.0 0.0 0.0
332 1990.0989990234375 1504.9505615234375 0.8299238671530986 0.0 0.0 0.0 0.0 0.0 0.0 0.0
367 1985.1484375 1509.9010009765625 0.5273205327304993 0.0 0.0 0.0 0.0 0.0 0.0 0.0
380 1985.1484375 1514.8514404296875 -0.8534521897815921 0.0 0.0 0.0 0.0 0.0 0.0 0.0
396 1980.197998046875 1519.802001953125 -1.08527571312041 0.0 0.0 0.0 0.0 0.0 0.0 0.0
412 1975.2474365234375 1529.7030029296875 -2.596098528607939 0.0 0.0 0.0 0.0 0.0 0.0 0.0
427 1970.2969970703125 1529.7030029296875 -1.443218326163361 0.0 0.0 0.0 0.0 0.0 0.0 0.0
444 1965.346435546875 1529.7030029296875 -0.3174391599900446 0.0 0.0 0.0 0.0 0.0 0.0 0.0
464 1965.346435546875 1534.6534423828125 -1.6816054879287776 0.0 0.0 0.0 0.0 0.0 0.0 0.0
476 1960.39599609375 1539.60400390625 -1.8785196030768532 0.0 0.0 0.0 0.0 0.0 0.0 0.0
492 1960.39599609375 1544.554443359375 -3.211271343896783 0.0 0.0 0.0 0.0 0.0 0.0 0.0
524 1955.445556640625 1549.5050048828125 -3.3436294764260595 0.0 0.0 0.0 0.0 0.0 0.0 0.0
556 1950.4949951171875 1554.4554443359375 -3.470316109372618 0.0 0.0 0.0 0.0 0.0 0.0 0.0
588 1945.5445556640625 1554.4554443359375 -2.2971469112645195 0.0 0.0 0.0 0.0 0.0 0.0 0.0
605 1940.593994140625 1559.406005859375 -2.46807128299713 0.0 0.0 0.0 0.0 0.0 0.0 0.0
620 1940.593994140625 1564.3564453125 -3.7886968630487843 0.0 0.0 0.0 0.0 0.0 0.0 0.0
653 1935.6435546875 1569.306884765625 -3.896587966712815 0.0 0.0 0.0 0.0 0.0 0.0 0.0
700 1935.6435546875 1574.2574462890625 -5.187376038297174 0.0 0.0 0.0 0.0 0.0 0.0 0.0
764 1930.6929931640625 1574.2574462890625 -3.9751153910792993 0.0 0.0 0.0 0.0 0.0 0.0 0.0
940 1925.7425537109375 1579.2078857421875 -4.075135740597204 0.0 0.0 0.0 0.0 0.0 0.0 0.0
1020 1920.7919921875 1579.2078857421875 -2.888077624529018 0.0 0.0 0.0 0.0 0.0 0.0 0.0
1100 1915.841552734375 1579.2078857421875 -1.7284053669183095 0.0 0.0 0.0 0.0 0.0 0.0 0.0
1116 1915.841552734375 1584.158447265625 -3.064243126198221 0.0 0.0 0.0 0.0 0.0 0.0 0.0
1180 1910.8909912109375 1584.158447265625 -1.9004578118679945 0.0 0.0 0.0 0.0 0.0 0.0 0.0
1260 1910.8909912109375 1589.10888671875 -3.2327638164904897 0.0 0.0 0.0 0.0 0.0 0.0 0.0
1516 1905.9405517578125 1589.10888671875 -2.0650944540716694 0.0 0.0 0.0 0.0 0.0 0.0 0.0
1867 1900.9901123046875 1589.10888671875 -0.9246729442304513 0.0 0.0 0.0 0.0 0.0 0.0 0.0
1883 1900.9901123046875 1594.0594482421875 -2.2767521739389736 0.0 0.0 0.0 0.0 0.0 0.0 0.0
1964 1896.03955078125 1594.0594482421875 -1.1313298964182366 0.0 0.0 0.0 0.0 0.0 0.0 0.0
2075 1891.089111328125 1594.0594482421875 -0.013000177906320687 0.0 0.0 0.0 0.0 0.0 0.0 0.0
2092 1886.1385498046875 1594.0594482421875 1.0785471562613793 0.0 0.0 0.0 0.0 0.0 0.0 0.0
2140 1881.1881103515625 1599.0098876953125 0.7654986037868525 0.0 0.0 0.0 0.0 0.0 0.0 0.0
2156 1876.237548828125 1599.0098876953125 1.8381615911086726 0.0 0.0 0.0 0.0 0.0 0.0 0.0
2172 1871.287109375 1599.0098876953125 2.8844163701799914 0.0 0.0 0.0 0.0 0.0 0.0 0.0
2188 1861.3861083984375 1603.96044921875 3.4835766651662254 0.0 0.0 0.0 0.0 0.0 0.0 0.0
2202 1861.3861083984375 1608.910888671875 2.046921951441476 0.0 0.0 0.0 0.0 0.0 0.0 0.0
2219 1856.435546875 1608.910888671875 3.0880579923223195 0.0 0.0 0.0 0.0 0.0 0.0 0.0
2236 1846.5345458984375 1613.8614501953125 3.6740646299796538 0.0 0.0 0.0 0.0 0.0 0.0 0.0
2251 1841.5841064453125 1613.8614501953125 4.674466888520016 0.0 0.0 0.0 0.0 0.0 0.0 0.0
2267 1841.5841064453125 1618.8118896484375 3.2163540434924016 0.0 0.0 0.0 0.0 0.0 0.0 0.0
2284 1836.6336669921875 1623.7623291015625 2.8137197345637617 0.0 0.0 0.0 0.0 0.0 0.0 0.0
2300 1831.68310546875 1623.7623291015625 3.8357529655416727 0.0 0.0 0.0 0.0 0.0 0.0 0.0
2316 1826.732666015625 1623.7623291015625 4.8320835263346 0.0 0.0 0.0 0.0 0.0 0.0 0.0
2332 1821.7821044921875 1628.712890625 4.362056028398371 0.0 0.0 0.0 0.0 0.0 0.0 0.0
2347 1816.8316650390625 1628.712890625 5.345016671035296 0.0 0.0 0.0 0.0 0.0 0.0 0.0
2363 1816.8316650390625 1633.663330078125 3.8750649946533144 0.0 0.0 0.0 0.0 0.0 0.0 0.0
2380 1811.881103515625 1638.6138916015625 3.4449047957309347 0.0 0.0 0.0 0.0 0.0 0.0 0.0
2395 1806.9306640625 1643.5643310546875 3.032709857336414 0.0 0.0 0.0 0.0 0.0 0.0 0.0
2412 1801.9801025390625 1643.5643310546875 4.049270515328317 0.0 0.0 0.0 0.0 0.0 0.0 0.0
2427 1797.0296630859375 1648.514892578125 3.6118530309456958 0.0 0.0 0.0 0.0 0.0 0.0 0.0
2443 1792.0791015625 1648.514892578125 4.613833470730384 0.0 0.0 0.0 0.0 0.0 0.0 0.0
2458 1787.128662109375 1648.514892578125 5.590382857877842 0.0 0.0 0.0 0.0 0.0 0.0 0.0
2475 1782.17822265625 1653.46533203125 5.0888825416303405 0.0 0.0 0.0 0.0 0.0 0.0 0.0
2492 1777.2276611328125 1653.46533203125 6.053320253678976 0.0 0.0 0.0 0.0 0.0 0.0 0.0
2507 1772.2772216796875 1658.4158935546875 5.5325624210585715 0.0 0.0 0.0 0.0 0.0 0.0 0.0
2524 1767.32666015625 1663.3663330078125 5.0334616198061894 0.0 0.0 0.0 0.0 0.0 0.0 0.0
2539 1767.32666015625 1668.31689453125 3.56895601610114 0.0 0.0 0.0 0.0 0.0 0.0 0.0
2555 1762.376220703125 1668.31689453125 4.5720289831025696 0.0 0.0 0.0 0.0 0.0 0.0 0.0
2572 1757.4256591796875 1673.267333984375 4.11287744667456 0.0 0.0 0.0 0.0 0.0 0.0 0.0
2603 1752.4752197265625 1673.267333984375 5.102198789785234 0.0 0.0 0.0 0.0 0.0 0.0 0.0
2716 1752.4752197265625 1678.2178955078125 3.636467678296299 0.0 0.0 0.0 0.0 0.0 0.0 0.0
2779 1747.524658203125 1678.2178955078125 4.637855852257502 0.0 0.0 0.0 0.0 0.0 0.0 0.0
2891 1747.524658203125 1683.1683349609375 3.1803861367207276 0.0 0.0 0.0 0.0 0.0 0.0 0.0
3004 1742.57421875 1683.1683349609375 4.19321059549813 0.0 0.0 0.0 0.0 0.0 0.0 0.0
3227 1742.57421875 1688.1187744140625 2.74371420124524 0.0 0.0 0.0 0.0 0.0 0.0 0.0
3499 1742.57421875 1693.0693359375 1.3206888823090708 0.0 0.0 0.0 0.0 0.0 0.0 0.0
3563 1737.6236572265625 1693.0693359375 2.3797333345528386 0.0 0.0 0.0 0.0 0.0 0.0 0.0
3708 1732.6732177734375 1693.0693359375 3.4125714126955415 0.0 0.0 0.0 0.0 0.0 0.0 0.0
3739 1727.7227783203125 1693.0693359375 4.4195868853864795 0.0 0.0 0.0 0.0 0.0 0.0 0.0
3772 1722.772216796875 1693.0693359375 5.401127069465218 0.0 0.0 0.0 0.0 0.0 0.0 0.0
3787 1717.82177734375 1698.019775390625 4.907489489914269 0.0 0.0 0.0 0.0 0.0 0.0 0.0
3819 1712.8712158203125 1698.019775390625 5.876558276523582 0.0 0.0 0.0 0.0 0.0 0.0 0.0
3835 1707.9207763671875 1702.9703369140625 5.363140904143279 0.0 0.0 0.0 0.0 0.0 0.0 0.0
3851 1702.97021484375 1702.9703369140625 6.3205113720067345 0.0 0.0 0.0 0.0 0.0 0.0 0.0
3867 1698.019775390625 1707.9207763671875 5.788722797654259 0.0 0.0 0.0 0.0 0.0 0.0 0.0
3883 1693.0692138671875 1707.9207763671875 6.735157997897545 0.0 0.0 0.0 0.0 0.0 0.0 0.0
3899 1693.0692138671875 1712.871337890625 5.241224308606547 0.0 0.0 0.0 0.0 0.0 0.0 0.0
3915 1688.1187744140625 1717.82177734375 4.754224131620731 0.0 0.0 0.0 0.0 0.0 0.0 0.0
3931 1683.168212890625 1717.82177734375 5.727206728567609 0.0 0.0 0.0 0.0 0.0 0.0 0.0
3947 1678.2177734375 1717.82177734375 6.6751686927306935 0.0 0.0 0.0 0.0 0.0 0.0 0.0
3963 1673.267333984375 1722.7723388671875 6.128683003633938 0.0 0.0 0.0 0.0 0.0 0.0 0.0
3977 1668.3167724609375 1722.7723388671875 7.066293599566336 0.0 0.0 0.0 0.0 0.0 0.0 0.0
3995 1663.3663330078125 1722.7723388671875 7.979443854071519 0.0 0.0 0.0 0.0 0.0 0.0 0.0
4011 1658.415771484375 1722.7723388671875 8.86864027732409 0.0 0.0 0.0 0.0 0.0 0.0 0.0
4027 1653.46533203125 1727.7227783203125 8.23187994996158 0.0 0.0 0.0 0.0 0.0 0.0 0.0
4044 1648.5147705078125 1732.67333984375 7.6212209732623535 0.0 0.0 0.0 0.0 0.0 0.0 0.0
4060 1643.5643310546875 1732.67333984375 8.519868155649533 0.0 0.0 0.0 0.0 0.0 0.0 0.0
4076 1638.61376953125 1737.623779296875 7.897431552560278 0.0 0.0 0.0 0.0 0.0 0.0 0.0
4108 1628.7127685546875 1742.57421875 8.171257392938998 0.0 0.0 0.0 0.0 0.0 0.0 0.0
4124 1623.7623291015625 1742.57421875 9.05537458839433 0.0 0.0 0.0 0.0 0.0 0.0 0.0
4156 1618.8118896484375 1747.5247802734375 8.410887648056189 0.0 0.0 0.0 0.0 0.0 0.0 0.0
4172 1613.861328125 1747.5247802734375 9.28866973164179 0.0 0.0 0.0 0.0 0.0 0.0 0.0
4188 1608.910888671875 1752.4752197265625 8.63468654623341 0.0 0.0 0.0 0.0 0.0 0.0 0.0
4219 1603.9603271484375 1757.42578125 8.007502098845691 0.0 0.0 0.0 0.0 0.0 0.0 0.0
4252 1599.0098876953125 1762.376220703125 7.4061092132151884 0.0 0.0 0.0 0.0 0.0 0.0 0.0
4300 1599.0098876953125 1767.3267822265625 5.900934556917861 0.0 0.0 0.0 0.0 0.0 0.0 0.0
4315 1594.059326171875 1767.3267822265625 6.8444672281571854 0.0 0.0 0.0 0.0 0.0 0.0 0.0
4380 1589.10888671875 1767.3267822265625 7.763455400362716 0.0 0.0 0.0 0.0 0.0 0.0 0.0
4475 1584.1583251953125 1772.2772216796875 7.172107632638557 0.0 0.0 0.0 0.0 0.0 0.0 0.0
4619 1579.2078857421875 1772.2772216796875 8.082517387945984 0.0 0.0 0.0 0.0 0.0 0.0 0.0
4763 1579.2078857421875 1777.227783203125 6.56618565010794 0.0 0.0 0.0 0.0 0.0 0.0 0.0
4795 1574.25732421875 1777.227783203125 7.492422406553942 0.0 0.0 0.0 0.0 0.0 0.0 0.0
4939 1574.25732421875 1782.17822265625 5.9858306086484845 0.0 0.0 0.0 0.0 0.0 0.0 0.0
5515 1569.306884765625 1782.17822265625 6.927126408914347 0.0 0.0 0.0 0.0 0.0 0.0 0.0
5548 1564.3564453125 1787.1287841796875 6.3702183578704705 0.0 0.0 0.0 0.0 0.0 0.0 0.0
5578 1559.4058837890625 1787.1287841796875 7.30155293566466 0.0 0.0 0.0 0.0 0.0 0.0 0.0
5595 1554.4554443359375 1792.0792236328125 6.729222032391192 0.0 0.0 0.0 0.0 0.0 0.0 0.0
5611 1549.5048828125 1792.0792236328125 7.651231706983481 0.0 0.0 0.0 0.0 0.0 0.0 0.0
5643 1539.6038818359375 1792.0792236328125 9.400871773836855 0.0 0.0 0.0 0.0 0.0 0.0 0.0
5658 1534.6534423828125 1792.0792236328125 10.252286751687109 0.0 0.0 0.0 0.0 0.0 0.0 0.0
5675 1524.75244140625 1797.0296630859375 10.372567167054115 0.0 0.0 0.0 0.0 0.0 0.0 0.0
5692 1519.8018798828125 1801.980224609375 9.674311365746547 0.0 0.0 0.0 0.0 0.0 0.0 0.0
5707 1514.8514404296875 1801.980224609375 10.518390067623443 0.0 0.0 0.0 0.0 0.0 0.0 0.0
5723 1509.9010009765625 1801.980224609375 11.339792295700676 0.0 0.0 0.0 0.0 0.0 0.0 0.0
5768 1504.950439453125 1801.980224609375 12.138924554672315 0.0 0.0 0.0 0.0 0.0 0.0 0.0
5778 1500.0 1806.9306640625 11.369049193518947 0.0 0.0 0.0 0.0 0.0 0.0 0.0
5787 1495.0494384765625 1811.8812255859375 10.63031916455617 0.0 0.0 0.0 0.0 0.0 0.0 0.0
5802 1490.0989990234375 1811.8812255859375 11.448666725848796 0.0 0.0 0.0 0.0 0.0 0.0 0.0
5818 1485.1484375 1816.8316650390625 10.70670871215441 0.0 0.0 0.0 0.0 0.0 0.0 0.0
5835 1480.197998046875 1816.8316650390625 11.522998910950662 0.0 0.0 0.0 0.0 0.0 0.0 0.0
5866 1475.2474365234375 1816.8316650390625 12.317151547101474 0.0 0.0 0.0 0.0 0.0 0.0 0.0
5883 1475.2474365234375 1821.7822265625 10.735704139149021 0.0 0.0 0.0 0.0 0.0 0.0 0.0
5897 1470.2969970703125 1826.732666015625 10.022668805940299 0.0 0.0 0.0 0.0 0.0 0.0 0.0
5914 1460.39599609375 1826.732666015625 11.64846252823088 0.0 0.0 0.0 0.0 0.0 0.0 0.0
5931 1455.445556640625 1836.6336669921875 9.400020232746328 0.0 0.0 0.0 0.0 0.0 0.0 0.0
5946 1455.445556640625 1841.584228515625 7.86254121473425 0.0 0.0 0.0 0.0 0.0 0.0 0.0
5962 1450.4949951171875 1841.584228515625 8.754819903168737 0.0 0.0 0.0 0.0 0.0 0.0 0.0
5979 1445.5445556640625 1841.584228515625 9.623437392385881 0.0 0.0 0.0 0.0 0.0 0.0 0.0
5994 1440.593994140625 1846.53466796875 8.955780121302979 0.0 0.0 0.0 0.0 0.0 0.0 0.0
6009 1440.593994140625 1851.485107421875 7.425398302993074 0.0 0.0 0.0 0.0 0.0 0.0 0.0
6027 1435.6435546875 1856.4356689453125 6.847923476754289 0.0 0.0 0.0 0.0 0.0 0.0 0.0
6042 1435.6435546875 1861.3861083984375 5.352110708434822 0.0 0.0 0.0 0.0 0.0 0.0 0.0
6058 1430.6929931640625 1861.3861083984375 6.309766974989088 0.0 0.0 0.0 0.0 0.0 0.0 0.0
6090 1430.6929931640625 1866.336669921875 4.8230905264531145 0.0 0.0 0.0 0.0 0.0 0.0 0.0
6106 1425.7425537109375 1866.336669921875 5.7943049493119645 0.0 0.0 0.0 0.0 0.0 0.0 0.0
6123 1420.7919921875 1866.336669921875 6.740572141201255 0.0 0.0 0.0 0.0 0.0 0.0 0.0
6138 1415.841552734375 1871.287109375 6.191413348705339 0.0 0.0 0.0 0.0 0.0 0.0 0.0
6171 1410.8909912109375 1876.2376708984375 5.664973248964003 0.0 0.0 0.0 0.0 0.0 0.0 0.0
6202 1405.9405517578125 1876.2376708984375 6.614557424106749 0.0 0.0 0.0 0.0 0.0 0.0 0.0
6219 1405.9405517578125 1881.1881103515625 5.12269522445294 0.0 0.0 0.0 0.0 0.0 0.0 0.0
6266 1405.9405517578125 1886.138671875 3.6566075545866283 0.0 0.0 0.0 0.0 0.0 0.0 0.0
6282 1400.9901123046875 1886.138671875 4.6574500653832445 0.0 0.0 0.0 0.0 0.0 0.0 0.0
6298 1400.9901123046875 1891.089111328125 3.1996199612584633 0.0 0.0 0.0 0.0 0.0 0.0 0.0
6315 1396.03955078125 1891.089111328125 4.211988854775996 0.0 0.0 0.0 0.0 0.0 0.0 0.0
6362 1391.089111328125 1891.089111328125 5.198792894005777 0.0 0.0 0.0 0.0 0.0 0.0 0.0
6378 1386.1385498046875 1891.089111328125 6.160384467067871 0.0 0.0 0.0 0.0 0.0 0.0 0.0
6410 1386.1385498046875 1896.0396728515625 4.676247488738426 0.0 0.0 0.0 0.0 0.0 0.0 0.0
6442 1381.1881103515625 1900.9901123046875 4.21270958348893 0.0 0.0 0.0 0.0 0.0 0.0 0.0
6507 1381.1881103515625 1905.9405517578125 2.762850324955224 0.0 0.0 0.0 0.0 0.0 0.0 0.0
6666 1376.237548828125 1905.9405517578125 3.786170700979625 0.0 0.0 0.0 0.0 0.0 0.0 0.0
6794 1376.237548828125 1910.89111328125 2.3440036305914873 0.0 0.0 0.0 0.0 0.0 0.0 0.0
6922 1371.287109375 1910.89111328125 3.37775751687505 0.0 0.0 0.0 0.0 0.0 0.0 0.0
7178 1366.3365478515625 1910.89111328125 4.385666109201367 0.0 0.0 0.0 0.0 0.0 0.0 0.0
7258 1361.3861083984375 1910.89111328125 5.3680146217901665 0.0 0.0 0.0 0.0 0.0 0.0 0.0
7290 1356.435546875 1910.89111328125 6.325256899175486 0.0 0.0 0.0 0.0 0.0 0.0 0.0
7354 1351.485107421875 1910.89111328125 7.25775436322823 0.0 0.0 0.0 0.0 0.0 0.0 0.0
7370 1346.5345458984375 1915.841552734375 6.687261102940084 0.0 0.0 0.0 0.0 0.0 0.0 0.0
7402 1341.5841064453125 1920.7921142578125 6.140279604326565 0.0 0.0 0.0 0.0 0.0 0.0 0.0
7418 1336.6336669921875 1920.7921142578125 7.07757611511326 0.0 0.0 0.0 0.0 0.0 0.0 0.0
7434 1331.68310546875 1920.7921142578125 7.990462504604977 0.0 0.0 0.0 0.0 0.0 0.0 0.0
7450 1331.68310546875 1925.7425537109375 6.475691199289656 0.0 0.0 0.0 0.0 0.0 0.0 0.0
7482 1326.732666015625 1930.693115234375 5.937455690754973 0.0 0.0 0.0 0.0 0.0 0.0 0.0
7498 1321.7821044921875 1935.6435546875 5.421572805059924 0.0 0.0 0.0 0.0 0.0 0.0 0.0
7514 1316.8316650390625 1935.6435546875 6.377427851177686 0.0 0.0 0.0 0.0 0.0 0.0 0.0
7530 1311.881103515625 1935.6435546875 7.308587306214974 0.0 0.0 0.0 0.0 0.0 0.0 0.0
7562 1301.9801025390625 1940.5941162109375 7.620719039169018 0.0 0.0 0.0 0.0 0.0 0.0 0.0
7578 1297.0296630859375 1940.5941162109375 8.519367056715225 0.0 0.0 0.0 0.0 0.0 0.0 0.0
7593 1292.0791015625 1950.4949951171875 6.4447912113788846 0.0 0.0 0.0 0.0 0.0 0.0 0.0
7610 1287.128662109375 1950.4949951171875 7.374163877571391 0.0 0.0 0.0 0.0 0.0 0.0 0.0
7626 1277.2276611328125 1955.4456787109375 7.681999744672652 0.0 0.0 0.0 0.0 0.0 0.0 0.0
7642 1272.2772216796875 1960.3961181640625 7.093993069664634 0.0 0.0 0.0 0.0 0.0 0.0 0.0
7658 1267.32666015625 1960.3961181640625 8.006456245062651 0.0 0.0 0.0 0.0 0.0 0.0 0.0
7677 1262.376220703125 1965.3465576171875 7.405122267182236 0.0 0.0 0.0 0.0 0.0 0.0 0.0
7690 1257.4256591796875 1970.2969970703125 6.828543078597505 0.0 0.0 0.0 0.0 0.0 0.0 0.0
7707 1252.4752197265625 1975.2474365234375 6.275736239234931 0.0 0.0 0.0 0.0 0.0 0.0 0.0
7722 1247.524658203125 1980.1981201171875 5.745757830577247 0.0 0.0 0.0 0.0 0.0 0.0 0.0
7738 1242.57421875 1985.1485595703125 5.237799333002727 0.0 0.0 0.0 0.0 0.0 0.0 0.0
7754 1237.6236572265625 1985.1485595703125 6.198401633989846 0.0 0.0 0.0 0.0 0.0 0.0 0.0
7786 1237.6236572265625 1990.0989990234375 4.713666392218329 0.0 0.0 0.0 0.0 0.0 0.0 0.0
7802 1232.6732177734375 1995.0494384765625 4.248603023575299 0.0 0.0 0.0 0.0 0.0 0.0 0.0
7818 1227.7227783203125 2000.0001220703125 3.8028323561742354 0.0 0.0 0.0 0.0 0.0 0.0 0.0
7834 1222.772216796875 2000.0001220703125 4.799998522787746 0.0 0.0 0.0 0.0 0.0 0.0 0.0
7849 1222.772216796875 2004.9505615234375 3.3396248084504236 0.0 0.0 0.0 0.0 0.0 0.0 0.0
7866 1217.82177734375 2009.9010009765625 2.9318357512528905 0.0 0.0 0.0 0.0 0.0 0.0 0.0
7882 1212.8712158203125 2009.9010009765625 3.9508989804260466 0.0 0.0 0.0 0.0 0.0 0.0 0.0
7898 1212.8712158203125 2014.8514404296875 2.5057605180198266 0.0 0.0 0.0 0.0 0.0 0.0 0.0
7914 1207.9207763671875 2014.8514404296875 3.535448118023197 0.0 0.0 0.0 0.0 0.0 0.0 0.0
7930 1207.9207763671875 2019.8018798828125 2.0978482050326477 0.0 0.0 0.0 0.0 0.0 0.0 0.0
7946 1202.97021484375 2024.7525634765625 1.7419629517739565 0.0 0.0 0.0 0.0 0.0 0.0 0.0
7977 1198.019775390625 2024.7525634765625 2.790592147596641 0.0 0.0 0.0 0.0 0.0 0.0 0.0
7994 1198.019775390625 2029.7030029296875 1.3667151888299998 0.0 0.0 0.0 0.0 0.0 0.0 0.0
8009 1193.0692138671875 2034.6534423828125 1.0415765544692022 0.0 0.0 0.0 0.0 0.0 0.0 0.0
8042 1188.1187744140625 2034.6534423828125 2.1074395961646246 0.0 0.0 0.0 0.0 0.0 0.0 0.0
8074 1188.1187744140625 2039.6038818359375 0.6963829305145168 0.0 0.0 0.0 0.0 0.0 0.0 0.0
8169 1183.168212890625 2039.6038818359375 1.7707038409023141 0.0 0.0 0.0 0.0 0.0 0.0 0.0
8249 1183.168212890625 2044.5545654296875 0.3659221894974394 0.0 0.0 0.0 0.0 0.0 0.0 0.0
8330 1178.2177734375 2044.5545654296875 1.4482702163419674 0.0 0.0 0.0 0.0 0.0 0.0 0.0
8345 1178.2177734375 2049.5050048828125 0.0497277430194174 0.0 0.0 0.0 0.0 0.0 0.0 0.0
8553 1173.267333984375 2049.5050048828125 1.139767396490754 0.0 0.0 0.0 0.0 0.0 0.0 0.0
8666 1168.3167724609375 2049.5050048828125 2.2032363836349873 0.0 0.0 0.0 0.0 0.0 0.0 0.0
8697 1168.3167724609375 2054.4554443359375 0.7903661630937506 0.0 0.0 0.0 0.0 0.0 0.0 0.0
8906 1163.3663330078125 2054.4554443359375 1.86240369200263 0.0 0.0 0.0 0.0 0.0 0.0 0.0
8938 1163.3663330078125 2059.4058837890625 0.45598382226421563 0.0 0.0 0.0 0.0 0.0 0.0 0.0
8985 1158.415771484375 2059.4058837890625 1.5361923682624194 0.0 0.0 0.0 0.0 0.0 0.0 0.0
9017 1153.46533203125 2059.4058837890625 2.5899099278445306 0.0 0.0 0.0 0.0 0.0 0.0 0.0
9034 1148.5147705078125 2059.4058837890625 3.6175096069390236 0.0 0.0 0.0 0.0 0.0 0.0 0.0
9065 1143.5643310546875 2059.4058837890625 4.619370390766477 0.0 0.0 0.0 0.0 0.0 0.0 0.0
9113 1138.6138305664062 2064.3565673828125 4.158154617094482 0.0 0.0 0.0 0.0 0.0 0.0 0.0
9129 1133.663330078125 2064.3565673828125 5.1462911282528125 0.0 0.0 0.0 0.0 0.0 0.0 0.0
9146 1128.7128295898438 2064.3565673828125 6.109201608985046 0.0 0.0 0.0 0.0 0.0 0.0 0.0
9161 1123.7623291015625 2064.3565673828125 7.047310911774474 0.0 0.0 0.0 0.0 0.0 0.0 0.0
9176 1118.8118286132812 2069.3070068359375 6.485490699227853 0.0 0.0 0.0 0.0 0.0 0.0 0.0
9194 1118.8118286132812 2074.2574462890625 4.995803016728644 0.0 0.0 0.0 0.0 0.0 0.0 0.0
9209 1113.861328125 2074.2574462890625 5.9626031045371235 0.0 0.0 0.0 0.0 0.0 0.0 0.0
9225 1108.9108276367188 2079.2078857421875 5.445650002249522 0.0 0.0 0.0 0.0 0.0 0.0 0.0
9242 1103.9603271484375 2079.2078857421875 6.400871262070467 0.0 0.0 0.0 0.0 0.0 0.0 0.0
9258 1099.0098266601562 2079.2078857421875 7.331388896420037 0.0 0.0 0.0 0.0 0.0 0.0 0.0
9273 1094.0593872070312 2084.1583251953125 6.757807042415521 0.0 0.0 0.0 0.0 0.0 0.0 0.0
9305 1089.10888671875 2084.1583251953125 7.679067125439843 0.0 0.0 0.0 0.0 0.0 0.0 0.0
9321 1079.2078857421875 2089.1090087890625 7.9670908795840205 0.0 0.0 0.0 0.0 0.0 0.0 0.0
9338 1074.2573852539062 2094.0594482421875 7.367376323247896 0.0 0.0 0.0 0.0 0.0 0.0 0.0
9353 1069.306884765625 2099.0098876953125 6.79237095683888 0.0 0.0 0.0 0.0 0.0 0.0 0.0
9369 1064.3563842773438 2103.9603271484375 6.241056976547981 0.0 0.0 0.0 0.0 0.0 0.0 0.0
9385 1059.4058837890625 2103.9603271484375 7.175735861192663 0.0 0.0 0.0 0.0 0.0 0.0 0.0
9401 1054.4553833007812 2103.9603271484375 8.086058575460754 0.0 0.0 0.0 0.0 0.0 0.0 0.0
9417 1049.5048828125 2108.9110107421875 7.481333869319684 0.0 0.0 0.0 0.0 0.0 0.0 0.0
9449 1044.5543823242188 2108.9110107421875 8.383668370810767 0.0 0.0 0.0 0.0 0.0 0.0 0.0
9465 1044.5543823242188 2113.8614501953125 6.86246696719212 0.0 0.0 0.0 0.0 0.0 0.0 0.0
9481 1044.5543823242188 2118.8118896484375 5.366401311705204 0.0 0.0 0.0 0.0 0.0 0.0 0.0
9497 1039.6039428710938 2123.7623291015625 4.874149522940883 0.0 0.0 0.0 0.0 0.0 0.0 0.0
9513 1039.6039428710938 2128.7127685546875 3.412502842487214 0.0 0.0 0.0 0.0 0.0 0.0 0.0
9530 1029.7029418945312 2128.7127685546875 5.377052824265206 0.0 0.0 0.0 0.0 0.0 0.0 0.0
9561 1024.75244140625 2133.6634521484375 4.884320524433093 0.0 0.0 0.0 0.0 0.0 0.0 0.0
9578 1019.8019409179688 2133.6634521484375 5.853946861813029 0.0 0.0 0.0 0.0 0.0 0.0 0.0
9593 1019.8019409179688 2138.6138916015625 4.375154655307767 0.0 0.0 0.0 0.0 0.0 0.0 0.0
9625 1014.8514404296875 2143.5643310546875 3.924154842489031 0.0 0.0 0.0 0.0 0.0 0.0 0.0
9657 1009.9009399414062 2148.5147705078125 3.4920135603316282 0.0 0.0 0.0 0.0 0.0 0.0 0.0
9690 1004.950439453125 2148.5147705078125 4.49699789412648 0.0 0.0 0.0 0.0 0.0 0.0 0.0
9705 1004.950439453125 2153.4654541015625 3.0419765157285497 0.0 0.0 0.0 0.0 0.0 0.0 0.0
9737 999.9999389648438 2153.4654541015625 4.05833132266477 0.0 0.0 0.0 0.0 0.0 0.0 0.0
9753 995.0494384765625 2153.4654541015625 5.0490262709411695 0.0 0.0 0.0 0.0 0.0 0.0 0.0
9785 995.0494384765625 2158.4158935546875 3.584261602830537 0.0 0.0 0.0 0.0 0.0 0.0 0.0
9849 990.0989379882812 2163.3663330078125 3.166254547686492 0.0 0.0 0.0 0.0 0.0 0.0 0.0
9913 990.0989379882812 2168.3167724609375 1.7354395967981873 0.0 0.0 0.0 0.0 0.0 0.0 0.0
9945 985.1484375 2173.2674560546875 1.3947752092035728 0.0 0.0 0.0 0.0 0.0 0.0 0.0
10073 985.1484375 2178.2178955078125 -0.002738411114819428 0.0 0.0 0.0 0.0 0.0 0.0 0.0
10089 980.197998046875 2178.2178955078125 1.0885077852688596 0.0 0.0 0.0 0.0 0.0 0.0 0.0