0 2012.0340576171875 1355.5908203125 270.2881921714785 0.0 0.0 0.0 0.0 0.0 0.0 0.0
573 2012.0340576171875 1355.5908203125 270.2881921714785 0.0 0.0 0.0 0.0 0.0 0.0 0.0
581 2012.0340576171875 1355.5908203125 270.2881921714785 0.0 0.0 0.0 0.0 0.0 0.0 0.0
589 2098.46524810791 1115.3044166564941 271.6609576323606 0.0 0.0 0.0 0.0 0.0 0.0 0.0
597 2101.473793029785 1112.2958717346191 272.0009133045183 0.0 0.0 0.0 0.0 0.0 0.0 0.0
605 2104.48233795166 1112.2958717346191 273.3432030903949 0.0 0.0 0.0 0.0 0.0 0.0 0.0
613 2107.490882873535 1112.2958717346191 274.66080326911657 0.0 0.0 0.0 0.0 0.0 0.0 0.0
619 2110.49942779541 1112.2958717346191 275.9535344405794 0.0 0.0 0.0 0.0 0.0 0.0 0.0
627 2113.50772857666 1109.2873268127441 276.12061198934 0.0 0.0 0.0 0.0 0.0 0.0 0.0
635 2116.516273498535 1109.2873268127441 277.3849850897167 0.0 0.0 0.0 0.0 0.0 0.0 0.0
729 2119.52481842041 1109.2873268127441 278.62420494680975 0.0 0.0 0.0 0.0 0.0 0.0 0.0
737 2125.54190826416 1109.2873268127441 281.00314202053005 0.0 0.0 0.0 0.0 0.0 0.0 0.0
745 2128.550453186035 1109.2873268127441 282.16721205149867 0.0 0.0 0.0 0.0 0.0 0.0 0.0
753 2131.55899810791 1109.2873268127441 283.3061759564996 0.0 0.0 0.0 0.0 0.0 0.0 0.0
759 2140.584632873535 1109.2873268127441 286.50563599611667 0.0 0.0 0.0 0.0 0.0 0.0 0.0
767 2149.610023498535 1109.2873268127441 289.4915382579287 0.0 0.0 0.0 0.0 0.0 0.0 0.0
775 2158.63565826416 1109.2873268127441 292.27151927842965 0.0 0.0 0.0 0.0 0.0 0.0 0.0
783 2167.661293029785 1109.2873268127441 294.8542715499318 0.0 0.0 0.0 0.0 0.0 0.0 0.0
792 2170.66983795166 1109.2873268127441 295.6931825240664 0.0 0.0 0.0 0.0 0.0 0.0 0.0
799 2173.678382873535 1109.2873268127441 296.5107411850166 0.0 0.0 0.0 0.0 0.0 0.0 0.0
907 2176.68692779541 1115.3044166564941 300.33363853410185 0.0 0.0 0.0 0.0 0.0 0.0 0.0
923 2179.695472717285 1118.3128395080566 302.5677433251657 0.0 0.0 0.0 0.0 0.0 0.0 0.0
931 2179.695472717285 1121.3213844299316 304.1645029199733 0.0 0.0 0.0 0.0 0.0 0.0 0.0
941 2179.695472717285 1124.3299293518066 305.7777839231 0.0 0.0 0.0 0.0 0.0 0.0 0.0
953 2179.695472717285 1127.3384742736816 307.40652971276256 0.0 0.0 0.0 0.0 0.0 0.0 0.0
961 2179.695472717285 1130.3470191955566 309.0494809680027 0.0 0.0 0.0 0.0 0.0 0.0 0.0
969 2182.70401763916 1133.3555641174316 311.12117141311177 0.0 0.0 0.0 0.0 0.0 0.0 0.0
985 2185.71231842041 1136.3639869689941 313.14743293816684 0.0 0.0 0.0 0.0 0.0 0.0 0.0
2909 2245.211944580078 1306.8374710083008 312.1063833353361 0.0 0.0 0.0 0.0 0.0 0.0 0.0
2941 2251.229034423828 1309.8460159301758 309.48797971484123 0.0 0.0 0.0 0.0 0.0 0.0 0.0
2947 2254.237579345703 1312.8544387817383 307.9507580582008 0.0 0.0 0.0 0.0 0.0 0.0 0.0
2955 2257.246124267578 1312.8544387817383 306.8649655444684 0.0 0.0 0.0 0.0 0.0 0.0 0.0
2963 2260.254669189453 1312.8544387817383 305.7709964788136 0.0 0.0 0.0 0.0 0.0 0.0 0.0
2971 2263.263214111328 1315.8629837036133 304.2764558801015 0.0 0.0 0.0 0.0 0.0 0.0 0.0
2979 2269.280059814453 1318.8715286254883 301.6941725324417 0.0 0.0 0.0 0.0 0.0 0.0 0.0
2995 2272.288604736328 1324.8886184692383 299.9521934068349 0.0 0.0 0.0 0.0 0.0 0.0 0.0
3003 2275.297149658203 1324.8886184692383 298.81561103186755 0.0 0.0 0.0 0.0 0.0 0.0 0.0
3011 2275.297149658203 1327.8971633911133 298.53805131555043 0.0 0.0 0.0 0.0 0.0 0.0 0.0
3019 2278.305694580078 1330.9055862426758 297.14385891070884 0.0 0.0 0.0 0.0 0.0 0.0 0.0
3025 2278.305694580078 1333.9141311645508 296.8989741177727 0.0 0.0 0.0 0.0 0.0 0.0 0.0
3033 2281.314239501953 1336.9226760864258 295.53053245434387 0.0 0.0 0.0 0.0 0.0 0.0 0.0
3041 2281.314239501953 1339.9312210083008 295.3173054618412 0.0 0.0 0.0 0.0 0.0 0.0 0.0
3049 2284.322784423828 1339.9312210083008 294.16142820564517 0.0 0.0 0.0 0.0 0.0 0.0 0.0
3058 2284.322784423828 1342.9397659301758 293.9753107060526 0.0 0.0 0.0 0.0 0.0 0.0 0.0
3073 2287.331329345703 1342.9397659301758 292.8153387709739 0.0 0.0 0.0 0.0 0.0 0.0 0.0
3087 2287.331329345703 1345.9483108520508 292.65588571115654 0.0 0.0 0.0 0.0 0.0 0.0 0.0
3103 2290.339874267578 1345.9483108520508 291.4924378680931 0.0 0.0 0.0 0.0 0.0 0.0 0.0
3112 2293.348419189453 1348.9567337036133 290.2163117245201 0.0 0.0 0.0 0.0 0.0 0.0 0.0
3119 2296.356964111328 1351.9652786254883 288.963582666138 0.0 0.0 0.0 0.0 0.0 0.0 0.0
3128 2299.365509033203 1351.9652786254883 287.7938497918733 0.0 0.0 0.0 0.0 0.0 0.0 0.0
3135 2305.382354736328 1354.9738235473633 285.43845645377235 0.0 0.0 0.0 0.0 0.0 0.0 0.0
3145 2311.399444580078 1354.9738235473633 283.0963258288724 0.0 0.0 0.0 0.0 0.0 0.0 0.0
3151 2314.407989501953 1357.9823684692383 281.98458206364603 0.0 0.0 0.0 0.0 0.0 0.0 0.0
3157 2317.416534423828 1357.9823684692383 280.8161289203857 0.0 0.0 0.0 0.0 0.0 0.0 0.0
3165 2320.425079345703 1357.9823684692383 279.64961979043653 0.0 0.0 0.0 0.0 0.0 0.0 0.0
3173 2323.433624267578 1360.9909133911133 278.6120637683125 0.0 0.0 0.0 0.0 0.0 0.0 0.0
3182 2326.442169189453 1363.9994583129883 277.59755589319786 0.0 0.0 0.0 0.0 0.0 0.0 0.0
3189 2332.459259033203 1363.9994583129883 275.2868783161372 0.0 0.0 0.0 0.0 0.0 0.0 0.0
3197 2344.493194580078 1367.0078811645508 271.01328621448863 0.0 0.0 0.0 0.0 0.0 0.0 0.0
3205 2362.544464111328 1370.0164260864258 264.799892010285 0.0 0.0 0.0 0.0 0.0 0.0 0.0
3213 2380.595489501953 1373.0249710083008 258.97667131387874 0.0 0.0 0.0 0.0 0.0 0.0 0.0
3219 2401.655303955078 1373.0249710083008 252.06564769200247 0.0 0.0 0.0 0.0 0.0 0.0 0.0
3228 2422.714874267578 1373.0249710083008 245.69337089215668 0.0 0.0 0.0 0.0 0.0 0.0 0.0
3235 2446.782989501953 1373.0249710083008 239.134561329225 0.0 0.0 0.0 0.0 0.0 0.0 0.0
3243 2461.825714111328 1373.0249710083008 235.32862267805422 0.0 0.0 0.0 0.0 0.0 0.0 0.0
3251 2473.859893798828 1373.0249710083008 232.4666245030591 0.0 0.0 0.0 0.0 0.0 0.0 0.0
3267 2476.868438720703 1373.0249710083008 231.76286161001383 0.0 0.0 0.0 0.0 0.0 0.0 0.0
4423 2045.1620483398438 1031.9176483154297 231.69059501239104 0.0 0.0 0.0 0.0 0.0 0.0 0.0
4501 2048.1705932617188 1031.9176483154297 232.6012223720487 0.0 0.0 0.0 0.0 0.0 0.0 0.0
4515 2060.2047729492188 1034.9260711669922 236.25354100608786 0.0 0.0 0.0 0.0 0.0 0.0 0.0
4523 2069.2304077148438 1037.9346160888672 239.03305242792135 0.0 0.0 0.0 0.0 0.0 0.0 0.0
4532 2075.2472534179688 1037.9346160888672 240.85213855348525 0.0 0.0 0.0 0.0 0.0 0.0 0.0
4539 2084.2728881835938 1037.9346160888672 243.56797086402938 0.0 0.0 0.0 0.0 0.0 0.0 0.0
4547 2090.2899780273438 1037.9346160888672 245.36993622926454 0.0 0.0 0.0 0.0 0.0 0.0 0.0
4555 2096.3070678710938 1037.9346160888672 247.1619663900233 0.0 0.0 0.0 0.0 0.0 0.0 0.0
4639 2099.3156127929688 1037.9346160888672 248.05503763676603 0.0 0.0 0.0 0.0 0.0 0.0 0.0
4655 2105.3327026367188 1037.9346160888672 249.82897207513332 0.0 0.0 0.0 0.0 0.0 0.0 0.0
4663 2114.3580932617188 1037.9346160888672 252.45804096819066 0.0 0.0 0.0 0.0 0.0 0.0 0.0
4671 2123.3837280273438 1037.9346160888672 255.04983322571226 0.0 0.0 0.0 0.0 0.0 0.0 0.0
4679 2132.4093627929688 1040.9431610107422 257.9316126442136 0.0 0.0 0.0 0.0 0.0 0.0 0.0
4687 2144.4432983398438 1040.9431610107422 261.2408528111033 0.0 0.0 0.0 0.0 0.0 0.0 0.0
4695 2153.4689331054688 1043.9517059326172 264.0883807267985 0.0 0.0 0.0 0.0 0.0 0.0 0.0
4701 2168.5116577148438 1046.9602508544922 268.43893390908784 0.0 0.0 0.0 0.0 0.0 0.0 0.0
4709 2171.5202026367188 1046.9602508544922 269.2044377346746 0.0 0.0 0.0 0.0 0.0 0.0 0.0
4717 2174.5287475585938 1046.9602508544922 269.96328003733373 0.0 0.0 0.0 0.0 0.0 0.0 0.0
4811 2177.5372924804688 1049.9687957763672 271.2341426856178 0.0 0.0 0.0 0.0 0.0 0.0 0.0
4819 2180.5455932617188 1052.9772186279297 272.5095536047057 0.0 0.0 0.0 0.0 0.0 0.0 0.0
4827 2186.5626831054688 1055.9857635498047 274.5077098236833 0.0 0.0 0.0 0.0 0.0 0.0 0.0
4833 2192.5797729492188 1058.9943084716797 276.4903234978442 0.0 0.0 0.0 0.0 0.0 0.0 0.0
4841 2198.5968627929688 1058.9943084716797 277.8546029533856 0.0 0.0 0.0 0.0 0.0 0.0 0.0
4849 2201.6054077148438 1062.0028533935547 279.14418565885455 0.0 0.0 0.0 0.0 0.0 0.0 0.0
4857 2204.6139526367188 1062.0028533935547 279.8052534069867 0.0 0.0 0.0 0.0 0.0 0.0 0.0
4866 2207.6224975585938 1062.0028533935547 280.4591371136845 0.0 0.0 0.0 0.0 0.0 0.0 0.0
4943 2213.6395874023438 1068.0199432373047 283.0393350791929 0.0 0.0 0.0 0.0 0.0 0.0 0.0
4951 2222.6649780273438 1071.0283660888672 285.5171212583102 0.0 0.0 0.0 0.0 0.0 0.0 0.0
4959 2237.7077026367188 1080.0540008544922 290.4124648708903 0.0 0.0 0.0 0.0 0.0 0.0 0.0
4965 2243.7247924804688 1083.0625457763672 292.1903655588889 0.0 0.0 0.0 0.0 0.0 0.0 0.0
4973 2252.7501831054688 1083.0625457763672 293.66403810483496 0.0 0.0 0.0 0.0 0.0 0.0 0.0
4981 2258.7672729492188 1086.0710906982422 295.3833685079504 0.0 0.0 0.0 0.0 0.0 0.0 0.0
4989 2261.7758178710938 1086.0710906982422 295.8449425214457 0.0 0.0 0.0 0.0 0.0 0.0 0.0
5291 2258.7672729492188 1086.0710906982422 295.37695700611835 0.0 0.0 0.0 0.0 0.0 0.0 0.0
5797 2258.7672729492188 1086.0710906982422 295.37695700611835 0.0 0.0 0.0 0.0 0.0 0.0 0.0
5827 2258.7672729492188 1086.0710906982422 295.37695700611835 0.0 0.0 0.0 0.0 0.0 0.0 0.0
5835 2258.7672729492188 1086.0710906982422 295.37695700611835 0.0 0.0 0.0 0.0 0.0 0.0 0.0
5943 2258.7672729492188 1086.0710906982422 295.37695700611835 0.0 0.0 0.0 0.0 0.0 0.0 0.0
5951 2258.7672729492188 1086.0710906982422 295.37695700611835 0.0 0.0 0.0 0.0 0.0 0.0 0.0
5959 2258.7672729492188 1086.0710906982422 295.37695700611835 0.0 0.0 0.0 0.0 0.0 0.0 0.0
5967 2258.7672729492188 1086.0710906982422 295.37695700611835 0.0 0.0 0.0 0.0 0.0 0.0 0.0
5975 2258.7672729492188 1086.0710906982422 295.37695700611835 0.0 0.0 0.0 0.0 0.0 0.0 0.0
5983 2258.7672729492188 1086.0710906982422 295.37695700611835 0.0 0.0 0.0 0.0 0.0 0.0 0.0
5989 2258.7672729492188 1086.0710906982422 295.37695700611835 0.0 0.0 0.0 0.0 0.0 0.0 0.0
6005 2361.5281372070312 1317.7082901000977 295.8863434888028 0.0 0.0 0.0 0.0 0.0 0.0 0.0
6021 2364.5366821289062 1317.7082901000977 294.32274872481014 0.0 0.0 0.0 0.0 0.0 0.0 0.0
6083 2367.5452270507812 1317.7082901000977 292.7746648926071 0.0 0.0 0.0 0.0 0.0 0.0 0.0
6091 2367.5452270507812 1320.7168350219727 293.3532165245475 0.0 0.0 0.0 0.0 0.0 0.0 0.0
6099 2370.5537719726562 1320.7168350219727 291.815276729642 0.0 0.0 0.0 0.0 0.0 0.0 0.0
6107 2376.5706176757812 1323.7253799438477 289.4748776174715 0.0 0.0 0.0 0.0 0.0 0.0 0.0
6113 2382.5877075195312 1326.7339248657227 287.2479645158053 0.0 0.0 0.0 0.0 0.0 0.0 0.0
6123 2388.6047973632812 1329.7424697875977 285.132114387562 0.0 0.0 0.0 0.0 0.0 0.0 0.0
6129 2391.6133422851562 1329.7424697875977 283.69722645500997 0.0 0.0 0.0 0.0 0.0 0.0 0.0
6137 2397.6304321289062 1329.7424697875977 280.9108795885778 0.0 0.0 0.0 0.0 0.0 0.0 0.0
6145 2397.6304321289062 1332.7508926391602 281.789210474598 0.0 0.0 0.0 0.0 0.0 0.0 0.0
6269 2403.6475219726562 1332.7508926391602 279.06239383045215 0.0 0.0 0.0 0.0 0.0 0.0 0.0
6277 2406.6560668945312 1335.7594375610352 278.65998305927917 0.0 0.0 0.0 0.0 0.0 0.0 0.0
6293 2412.6729125976562 1335.7594375610352 276.03683445429556 0.0 0.0 0.0 0.0 0.0 0.0 0.0
6302 2412.6729125976562 1338.7679824829102 277.02888389128987 0.0 0.0 0.0 0.0 0.0 0.0 0.0
6307 2415.6814575195312 1338.7679824829102 275.723218553316 0.0 0.0 0.0 0.0 0.0 0.0 0.0
6355 2418.6900024414062 1338.7679824829102 274.4407479235665 0.0 0.0 0.0 0.0 0.0 0.0 0.0
6363 2424.7070922851562 1341.7765274047852 273.0117205362965 0.0 0.0 0.0 0.0 0.0 0.0 0.0
6371 2433.7327270507812 1344.7850723266602 270.5242762374347 0.0 0.0 0.0 0.0 0.0 0.0 0.0
6377 2448.7752075195312 1347.7934951782227 266.15695772004483 0.0 0.0 0.0 0.0 0.0 0.0 0.0
6385 2472.8435668945312 1350.8020401000977 259.70332041049386 0.0 0.0 0.0 0.0 0.0 0.0 0.0
6393 2493.9031372070312 1353.8105850219727 255.0841833442717 0.0 0.0 0.0 0.0 0.0 0.0 0.0
6401 2505.9373168945312 1353.8105850219727 251.95123155222464 0.0 0.0 0.0 0.0 0.0 0.0 0.0
6409 2514.9629516601562 1356.8191299438477 251.1377333798004 0.0 0.0 0.0 0.0 0.0 0.0 0.0
6418 2526.9968872070312 1356.8191299438477 248.37601038999298 0.0 0.0 0.0 0.0 0.0 0.0 0.0
6425 2533.0139770507812 1359.8276748657227 248.4954611149592 0.0 0.0 0.0 0.0 0.0 0.0 0.0
6433 2536.0225219726562 1359.8276748657227 247.81995706873022 0.0 0.0 0.0 0.0 0.0 0.0 0.0
7457 2220.6175689697266 1093.4954223632812 247.7073140224936 0.0 0.0 0.0 0.0 0.0 0.0 0.0
7619 2226.6346588134766 1093.4954223632812 249.43540484853924 0.0 0.0 0.0 0.0 0.0 0.0 0.0
7627 2247.6942291259766 1090.4868774414062 255.1415689543981 0.0 0.0 0.0 0.0 0.0 0.0 0.0
7635 2259.7284088134766 1087.4783325195312 258.20478567534076 0.0 0.0 0.0 0.0 0.0 0.0 0.0
7643 2265.7454986572266 1084.4697875976562 259.56835373854494 0.0 0.0 0.0 0.0 0.0 0.0 0.0
7659 2271.7623443603516 1084.4697875976562 261.2034021089589 0.0 0.0 0.0 0.0 0.0 0.0 0.0
7668 2274.7708892822266 1081.4612426757812 261.6990453562814 0.0 0.0 0.0 0.0 0.0 0.0 0.0
7673 2277.7794342041016 1081.4612426757812 262.509177862601 0.0 0.0 0.0 0.0 0.0 0.0 0.0
7743 2280.7879791259766 1081.4612426757812 263.31459029501065 0.0 0.0 0.0 0.0 0.0 0.0 0.0
7751 2283.7965240478516 1081.4612426757812 264.11513812167556 0.0 0.0 0.0 0.0 0.0 0.0 0.0
7759 2289.8136138916016 1081.4612426757812 265.69631829331007 0.0 0.0 0.0 0.0 0.0 0.0 0.0
7783 2292.8221588134766 1081.4612426757812 266.48162405440723 0.0 0.0 0.0 0.0 0.0 0.0 0.0
7953 2295.8307037353516 1081.4612426757812 267.261588826277 0.0 0.0 0.0 0.0 0.0 0.0 0.0
7969 2298.8392486572266 1081.4612426757812 268.0361029393614 0.0 0.0 0.0 0.0 0.0 0.0 0.0
8233 2298.8392486572266 1084.4697875976562 268.44875765263293 0.0 0.0 0.0 0.0 0.0 0.0 0.0
9349 2575.2754516601562 1386.957618713379 268.22617972537057 0.0 0.0 0.0 0.0 0.0 0.0 0.0
9357 2581.2925415039062 1386.957618713379 266.29846415237495 0.0 0.0 0.0 0.0 0.0 0.0 0.0
9365 2587.3096313476562 1386.957618713379 264.42415866472606 0.0 0.0 0.0 0.0 0.0 0.0 0.0
9373 2590.3179321289062 1386.957618713379 263.5007739784286 0.0 0.0 0.0 0.0 0.0 0.0 0.0
9381 2593.3264770507812 1386.957618713379 262.5907914571926 0.0 0.0 0.0 0.0 0.0 0.0 0.0
9397 2596.3350219726562 1386.957618713379 261.69446034740673 0.0 0.0 0.0 0.0 0.0 0.0 0.0
9406 2602.3521118164062 1386.957618713379 259.95550021372605 0.0 0.0 0.0 0.0 0.0 0.0 0.0
9413 2605.3606567382812 1386.957618713379 259.09973032227015 0.0 0.0 0.0 0.0 0.0 0.0 0.0
9421 2614.3862915039062 1386.957618713379 256.6512778789746 0.0 0.0 0.0 0.0 0.0 0.0 0.0
9427 2620.4033813476562 1386.957618713379 255.0722220830734 0.0 0.0 0.0 0.0 0.0 0.0 0.0
9435 2629.4287719726562 1386.957618713379 252.82000167486524 0.0 0.0 0.0 0.0 0.0 0.0 0.0
9443 2635.4458618164062 1386.957618713379 251.36994384584608 0.0 0.0 0.0 0.0 0.0 0.0 0.0
9451 2638.4544067382812 1386.957618713379 250.65768849654125 0.0 0.0 0.0 0.0 0.0 0.0 0.0
9459 2641.4629516601562 1386.957618713379 249.95809396158865 0.0 0.0 0.0 0.0 0.0 0.0 0.0
9467 2647.4800415039062 1386.957618713379 248.6082110413575 0.0 0.0 0.0 0.0 0.0 0.0 0.0
9481 2650.4885864257812 1386.957618713379 247.94557260386642 0.0 0.0 0.0 0.0 0.0 0.0 0.0
9497 2656.5056762695312 1386.957618713379 246.66792914114225 0.0 0.0 0.0 0.0 0.0 0.0 0.0
9513 2659.5139770507812 1386.957618713379 246.04100185388737 0.0 0.0 0.0 0.0 0.0 0.0 0.0
9522 2665.5310668945312 1386.957618713379 244.83307157147172 0.0 0.0 0.0 0.0 0.0 0.0 0.0
9537 2668.5396118164062 1386.957618713379 244.2405272632324 0.0 0.0 0.0 0.0 0.0 0.0 0.0
9637 2671.5481567382812 1386.957618713379 243.6591792029538 0.0 0.0 0.0 0.0 0.0 0.0 0.0
9653 2671.5481567382812 1389.966163635254 244.75752450522026 0.0 0.0 0.0 0.0 0.0 0.0 0.0
9669 2674.5567016601562 1389.966163635254 244.16638753362002 0.0 0.0 0.0 0.0 0.0 0.0 0.0
9715 2674.5567016601562 1392.9745864868164 245.25937710175032 0.0 0.0 0.0 0.0 0.0 0.0 0.0
10507 2300.890426635742 1086.5920486450195 246.07521772143605 0.0 0.0 0.0 0.0 0.0 0.0 0.0
10513 2303.898727416992 1086.5920486450195 246.88904749455844 0.0 0.0 0.0 0.0 0.0 0.0 0.0
10521 2306.907272338867 1086.5920486450195 247.700888664532 0.0 0.0 0.0 0.0 0.0 0.0 0.0
10537 2309.915817260742 1086.5920486450195 248.51049497910208 0.0 0.0 0.0 0.0 0.0 0.0 0.0
10545 2312.924362182617 1086.5920486450195 249.3176725100601 0.0 0.0 0.0 0.0 0.0 0.0 0.0
10553 2315.932907104492 1086.5920486450195 250.1222897042756 0.0 0.0 0.0 0.0 0.0 0.0 0.0
10561 2321.949996948242 1086.5920486450195 251.72066959997565 0.0 0.0 0.0 0.0 0.0 0.0 0.0
10569 2324.958541870117 1086.5920486450195 252.51680441907027 0.0 0.0 0.0 0.0 0.0 0.0 0.0
10577 2327.967086791992 1086.5920486450195 253.3097913663932 0.0 0.0 0.0 0.0 0.0 0.0 0.0
10585 2333.984176635742 1086.5920486450195 254.8826306302003 0.0 0.0 0.0 0.0 0.0 0.0 0.0
10591 2340.001022338867 1086.5920486450195 256.44111226583175 0.0 0.0 0.0 0.0 0.0 0.0 0.0
10599 2346.018112182617 1086.5920486450195 257.98432262278465 0.0 0.0 0.0 0.0 0.0 0.0 0.0
10607 2349.026657104492 1086.5920486450195 258.75183796477785 0.0 0.0 0.0 0.0 0.0 0.0 0.0
10615 2355.043746948242 1086.5920486450195 260.2702300439382 0.0 0.0 0.0 0.0 0.0 0.0 0.0
10639 2355.043746948242 1083.5835037231445 259.94881816736273 0.0 0.0 0.0 0.0 0.0 0.0 0.0
10669 2358.052291870117 1083.5835037231445 260.70546437467607 0.0 0.0 0.0 0.0 0.0 0.0 0.0
10677 2358.052291870117 1077.566535949707 260.0596558294252 0.0 0.0 0.0 0.0 0.0 0.0 0.0
10685 2361.060836791992 1077.566535949707 260.81563208695354 0.0 0.0 0.0 0.0 0.0 0.0 0.0
10693 2364.069381713867 1074.557991027832 261.2308317288746 0.0 0.0 0.0 0.0 0.0 0.0 0.0
10701 2364.069381713867 1071.549446105957 260.8968429855155 0.0 0.0 0.0 0.0 0.0 0.0 0.0
10707 2370.086471557617 1071.549446105957 262.3901121898494 0.0 0.0 0.0 0.0 0.0 0.0 0.0
10715 2379.111862182617 1071.549446105957 264.58790404002445 0.0 0.0 0.0 0.0 0.0 0.0 0.0
10723 2385.128952026367 1068.540901184082 265.6431349058611 0.0 0.0 0.0 0.0 0.0 0.0 0.0
10731 2388.137496948242 1068.540901184082 266.36340529092905 0.0 0.0 0.0 0.0 0.0 0.0 0.0
10740 2394.154586791992 1068.540901184082 267.7835714953204 0.0 0.0 0.0 0.0 0.0 0.0 0.0
10747 2397.163131713867 1068.540901184082 268.4883690553792 0.0 0.0 0.0 0.0 0.0 0.0 0.0
10757 2403.180221557617 1068.540901184082 269.8767423659037 0.0 0.0 0.0 0.0 0.0 0.0 0.0
10763 2406.188766479492 1068.540901184082 270.565411726152 0.0 0.0 0.0 0.0 0.0 0.0 0.0
10769 2409.197067260742 1068.540901184082 271.24858101075375 0.0 0.0 0.0 0.0 0.0 0.0 0.0
10777 2412.205612182617 1068.540901184082 271.92626287094254 0.0 0.0 0.0 0.0 0.0 0.0 0.0
10809 2415.214157104492 1068.540901184082 272.598371966361 0.0 0.0 0.0 0.0 0.0 0.0 0.0
10817 2415.214157104492 1071.549446105957 273.08431069988023 0.0 0.0 0.0 0.0 0.0 0.0 0.0
10831 2418.222702026367 1071.549446105957 273.74666255975353 0.0 0.0 0.0 0.0 0.0 0.0 0.0
10841 2421.231246948242 1071.549446105957 274.4032821062733 0.0 0.0 0.0 0.0 0.0 0.0 0.0
10855 2424.239791870117 1071.549446105957 275.0541594923777 0.0 0.0 0.0 0.0 0.0 0.0 0.0
10863 2427.248336791992 1071.549446105957 275.69927476701287 0.0 0.0 0.0 0.0 0.0 0.0 0.0
10871 2430.256881713867 1071.549446105957 276.3386126429254 0.0 0.0 0.0 0.0 0.0 0.0 0.0
10887 2433.265426635742 1071.549446105957 276.9721135855404 0.0 0.0 0.0 0.0 0.0 0.0 0.0
10903 2436.273971557617 1071.549446105957 277.59976470782027 0.0 0.0 0.0 0.0 0.0 0.0 0.0
11028 2442.290817260742 1071.549446105957 278.83172342466065 0.0 0.0 0.0 0.0 0.0 0.0 0.0
11033 2451.316452026367 1071.549446105957 280.6272272060552 0.0 0.0 0.0 0.0 0.0 0.0 0.0
11041 2460.342086791992 1071.549446105957 282.3699170996197 0.0 0.0 0.0 0.0 0.0 0.0 0.0
11049 2463.350631713867 1074.557991027832 283.53780709126545 0.0 0.0 0.0 0.0 0.0 0.0 0.0
11057 2466.359176635742 1074.557991027832 284.1006244375452 0.0 0.0 0.0 0.0 0.0 0.0 0.0
11243 2469.367721557617 1074.557991027832 284.6575446926165 0.0 0.0 0.0 0.0 0.0 0.0 0.0
11973 2667.1610412597656 1403.8073959350586 282.48703618695424 0.0 0.0 0.0 0.0 0.0 0.0 0.0
11981 2679.1952209472656 1403.8073959350586 278.24786249172837 0.0 0.0 0.0 0.0 0.0 0.0 0.0
11989 2685.2120666503906 1403.8073959350586 276.15982476124486 0.0 0.0 0.0 0.0 0.0 0.0 0.0
11997 2688.2206115722656 1403.8073959350586 275.1239138922771 0.0 0.0 0.0 0.0 0.0 0.0 0.0
12003 2691.2291564941406 1403.8073959350586 274.09626786654775 0.0 0.0 0.0 0.0 0.0 0.0 0.0
12043 2691.2291564941406 1400.7988510131836 273.61920831066834 0.0 0.0 0.0 0.0 0.0 0.0 0.0
12431 2694.2377014160156 1400.7988510131836 272.60412929986046 0.0 0.0 0.0 0.0 0.0 0.0 0.0
12461 2697.2462463378906 1400.7988510131836 271.5978395118525 0.0 0.0 0.0 0.0 0.0 0.0 0.0
12477 2700.2547912597656 1403.8073959350586 271.1172893633519 0.0 0.0 0.0 0.0 0.0 0.0 0.0
12485 2700.2547912597656 1406.8159408569336 271.6296145920991 0.0 0.0 0.0 0.0 0.0 0.0 0.0
12494 2703.2633361816406 1406.8159408569336 270.6321161915455 0.0 0.0 0.0 0.0 0.0 0.0 0.0
12517 2709.2804260253906 1412.8330307006836 269.74418799153887 0.0 0.0 0.0 0.0 0.0 0.0 0.0
12523 2715.2975158691406 1412.8330307006836 267.8037065008381 0.0 0.0 0.0 0.0 0.0 0.0 0.0
12531 2721.3143615722656 1415.8415756225586 266.49093814051446 0.0 0.0 0.0 0.0 0.0 0.0 0.0
12539 2727.3314514160156 1415.8415756225586 264.61778470711 0.0 0.0 0.0 0.0 0.0 0.0 0.0
12547 2733.3485412597656 1418.849998474121 263.4223196354577 0.0 0.0 0.0 0.0 0.0 0.0 0.0
12563 2736.3570861816406 1418.849998474121 262.5096921795314 0.0 0.0 0.0 0.0 0.0 0.0 0.0
12579 2742.3741760253906 1418.849998474121 260.7266214278393 0.0 0.0 0.0 0.0 0.0 0.0 0.0
12585 2745.3827209472656 1418.849998474121 259.84591425552196 0.0 0.0 0.0 0.0 0.0 0.0 0.0
12594 2748.3912658691406 1418.849998474121 258.97607005436265 0.0 0.0 0.0 0.0 0.0 0.0 0.0
12601 2751.3995666503906 1418.849998474121 258.11716942635144 0.0 0.0 0.0 0.0 0.0 0.0 0.0
12617 2757.4166564941406 1418.849998474121 256.4426536835747 0.0 0.0 0.0 0.0 0.0 0.0 0.0
12626 2760.4252014160156 1418.849998474121 255.61653129039934 0.0 0.0 0.0 0.0 0.0 0.0 0.0
12633 2766.4422912597656 1418.849998474121 254.00799487760733 0.0 0.0 0.0 0.0 0.0 0.0 0.0
12639 2772.4593811035156 1418.849998474121 252.44335449898253 0.0 0.0 0.0 0.0 0.0 0.0 0.0
12647 2781.4850158691406 1418.849998474121 250.19386394827066 0.0 0.0 0.0 0.0 0.0 0.0 0.0
12655 2787.5018615722656 1418.849998474121 248.73788677202197 0.0 0.0 0.0 0.0 0.0 0.0 0.0
12663 2796.5274963378906 1418.849998474121 246.64946405278116 0.0 0.0 0.0 0.0 0.0 0.0 0.0
12671 2805.5531311035156 1421.858543395996 245.51754040002848 0.0 0.0 0.0 0.0 0.0 0.0 0.0
12679 2814.5787658691406 1421.858543395996 243.57528504699044 0.0 0.0 0.0 0.0 0.0 0.0 0.0
12687 2820.5958557128906 1421.858543395996 242.32141342086334 0.0 0.0 0.0 0.0 0.0 0.0 0.0
12695 2826.6127014160156 1421.858543395996 241.10770934540272 0.0 0.0 0.0 0.0 0.0 0.0 0.0
12703 2829.6212463378906 1421.858543395996 240.5108019752102 0.0 0.0 0.0 0.0 0.0 0.0 0.0