0 2290.274169921875 1552.44580078125 195.97112923113608 0.0 0.0 0.0 0.0 0.0 0.0 0.0
305 2290.274169921875 1552.44580078125 195.97112923113608 0.0 0.0 0.0 0.0 0.0 0.0 0.0
317 2290.274169921875 1552.44580078125 195.97112923113608 0.0 0.0 0.0 0.0 0.0 0.0 0.0
330 2290.274169921875 1552.44580078125 195.97112923113608 0.0 0.0 0.0 0.0 0.0 0.0 0.0
368 2290.274169921875 1552.44580078125 195.97112923113608 0.0 0.0 0.0 0.0 0.0 0.0 0.0
379 2290.274169921875 1552.44580078125 195.97112923113608 0.0 0.0 0.0 0.0 0.0 0.0 0.0
416 2290.274169921875 1552.44580078125 195.97112923113608 0.0 0.0 0.0 0.0 0.0 0.0 0.0
452 2290.274169921875 1552.44580078125 195.97112923113608 0.0 0.0 0.0 0.0 0.0 0.0 0.0
477 2290.274169921875 1552.44580078125 195.97112923113608 0.0 0.0 0.0 0.0 0.0 0.0 0.0
490 2290.274169921875 1552.44580078125 195.97112923113608 0.0 0.0 0.0 0.0 0.0 0.0 0.0
515 2290.274169921875 1552.44580078125 195.97112923113608 0.0 0.0 0.0 0.0 0.0 0.0 0.0
539 2290.274169921875 1552.44580078125 195.97112923113608 0.0 0.0 0.0 0.0 0.0 0.0 0.0
550 2290.274169921875 1552.44580078125 195.97112923113608 0.0 0.0 0.0 0.0 0.0 0.0 0.0
588 2290.274169921875 1552.44580078125 195.97112923113608 0.0 0.0 0.0 0.0 0.0 0.0 0.0
601 2290.274169921875 1552.44580078125 195.97112923113608 0.0 0.0 0.0 0.0 0.0 0.0 0.0
612 2290.274169921875 1552.44580078125 195.97112923113608 0.0 0.0 0.0 0.0 0.0 0.0 0.0
649 2290.274169921875 1552.44580078125 195.97112923113608 0.0 0.0 0.0 0.0 0.0 0.0 0.0
673 2290.274169921875 1552.44580078125 195.97112923113608 0.0 0.0 0.0 0.0 0.0 0.0 0.0
722 2290.274169921875 1552.44580078125 195.97112923113608 0.0 0.0 0.0 0.0 0.0 0.0 0.0
771 2290.274169921875 1552.44580078125 195.97112923113608 0.0 0.0 0.0 0.0 0.0 0.0 0.0
784 2290.274169921875 1552.44580078125 195.97112923113608 0.0 0.0 0.0 0.0 0.0 0.0 0.0
796 2290.274169921875 1552.44580078125 195.97112923113608 0.0 0.0 0.0 0.0 0.0 0.0 0.0
833 2290.274169921875 1552.44580078125 195.97112923113608 0.0 0.0 0.0 0.0 0.0 0.0 0.0
845 2290.274169921875 1552.44580078125 195.97112923113608 0.0 0.0 0.0 0.0 0.0 0.0 0.0
856 2290.274169921875 1552.44580078125 195.97112923113608 0.0 0.0 0.0 0.0 0.0 0.0 0.0
882 2290.274169921875 1552.44580078125 195.97112923113608 0.0 0.0 0.0 0.0 0.0 0.0 0.0
894 2290.274169921875 1552.44580078125 195.97112923113608 0.0 0.0 0.0 0.0 0.0 0.0 0.0
932 2290.274169921875 1552.44580078125 195.97112923113608 0.0 0.0 0.0 0.0 0.0 0.0 0.0
1008 2290.274169921875 1552.44580078125 195.97112923113608 0.0 0.0 0.0 0.0 0.0 0.0 0.0
1018 2290.274169921875 1552.44580078125 195.97112923113608 0.0 0.0 0.0 0.0 0.0 0.0 0.0
1054 2290.274169921875 1552.44580078125 195.97112923113608 0.0 0.0 0.0 0.0 0.0 0.0 0.0
1090 2290.274169921875 1552.44580078125 195.97112923113608 0.0 0.0 0.0 0.0 0.0 0.0 0.0
2748 2290.274169921875 1552.44580078125 195.97112923113608 0.0 0.0 0.0 0.0 0.0 0.0 0.0
2759 2290.274169921875 1552.44580078125 195.97112923113608 0.0 0.0 0.0 0.0 0.0 0.0 0.0
2780 2290.274169921875 1552.44580078125 195.97112923113608 0.0 0.0 0.0 0.0 0.0 0.0 0.0
2786 2290.274169921875 1552.44580078125 195.97112923113608 0.0 0.0 0.0 0.0 0.0 0.0 0.0
2797 2290.274169921875 1552.44580078125 195.97112923113608 0.0 0.0 0.0 0.0 0.0 0.0 0.0
2808 2290.274169921875 1552.44580078125 195.97112923113608 0.0 0.0 0.0 0.0 0.0 0.0 0.0
2821 2290.274169921875 1552.44580078125 195.97112923113608 0.0 0.0 0.0 0.0 0.0 0.0 0.0
2833 2290.274169921875 1552.44580078125 195.97112923113608 0.0 0.0 0.0 0.0 0.0 0.0 0.0
2845 2290.274169921875 1552.44580078125 195.97112923113608 0.0 0.0 0.0 0.0 0.0 0.0 0.0
2858 2290.274169921875 1552.44580078125 195.97112923113608 0.0 0.0 0.0 0.0 0.0 0.0 0.0
2869 2290.274169921875 1552.44580078125 195.97112923113608 0.0 0.0 0.0 0.0 0.0 0.0 0.0
2882 2290.274169921875 1552.44580078125 195.97112923113608 0.0 0.0 0.0 0.0 0.0 0.0 0.0
2894 2290.274169921875 1552.44580078125 195.97112923113608 0.0 0.0 0.0 0.0 0.0 0.0 0.0
2907 2290.274169921875 1552.44580078125 195.97112923113608 0.0 0.0 0.0 0.0 0.0 0.0 0.0
2918 2688.4060440063477 1379.9808883666992 197.49923873754722 0.0 0.0 0.0 0.0 0.0 0.0 0.0
2931 2696.8769912719727 1382.8046188354492 199.69165711114945 0.0 0.0 0.0 0.0 0.0 0.0 0.0
2943 2702.5242080688477 1382.8046188354492 200.16899747469958 0.0 0.0 0.0 0.0 0.0 0.0 0.0
2959 2710.9951553344727 1382.8046188354492 200.83475191645752 0.0 0.0 0.0 0.0 0.0 0.0 0.0
2971 2719.4663467407227 1382.8046188354492 201.45370221471612 0.0 0.0 0.0 0.0 0.0 0.0 0.0
2980 2722.2898330688477 1385.6282272338867 203.07132870425158 0.0 0.0 0.0 0.0 0.0 0.0 0.0
2993 2733.5845108032227 1385.6282272338867 203.67196271531031 0.0 0.0 0.0 0.0 0.0 0.0 0.0
3006 2750.5266494750977 1385.6282272338867 204.45380158078734 0.0 0.0 0.0 0.0 0.0 0.0 0.0
3016 2764.6448135375977 1385.6282272338867 205.03182511792588 0.0 0.0 0.0 0.0 0.0 0.0 0.0
3029 2784.4104385375977 1385.6282272338867 205.7187868878765 0.0 0.0 0.0 0.0 0.0 0.0 0.0
3043 2798.5288467407227 1385.6282272338867 206.15402777173645 0.0 0.0 0.0 0.0 0.0 0.0 0.0
3055 2809.8235244750977 1385.6282272338867 206.47002003130996 0.0 0.0 0.0 0.0 0.0 0.0 0.0
3065 2815.4707412719727 1385.6282272338867 206.62037812550147 0.0 0.0 0.0 0.0 0.0 0.0 0.0
3078 2818.2944717407227 1385.6282272338867 206.69366791304398 0.0 0.0 0.0 0.0 0.0 0.0 0.0
3092 2823.9416885375977 1385.6282272338867 206.8331796379172 0.0 0.0 0.0 0.0 0.0 0.0 0.0
3102 2826.7654190063477 1385.6282272338867 206.90117728824873 0.0 0.0 0.0 0.0 0.0 0.0 0.0
3114 2829.5891494750977 1388.4519577026367 208.3925550776897 0.0 0.0 0.0 0.0 0.0 0.0 0.0
3127 2832.4126358032227 1388.4519577026367 208.42182683444005 0.0 0.0 0.0 0.0 0.0 0.0 0.0
3558 2838.0600967407227 1388.4519577026367 208.4775052099061 0.0 0.0 0.0 0.0 0.0 0.0 0.0
3568 2840.8838272094727 1391.2755661010742 209.9298397328315 0.0 0.0 0.0 0.0 0.0 0.0 0.0
3581 2846.5310440063477 1394.0992965698242 211.30235338385592 0.0 0.0 0.0 0.0 0.0 0.0 0.0
3593 2846.5310440063477 1394.0992965698242 211.302361094959 0.0 0.0 0.0 0.0 0.0 0.0 0.0
3606 2852.1785049438477 1396.9229049682617 212.6069234653603 0.0 0.0 0.0 0.0 0.0 0.0 0.0
3617 2855.0019912719727 1396.9229049682617 212.53139293225615 0.0 0.0 0.0 0.0 0.0 0.0 0.0
3630 2857.8257217407227 1399.7466354370117 213.8790136850139 0.0 0.0 0.0 0.0 0.0 0.0 0.0
3644 2863.4729385375977 1402.5702438354492 215.05444251363878 0.0 0.0 0.0 0.0 0.0 0.0 0.0
3656 2871.9441299438477 1402.5702438354492 214.66499980872334 0.0 0.0 0.0 0.0 0.0 0.0 0.0
3666 2880.4150772094727 1405.3938522338867 215.653510349118 0.0 0.0 0.0 0.0 0.0 0.0 0.0
3679 2894.5332412719727 1408.2175827026367 216.25435513139212 0.0 0.0 0.0 0.0 0.0 0.0 0.0
3694 2903.0044326782227 1408.2175827026367 215.77996014994523 0.0 0.0 0.0 0.0 0.0 0.0 0.0
3703 2908.6516494750977 1411.0411911010742 216.85873798254067 0.0 0.0 0.0 0.0 0.0 0.0 0.0
3715 2917.1225967407227 1411.0411911010742 216.34165414811395 0.0 0.0 0.0 0.0 0.0 0.0 0.0
3729 2922.7700576782227 1413.8649215698242 217.391761574128 0.0 0.0 0.0 0.0 0.0 0.0 0.0
3744 2931.2410049438477 1413.8649215698242 216.83709744590476 0.0 0.0 0.0 0.0 0.0 0.0 0.0
3752 2936.8882217407227 1416.6885299682617 217.86175250917256 0.0 0.0 0.0 0.0 0.0 0.0 0.0
3765 2939.7119522094727 1419.5122604370117 219.06224521313874 0.0 0.0 0.0 0.0 0.0 0.0 0.0
3777 2945.3591690063477 1422.3358688354492 219.9718699536838 0.0 0.0 0.0 0.0 0.0 0.0 0.0
3793 2956.6538467407227 1422.3358688354492 219.01264507841185 0.0 0.0 0.0 0.0 0.0 0.0 0.0
3802 2970.7722549438477 1425.1595993041992 219.2274086326833 0.0 0.0 0.0 0.0 0.0 0.0 0.0
3814 2987.7141494750977 1425.1595993041992 217.94929757773045 0.0 0.0 0.0 0.0 0.0 0.0 0.0
3827 3001.8325576782227 1427.9832077026367 218.2863278705467 0.0 0.0 0.0 0.0 0.0 0.0 0.0
3839 3013.1272354125977 1427.9832077026367 217.48152926632991 0.0 0.0 0.0 0.0 0.0 0.0 0.0
3850 3018.7744522094727 1427.9832077026367 217.0985124291759 0.0 0.0 0.0 0.0 0.0 0.0 0.0
3862 3030.0691299438477 1427.9832077026367 216.40289980713055 0.0 0.0 0.0 0.0 0.0 0.0 0.0
3877 3038.5400772094727 1427.9832077026367 215.91803762821215 0.0 0.0 0.0 0.0 0.0 0.0 0.0
3887 3055.4819717407227 1427.9832077026367 215.07643937845637 0.0 0.0 0.0 0.0 0.0 0.0 0.0
3900 3080.8950576782227 1430.8068161010742 215.23261872421602 0.0 0.0 0.0 0.0 0.0 0.0 0.0
3911 3103.4844131469727 1430.8068161010742 214.27364295646612 0.0 0.0 0.0 0.0 0.0 0.0 0.0
3927 3126.0735244750977 1430.8068161010742 213.47678560535508 0.0 0.0 0.0 0.0 0.0 0.0 0.0
3936 3143.0156631469727 1433.6305465698242 214.22212331258288 0.0 0.0 0.0 0.0 0.0 0.0 0.0
3949 3151.4866104125977 1433.6305465698242 213.89167602341945 0.0 0.0 0.0 0.0 0.0 0.0 0.0
3961 3157.1338272094727 1433.6305465698242 213.68200348266112 0.0 0.0 0.0 0.0 0.0 0.0 0.0
3973 3168.4285049438477 1433.6305465698242 213.301454534885 0.0 0.0 0.0 0.0 0.0 0.0 0.0
3987 3174.0759658813477 1433.6305465698242 213.1204092727046 0.0 0.0 0.0 0.0 0.0 0.0 0.0
3998 3176.8994522094727 1433.6305465698242 213.03213732259127 0.0 0.0 0.0 0.0 0.0 0.0 0.0
4011 3182.5469131469727 1433.6305465698242 212.86409804941064 0.0 0.0 0.0 0.0 0.0 0.0 0.0
4023 3188.1941299438477 1436.4541549682617 214.09061373882633 0.0 0.0 0.0 0.0 0.0 0.0 0.0
4034 3191.0178604125977 1436.4541549682617 213.97825855653025 0.0 0.0 0.0 0.0 0.0 0.0 0.0
4047 3193.8415908813477 1436.4541549682617 213.86868843304967 0.0 0.0 0.0 0.0 0.0 0.0 0.0
4060 3196.6650772094727 1436.4541549682617 213.76185914474277 0.0 0.0 0.0 0.0 0.0 0.0 0.0
4073 3202.3125381469727 1439.2778854370117 214.94320402721243 0.0 0.0 0.0 0.0 0.0 0.0 0.0
4096 3207.9597549438477 1439.2778854370117 214.68267236842178 0.0 0.0 0.0 0.0 0.0 0.0 0.0
4194 3207.9597549438477 1439.2778854370117 214.68269450626923 0.0 0.0 0.0 0.0 0.0 0.0 0.0
4697 3210.7834854125977 1439.2778854370117 214.55565407415088 0.0 0.0 0.0 0.0 0.0 0.0 0.0
4710 3213.6072158813477 1439.2778854370117 214.43175471752238 0.0 0.0 0.0 0.0 0.0 0.0 0.0
4722 3219.2544326782227 1442.1014938354492 215.57915590723138 0.0 0.0 0.0 0.0 0.0 0.0 0.0
4734 3224.9018936157227 1442.1014938354492 215.28788354128756 0.0 0.0 0.0 0.0 0.0 0.0 0.0
4746 3236.1965713500977 1444.9252243041992 216.07734747802039 0.0 0.0 0.0 0.0 0.0 0.0 0.0
4761 3250.3147354125977 1444.9252243041992 215.34224830263332 0.0 0.0 0.0 0.0 0.0 0.0 0.0
4771 3261.6094131469727 1447.7488327026367 216.12651213620765 0.0 0.0 0.0 0.0 0.0 0.0 0.0
4783 3272.9040908813477 1450.5724411010742 216.8366519404504 0.0 0.0 0.0 0.0 0.0 0.0 0.0
4795 3281.3750381469727 1450.5724411010742 216.32117403367113 0.0 0.0 0.0 0.0 0.0 0.0 0.0
4809 3289.8459854125977 1450.5724411010742 215.84210880112198 0.0 0.0 0.0 0.0 0.0 0.0 0.0
4820 3298.3169326782227 1450.5724411010742 215.39689747654057 0.0 0.0 0.0 0.0 0.0 0.0 0.0
4832 3309.6116104125977 1450.5724411010742 214.85803300873053 0.0 0.0 0.0 0.0 0.0 0.0 0.0
4844 3329.3772354125977 1450.5724411010742 214.05741720558166 0.0 0.0 0.0 0.0 0.0 0.0 0.0
4857 3346.3193740844727 1450.5724411010742 213.4620415375877 0.0 0.0 0.0 0.0 0.0 0.0 0.0
4869 3360.4375381469727 1450.5724411010742 213.0219331278312 0.0 0.0 0.0 0.0 0.0 0.0 0.0
4881 3374.5559463500977 1450.5724411010742 212.63150828309995 0.0 0.0 0.0 0.0 0.0 0.0 0.0
4895 3380.2031631469727 1450.5724411010742 212.48294400722602 0.0 0.0 0.0 0.0 0.0 0.0 0.0
4907 3385.8506240844727 1450.5724411010742 212.34152692771232 0.0 0.0 0.0 0.0 0.0 0.0 0.0
4918 3391.4978408813477 1450.5724411010742 212.2070092294629 0.0 0.0 0.0 0.0 0.0 0.0 0.0
4931 3399.9687881469727 1450.5724411010742 212.01953902260448 0.0 0.0 0.0 0.0 0.0 0.0 0.0
4945 3405.6162490844727 1450.5724411010742 211.90063478515958 0.0 0.0 0.0 0.0 0.0 0.0 0.0
4954 3414.0871963500977 1450.5724411010742 211.7349065453863 0.0 0.0 0.0 0.0 0.0 0.0 0.0
4967 3428.2056045532227 1450.5724411010742 211.48993024196864 0.0 0.0 0.0 0.0 0.0 0.0 0.0
4979 3439.5000381469727 1450.5724411010742 211.31208489388354 0.0 0.0 0.0 0.0 0.0 0.0 0.0
4992 3450.7947158813477 1450.5724411010742 211.15072146488146 0.0 0.0 0.0 0.0 0.0 0.0 0.0
5004 3464.9131240844727 1450.5724411010742 210.97181971400883 0.0 0.0 0.0 0.0 0.0 0.0 0.0
5016 3470.5603408813477 1450.5724411010742 210.90371588658377 0.0 0.0 0.0 0.0 0.0 0.0 0.0
5028 3479.0315322875977 1450.5724411010742 210.8088596458412 0.0 0.0 0.0 0.0 0.0 0.0 0.0
5043 3487.5024795532227 1450.5724411010742 210.72074599426918 0.0 0.0 0.0 0.0 0.0 0.0 0.0
5052 3504.4443740844727 1450.5724411010742 210.56785119490644 0.0 0.0 0.0 0.0 0.0 0.0 0.0
5065 3532.6809463500977 1450.5724411010742 210.3648465179456 0.0 0.0 0.0 0.0 0.0 0.0 0.0
5078 3563.7412490844727 1447.7488327026367 209.04918535179615 0.0 0.0 0.0 0.0 0.0 0.0 0.0
5091 3591.9778213500977 1442.1014938354492 206.82791295737792 0.0 0.0 0.0 0.0 0.0 0.0 0.0
5101 3614.5671768188477 1442.1014938354492 207.29233241101485 0.0 0.0 0.0 0.0 0.0 0.0 0.0
5114 3628.6855850219727 1442.1014938354492 207.5497989267043 0.0 0.0 0.0 0.0 0.0 0.0 0.0
5127 3639.9802627563477 1442.1014938354492 207.73669754014668 0.0 0.0 0.0 0.0 0.0 0.0 0.0
5139 3654.0984268188477 1439.2778854370117 206.6493206728451 0.0 0.0 0.0 0.0 0.0 0.0 0.0
5151 3665.3931045532227 1439.2778854370117 206.91954093227085 0.0 0.0 0.0 0.0 0.0 0.0 0.0
5163 3673.8640518188477 1439.2778854370117 207.10781824809465 0.0 0.0 0.0 0.0 0.0 0.0 0.0
5178 3685.1587295532227 1439.2778854370117 207.33562852132906 0.0 0.0 0.0 0.0 0.0 0.0 0.0
5188 3685.1587295532227 1439.2778854370117 207.33565556120874 0.0 0.0 0.0 0.0 0.0 0.0 0.0
5495 3690.8061904907227 1439.2778854370117 207.44403057317692 0.0 0.0 0.0 0.0 0.0 0.0 0.0
5507 3699.2771377563477 1439.2778854370117 207.5950364960696 0.0 0.0 0.0 0.0 0.0 0.0 0.0
5520 3707.7480850219727 1439.2778854370117 207.73534093420014 0.0 0.0 0.0 0.0 0.0 0.0 0.0
5531 3713.3953018188477 1439.2778854370117 207.8243171920207 0.0 0.0 0.0 0.0 0.0 0.0 0.0
5547 3721.8664932250977 1436.4541549682617 206.59240038259122 0.0 0.0 0.0 0.0 0.0 0.0 0.0
5556 3744.4556045532227 1433.6305465698242 205.8851419877489 0.0 0.0 0.0 0.0 0.0 0.0 0.0
5569 3769.8686904907227 1430.8068161010742 205.3867729699553 0.0 0.0 0.0 0.0 0.0 0.0 0.0
5584 3795.2815322875977 1425.1595993041992 203.80048322606956 0.0 0.0 0.0 0.0 0.0 0.0 0.0
5594 3815.0471572875977 1416.6885299682617 200.9900500980267 0.0 0.0 0.0 0.0 0.0 0.0 0.0
5605 3840.4602432250977 1411.0411911010742 200.2383258883783 0.0 0.0 0.0 0.0 0.0 0.0 0.0
5617 3899.7571182250977 1408.2175827026367 202.54266540374857 0.0 0.0 0.0 0.0 0.0 0.0 0.0
5630 3953.4067764282227 1399.7466354370117 201.902056239584 0.0 0.0 0.0 0.0 0.0 0.0 0.0
5643 3987.2905654907227 1388.4519577026367 199.2812847938274 0.0 0.0 0.0 0.0 0.0 0.0 0.0
5654 4012.7036514282227 1382.8046188354492 198.85465076988237 0.0 0.0 0.0 0.0 0.0 0.0 0.0
5667 4029.6455459594727 1379.9808883666992 199.02275159182977 0.0 0.0 0.0 0.0 0.0 0.0 0.0
5679 4046.5874404907227 1377.1572799682617 199.16832284560667 0.0 0.0 0.0 0.0 0.0 0.0 0.0
5693 4055.0586318969727 1371.5099411010742 197.24798931375767 0.0 0.0 0.0 0.0 0.0 0.0 0.0
5703 4060.7058486938477 1368.6863327026367 196.48608142347868 0.0 0.0 0.0 0.0 0.0 0.0 0.0
5715 4066.3530654907227 1363.0389938354492 194.42767147463178 0.0 0.0 0.0 0.0 0.0 0.0 0.0
5728 4069.1767959594727 1360.2152633666992 193.42999599227045 0.0 0.0 0.0 0.0 0.0 0.0 0.0
5739 4069.1767959594727 1357.3916549682617 192.03633783073207 0.0 0.0 0.0 0.0 0.0 0.0 0.0
5752 4072.0005264282227 1351.7443161010742 189.78023990609438 0.0 0.0 0.0 0.0 0.0 0.0 0.0
5764 4072.0005264282227 1346.0969772338867 187.07863526119795 0.0 0.0 0.0 0.0 0.0 0.0 0.0
5778 4072.0005264282227 1343.2733688354492 185.74165179430003 0.0 0.0 0.0 0.0 0.0 0.0 0.0
5789 4072.0005264282227 1334.8022994995117 181.85718667017977 0.0 0.0 0.0 0.0 0.0 0.0 0.0
5801 4072.0005264282227 1329.1549606323242 179.33118760392807 0.0 0.0 0.0 0.0 0.0 0.0 0.0
5813 4072.0005264282227 1320.6840133666992 175.6888191161927 0.0 0.0 0.0 0.0 0.0 0.0 0.0
5829 4066.3530654907227 1315.0366744995117 171.58260686663246 0.0 0.0 0.0 0.0 0.0 0.0 0.0
5838 4063.5295791625977 1309.3893356323242 168.4184905025768 0.0 0.0 0.0 0.0 0.0 0.0 0.0
5850 4057.8821182250977 1300.9183883666992 163.26928536851761 0.0 0.0 0.0 0.0 0.0 0.0 0.0
5863 4055.0586318969727 1295.2710494995117 160.25427295713018 0.0 0.0 0.0 0.0 0.0 0.0 0.0
5875 4052.2349014282227 1289.6237106323242 157.3081850089521 0.0 0.0 0.0 0.0 0.0 0.0 0.0
5887 4046.5874404907227 1283.9763717651367 153.25146305821335 0.0 0.0 0.0 0.0 0.0 0.0 0.0
5899 4038.1164932250977 1272.6818161010742 146.67091255596023 0.0 0.0 0.0 0.0 0.0 0.0 0.0
5912 4026.8218154907227 1258.5634078979492 138.72545225472544 0.0 0.0 0.0 0.0 0.0 0.0 0.0
5925 4015.5273818969727 1250.0924606323242 132.0550442543833 0.0 0.0 0.0 0.0 0.0 0.0 0.0
5937 3995.7615127563477 1238.7977828979492 121.56861365810093 0.0 0.0 0.0 0.0 0.0 0.0 0.0
5948 3964.7014541625977 1227.5032272338867 106.99438038428389 0.0 0.0 0.0 0.0 0.0 0.0 0.0
5963 3944.9355850219727 1219.0321578979492 98.9384824769819 0.0 0.0 0.0 0.0 0.0 0.0 0.0
5973 3922.3464736938477 1213.3848190307617 90.15517397063132 0.0 0.0 0.0 0.0 0.0 0.0 0.0
5986 3905.4043350219727 1204.9138717651367 85.36245405715562 0.0 0.0 0.0 0.0 0.0 0.0 0.0
5998 3894.1099014282227 1196.4429244995117 83.24882351331661 0.0 0.0 0.0 0.0 0.0 0.0 0.0
6013 3882.8152236938477 1190.7955856323242 80.54656453381017 0.0 0.0 0.0 0.0 0.0 0.0 0.0
6022 3871.5205459594727 1187.9718551635742 77.20971265599019 0.0 0.0 0.0 0.0 0.0 0.0 0.0
6034 3851.7549209594727 1182.3246383666992 72.39373055303497 0.0 0.0 0.0 0.0 0.0 0.0 0.0
6046 3834.8127822875977 1176.6772994995117 69.06952079226858 0.0 0.0 0.0 0.0 0.0 0.0 0.0
6063 3809.3999404907227 1171.0299606323242 64.0303237498606 0.0 0.0 0.0 0.0 0.0 0.0 0.0
6071 3789.6343154907227 1165.3826217651367 61.159782938386854 0.0 0.0 0.0 0.0 0.0 0.0 0.0
6083 3775.5159072875977 1159.7352828979492 59.98129258381596 0.0 0.0 0.0 0.0 0.0 0.0 0.0
6097 3761.3977432250977 1151.2643356323242 60.05270540851825 0.0 0.0 0.0 0.0 0.0 0.0 0.0
6109 3750.1030654907227 1145.6169967651367 59.65169709760232 0.0 0.0 0.0 0.0 0.0 0.0 0.0
6120 3744.4556045532227 1142.7932662963867 59.46201764792829 0.0 0.0 0.0 0.0 0.0 0.0 0.0
6132 3733.1609268188477 1134.3223190307617 60.24975413507349 0.0 0.0 0.0 0.0 0.0 0.0 0.0
6146 3721.8664932250977 1128.6749801635742 59.82863909222692 0.0 0.0 0.0 0.0 0.0 0.0 0.0
6159 3710.5718154907227 1128.6749801635742 57.12344932805013 0.0 0.0 0.0 0.0 0.0 0.0 0.0
6169 3687.9824600219727 1123.0276412963867 54.78597160153436 0.0 0.0 0.0 0.0 0.0 0.0 0.0
6182 3671.0405654907227 1120.2040328979492 52.68675237575519 0.0 0.0 0.0 0.0 0.0 0.0 0.0
6195 3654.0984268188477 1117.3803024291992 50.86360577699929 0.0 0.0 0.0 0.0 0.0 0.0 0.0
6206 3645.6274795532227 1114.5566940307617 50.65016867679117 0.0 0.0 0.0 0.0 0.0 0.0 0.0
6218 3634.3328018188477 1111.7329635620117 49.98100041813859 0.0 0.0 0.0 0.0 0.0 0.0 0.0
6231 3625.8618545532227 1111.7329635620117 48.55450816598875 0.0 0.0 0.0 0.0 0.0 0.0 0.0
6246 3623.0381240844727 1111.7329635620117 48.09028696439509 0.0 0.0 0.0 0.0 0.0 0.0 0.0
6256 3623.0381240844727 1111.7329635620117 48.09029747624453 0.0 0.0 0.0 0.0 0.0 0.0 0.0
6268 3617.3909072875977 1111.7329635620117 47.20474115929824 0.0 0.0 0.0 0.0 0.0 0.0 0.0
6280 3611.7434463500977 1111.7329635620117 46.36030965418462 0.0 0.0 0.0 0.0 0.0 0.0 0.0
6296 3606.0962295532227 1108.9093551635742 46.88548590459931 0.0 0.0 0.0 0.0 0.0 0.0 0.0
6304 3597.6252822875977 1108.9093551635742 45.66950549638568 0.0 0.0 0.0 0.0 0.0 0.0 0.0
6316 3591.9778213500977 1108.9093551635742 44.896849788927625 0.0 0.0 0.0 0.0 0.0 0.0 0.0
6329 3583.5068740844727 1108.9093551635742 43.81762582144694 0.0 0.0 0.0 0.0 0.0 0.0 0.0
6341 3569.3887100219727 1108.9093551635742 42.21737978451347 0.0 0.0 0.0 0.0 0.0 0.0 0.0
6353 3560.9175186157227 1108.9093551635742 41.32410869617638 0.0 0.0 0.0 0.0 0.0 0.0 0.0
6366 3555.2703018188477 1108.9093551635742 40.75699256995756 0.0 0.0 0.0 0.0 0.0 0.0 0.0
6380 3549.6230850219727 1108.9093551635742 40.21691129221506 0.0 0.0 0.0 0.0 0.0 0.0 0.0
6391 3546.7993545532227 1108.9093551635742 39.9534499822131 0.0 0.0 0.0 0.0 0.0 0.0 0.0
6402 3541.1518936157227 1108.9093551635742 39.451728964931306 0.0 0.0 0.0 0.0 0.0 0.0 0.0
6415 3538.3284072875977 1108.9093551635742 39.20705265952722 0.0 0.0 0.0 0.0 0.0 0.0 0.0
6429 3535.5046768188477 1108.9093551635742 38.968383087814516 0.0 0.0 0.0 0.0 0.0 0.0 0.0
6440 3532.6809463500977 1108.9093551635742 38.735556897455126 0.0 0.0 0.0 0.0 0.0 0.0 0.0
6452 3529.8574600219727 1108.9093551635742 38.508466535631214 0.0 0.0 0.0 0.0 0.0 0.0 0.0
6476 3524.2099990844727 1108.9093551635742 38.07608322461675 0.0 0.0 0.0 0.0 0.0 0.0 0.0
6489 3518.5627822875977 1108.9093551635742 37.664464724613254 0.0 0.0 0.0 0.0 0.0 0.0 0.0
6501 3512.9153213500977 1108.9093551635742 37.272618306151 0.0 0.0 0.0 0.0 0.0 0.0 0.0
6513 3504.4443740844727 1108.9093551635742 36.726336811924625 0.0 0.0 0.0 0.0 0.0 0.0 0.0
6526 3495.9734268188477 1108.9093551635742 36.21861409010751 0.0 0.0 0.0 0.0 0.0 0.0 0.0
6537 3487.5024795532227 1108.9093551635742 35.74676203680184 0.0 0.0 0.0 0.0 0.0 0.0 0.0
6550 3479.0315322875977 1108.9093551635742 35.308307608769326 0.0 0.0 0.0 0.0 0.0 0.0 0.0
6564 3473.3840713500977 1108.9093551635742 35.03014007940851 0.0 0.0 0.0 0.0 0.0 0.0 0.0
6576 3467.7368545532227 1111.7329635620117 33.377575503559115 0.0 0.0 0.0 0.0 0.0 0.0 0.0
6587 3467.7368545532227 1114.5566940307617 31.917174357135195 0.0 0.0 0.0 0.0 0.0 0.0 0.0
6599 3462.0893936157227 1117.3803024291992 30.412701032938344 0.0 0.0 0.0 0.0 0.0 0.0 0.0
6614 3456.4421768188477 1117.3803024291992 30.371722944265798 0.0 0.0 0.0 0.0 0.0 0.0 0.0
6624 3453.6184463500977 1117.3803024291992 30.35176449569883 0.0 0.0 0.0 0.0 0.0 0.0 0.0
6636 3447.9712295532227 1120.2040328979492 28.923170507720215 0.0 0.0 0.0 0.0 0.0 0.0 0.0
6648 3442.3237686157227 1123.0276412963867 27.564735726196147 0.0 0.0 0.0 0.0 0.0 0.0 0.0
6669 3436.6765518188477 1123.0276412963867 27.661972902487094 0.0 0.0 0.0 0.0 0.0 0.0 0.0
6673 3428.2056045532227 1125.8513717651367 26.44172254147429 0.0 0.0 0.0 0.0 0.0 0.0 0.0
6684 3414.0871963500977 1128.6749801635742 25.502185918751536 0.0 0.0 0.0 0.0 0.0 0.0 0.0
6699 3405.6162490844727 1128.6749801635742 25.79104194186948 0.0 0.0 0.0 0.0 0.0 0.0 0.0
6710 3397.1453018188477 1128.6749801635742 26.05945318180659 0.0 0.0 0.0 0.0 0.0 0.0 0.0
6721 3391.4978408813477 1128.6749801635742 26.229692535692436 0.0 0.0 0.0 0.0 0.0 0.0 0.0
6733 3383.0268936157227 1131.4987106323242 25.11317072859947 0.0 0.0 0.0 0.0 0.0 0.0 0.0
6748 3377.3796768188477 1131.4987106323242 25.32924354445049 0.0 0.0 0.0 0.0 0.0 0.0 0.0
6758 3374.5559463500977 1134.3223190307617 24.015978636339582 0.0 0.0 0.0 0.0 0.0 0.0 0.0
6770 3366.0849990844727 1134.3223190307617 24.410172200189606 0.0 0.0 0.0 0.0 0.0 0.0 0.0
6784 3357.6140518188477 1134.3223190307617 24.77644383888355 0.0 0.0 0.0 0.0 0.0 0.0 0.0
6797 3346.3193740844727 1137.1459274291992 23.899640577726814 0.0 0.0 0.0 0.0 0.0 0.0 0.0
6808 3332.2009658813477 1137.1459274291992 24.540181314814845 0.0 0.0 0.0 0.0 0.0 0.0 0.0
6820 3315.2590713500977 1139.9696578979492 23.945032328832838 0.0 0.0 0.0 0.0 0.0 0.0 0.0
6832 3309.6116104125977 1139.9696578979492 24.217640328284915 0.0 0.0 0.0 0.0 0.0 0.0 0.0
6847 3301.1406631469727 1142.7932662963867 23.24779271514791 0.0 0.0 0.0 0.0 0.0 0.0 0.0
6857 3295.4934463500977 1142.7932662963867 23.55406227995377 0.0 0.0 0.0 0.0 0.0 0.0 0.0
6869 3289.8459854125977 1142.7932662963867 23.845589180427396 0.0 0.0 0.0 0.0 0.0 0.0 0.0
6881 3281.3750381469727 1142.7932662963867 24.251901924299034 0.0 0.0 0.0 0.0 0.0 0.0 0.0
6897 3272.9040908813477 1145.6169967651367 23.279492407288217 0.0 0.0 0.0 0.0 0.0 0.0 0.0
6906 3264.4331436157227 1145.6169967651367 23.72585627922382 0.0 0.0 0.0 0.0 0.0 0.0 0.0
6918 3250.3147354125977 1145.6169967651367 24.385971204111 0.0 0.0 0.0 0.0 0.0 0.0 0.0
6931 3227.7253799438477 1148.4406051635742 24.054777942450187 0.0 0.0 0.0 0.0 0.0 0.0 0.0
6943 3213.6072158813477 1148.4406051635742 24.67783372718418 0.0 0.0 0.0 0.0 0.0 0.0 0.0
6955 3199.4888076782227 1148.4406051635742 25.230627673701747 0.0 0.0 0.0 0.0 0.0 0.0 0.0
6967 3188.1941299438477 1151.2643356323242 24.310984134782984 0.0 0.0 0.0 0.0 0.0 0.0 0.0
6981 3176.8994522094727 1151.2643356323242 24.797273291506542 0.0 0.0 0.0 0.0 0.0 0.0 0.0
6993 3162.7812881469727 1154.0879440307617 24.045875596153962 0.0 0.0 0.0 0.0 0.0 0.0 0.0
7004 3148.6628799438477 1154.0879440307617 24.66990072316736 0.0 0.0 0.0 0.0 0.0 0.0 0.0
7016 3123.2500381469727 1154.0879440307617 25.583957528460246 0.0 0.0 0.0 0.0 0.0 0.0 0.0
7032 3103.4844131469727 1154.0879440307617 26.18736556383749 0.0 0.0 0.0 0.0 0.0 0.0 0.0
7040 3092.1897354125977 1154.0879440307617 26.500286535141527 0.0 0.0 0.0 0.0 0.0 0.0 0.0
7053 3078.0713272094727 1154.0879440307617 26.84725346396135 0.0 0.0 0.0 0.0 0.0 0.0 0.0
7065 3069.6003799438477 1154.0879440307617 27.040657349571234 0.0 0.0 0.0 0.0 0.0 0.0 0.0
7081 3063.9531631469727 1154.0879440307617 27.163343343041447 0.0 0.0 0.0 0.0 0.0 0.0 0.0
7089 3058.3057022094727 1154.0879440307617 27.280082278839473 0.0 0.0 0.0 0.0 0.0 0.0 0.0
7102 3049.8347549438477 1154.0879440307617 27.442735637151372 0.0 0.0 0.0 0.0 0.0 0.0 0.0
7114 3038.5400772094727 1154.0879440307617 27.63957077979103 0.0 0.0 0.0 0.0 0.0 0.0 0.0
7130 3024.4219131469727 1154.0879440307617 27.85775923468907 0.0 0.0 0.0 0.0 0.0 0.0 0.0
7138 3010.3035049438477 1154.0879440307617 28.051297584608733 0.0 0.0 0.0 0.0 0.0 0.0 0.0
7151 2996.1850967407227 1154.0879440307617 28.222946427458282 0.0 0.0 0.0 0.0 0.0 0.0 0.0
7164 2987.7141494750977 1154.0879440307617 28.318620919342834 0.0 0.0 0.0 0.0 0.0 0.0 0.0
7176 2979.2432022094727 1154.0879440307617 28.40749998041531 0.0 0.0 0.0 0.0 0.0 0.0 0.0
7187 2970.7722549438477 1154.0879440307617 28.490036653450602 0.0 0.0 0.0 0.0 0.0 0.0 0.0
7200 2967.9485244750977 1154.0879440307617 28.51684814491216 0.0 0.0 0.0 0.0 0.0 0.0 0.0
7213 2962.3013076782227 1154.0879440307617 28.56793000454968 0.0 0.0 0.0 0.0 0.0 0.0 0.0
7225 2953.8301162719727 1154.0879440307617 28.639078312966717 0.0 0.0 0.0 0.0 0.0 0.0 0.0
7236 2948.1828994750977 1154.0879440307617 28.68420817278377 0.0 0.0 0.0 0.0 0.0 0.0 0.0
7249 2939.7119522094727 1154.0879440307617 28.747079529290033 0.0 0.0 0.0 0.0 0.0 0.0 0.0
7264 2928.4172744750977 1154.0879440307617 28.823150652576373 0.0 0.0 0.0 0.0 0.0 0.0 0.0
7274 2911.4753799438477 1154.0879440307617 28.92212149977388 0.0 0.0 0.0 0.0 0.0 0.0 0.0
7285 2903.0044326782227 1154.0879440307617 28.968064718028472 0.0 0.0 0.0 0.0 0.0 0.0 0.0
7298 2894.5332412719727 1154.0879440307617 29.01079423504035 0.0 0.0 0.0 0.0 0.0 0.0 0.0
7310 2886.0622940063477 1154.0879440307617 29.050468609968732 0.0 0.0 0.0 0.0 0.0 0.0 0.0
7323 2880.4150772094727 1154.0879440307617 29.075640220364676 0.0 0.0 0.0 0.0 0.0 0.0 0.0
7334 2877.5913467407227 1154.0879440307617 29.087894448951204 0.0 0.0 0.0 0.0 0.0 0.0 0.0
7348 2871.9441299438477 1154.0879440307617 29.111229210497925 0.0 0.0 0.0 0.0 0.0 0.0 0.0
7396 2871.9441299438477 1159.7352828979492 26.19211011029057 0.0 0.0 0.0 0.0 0.0 0.0 0.0
7912 2869.1203994750977 1159.7352828979492 26.27604966011063 0.0 0.0 0.0 0.0 0.0 0.0 0.0
7949 2866.2966690063477 1159.7352828979492 26.357879968565896 0.0 0.0 0.0 0.0 0.0 0.0 0.0
7961 2863.4729385375977 1159.7352828979492 26.43773465983304 0.0 0.0 0.0 0.0 0.0 0.0 0.0
7986 2860.6494522094727 1159.7352828979492 26.515600369872686 0.0 0.0 0.0 0.0 0.0 0.0 0.0
7999 2857.8257217407227 1159.7352828979492 26.59149708211112 0.0 0.0 0.0 0.0 0.0 0.0 0.0
8014 2855.0019912719727 1159.7352828979492 26.665534717917865 0.0 0.0 0.0 0.0 0.0 0.0 0.0
8023 2852.1785049438477 1159.7352828979492 26.73770754424561 0.0 0.0 0.0 0.0 0.0 0.0 0.0
8036 2846.5310440063477 1159.7352828979492 26.87507650717896 0.0 0.0 0.0 0.0 0.0 0.0 0.0
8049 2838.0600967407227 1159.7352828979492 27.066514238735977 0.0 0.0 0.0 0.0 0.0 0.0 0.0
8062 2829.5891494750977 1159.7352828979492 27.244356808004227 0.0 0.0 0.0 0.0 0.0 0.0 0.0
8071 2821.1182022094727 1159.7352828979492 27.409549448800533 0.0 0.0 0.0 0.0 0.0 0.0 0.0
8083 2815.4707412719727 1159.7352828979492 27.5143595441279 0.0 0.0 0.0 0.0 0.0 0.0 0.0
8099 2812.6470108032227 1159.7352828979492 27.56542113438104 0.0 0.0 0.0 0.0 0.0 0.0 0.0
8108 2806.9997940063477 1159.7352828979492 27.66263780301449 0.0 0.0 0.0 0.0 0.0 0.0 0.0
8120 2804.1760635375977 1159.7352828979492 27.710045048968993 0.0 0.0 0.0 0.0 0.0 0.0 0.0
8133 2801.3525772094727 1159.7352828979492 27.756271805883046 0.0 0.0 0.0 0.0 0.0 0.0 0.0
8145 2792.8813858032227 1159.7352828979492 27.885087743848317 0.0 0.0 0.0 0.0 0.0 0.0 0.0
8157 2784.4104385375977 1159.7352828979492 28.004751418020305 0.0 0.0 0.0 0.0 0.0 0.0 0.0
8169 2775.9394912719727 1156.9116744995117 29.47359303278671 0.0 0.0 0.0 0.0 0.0 0.0 0.0
8182 2761.8210830688477 1156.9116744995117 29.484379386387445 0.0 0.0 0.0 0.0 0.0 0.0 0.0
8195 2753.3501358032227 1156.9116744995117 29.490410893378794 0.0 0.0 0.0 0.0 0.0 0.0 0.0
8206 2742.0554580688477 1156.9116744995117 29.497673518854754 0.0 0.0 0.0 0.0 0.0 0.0 0.0
8218 2733.5845108032227 1156.9116744995117 29.50273560107871 0.0 0.0 0.0 0.0 0.0 0.0 0.0
8231 2727.9372940063477 1156.9116744995117 29.505939554536724 0.0 0.0 0.0 0.0 0.0 0.0 0.0
8245 2722.2898330688477 1156.9116744995117 29.509005460840626 0.0 0.0 0.0 0.0 0.0 0.0 0.0
8255 2713.8188858032227 1154.0879440307617 30.870612310644503 0.0 0.0 0.0 0.0 0.0 0.0 0.0
8267 2694.0532608032227 1154.0879440307617 30.67342107514719 0.0 0.0 0.0 0.0 0.0 0.0 0.0
8282 2674.2876358032227 1154.0879440307617 30.506068360135316 0.0 0.0 0.0 0.0 0.0 0.0 0.0
8291 2654.5220108032227 1154.0879440307617 30.364089611378404 0.0 0.0 0.0 0.0 0.0 0.0 0.0
8304 2637.5801162719727 1154.0879440307617 30.25854287160365 0.0 0.0 0.0 0.0 0.0 0.0 0.0
8316 2626.2854385375977 1154.0879440307617 30.194715944981112 0.0 0.0 0.0 0.0 0.0 0.0 0.0
8331 2609.3435440063477 1154.0879440307617 30.111626669554767 0.0 0.0 0.0 0.0 0.0 0.0 0.0
8340 2595.2251358032227 1154.0879440307617 30.050215066457213 0.0 0.0 0.0 0.0 0.0 0.0 0.0
8353 2564.1648330688477 1154.0879440307617 29.944733355357016 0.0 0.0 0.0 0.0 0.0 0.0 0.0
8366 2535.9282608032227 1154.0879440307617 29.868352416292623 0.0 0.0 0.0 0.0 0.0 0.0 0.0
8381 2513.3389053344727 1154.0879440307617 29.81759958367013 0.0 0.0 0.0 0.0 0.0 0.0 0.0
8389 2496.3970108032227 1154.0879440307617 29.78460369097462 0.0 0.0 0.0 0.0 0.0 0.0 0.0
8402 2482.2786026000977 1154.0879440307617 29.760177660132058 0.0 0.0 0.0 0.0 0.0 0.0 0.0
8416 2459.6892471313477 1154.0879440307617 29.72776578236534 0.0 0.0 0.0 0.0 0.0 0.0 0.0
8427 2431.4526748657227 1154.0879440307617 29.695483168497844 0.0 0.0 0.0 0.0 0.0 0.0 0.0
8440 2403.2161026000977 1159.7352828979492 27.342006114540254 0.0 0.0 0.0 0.0 0.0 0.0 0.0
8451 2380.6267471313477 1159.7352828979492 27.71932901599928 0.0 0.0 0.0 0.0 0.0 0.0 0.0
8466 2360.8611221313477 1159.7352828979492 27.99951686332679 0.0 0.0 0.0 0.0 0.0 0.0 0.0
8476 2346.7429580688477 1159.7352828979492 28.177034104081258 0.0 0.0 0.0 0.0 0.0 0.0 0.0
8489 2338.2717666625977 1159.7352828979492 28.27594287649424 0.0 0.0 0.0 0.0 0.0 0.0 0.0
8500 2329.8008193969727 1159.7352828979492 28.367814579700052 0.0 0.0 0.0 0.0 0.0 0.0 0.0
8516 2321.3298721313477 1159.7352828979492 28.45317042272768 0.0 0.0 0.0 0.0 0.0 0.0 0.0
8525 2312.8589248657227 1159.7352828979492 28.532477328752634 0.0 0.0 0.0 0.0 0.0 0.0 0.0
8537 2304.3879776000977 1159.7352828979492 28.606146312911505 0.0 0.0 0.0 0.0 0.0 0.0 0.0
8550 2293.0932998657227 1159.7352828979492 28.695287171483642 0.0 0.0 0.0 0.0 0.0 0.0 0.0
8566 2287.4458389282227 1159.7352828979492 28.73771780180749 0.0 0.0 0.0 0.0 0.0 0.0 0.0
8574 2278.9748916625977 1159.7352828979492 28.796794530343732 0.0 0.0 0.0 0.0 0.0 0.0 0.0
8587 2270.5039443969727 1159.7352828979492 28.851675207400376 0.0 0.0 0.0 0.0 0.0 0.0 0.0
8599 2267.6802139282227 1159.7352828979492 28.869540805618044 0.0 0.0 0.0 0.0 0.0 0.0 0.0
8612 2264.8567276000977 1159.7352828979492 28.886914689026867 0.0 0.0 0.0 0.0 0.0 0.0 0.0
8623 2262.0329971313477 1159.7352828979492 28.903860250416983 0.0 0.0 0.0 0.0 0.0 0.0 0.0
8648 2259.2092666625977 1159.7352828979492 28.92037168909951 0.0 0.0 0.0 0.0 0.0 0.0 0.0
8660 2256.3855361938477 1159.7352828979492 28.936514894546917 0.0 0.0 0.0 0.0 0.0 0.0 0.0
8697 2256.3855361938477 1159.7352828979492 28.936496441833242 0.0 0.0 0.0 0.0 0.0 0.0 0.0
8721 2253.5620498657227 1159.7352828979492 28.952224174686876 0.0 0.0 0.0 0.0 0.0 0.0 0.0
8746 2250.7383193969727 1159.7352828979492 28.967567793581793 0.0 0.0 0.0 0.0 0.0 0.0 0.0
8758 2247.9145889282227 1159.7352828979492 28.98253914830707 0.0 0.0 0.0 0.0 0.0 0.0 0.0
8796 2245.0911026000977 1159.7352828979492 28.997139655895694 0.0 0.0 0.0 0.0 0.0 0.0 0.0
8808 2242.2673721313477 1159.7352828979492 29.011372999711625 0.0 0.0 0.0 0.0 0.0 0.0 0.0
8819 2239.4436416625977 1159.7352828979492 29.02523548636293 0.0 0.0 0.0 0.0 0.0 0.0 0.0
8833 2236.6199111938477 1159.7352828979492 29.038728340983198 0.0 0.0 0.0 0.0 0.0 0.0 0.0
8844 2230.9726943969727 1159.7352828979492 29.064458468395515 0.0 0.0 0.0 0.0 0.0 0.0 0.0
8857 2228.1489639282227 1159.7352828979492 29.076989074424148 0.0 0.0 0.0 0.0 0.0 0.0 0.0
8868 2225.3254776000977 1159.7352828979492 29.089248758749136 0.0 0.0 0.0 0.0 0.0 0.0 0.0
8883 2216.8542861938477 1159.7352828979492 29.123364926217846 0.0 0.0 0.0 0.0 0.0 0.0 0.0
8893 2214.0307998657227 1159.7352828979492 29.134471069599158 0.0 0.0 0.0 0.0 0.0 0.0 0.0
8906 2211.2070693969727 1159.7352828979492 29.145254121990035 0.0 0.0 0.0 0.0 0.0 0.0 0.0
8917 2208.3833389282227 1159.7352828979492 29.155788907899534 0.0 0.0 0.0 0.0 0.0 0.0 0.0
8933 2205.5596084594727 1159.7352828979492 29.16607815926693 0.0 0.0 0.0 0.0 0.0 0.0 0.0
8942 2202.7361221313477 1159.7352828979492 29.17612011947506 0.0 0.0 0.0 0.0 0.0 0.0 0.0
8955 2199.9123916625977 1159.7352828979492 29.185916498037727 0.0 0.0 0.0 0.0 0.0 0.0 0.0
8979 2197.0886611938477 1159.7352828979492 29.195466428025952 0.0 0.0 0.0 0.0 0.0 0.0 0.0
8991 2194.2651748657227 1162.5588912963867 27.78024482726022 0.0 0.0 0.0 0.0 0.0 0.0 0.0
9004 2194.2651748657227 1162.5588912963867 27.780214863069318 0.0 0.0 0.0 0.0 0.0 0.0 0.0
9029 2188.6177139282227 1162.5588912963867 27.867022737059642 0.0 0.0 0.0 0.0 0.0 0.0 0.0
9040 2185.7939834594727 1162.5588912963867 27.909326873174052 0.0 0.0 0.0 0.0 0.0 0.0 0.0
9053 2182.9704971313477 1165.3826217651367 26.527336294205156 0.0 0.0 0.0 0.0 0.0 0.0 0.0
9067 2180.1467666625977 1165.3826217651367 26.602973193434423 0.0 0.0 0.0 0.0 0.0 0.0 0.0
9080 2177.3230361938477 1165.3826217651367 26.676696884401167 0.0 0.0 0.0 0.0 0.0 0.0 0.0
9089 2174.4995498657227 1165.3826217651367 26.74862365381705 0.0 0.0 0.0 0.0 0.0 0.0 0.0
9126 2174.4995498657227 1171.0299606323242 23.839108391623597 0.0 0.0 0.0 0.0 0.0 0.0 0.0
9482 2166.0283584594727 1171.0299606323242 24.245826577583216 0.0 0.0 0.0 0.0 0.0 0.0 0.0
9494 2163.2048721313477 1171.0299606323242 24.378036261602574 0.0 0.0 0.0 0.0 0.0 0.0 0.0
9506 2157.5574111938477 1171.0299606323242 24.629709323178133 0.0 0.0 0.0 0.0 0.0 0.0 0.0
9519 2151.9101943969727 1171.0299606323242 24.869206997795345 0.0 0.0 0.0 0.0 0.0 0.0 0.0
9531 2146.2627334594727 1171.0299606323242 25.097103830515607 0.0 0.0 0.0 0.0 0.0 0.0 0.0
9544 2143.439125061035 1171.0299606323242 25.20825578467253 0.0 0.0 0.0 0.0 0.0 0.0 0.0
9556 2140.6155166625977 1171.0299606323242 25.31664443904549 0.0 0.0 0.0 0.0 0.0 0.0 0.0
9568 2134.96817779541 1171.0299606323242 25.522861919853653 0.0 0.0 0.0 0.0 0.0 0.0 0.0
9584 2132.14444732666 1171.0299606323242 25.623437703023683 0.0 0.0 0.0 0.0 0.0 0.0 0.0
9592 2132.14444732666 1171.0299606323242 25.623457312885535 0.0 0.0 0.0 0.0 0.0 0.0 0.0
9605 2129.3208389282227 1171.0299606323242 25.721516435193394 0.0 0.0 0.0 0.0 0.0 0.0 0.0
9630 2126.497230529785 1171.0299606323242 25.817110905791708 0.0 0.0 0.0 0.0 0.0 0.0 0.0
9642 2123.673500061035 1171.0299606323242 25.910356395365397 0.0 0.0 0.0 0.0 0.0 0.0 0.0
9654 2120.8498916625977 1171.0299606323242 26.001291092227632 0.0 0.0 0.0 0.0 0.0 0.0 0.0
9668 2118.0261611938477 1171.0299606323242 26.089946398337247 0.0 0.0 0.0 0.0 0.0 0.0 0.0
9680 2115.20255279541 1171.0299606323242 26.176422681285317 0.0 0.0 0.0 0.0 0.0 0.0 0.0
9703 2112.37882232666 1171.0299606323242 26.260742249140435 0.0 0.0 0.0 0.0 0.0 0.0 0.0
9728 2109.5552139282227 1171.0299606323242 26.34300670368657 0.0 0.0 0.0 0.0 0.0 0.0 0.0
9741 2106.7314834594727 1171.0299606323242 26.42323059051205 0.0 0.0 0.0 0.0 0.0 0.0 0.0
9752 2103.907875061035 1171.0299606323242 26.50141390613379 0.0 0.0 0.0 0.0 0.0 0.0 0.0
9777 2101.0842666625977 1171.0299606323242 26.5776765166097 0.0 0.0 0.0 0.0 0.0 0.0 0.0
9801 2098.2605361938477 1171.0299606323242 26.652021876114873 0.0 0.0 0.0 0.0 0.0 0.0 0.0
9813 2095.43692779541 1171.0299606323242 26.72456703524699 0.0 0.0 0.0 0.0 0.0 0.0 0.0
9826 2092.61319732666 1171.0299606323242 26.795268937167464 0.0 0.0 0.0 0.0 0.0 0.0 0.0
9838 2086.9658584594727 1171.0299606323242 26.929846527128007 0.0 0.0 0.0 0.0 0.0 0.0 0.0
9862 2084.142250061035 1171.0299606323242 26.995480776798445 0.0 0.0 0.0 0.0 0.0 0.0 0.0
9875 2081.318519592285 1171.0299606323242 27.059500293386293 0.0 0.0 0.0 0.0 0.0 0.0 0.0
9887 2078.4949111938477 1171.0299606323242 27.1219111785515 0.0 0.0 0.0 0.0 0.0 0.0 0.0
9900 2075.67130279541 1171.0299606323242 27.1827726588441 0.0 0.0 0.0 0.0 0.0 0.0 0.0
9923 2070.0239639282227 1171.0299606323242 27.29855191726574 0.0 0.0 0.0 0.0 0.0 0.0 0.0
9936 2070.0239639282227 1171.0299606323242 27.298542906781222 0.0 0.0 0.0 0.0 0.0 0.0 0.0
9949 2067.2002334594727 1171.0299606323242 27.354999664784316 0.0 0.0 0.0 0.0 0.0 0.0 0.0
9961 2061.552894592285 1171.0299606323242 27.462437784340523 0.0 0.0 0.0 0.0 0.0 0.0 0.0
9972 2058.7292861938477 1171.0299606323242 27.51480596104625 0.0 0.0 0.0 0.0 0.0 0.0 0.0
9986 2053.08194732666 1171.0299606323242 27.614514246106182 0.0 0.0 0.0 0.0 0.0 0.0 0.0
9999 2050.2583389282227 1171.0299606323242 27.663133003372195 0.0 0.0 0.0 0.0 0.0 0.0 0.0
10010 2044.6110000610352 1171.0299606323242 27.75563005074821 0.0 0.0 0.0 0.0 0.0 0.0 0.0
10021 2041.7872695922852 1171.0299606323242 27.8007186114923 0.0 0.0 0.0 0.0 0.0 0.0 0.0
10035 2038.9636611938477 1171.0299606323242 27.844665090432954 0.0 0.0 0.0 0.0 0.0 0.0 0.0
10052 2038.9636611938477 1171.0299606323242 27.844690124223007 0.0 0.0 0.0 0.0 0.0 0.0 0.0
10072 2036.1399307250977 1171.0299606323242 27.887570127655295 0.0 0.0 0.0 0.0 0.0 0.0 0.0
10084 2033.3163223266602 1171.0299606323242 27.92935751619609 0.0 0.0 0.0 0.0 0.0 0.0 0.0
10108 2030.4927139282227 1171.0299606323242 27.97015785906825 0.0 0.0 0.0 0.0 0.0 0.0 0.0
10145 2027.6689834594727 1171.0299606323242 28.009914626545424 0.0 0.0 0.0 0.0 0.0 0.0 0.0
10185 2024.8453750610352 1171.0299606323242 28.04867925172198 0.0 0.0 0.0 0.0 0.0 0.0 0.0
10193 2022.0216445922852 1171.0299606323242 28.08646170550901 0.0 0.0 0.0 0.0 0.0 0.0 0.0
10206 2019.1980361938477 1171.0299606323242 28.123313930180018 0.0 0.0 0.0 0.0 0.0 0.0 0.0
10231 2013.5506973266602 1171.0299606323242 28.193452140676527 0.0 0.0 0.0 0.0 0.0 0.0 0.0
10243 2010.7269668579102 1171.0299606323242 28.2276516186123 0.0 0.0 0.0 0.0 0.0 0.0 0.0
10255 2007.9033584594727 1171.0299606323242 28.260990267265015 0.0 0.0 0.0 0.0 0.0 0.0 0.0
10268 2002.2560195922852 1171.0299606323242 28.32447822031662 0.0 0.0 0.0 0.0 0.0 0.0 0.0
10281 1999.4324111938477 1171.0299606323242 28.355399809113806 0.0 0.0 0.0 0.0 0.0 0.0 0.0
10291 1996.6086807250977 1171.0299606323242 28.38559574035901 0.0 0.0 0.0 0.0 0.0 0.0 0.0
10304 1993.7850723266602 1171.0299606323242 28.41504997755493 0.0 0.0 0.0 0.0 0.0 0.0 0.0
10319 1988.1377334594727 1171.0299606323242 28.471070752002163 0.0 0.0 0.0 0.0 0.0 0.0 0.0
10341 1985.3140029907227 1171.0299606323242 28.49836296209469 0.0 0.0 0.0 0.0 0.0 0.0 0.0
10353 1982.4903945922852 1171.0299606323242 28.524981407505777 0.0 0.0 0.0 0.0 0.0 0.0 0.0
10378 1979.6667861938477 1171.0299606323242 28.550923406138395 0.0 0.0 0.0 0.0 0.0 0.0 0.0
10390 1976.8430557250977 1171.0299606323242 28.57625044751626 0.0 0.0 0.0 0.0 0.0 0.0 0.0
10403 1976.8430557250977 1171.0299606323242 28.576271166594154 0.0 0.0 0.0 0.0 0.0 0.0 0.0
10415 1974.0194473266602 1171.0299606323242 28.60095826634847 0.0 0.0 0.0 0.0 0.0 0.0 0.0
10428 1971.1957168579102 1171.0299606323242 28.62505113648683 0.0 0.0 0.0 0.0 0.0 0.0 0.0
10439 1968.3721084594727 1171.0299606323242 28.648526980500264 0.0 0.0 0.0 0.0 0.0 0.0 0.0
10452 1962.7247695922852 1171.0299606323242 28.693227867270707 0.0 0.0 0.0 0.0 0.0 0.0 0.0
10463 1957.0774307250977 1171.0299606323242 28.7357333869964 0.0 0.0 0.0 0.0 0.0 0.0 0.0
10476 1954.2538223266602 1173.8535690307617 27.332345720223316 0.0 0.0 0.0 0.0 0.0 0.0 0.0
10488 1948.6064834594727 1173.8535690307617 27.44090225982717 0.0 0.0 0.0 0.0 0.0 0.0 0.0
10502 1945.7827529907227 1173.8535690307617 27.493845667711355 0.0 0.0 0.0 0.0 0.0 0.0 0.0
10512 1942.9591445922852 1173.8535690307617 27.545445990356143 0.0 0.0 0.0 0.0 0.0 0.0 0.0
10525 1940.1354141235352 1173.8535690307617 27.595753232814502 0.0 0.0 0.0 0.0 0.0 0.0 0.0
10538 1937.3118057250977 1173.8535690307617 27.644822573962642 0.0 0.0 0.0 0.0 0.0 0.0 0.0
10600 1934.4881973266602 1173.8535690307617 27.69265834261728 0.0 0.0 0.0 0.0 0.0 0.0 0.0
10708 1931.6644668579102 1173.8535690307617 27.739326036866032 0.0 0.0 0.0 0.0 0.0 0.0 0.0
10758 1928.8408584594727 1173.8535690307617 27.784813852892626 0.0 0.0 0.0 0.0 0.0 0.0 0.0
10795 1926.0171279907227 1173.8535690307617 27.82919704780909 0.0 0.0 0.0 0.0 0.0 0.0 0.0
10831 1923.1935195922852 1173.8535690307617 27.87246609020923 0.0 0.0 0.0 0.0 0.0 0.0 0.0
10856 1920.3697891235352 1173.8535690307617 27.914626609357015 0.0 0.0 0.0 0.0 0.0 0.0 0.0
10893 1917.5461807250977 1173.8535690307617 27.955736607466235 0.0 0.0 0.0 0.0 0.0 0.0 0.0
10979 1914.7224502563477 1173.8535690307617 27.995861211435397 0.0 0.0 0.0 0.0 0.0 0.0 0.0
11408 1914.7224502563477 1173.8535690307617 27.99587770800656 0.0 0.0 0.0 0.0 0.0 0.0 0.0
11421 1909.0752334594727 1173.8535690307617 28.072218261074568 0.0 0.0 0.0 0.0 0.0 0.0 0.0
11436 1900.6041641235352 1173.8535690307617 28.178602047547088 0.0 0.0 0.0 0.0 0.0 0.0 0.0
11454 1897.7805557250977 1173.8535690307617 28.213168816302357 0.0 0.0 0.0 0.0 0.0 0.0 0.0
11458 1892.1332168579102 1173.8535690307617 28.278960351324315 0.0 0.0 0.0 0.0 0.0 0.0 0.0
11471 1889.3094863891602 1173.8535690307617 28.31103178237811 0.0 0.0 0.0 0.0 0.0 0.0 0.0
11483 1886.4858779907227 1173.8535690307617 28.342335115970286 0.0 0.0 0.0 0.0 0.0 0.0 0.0
11494 1883.6622695922852 1173.8535690307617 28.372839051978133 0.0 0.0 0.0 0.0 0.0 0.0 0.0
11506 1883.6622695922852 1176.6772994995117 26.912788928724922 0.0 0.0 0.0 0.0 0.0 0.0 0.0
11520 1880.8385391235352 1176.6772994995117 26.978829616379926 0.0 0.0 0.0 0.0 0.0 0.0 0.0
11530 1878.0149307250977 1176.6772994995117 27.043215749379954 0.0 0.0 0.0 0.0 0.0 0.0 0.0
11543 1875.1912002563477 1176.6772994995117 27.10600137003678 0.0 0.0 0.0 0.0 0.0 0.0 0.0
11568 1872.3675918579102 1176.6772994995117 27.167234758907398 0.0 0.0 0.0 0.0 0.0 0.0 0.0
11579 1869.5438613891602 1176.6772994995117 27.226929140270045 0.0 0.0 0.0 0.0 0.0 0.0 0.0
11592 1866.7202529907227 1176.6772994995117 27.285135935133326 0.0 0.0 0.0 0.0 0.0 0.0 0.0
11617 1863.8965225219727 1176.6772994995117 27.341926730818273 0.0 0.0 0.0 0.0 0.0 0.0 0.0
11630 1861.0729141235352 1176.6772994995117 27.39729425413975 0.0 0.0 0.0 0.0 0.0 0.0 0.0
11641 1858.2493057250977 1176.6772994995117 27.451302625904304 0.0 0.0 0.0 0.0 0.0 0.0 0.0
11654 1855.4255752563477 1176.6772994995117 27.503956395500552 0.0 0.0 0.0 0.0 0.0 0.0 0.0
11667 1852.6019668579102 1176.6772994995117 27.555310422629645 0.0 0.0 0.0 0.0 0.0 0.0 0.0
11678 1846.9546279907227 1176.6772994995117 27.653014716438406 0.0 0.0 0.0 0.0 0.0 0.0 0.0
11690 1844.1308975219727 1176.6772994995117 27.700675365362827 0.0 0.0 0.0 0.0 0.0 0.0 0.0
11704 1841.3072891235352 1179.5009078979492 26.32420454621763 0.0 0.0 0.0 0.0 0.0 0.0 0.0
11716 1838.4836807250977 1179.5009078979492 26.404840709172618 0.0 0.0 0.0 0.0 0.0 0.0 0.0
11727 1835.6599502563477 1182.3246383666992 25.06259822666175 0.0 0.0 0.0 0.0 0.0 0.0 0.0
11739 1832.8363418579102 1182.3246383666992 25.174567652617327 0.0 0.0 0.0 0.0 0.0 0.0 0.0
11754 1830.0126113891602 1182.3246383666992 25.283773865004832 0.0 0.0 0.0 0.0 0.0 0.0 0.0
11764 1824.3652725219727 1185.1482467651367 24.107089045875284 0.0 0.0 0.0 0.0 0.0 0.0 0.0
11777 1824.3652725219727 1187.9718551635742 22.656149980427926 0.0 0.0 0.0 0.0 0.0 0.0 0.0
11788 1821.5416641235352 1187.9718551635742 22.827693989684008 0.0 0.0 0.0 0.0 0.0 0.0 0.0
11804 1818.7179336547852 1187.9718551635742 22.995013699784636 0.0 0.0 0.0 0.0 0.0 0.0 0.0
11813 1810.2469863891602 1190.7955856323242 22.114622868777133 0.0 0.0 0.0 0.0 0.0 0.0 0.0
11825 1804.5996475219727 1190.7955856323242 22.47555544965678 0.0 0.0 0.0 0.0 0.0 0.0 0.0
11837 1793.3049697875977 1190.7955856323242 23.131035932984446 0.0 0.0 0.0 0.0 0.0 0.0 0.0
11851 1790.4813613891602 1193.6191940307617 21.878210215124 0.0 0.0 0.0 0.0 0.0 0.0 0.0
11862 1782.0104141235352 1193.6191940307617 22.423569218106195 0.0 0.0 0.0 0.0 0.0 0.0 0.0
11874 1773.5393447875977 1193.6191940307617 22.930400829737778 0.0 0.0 0.0 0.0 0.0 0.0 0.0
11887 1770.7157363891602 1193.6191940307617 23.09513855057901 0.0 0.0 0.0 0.0 0.0 0.0 0.0
11900 1767.8920059204102 1196.4429244995117 21.843295812391716 0.0 0.0 0.0 0.0 0.0 0.0 0.0
11911 1762.2447891235352 1199.2665328979492 20.84218259897648 0.0 0.0 0.0 0.0 0.0 0.0 0.0
11936 1759.4210586547852 1199.2665328979492 21.05845882972926 0.0 0.0 0.0 0.0 0.0 0.0 0.0
11960 1756.5974502563477 1199.2665328979492 21.26943257981509 0.0 0.0 0.0 0.0 0.0 0.0 0.0
11972 1756.5974502563477 1202.0902633666992 19.82886488039486 0.0 0.0 0.0 0.0 0.0 0.0 0.0
11987 1753.7737197875977 1202.0902633666992 20.070081157028767 0.0 0.0 0.0 0.0 0.0 0.0 0.0
12009 1750.9501113891602 1202.0902633666992 20.30535165006097 0.0 0.0 0.0 0.0 0.0 0.0 0.0
12022 1748.1263809204102 1202.0902633666992 20.534852357063073 0.0 0.0 0.0 0.0 0.0 0.0 0.0
12566 1745.3027725219727 1202.0902633666992 20.7586802951447 0.0 0.0 0.0 0.0 0.0 0.0 0.0
12587 1742.4790420532227 1202.0902633666992 20.977028153311267 0.0 0.0 0.0 0.0 0.0 0.0 0.0
12598 1739.6554336547852 1202.0902633666992 21.189984111741012 0.0 0.0 0.0 0.0 0.0 0.0 0.0
12611 1736.8318252563477 1202.0902633666992 21.39771071926873 0.0 0.0 0.0 0.0 0.0 0.0 0.0
12624 1734.0080947875977 1204.9138717651367 20.19376981048572 0.0 0.0 0.0 0.0 0.0 0.0 0.0
12638 1731.1844863891602 1204.9138717651367 20.425988965131523 0.0 0.0 0.0 0.0 0.0 0.0 0.0
12647 1728.3607559204102 1207.7374801635742 19.249940737827558 0.0 0.0 0.0 0.0 0.0 0.0 0.0
12660 1722.7134170532227 1207.7374801635742 19.748507230024416 0.0 0.0 0.0 0.0 0.0 0.0 0.0
12672 1719.8898086547852 1210.5612106323242 18.591957422270752 0.0 0.0 0.0 0.0 0.0 0.0 0.0
12688 1714.2424697875977 1210.5612106323242 19.121934378889136 0.0 0.0 0.0 0.0 0.0 0.0 0.0
12696 1711.4188613891602 1210.5612106323242 19.38046467848062 0.0 0.0 0.0 0.0 0.0 0.0 0.0
12709 1708.5951309204102 1210.5612106323242 19.632624813131486 0.0 0.0 0.0 0.0 0.0 0.0 0.0
12733 1705.7715225219727 1210.5612106323242 19.87860403349862 0.0 0.0 0.0 0.0 0.0 0.0 0.0
12758 1702.9477920532227 1210.5612106323242 20.11860287412685 0.0 0.0 0.0 0.0 0.0 0.0 0.0
12771 1702.9477920532227 1213.3848190307617 18.683313211360257 0.0 0.0 0.0 0.0 0.0 0.0 0.0
12784 1700.1241836547852 1213.3848190307617 18.952543529134232 0.0 0.0 0.0 0.0 0.0 0.0 0.0
12831 1697.3004531860352 1213.3848190307617 19.21522767805652 0.0 0.0 0.0 0.0 0.0 0.0 0.0
12868 1697.3004531860352 1213.3848190307617 19.215224167857343 0.0 0.0 0.0 0.0 0.0 0.0 0.0
12892 1694.4768447875977 1213.3848190307617 19.4714445440261 0.0 0.0 0.0 0.0 0.0 0.0 0.0
12905 1691.6532363891602 1213.3848190307617 19.721387753506065 0.0 0.0 0.0 0.0 0.0 0.0 0.0
12919 1686.0058975219727 1213.3848190307617 20.197330101137368 0.0 0.0 0.0 0.0 0.0 0.0 0.0
12929 1680.3585586547852 1213.3848190307617 20.65049075506579 0.0 0.0 0.0 0.0 0.0 0.0 0.0
12941 1674.7112197875977 1216.2085494995117 19.710968382467513 0.0 0.0 0.0 0.0 0.0 0.0 0.0
12956 1666.2402725219727 1216.2085494995117 20.408944646825148 0.0 0.0 0.0 0.0 0.0 0.0 0.0
12966 1657.7692031860352 1216.2085494995117 21.057827950990372 0.0 0.0 0.0 0.0 0.0 0.0 0.0
12978 1652.1218643188477 1219.0321578979492 20.097296062173086 0.0 0.0 0.0 0.0 0.0 0.0 0.0
12990 1643.6509170532227 1219.0321578979492 20.768131712906893 0.0 0.0 0.0 0.0 0.0 0.0 0.0
13006 1635.1799697875977 1219.0321578979492 21.391761999457913 0.0 0.0 0.0 0.0 0.0 0.0 0.0
13015 1635.1799697875977 1219.0321578979492 21.391751017160345 0.0 0.0 0.0 0.0 0.0 0.0 0.0
13027 1632.3562393188477 1219.0321578979492 21.594502774380203 0.0 0.0 0.0 0.0 0.0 0.0 0.0
13039 1626.7089004516602 1219.0321578979492 21.98046642161637 0.0 0.0 0.0 0.0 0.0 0.0 0.0
13055 1626.7089004516602 1221.8558883666992 20.536957130125074 0.0 0.0 0.0 0.0 0.0 0.0 0.0
13064 1623.8852920532227 1221.8558883666992 20.760737190473094 0.0 0.0 0.0 0.0 0.0 0.0 0.0
13077 1621.0615615844727 1221.8558883666992 20.979024091578594 0.0 0.0 0.0 0.0 0.0 0.0 0.0
13090 1618.2379531860352 1221.8558883666992 21.191910026580217 0.0 0.0 0.0 0.0 0.0 0.0 0.0
13567 1615.4143447875977 1221.8558883666992 21.399575722281725 0.0 0.0 0.0 0.0 0.0 0.0 0.0
13580 1609.7670059204102 1221.8558883666992 21.794963347412818 0.0 0.0 0.0 0.0 0.0 0.0 0.0
13592 1606.9432754516602 1221.8558883666992 21.987758396889376 0.0 0.0 0.0 0.0 0.0 0.0 0.0
13607 1604.1196670532227 1221.8558883666992 22.175782539238696 0.0 0.0 0.0 0.0 0.0 0.0 0.0
13616 1604.1196670532227 1221.8558883666992 22.175781711674517 0.0 0.0 0.0 0.0 0.0 0.0 0.0
13634 1601.2959365844727 1224.6794967651367 20.949800468943977 0.0 0.0 0.0 0.0 0.0 0.0 0.0
13641 1595.6487197875977 1224.6794967651367 21.366791645495994 0.0 0.0 0.0 0.0 0.0 0.0 0.0
13667 1587.1776504516602 1227.5032272338867 20.60617712972396 0.0 0.0 0.0 0.0 0.0 0.0 0.0
13685 1581.5303115844727 1227.5032272338867 21.039682985856075 0.0 0.0 0.0 0.0 0.0 0.0 0.0
13702 1575.8829727172852 1227.5032272338867 21.452376474091693 0.0 0.0 0.0 0.0 0.0 0.0 0.0
13703 1573.0593643188477 1227.5032272338867 21.65363317209426 0.0 0.0 0.0 0.0 0.0 0.0 0.0
13720 1567.4120254516602 1227.5032272338867 22.036760246643894 0.0 0.0 0.0 0.0 0.0 0.0 0.0
13737 1561.7646865844727 1230.3268356323242 21.02570041922428 0.0 0.0 0.0 0.0 0.0 0.0 0.0
13754 1558.9410781860352 1230.3268356323242 21.237464995051027 0.0 0.0 0.0 0.0 0.0 0.0 0.0
13771 1556.1173477172852 1230.3268356323242 21.44399620105105 0.0 0.0 0.0 0.0 0.0 0.0 0.0
13788 1553.2937393188477 1233.1504440307617 20.238776947588917 0.0 0.0 0.0 0.0 0.0 0.0 0.0
14230 1547.6464004516602 1233.1504440307617 20.68992585378902 0.0 0.0 0.0 0.0 0.0 0.0 0.0
14241 1544.8227920532227 1233.1504440307617 20.909967157501853 0.0 0.0 0.0 0.0 0.0 0.0 0.0
14254 1539.1754531860352 1233.1504440307617 21.328897975539007 0.0 0.0 0.0 0.0 0.0 0.0 0.0
14266 1536.3517227172852 1233.1504440307617 21.533176179166844 0.0 0.0 0.0 0.0 0.0 0.0 0.0
14279 1533.5281143188477 1233.1504440307617 21.732424008013595 0.0 0.0 0.0 0.0 0.0 0.0 0.0
14292 1530.7043838500977 1233.1504440307617 21.9268068377055 0.0 0.0 0.0 0.0 0.0 0.0 0.0
14308 1527.8807754516602 1235.9741744995117 20.707781077107143 0.0 0.0 0.0 0.0 0.0 0.0 0.0
14316 1525.0570449829102 1235.9741744995117 20.927382448028652 0.0 0.0 0.0 0.0 0.0 0.0 0.0
14758 1519.4098281860352 1235.9741744995117 21.34544193570457 0.0 0.0 0.0 0.0 0.0 0.0 0.0
14770 1513.7624893188477 1235.9741744995117 21.743439207000733 0.0 0.0 0.0 0.0 0.0 0.0 0.0
14789 1510.9387588500977 1235.9741744995117 21.937500243771467 0.0 0.0 0.0 0.0 0.0 0.0 0.0
14797 1508.1151504516602 1235.9741744995117 22.126795666702606 0.0 0.0 0.0 0.0 0.0 0.0 0.0
14809 1502.4678115844727 1235.9741744995117 22.48713930703252 0.0 0.0 0.0 0.0 0.0 0.0 0.0
14820 1499.6442031860352 1235.9741744995117 22.66286562916332 0.0 0.0 0.0 0.0 0.0 0.0 0.0
14831 1496.8204727172852 1235.9741744995117 22.834281751346225 0.0 0.0 0.0 0.0 0.0 0.0 0.0
15248 1491.1731338500977 1235.9741744995117 23.16048827294128 0.0 0.0 0.0 0.0 0.0 0.0 0.0
15260 1485.5257949829102 1235.9741744995117 23.47099951883274 0.0 0.0 0.0 0.0 0.0 0.0 0.0
15274 1477.0548477172852 1235.9741744995117 23.903788180389597 0.0 0.0 0.0 0.0 0.0 0.0 0.0
15285 1471.4075088500977 1235.9741744995117 24.17836364456275 0.0 0.0 0.0 0.0 0.0 0.0 0.0
15297 1462.9365615844727 1238.7977828979492 23.211378592470965 0.0 0.0 0.0 0.0 0.0 0.0 0.0
15309 1460.1128311157227 1238.7977828979492 23.369200335551227 0.0 0.0 0.0 0.0 0.0 0.0 0.0
15603 1457.2892227172852 1238.7977828979492 23.523111508797456 0.0 0.0 0.0 0.0 0.0 0.0 0.0
15616 1454.4654922485352 1238.7977828979492 23.67321136665055 0.0 0.0 0.0 0.0 0.0 0.0 0.0
15628 1451.6418838500977 1238.7977828979492 23.819598088869384 0.0 0.0 0.0 0.0 0.0 0.0 0.0
15643 1448.8182754516602 1238.7977828979492 23.96235944371506 0.0 0.0 0.0 0.0 0.0 0.0 0.0
15652 1448.8182754516602 1238.7977828979492 23.962379418770126 0.0 0.0 0.0 0.0 0.0 0.0 0.0
15665 1443.1709365844727 1238.7977828979492 24.234134759792482 0.0 0.0 0.0 0.0 0.0 0.0 0.0
15677 1440.3472061157227 1238.7977828979492 24.366667559492214 0.0 0.0 0.0 0.0 0.0 0.0 0.0
15693 1434.6998672485352 1238.7977828979492 24.61889894056901 0.0 0.0 0.0 0.0 0.0 0.0 0.0
15701 1429.0525283813477 1238.7977828979492 24.85889143669749 0.0 0.0 0.0 0.0 0.0 0.0 0.0
15714 1420.5815811157227 1238.7977828979492 25.193368522735682 0.0 0.0 0.0 0.0 0.0 0.0 0.0
15726 1414.9342422485352 1241.6215133666992 24.021243584267836 0.0 0.0 0.0 0.0 0.0 0.0 0.0
15742 1409.2869033813477 1241.6215133666992 24.290133619296682 0.0 0.0 0.0 0.0 0.0 0.0 0.0
15751 1403.6395645141602 1241.6215133666992 24.546027884400644 0.0 0.0 0.0 0.0 0.0 0.0 0.0
15763 1397.9923477172852 1241.6215133666992 24.789543473512026 0.0 0.0 0.0 0.0 0.0 0.0 0.0
15776 1392.3450088500977 1241.6215133666992 25.021266980444466 0.0 0.0 0.0 0.0 0.0 0.0 0.0
15861 1392.3450088500977 1244.4451217651367 23.567711348063085 0.0 0.0 0.0 0.0 0.0 0.0 0.0
16254 1389.5212783813477 1244.4451217651367 23.71670585234716 0.0 0.0 0.0 0.0 0.0 0.0 0.0
16267 1386.6976699829102 1244.4451217651367 23.862025084766856 0.0 0.0 0.0 0.0 0.0 0.0 0.0
16282 1386.6976699829102 1244.4451217651367 23.862000545037063 0.0 0.0 0.0 0.0 0.0 0.0 0.0
16293 1378.2267227172852 1244.4451217651367 24.267119496887517 0.0 0.0 0.0 0.0 0.0 0.0 0.0
16304 1372.5793838500977 1247.2688522338867 23.14195637985665 0.0 0.0 0.0 0.0 0.0 0.0 0.0
16321 1366.9320449829102 1247.2688522338867 23.453329867498383 0.0 0.0 0.0 0.0 0.0 0.0 0.0
16328 1361.2847061157227 1250.0924606323242 22.369664049893004 0.0 0.0 0.0 0.0 0.0 0.0 0.0
16339 1358.4609756469727 1252.9161911010742 21.13815613959372 0.0 0.0 0.0 0.0 0.0 0.0 0.0
16352 1355.6373672485352 1252.9161911010742 21.347128381323273 0.0 0.0 0.0 0.0 0.0 0.0 0.0
16365 1355.6373672485352 1255.7397994995117 19.906293794803616 0.0 0.0 0.0 0.0 0.0 0.0 0.0
16377 1349.9900283813477 1258.5634078979492 19.00546912689674 0.0 0.0 0.0 0.0 0.0 0.0 0.0
16389 1349.9900283813477 1261.3871383666992 17.575736974719575 0.0 0.0 0.0 0.0 0.0 0.0 0.0
16401 1347.1664199829102 1264.2107467651367 16.483069718563968 0.0 0.0 0.0 0.0 0.0 0.0 0.0