0 2000.0 1500.0 0 0.0 0.0 0.0 0.0 0.0 0.0 0.0
32 2000.0 1500.0 0 0.0 0.0 0.0 0.0 0.0 0.0 0.0
132 2000.0 1500.0 0 0.0 0.0 0.0 0.0 0.0 0.0 0.0
146 2000.0 1500.0 0 0.0 0.0 0.0 0.0 0.0 0.0 0.0
163 2000.0 1500.0 0 0.0 0.0 0.0 0.0 0.0 0.0 0.0
180 2000.0 1500.0 0 0.0 0.0 0.0 0.0 0.0 0.0 0.0
1225 2000.0 1500.0 0 0.0 0.0 0.0 0.0 0.0 0.0 0.0
1286 2003.194091796875 1500.0 0.02327206935490267 0.0 0.0 0.0 0.0 0.0 0.0 0.0
1337 1993.612060546875 1503.194091796875 0.22351923997184997 0.0 0.0 0.0 0.0 0.0 0.0 0.0
1348 1968.0595703125 1506.38818359375 0.31554259945926333 0.0 0.0 0.0 0.0 0.0 0.0 0.0
1364 1913.760986328125 1509.5821533203125 0.20127867965732094 0.0 0.0 0.0 0.0 0.0 0.0 0.0
1380 1808.35791015625 1509.5821533203125 359.32605222430993 0.0 0.0 0.0 0.0 0.0 0.0 0.0
1395 1661.43212890625 1509.5821533203125 357.7737978402984 0.0 0.0 0.0 0.0 0.0 0.0 0.0
1399 1524.08837890625 1509.5821533203125 355.9615982795875 0.0 0.0 0.0 0.0 0.0 0.0 0.0
1414 1412.297119140625 1509.5821533203125 354.20268927915856 0.0 0.0 0.0 0.0 0.0 0.0 0.0
1432 1342.0283203125 1509.5821533203125 352.9730502821903 0.0 0.0 0.0 0.0 0.0 0.0 0.0
1448 1294.11767578125 1503.194091796875 351.5130083153677 0.0 0.0 0.0 0.0 0.0 0.0 0.0
1464 1243.0130615234375 1503.194091796875 350.4534695006804 0.0 0.0 0.0 0.0 0.0 0.0 0.0
1480 1230.2369384765625 1503.194091796875 350.1790339165542 0.0 0.0 0.0 0.0 0.0 0.0 0.0
1488 1227.04296875 1503.194091796875 350.1101298743588 0.0 0.0 0.0 0.0 0.0 0.0 0.0
1650 1223.848876953125 1506.38818359375 350.3015003337659 0.0 0.0 0.0 0.0 0.0 0.0 0.0
1664 1217.4608154296875 1519.164306640625 351.21558068329534 0.0 0.0 0.0 0.0 0.0 0.0 0.0
1679 1201.4906005859375 1525.5523681640625 351.4221157165763 0.0 0.0 0.0 0.0 0.0 0.0 0.0
1696 1179.13232421875 1541.5225830078125 352.318193380969 0.0 0.0 0.0 0.0 0.0 0.0 0.0
1699 1147.1920166015625 1547.91064453125 352.24937661010784 0.0 0.0 0.0 0.0 0.0 0.0 0.0
1714 1112.0576171875 1551.1046142578125 351.8387512887817 0.0 0.0 0.0 0.0 0.0 0.0 0.0
1730 1083.311279296875 1554.2987060546875 351.53758887246187 0.0 0.0 0.0 0.0 0.0 0.0 0.0
1758 1057.7589111328125 1554.2987060546875 351.0191975713051 0.0 0.0 0.0 0.0 0.0 0.0 0.0
1761 1041.7886962890625 1554.2987060546875 350.687671781674 0.0 0.0 0.0 0.0 0.0 0.0 0.0
1782 1029.0125732421875 1554.2987060546875 350.41756797844846 0.0 0.0 0.0 0.0 0.0 0.0 0.0
1926 1032.2066650390625 1547.91064453125 349.9691126123716 0.0 0.0 0.0 0.0 0.0 0.0 0.0
1941 1035.400634765625 1544.716552734375 349.78073708623924 0.0 0.0 0.0 0.0 0.0 0.0 0.0
1958 1044.9827880859375 1541.5225830078125 349.7338715235011 0.0 0.0 0.0 0.0 0.0 0.0 0.0
1971 1054.56494140625 1535.134521484375 349.4331268786881 0.0 0.0 0.0 0.0 0.0 0.0 0.0
1986 1076.923095703125 1522.3582763671875 348.92228160540145 0.0 0.0 0.0 0.0 0.0 0.0 0.0
2000 1112.0576171875 1506.38818359375 348.47585426813583 0.0 0.0 0.0 0.0 0.0 0.0 0.0
2002 1163.162109375 1480.8358154296875 347.7032674637225 0.0 0.0 0.0 0.0 0.0 0.0 0.0
2021 1227.04296875 1458.4775390625 347.523556963326 0.0 0.0 0.0 0.0 0.0 0.0 0.0
2038 1281.341552734375 1442.50732421875 347.6069032120894 0.0 0.0 0.0 0.0 0.0 0.0 0.0
2063 1332.4461669921875 1429.731201171875 347.8474556623538 0.0 0.0 0.0 0.0 0.0 0.0 0.0
2064 1412.297119140625 1416.955078125 348.6998057282009 0.0 0.0 0.0 0.0 0.0 0.0 0.0
2079 1450.62548828125 1410.5670166015625 349.06752683753643 0.0 0.0 0.0 0.0 0.0 0.0 0.0
2096 1488.9541015625 1404.178955078125 349.41557057414184 0.0 0.0 0.0 0.0 0.0 0.0 0.0
2114 1524.08837890625 1400.98486328125 349.9239762677135 0.0 0.0 0.0 0.0 0.0 0.0 0.0
2115 1556.02880859375 1394.5968017578125 350.0955193917196 0.0 0.0 0.0 0.0 0.0 0.0 0.0
2130 1578.386962890625 1385.0146484375 349.81096479235725 0.0 0.0 0.0 0.0 0.0 0.0 0.0
2147 1584.775146484375 1378.6265869140625 349.43817831155593 0.0 0.0 0.0 0.0 0.0 0.0 0.0
2313 1587.96923828125 1378.6265869140625 349.5098006863783 0.0 0.0 0.0 0.0 0.0 0.0 0.0
2328 1591.163330078125 1375.4326171875 349.3240563548457 0.0 0.0 0.0 0.0 0.0 0.0 0.0
2345 1600.745361328125 1375.4326171875 349.53857029634344 0.0 0.0 0.0 0.0 0.0 0.0 0.0
2353 1619.90966796875 1372.238525390625 349.7044041286523 0.0 0.0 0.0 0.0 0.0 0.0 0.0
2363 1648.656005859375 1362.656494140625 349.57104827019305 0.0 0.0 0.0 0.0 0.0 0.0 0.0
2378 1686.984375 1359.46240234375 350.13739225538234 0.0 0.0 0.0 0.0 0.0 0.0 0.0
2397 1731.700927734375 1356.268310546875 350.7986135016672 0.0 0.0 0.0 0.0 0.0 0.0 0.0
2409 1779.611572265625 1349.8802490234375 351.2349363425177 0.0 0.0 0.0 0.0 0.0 0.0 0.0
2414 1824.327880859375 1349.8802490234375 352.07486131247174 0.0 0.0 0.0 0.0 0.0 0.0 0.0
2430 1865.8505859375 1349.8802490234375 352.81107472226404 0.0 0.0 0.0 0.0 0.0 0.0 0.0
2445 1900.98486328125 1349.8802490234375 353.4041282318166 0.0 0.0 0.0 0.0 0.0 0.0 0.0
2462 1939.313232421875 1356.268310546875 354.5172024281808 0.0 0.0 0.0 0.0 0.0 0.0 0.0
2463 1971.253662109375 1362.656494140625 355.4894479762001 0.0 0.0 0.0 0.0 0.0 0.0 0.0
2479 1996.80615234375 1369.0445556640625 356.3427304559691 0.0 0.0 0.0 0.0 0.0 0.0 0.0
2495 2019.164306640625 1372.238525390625 356.8736496060917 0.0 0.0 0.0 0.0 0.0 0.0 0.0
2508 2028.746337890625 1375.4326171875 357.2479363778243 0.0 0.0 0.0 0.0 0.0 0.0 0.0
2678 2031.9404296875 1375.4326171875 357.28394272503795 0.0 0.0 0.0 0.0 0.0 0.0 0.0
2694 2041.5224609375 1372.238525390625 357.1284752699848 0.0 0.0 0.0 0.0 0.0 0.0 0.0
2704 2060.686767578125 1369.0445556640625 357.08448703255567 0.0 0.0 0.0 0.0 0.0 0.0 0.0
2714 2095.8212890625 1362.656494140625 356.9657464122425 0.0 0.0 0.0 0.0 0.0 0.0 0.0
2731 2150.119873046875 1349.8802490234375 356.5728468560187 0.0 0.0 0.0 0.0 0.0 0.0 0.0
2746 2223.582763671875 1340.2982177734375 356.67050052906086 0.0 0.0 0.0 0.0 0.0 0.0 0.0
2754 2287.46337890625 1337.1041259765625 357.1385965701935 0.0 0.0 0.0 0.0 0.0 0.0 0.0
2775 2335.3740234375 1333.9100341796875 357.4045870778268 0.0 0.0 0.0 0.0 0.0 0.0 0.0
2785 2373.702392578125 1333.9100341796875 357.8076084220561 0.0 0.0 0.0 0.0 0.0 0.0 0.0
2799 2402.44873046875 1333.9100341796875 358.097741333172 0.0 0.0 0.0 0.0 0.0 0.0 0.0
2803 2431.195068359375 1340.2982177734375 358.8881406501348 0.0 0.0 0.0 0.0 0.0 0.0 0.0
2814 2453.553466796875 1343.4921875 359.340213540546 0.0 0.0 0.0 0.0 0.0 0.0 0.0
2828 2472.7177734375 1349.8802490234375 0.014449969436384436 0.0 0.0 0.0 0.0 0.0 0.0 0.0
2845 2482.2998046875 1353.0743408203125 0.34703743068541826 0.0 0.0 0.0 0.0 0.0 0.0 0.0
2863 2488.687744140625 1356.268310546875 0.6550916212378155 0.0 0.0 0.0 0.0 0.0 0.0 0.0
3056 2530.21044921875 1340.2982177734375 359.6454025717203 0.0 0.0 0.0 0.0 0.0 0.0 0.0
3069 2610.061279296875 1308.3577880859375 357.8221584322937 0.0 0.0 0.0 0.0 0.0 0.0 0.0
3084 2705.88232421875 1282.8055419921875 356.840433563716 0.0 0.0 0.0 0.0 0.0 0.0 0.0
3099 2788.927490234375 1266.8353271484375 356.54007557380373 0.0 0.0 0.0 0.0 0.0 0.0 0.0
3109 2852.80810546875 1260.447265625 356.7765371595491 0.0 0.0 0.0 0.0 0.0 0.0 0.0
3116 2900.71875 1260.447265625 357.31463631039554 0.0 0.0 0.0 0.0 0.0 0.0 0.0
3131 2939.047119140625 1260.447265625 357.7223857474502 0.0 0.0 0.0 0.0 0.0 0.0 0.0
3145 2967.79345703125 1266.8353271484375 358.5275009492943 0.0 0.0 0.0 0.0 0.0 0.0 0.0
3162 2993.345703125 1273.223388671875 359.27527146815396 0.0 0.0 0.0 0.0 0.0 0.0 0.0
3165 3002.927978515625 1276.4173583984375 359.6177572402619 0.0 0.0 0.0 0.0 0.0 0.0 0.0
3179 3002.927978515625 1279.6114501953125 359.8848933024659 0.0 0.0 0.0 0.0 0.0 0.0 0.0
3379 3009.31591796875 1279.6114501953125 359.9322804603239 0.0 0.0 0.0 0.0 0.0 0.0 0.0
3395 3015.7041015625 1279.6114501953125 359.9792406875239 0.0 0.0 0.0 0.0 0.0 0.0 0.0
3412 3018.898193359375 1276.4173583984375 359.7367952001906 0.0 0.0 0.0 0.0 0.0 0.0 0.0
3420 3022.09228515625 1273.223388671875 359.4955771401644 0.0 0.0 0.0 0.0 0.0 0.0 0.0
3431 3028.480224609375 1273.223388671875 359.54656381064086 0.0 0.0 0.0 0.0 0.0 0.0 0.0
3446 3031.67431640625 1270.029296875 359.30631073221707 0.0 0.0 0.0 0.0 0.0 0.0 0.0
3462 3034.868408203125 1270.029296875 359.3327968409385 0.0 0.0 0.0 0.0 0.0 0.0 0.0
3470 3041.25634765625 1270.029296875 359.3852881502008 0.0 0.0 0.0 0.0 0.0 0.0 0.0
3742 3038.062255859375 1273.223388671875 359.6271801270742 0.0 0.0 0.0 0.0 0.0 0.0 0.0
3762 3034.868408203125 1273.223388671875 359.60193484666956 0.0 0.0 0.0 0.0 0.0 0.0 0.0
3780 3028.480224609375 1276.4173583984375 359.82057832183375 0.0 0.0 0.0 0.0 0.0 0.0 0.0
3805 3025.2861328125 1276.4173583984375 359.7962591867443 0.0 0.0 0.0 0.0 0.0 0.0 0.0
3820 3022.09228515625 1279.6114501953125 0.04025653539127916 0.0 0.0 0.0 0.0 0.0 0.0 0.0
3843 3018.898193359375 1282.8055419921875 0.2854944311675638 0.0 0.0 0.0 0.0 0.0 0.0 0.0
3855 3015.7041015625 1282.8055419921875 0.26334193060343125 0.0 0.0 0.0 0.0 0.0 0.0 0.0
3893 3012.510009765625 1282.8055419921875 0.2410852151524523 0.0 0.0 0.0 0.0 0.0 0.0 0.0
3956 3009.31591796875 1285.99951171875 0.4873270216383503 0.0 0.0 0.0 0.0 0.0 0.0 0.0
3996 3006.1220703125 1285.99951171875 0.4661229380674001 0.0 0.0 0.0 0.0 0.0 0.0 0.0
4012 3002.927978515625 1285.99951171875 0.4448204963042315 0.0 0.0 0.0 0.0 0.0 0.0 0.0
4034 2999.73388671875 1285.99951171875 0.4234170375700046 0.0 0.0 0.0 0.0 0.0 0.0 0.0
4049 2999.73388671875 1289.193603515625 0.6908486445635731 0.0 0.0 0.0 0.0 0.0 0.0 0.0
4063 2996.539794921875 1289.193603515625 0.6706007563123393 0.0 0.0 0.0 0.0 0.0 0.0 0.0
4084 2993.345703125 1289.193603515625 0.6502556341944512 0.0 0.0 0.0 0.0 0.0 0.0 0.0
4099 2990.15185546875 1289.193603515625 0.6298196717592504 0.0 0.0 0.0 0.0 0.0 0.0 0.0
4115 2983.763671875 1289.193603515625 0.5885445456521836 0.0 0.0 0.0 0.0 0.0 0.0 0.0
4131 2980.569580078125 1289.193603515625 0.5678097439668193 0.0 0.0 0.0 0.0 0.0 0.0 0.0
4132 2974.181640625 1292.3875732421875 0.795933197955847 0.0 0.0 0.0 0.0 0.0 0.0 0.0
4147 2970.987548828125 1292.3875732421875 0.7761746131903351 0.0 0.0 0.0 0.0 0.0 0.0 0.0
4162 2967.79345703125 1292.3875732421875 0.7563182714894765 0.0 0.0 0.0 0.0 0.0 0.0 0.0
4179 2964.599365234375 1292.3875732421875 0.7363695126271779 0.0 0.0 0.0 0.0 0.0 0.0 0.0
4180 2961.405517578125 1292.3875732421875 0.7163283487090837 0.0 0.0 0.0 0.0 0.0 0.0 0.0
4194 2955.017333984375 1292.3875732421875 0.6758781489929362 0.0 0.0 0.0 0.0 0.0 0.0 0.0
4220 2951.8232421875 1292.3875732421875 0.6555543609854908 0.0 0.0 0.0 0.0 0.0 0.0 0.0
4246 2948.62939453125 1292.3875732421875 0.6351389346954193 0.0 0.0 0.0 0.0 0.0 0.0 0.0
4269 2942.2412109375 1292.3875732421875 0.5939198194483879 0.0 0.0 0.0 0.0 0.0 0.0 0.0
4285 2939.047119140625 1292.3875732421875 0.5732111464624552 0.0 0.0 0.0 0.0 0.0 0.0 0.0
4299 2935.85302734375 1292.3875732421875 0.5524095354576133 0.0 0.0 0.0 0.0 0.0 0.0 0.0
4313 2929.465087890625 1292.3875732421875 0.5104087644475328 0.0 0.0 0.0 0.0 0.0 0.0 0.0
4327 2919.883056640625 1295.5816650390625 0.7177566662540045 0.0 0.0 0.0 0.0 0.0 0.0 0.0
4332 2910.30078125 1295.5816650390625 0.656812123715369 0.0 0.0 0.0 0.0 0.0 0.0 0.0
4344 2900.71875 1298.775634765625 0.8662768218688512 0.0 0.0 0.0 0.0 0.0 0.0 0.0
4363 2894.33056640625 1298.775634765625 0.8272375638512273 0.0 0.0 0.0 0.0 0.0 0.0 0.0
4372 2887.942626953125 1298.775634765625 0.7878302800621526 0.0 0.0 0.0 0.0 0.0 0.0 0.0
4385 2884.74853515625 1298.775634765625 0.76802782633915 0.0 0.0 0.0 0.0 0.0 0.0 0.0
4396 2878.3603515625 1298.775634765625 0.7280631204005772 0.0 0.0 0.0 0.0 0.0 0.0 0.0
4413 2871.972412109375 1298.775634765625 0.6877166308651397 0.0 0.0 0.0 0.0 0.0 0.0 0.0
4429 2868.7783203125 1298.775634765625 0.6674502728867822 0.0 0.0 0.0 0.0 0.0 0.0 0.0
4445 2862.390380859375 1301.9697265625 0.8965696975971724 0.0 0.0 0.0 0.0 0.0 0.0 0.0
4469 2859.1962890625 1301.9697265625 0.8772859515465399 0.0 0.0 0.0 0.0 0.0 0.0 0.0
4495 2856.002197265625 1301.9697265625 0.8579065371766745 0.0 0.0 0.0 0.0 0.0 0.0 0.0
4768 2852.80810546875 1305.1636962890625 1.1072523665613403 0.0 0.0 0.0 0.0 0.0 0.0 0.0
4782 2840.031982421875 1311.5518798828125 1.5786408014857614 0.0 0.0 0.0 0.0 0.0 0.0 0.0
4795 2824.061767578125 1314.745849609375 1.7708316151465766 0.0 0.0 0.0 0.0 0.0 0.0 0.0
4812 2804.897705078125 1321.1339111328125 2.2287418663080985 0.0 0.0 0.0 0.0 0.0 0.0 0.0
4827 2788.927490234375 1324.3280029296875 2.4366643587278247 0.0 0.0 0.0 0.0 0.0 0.0 0.0
4831 2766.569091796875 1324.3280029296875 2.3498207752780473 0.0 0.0 0.0 0.0 0.0 0.0 0.0
4844 2747.405029296875 1327.52197265625 2.5489069926415624 0.0 0.0 0.0 0.0 0.0 0.0 0.0
4863 2731.434814453125 1327.52197265625 2.490153913033623 0.0 0.0 0.0 0.0 0.0 0.0 0.0
4880 2712.2705078125 1327.52197265625 2.4176126472826525 0.0 0.0 0.0 0.0 0.0 0.0 0.0
4882 2699.494384765625 1327.52197265625 2.3683344676198317 0.0 0.0 0.0 0.0 0.0 0.0 0.0
4896 2689.912353515625 1327.52197265625 2.330849376696449 0.0 0.0 0.0 0.0 0.0 0.0 0.0
4917 2680.330078125 1324.3280029296875 2.0212035155948485 0.0 0.0 0.0 0.0 0.0 0.0 0.0
4926 2677.135986328125 1324.3280029296875 2.007196306625019 0.0 0.0 0.0 0.0 0.0 0.0 0.0
4933 2670.748046875 1324.3280029296875 1.978914220828699 0.0 0.0 0.0 0.0 0.0 0.0 0.0
4951 2664.35986328125 1324.3280029296875 1.9503701015976134 0.0 0.0 0.0 0.0 0.0 0.0 0.0
4966 2661.165771484375 1324.3280029296875 1.9360328394805748 0.0 0.0 0.0 0.0 0.0 0.0 0.0
5236 2657.971923828125 1324.3280029296875 1.9216278465915337 0.0 0.0 0.0 0.0 0.0 0.0 0.0
5258 2654.77783203125 1324.3280029296875 1.9071475560127737 0.0 0.0 0.0 0.0 0.0 0.0 0.0
5264 2648.3896484375 1327.52197265625 2.148302070986375 0.0 0.0 0.0 0.0 0.0 0.0 0.0
5280 2638.8076171875 1330.716064453125 2.379406690571244 0.0 0.0 0.0 0.0 0.0 0.0 0.0
5285 2622.83740234375 1330.716064453125 2.3165963501367486 0.0 0.0 0.0 0.0 0.0 0.0 0.0
5306 2610.061279296875 1330.716064453125 2.2653956371955246 0.0 0.0 0.0 0.0 0.0 0.0 0.0
5309 2594.091064453125 1333.9100341796875 2.4741933688030855 0.0 0.0 0.0 0.0 0.0 0.0 0.0
5320 2578.120849609375 1333.9100341796875 2.4136566090141116 0.0 0.0 0.0 0.0 0.0 0.0 0.0
5347 2549.37451171875 1333.9100341796875 2.3011241257325423 0.0 0.0 0.0 0.0 0.0 0.0 0.0
5363 2536.598388671875 1333.9100341796875 2.249626722151845 0.0 0.0 0.0 0.0 0.0 0.0 0.0
5379 2523.822265625 1333.9100341796875 2.197144709234948 0.0 0.0 0.0 0.0 0.0 0.0 0.0
5383 2514.240234375 1330.716064453125 1.8856329248835806 0.0 0.0 0.0 0.0 0.0 0.0 0.0
5397 2507.85205078125 1330.716064453125 1.85620728467903 0.0 0.0 0.0 0.0 0.0 0.0 0.0
5411 2504.657958984375 1330.716064453125 1.8414234631027284 0.0 0.0 0.0 0.0 0.0 0.0 0.0
5431 2501.464111328125 1330.716064453125 1.8265730067759307 0.0 0.0 0.0 0.0 0.0 0.0 0.0
5446 2498.27001953125 1330.716064453125 1.811648296110917 0.0 0.0 0.0 0.0 0.0 0.0 0.0
5659 2495.075927734375 1330.716064453125 1.7966527581045995 0.0 0.0 0.0 0.0 0.0 0.0 0.0
5671 2488.687744140625 1333.9100341796875 2.0367390256915456 0.0 0.0 0.0 0.0 0.0 0.0 0.0
5685 2479.105712890625 1337.1041259765625 2.266237758034208 0.0 0.0 0.0 0.0 0.0 0.0 0.0
5699 2469.523681640625 1337.1041259765625 2.2273016642794516 0.0 0.0 0.0 0.0 0.0 0.0 0.0
5713 2456.74755859375 1340.2982177734375 2.4474211827102437 0.0 0.0 0.0 0.0 0.0 0.0 0.0
5735 2447.165283203125 1340.2982177734375 2.411057971393859 0.0 0.0 0.0 0.0 0.0 0.0 0.0
5751 2437.583251953125 1340.2982177734375 2.374180940724983 0.0 0.0 0.0 0.0 0.0 0.0 0.0
5768 2431.195068359375 1340.2982177734375 2.3493654226293614 0.0 0.0 0.0 0.0 0.0 0.0 0.0
5787 2421.613037109375 1340.2982177734375 2.3116074698788935 0.0 0.0 0.0 0.0 0.0 0.0 0.0
5793 2418.4189453125 1340.2982177734375 2.2989585923022986 0.0 0.0 0.0 0.0 0.0 0.0 0.0
5800 2415.22509765625 1340.2982177734375 2.2862586869929373 0.0 0.0 0.0 0.0 0.0 0.0 0.0
5815 2412.031005859375 1340.2982177734375 2.273495115945721 0.0 0.0 0.0 0.0 0.0 0.0 0.0
5833 2408.8369140625 1340.2982177734375 2.260669824412304 0.0 0.0 0.0 0.0 0.0 0.0 0.0
6061 2405.642822265625 1340.2982177734375 2.247783805043994 0.0 0.0 0.0 0.0 0.0 0.0 0.0
6080 2399.2548828125 1340.2982177734375 2.2217684876511186 0.0 0.0 0.0 0.0 0.0 0.0 0.0
6095 2392.86669921875 1340.2982177734375 2.195509140733577 0.0 0.0 0.0 0.0 0.0 0.0 0.0
6096 2383.28466796875 1340.2982177734375 2.1555621036090145 0.0 0.0 0.0 0.0 0.0 0.0 0.0
6113 2373.702392578125 1340.2982177734375 2.1150529904275857 0.0 0.0 0.0 0.0 0.0 0.0 0.0
6129 2364.120361328125 1340.2982177734375 2.0739614660186163 0.0 0.0 0.0 0.0 0.0 0.0 0.0
6145 2354.538330078125 1340.2982177734375 2.0322843622650026 0.0 0.0 0.0 0.0 0.0 0.0 0.0
6147 2348.150146484375 1340.2982177734375 2.004244542782928 0.0 0.0 0.0 0.0 0.0 0.0 0.0
6162 2341.76220703125 1340.2982177734375 1.975941319667342 0.0 0.0 0.0 0.0 0.0 0.0 0.0
6179 2335.3740234375 1340.2982177734375 1.9473651095893274 0.0 0.0 0.0 0.0 0.0 0.0 0.0
6192 2332.179931640625 1340.2982177734375 1.9330111093482145 0.0 0.0 0.0 0.0 0.0 0.0 0.0
6198 2328.986083984375 1340.2982177734375 1.9185855517574737 0.0 0.0 0.0 0.0 0.0 0.0 0.0
6237 2325.7919921875 1340.2982177734375 1.904094977045446 0.0 0.0 0.0 0.0 0.0 0.0 0.0
6435 2319.40380859375 1340.2982177734375 1.8748375731488807 0.0 0.0 0.0 0.0 0.0 0.0 0.0
6448 2309.82177734375 1340.2982177734375 1.8303323124178945 0.0 0.0 0.0 0.0 0.0 0.0 0.0
6465 2303.43359375 1340.2982177734375 1.8003772926816595 0.0 0.0 0.0 0.0 0.0 0.0 0.0
6480 2293.8515625 1340.2982177734375 1.7548099177379868 0.0 0.0 0.0 0.0 0.0 0.0 0.0
6496 2287.46337890625 1340.2982177734375 1.7241505849357708 0.0 0.0 0.0 0.0 0.0 0.0 0.0
6502 2277.88134765625 1340.2982177734375 1.6775011745086488 0.0 0.0 0.0 0.0 0.0 0.0 0.0
6525 2271.4931640625 1340.2982177734375 1.6461045247658035 0.0 0.0 0.0 0.0 0.0 0.0 0.0
6530 2265.105224609375 1340.2982177734375 1.6144132368934407 0.0 0.0 0.0 0.0 0.0 0.0 0.0
6552 2252.3291015625 1340.2982177734375 1.5501430485492165 0.0 0.0 0.0 0.0 0.0 0.0 0.0
6578 2249.135009765625 1340.2982177734375 1.5339180749222407 0.0 0.0 0.0 0.0 0.0 0.0 0.0
6591 2245.94091796875 1340.2982177734375 1.5176176804816777 0.0 0.0 0.0 0.0 0.0 0.0 0.0
6611 2242.746826171875 1340.2982177734375 1.5012453375890829 0.0 0.0 0.0 0.0 0.0 0.0 0.0
6694 2242.746826171875 1340.2982177734375 1.5012496869586585 0.0 0.0 0.0 0.0 0.0 0.0 0.0
6695 2242.746826171875 1340.2982177734375 1.5012496869586585 0.0 0.0 0.0 0.0 0.0 0.0 0.0
6799 2239.552978515625 1340.2982177734375 1.4848010527145021 0.0 0.0 0.0 0.0 0.0 0.0 0.0
6811 2236.35888671875 1340.2982177734375 1.4682720159390072 0.0 0.0 0.0 0.0 0.0 0.0 0.0
6830 2229.970703125 1340.2982177734375 1.4349097404988527 0.0 0.0 0.0 0.0 0.0 0.0 0.0
6847 2226.77685546875 1340.2982177734375 1.4181517306457323 0.0 0.0 0.0 0.0 0.0 0.0 0.0
6852 2217.194580078125 1340.2982177734375 1.367153204112796 0.0 0.0 0.0 0.0 0.0 0.0 0.0
6866 2210.806640625 1340.2982177734375 1.33283220247273 0.0 0.0 0.0 0.0 0.0 0.0 0.0
6878 2207.612548828125 1340.2982177734375 1.3155961107048455 0.0 0.0 0.0 0.0 0.0 0.0 0.0
6895 2204.41845703125 1340.2982177734375 1.2982705309787974 0.0 0.0 0.0 0.0 0.0 0.0 0.0
6902 2198.030517578125 1340.2982177734375 1.2633077283875167 0.0 0.0 0.0 0.0 0.0 0.0 0.0
6912 2194.83642578125 1340.2982177734375 1.2457451763585112 0.0 0.0 0.0 0.0 0.0 0.0 0.0
6937 2191.642333984375 1340.2982177734375 1.228098377320805 0.0 0.0 0.0 0.0 0.0 0.0 0.0
6951 2188.4482421875 1340.2982177734375 1.2103693818561112 0.0 0.0 0.0 0.0 0.0 0.0 0.0
6976 2185.254150390625 1340.2982177734375 1.1925568303906289 0.0 0.0 0.0 0.0 0.0 0.0 0.0
6992 2182.060302734375 1340.2982177734375 1.1746620868232895 0.0 0.0 0.0 0.0 0.0 0.0 0.0
7013 2175.672119140625 1340.2982177734375 1.1385302609833161 0.0 0.0 0.0 0.0 0.0 0.0 0.0
7039 2172.47802734375 1340.2982177734375 1.120373686902525 0.0 0.0 0.0 0.0 0.0 0.0 0.0
7054 2166.090087890625 1340.2982177734375 1.0837278971998643 0.0 0.0 0.0 0.0 0.0 0.0 0.0
7076 2162.89599609375 1340.2982177734375 1.0653194561006956 0.0 0.0 0.0 0.0 0.0 0.0 0.0
7099 2159.701904296875 1340.2982177734375 1.046821871172341 0.0 0.0 0.0 0.0 0.0 0.0 0.0
7114 2156.5078125 1340.2982177734375 1.0282421019143158 0.0 0.0 0.0 0.0 0.0 0.0 0.0
7162 2156.5078125 1337.1041259765625 0.760780154451794 0.0 0.0 0.0 0.0 0.0 0.0 0.0