0 2350.0 1500.0 0 1650.0 1500.0 0 0.0 0.0 0.0 0.0
63 2350.0 1500.0 0 1650.0 1500.0 0 0.0 0.0 0.0 0.0
80 2350.0 1500.0 0 1650.0 1500.0 0 0.0 0.0 0.0 0.0
96 2350.0 1500.0 0 1650.0 1500.0 0 0.0 0.0 0.0 0.0
114 2371.052734375 1500.0 0.9915077026979588 1650.0 1500.0 0 0.0 0.0 0.0 0.0
129 2392.105224609375 1500.0 1.8153993982333816 1650.0 1500.0 0 0.0 0.0 0.0 0.0
148 2418.421142578125 1500.0 2.6362739033745726 1650.0 1500.0 0 0.0 0.0 0.0 0.0
163 2450.0 1500.0 3.3906600008645853 1650.0 1500.0 0 0.0 0.0 0.0 0.0
179 2481.578857421875 1500.0 3.968334467235394 1650.0 1500.0 0 0.0 0.0 0.0 0.0
196 2513.157958984375 1500.0 4.410719995642694 1650.0 1500.0 0 0.0 0.0 0.0 0.0
213 2544.73681640625 1500.0 4.749402815513676 1650.0 1500.0 0 0.0 0.0 0.0 0.0
230 2576.315673828125 1505.26318359375 7.246653569230787 1650.0 1500.0 0 0.0 0.0 0.0 0.0
248 2602.631591796875 1510.5263671875 9.28951011485539 1650.0 1500.0 0 0.0 0.0 0.0 0.0
263 2623.68408203125 1515.78955078125 11.126462981899905 1650.0 1500.0 0 0.0 0.0 0.0 0.0
279 2655.26318359375 1515.78955078125 9.892007225776211 1650.0 1500.0 0 0.0 0.0 0.0 0.0
296 2676.315673828125 1521.052734375 11.625148118723885 1650.0 1500.0 0 0.0 0.0 0.0 0.0
313 2692.105224609375 1526.3157958984375 13.37560275523218 1650.0 1500.0 0 0.0 0.0 0.0 0.0
329 2707.894775390625 1526.3157958984375 12.379373026763574 1650.0 1500.0 0 0.0 0.0 0.0 0.0
346 2723.68408203125 1531.5789794921875 14.026666973506764 1650.0 1500.0 0 0.0 0.0 0.0 0.0
363 2739.4736328125 1531.5789794921875 12.944537813972772 1650.0 1500.0 0 0.0 0.0 0.0 0.0
379 2750.0 1531.5789794921875 12.28952393988287 1650.0 1500.0 0 0.0 0.0 0.0 0.0
396 2765.78955078125 1531.5789794921875 11.436758634233655 1650.0 1500.0 0 0.0 0.0 0.0 0.0
413 2776.315673828125 1531.5789794921875 10.92070176133629 1650.0 1500.0 0 0.0 0.0 0.0 0.0
429 2786.842041015625 1531.5789794921875 10.4522289290542 1650.0 1500.0 0 0.0 0.0 0.0 0.0
446 2797.368408203125 1531.5789794921875 10.027067179835413 1650.0 1500.0 0 0.0 0.0 0.0 0.0
463 2813.157958984375 1531.5789794921875 9.473735328736396 1650.0 1500.0 0 0.0 0.0 0.0 0.0
480 2823.68408203125 1531.5789794921875 9.13896705847145 1650.0 1500.0 0 0.0 0.0 0.0 0.0
496 2834.21044921875 1531.5789794921875 8.835153638019491 1650.0 1500.0 0 0.0 0.0 0.0 0.0
513 2850.0 1531.5789794921875 8.439848553676171 1650.0 1500.0 0 0.0 0.0 0.0 0.0
529 2871.052734375 1531.5789794921875 8.002049672469738 1650.0 1500.0 0 0.0 0.0 0.0 0.0
550 2892.105224609375 1531.5789794921875 7.638385557131997 1650.0 1500.0 0 0.0 0.0 0.0 0.0
563 2907.894775390625 1531.5789794921875 7.401833620762787 1650.0 1500.0 0 0.0 0.0 0.0 0.0
582 2928.947265625 1531.5789794921875 7.139868088691813 1650.0 1500.0 0 0.0 0.0 0.0 0.0
596 2939.4736328125 1531.5789794921875 7.021008333473887 1650.0 1500.0 0 0.0 0.0 0.0 0.0
613 2955.26318359375 1531.5789794921875 6.866375748679275 1650.0 1500.0 0 0.0 0.0 0.0 0.0
631 2965.78955078125 1531.5789794921875 6.772860351875551 1650.0 1500.0 0 0.0 0.0 0.0 0.0
646 2976.315673828125 1536.8421630859375 9.336357182857341 1650.0 1500.0 0 0.0 0.0 0.0 0.0
663 2986.842041015625 1536.8421630859375 9.014254654219542 1650.0 1500.0 0 0.0 0.0 0.0 0.0
680 2997.368408203125 1536.8421630859375 8.721961239826044 1650.0 1500.0 0 0.0 0.0 0.0 0.0
696 3013.157958984375 1536.8421630859375 8.341637692310272 1650.0 1500.0 0 0.0 0.0 0.0 0.0
713 3023.68408203125 1542.1053466796875 10.75531357166696 1650.0 1500.0 0 0.0 0.0 0.0 0.0
731 3034.21044921875 1542.1053466796875 10.302135039059294 1650.0 1500.0 0 0.0 0.0 0.0 0.0
746 3050.0 1542.1053466796875 9.712353008364033 1650.0 1500.0 0 0.0 0.0 0.0 0.0
763 3060.5263671875 1542.1053466796875 9.35549336124798 1650.0 1500.0 0 0.0 0.0 0.0 0.0
779 3071.052734375 1542.1053466796875 9.031639481132814 1650.0 1500.0 0 0.0 0.0 0.0 0.0
796 3076.315673828125 1542.1053466796875 8.877565766102506 1650.0 1500.0 0 0.0 0.0 0.0 0.0
813 3092.105224609375 1542.1053466796875 8.476648171593254 1650.0 1500.0 0 0.0 0.0 0.0 0.0
829 3097.368408203125 1542.1053466796875 8.349486024835159 1650.0 1500.0 0 0.0 0.0 0.0 0.0
846 3102.631591796875 1542.1053466796875 8.228483315464217 1650.0 1500.0 0 0.0 0.0 0.0 0.0
863 3107.894775390625 1542.1053466796875 8.113367957418205 1650.0 1500.0 0 0.0 0.0 0.0 0.0
880 3113.157958984375 1542.1053466796875 8.00381683379696 1650.0 1500.0 0 0.0 0.0 0.0 0.0
918 3118.421142578125 1542.1053466796875 7.899566510773312 1650.0 1500.0 0 0.0 0.0 0.0 0.0
947 3123.68408203125 1542.1053466796875 7.800423174680503 1650.0 1500.0 0 0.0 0.0 0.0 0.0
996 3128.947265625 1542.1053466796875 7.7060597767199255 1650.0 1500.0 0 0.0 0.0 0.0 0.0
1030 3134.21044921875 1547.3685302734375 10.389785783835322 1650.0 1500.0 0 0.0 0.0 0.0 0.0
1046 3139.4736328125 1547.3685302734375 10.169897399431576 1650.0 1500.0 0 0.0 0.0 0.0 0.0
1063 3144.73681640625 1547.3685302734375 9.960649330796855 1650.0 1500.0 0 0.0 0.0 0.0 0.0
1080 3144.73681640625 1552.631591796875 12.862911962198908 1650.0 1500.0 0 0.0 0.0 0.0 0.0
1096 3150.0 1552.631591796875 12.52355758681918 1650.0 1500.0 0 0.0 0.0 0.0 0.0
1114 3155.26318359375 1557.894775390625 14.948604516413042 1650.0 1500.0 0 0.0 0.0 0.0 0.0
1129 3160.5263671875 1557.894775390625 14.508866002955799 1650.0 1500.0 0 0.0 0.0 0.0 0.0
1146 3165.78955078125 1557.894775390625 14.090252073502683 1650.0 1500.0 0 0.0 0.0 0.0 0.0
1163 3171.052734375 1557.894775390625 13.691756975317944 1650.0 1500.0 0 0.0 0.0 0.0 0.0
1179 3171.052734375 1563.157958984375 16.564939542465623 1650.0 1500.0 0 0.0 0.0 0.0 0.0
1196 3176.315673828125 1563.157958984375 16.047783679130077 1650.0 1500.0 0 0.0 0.0 0.0 0.0
1213 3181.578857421875 1563.157958984375 15.555366784306926 1650.0 1500.0 0 0.0 0.0 0.0 0.0
1229 3186.842041015625 1563.157958984375 15.08649131644816 1650.0 1500.0 0 0.0 0.0 0.0 0.0
1246 3192.105224609375 1563.157958984375 14.640133890978873 1650.0 1500.0 0 0.0 0.0 0.0 0.0
1263 3202.631591796875 1563.157958984375 13.82923005124617 1650.0 1500.0 0 0.0 0.0 0.0 0.0
1279 3207.894775390625 1563.157958984375 13.443294602824182 1650.0 1500.0 0 0.0 0.0 0.0 0.0
1296 3218.421142578125 1563.157958984375 12.742380303997052 1650.0 1500.0 0 0.0 0.0 0.0 0.0
1313 3223.68408203125 1563.157958984375 12.408841069037194 1650.0 1500.0 0 0.0 0.0 0.0 0.0
1329 3234.21044921875 1563.157958984375 11.80315938234503 1650.0 1500.0 0 0.0 0.0 0.0 0.0
1347 3239.4736328125 1563.157958984375 11.514916922375335 1650.0 1500.0 0 0.0 0.0 0.0 0.0
1363 3250.0 1563.157958984375 10.99161121785528 1650.0 1500.0 0 0.0 0.0 0.0 0.0
1379 3255.26318359375 1563.157958984375 10.742606869143145 1650.0 1500.0 0 0.0 0.0 0.0 0.0
1396 3265.78955078125 1568.421142578125 12.924473952668691 1650.0 1500.0 0 0.0 0.0 0.0 0.0
1413 3271.052734375 1568.421142578125 12.582124794377506 1650.0 1500.0 0 0.0 0.0 0.0 0.0
1430 3281.578857421875 1568.421142578125 11.960498011392218 1650.0 1500.0 0 0.0 0.0 0.0 0.0
1446 3286.842041015625 1573.6842041015625 14.416436463189214 1650.0 1500.0 0 0.0 0.0 0.0 0.0
1463 3297.368408203125 1573.6842041015625 13.626065781378514 1650.0 1500.0 0 0.0 0.0 0.0 0.0
1479 3313.157958984375 1573.6842041015625 12.596741358474574 1650.0 1500.0 0 0.0 0.0 0.0 0.0
1497 3318.421142578125 1573.6842041015625 12.270229136413889 1650.0 1500.0 0 0.0 0.0 0.0 0.0
1513 3328.947265625 1573.6842041015625 11.67731241472248 1650.0 1500.0 0 0.0 0.0 0.0 0.0
1529 3339.4736328125 1573.6842041015625 11.13906160892364 1650.0 1500.0 0 0.0 0.0 0.0 0.0
1547 3350.0 1573.6842041015625 10.650437504877345 1650.0 1500.0 0 0.0 0.0 0.0 0.0
1563 3360.5263671875 1563.157958984375 4.893985872725452 1650.0 1500.0 0 0.0 0.0 0.0 0.0
1580 3376.315673828125 1552.631591796875 359.9718103102274 1650.0 1500.0 0 0.0 0.0 0.0 0.0
1596 3392.105224609375 1542.1053466796875 355.7513307914883 1650.0 1500.0 0 0.0 0.0 0.0 0.0
1613 3407.894775390625 1536.8421630859375 354.5966938129319 1650.0 1500.0 0 0.0 0.0 0.0 0.0
1629 3423.68408203125 1526.3157958984375 351.1638542118227 1650.0 1500.0 0 0.0 0.0 0.0 0.0
1646 3434.21044921875 1521.052734375 349.95442972207763 1650.0 1500.0 0 0.0 0.0 0.0 0.0
1663 3444.73681640625 1521.052734375 351.4127263144608 1650.0 1500.0 0 0.0 0.0 0.0 0.0
1679 3455.26318359375 1521.052734375 352.7394301641472 1650.0 1500.0 0 0.0 0.0 0.0 0.0
1696 3465.78955078125 1521.052734375 353.94597291125206 1650.0 1500.0 0 0.0 0.0 0.0 0.0
1713 3476.315673828125 1521.052734375 355.0427826722854 1650.0 1500.0 0 0.0 0.0 0.0 0.0
1729 3486.842041015625 1521.052734375 356.03951203715155 1650.0 1500.0 0 0.0 0.0 0.0 0.0
1746 3497.368408203125 1521.052734375 356.94506580290835 1650.0 1500.0 0 0.0 0.0 0.0 0.0
1763 3507.894775390625 1521.052734375 357.7676350478403 1650.0 1500.0 0 0.0 0.0 0.0 0.0
1779 3518.421142578125 1521.052734375 358.5146528576271 1650.0 1500.0 0 0.0 0.0 0.0 0.0
1796 3539.4736328125 1521.052734375 359.7569315587298 1650.0 1500.0 0 0.0 0.0 0.0 0.0
1813 3560.5263671875 1510.5263671875 355.9966849602373 1650.0 1500.0 0 0.0 0.0 0.0 0.0
1829 3576.315673828125 1500.0 352.356742261058 1650.0 1500.0 0 0.0 0.0 0.0 0.0
1846 3602.631591796875 1478.9473876953125 346.2387314623265 1650.0 1500.0 0 0.0 0.0 0.0 0.0
1863 3634.21044921875 1452.631591796875 340.52370626317963 1650.0 1500.0 0 0.0 0.0 0.0 0.0
1879 3655.26318359375 1436.8421630859375 338.18641538645034 1650.0 1500.0 0 0.0 0.0 0.0 0.0
1896 3681.578857421875 1410.5263671875 333.61644617853557 1650.0 1500.0 0 0.0 0.0 0.0 0.0
1913 3702.631591796875 1394.7369384765625 332.6759464577733 1650.0 1500.0 0 0.0 0.0 0.0 0.0
1929 3718.421142578125 1384.2105712890625 332.59670577900437 1650.0 1500.0 0 0.0 0.0 0.0 0.0
1946 3734.21044921875 1384.2105712890625 336.8522872090256 1650.0 1500.0 0 0.0 0.0 0.0 0.0
1963 3750.0 1384.2105712890625 340.59673660810563 1650.0 1500.0 0 0.0 0.0 0.0 0.0
1979 3755.26318359375 1384.2105712890625 341.78878027328864 1650.0 1500.0 0 0.0 0.0 0.0 0.0
1997 3760.5263671875 1384.2105712890625 342.92758826246904 1650.0 1500.0 0 0.0 0.0 0.0 0.0
2013 3760.5263671875 1394.7369384765625 348.5166450180319 1650.0 1500.0 0 0.0 0.0 0.0 0.0
2029 3765.78955078125 1405.26318359375 354.82636692036715 1650.0 1500.0 0 0.0 0.0 0.0 0.0
2046 3771.052734375 1421.052734375 3.7331867274733384 1650.0 1500.0 0 0.0 0.0 0.0 0.0
2063 3776.315673828125 1431.5789794921875 9.396539037138254 1650.0 1500.0 0 0.0 0.0 0.0 0.0
2080 3781.578857421875 1442.1053466796875 14.729288482522648 1650.0 1500.0 0 0.0 0.0 0.0 0.0
2096 3797.368408203125 1447.3685302734375 16.053664050564365 1650.0 1500.0 0 0.0 0.0 0.0 0.0
2113 3807.894775390625 1452.631591796875 17.713220168344023 1650.0 1500.0 0 0.0 0.0 0.0 0.0
2129 3823.68408203125 1452.631591796875 16.146575137079793 1650.0 1500.0 0 0.0 0.0 0.0 0.0
2147 3834.21044921875 1452.631591796875 15.197651765251976 1650.0 1500.0 0 0.0 0.0 0.0 0.0
2163 3850.0 1452.631591796875 13.961227852171277 1650.0 1500.0 0 0.0 0.0 0.0 0.0
2179 3860.5263671875 1457.894775390625 15.828018871167629 1650.0 1500.0 0 0.0 0.0 0.0 0.0
2196 3865.78955078125 1468.421142578125 20.733438679339926 1650.0 1500.0 0 0.0 0.0 0.0 0.0
2213 3871.052734375 1478.9473876953125 25.279279695344513 1650.0 1500.0 0 0.0 0.0 0.0 0.0
2229 3876.315673828125 1494.7369384765625 31.89012401296071 1650.0 1500.0 0 0.0 0.0 0.0 0.0
2246 3881.578857421875 1505.26318359375 35.52511726394589 1650.0 1500.0 0 0.0 0.0 0.0 0.0
2264 3886.842041015625 1521.052734375 41.01886187203982 1650.0 1500.0 0 0.0 0.0 0.0 0.0
2279 3892.105224609375 1531.5789794921875 43.82966681699999 1650.0 1500.0 0 0.0 0.0 0.0 0.0
2296 3897.368408203125 1536.8421630859375 44.30149191025242 1650.0 1500.0 0 0.0 0.0 0.0 0.0
2314 3902.631591796875 1542.1053466796875 44.741802030396656 1650.0 1500.0 0 0.0 0.0 0.0 0.0
2331 3907.894775390625 1547.3685302734375 45.15261781056924 1650.0 1500.0 0 0.0 0.0 0.0 0.0
2346 3913.157958984375 1547.3685302734375 43.372309606209015 1650.0 1500.0 0 0.0 0.0 0.0 0.0
2364 3918.421142578125 1547.3685302734375 41.66196919302001 1650.0 1500.0 0 0.0 0.0 0.0 0.0
2379 3923.68408203125 1547.3685302734375 40.0204280649033 1650.0 1500.0 0 0.0 0.0 0.0 0.0
2399 3923.68408203125 1552.631591796875 42.370222029979374 1650.0 1500.0 0 0.0 0.0 0.0 0.0
2413 3923.68408203125 1557.894775390625 44.64901670850105 1650.0 1500.0 0 0.0 0.0 0.0 0.0
2446 3923.68408203125 1563.157958984375 46.85557216236569 1650.0 1500.0 0 0.0 0.0 0.0 0.0
2463 3928.947265625 1563.157958984375 45.00967136485974 1650.0 1500.0 0 0.0 0.0 0.0 0.0
2662 3928.947265625 1552.631591796875 40.17585899827486 1650.0 1500.0 0 0.0 0.0 0.0 0.0