0 2000.0 1500.0 0 0.0 0.0 0.0 0.0 0.0 0.0 0.0
315 2002.99072265625 1497.00927734375 0.38318641542257126 0.0 0.0 0.0 0.0 0.0 0.0 0.0
326 2008.97216796875 1494.0185546875 1.767898203826853 0.0 0.0 0.0 0.0 0.0 0.0 0.0
344 2014.95361328125 1494.0185546875 3.804047065195249 0.0 0.0 0.0 0.0 0.0 0.0 0.0
360 2017.944091796875 1491.0279541015625 4.074520316196676 0.0 0.0 0.0 0.0 0.0 0.0 0.0
383 2029.906982421875 1491.0279541015625 7.92585709642767 0.0 0.0 0.0 0.0 0.0 0.0 0.0
396 2032.897705078125 1488.0372314453125 8.073162689259021 0.0 0.0 0.0 0.0 0.0 0.0 0.0
412 2038.879150390625 1488.0372314453125 9.939580139777824 0.0 0.0 0.0 0.0 0.0 0.0 0.0
429 2041.869873046875 1488.0372314453125 10.85902438938514 0.0 0.0 0.0 0.0 0.0 0.0 0.0
446 2044.860595703125 1488.0372314453125 11.764751776418741 0.0 0.0 0.0 0.0 0.0 0.0 0.0
462 2047.851318359375 1488.0372314453125 12.6567789144314 0.0 0.0 0.0 0.0 0.0 0.0 0.0
479 2050.842041015625 1488.0372314453125 13.535108639394934 0.0 0.0 0.0 0.0 0.0 0.0 0.0
531 2053.83251953125 1488.0372314453125 14.399690022097886 0.0 0.0 0.0 0.0 0.0 0.0 0.0
580 2053.83251953125 1485.0465087890625 13.499793776723266 0.0 0.0 0.0 0.0 0.0 0.0 0.0
1652 2059.81396484375 1485.0465087890625 15.203466651662147 0.0 0.0 0.0 0.0 0.0 0.0 0.0
1664 2068.7861328125 1485.0465087890625 17.639045532792068 0.0 0.0 0.0 0.0 0.0 0.0 0.0
1679 2074.767578125 1485.0465087890625 19.20918420365028 0.0 0.0 0.0 0.0 0.0 0.0 0.0
1696 2083.73974609375 1485.0465087890625 21.44771141592075 0.0 0.0 0.0 0.0 0.0 0.0 0.0
1712 2086.730224609375 1485.0465087890625 22.180650378781465 0.0 0.0 0.0 0.0 0.0 0.0 0.0
1729 2095.702392578125 1485.0465087890625 24.266900996019245 0.0 0.0 0.0 0.0 0.0 0.0 0.0
1749 2098.693115234375 1485.0465087890625 24.949692646167023 0.0 0.0 0.0 0.0 0.0 0.0 0.0
1762 2101.683837890625 1485.0465087890625 25.62003139683884 0.0 0.0 0.0 0.0 0.0 0.0 0.0
1797 2104.674560546875 1482.0557861328125 25.237567216311312 0.0 0.0 0.0 0.0 0.0 0.0 0.0
1845 2110.656005859375 1482.0557861328125 26.543847596287605 0.0 0.0 0.0 0.0 0.0 0.0 0.0
1861 2113.646728515625 1482.0557861328125 27.184864331664343 0.0 0.0 0.0 0.0 0.0 0.0 0.0
1879 2116.637451171875 1482.0557861328125 27.81399796782857 0.0 0.0 0.0 0.0 0.0 0.0 0.0
1896 2116.637451171875 1479.0650634765625 26.73671150124582 0.0 0.0 0.0 0.0 0.0 0.0 0.0
3304 2119.6279296875 1479.0650634765625 27.374087664256827 0.0 0.0 0.0 0.0 0.0 0.0 0.0
3329 2122.61865234375 1479.0650634765625 27.999651615624735 0.0 0.0 0.0 0.0 0.0 0.0 0.0
3353 2125.609375 1479.0650634765625 28.61347801032378 0.0 0.0 0.0 0.0 0.0 0.0 0.0
3377 2125.609375 1476.0743408203125 27.527357157969504 0.0 0.0 0.0 0.0 0.0 0.0 0.0
3413 2128.60009765625 1476.0743408203125 28.15004044134094 0.0 0.0 0.0 0.0 0.0 0.0 0.0
3847 2134.58154296875 1476.0743408203125 29.34951208321698 0.0 0.0 0.0 0.0 0.0 0.0 0.0
3871 2140.56298828125 1476.0743408203125 30.504159849858212 0.0 0.0 0.0 0.0 0.0 0.0 0.0
3896 2143.5537109375 1476.0743408203125 31.07037855657051 0.0 0.0 0.0 0.0 0.0 0.0 0.0
3920 2146.54443359375 1476.0743408203125 31.625640517484378 0.0 0.0 0.0 0.0 0.0 0.0 0.0
4232 2149.53515625 1476.0743408203125 32.170160976603526 0.0 0.0 0.0 0.0 0.0 0.0 0.0
4256 2152.525634765625 1476.0743408203125 32.704086117684696 0.0 0.0 0.0 0.0 0.0 0.0 0.0
4294 2155.516357421875 1473.083740234375 32.116398294787146 0.0 0.0 0.0 0.0 0.0 0.0 0.0
4330 2158.507080078125 1473.083740234375 32.651397782511836 0.0 0.0 0.0 0.0 0.0 0.0 0.0
4354 2161.497802734375 1473.083740234375 33.17598448297632 0.0 0.0 0.0 0.0 0.0 0.0 0.0
4391 2164.488525390625 1473.083740234375 33.6902443116702 0.0 0.0 0.0 0.0 0.0 0.0 0.0
4401 2167.479248046875 1473.083740234375 34.19443276018514 0.0 0.0 0.0 0.0 0.0 0.0 0.0
4415 2170.469970703125 1473.083740234375 34.68859589083584 0.0 0.0 0.0 0.0 0.0 0.0 0.0
4431 2173.460693359375 1473.083740234375 35.17297776530546 0.0 0.0 0.0 0.0 0.0 0.0 0.0
4451 2176.451416015625 1473.083740234375 35.647743368375544 0.0 0.0 0.0 0.0 0.0 0.0 0.0
4464 2179.442138671875 1473.083740234375 36.113046389263886 0.0 0.0 0.0 0.0 0.0 0.0 0.0
4499 2182.432861328125 1473.083740234375 36.5689984947271 0.0 0.0 0.0 0.0 0.0 0.0 0.0
4526 2182.432861328125 1470.093017578125 35.40613759012072 0.0 0.0 0.0 0.0 0.0 0.0 0.0
4535 2185.42333984375 1470.093017578125 35.876175429504 0.0 0.0 0.0 0.0 0.0 0.0 0.0
4560 2188.4140625 1470.093017578125 36.33689722649346 0.0 0.0 0.0 0.0 0.0 0.0 0.0
4595 2191.40478515625 1470.093017578125 36.78837787120685 0.0 0.0 0.0 0.0 0.0 0.0 0.0
4630 2194.3955078125 1470.093017578125 37.23075181575541 0.0 0.0 0.0 0.0 0.0 0.0 0.0
4705 2197.38623046875 1470.093017578125 37.66425136620204 0.0 0.0 0.0 0.0 0.0 0.0 0.0
4728 2200.376953125 1470.093017578125 38.088975551706085 0.0 0.0 0.0 0.0 0.0 0.0 0.0
4747 2203.36767578125 1470.093017578125 38.50506802189027 0.0 0.0 0.0 0.0 0.0 0.0 0.0
4765 2209.34912109375 1470.093017578125 39.3041098819901 0.0 0.0 0.0 0.0 0.0 0.0 0.0
4789 2212.33984375 1470.093017578125 39.69543119477714 0.0 0.0 0.0 0.0 0.0 0.0 0.0
4813 2215.33056640625 1470.093017578125 40.07876230491702 0.0 0.0 0.0 0.0 0.0 0.0 0.0
4830 2218.321044921875 1470.093017578125 40.45423563030438 0.0 0.0 0.0 0.0 0.0 0.0 0.0
4849 2221.311767578125 1470.093017578125 40.821990528160555 0.0 0.0 0.0 0.0 0.0 0.0 0.0
4910 2224.302490234375 1470.093017578125 41.182207088530134 0.0 0.0 0.0 0.0 0.0 0.0 0.0
4945 2227.293212890625 1467.102294921875 40.3597769313716 0.0 0.0 0.0 0.0 0.0 0.0 0.0
4963 2233.274658203125 1467.102294921875 41.08433410549857 0.0 0.0 0.0 0.0 0.0 0.0 0.0
4995 2236.265380859375 1467.102294921875 41.439160070920025 0.0 0.0 0.0 0.0 0.0 0.0 0.0
5054 2242.246826171875 1467.102294921875 42.120039861802965 0.0 0.0 0.0 0.0 0.0 0.0 0.0
5269 2245.237548828125 1467.102294921875 42.45343583286122 0.0 0.0 0.0 0.0 0.0 0.0 0.0
5283 2248.228271484375 1467.102294921875 42.779898225977036 0.0 0.0 0.0 0.0 0.0 0.0 0.0
5299 2254.20947265625 1467.102294921875 43.40620828034422 0.0 0.0 0.0 0.0 0.0 0.0 0.0
5316 2257.2001953125 1467.102294921875 43.712839451531366 0.0 0.0 0.0 0.0 0.0 0.0 0.0
5333 2260.19091796875 1464.111572265625 42.823358365627996 0.0 0.0 0.0 0.0 0.0 0.0 0.0
5404 2263.181640625 1464.111572265625 43.14213265609817 0.0 0.0 0.0 0.0 0.0 0.0 0.0
5439 2266.17236328125 1464.111572265625 43.45429997241823 0.0 0.0 0.0 0.0 0.0 0.0 0.0
5450 2266.17236328125 1461.120849609375 42.242596826768676 0.0 0.0 0.0 0.0 0.0 0.0 0.0
5466 2269.1630859375 1461.120849609375 42.573420977283064 0.0 0.0 0.0 0.0 0.0 0.0 0.0
5704 2275.14453125 1455.1395263671875 40.898793468946295 0.0 0.0 0.0 0.0 0.0 0.0 0.0
5717 2287.107177734375 1455.1395263671875 42.2496164098949 0.0 0.0 0.0 0.0 0.0 0.0 0.0
5734 2293.088623046875 1452.1488037109375 41.73798980321179 0.0 0.0 0.0 0.0 0.0 0.0 0.0
5750 2299.070068359375 1449.1580810546875 41.249963750089236 0.0 0.0 0.0 0.0 0.0 0.0 0.0
5767 2308.042236328125 1446.1673583984375 41.12907904221153 0.0 0.0 0.0 0.0 0.0 0.0 0.0
5788 2311.032958984375 1446.1673583984375 41.48293839456203 0.0 0.0 0.0 0.0 0.0 0.0 0.0
5802 2314.023681640625 1446.1673583984375 41.829498651936504 0.0 0.0 0.0 0.0 0.0 0.0 0.0
5837 2317.014404296875 1446.1673583984375 42.16893196711656 0.0 0.0 0.0 0.0 0.0 0.0 0.0
5933 2320.0048828125 1446.1673583984375 42.501253826612455 0.0 0.0 0.0 0.0 0.0 0.0 0.0
6088 2320.0048828125 1443.1766357421875 41.29527344341352 0.0 0.0 0.0 0.0 0.0 0.0 0.0
7331 2320.0048828125 1443.1766357421875 41.29527344341352 0.0 0.0 0.0 0.0 0.0 0.0 0.0
7342 2320.0048828125 1443.1766357421875 41.29527344341352 0.0 0.0 0.0 0.0 0.0 0.0 0.0
7362 2320.0048828125 1443.1766357421875 41.29527344341352 0.0 0.0 0.0 0.0 0.0 0.0 0.0
7379 2320.0048828125 1443.1766357421875 41.29527344341352 0.0 0.0 0.0 0.0 0.0 0.0 0.0
7395 2320.0048828125 1443.1766357421875 41.29527344341352 0.0 0.0 0.0 0.0 0.0 0.0 0.0
7412 2320.0048828125 1443.1766357421875 41.29527344341352 0.0 0.0 0.0 0.0 0.0 0.0 0.0
7429 2320.0048828125 1443.1766357421875 41.29527344341352 0.0 0.0 0.0 0.0 0.0 0.0 0.0
7445 2320.0048828125 1443.1766357421875 41.29527344341352 0.0 0.0 0.0 0.0 0.0 0.0 0.0
7462 2320.0048828125 1443.1766357421875 41.29527344341352 0.0 0.0 0.0 0.0 0.0 0.0 0.0
7482 2320.0048828125 1443.1766357421875 41.29527344341352 0.0 0.0 0.0 0.0 0.0 0.0 0.0
7495 2304.777801513672 1441.7625579833984 43.028852493819514 0.0 0.0 0.0 0.0 0.0 0.0 0.0
7515 2316.740447998047 1450.7347259521484 47.40860910500081 0.0 0.0 0.0 0.0 0.0 0.0 0.0
7529 2322.721893310547 1450.7347259521484 47.327029617125135 0.0 0.0 0.0 0.0 0.0 0.0 0.0
7544 2325.712615966797 1450.7347259521484 47.2872704923427 0.0 0.0 0.0 0.0 0.0 0.0 0.0
7562 2328.703338623047 1450.7347259521484 47.248547573275786 0.0 0.0 0.0 0.0 0.0 0.0 0.0
7609 2331.694061279297 1450.7347259521484 47.210849360560616 0.0 0.0 0.0 0.0 0.0 0.0 0.0
7633 2337.675506591797 1453.7254486083984 48.57781785576012 0.0 0.0 0.0 0.0 0.0 0.0 0.0
7645 2343.656951904297 1453.7254486083984 48.43746623270576 0.0 0.0 0.0 0.0 0.0 0.0 0.0
7662 2349.638153076172 1453.7254486083984 48.304173874048445 0.0 0.0 0.0 0.0 0.0 0.0 0.0
7679 2358.610321044922 1453.7254486083984 48.11895874482377 0.0 0.0 0.0 0.0 0.0 0.0 0.0
7695 2361.601043701172 1453.7254486083984 48.05880280336079 0.0 0.0 0.0 0.0 0.0 0.0 0.0
7711 2367.582489013672 1453.7254486083984 47.94455203353927 0.0 0.0 0.0 0.0 0.0 0.0 0.0
7733 2376.554656982422 1453.7254486083984 47.78574525590419 0.0 0.0 0.0 0.0 0.0 0.0 0.0
7745 2379.545135498047 1453.7254486083984 47.73417521016269 0.0 0.0 0.0 0.0 0.0 0.0 0.0
7761 2382.535858154297 1453.7254486083984 47.683910684244054 0.0 0.0 0.0 0.0 0.0 0.0 0.0
7779 2388.517303466797 1453.7254486083984 47.588502642403895 0.0 0.0 0.0 0.0 0.0 0.0 0.0
7794 2391.508026123047 1450.7347259521484 46.06457910901233 0.0 0.0 0.0 0.0 0.0 0.0 0.0
7811 2397.489471435547 1447.7440032958984 44.61056758380357 0.0 0.0 0.0 0.0 0.0 0.0 0.0
7829 2403.470916748047 1444.7532806396484 43.23076891375746 0.0 0.0 0.0 0.0 0.0 0.0 0.0
7850 2406.461639404297 1444.7532806396484 43.29663882767545 0.0 0.0 0.0 0.0 0.0 0.0 0.0
7861 2406.461639404297 1441.7625579833984 41.78380287891146 0.0 0.0 0.0 0.0 0.0 0.0 0.0
8054 2409.452362060547 1441.7625579833984 41.88691188718546 0.0 0.0 0.0 0.0 0.0 0.0 0.0
8066 2412.442840576172 1441.7625579833984 41.98735864311037 0.0 0.0 0.0 0.0 0.0 0.0 0.0
8104 2415.433563232422 1441.7625579833984 42.08521753998471 0.0 0.0 0.0 0.0 0.0 0.0 0.0
8235 2418.424285888672 1441.7625579833984 42.180569632321394 0.0 0.0 0.0 0.0 0.0 0.0 0.0
8273 2421.415008544922 1441.7625579833984 42.273446170366014 0.0 0.0 0.0 0.0 0.0 0.0 0.0
8298 2424.405731201172 1441.7625579833984 42.363945330381114 0.0 0.0 0.0 0.0 0.0 0.0 0.0
9862 2425.0536346435547 1435.7167739868164 42.46767873392954 0.0 0.0 0.0 0.0 0.0 0.0 0.0
9876 2431.0350799560547 1435.7167739868164 42.663988128776076 0.0 0.0 0.0 0.0 0.0 0.0 0.0
9894 2437.0165252685547 1435.7167739868164 42.84957936248387 0.0 0.0 0.0 0.0 0.0 0.0 0.0
9913 2448.9794158935547 1435.7167739868164 43.18260786288962 0.0 0.0 0.0 0.0 0.0 0.0 0.0
9929 2457.9513397216797 1435.7167739868164 43.41255527608673 0.0 0.0 0.0 0.0 0.0 0.0 0.0
9945 2460.9420623779297 1435.7167739868164 43.48707525473139 0.0 0.0 0.0 0.0 0.0 0.0 0.0
9963 2469.9142303466797 1435.7167739868164 43.69286109606157 0.0 0.0 0.0 0.0 0.0 0.0 0.0
9984 2472.9049530029297 1435.7167739868164 43.759558964557634 0.0 0.0 0.0 0.0 0.0 0.0 0.0
10033 2475.8956756591797 1435.7167739868164 43.8243662397605 0.0 0.0 0.0 0.0 0.0 0.0 0.0
10047 2478.8863983154297 1435.7167739868164 43.88740541694191 0.0 0.0 0.0 0.0 0.0 0.0 0.0
10068 2481.8771209716797 1435.7167739868164 43.948676551661954 0.0 0.0 0.0 0.0 0.0 0.0 0.0
10081 2490.8490447998047 1435.7167739868164 44.117887305983906 0.0 0.0 0.0 0.0 0.0 0.0 0.0
10096 2496.8304901123047 1435.7167739868164 44.224533357233604 0.0 0.0 0.0 0.0 0.0 0.0 0.0
10118 2502.8119354248047 1435.7167739868164 44.325404608861696 0.0 0.0 0.0 0.0 0.0 0.0 0.0
10140 2505.8026580810547 1435.7167739868164 44.37444205696436 0.0 0.0 0.0 0.0 0.0 0.0 0.0
10176 2508.7933807373047 1435.7167739868164 44.42209799186252 0.0 0.0 0.0 0.0 0.0 0.0 0.0
11300 2511.7841033935547 1435.7167739868164 44.468443834293545 0.0 0.0 0.0 0.0 0.0 0.0 0.0
11334 2520.7560272216797 1435.7167739868164 44.59639383109697 0.0 0.0 0.0 0.0 0.0 0.0 0.0
11344 2532.7189178466797 1435.7167739868164 44.749422469942665 0.0 0.0 0.0 0.0 0.0 0.0 0.0
11362 2550.6632537841797 1435.7167739868164 44.94520484060285 0.0 0.0 0.0 0.0 0.0 0.0 0.0
11380 2559.6351776123047 1435.7167739868164 45.0352817941584 0.0 0.0 0.0 0.0 0.0 0.0 0.0
11397 2580.5702362060547 1435.7167739868164 45.21030843273815 0.0 0.0 0.0 0.0 0.0 0.0 0.0
11413 2592.5328826904297 1435.7167739868164 45.30003547633351 0.0 0.0 0.0 0.0 0.0 0.0 0.0
11430 2610.4772186279297 1435.7167739868164 45.41478421726038 0.0 0.0 0.0 0.0 0.0 0.0 0.0
11447 2640.3842010498047 1435.7167739868164 45.56335153054291 0.0 0.0 0.0 0.0 0.0 0.0 0.0
11461 2646.3656463623047 1435.7167739868164 45.59142824986788 0.0 0.0 0.0 0.0 0.0 0.0 0.0
11477 2649.3563690185547 1435.7167739868164 45.60508265656906 0.0 0.0 0.0 0.0 0.0 0.0 0.0
11493 2655.3375701904297 1435.7167739868164 45.63090308469446 0.0 0.0 0.0 0.0 0.0 0.0 0.0
11528 2658.3282928466797 1435.7167739868164 45.64343884237575 0.0 0.0 0.0 0.0 0.0 0.0 0.0
11563 2661.3190155029297 1435.7167739868164 45.65565829577603 0.0 0.0 0.0 0.0 0.0 0.0 0.0
11599 2664.3097381591797 1435.7167739868164 45.667551034573314 0.0 0.0 0.0 0.0 0.0 0.0 0.0
11611 2667.3004608154297 1435.7167739868164 45.67911614194271 0.0 0.0 0.0 0.0 0.0 0.0 0.0
11647 2670.2911834716797 1432.726173400879 44.09031829233282 0.0 0.0 0.0 0.0 0.0 0.0 0.0
11683 2673.2819061279297 1432.726173400879 44.14588032988255 0.0 0.0 0.0 0.0 0.0 0.0 0.0
11697 2676.2726287841797 1432.726173400879 44.19995365313182 0.0 0.0 0.0 0.0 0.0 0.0 0.0
11710 2679.2633514404297 1432.726173400879 44.25251618988688 0.0 0.0 0.0 0.0 0.0 0.0 0.0
11744 2682.2540740966797 1432.726173400879 44.30357654030721 0.0 0.0 0.0 0.0 0.0 0.0 0.0
14107 2688.2352752685547 1432.726173400879 44.40013067040518 0.0 0.0 0.0 0.0 0.0 0.0 0.0
14119 2694.2167205810547 1432.726173400879 44.491455092428076 0.0 0.0 0.0 0.0 0.0 0.0 0.0
14132 2697.2074432373047 1432.726173400879 44.53583973013837 0.0 0.0 0.0 0.0 0.0 0.0 0.0
14147 2703.1888885498047 1432.726173400879 44.619784872958085 0.0 0.0 0.0 0.0 0.0 0.0 0.0
14163 2709.1703338623047 1432.726173400879 44.69920515307617 0.0 0.0 0.0 0.0 0.0 0.0 0.0
14179 2712.1610565185547 1432.726173400879 44.73781336442321 0.0 0.0 0.0 0.0 0.0 0.0 0.0
14360 2718.1425018310547 1432.726173400879 44.8107985136381 0.0 0.0 0.0 0.0 0.0 0.0 0.0
14380 2724.1237030029297 1429.735450744629 43.3240235162934 0.0 0.0 0.0 0.0 0.0 0.0 0.0
14396 2727.1144256591797 1429.735450744629 43.40098229930437 0.0 0.0 0.0 0.0 0.0 0.0 0.0
14412 2730.1051483154297 1426.744728088379 41.87901454065916 0.0 0.0 0.0 0.0 0.0 0.0 0.0
14429 2733.0958709716797 1426.744728088379 41.996327627023554 0.0 0.0 0.0 0.0 0.0 0.0 0.0
14479 2736.0865936279297 1426.744728088379 42.11032692335339 0.0 0.0 0.0 0.0 0.0 0.0 0.0
14529 2739.0773162841797 1426.744728088379 42.22116901398855 0.0 0.0 0.0 0.0 0.0 0.0 0.0
14551 2742.0680389404297 1426.744728088379 42.32891079544549 0.0 0.0 0.0 0.0 0.0 0.0 0.0