0 2350.0 1500.0 0 1650.0 1500.0 0 0.0 0.0 0.0 0.0
93 2350.0 1500.0 0 1650.0 1500.0 0 0.0 0.0 0.0 0.0
110 2350.0 1500.0 0 1650.0 1500.0 0 0.0 0.0 0.0 0.0
127 2350.0 1500.0 0 1650.0 1500.0 0 0.0 0.0 0.0 0.0
144 2350.0 1500.0 0 1650.0 1500.0 0 0.0 0.0 0.0 0.0
159 2350.0 1500.0 0 1650.0 1500.0 0 0.0 0.0 0.0 0.0
177 2350.0 1500.0 0 1650.0 1500.0 0 0.0 0.0 0.0 0.0
195 2350.0 1500.0 0 1650.0 1500.0 0 0.0 0.0 0.0 0.0
210 2350.0 1500.0 0 1650.0 1500.0 0 0.0 0.0 0.0 0.0
227 2350.0 1500.0 0 1650.0 1500.0 0 0.0 0.0 0.0 0.0
244 2334.189697265625 1500.0 358.9911864211114 1650.0 1500.0 0 0.0 0.0 0.0 0.0
262 2314.4267578125 1500.0 357.93075751417604 1650.0 1500.0 0 0.0 0.0 0.0 0.0
280 2282.80615234375 1484.189697265625 3.2138566053619115 1650.0 1500.0 0 0.0 0.0 0.0 0.0
296 2266.99609375 1468.37939453125 9.066581172470649 1650.0 1500.0 0 0.0 0.0 0.0 0.0
313 2255.13818359375 1460.4742431640625 11.093793260623613 1650.0 1500.0 0 0.0 0.0 0.0 0.0
329 2251.185791015625 1448.6165771484375 16.200142669191962 1650.0 1500.0 0 0.0 0.0 0.0 0.0
346 2243.280517578125 1436.7589111328125 19.975117938208257 1650.0 1500.0 0 0.0 0.0 0.0 0.0
362 2239.327880859375 1420.9486083984375 26.032876673035503 1650.0 1500.0 0 0.0 0.0 0.0 0.0
377 2235.37548828125 1413.04345703125 28.284124183747963 1650.0 1500.0 0 0.0 0.0 0.0 0.0
393 2231.4228515625 1405.1383056640625 30.375867338448245 1650.0 1500.0 0 0.0 0.0 0.0 0.0
426 2227.47021484375 1405.1383056640625 29.07222368015374 1650.0 1500.0 0 0.0 0.0 0.0 0.0
444 2227.47021484375 1401.185791015625 30.780031575366706 1650.0 1500.0 0 0.0 0.0 0.0 0.0
543 2227.47021484375 1405.1383056640625 29.03168373879447 1650.0 1500.0 0 0.0 0.0 0.0 0.0
560 2227.47021484375 1409.0909423828125 27.243478627955255 1650.0 1500.0 0 0.0 0.0 0.0 0.0
577 2223.517822265625 1416.99609375 22.372152404655196 1650.0 1500.0 0 0.0 0.0 0.0 0.0
594 2219.565185546875 1424.901123046875 17.493507896952508 1650.0 1500.0 0 0.0 0.0 0.0 0.0
611 2215.612548828125 1432.8062744140625 12.642506047599625 1650.0 1500.0 0 0.0 0.0 0.0 0.0
631 2199.80224609375 1452.5692138671875 0.5236831474277892 1650.0 1500.0 0 0.0 0.0 0.0 0.0
632 2199.80224609375 1452.5692138671875 0.5237191310197886 1650.0 1500.0 0 0.0 0.0 0.0 0.0
660 2195.849609375 1468.37939453125 351.79208118622194 1650.0 1500.0 0 0.0 0.0 0.0 0.0
680 2180.03955078125 1492.0948486328125 340.677423816866 1650.0 1500.0 0 0.0 0.0 0.0 0.0
697 2180.03955078125 1500.0 336.48005282217775 1650.0 1500.0 0 0.0 0.0 0.0 0.0
713 2172.13427734375 1507.9051513671875 333.73846858865113 1650.0 1500.0 0 0.0 0.0 0.0 0.0
730 2168.181640625 1519.7628173828125 328.6218901454678 1650.0 1500.0 0 0.0 0.0 0.0 0.0
745 2164.229248046875 1523.7154541015625 327.5568280441627 1650.0 1500.0 0 0.0 0.0 0.0 0.0
761 2160.276611328125 1527.66796875 326.543178611853 1650.0 1500.0 0 0.0 0.0 0.0 0.0
843 2156.323974609375 1527.66796875 327.4605796640962 1650.0 1500.0 0 0.0 0.0 0.0 0.0
862 2152.37158203125 1519.7628173828125 332.30908337403434 1650.0 1500.0 0 0.0 0.0 0.0 0.0
877 2148.4189453125 1511.857666015625 337.0943361864035 1650.0 1500.0 0 0.0 0.0 0.0 0.0
894 2144.46630859375 1500.0 343.89920891324294 1650.0 1500.0 0 0.0 0.0 0.0 0.0
910 2140.5137939453125 1488.142333984375 350.5197166440698 1650.0 1500.0 0 0.0 0.0 0.0 0.0
927 2136.5611572265625 1476.2845458984375 356.879689582873 1650.0 1500.0 0 0.0 0.0 0.0 0.0
944 2128.656005859375 1460.4742431640625 4.5077114340443245 1650.0 1500.0 0 0.0 0.0 0.0 0.0
960 2120.7509765625 1448.6165771484375 9.479195484090269 1650.0 1500.0 0 0.0 0.0 0.0 0.0
977 2120.7509765625 1436.7589111328125 15.503043603957678 1650.0 1500.0 0 0.0 0.0 0.0 0.0
994 2116.79833984375 1428.853759765625 18.459667532859783 1650.0 1500.0 0 0.0 0.0 0.0 0.0
1010 2112.8458251953125 1416.99609375 22.980630292686214 1650.0 1500.0 0 0.0 0.0 0.0 0.0
1028 2108.8931884765625 1409.0909423828125 25.44349396552508 1650.0 1500.0 0 0.0 0.0 0.0 0.0
1046 2104.940673828125 1409.0909423828125 24.290142911693522 1650.0 1500.0 0 0.0 0.0 0.0 0.0
1062 2100.988037109375 1405.1383056640625 24.95191287011727 1650.0 1500.0 0 0.0 0.0 0.0 0.0
1080 2097.0355224609375 1405.1383056640625 23.813984162918644 1650.0 1500.0 0 0.0 0.0 0.0 0.0
1127 2093.0828857421875 1405.1383056640625 22.711980597924992 1650.0 1500.0 0 0.0 0.0 0.0 0.0
1145 2093.0828857421875 1409.0909423828125 20.794929710485746 1650.0 1500.0 0 0.0 0.0 0.0 0.0
1161 2089.13037109375 1409.0909423828125 19.790289489663394 1650.0 1500.0 0 0.0 0.0 0.0 0.0
1176 2085.177734375 1413.04345703125 16.900498058118558 1650.0 1500.0 0 0.0 0.0 0.0 0.0
1194 2081.2252197265625 1420.9486083984375 12.055237175528816 1650.0 1500.0 0 0.0 0.0 0.0 0.0
1210 2077.272705078125 1428.853759765625 7.27554647748741 1650.0 1500.0 0 0.0 0.0 0.0 0.0
1227 2073.320068359375 1440.71142578125 0.477453310302451 1650.0 1500.0 0 0.0 0.0 0.0 0.0
1244 2065.4149169921875 1448.6165771484375 355.8542192902659 1650.0 1500.0 0 0.0 0.0 0.0 0.0
1261 2061.46240234375 1456.521728515625 351.5221886035195 1650.0 1500.0 0 0.0 0.0 0.0 0.0
1277 2053.5572509765625 1468.37939453125 345.5350616008398 1650.0 1500.0 0 0.0 0.0 0.0 0.0
1294 2045.652099609375 1476.2845458984375 342.02495140520335 1650.0 1500.0 0 0.0 0.0 0.0 0.0
1310 2045.652099609375 1488.142333984375 335.7453723904615 1650.0 1500.0 0 0.0 0.0 0.0 0.0
1327 2037.7469482421875 1492.0948486328125 334.96732201562213 1650.0 1500.0 0 0.0 0.0 0.0 0.0
1344 2033.79443359375 1500.0 331.6571202209622 1650.0 1500.0 0 0.0 0.0 0.0 0.0
1360 2029.841796875 1503.9525146484375 330.447578954105 1650.0 1500.0 0 0.0 0.0 0.0 0.0
1377 2025.8892822265625 1507.9051513671875 329.2952470037337 1650.0 1500.0 0 0.0 0.0 0.0 0.0
1410 2021.9366455078125 1507.9051513671875 330.119942249655 1650.0 1500.0 0 0.0 0.0 0.0 0.0
1479 2017.984130859375 1496.04736328125 337.0198607579621 1650.0 1500.0 0 0.0 0.0 0.0 0.0
1497 2014.031494140625 1488.142333984375 341.71221109842537 1650.0 1500.0 0 0.0 0.0 0.0 0.0
1513 2010.0789794921875 1480.2371826171875 346.2827048772642 1650.0 1500.0 0 0.0 0.0 0.0 0.0
1529 2006.12646484375 1468.37939453125 352.8183878219549 1650.0 1500.0 0 0.0 0.0 0.0 0.0
1545 2006.12646484375 1456.521728515625 359.32353674010614 1650.0 1500.0 0 0.0 0.0 0.0 0.0
1560 2006.12646484375 1448.6165771484375 3.6034242991568703 1650.0 1500.0 0 0.0 0.0 0.0 0.0
1576 2006.12646484375 1444.6640625 5.724598694723738 1650.0 1500.0 0 0.0 0.0 0.0 0.0
1592 2002.173828125 1436.7589111328125 9.26369408795182 1650.0 1500.0 0 0.0 0.0 0.0 0.0
1610 1998.2213134765625 1432.8062744140625 10.648988484967788 1650.0 1500.0 0 0.0 0.0 0.0 0.0
1627 1998.2213134765625 1428.853759765625 12.69326656734819 1650.0 1500.0 0 0.0 0.0 0.0 0.0
1643 1994.2686767578125 1428.853759765625 11.961474848644684 1650.0 1500.0 0 0.0 0.0 0.0 0.0
1676 1990.316162109375 1428.853759765625 11.255119577829475 1650.0 1500.0 0 0.0 0.0 0.0 0.0
1694 1986.363525390625 1428.853759765625 10.57331890171048 1650.0 1500.0 0 0.0 0.0 0.0 0.0
1727 1978.4583740234375 1432.8062744140625 7.338281676108124 1650.0 1500.0 0 0.0 0.0 0.0 0.0
1744 1970.5533447265625 1440.71142578125 2.285066816560118 1650.0 1500.0 0 0.0 0.0 0.0 0.0
1760 1962.648193359375 1448.6165771484375 357.54305705534284 1650.0 1500.0 0 0.0 0.0 0.0 0.0
1778 1954.7430419921875 1452.5692138671875 355.1517964823143 1650.0 1500.0 0 0.0 0.0 0.0 0.0
1794 1946.837890625 1460.4742431640625 350.89974580937843 1650.0 1500.0 0 0.0 0.0 0.0 0.0
1810 1942.88525390625 1468.37939453125 346.76898470461725 1650.0 1500.0 0 0.0 0.0 0.0 0.0
1829 1938.9327392578125 1468.37939453125 346.9731675452534 1650.0 1500.0 0 0.0 0.0 0.0 0.0
1846 1934.980224609375 1472.33203125 345.0859493586452 1650.0 1500.0 0 0.0 0.0 0.0 0.0
1863 1931.027587890625 1476.2845458984375 343.2767517902223 1650.0 1500.0 0 0.0 0.0 0.0 0.0
1880 1927.0750732421875 1480.2371826171875 341.54382851166775 1650.0 1500.0 0 0.0 0.0 0.0 0.0
2160 1923.1224365234375 1480.2371826171875 341.93774745725256 1650.0 1500.0 0 0.0 0.0 0.0 0.0