0 2350.0 1500.0 0 1650.0 1500.0 0 0.0 0.0 0.0 0.0
133 2350.0 1500.0 0 1650.0 1500.0 0 0.0 0.0 0.0 0.0
156 2350.0 1500.0 0 1650.0 1500.0 0 0.0 0.0 0.0 0.0
168 2350.0 1500.0 0 1650.0 1500.0 0 0.0 0.0 0.0 0.0
185 2350.0 1500.0 0 1650.0 1500.0 0 0.0 0.0 0.0 0.0
201 2350.0 1500.0 0 1650.0 1500.0 0 0.0 0.0 0.0 0.0
217 2350.0 1500.0 0 1650.0 1500.0 0 0.0 0.0 0.0 0.0
234 2350.0 1500.0 0 1650.0 1500.0 0 0.0 0.0 0.0 0.0
250 2328.947265625 1505.26318359375 354.5596423926389 1650.0 1500.0 0 0.0 0.0 0.0 0.0
267 2313.157958984375 1505.26318359375 352.89376849275504 1650.0 1500.0 0 0.0 0.0 0.0 0.0
284 2292.105224609375 1510.5263671875 348.6125017365865 1650.0 1500.0 0 0.0 0.0 0.0 0.0
300 2276.315673828125 1515.78955078125 345.1829062118253 1650.0 1500.0 0 0.0 0.0 0.0 0.0
317 2260.5263671875 1515.78955078125 344.7617873728197 1650.0 1500.0 0 0.0 0.0 0.0 0.0
334 2239.4736328125 1521.0526123046875 341.8514759681752 1650.0 1500.0 0 0.0 0.0 0.0 0.0
350 2223.68408203125 1521.0526123046875 341.87544996983695 1650.0 1500.0 0 0.0 0.0 0.0 0.0
367 2213.157958984375 1526.3157958984375 339.22087733325856 1650.0 1500.0 0 0.0 0.0 0.0 0.0
386 2197.368408203125 1526.3157958984375 339.5963221319025 1650.0 1500.0 0 0.0 0.0 0.0 0.0
401 2186.842041015625 1526.3157958984375 339.82330384095064 1650.0 1500.0 0 0.0 0.0 0.0 0.0
417 2171.052734375 1526.3157958984375 340.11827249273693 1650.0 1500.0 0 0.0 0.0 0.0 0.0
435 2155.26318359375 1526.3157958984375 340.3738295140108 1650.0 1500.0 0 0.0 0.0 0.0 0.0
450 2144.73681640625 1526.3157958984375 340.52836014566356 1650.0 1500.0 0 0.0 0.0 0.0 0.0
467 2128.9473876953125 1526.3157958984375 340.7291236536852 1650.0 1500.0 0 0.0 0.0 0.0 0.0
484 2118.4210205078125 1526.3157958984375 340.8505237185363 1650.0 1500.0 0 0.0 0.0 0.0 0.0
500 2107.894775390625 1526.3157958984375 340.9605844245708 1650.0 1500.0 0 0.0 0.0 0.0 0.0
517 2097.368408203125 1526.3157958984375 341.06035764190835 1650.0 1500.0 0 0.0 0.0 0.0 0.0
534 2086.842041015625 1526.3157958984375 341.1508293810764 1650.0 1500.0 0 0.0 0.0 0.0 0.0
550 2076.3157958984375 1526.3157958984375 341.23286907309875 1650.0 1500.0 0 0.0 0.0 0.0 0.0
567 2065.7894287109375 1526.3157958984375 341.3072893395592 1650.0 1500.0 0 0.0 0.0 0.0 0.0
584 2055.26318359375 1531.5789794921875 338.7069623281538 1650.0 1500.0 0 0.0 0.0 0.0 0.0
600 2044.73681640625 1531.5789794921875 339.01676699039905 1650.0 1500.0 0 0.0 0.0 0.0 0.0
617 2034.2105712890625 1531.5789794921875 339.29770101964425 1650.0 1500.0 0 0.0 0.0 0.0 0.0
634 2023.6842041015625 1531.5789794921875 339.5525033820423 1650.0 1500.0 0 0.0 0.0 0.0 0.0
650 2013.1578369140625 1536.8421630859375 337.12087247032025 1650.0 1500.0 0 0.0 0.0 0.0 0.0
667 2002.631591796875 1536.8421630859375 337.57830425170795 1650.0 1500.0 0 0.0 0.0 0.0 0.0
683 1997.368408203125 1536.8421630859375 337.7958505239152 1650.0 1500.0 0 0.0 0.0 0.0 0.0
703 1986.842041015625 1536.8421630859375 338.1904910002173 1650.0 1500.0 0 0.0 0.0 0.0 0.0
717 1981.5789794921875 1536.8421630859375 338.3781586087698 1650.0 1500.0 0 0.0 0.0 0.0 0.0
734 1976.3157958984375 1536.8421630859375 338.5566865741222 1650.0 1500.0 0 0.0 0.0 0.0 0.0
751 1971.0526123046875 1536.8421630859375 338.7265159126375 1650.0 1500.0 0 0.0 0.0 0.0 0.0
767 1960.5262451171875 1536.8421630859375 339.0345166222485 1650.0 1500.0 0 0.0 0.0 0.0 0.0
785 1955.26318359375 1536.8421630859375 339.18100540584953 1650.0 1500.0 0 0.0 0.0 0.0 0.0
804 1950.0 1536.8421630859375 339.32033245669584 1650.0 1500.0 0 0.0 0.0 0.0 0.0
817 1944.73681640625 1536.8421630859375 339.45287259319093 1650.0 1500.0 0 0.0 0.0 0.0 0.0
834 1934.2105712890625 1536.8421630859375 339.693180041706 1650.0 1500.0 0 0.0 0.0 0.0 0.0
851 1923.6842041015625 1536.8421630859375 339.91111362288734 1650.0 1500.0 0 0.0 0.0 0.0 0.0
867 1918.4210205078125 1536.8421630859375 340.0147467094839 1650.0 1500.0 0 0.0 0.0 0.0 0.0
884 1907.894775390625 1542.1053466796875 337.5385129420263 1650.0 1500.0 0 0.0 0.0 0.0 0.0
900 1897.368408203125 1542.1053466796875 337.95711912702063 1650.0 1500.0 0 0.0 0.0 0.0 0.0
917 1886.842041015625 1542.1053466796875 338.33674990182976 1650.0 1500.0 0 0.0 0.0 0.0 0.0
934 1881.5789794921875 1542.1053466796875 338.51728471862555 1650.0 1500.0 0 0.0 0.0 0.0 0.0
950 1876.3157958984375 1542.1053466796875 338.6890116877955 1650.0 1500.0 0 0.0 0.0 0.0 0.0
967 1865.7894287109375 1547.368408203125 336.3410759339393 1650.0 1500.0 0 0.0 0.0 0.0 0.0
984 1860.5262451171875 1547.368408203125 336.61892818968863 1650.0 1500.0 0 0.0 0.0 0.0 0.0
1000 1855.26318359375 1547.368408203125 336.8832138969658 1650.0 1500.0 0 0.0 0.0 0.0 0.0
1017 1850.0 1547.368408203125 337.1346608772891 1650.0 1500.0 0 0.0 0.0 0.0 0.0
1034 1844.73681640625 1547.368408203125 337.37385848579027 1650.0 1500.0 0 0.0 0.0 0.0 0.0
1050 1839.4736328125 1547.368408203125 337.60142310737405 1650.0 1500.0 0 0.0 0.0 0.0 0.0
1067 1834.2105712890625 1547.368408203125 337.817814157337 1650.0 1500.0 0 0.0 0.0 0.0 0.0
1084 1828.9473876953125 1547.368408203125 338.0236583197675 1650.0 1500.0 0 0.0 0.0 0.0 0.0
1117 1823.6842041015625 1547.368408203125 338.2194681732569 1650.0 1500.0 0 0.0 0.0 0.0 0.0
1133 1818.4210205078125 1547.368408203125 338.4057797260683 1650.0 1500.0 0 0.0 0.0 0.0 0.0
1167 1813.1578369140625 1547.368408203125 338.58299761732303 1650.0 1500.0 0 0.0 0.0 0.0 0.0
1200 1807.894775390625 1552.631591796875 335.96392176890083 1650.0 1500.0 0 0.0 0.0 0.0 0.0
1250 1802.631591796875 1552.631591796875 336.26011421720546 1650.0 1500.0 0 0.0 0.0 0.0 0.0
1332 1797.368408203125 1552.631591796875 336.54190334289325 1650.0 1500.0 0 0.0 0.0 0.0 0.0
1349 1792.105224609375 1552.631591796875 336.8099596996603 1650.0 1500.0 0 0.0 0.0 0.0 0.0
1383 1786.842041015625 1552.631591796875 337.06495732165934 1650.0 1500.0 0 0.0 0.0 0.0 0.0
1416 1781.5789794921875 1552.631591796875 337.3075691425374 1650.0 1500.0 0 0.0 0.0 0.0 0.0
1450 1776.3157958984375 1552.631591796875 337.538292781216 1650.0 1500.0 0 0.0 0.0 0.0 0.0
1566 1771.0526123046875 1552.631591796875 337.75778079501856 1650.0 1500.0 0 0.0 0.0 0.0 0.0
1600 1765.7894287109375 1552.631591796875 337.96656695187016 1650.0 1500.0 0 0.0 0.0 0.0 0.0
1699 1760.5262451171875 1552.631591796875 338.16519311581885 1650.0 1500.0 0 0.0 0.0 0.0 0.0
1766 1755.26318359375 1552.631591796875 338.3541213134082 1650.0 1500.0 0 0.0 0.0 0.0 0.0
1783 1755.26318359375 1557.894775390625 335.42639161532543 1650.0 1500.0 0 0.0 0.0 0.0 0.0
1833 1750.0 1557.894775390625 335.7487252811834 1650.0 1500.0 0 0.0 0.0 0.0 0.0
1966 1744.73681640625 1557.894775390625 336.0554073016654 1650.0 1500.0 0 0.0 0.0 0.0 0.0
2082 1739.4736328125 1557.894775390625 336.34718058490944 1650.0 1500.0 0 0.0 0.0 0.0 0.0
2249 1734.2105712890625 1557.894775390625 336.62473042601823 1650.0 1500.0 0 0.0 0.0 0.0 0.0
2332 1728.9473876953125 1557.894775390625 336.888769076273 1650.0 1500.0 0 0.0 0.0 0.0 0.0
2465 1723.6842041015625 1557.894775390625 337.1399453731273 1650.0 1500.0 0 0.0 0.0 0.0 0.0
2549 1718.4210205078125 1557.894775390625 337.37888369078667 1650.0 1500.0 0 0.0 0.0 0.0 0.0
2682 1718.4210205078125 1552.631591796875 340.32491154810805 1650.0 1500.0 0 0.0 0.0 0.0 0.0
2700 1713.1578369140625 1552.631591796875 340.4083381838009 1650.0 1500.0 0 0.0 0.0 0.0 0.0
2816 1713.1578369140625 1547.368408203125 343.35484828803146 1650.0 1500.0 0 0.0 0.0 0.0 0.0
2916 1713.1578369140625 1542.1053466796875 346.2939632998098 1650.0 1500.0 0 0.0 0.0 0.0 0.0
2966 1707.894775390625 1542.1053466796875 346.0856683282384 1650.0 1500.0 0 0.0 0.0 0.0 0.0
3066 1707.894775390625 1536.8421630859375 349.01109951357444 1650.0 1500.0 0 0.0 0.0 0.0 0.0
3149 1702.631591796875 1536.8421630859375 348.67046315044377 1650.0 1500.0 0 0.0 0.0 0.0 0.0
3316 1697.368408203125 1536.8421630859375 348.3463951432141 1650.0 1500.0 0 0.0 0.0 0.0 0.0
3332 1697.368408203125 1531.5789794921875 351.25554062682846 1650.0 1500.0 0 0.0 0.0 0.0 0.0
3432 1692.105224609375 1531.5789794921875 350.80608257348723 1650.0 1500.0 0 0.0 0.0 0.0 0.0
3549 1692.105224609375 1526.3157958984375 353.6924966428574 1650.0 1500.0 0 0.0 0.0 0.0 0.0
3583 1686.842041015625 1526.3157958984375 353.1256115642725 1650.0 1500.0 0 0.0 0.0 0.0 0.0
3782 1686.842041015625 1521.0526123046875 355.98586004185506 1650.0 1500.0 0 0.0 0.0 0.0 0.0
3916 1681.5789794921875 1521.0526123046875 355.30918575342264 1650.0 1500.0 0 0.0 0.0 0.0 0.0
3933 1681.5789794921875 1515.78955078125 358.14058296130764 1650.0 1500.0 0 0.0 0.0 0.0 0.0
4149 1676.3157958984375 1515.78955078125 357.3616871339101 1650.0 1500.0 0 0.0 0.0 0.0 0.0
4216 1676.3157958984375 1510.5263671875 0.16257092152039831 1650.0 1500.0 0 0.0 0.0 0.0 0.0
4466 1671.0526123046875 1510.5263671875 359.2885263894659 1650.0 1500.0 0 0.0 0.0 0.0 0.0