0 2000.0 1500.0 0 0.0 0.0 0.0 0.0 0.0 0.0 0.0
12 2000.0 1507.067138671875 -1.4905492552204862 0.0 0.0 0.0 0.0 0.0 0.0 0.0
29 2000.0 1510.6007080078125 -2.228560679208158 0.0 0.0 0.0 0.0 0.0 0.0 0.0
58 2000.0 1514.13427734375 -2.9593488532316883 0.0 0.0 0.0 0.0 0.0 0.0 0.0
61 1996.4664306640625 1517.6678466796875 -3.1143177651941585 0.0 0.0 0.0 0.0 0.0 0.0 0.0
77 1992.932861328125 1521.201416015625 -3.2658390158563577 0.0 0.0 0.0 0.0 0.0 0.0 0.0
101 1985.86572265625 1521.201416015625 -2.1421548471908807 0.0 0.0 0.0 0.0 0.0 0.0 0.0
109 1982.3321533203125 1521.201416015625 -1.5875212901961788 0.0 0.0 0.0 0.0 0.0 0.0 0.0
117 1978.798583984375 1521.201416015625 -1.0400313286833693 0.0 0.0 0.0 0.0 0.0 0.0 0.0
125 1968.1978759765625 1528.2685546875 -0.904519008334745 0.0 0.0 0.0 0.0 0.0 0.0 0.0
133 1961.1307373046875 1531.8021240234375 -0.5756720928758625 0.0 0.0 0.0 0.0 0.0 0.0 0.0
143 1957.59716796875 1531.8021240234375 -0.04130990910073251 0.0 0.0 0.0 0.0 0.0 0.0 0.0
149 1946.9964599609375 1531.8021240234375 1.5000567576735762 0.0 0.0 0.0 0.0 0.0 0.0 0.0
157 1939.9293212890625 1531.8021240234375 2.500422941299746 0.0 0.0 0.0 0.0 0.0 0.0 0.0
164 1932.8621826171875 1531.8021240234375 3.4740610006576276 0.0 0.0 0.0 0.0 0.0 0.0 0.0
172 1925.7950439453125 1531.8021240234375 4.421428345762848 0.0 0.0 0.0 0.0 0.0 0.0 0.0
180 1922.261474609375 1531.8021240234375 4.8885775682884685 0.0 0.0 0.0 0.0 0.0 0.0 0.0
189 1915.1943359375 1535.335693359375 5.016171192544817 0.0 0.0 0.0 0.0 0.0 0.0 0.0
196 1908.127197265625 1535.335693359375 5.92141573146273 0.0 0.0 0.0 0.0 0.0 0.0 0.0
205 1904.5936279296875 1535.335693359375 6.367701409850611 0.0 0.0 0.0 0.0 0.0 0.0 0.0
212 1897.5264892578125 1535.335693359375 7.235540335555783 0.0 0.0 0.0 0.0 0.0 0.0 0.0
221 1890.4593505859375 1538.8692626953125 7.281175924183543 0.0 0.0 0.0 0.0 0.0 0.0 0.0
229 1886.92578125 1538.8692626953125 7.708288967017239 0.0 0.0 0.0 0.0 0.0 0.0 0.0
237 1879.858642578125 1538.8692626953125 8.538569635955099 0.0 0.0 0.0 0.0 0.0 0.0 0.0
245 1876.3250732421875 1538.8692626953125 8.947749778782992 0.0 0.0 0.0 0.0 0.0 0.0 0.0
253 1872.79150390625 1538.8692626953125 9.351064616978903 0.0 0.0 0.0 0.0 0.0 0.0 0.0
261 1869.2579345703125 1538.8692626953125 9.748585607929044 0.0 0.0 0.0 0.0 0.0 0.0 0.0
269 1862.1907958984375 1538.8692626953125 10.520932700682408 0.0 0.0 0.0 0.0 0.0 0.0 0.0
279 1858.6572265625 1538.8692626953125 10.901477843341155 0.0 0.0 0.0 0.0 0.0 0.0 0.0
285 1855.1236572265625 1538.8692626953125 11.276493700136086 0.0 0.0 0.0 0.0 0.0 0.0 0.0
301 1851.590087890625 1538.8692626953125 11.64602321128828 0.0 0.0 0.0 0.0 0.0 0.0 0.0
309 1844.52294921875 1538.8692626953125 12.363698830588078 0.0 0.0 0.0 0.0 0.0 0.0 0.0
317 1840.9893798828125 1538.8692626953125 12.717244081903488 0.0 0.0 0.0 0.0 0.0 0.0 0.0
333 1837.455810546875 1538.8692626953125 13.065569403661812 0.0 0.0 0.0 0.0 0.0 0.0 0.0
343 1833.9222412109375 1538.8692626953125 13.408709681441394 0.0 0.0 0.0 0.0 0.0 0.0 0.0
349 1823.321533203125 1538.8692626953125 14.393594330519619 0.0 0.0 0.0 0.0 0.0 0.0 0.0
372 1809.187255859375 1538.8692626953125 15.631463530438253 0.0 0.0 0.0 0.0 0.0 0.0 0.0
376 1805.6536865234375 1538.8692626953125 15.93625245879349 0.0 0.0 0.0 0.0 0.0 0.0 0.0
393 1798.5865478515625 1538.8692626953125 16.52770259148585 0.0 0.0 0.0 0.0 0.0 0.0 0.0
405 1787.98583984375 1538.8692626953125 17.37574305633126 0.0 0.0 0.0 0.0 0.0 0.0 0.0
413 1784.4522705078125 1538.8692626953125 17.654120880556405 0.0 0.0 0.0 0.0 0.0 0.0 0.0
421 1780.918701171875 1535.335693359375 18.805572993660064 0.0 0.0 0.0 0.0 0.0 0.0 0.0
429 1770.3179931640625 1535.335693359375 19.55223896950764 0.0 0.0 0.0 0.0 0.0 0.0 0.0
437 1763.2508544921875 1528.2685546875 21.78690553506047 0.0 0.0 0.0 0.0 0.0 0.0 0.0
447 1752.650146484375 1524.7349853515625 23.266803893089133 0.0 0.0 0.0 0.0 0.0 0.0 0.0
453 1745.5830078125 1521.201416015625 24.52030555242905 0.0 0.0 0.0 0.0 0.0 0.0 0.0
463 1734.9822998046875 1517.6678466796875 25.8829150146436 0.0 0.0 0.0 0.0 0.0 0.0 0.0
469 1727.9151611328125 1514.13427734375 27.061812079522184 0.0 0.0 0.0 0.0 0.0 0.0 0.0
477 1724.381591796875 1510.6007080078125 28.096378577741717 0.0 0.0 0.0 0.0 0.0 0.0 0.0
485 1717.314453125 1510.6007080078125 28.315877024289904 0.0 0.0 0.0 0.0 0.0 0.0 0.0
493 1713.7808837890625 1507.067138671875 29.332756056214436 0.0 0.0 0.0 0.0 0.0 0.0 0.0
501 1710.247314453125 1503.5335693359375 30.33497517555091 0.0 0.0 0.0 0.0 0.0 0.0 0.0
509 1699.6466064453125 1503.5335693359375 30.555870425936376 0.0 0.0 0.0 0.0 0.0 0.0 0.0
517 1696.113037109375 1500.0 31.540043768568495 0.0 0.0 0.0 0.0 0.0 0.0 0.0
525 1689.0458984375 1496.4664306640625 32.550149840295404 0.0 0.0 0.0 0.0 0.0 0.0 0.0
533 1685.5123291015625 1489.3992919921875 34.41784482446033 0.0 0.0 0.0 0.0 0.0 0.0 0.0
542 1678.4451904296875 1485.86572265625 35.3385273611901 0.0 0.0 0.0 0.0 0.0 0.0 0.0
549 1674.91162109375 1485.86572265625 35.3348343684776 0.0 0.0 0.0 0.0 0.0 0.0 0.0
589 1671.3780517578125 1482.3321533203125 36.24441507467978 0.0 0.0 0.0 0.0 0.0 0.0 0.0
597 1667.844482421875 1478.798583984375 37.13911500471559 0.0 0.0 0.0 0.0 0.0 0.0 0.0
621 1664.3109130859375 1475.2650146484375 38.01896029762824 0.0 0.0 0.0 0.0 0.0 0.0 0.0
629 1660.77734375 1468.1978759765625 39.793546468177425 0.0 0.0 0.0 0.0 0.0 0.0 0.0
645 1657.2437744140625 1464.664306640625 40.62813787825323 0.0 0.0 0.0 0.0 0.0 0.0 0.0
653 1653.710205078125 1457.59716796875 42.35285793323854 0.0 0.0 0.0 0.0 0.0 0.0 0.0
673 1643.1094970703125 1450.530029296875 43.76879620375408 0.0 0.0 0.0 0.0 0.0 0.0 0.0
685 1639.575927734375 1439.9293212890625 46.320487751905404 0.0 0.0 0.0 0.0 0.0 0.0 0.0
701 1636.0423583984375 1436.395751953125 47.03676141608244 0.0 0.0 0.0 0.0 0.0 0.0 0.0
709 1632.5087890625 1429.32861328125 48.6249157309434 0.0 0.0 0.0 0.0 0.0 0.0 0.0
717 1625.441650390625 1425.7950439453125 49.07746050681297 0.0 0.0 0.0 0.0 0.0 0.0 0.0
725 1625.441650390625 1422.261474609375 49.974608378750105 0.0 0.0 0.0 0.0 0.0 0.0 0.0
743 1621.9080810546875 1418.7279052734375 50.620697362329594 0.0 0.0 0.0 0.0 0.0 0.0 0.0
752 1618.37451171875 1415.1943359375 51.254135506832114 0.0 0.0 0.0 0.0 0.0 0.0 0.0
757 1611.307373046875 1408.127197265625 52.47189336856482 0.0 0.0 0.0 0.0 0.0 0.0 0.0
765 1607.7738037109375 1404.5936279296875 53.068605298609754 0.0 0.0 0.0 0.0 0.0 0.0 0.0
773 1604.240234375 1401.06005859375 53.65335265433376 0.0 0.0 0.0 0.0 0.0 0.0 0.0
781 1600.7066650390625 1397.5264892578125 54.22629663212925 0.0 0.0 0.0 0.0 0.0 0.0 0.0
789 1593.6395263671875 1390.4593505859375 55.32668520381637 0.0 0.0 0.0 0.0 0.0 0.0 0.0
796 1590.10595703125 1386.92578125 55.86563583294449 0.0 0.0 0.0 0.0 0.0 0.0 0.0
805 1586.5723876953125 1379.858642578125 57.23571194443875 0.0 0.0 0.0 0.0 0.0 0.0 0.0
813 1575.9716796875 1372.79150390625 57.870049608516894 0.0 0.0 0.0 0.0 0.0 0.0 0.0
821 1572.4381103515625 1365.724365234375 59.18626783717244 0.0 0.0 0.0 0.0 0.0 0.0 0.0
829 1568.904541015625 1362.1907958984375 59.645125756877604 0.0 0.0 0.0 0.0 0.0 0.0 0.0
845 1565.3709716796875 1355.1236572265625 60.912397478919985 0.0 0.0 0.0 0.0 0.0 0.0 0.0
853 1561.83740234375 1348.0565185546875 62.14402916669232 0.0 0.0 0.0 0.0 0.0 0.0 0.0
860 1558.3038330078125 1348.0565185546875 61.72811875299314 0.0 0.0 0.0 0.0 0.0 0.0 0.0
869 1551.2366943359375 1340.9893798828125 62.52128026891958 0.0 0.0 0.0 0.0 0.0 0.0 0.0
885 1544.1695556640625 1333.9222412109375 63.281183086981144 0.0 0.0 0.0 0.0 0.0 0.0 0.0
901 1537.1024169921875 1330.388671875 63.22491765800791 0.0 0.0 0.0 0.0 0.0 0.0 0.0
917 1533.56884765625 1330.388671875 62.79364960318256 0.0 0.0 0.0 0.0 0.0 0.0 0.0
927 1526.501708984375 1326.8551025390625 62.75440698521149 0.0 0.0 0.0 0.0 0.0 0.0 0.0
933 1522.9681396484375 1323.321533203125 63.1374835483318 0.0 0.0 0.0 0.0 0.0 0.0 0.0
949 1515.9010009765625 1319.7879638671875 63.08623105613523 0.0 0.0 0.0 0.0 0.0 0.0 0.0
959 1512.367431640625 1316.25439453125 63.462192922702826 0.0 0.0 0.0 0.0 0.0 0.0 0.0
1045 1466.4310302734375 1295.052978515625 62.78821359117566 0.0 0.0 0.0 0.0 0.0 0.0 0.0
1048 1462.8974609375 1295.052978515625 62.363114389916035 0.0 0.0 0.0 0.0 0.0 0.0 0.0
1059 1459.364013671875 1291.5194091796875 62.754585360417735 0.0 0.0 0.0 0.0 0.0 0.0 0.0
1062 1455.8304443359375 1291.5194091796875 62.32995891090141 0.0 0.0 0.0 0.0 0.0 0.0 0.0
1085 1445.229736328125 1287.98583984375 61.90309486596166 0.0 0.0 0.0 0.0 0.0 0.0 0.0
1100 1438.16259765625 1287.98583984375 61.08977434925046 0.0 0.0 0.0 0.0 0.0 0.0 0.0
1104 1431.095458984375 1280.918701171875 61.90960827448916 0.0 0.0 0.0 0.0 0.0 0.0 0.0
1122 1427.5618896484375 1280.918701171875 61.497037046414476 0.0 0.0 0.0 0.0 0.0 0.0 0.0
1125 1420.4947509765625 1280.918701171875 60.69522472690815 0.0 0.0 0.0 0.0 0.0 0.0 0.0
1143 1409.89404296875 1280.918701171875 59.54320134341609 0.0 0.0 0.0 0.0 0.0 0.0 0.0
1153 1402.826904296875 1280.918701171875 58.79727850930996 0.0 0.0 0.0 0.0 0.0 0.0 0.0
1169 1392.2261962890625 1277.3851318359375 58.541446527352235 0.0 0.0 0.0 0.0 0.0 0.0 0.0
1179 1378.0919189453125 1277.3851318359375 57.14799391805619 0.0 0.0 0.0 0.0 0.0 0.0 0.0
1182 1367.4912109375 1273.8515625 56.97232593191373 0.0 0.0 0.0 0.0 0.0 0.0 0.0
1197 1356.8905029296875 1273.8515625 55.98012131087026 0.0 0.0 0.0 0.0 0.0 0.0 0.0
1202 1346.289794921875 1273.8515625 55.03114100621056 0.0 0.0 0.0 0.0 0.0 0.0 0.0
1205 1342.7562255859375 1273.8515625 54.71955981875166 0.0 0.0 0.0 0.0 0.0 0.0 0.0
1223 1325.08837890625 1270.3179931640625 54.08774085459484 0.0 0.0 0.0 0.0 0.0 0.0 0.0
1232 1314.4876708984375 1270.3179931640625 53.22190193311175 0.0 0.0 0.0 0.0 0.0 0.0 0.0
1248 1307.4205322265625 1270.3179931640625 52.661957619124536 0.0 0.0 0.0 0.0 0.0 0.0 0.0
1257 1303.886962890625 1270.3179931640625 52.38623787339466 0.0 0.0 0.0 0.0 0.0 0.0 0.0
1272 1296.81982421875 1270.3179931640625 51.85138860276871 0.0 0.0 0.0 0.0 0.0 0.0 0.0
1277 1293.2862548828125 1270.3179931640625 51.58804033650247 0.0 0.0 0.0 0.0 0.0 0.0 0.0
1285 1286.2191162109375 1270.3179931640625 51.077246477174555 0.0 0.0 0.0 0.0 0.0 0.0 0.0
1300 1279.1519775390625 1270.3179931640625 50.5819095473843 0.0 0.0 0.0 0.0 0.0 0.0 0.0
1303 1272.0848388671875 1270.3179931640625 50.10158839980309 0.0 0.0 0.0 0.0 0.0 0.0 0.0
1323 1257.9505615234375 1270.3179931640625 49.19762411329381 0.0 0.0 0.0 0.0 0.0 0.0 0.0
1326 1250.8834228515625 1270.3179931640625 48.75941653462942 0.0 0.0 0.0 0.0 0.0 0.0 0.0
1340 1240.28271484375 1270.3179931640625 48.131811198591464 0.0 0.0 0.0 0.0 0.0 0.0 0.0
1343 1233.215576171875 1270.3179931640625 47.72622390833973 0.0 0.0 0.0 0.0 0.0 0.0 0.0
1350 1222.6148681640625 1270.3179931640625 47.145392843254655 0.0 0.0 0.0 0.0 0.0 0.0 0.0
1364 1215.5477294921875 1270.3179931640625 46.7700851537854 0.0 0.0 0.0 0.0 0.0 0.0 0.0
1366 1204.947021484375 1270.3179931640625 46.23272502568145 0.0 0.0 0.0 0.0 0.0 0.0 0.0
1380 1201.4133911132812 1270.3179931640625 46.0564147834215 0.0 0.0 0.0 0.0 0.0 0.0 0.0
1383 1190.8126831054688 1270.3179931640625 45.55157685705743 0.0 0.0 0.0 0.0 0.0 0.0 0.0
1399 1180.2119750976562 1270.3179931640625 45.06977083921217 0.0 0.0 0.0 0.0 0.0 0.0 0.0
1415 1169.6112670898438 1270.3179931640625 44.6099980760321 0.0 0.0 0.0 0.0 0.0 0.0 0.0
1421 1162.5441284179688 1270.3179931640625 44.31296360940294 0.0 0.0 0.0 0.0 0.0 0.0 0.0
1437 1155.4769897460938 1273.8515625 43.13452543405228 0.0 0.0 0.0 0.0 0.0 0.0 0.0
1446 1148.4098510742188 1273.8515625 42.88331987096231 0.0 0.0 0.0 0.0 0.0 0.0 0.0
1463 1141.3427124023438 1277.3851318359375 41.74662325709093 0.0 0.0 0.0 0.0 0.0 0.0 0.0
1479 1134.275634765625 1284.4522705078125 39.74579056238727 0.0 0.0 0.0 0.0 0.0 0.0 0.0
1488 1130.7420654296875 1284.4522705078125 39.671893764397254 0.0 0.0 0.0 0.0 0.0 0.0 0.0
1506 1120.141357421875 1287.98583984375 38.57677658411254 0.0 0.0 0.0 0.0 0.0 0.0 0.0
1525 1106.007080078125 1295.052978515625 36.6224339913683 0.0 0.0 0.0 0.0 0.0 0.0 0.0
1542 1098.93994140625 1298.5865478515625 35.67579552737604 0.0 0.0 0.0 0.0 0.0 0.0 0.0
1552 1091.872802734375 1302.1201171875 34.75885538095193 0.0 0.0 0.0 0.0 0.0 0.0 0.0
1567 1081.2720947265625 1305.6536865234375 33.889935695221794 0.0 0.0 0.0 0.0 0.0 0.0 0.0
1574 1074.2049560546875 1309.187255859375 33.02958388033656 0.0 0.0 0.0 0.0 0.0 0.0 0.0
1592 1067.1378173828125 1309.187255859375 33.094735552514265 0.0 0.0 0.0 0.0 0.0 0.0 0.0
1607 1056.537109375 1316.25439453125 31.420960072279428 0.0 0.0 0.0 0.0 0.0 0.0 0.0
1629 1042.40283203125 1323.321533203125 29.908400099545617 0.0 0.0 0.0 0.0 0.0 0.0 0.0
1632 1038.8692626953125 1323.321533203125 29.991146401636826 0.0 0.0 0.0 0.0 0.0 0.0 0.0
1657 1021.201416015625 1333.9222412109375 27.817368015461597 0.0 0.0 0.0 0.0 0.0 0.0 0.0
1685 1014.13427734375 1337.455810546875 27.15489288719644 0.0 0.0 0.0 0.0 0.0 0.0 0.0
1693 1010.6007080078125 1337.455810546875 27.2812673178569 0.0 0.0 0.0 0.0 0.0 0.0 0.0
1701 1003.5335693359375 1344.52294921875 25.751177468556904 0.0 0.0 0.0 0.0 0.0 0.0 0.0
1709 996.4664306640625 1344.52294921875 26.04358965508689 0.0 0.0 0.0 0.0 0.0 0.0 0.0
1725 971.7314453125 1358.6572265625 23.68973258930535 0.0 0.0 0.0 0.0 0.0 0.0 0.0
1742 943.462890625 1369.2579345703125 22.581631916362454 0.0 0.0 0.0 0.0 0.0 0.0 0.0
1760 925.7950439453125 1383.3922119140625 20.188088340416925 0.0 0.0 0.0 0.0 0.0 0.0 0.0
1769 918.7279052734375 1390.4593505859375 18.92259327656612 0.0 0.0 0.0 0.0 0.0 0.0 0.0
1783 915.1943359375 1393.992919921875 18.302356710774603 0.0 0.0 0.0 0.0 0.0 0.0 0.0
1792 911.6607666015625 1397.5264892578125 17.69443819850818 0.0 0.0 0.0 0.0 0.0 0.0 0.0
1807 908.127197265625 1401.06005859375 17.098650710200047 0.0 0.0 0.0 0.0 0.0 0.0 0.0
1829 904.5936279296875 1404.5936279296875 16.51481829061956 0.0 0.0 0.0 0.0 0.0 0.0 0.0
1832 904.5936279296875 1408.127197265625 15.639667287202684 0.0 0.0 0.0 0.0 0.0 0.0 0.0
1850 901.06005859375 1411.6607666015625 15.08533510928632 0.0 0.0 0.0 0.0 0.0 0.0 0.0
1871 897.5264892578125 1422.261474609375 12.858940846622232 0.0 0.0 0.0 0.0 0.0 0.0 0.0
1880 897.5264892578125 1425.7950439453125 12.005165790940964 0.0 0.0 0.0 0.0 0.0 0.0 0.0
1893 893.992919921875 1429.32861328125 11.5257825927728 0.0 0.0 0.0 0.0 0.0 0.0 0.0
1901 890.4593505859375 1432.8621826171875 11.056422476360012 0.0 0.0 0.0 0.0 0.0 0.0 0.0
1919 886.92578125 1443.462890625 8.965186385401523 0.0 0.0 0.0 0.0 0.0 0.0 0.0
1935 883.3922119140625 1446.9964599609375 8.549885609937462 0.0 0.0 0.0 0.0 0.0 0.0 0.0
1941 879.858642578125 1454.0635986328125 7.3395992772008185 0.0 0.0 0.0 0.0 0.0 0.0 0.0
1957 869.2579345703125 1464.664306640625 6.244927099017389 0.0 0.0 0.0 0.0 0.0 0.0 0.0
1971 865.724365234375 1468.1978759765625 5.8879054567466085 0.0 0.0 0.0 0.0 0.0 0.0 0.0
1974 858.6572265625 1471.7314453125 5.980630507459779 0.0 0.0 0.0 0.0 0.0 0.0 0.0
1991 844.52294921875 1485.86572265625 4.661010910998954 0.0 0.0 0.0 0.0 0.0 0.0 0.0
1997 840.9893798828125 1485.86572265625 5.124849979736496 0.0 0.0 0.0 0.0 0.0 0.0 0.0
2011 830.388671875 1496.4664306640625 4.167998951399937 0.0 0.0 0.0 0.0 0.0 0.0 0.0
2030 816.25439453125 1503.5335693359375 4.463189712309287 0.0 0.0 0.0 0.0 0.0 0.0 0.0
2051 805.6536865234375 1507.067138671875 5.05423898925153 0.0 0.0 0.0 0.0 0.0 0.0 0.0
2054 798.5865478515625 1514.13427734375 4.4057842782743535 0.0 0.0 0.0 0.0 0.0 0.0 0.0
2072 787.98583984375 1517.6678466796875 4.999568520753485 0.0 0.0 0.0 0.0 0.0 0.0 0.0
2081 784.4522705078125 1521.201416015625 4.669500794905048 0.0 0.0 0.0 0.0 0.0 0.0 0.0
2096 770.3179931640625 1524.7349853515625 5.68487064237911 0.0 0.0 0.0 0.0 0.0 0.0 0.0
2104 766.784423828125 1524.7349853515625 6.1344707741206435 0.0 0.0 0.0 0.0 0.0 0.0 0.0
2119 759.71728515625 1524.7349853515625 7.008792086206114 0.0 0.0 0.0 0.0 0.0 0.0 0.0
2129 749.1165771484375 1528.2685546875 7.477738078324677 0.0 0.0 0.0 0.0 0.0 0.0 0.0
2142 742.0494384765625 1531.8021240234375 7.514898465402155 0.0 0.0 0.0 0.0 0.0 0.0 0.0
2152 734.9822998046875 1531.8021240234375 8.350621621974312 0.0 0.0 0.0 0.0 0.0 0.0 0.0
2167 724.381591796875 1535.335693359375 8.75486884745473 0.0 0.0 0.0 0.0 0.0 0.0 0.0
2175 713.7808837890625 1535.335693359375 9.939088740968344 0.0 0.0 0.0 0.0 0.0 0.0 0.0
2190 696.113037109375 1535.335693359375 11.77723738942629 0.0 0.0 0.0 0.0 0.0 0.0 0.0
2198 692.5794677734375 1535.335693359375 12.139401326630065 0.0 0.0 0.0 0.0 0.0 0.0 0.0
2212 681.978759765625 1538.8692626953125 12.360049511535976 0.0 0.0 0.0 0.0 0.0 0.0 0.0
2216 678.4451904296875 1538.8692626953125 12.713647493204348 0.0 0.0 0.0 0.0 0.0 0.0 0.0
2223 674.91162109375 1538.8692626953125 13.062014284391978 0.0 0.0 0.0 0.0 0.0 0.0 0.0
2237 664.3109130859375 1538.8692626953125 14.061966475891154 0.0 0.0 0.0 0.0 0.0 0.0 0.0
2240 657.2438049316406 1538.8692626953125 14.70896588065537 0.0 0.0 0.0 0.0 0.0 0.0 0.0
2254 643.1095275878906 1542.40283203125 15.106572267869296 0.0 0.0 0.0 0.0 0.0 0.0 0.0
2268 636.0423889160156 1542.40283203125 15.722686811884302 0.0 0.0 0.0 0.0 0.0 0.0 0.0
2271 628.9752502441406 1542.40283203125 16.320498367409783 0.0 0.0 0.0 0.0 0.0 0.0 0.0
2279 621.9081115722656 1542.40283203125 16.900482782450638 0.0 0.0 0.0 0.0 0.0 0.0 0.0
2293 618.3745422363281 1542.40283203125 17.186083990402608 0.0 0.0 0.0 0.0 0.0 0.0 0.0
2303 611.3074035644531 1542.40283203125 17.740177036889065 0.0 0.0 0.0 0.0 0.0 0.0 0.0
2318 607.7738342285156 1542.40283203125 18.012988464761605 0.0 0.0 0.0 0.0 0.0 0.0 0.0
2328 604.2402648925781 1542.40283203125 18.281656154478867 0.0 0.0 0.0 0.0 0.0 0.0 0.0
2342 600.7066955566406 1542.40283203125 18.54620229684113 0.0 0.0 0.0 0.0 0.0 0.0 0.0
2359 593.6395568847656 1542.40283203125 19.059351300167464 0.0 0.0 0.0 0.0 0.0 0.0 0.0
2373 586.5724182128906 1542.40283203125 19.55698703281527 0.0 0.0 0.0 0.0 0.0 0.0 0.0
2390 572.4381408691406 1542.40283203125 20.493665677150688 0.0 0.0 0.0 0.0 0.0 0.0 0.0
2400 568.9045715332031 1542.40283203125 20.72421269264578 0.0 0.0 0.0 0.0 0.0 0.0 0.0
2415 554.7702941894531 1538.8692626953125 22.443911467529034 0.0 0.0 0.0 0.0 0.0 0.0 0.0
2436 551.2367248535156 1538.8692626953125 22.644192827884268 0.0 0.0 0.0 0.0 0.0 0.0 0.0
2440 547.7031555175781 1535.335693359375 23.737193521482453 0.0 0.0 0.0 0.0 0.0 0.0 0.0
2447 544.1695861816406 1531.8021240234375 24.81629483568966 0.0 0.0 0.0 0.0 0.0 0.0 0.0
2462 540.6360168457031 1531.8021240234375 24.979481195522595 0.0 0.0 0.0 0.0 0.0 0.0 0.0
2471 533.5688781738281 1528.2685546875 26.18441052645531 0.0 0.0 0.0 0.0 0.0 0.0 0.0
2500 530.0353088378906 1528.2685546875 26.32607741852499 0.0 0.0 0.0 0.0 0.0 0.0 0.0
2504 522.9681701660156 1524.7349853515625 27.49212141194303 0.0 0.0 0.0 0.0 0.0 0.0 0.0
2509 519.4346008300781 1524.7349853515625 27.61315857203138 0.0 0.0 0.0 0.0 0.0 0.0 0.0
2525 508.8338928222656 1521.201416015625 28.839815644851484 0.0 0.0 0.0 0.0 0.0 0.0 0.0
2528 505.3003234863281 1521.201416015625 28.939504876049597 0.0 0.0 0.0 0.0 0.0 0.0 0.0
2535 501.7667541503906 1521.201416015625 29.037623933746005 0.0 0.0 0.0 0.0 0.0 0.0 0.0
2549 498.2331848144531 1521.201416015625 29.134199494371074 0.0 0.0 0.0 0.0 0.0 0.0 0.0
2552 491.1660461425781 1517.6678466796875 30.217268458387508 0.0 0.0 0.0 0.0 0.0 0.0 0.0
2557 487.6324768066406 1514.13427734375 31.206456290353714 0.0 0.0 0.0 0.0 0.0 0.0 0.0
2573 480.5653381347656 1510.6007080078125 32.22676359563573 0.0 0.0 0.0 0.0 0.0 0.0 0.0
2587 469.9646301269531 1507.067138671875 33.244934786696405 0.0 0.0 0.0 0.0 0.0 0.0 0.0
2591 466.4310607910156 1503.5335693359375 34.187903780319544 0.0 0.0 0.0 0.0 0.0 0.0 0.0
2597 462.8974914550781 1503.5335693359375 34.20255640856735 0.0 0.0 0.0 0.0 0.0 0.0 0.0
2612 455.8303527832031 1496.4664306640625 36.029067010475984 0.0 0.0 0.0 0.0 0.0 0.0 0.0
2615 452.2967834472656 1492.932861328125 36.92731051023421 0.0 0.0 0.0 0.0 0.0 0.0 0.0
2632 448.7632141113281 1489.3992919921875 37.810685108122385 0.0 0.0 0.0 0.0 0.0 0.0 0.0
2637 441.6960754394531 1485.86572265625 38.623254300680145 0.0 0.0 0.0 0.0 0.0 0.0 0.0
2655 427.5617980957031 1475.2650146484375 41.01170012301171 0.0 0.0 0.0 0.0 0.0 0.0 0.0
2675 424.0282287597656 1471.7314453125 41.82493034103604 0.0 0.0 0.0 0.0 0.0 0.0 0.0
2678 413.4275360107422 1464.664306640625 43.26733853026113 0.0 0.0 0.0 0.0 0.0 0.0 0.0
2685 409.8939666748047 1461.1307373046875 44.040146130782404 0.0 0.0 0.0 0.0 0.0 0.0 0.0
2700 406.3603973388672 1457.59716796875 44.798817399787055 0.0 0.0 0.0 0.0 0.0 0.0 0.0
2704 402.8268280029297 1454.0635986328125 45.54351562080538 0.0 0.0 0.0 0.0 0.0 0.0 0.0
2722 392.2261199951172 1443.462890625 47.65689799345452 0.0 0.0 0.0 0.0 0.0 0.0 0.0
2726 388.6925506591797 1439.9293212890625 48.34779858072412 0.0 0.0 0.0 0.0 0.0 0.0 0.0
2743 374.5582733154297 1432.8621826171875 49.241308375531645 0.0 0.0 0.0 0.0 0.0 0.0 0.0
2752 367.4911346435547 1425.7950439453125 50.53693678277321 0.0 0.0 0.0 0.0 0.0 0.0 0.0
2767 360.4239959716797 1422.261474609375 50.92396514229594 0.0 0.0 0.0 0.0 0.0 0.0 0.0
2775 356.8904266357422 1418.7279052734375 51.551411893726964 0.0 0.0 0.0 0.0 0.0 0.0 0.0
2790 353.3568572998047 1415.1943359375 52.16645843294535 0.0 0.0 0.0 0.0 0.0 0.0 0.0
2799 349.8232879638672 1411.6607666015625 52.76926548218839 0.0 0.0 0.0 0.0 0.0 0.0 0.0
2814 346.2897186279297 1408.127197265625 53.36001421964178 0.0 0.0 0.0 0.0 0.0 0.0 0.0
2822 342.7561492919922 1404.5936279296875 53.93889385565663 0.0 0.0 0.0 0.0 0.0 0.0 0.0
2851 339.2225799560547 1401.06005859375 54.50607806143901 0.0 0.0 0.0 0.0 0.0 0.0 0.0
2890 325.0883026123047 1393.992919921875 54.98908065691151 0.0 0.0 0.0 0.0 0.0 0.0 0.0
2893 321.5547332763672 1390.4593505859375 55.534914944083624 0.0 0.0 0.0 0.0 0.0 0.0 0.0
2925 318.0211639404297 1386.92578125 56.06957743930272 0.0 0.0 0.0 0.0 0.0 0.0 0.0
2941 314.4875946044922 1383.3922119140625 56.593279724979794 0.0 0.0 0.0 0.0 0.0 0.0 0.0
2965 310.9540252685547 1379.858642578125 57.106167091420645 0.0 0.0 0.0 0.0 0.0 0.0 0.0
2997 307.4204559326172 1379.858642578125 56.76362676126317 0.0 0.0 0.0 0.0 0.0 0.0 0.0
3020 303.8868865966797 1376.3250732421875 57.27300852914337 0.0 0.0 0.0 0.0 0.0 0.0 0.0
3125 303.8868865966797 1372.79150390625 58.12729726396586 0.0 0.0 0.0 0.0 0.0 0.0 0.0
3326 303.8868865966797 1372.79150390625 58.12729726396586 0.0 0.0 0.0 0.0 0.0 0.0 0.0