0 2012.0340576171875 1355.5908203125 270.2881921714785 0.0 0.0 0.0 0.0 0.0 0.0 0.0
69 2012.0340576171875 1355.5908203125 270.2881921714785 0.0 0.0 0.0 0.0 0.0 0.0 0.0
171 2012.0340576171875 1355.5908203125 270.2881921714785 0.0 0.0 0.0 0.0 0.0 0.0 0.0
210 2012.0340576171875 1355.5908203125 270.2881921714785 0.0 0.0 0.0 0.0 0.0 0.0 0.0
225 2012.0340576171875 1355.5908203125 270.2881921714785 0.0 0.0 0.0 0.0 0.0 0.0 0.0
233 2012.0340576171875 1355.5908203125 270.2881921714785 0.0 0.0 0.0 0.0 0.0 0.0 0.0
241 2012.0340576171875 1355.5908203125 270.2881921714785 0.0 0.0 0.0 0.0 0.0 0.0 0.0
249 2012.0340576171875 1355.5908203125 270.2881921714785 0.0 0.0 0.0 0.0 0.0 0.0 0.0
255 2012.0340576171875 1355.5908203125 270.2881921714785 0.0 0.0 0.0 0.0 0.0 0.0 0.0
263 2012.0340576171875 1355.5908203125 270.2881921714785 0.0 0.0 0.0 0.0 0.0 0.0 0.0
272 2012.0340576171875 1355.5908203125 270.2881921714785 0.0 0.0 0.0 0.0 0.0 0.0 0.0
279 2012.0340576171875 1355.5908203125 270.2881921714785 0.0 0.0 0.0 0.0 0.0 0.0 0.0
287 2012.0340576171875 1355.5908203125 270.2881921714785 0.0 0.0 0.0 0.0 0.0 0.0 0.0
295 2012.0340576171875 1355.5908203125 270.2881921714785 0.0 0.0 0.0 0.0 0.0 0.0 0.0
303 2012.0340576171875 1355.5908203125 270.2881921714785 0.0 0.0 0.0 0.0 0.0 0.0 0.0
311 2012.0340576171875 1355.5908203125 270.2881921714785 0.0 0.0 0.0 0.0 0.0 0.0 0.0
319 2012.0340576171875 1355.5908203125 270.2881921714785 0.0 0.0 0.0 0.0 0.0 0.0 0.0
327 2012.0340576171875 1355.5908203125 270.2881921714785 0.0 0.0 0.0 0.0 0.0 0.0 0.0
333 1966.8463325500488 1292.6540069580078 269.3778736123039 0.0 0.0 0.0 0.0 0.0 0.0 0.0
341 1954.8122749328613 1292.6540069580078 266.54719115007157 0.0 0.0 0.0 0.0 0.0 0.0 0.0
349 1948.7951850891113 1292.6540069580078 265.20137834520307 0.0 0.0 0.0 0.0 0.0 0.0 0.0
357 1942.7780952453613 1292.6540069580078 263.92202113600047 0.0 0.0 0.0 0.0 0.0 0.0 0.0
366 1930.7440376281738 1289.6454620361328 262.9673677925138 0.0 0.0 0.0 0.0 0.0 0.0 0.0
373 1915.7014350891113 1289.6454620361328 260.2526805815467 0.0 0.0 0.0 0.0 0.0 0.0 0.0
382 1906.6759223937988 1286.6369171142578 260.1639015705711 0.0 0.0 0.0 0.0 0.0 0.0 0.0
387 1888.6247749328613 1283.6284942626953 258.70261683918017 0.0 0.0 0.0 0.0 0.0 0.0 0.0
396 1873.5820503234863 1280.6199493408203 257.86324226596236 0.0 0.0 0.0 0.0 0.0 0.0 0.0
403 1858.5394477844238 1277.6114044189453 257.12950130525775 0.0 0.0 0.0 0.0 0.0 0.0 0.0
413 1846.5053901672363 1274.6028594970703 256.88307671307666 0.0 0.0 0.0 0.0 0.0 0.0 0.0
419 1834.4713325500488 1271.5943145751953 256.66245106951436 0.0 0.0 0.0 0.0 0.0 0.0 0.0
428 1822.4371528625488 1265.5773468017578 257.8552796800779 0.0 0.0 0.0 0.0 0.0 0.0 0.0
435 1813.4116401672363 1262.5688018798828 257.9637921376622 0.0 0.0 0.0 0.0 0.0 0.0 0.0
444 1807.3945503234863 1259.5602569580078 258.5187174037292 0.0 0.0 0.0 0.0 0.0 0.0 0.0
452 1804.3860054016113 1259.5602569580078 258.03561685222934 0.0 0.0 0.0 0.0 0.0 0.0 0.0
457 1801.3775825500488 1259.5602569580078 257.5652912532134 0.0 0.0 0.0 0.0 0.0 0.0 0.0
466 1798.3690376281738 1256.5517120361328 258.61297989374924 0.0 0.0 0.0 0.0 0.0 0.0 0.0
473 1792.3519477844238 1253.5431671142578 259.1295327620082 0.0 0.0 0.0 0.0 0.0 0.0 0.0
482 1783.3264350891113 1250.5346221923828 259.13320570047216 0.0 0.0 0.0 0.0 0.0 0.0 0.0
489 1777.3093452453613 1247.5261993408203 259.618968148207 0.0 0.0 0.0 0.0 0.0 0.0 0.0
498 1771.2922554016113 1244.5176544189453 260.0760419369332 0.0 0.0 0.0 0.0 0.0 0.0 0.0
506 1768.2837104797363 1241.5091094970703 261.03638430734435 0.0 0.0 0.0 0.0 0.0 0.0 0.0
514 1765.2752876281738 1241.5091094970703 260.4873921204931 0.0 0.0 0.0 0.0 0.0 0.0 0.0
1249 1762.2667427062988 1241.5091094970703 259.9526846804319 0.0 0.0 0.0 0.0 0.0 0.0 0.0
1265 1759.2581977844238 1241.5091094970703 259.4319071003935 0.0 0.0 0.0 0.0 0.0 0.0 0.0
1273 1756.2496528625488 1241.5091094970703 258.92477799406043 0.0 0.0 0.0 0.0 0.0 0.0 0.0
1282 1753.2411079406738 1241.5091094970703 258.4310043911676 0.0 0.0 0.0 0.0 0.0 0.0 0.0
1289 1747.2241401672363 1241.5091094970703 257.49415984750243 0.0 0.0 0.0 0.0 0.0 0.0 0.0
1298 1738.1985054016113 1241.5091094970703 256.1950270173032 0.0 0.0 0.0 0.0 0.0 0.0 0.0
1304 1735.1899604797363 1241.5091094970703 255.77357207960546 0.0 0.0 0.0 0.0 0.0 0.0 0.0
1312 1732.1814155578613 1241.5091094970703 255.36335711519308 0.0 0.0 0.0 0.0 0.0 0.0 0.0
1319 1729.1729927062988 1241.5091094970703 254.96406220673475 0.0 0.0 0.0 0.0 0.0 0.0 0.0
1327 1726.1644477844238 1241.5091094970703 254.57549005837484 0.0 0.0 0.0 0.0 0.0 0.0 0.0
1359 1723.1559028625488 1241.5091094970703 254.19729193859786 0.0 0.0 0.0 0.0 0.0 0.0 0.0
1365 1720.1473579406738 1241.5091094970703 253.82930809673388 0.0 0.0 0.0 0.0 0.0 0.0 0.0
1373 1717.1388130187988 1241.5091094970703 253.4711963837272 0.0 0.0 0.0 0.0 0.0 0.0 0.0
1382 1714.1303901672363 1241.5091094970703 253.12272279525138 0.0 0.0 0.0 0.0 0.0 0.0 0.0
1389 1711.1218452453613 1241.5091094970703 252.7836625845531 0.0 0.0 0.0 0.0 0.0 0.0 0.0
1398 1708.1133003234863 1241.5091094970703 252.4537368853841 0.0 0.0 0.0 0.0 0.0 0.0 0.0
1405 1702.0962104797363 1238.5005645751953 253.3310401821264 0.0 0.0 0.0 0.0 0.0 0.0 0.0
1414 1693.0706977844238 1235.4920196533203 253.81123012909694 0.0 0.0 0.0 0.0 0.0 0.0 0.0
1421 1687.0536079406738 1235.4920196533203 253.11473833954994 0.0 0.0 0.0 0.0 0.0 0.0 0.0
1428 1681.0365180969238 1232.4834747314453 253.9536875869892 0.0 0.0 0.0 0.0 0.0 0.0 0.0
1436 1675.0195503234863 1232.4834747314453 253.2497112310221 0.0 0.0 0.0 0.0 0.0 0.0 0.0
1443 1672.0110054016113 1232.4834747314453 252.9072247431243 0.0 0.0 0.0 0.0 0.0 0.0 0.0
1452 1665.9939155578613 1229.4750518798828 253.7581558222792 0.0 0.0 0.0 0.0 0.0 0.0 0.0
1459 1665.9939155578613 1226.4665069580078 255.3307627655957 0.0 0.0 0.0 0.0 0.0 0.0 0.0
1468 1659.9769477844238 1226.4665069580078 254.5547351835532 0.0 0.0 0.0 0.0 0.0 0.0 0.0
1481 1656.9684028625488 1226.4665069580078 254.17714139967842 0.0 0.0 0.0 0.0 0.0 0.0 0.0
1489 1647.9427680969238 1223.4579620361328 254.58791313575318 0.0 0.0 0.0 0.0 0.0 0.0 0.0
1499 1641.9258003234863 1220.4494171142578 255.34098364228072 0.0 0.0 0.0 0.0 0.0 0.0 0.0
1505 1632.9001655578613 1220.4494171142578 254.20572825037078 0.0 0.0 0.0 0.0 0.0 0.0 0.0
1514 1623.8746528625488 1214.4323272705078 256.0528885986518 0.0 0.0 0.0 0.0 0.0 0.0 0.0
1521 1614.8490180969238 1208.4153594970703 257.7358376602867 0.0 0.0 0.0 0.0 0.0 0.0 0.0
1530 1605.8235054016113 1208.4153594970703 256.4184046727286 0.0 0.0 0.0 0.0 0.0 0.0 0.0
1538 1599.8064155578613 1205.4068145751953 257.06422408193356 0.0 0.0 0.0 0.0 0.0 0.0 0.0
1547 1590.7809028625488 1199.3897247314453 258.6567894010726 0.0 0.0 0.0 0.0 0.0 0.0 0.0
1554 1581.7552680969238 1196.3811798095703 258.69934643020815 0.0 0.0 0.0 0.0 0.0 0.0 0.0
1559 1575.7381782531738 1193.3727569580078 259.21076626827283 0.0 0.0 0.0 0.0 0.0 0.0 0.0
1568 1566.7126655578613 1190.3642120361328 259.2076859483028 0.0 0.0 0.0 0.0 0.0 0.0 0.0
1575 1560.6955757141113 1187.3556671142578 259.6891101911297 0.0 0.0 0.0 0.0 0.0 0.0 0.0
1584 1554.6786079406738 1187.3556671142578 258.6876539061365 0.0 0.0 0.0 0.0 0.0 0.0 0.0
1591 1551.6700630187988 1181.3385772705078 261.1665652862292 0.0 0.0 0.0 0.0 0.0 0.0 0.0
1600 1548.6615180969238 1181.3385772705078 260.61417162764343 0.0 0.0 0.0 0.0 0.0 0.0 0.0
1607 1545.6529731750488 1181.3385772705078 260.07614839954084 0.0 0.0 0.0 0.0 0.0 0.0 0.0
1614 1542.6444282531738 1175.3216094970703 262.4927759896398 0.0 0.0 0.0 0.0 0.0 0.0 0.0
1621 1539.6358833312988 1175.3216094970703 261.9060657046112 0.0 0.0 0.0 0.0 0.0 0.0 0.0
1630 1536.6274604797363 1169.3045196533203 264.2388947961342 0.0 0.0 0.0 0.0 0.0 0.0 0.0
1638 1527.6018257141113 1169.3045196533203 262.4364543355094 0.0 0.0 0.0 0.0 0.0 0.0 0.0
1646 1524.5932807922363 1163.2874298095703 264.7445715290076 0.0 0.0 0.0 0.0 0.0 0.0 0.0
1653 1521.5847358703613 1160.2790069580078 265.53800343448046 0.0 0.0 0.0 0.0 0.0 0.0 0.0
1662 1515.5677680969238 1154.2619171142578 267.01352593288516 0.0 0.0 0.0 0.0 0.0 0.0 0.0
1670 1512.5592231750488 1151.2533721923828 267.7241214817637 0.0 0.0 0.0 0.0 0.0 0.0 0.0
1678 1509.5506782531738 1148.2448272705078 268.40862240880136 0.0 0.0 0.0 0.0 0.0 0.0 0.0
1684 1506.5421333312988 1145.2362823486328 269.0678170823108 0.0 0.0 0.0 0.0 0.0 0.0 0.0
2352 1503.5337104797363 1145.2362823486328 268.3155969588525 0.0 0.0 0.0 0.0 0.0 0.0 0.0
2360 1494.5080757141113 1151.2533721923828 263.43112555399676 0.0 0.0 0.0 0.0 0.0 0.0 0.0
2367 1485.4825630187988 1157.2704620361328 258.8239728013879 0.0 0.0 0.0 0.0 0.0 0.0 0.0
2376 1479.4654731750488 1160.2790069580078 256.38237601877546 0.0 0.0 0.0 0.0 0.0 0.0 0.0
2386 1473.4483833312988 1166.2959747314453 252.53426542871136 0.0 0.0 0.0 0.0 0.0 0.0 0.0
2391 1470.4398384094238 1166.2959747314453 252.21111269016666 0.0 0.0 0.0 0.0 0.0 0.0 0.0
2484 1464.4228706359863 1169.3045196533203 250.07993389771724 0.0 0.0 0.0 0.0 0.0 0.0 0.0
2491 1461.4143257141113 1169.3045196533203 249.8233651167588 0.0 0.0 0.0 0.0 0.0 0.0 0.0
2500 1452.3886909484863 1172.3130645751953 247.6252984563519 0.0 0.0 0.0 0.0 0.0 0.0 0.0
2507 1443.3631782531738 1172.3130645751953 247.08640715562865 0.0 0.0 0.0 0.0 0.0 0.0 0.0
2516 1437.3460884094238 1172.3130645751953 246.7463169478196 0.0 0.0 0.0 0.0 0.0 0.0 0.0
2523 1434.3375434875488 1172.3130645751953 246.58093098002024 0.0 0.0 0.0 0.0 0.0 0.0 0.0
2593 1428.3205757141113 1172.3130645751953 246.26784848468532 0.0 0.0 0.0 0.0 0.0 0.0 0.0
2599 1419.2949409484863 1169.3045196533203 247.32306295713414 0.0 0.0 0.0 0.0 0.0 0.0 0.0
2608 1413.2779731750488 1166.2959747314453 248.49457017922128 0.0 0.0 0.0 0.0 0.0 0.0 0.0
2616 1404.2523384094238 1166.2959747314453 247.887886051161 0.0 0.0 0.0 0.0 0.0 0.0 0.0
2624 1389.2097358703613 1163.2874298095703 248.41323962584624 0.0 0.0 0.0 0.0 0.0 0.0 0.0
2633 1374.1671333312988 1160.2790069580078 248.87225271605922 0.0 0.0 0.0 0.0 0.0 0.0 0.0
2640 1362.1330757141113 1154.2619171142578 250.92203140603038 0.0 0.0 0.0 0.0 0.0 0.0 0.0
2648 1353.1074409484863 1154.2619171142578 250.12689748975623 0.0 0.0 0.0 0.0 0.0 0.0 0.0
2654 1347.0903511047363 1151.2533721923828 251.1384442749465 0.0 0.0 0.0 0.0 0.0 0.0 0.0
2661 1338.0648384094238 1151.2533721923828 250.32656848814855 0.0 0.0 0.0 0.0 0.0 0.0 0.0
2670 1332.0477485656738 1148.2448272705078 251.32668573475627 0.0 0.0 0.0 0.0 0.0 0.0 0.0
2677 1329.0392036437988 1148.2448272705078 251.0362186082168 0.0 0.0 0.0 0.0 0.0 0.0 0.0
2693 1329.0392036437988 1145.2362823486328 252.62636907591997 0.0 0.0 0.0 0.0 0.0 0.0 0.0
2702 1326.0307807922363 1145.2362823486328 252.30070798646562 0.0 0.0 0.0 0.0 0.0 0.0 0.0
2709 1323.0222358703613 1145.2362823486328 251.98382458648547 0.0 0.0 0.0 0.0 0.0 0.0 0.0
2716 1320.0136909484863 1142.2278594970703 253.21915370676135 0.0 0.0 0.0 0.0 0.0 0.0 0.0
2732 1313.9966011047363 1136.2107696533203 255.53192293202954 0.0 0.0 0.0 0.0 0.0 0.0 0.0
2748 1307.9796333312988 1130.1936798095703 257.6932088482187 0.0 0.0 0.0 0.0 0.0 0.0 0.0
2755 1304.9710884094238 1130.1936798095703 257.23190228344174 0.0 0.0 0.0 0.0 0.0 0.0 0.0
2763 1298.9539985656738 1124.1767120361328 259.2798767884456 0.0 0.0 0.0 0.0 0.0 0.0 0.0
2772 1289.9284858703613 1121.1681671142578 259.2711654265957 0.0 0.0 0.0 0.0 0.0 0.0 0.0
2780 1280.9028511047363 1121.1681671142578 257.83784564658555 0.0 0.0 0.0 0.0 0.0 0.0 0.0
2786 1277.8943061828613 1118.1596221923828 258.87616138980803 0.0 0.0 0.0 0.0 0.0 0.0 0.0
2794 1271.8773384094238 1115.1510772705078 259.3772097064265 0.0 0.0 0.0 0.0 0.0 0.0 0.0
2802 1268.8687934875488 1112.142593383789 260.3619954145066 0.0 0.0 0.0 0.0 0.0 0.0 0.0
2809 1265.8602485656738 1112.142593383789 259.83051942638895 0.0 0.0 0.0 0.0 0.0 0.0 0.0
2825 1262.8517036437988 1109.134048461914 260.7994352222149 0.0 0.0 0.0 0.0 0.0 0.0 0.0
2840 1259.8431587219238 1106.125503540039 261.73427451673166 0.0 0.0 0.0 0.0 0.0 0.0 0.0
2855 1259.8431587219238 1103.1170196533203 263.23555066630246 0.0 0.0 0.0 0.0 0.0 0.0 0.0
2864 1253.8261909484863 1103.1170196533203 262.05425605110514 0.0 0.0 0.0 0.0 0.0 0.0 0.0
2872 1250.8176460266113 1100.1084747314453 262.9445001689499 0.0 0.0 0.0 0.0 0.0 0.0 0.0
2880 1244.8005561828613 1097.0999298095703 263.20424659905024 0.0 0.0 0.0 0.0 0.0 0.0 0.0
2888 1238.7835884094238 1097.0999298095703 262.0244992754635 0.0 0.0 0.0 0.0 0.0 0.0 0.0
2896 1232.7664985656738 1094.0914459228516 262.33891422283756 0.0 0.0 0.0 0.0 0.0 0.0 0.0
2904 1226.7494087219238 1094.0914459228516 261.20274149882397 0.0 0.0 0.0 0.0 0.0 0.0 0.0
2911 1220.7324409484863 1091.0829010009766 261.56594900364144 0.0 0.0 0.0 0.0 0.0 0.0 0.0
2919 1208.6982612609863 1088.0743560791016 260.85621071960696 0.0 0.0 0.0 0.0 0.0 0.0 0.0
2925 1205.6898384094238 1088.0743560791016 260.3118610868765 0.0 0.0 0.0 0.0 0.0 0.0 0.0
3562 1202.6812934875488 1091.0829010009766 258.2726199732104 0.0 0.0 0.0 0.0 0.0 0.0 0.0
3578 1199.6727485656738 1097.0999298095703 254.72438984455226 0.0 0.0 0.0 0.0 0.0 0.0 0.0
3585 1196.6642036437988 1103.1170196533203 251.23108347889962 0.0 0.0 0.0 0.0 0.0 0.0 0.0
3593 1193.6556587219238 1106.125503540039 249.38027326638672 0.0 0.0 0.0 0.0 0.0 0.0 0.0
3601 1190.6471138000488 1109.134048461914 247.5733937749938 0.0 0.0 0.0 0.0 0.0 0.0 0.0
3610 1187.6386909484863 1112.142593383789 245.8110116538681 0.0 0.0 0.0 0.0 0.0 0.0 0.0
3618 1181.6216011047363 1115.1510772705078 244.0034731969484 0.0 0.0 0.0 0.0 0.0 0.0 0.0
3624 1178.6130561828613 1118.1596221923828 242.33384206640193 0.0 0.0 0.0 0.0 0.0 0.0 0.0
3631 1175.6045112609863 1118.1596221923828 242.28988843885185 0.0 0.0 0.0 0.0 0.0 0.0 0.0
3648 1175.6045112609863 1121.1681671142578 240.66486565365597 0.0 0.0 0.0 0.0 0.0 0.0 0.0
3655 1172.5959663391113 1121.1681671142578 240.66692688305085 0.0 0.0 0.0 0.0 0.0 0.0 0.0
3664 1172.5959663391113 1124.1767120361328 239.04262835372873 0.0 0.0 0.0 0.0 0.0 0.0 0.0
3679 1166.5789985656738 1124.1767120361328 239.1336296041107 0.0 0.0 0.0 0.0 0.0 0.0 0.0
3694 1160.5619087219238 1127.1851348876953 237.68420091620163 0.0 0.0 0.0 0.0 0.0 0.0 0.0
3702 1157.5533638000488 1127.1851348876953 237.76839617688864 0.0 0.0 0.0 0.0 0.0 0.0 0.0
3709 1151.5363960266113 1127.1851348876953 237.92773540499257 0.0 0.0 0.0 0.0 0.0 0.0 0.0
3718 1145.5193061828613 1130.1936798095703 236.54478453241575 0.0 0.0 0.0 0.0 0.0 0.0 0.0
3725 1142.5107612609863 1130.1936798095703 236.66031392226438 0.0 0.0 0.0 0.0 0.0 0.0 0.0
3735 1136.4936714172363 1130.1936798095703 236.87903293434482 0.0 0.0 0.0 0.0 0.0 0.0 0.0
3741 1130.4767036437988 1133.2022247314453 235.55438714231622 0.0 0.0 0.0 0.0 0.0 0.0 0.0
3750 1124.4596138000488 1133.2022247314453 235.83232337270306 0.0 0.0 0.0 0.0 0.0 0.0 0.0
3757 1121.4510688781738 1133.2022247314453 235.96743973816604 0.0 0.0 0.0 0.0 0.0 0.0 0.0
3764 1118.4425239562988 1133.2022247314453 236.0988924377138 0.0 0.0 0.0 0.0 0.0 0.0 0.0
3772 1115.4341011047363 1133.2022247314453 236.2267083560318 0.0 0.0 0.0 0.0 0.0 0.0 0.0
3779 1112.4255561828613 1133.2022247314453 236.35104141859273 0.0 0.0 0.0 0.0 0.0 0.0 0.0
3795 1106.4084663391113 1133.2022247314453 236.58634971312944 0.0 0.0 0.0 0.0 0.0 0.0 0.0
3818 1103.3999214172363 1133.2022247314453 236.7007480556153 0.0 0.0 0.0 0.0 0.0 0.0 0.0
3825 1097.3829536437988 1133.2022247314453 236.91731273395493 0.0 0.0 0.0 0.0 0.0 0.0 0.0
3834 1094.3744087219238 1133.2022247314453 237.02259819205034 0.0 0.0 0.0 0.0 0.0 0.0 0.0
3843 1091.3658638000488 1133.2022247314453 237.12501291538047 0.0 0.0 0.0 0.0 0.0 0.0 0.0
3850 1085.3487739562988 1133.2022247314453 237.31884201649763 0.0 0.0 0.0 0.0 0.0 0.0 0.0
3857 1082.3403511047363 1133.2022247314453 237.41310622924715 0.0 0.0 0.0 0.0 0.0 0.0 0.0
3866 1079.3318061828613 1133.2022247314453 237.50475394190795 0.0 0.0 0.0 0.0 0.0 0.0 0.0
3874 1070.3061714172363 1130.1936798095703 239.25544699476995 0.0 0.0 0.0 0.0 0.0 0.0 0.0
3879 1064.2892036437988 1130.1936798095703 239.3350353945766 0.0 0.0 0.0 0.0 0.0 0.0 0.0
3895 1058.2721138000488 1127.1851348876953 240.94815575543385 0.0 0.0 0.0 0.0 0.0 0.0 0.0
3904 1055.2635688781738 1127.1851348876953 240.94239777603389 0.0 0.0 0.0 0.0 0.0 0.0 0.0
3911 1052.2550239562988 1124.1767120361328 242.51612702473227 0.0 0.0 0.0 0.0 0.0 0.0 0.0
3920 1046.2380561828613 1121.1681671142578 243.95611316426124 0.0 0.0 0.0 0.0 0.0 0.0 0.0
3927 1043.2295112609863 1118.1596221923828 245.4423942771112 0.0 0.0 0.0 0.0 0.0 0.0 0.0
3937 1040.2209663391113 1118.1596221923828 245.31281721542905 0.0 0.0 0.0 0.0 0.0 0.0 0.0
3943 1040.2209663391113 1115.1510772705078 246.92836454709578 0.0 0.0 0.0 0.0 0.0 0.0 0.0
3950 1034.2038764953613 1115.1510772705078 246.59670963268655 0.0 0.0 0.0 0.0 0.0 0.0 0.0
3957 1031.1953315734863 1109.134048461914 249.56000294421682 0.0 0.0 0.0 0.0 0.0 0.0 0.0
3966 1028.1869087219238 1109.134048461914 249.31763017519506 0.0 0.0 0.0 0.0 0.0 0.0 0.0
3974 1025.1783638000488 1103.1170196533203 252.18146239652458 0.0 0.0 0.0 0.0 0.0 0.0 0.0
3982 1022.1698188781738 1103.1170196533203 251.86784436181216 0.0 0.0 0.0 0.0 0.0 0.0 0.0
3990 1013.1441841125488 1100.1084747314453 252.46784735968987 0.0 0.0 0.0 0.0 0.0 0.0 0.0
3997 1013.1441841125488 1097.0999298095703 254.04922972145425 0.0 0.0 0.0 0.0 0.0 0.0 0.0
4006 1007.1272163391113 1097.0999298095703 253.34027347267119 0.0 0.0 0.0 0.0 0.0 0.0 0.0
4020 1004.1186714172363 1094.0914459228516 254.53094244168608 0.0 0.0 0.0 0.0 0.0 0.0 0.0
4028 998.1015815734863 1091.0829010009766 255.28737066837022 0.0 0.0 0.0 0.0 0.0 0.0 0.0
4035 992.0846138000488 1091.0829010009766 254.5135737709046 0.0 0.0 0.0 0.0 0.0 0.0 0.0
4043 986.0675239562988 1085.0658721923828 256.7418866025865 0.0 0.0 0.0 0.0 0.0 0.0 0.0
4053 977.0420112609863 1079.0487823486328 258.3633285981097 0.0 0.0 0.0 0.0 0.0 0.0 0.0
4060 968.0163764953613 1076.040298461914 258.42999865849123 0.0 0.0 0.0 0.0 0.0 0.0 0.0
4068 961.9993476867676 1073.031753540039 258.95740660998973 0.0 0.0 0.0 0.0 0.0 0.0 0.0
4075 955.9822578430176 1070.023208618164 259.4536122195673 0.0 0.0 0.0 0.0 0.0 0.0 0.0
4082 949.9652290344238 1067.0147247314453 259.920492318798 0.0 0.0 0.0 0.0 0.0 0.0 0.0
4090 946.9567451477051 1064.0061798095703 260.88628276387243 0.0 0.0 0.0 0.0 0.0 0.0 0.0
4098 940.9396553039551 1060.9976348876953 261.2683059274773 0.0 0.0 0.0 0.0 0.0 0.0 0.0
4106 940.9396553039551 1057.9891510009766 262.77457415047905 0.0 0.0 0.0 0.0 0.0 0.0 0.0
4114 937.9311714172363 1057.9891510009766 262.1806239475108 0.0 0.0 0.0 0.0 0.0 0.0 0.0
4123 934.9226264953613 1057.9891510009766 261.6019827822274 0.0 0.0 0.0 0.0 0.0 0.0 0.0
4129 934.9226264953613 1054.9806060791016 263.10471850539204 0.0 0.0 0.0 0.0 0.0 0.0 0.0
4836 931.9140815734863 1054.9806060791016 262.50227713143306 0.0 0.0 0.0 0.0 0.0 0.0 0.0
4844 925.8970527648926 1054.9806060791016 261.3578468424073 0.0 0.0 0.0 0.0 0.0 0.0 0.0
4852 922.8885078430176 1060.9976348876953 257.7725335481445 0.0 0.0 0.0 0.0 0.0 0.0 0.0
4858 916.8714790344238 1060.9976348876953 256.86965278137075 0.0 0.0 0.0 0.0 0.0 0.0 0.0
4865 913.8629341125488 1064.0061798095703 254.89641369698364 0.0 0.0 0.0 0.0 0.0 0.0 0.0
4873 913.8629341125488 1067.0147247314453 253.31037722849783 0.0 0.0 0.0 0.0 0.0 0.0 0.0
4882 910.8544502258301 1067.0147247314453 252.9662472707967 0.0 0.0 0.0 0.0 0.0 0.0 0.0
4890 904.8373603820801 1067.0147247314453 252.31417909879684 0.0 0.0 0.0 0.0 0.0 0.0 0.0
4898 904.8373603820801 1070.023208618164 250.71375740896855 0.0 0.0 0.0 0.0 0.0 0.0 0.0
4921 895.8117866516113 1073.031753540039 248.4490922546609 0.0 0.0 0.0 0.0 0.0 0.0 0.0
4928 889.7947578430176 1076.040298461914 246.5056254213523 0.0 0.0 0.0 0.0 0.0 0.0 0.0
4937 886.7862129211426 1079.0487823486328 244.7703909985418 0.0 0.0 0.0 0.0 0.0 0.0 0.0
4943 883.7777290344238 1079.0487823486328 244.65927790831654 0.0 0.0 0.0 0.0 0.0 0.0 0.0
4952 880.7691841125488 1079.0487823486328 244.55124553567344 0.0 0.0 0.0 0.0 0.0 0.0 0.0
4960 877.7606391906738 1079.0487823486328 244.4461821786026 0.0 0.0 0.0 0.0 0.0 0.0 0.0
4968 874.7521553039551 1079.0487823486328 244.3439975324934 0.0 0.0 0.0 0.0 0.0 0.0 0.0
4975 871.7436103820801 1082.0573272705078 242.66525744590854 0.0 0.0 0.0 0.0 0.0 0.0 0.0
4984 868.7350654602051 1082.0573272705078 242.61212175748256 0.0 0.0 0.0 0.0 0.0 0.0 0.0
4990 865.7265815734863 1082.0573272705078 242.56045437871416 0.0 0.0 0.0 0.0 0.0 0.0 0.0
4998 862.7180366516113 1082.0573272705078 242.5102298433855 0.0 0.0 0.0 0.0 0.0 0.0 0.0
5006 856.7010078430176 1082.0573272705078 242.4151635765457 0.0 0.0 0.0 0.0 0.0 0.0 0.0
5014 856.7010078430176 1085.0658721923828 240.7901402518881 0.0 0.0 0.0 0.0 0.0 0.0 0.0
5022 847.6754341125488 1085.0658721923828 240.78611434307658 0.0 0.0 0.0 0.0 0.0 0.0 0.0
5029 841.6584053039551 1085.0658721923828 240.78358212444192 0.0 0.0 0.0 0.0 0.0 0.0 0.0
5038 835.6413154602051 1085.0658721923828 240.78118019423135 0.0 0.0 0.0 0.0 0.0 0.0 0.0
5044 829.6242866516113 1085.0658721923828 240.77890308457057 0.0 0.0 0.0 0.0 0.0 0.0 0.0
5052 826.6157417297363 1085.0658721923828 240.77780100747822 0.0 0.0 0.0 0.0 0.0 0.0 0.0
5060 823.6072578430176 1085.0658721923828 240.77671120012195 0.0 0.0 0.0 0.0 0.0 0.0 0.0
5092 820.5987129211426 1085.0658721923828 240.7756534039516 0.0 0.0 0.0 0.0 0.0 0.0 0.0
5162 814.5816841125488 1079.0487823486328 243.84580454843768 0.0 0.0 0.0 0.0 0.0 0.0 0.0
5170 808.5645942687988 1076.040298461914 245.2122855574791 0.0 0.0 0.0 0.0 0.0 0.0 0.0
5176 802.5475654602051 1073.031753540039 246.50260739495633 0.0 0.0 0.0 0.0 0.0 0.0 0.0
5184 796.5305366516113 1070.023208618164 247.7204423285949 0.0 0.0 0.0 0.0 0.0 0.0 0.0
5192 790.5134468078613 1064.0061798095703 250.38077104335588 0.0 0.0 0.0 0.0 0.0 0.0 0.0
5200 787.5049629211426 1064.0061798095703 250.11602820457705 0.0 0.0 0.0 0.0 0.0 0.0 0.0
5208 781.4878730773926 1060.9976348876953 251.12820785114798 0.0 0.0 0.0 0.0 0.0 0.0 0.0
5216 781.4878730773926 1057.9891510009766 252.71780344398843 0.0 0.0 0.0 0.0 0.0 0.0 0.0
5224 778.4793891906738 1057.9891510009766 252.38967001480177 0.0 0.0 0.0 0.0 0.0 0.0 0.0
5232 775.4708442687988 1054.9806060791016 253.6117180540096 0.0 0.0 0.0 0.0 0.0 0.0 0.0
5241 775.4708442687988 1051.9720611572266 255.18534863222573 0.0 0.0 0.0 0.0 0.0 0.0 0.0
5246 772.4622993469238 1048.9635772705078 256.31426352836513 0.0 0.0 0.0 0.0 0.0 0.0 0.0
5262 769.4538154602051 1045.9550323486328 257.40492022190784 0.0 0.0 0.0 0.0 0.0 0.0 0.0
5278 766.4452705383301 1039.938003540039 259.9401350042816 0.0 0.0 0.0 0.0 0.0 0.0 0.0
5290 763.4367256164551 1036.929458618164 260.90522122695853 0.0 0.0 0.0 0.0 0.0 0.0 0.0
5294 760.4282417297363 1030.9124298095703 263.2841705035201 0.0 0.0 0.0 0.0 0.0 0.0 0.0
5302 751.4026679992676 1027.9038848876953 262.9461173337421 0.0 0.0 0.0 0.0 0.0 0.0 0.0
5308 745.3855781555176 1021.8868560791016 264.60338125450943 0.0 0.0 0.0 0.0 0.0 0.0 0.0
5316 742.3770942687988 1018.8783111572266 265.4019998708941 0.0 0.0 0.0 0.0 0.0 0.0 0.0
5324 736.3600654602051 1012.8612823486328 266.88709967867544 0.0 0.0 0.0 0.0 0.0 0.0 0.0
5332 733.3515205383301 1006.8442535400391 268.9814116836722 0.0 0.0 0.0 0.0 0.0 0.0 0.0
5340 724.3259468078613 1000.8271636962891 269.48617818558984 0.0 0.0 0.0 0.0 0.0 0.0 0.0
5348 721.3174018859863 994.8101348876953 271.4505608653794 0.0 0.0 0.0 0.0 0.0 0.0 0.0
5356 715.3003730773926 991.8015899658203 271.20347261833433 0.0 0.0 0.0 0.0 0.0 0.0 0.0
5362 715.3003730773926 988.7931060791016 272.5838053429413 0.0 0.0 0.0 0.0 0.0 0.0 0.0
5374 712.2918281555176 988.7931060791016 271.7467414875419 0.0 0.0 0.0 0.0 0.0 0.0 0.0
5378 712.2918281555176 985.7845611572266 273.1190232615406 0.0 0.0 0.0 0.0 0.0 0.0 0.0
5386 712.2918281555176 982.7760162353516 274.4704055572601 0.0 0.0 0.0 0.0 0.0 0.0 0.0