0 2000.0 1500.0 0 0.0 0.0 0.0 0.0 0.0 0.0 0.0
22 2000.0 1500.0 0 0.0 0.0 0.0 0.0 0.0 0.0 0.0
39 2000.0 1500.0 0 0.0 0.0 0.0 0.0 0.0 0.0 0.0
55 2000.0 1500.0 0 0.0 0.0 0.0 0.0 0.0 0.0 0.0
72 2055.3359375 1436.7589111328125 18.61216946708481 0.0 0.0 0.0 0.0 0.0 0.0 0.0
89 2130.4346923828125 1381.4229736328125 36.16258589839606 0.0 0.0 0.0 0.0 0.0 0.0 0.0
105 2233.2015380859375 1322.1343994140625 51.3378828400576 0.0 0.0 0.0 0.0 0.0 0.0 0.0
122 2355.7313232421875 1270.7509765625 63.57811665553953 0.0 0.0 0.0 0.0 0.0 0.0 0.0
139 2482.2135009765625 1223.3201904296875 70.95752216024368 0.0 0.0 0.0 0.0 0.0 0.0 0.0
155 2596.8380126953125 1187.7470703125 76.00575573970201 0.0 0.0 0.0 0.0 0.0 0.0 0.0
173 2695.6522216796875 1156.12646484375 78.28244537093366 0.0 0.0 0.0 0.0 0.0 0.0 0.0
189 2774.7034912109375 1120.5533447265625 76.9511090061294 0.0 0.0 0.0 0.0 0.0 0.0 0.0
205 2822.1343994140625 1100.79052734375 76.81197193697398 0.0 0.0 0.0 0.0 0.0 0.0 0.0
222 2845.8497314453125 1088.9328002929688 76.11659831902352 0.0 0.0 0.0 0.0 0.0 0.0 0.0
239 2849.8023681640625 1081.0276489257812 73.84692776597262 0.0 0.0 0.0 0.0 0.0 0.0 0.0
255 2845.8497314453125 1077.0751342773438 71.63532954426773 0.0 0.0 0.0 0.0 0.0 0.0 0.0
272 2766.7984619140625 1077.0751342773438 43.44179040318761 0.0 0.0 0.0 0.0 0.0 0.0 0.0
289 2636.3636474609375 1077.0751342773438 344.342033505544 0.0 0.0 0.0 0.0 0.0 0.0 0.0
306 2501.9761962890625 1084.980224609375 310.5139503250414 0.0 0.0 0.0 0.0 0.0 0.0 0.0
322 2371.5416259765625 1104.7431030273438 290.9549347258908 0.0 0.0 0.0 0.0 0.0 0.0 0.0
339 2249.0118408203125 1124.5059204101562 280.9927500700596 0.0 0.0 0.0 0.0 0.0 0.0 0.0
355 2150.1976318359375 1140.3162231445312 276.36273320766634 0.0 0.0 0.0 0.0 0.0 0.0 0.0
372 2083.0040283203125 1144.268798828125 276.14274506122115 0.0 0.0 0.0 0.0 0.0 0.0 0.0
389 2047.4307861328125 1144.268798828125 276.7397677652295 0.0 0.0 0.0 0.0 0.0 0.0 0.0
406 2031.62060546875 1136.3636474609375 279.92215736771004 0.0 0.0 0.0 0.0 0.0 0.0 0.0
422 2027.66796875 1108.6956787109375 290.8890927456596 0.0 0.0 0.0 0.0 0.0 0.0 0.0
439 2031.62060546875 1069.1699829101562 306.39934168631225 0.0 0.0 0.0 0.0 0.0 0.0 0.0
456 2067.1937255859375 1021.7391357421875 330.904575417868 0.0 0.0 0.0 0.0 0.0 0.0 0.0
472 2114.6243896484375 970.355712890625 355.737770716764 0.0 0.0 0.0 0.0 0.0 0.0 0.0
489 2185.7708740234375 911.0671997070312 20.538660738983538 0.0 0.0 0.0 0.0 0.0 0.0 0.0
505 2256.9171142578125 855.7312622070312 36.41109647749727 0.0 0.0 0.0 0.0 0.0 0.0 0.0
522 2316.2054443359375 804.3478393554688 44.25142558591227 0.0 0.0 0.0 0.0 0.0 0.0 0.0
539 2347.8260498046875 768.7747192382812 45.900924403679426 0.0 0.0 0.0 0.0 0.0 0.0 0.0
555 2359.6837158203125 741.1067504882812 43.47105110973774 0.0 0.0 0.0 0.0 0.0 0.0 0.0
572 2359.6837158203125 725.2964477539062 40.087466193461296 0.0 0.0 0.0 0.0 0.0 0.0 0.0
589 2351.7786865234375 717.3912963867188 35.68098925191316 0.0 0.0 0.0 0.0 0.0 0.0 0.0
610 2272.7271728515625 717.3912963867188 1.1382120182547055 0.0 0.0 0.0 0.0 0.0 0.0 0.0
622 2154.1502685546875 717.3912963867188 323.8836309560729 0.0 0.0 0.0 0.0 0.0 0.0 0.0
639 2023.7154541015625 717.3912963867188 302.14403147429874 0.0 0.0 0.0 0.0 0.0 0.0 0.0
655 1889.328125 717.3912963867188 290.75979365965554 0.0 0.0 0.0 0.0 0.0 0.0 0.0
672 1770.7509765625 725.2964477539062 283.5864840124366 0.0 0.0 0.0 0.0 0.0 0.0 0.0
689 1679.8419189453125 725.2964477539062 281.78890015709146 0.0 0.0 0.0 0.0 0.0 0.0 0.0
706 1600.79052734375 725.2964477539062 280.79471595058806 0.0 0.0 0.0 0.0 0.0 0.0 0.0
723 1529.644287109375 721.3438720703125 281.2858739840515 0.0 0.0 0.0 0.0 0.0 0.0 0.0
739 1462.4505615234375 705.5336303710938 284.95117552539955 0.0 0.0 0.0 0.0 0.0 0.0 0.0
755 1383.399169921875 689.7233276367188 286.9473322675428 0.0 0.0 0.0 0.0 0.0 0.0 0.0
772 1292.4901123046875 681.8181762695312 285.7856687720546 0.0 0.0 0.0 0.0 0.0 0.0 0.0
789 1181.8182373046875 673.9130249023438 284.6085477059007 0.0 0.0 0.0 0.0 0.0 0.0 0.0
805 1075.098876953125 666.0079345703125 284.0347225122016 0.0 0.0 0.0 0.0 0.0 0.0 0.0
822 992.0948486328125 662.0553588867188 283.18925350868943 0.0 0.0 0.0 0.0 0.0 0.0 0.0
839 905.1383666992188 662.0553588867188 281.5930726582101 0.0 0.0 0.0 0.0 0.0 0.0 0.0
855 826.0869750976562 662.0553588867188 280.6701575425782 0.0 0.0 0.0 0.0 0.0 0.0 0.0
872 774.7035522460938 662.0553588867188 280.2329348009387 0.0 0.0 0.0 0.0 0.0 0.0 0.0
889 743.0830078125 666.0079345703125 278.6794118173842 0.0 0.0 0.0 0.0 0.0 0.0 0.0
905 731.2252807617188 669.9605102539062 277.19960554317254 0.0 0.0 0.0 0.0 0.0 0.0 0.0
922 727.272705078125 673.9130249023438 275.6595274233386 0.0 0.0 0.0 0.0 0.0 0.0 0.0
939 735.1778564453125 673.9130249023438 275.4533031315251 0.0 0.0 0.0 0.0 0.0 0.0 0.0
955 806.3240966796875 673.9130249023438 271.63842576487747 0.0 0.0 0.0 0.0 0.0 0.0 0.0
972 889.3280639648438 669.9605102539062 264.6248646818616 0.0 0.0 0.0 0.0 0.0 0.0 0.0
989 996.0474243164062 650.1976318359375 250.57364464981413 0.0 0.0 0.0 0.0 0.0 0.0 0.0
1005 1098.814208984375 638.3399353027344 208.06772462492648 0.0 0.0 0.0 0.0 0.0 0.0 0.0
1022 1197.62841796875 626.4822387695312 164.66101755463245 0.0 0.0 0.0 0.0 0.0 0.0 0.0
1039 1276.6798095703125 618.5770874023438 139.9499279565339 0.0 0.0 0.0 0.0 0.0 0.0 0.0
1055 1351.7786865234375 610.6719360351562 123.74135012918444 0.0 0.0 0.0 0.0 0.0 0.0 0.0
1072 1391.3043212890625 606.7193908691406 117.09018277402595 0.0 0.0 0.0 0.0 0.0 0.0 0.0
1089 1407.1146240234375 602.7668151855469 113.82992617342614 0.0 0.0 0.0 0.0 0.0 0.0 0.0
1122 1399.20947265625 598.8142395019531 113.03038003787918 0.0 0.0 0.0 0.0 0.0 0.0 0.0
1139 1320.1580810546875 598.8142395019531 130.30638305713893 0.0 0.0 0.0 0.0 0.0 0.0 0.0
1155 1201.5810546875 606.7193908691406 189.43547768397497 0.0 0.0 0.0 0.0 0.0 0.0 0.0
1172 1067.1937255859375 630.4347839355469 228.96064746476296 0.0 0.0 0.0 0.0 0.0 0.0 0.0
1189 924.9011840820312 658.102783203125 249.00136936194139 0.0 0.0 0.0 0.0 0.0 0.0 0.0
1205 790.5138549804688 689.7233276367188 257.40850005460015 0.0 0.0 0.0 0.0 0.0 0.0 0.0
1222 679.8419189453125 721.3438720703125 260.00138060856335 0.0 0.0 0.0 0.0 0.0 0.0 0.0
1239 604.7431030273438 741.1067504882812 261.55354381627626 0.0 0.0 0.0 0.0 0.0 0.0 0.0
1255 553.3596801757812 749.0118408203125 263.9459951699654 0.0 0.0 0.0 0.0 0.0 0.0 0.0
1273 521.7391357421875 749.0118408203125 266.7450008727178 0.0 0.0 0.0 0.0 0.0 0.0 0.0
1289 509.8814392089844 749.0118408203125 267.7129101084501 0.0 0.0 0.0 0.0 0.0 0.0 0.0
1322 521.7391357421875 733.2015991210938 273.8066933447843 0.0 0.0 0.0 0.0 0.0 0.0 0.0
1339 577.0751342773438 713.438720703125 284.01363591608043 0.0 0.0 0.0 0.0 0.0 0.0 0.0
1355 640.3162231445312 689.7233276367188 304.67791401364605 0.0 0.0 0.0 0.0 0.0 0.0 0.0
1372 703.5573120117188 666.0079345703125 332.76356508822045 0.0 0.0 0.0 0.0 0.0 0.0 0.0
1389 766.7984008789062 650.1976318359375 0.7783501744999057 0.0 0.0 0.0 0.0 0.0 0.0 0.0
1406 810.2766723632812 646.2450561523438 18.583802516627884 0.0 0.0 0.0 0.0 0.0 0.0 0.0
1422 837.9446411132812 646.2450561523438 29.411604407602965 0.0 0.0 0.0 0.0 0.0 0.0 0.0
1439 845.8497924804688 646.2450561523438 32.42406385693846 0.0 0.0 0.0 0.0 0.0 0.0 0.0
1456 833.9921264648438 662.0553588867188 30.200833562084654 0.0 0.0 0.0 0.0 0.0 0.0 0.0
1472 762.8458251953125 701.5810546875 355.6132179716451 0.0 0.0 0.0 0.0 0.0 0.0 0.0