0 2000.0 1500.0 0 0.0 0.0 0.0 0.0 0.0 0.0 0.0
56 2000.0 1500.0 0 0.0 0.0 0.0 0.0 0.0 0.0 0.0
60 2000.0 1500.0 0 0.0 0.0 0.0 0.0 0.0 0.0 0.0
76 2000.0 1500.0 0 0.0 0.0 0.0 0.0 0.0 0.0 0.0
86 2000.0 1500.0 0 0.0 0.0 0.0 0.0 0.0 0.0 0.0
92 2000.0 1500.0 0 0.0 0.0 0.0 0.0 0.0 0.0 0.0
102 2000.0 1500.0 0 0.0 0.0 0.0 0.0 0.0 0.0 0.0
221 2000.0 1500.0 0 0.0 0.0 0.0 0.0 0.0 0.0 0.0
232 2000.0 1516.049560546875 6.058977934146299 0.0 0.0 0.0 0.0 0.0 0.0 0.0
260 2020.06201171875 1516.049560546875 5.159179671958853 0.0 0.0 0.0 0.0 0.0 0.0 0.0
274 2048.148681640625 1516.049560546875 4.096400247453062 0.0 0.0 0.0 0.0 0.0 0.0 0.0
283 2076.235595703125 1516.049560546875 3.2000093475424762 0.0 0.0 0.0 0.0 0.0 0.0 0.0
294 2100.309814453125 1516.049560546875 2.5372374813214122 0.0 0.0 0.0 0.0 0.0 0.0 0.0
298 2124.38427734375 1516.049560546875 1.9655829299514664 0.0 0.0 0.0 0.0 0.0 0.0 0.0
307 2132.4091796875 1516.049560546875 1.7846625210681708 0.0 0.0 0.0 0.0 0.0 0.0 0.0
318 2136.42138671875 1516.049560546875 1.6965423355683953 0.0 0.0 0.0 0.0 0.0 0.0 0.0
388 2144.4462890625 1516.049560546875 1.5292056113221406 0.0 0.0 0.0 0.0 0.0 0.0 0.0
398 2160.495849609375 1524.0743408203125 3.9724806035296893 0.0 0.0 0.0 0.0 0.0 0.0 0.0
411 2188.58251953125 1540.1239013671875 8.174097370904619 0.0 0.0 0.0 0.0 0.0 0.0 0.0
414 2216.66943359375 1556.1734619140625 11.662788167164962 0.0 0.0 0.0 0.0 0.0 0.0 0.0
429 2264.818115234375 1572.22314453125 12.961554090787473 0.0 0.0 0.0 0.0 0.0 0.0 0.0
439 2389.202392578125 1608.3345947265625 13.707029526818559 0.0 0.0 0.0 0.0 0.0 0.0 0.0
449 2457.4130859375 1620.371826171875 12.034308300656235 0.0 0.0 0.0 0.0 0.0 0.0 0.0
460 2517.598876953125 1632.4090576171875 11.357365610948776 0.0 0.0 0.0 0.0 0.0 0.0 0.0
464 2565.74755859375 1644.4461669921875 11.620968867783418 0.0 0.0 0.0 0.0 0.0 0.0 0.0
469 2605.87158203125 1648.4586181640625 10.034489655394026 0.0 0.0 0.0 0.0 0.0 0.0 0.0
479 2625.93359375 1648.4586181640625 8.672177037565703 0.0 0.0 0.0 0.0 0.0 0.0 0.0
492 2629.94580078125 1648.4586181640625 8.406694258332607 0.0 0.0 0.0 0.0 0.0 0.0 0.0
505 2633.958251953125 1648.4586181640625 8.14800119297766 0.0 0.0 0.0 0.0 0.0 0.0 0.0
532 2637.970703125 1644.4461669921875 6.42378815727254 0.0 0.0 0.0 0.0 0.0 0.0 0.0
545 2641.983154296875 1640.433837890625 4.738545791107427 0.0 0.0 0.0 0.0 0.0 0.0 0.0
550 2645.99560546875 1640.433837890625 4.574096439077053 0.0 0.0 0.0 0.0 0.0 0.0 0.0
561 2662.045166015625 1632.4090576171875 1.2226856216097133 0.0 0.0 0.0 0.0 0.0 0.0 0.0
564 2726.243408203125 1604.322265625 352.8975439257154 0.0 0.0 0.0 0.0 0.0 0.0 0.0
576 2762.35498046875 1592.2850341796875 350.2971948550968 0.0 0.0 0.0 0.0 0.0 0.0 0.0
586 2802.478759765625 1584.26025390625 349.6093136206957 0.0 0.0 0.0 0.0 0.0 0.0 0.0
591 2842.602783203125 1568.210693359375 346.7172198177158 0.0 0.0 0.0 0.0 0.0 0.0 0.0
604 2886.739013671875 1556.1734619140625 345.8820508692 0.0 0.0 0.0 0.0 0.0 0.0 0.0
608 2926.863037109375 1544.1363525390625 344.96969347081233 0.0 0.0 0.0 0.0 0.0 0.0 0.0
619 2979.024169921875 1532.09912109375 345.08001125616227 0.0 0.0 0.0 0.0 0.0 0.0 0.0
632 2983.03662109375 1528.0867919921875 343.981836632395 0.0 0.0 0.0 0.0 0.0 0.0 0.0
636 2987.049072265625 1524.0743408203125 342.9183029017041 0.0 0.0 0.0 0.0 0.0 0.0 0.0
641 2991.061279296875 1524.0743408203125 343.31497056942925 0.0 0.0 0.0 0.0 0.0 0.0 0.0
652 2991.061279296875 1520.06201171875 341.8523075824088 0.0 0.0 0.0 0.0 0.0 0.0 0.0
665 2991.061279296875 1516.049560546875 340.40108859328814 0.0 0.0 0.0 0.0 0.0 0.0 0.0
680 2991.061279296875 1508.0247802734375 337.54830387797256 0.0 0.0 0.0 0.0 0.0 0.0 0.0
693 2991.061279296875 1504.012451171875 336.13616404755237 0.0 0.0 0.0 0.0 0.0 0.0 0.0
696 2991.061279296875 1500.0 334.73849692716277 0.0 0.0 0.0 0.0 0.0 0.0 0.0
712 2995.07373046875 1491.9752197265625 332.65188168911754 0.0 0.0 0.0 0.0 0.0 0.0 0.0
725 2999.086181640625 1491.9752197265625 333.2987514678827 0.0 0.0 0.0 0.0 0.0 0.0 0.0
727 3011.123291015625 1491.9752197265625 335.1076891956022 0.0 0.0 0.0 0.0 0.0 0.0 0.0
740 3027.1728515625 1487.9627685546875 336.0189970402249 0.0 0.0 0.0 0.0 0.0 0.0 0.0
742 3047.23486328125 1487.9627685546875 338.6016527766307 0.0 0.0 0.0 0.0 0.0 0.0 0.0
756 3067.296875 1487.9627685546875 340.89482091221674 0.0 0.0 0.0 0.0 0.0 0.0 0.0
757 3083.346435546875 1487.9627685546875 342.55924499417046 0.0 0.0 0.0 0.0 0.0 0.0 0.0
766 3095.383544921875 1487.9627685546875 343.7181636246686 0.0 0.0 0.0 0.0 0.0 0.0 0.0
779 3103.408447265625 1487.9627685546875 344.4528361713948 0.0 0.0 0.0 0.0 0.0 0.0 0.0
784 3111.43310546875 1487.9627685546875 345.1513591288771 0.0 0.0 0.0 0.0 0.0 0.0 0.0
795 3127.482666015625 1483.950439453125 345.07202196182794 0.0 0.0 0.0 0.0 0.0 0.0 0.0
800 3147.544677734375 1475.9256591796875 344.01011152292364 0.0 0.0 0.0 0.0 0.0 0.0 0.0
810 3183.65625 1475.9256591796875 346.77451948782743 0.0 0.0 0.0 0.0 0.0 0.0 0.0
812 3227.79248046875 1475.9256591796875 349.39714283878277 0.0 0.0 0.0 0.0 0.0 0.0 0.0
825 3287.978515625 1475.9256591796875 351.9591671124628 0.0 0.0 0.0 0.0 0.0 0.0 0.0
835 3336.127197265625 1475.9256591796875 353.51394133043055 0.0 0.0 0.0 0.0 0.0 0.0 0.0
838 3384.27587890625 1475.9256591796875 354.6929639949119 0.0 0.0 0.0 0.0 0.0 0.0 0.0
842 3424.39990234375 1475.9256591796875 355.4691120599557 0.0 0.0 0.0 0.0 0.0 0.0 0.0
853 3468.5361328125 1479.93798828125 357.30972560546604 0.0 0.0 0.0 0.0 0.0 0.0 0.0
859 3504.647705078125 1483.950439453125 358.7484284930272 0.0 0.0 0.0 0.0 0.0 0.0 0.0
871 3564.833740234375 1483.950439453125 358.6447674794993 0.0 0.0 0.0 0.0 0.0 0.0 0.0
884 3580.88330078125 1483.950439453125 358.6198074622189 0.0 0.0 0.0 0.0 0.0 0.0 0.0
937 3572.8583984375 1483.950439453125 358.6330207446866 0.0 0.0 0.0 0.0 0.0 0.0 0.0
944 3560.8212890625 1483.950439453125 358.6545177769799 0.0 0.0 0.0 0.0 0.0 0.0 0.0
954 3556.808837890625 1483.950439453125 358.6618613877368 0.0 0.0 0.0 0.0 0.0 0.0 0.0
978 3556.808837890625 1475.9256591796875 355.6128364149908 0.0 0.0 0.0 0.0 0.0 0.0 0.0
984 3572.8583984375 1467.90087890625 353.13236911202733 0.0 0.0 0.0 0.0 0.0 0.0 0.0
994 3596.932861328125 1447.8388671875 347.3820493434233 0.0 0.0 0.0 0.0 0.0 0.0 0.0
999 3633.04443359375 1427.77685546875 343.52704957498736 0.0 0.0 0.0 0.0 0.0 0.0 0.0
1009 3677.1806640625 1411.727294921875 342.30996054746095 0.0 0.0 0.0 0.0 0.0 0.0 0.0
1022 3701.255126953125 1395.677734375 339.4981108334464 0.0 0.0 0.0 0.0 0.0 0.0 0.0
1024 3729.341796875 1383.640625 338.77160306778615 0.0 0.0 0.0 0.0 0.0 0.0 0.0
1040 3737.36669921875 1375.6158447265625 337.0400522125386 0.0 0.0 0.0 0.0 0.0 0.0 0.0
1054 3729.341796875 1375.6158447265625 335.87164271161225 0.0 0.0 0.0 0.0 0.0 0.0 0.0
1060 3713.292236328125 1375.6158447265625 333.2818055427997 0.0 0.0 0.0 0.0 0.0 0.0 0.0
1064 3681.193115234375 1375.6158447265625 326.89311141505806 0.0 0.0 0.0 0.0 0.0 0.0 0.0
1074 3637.056884765625 1375.6158447265625 315.3666070226009 0.0 0.0 0.0 0.0 0.0 0.0 0.0
1085 3580.88330078125 1367.5909423828125 294.3624387251326 0.0 0.0 0.0 0.0 0.0 0.0 0.0
1092 3528.72216796875 1367.5909423828125 274.22026294299866 0.0 0.0 0.0 0.0 0.0 0.0 0.0
1103 3476.56103515625 1367.5909423828125 254.57820392903278 0.0 0.0 0.0 0.0 0.0 0.0 0.0
1105 3428.412353515625 1367.5909423828125 238.49584587180686 0.0 0.0 0.0 0.0 0.0 0.0 0.0
1119 3396.313232421875 1367.5909423828125 229.0173396471301 0.0 0.0 0.0 0.0 0.0 0.0 0.0
1120 3376.251220703125 1367.5909423828125 223.59570946392915 0.0 0.0 0.0 0.0 0.0 0.0 0.0
1134 3372.23876953125 1367.5909423828125 222.53307255687236 0.0 0.0 0.0 0.0 0.0 0.0 0.0
1150 3368.226318359375 1367.5909423828125 221.49051599098658 0.0 0.0 0.0 0.0 0.0 0.0 0.0
1164 3364.2138671875 1367.5909423828125 220.46800792265492 0.0 0.0 0.0 0.0 0.0 0.0 0.0
1166 3352.1767578125 1367.5909423828125 217.5748030355664 0.0 0.0 0.0 0.0 0.0 0.0 0.0
1179 3332.11474609375 1371.6033935546875 212.0665543985882 0.0 0.0 0.0 0.0 0.0 0.0 0.0
1185 3316.065185546875 1375.6158447265625 207.74115368662143 0.0 0.0 0.0 0.0 0.0 0.0 0.0
1187 3279.95361328125 1383.640625 199.8519693782511 0.0 0.0 0.0 0.0 0.0 0.0 0.0
1192 3235.8173828125 1383.640625 195.03739036425435 0.0 0.0 0.0 0.0 0.0 0.0 0.0
1203 3175.631591796875 1387.6529541015625 189.22534371884808 0.0 0.0 0.0 0.0 0.0 0.0 0.0
1207 3099.39599609375 1387.6529541015625 185.58836485166665 0.0 0.0 0.0 0.0 0.0 0.0 0.0
1217 3035.19775390625 1387.6529541015625 183.43801765108992 0.0 0.0 0.0 0.0 0.0 0.0 0.0
1222 2975.01171875 1387.6529541015625 181.99646724418977 0.0 0.0 0.0 0.0 0.0 0.0 0.0
1232 2934.887939453125 1387.6529541015625 181.23733645310705 0.0 0.0 0.0 0.0 0.0 0.0 0.0
1247 2906.801025390625 1387.6529541015625 180.78934877785406 0.0 0.0 0.0 0.0 0.0 0.0 0.0
1266 2906.801025390625 1383.640625 182.31149346255035 0.0 0.0 0.0 0.0 0.0 0.0 0.0
1276 2910.8134765625 1371.6033935546875 187.07167841837781 0.0 0.0 0.0 0.0 0.0 0.0 0.0
1290 2922.8505859375 1363.57861328125 191.05561711238937 0.0 0.0 0.0 0.0 0.0 0.0 0.0
1294 2934.887939453125 1355.5538330078125 195.31100904545025 0.0 0.0 0.0 0.0 0.0 0.0 0.0
1305 2946.925048828125 1347.529052734375 199.8288449823358 0.0 0.0 0.0 0.0 0.0 0.0 0.0
1306 2946.925048828125 1343.5166015625 201.23485045902584 0.0 0.0 0.0 0.0 0.0 0.0 0.0
1333 2938.900146484375 1343.5166015625 200.10559816064784 0.0 0.0 0.0 0.0 0.0 0.0 0.0
1336 2934.887939453125 1343.5166015625 199.55468148267875 0.0 0.0 0.0 0.0 0.0 0.0 0.0
1349 2902.78857421875 1343.5166015625 195.88263473340743 0.0 0.0 0.0 0.0 0.0 0.0 0.0
1365 2806.4912109375 1343.5166015625 189.0750073302877 0.0 0.0 0.0 0.0 0.0 0.0 0.0
1372 2746.305419921875 1347.529052734375 184.94251960402943 0.0 0.0 0.0 0.0 0.0 0.0 0.0
1385 2686.119384765625 1351.5413818359375 181.982726516146 0.0 0.0 0.0 0.0 0.0 0.0 0.0
1388 2641.983154296875 1351.5413818359375 181.16798828917234 0.0 0.0 0.0 0.0 0.0 0.0 0.0
1401 2605.87158203125 1355.5538330078125 179.39933009954228 0.0 0.0 0.0 0.0 0.0 0.0 0.0
1402 2585.8095703125 1355.5538330078125 179.28019514274246 0.0 0.0 0.0 0.0 0.0 0.0 0.0
1420 2581.797119140625 1355.5538330078125 179.2569709862043 0.0 0.0 0.0 0.0 0.0 0.0 0.0
1462 2573.7724609375 1355.5538330078125 179.21289790888676 0.0 0.0 0.0 0.0 0.0 0.0 0.0
1472 2541.67333984375 1359.566162109375 177.8098133890294 0.0 0.0 0.0 0.0 0.0 0.0 0.0
1482 2501.54931640625 1359.566162109375 177.93079789888492 0.0 0.0 0.0 0.0 0.0 0.0 0.0
1496 2445.375732421875 1363.57861328125 176.94314077938833 0.0 0.0 0.0 0.0 0.0 0.0 0.0
1499 2365.1279296875 1363.57861328125 177.4442145757942 0.0 0.0 0.0 0.0 0.0 0.0 0.0
1512 2252.781005859375 1367.5909423828125 176.97235152975344 0.0 0.0 0.0 0.0 0.0 0.0 0.0
1516 2128.396728515625 1375.6158447265625 175.94084567608417 0.0 0.0 0.0 0.0 0.0 0.0 0.0
1526 2000.0 1383.640625 175.41952713528002 0.0 0.0 0.0 0.0 0.0 0.0 0.0
1528 1887.653076171875 1391.6654052734375 174.940502539252 0.0 0.0 0.0 0.0 0.0 0.0 0.0
1542 1803.392822265625 1391.6654052734375 176.1757353431022 0.0 0.0 0.0 0.0 0.0 0.0 0.0
1556 1711.107666015625 1395.677734375 176.06931793174704 0.0 0.0 0.0 0.0 0.0 0.0 0.0
1569 1707.0953369140625 1395.677734375 176.12938107794736 0.0 0.0 0.0 0.0 0.0 0.0 0.0
1584 1695.05810546875 1395.677734375 176.2962244671778 0.0 0.0 0.0 0.0 0.0 0.0 0.0
1595 1670.9837646484375 1395.677734375 176.58395032424409 0.0 0.0 0.0 0.0 0.0 0.0 0.0
1599 1622.8350830078125 1395.677734375 177.02010840867018 0.0 0.0 0.0 0.0 0.0 0.0 0.0
1612 1582.7110595703125 1395.677734375 177.30713829867403 0.0 0.0 0.0 0.0 0.0 0.0 0.0
1623 1530.550048828125 1395.677734375 177.58434595770944 0.0 0.0 0.0 0.0 0.0 0.0 0.0
1624 1458.326904296875 1395.677734375 177.8438269192137 0.0 0.0 0.0 0.0 0.0 0.0 0.0
1638 1366.0418701171875 1395.677734375 178.04944806755748 0.0 0.0 0.0 0.0 0.0 0.0 0.0
1640 1253.69482421875 1395.677734375 178.19285230637178 0.0 0.0 0.0 0.0 0.0 0.0 0.0
1645 1161.4097900390625 1395.677734375 178.26591737835633 0.0 0.0 0.0 0.0 0.0 0.0 0.0
1655 1093.1990966796875 1395.677734375 178.30308948095023 0.0 0.0 0.0 0.0 0.0 0.0 0.0
1660 1045.05029296875 1395.677734375 178.32297946888076 0.0 0.0 0.0 0.0 0.0 0.0 0.0
1671 1012.951171875 1395.677734375 178.33389257550988 0.0 0.0 0.0 0.0 0.0 0.0 0.0
1714 1033.01318359375 1395.677734375 178.32598623808786 0.0 0.0 0.0 0.0 0.0 0.0 0.0
1727 1045.05029296875 1395.677734375 178.3208382768767 0.0 0.0 0.0 0.0 0.0 0.0 0.0
1738 1065.1123046875 1395.677734375 178.31094101282503 0.0 0.0 0.0 0.0 0.0 0.0 0.0
1742 1081.161865234375 1395.677734375 178.30208960842867 0.0 0.0 0.0 0.0 0.0 0.0 0.0
1753 1089.1866455078125 1395.677734375 178.29740102005115 0.0 0.0 0.0 0.0 0.0 0.0 0.0
1785 1085.17431640625 1395.677734375 178.29966650122986 0.0 0.0 0.0 0.0 0.0 0.0 0.0
1796 1069.124755859375 1395.677734375 178.3078968318925 0.0 0.0 0.0 0.0 0.0 0.0 0.0
1800 1061.0999755859375 1395.677734375 178.31178799010888 0.0 0.0 0.0 0.0 0.0 0.0 0.0
1811 1004.9263916015625 1399.690185546875 177.22054078186017 0.0 0.0 0.0 0.0 0.0 0.0 0.0
1820 952.7652587890625 1399.690185546875 177.51999496399782 0.0 0.0 0.0 0.0 0.0 0.0 0.0
1832 884.5545654296875 1403.7025146484375 176.73973852728096 0.0 0.0 0.0 0.0 0.0 0.0 0.0
1844 732.0836181640625 1407.7149658203125 176.80917012111632 0.0 0.0 0.0 0.0 0.0 0.0 0.0
1858 583.6250610351562 1411.727294921875 176.82302169908138 0.0 0.0 0.0 0.0 0.0 0.0 0.0
1872 539.4887084960938 1411.727294921875 177.17689311793123 0.0 0.0 0.0 0.0 0.0 0.0 0.0
1873 503.377197265625 1411.727294921875 177.41045594369785 0.0 0.0 0.0 0.0 0.0 0.0 0.0
1888 495.35235595703125 1411.727294921875 177.459755678063 0.0 0.0 0.0 0.0 0.0 0.0 0.0
1900 491.3399658203125 1411.727294921875 177.48377326413305 0.0 0.0 0.0 0.0 0.0 0.0 0.0
1902 483.315185546875 1411.727294921875 177.5293465295548 0.0 0.0 0.0 0.0 0.0 0.0 0.0
1913 471.27801513671875 1407.7149658203125 179.0054468936401 0.0 0.0 0.0 0.0 0.0 0.0 0.0
1918 459.2408447265625 1403.7025146484375 180.3716168280436 0.0 0.0 0.0 0.0 0.0 0.0 0.0
1928 447.20367431640625 1403.7025146484375 180.2247162504653 0.0 0.0 0.0 0.0 0.0 0.0 0.0
1934 427.14166259765625 1403.7025146484375 180.0085980303616 0.0 0.0 0.0 0.0 0.0 0.0 0.0
1945 415.1044921875 1403.7025146484375 179.8885192403369 0.0 0.0 0.0 0.0 0.0 0.0 0.0
1958 403.06732177734375 1403.7025146484375 179.77732860272744 0.0 0.0 0.0 0.0 0.0 0.0 0.0
1959 391.0301513671875 1403.7025146484375 179.67435617634385 0.0 0.0 0.0 0.0 0.0 0.0 0.0
1970 374.9805908203125 1403.7025146484375 179.5502727951295 0.0 0.0 0.0 0.0 0.0 0.0 0.0
1972 358.9309997558594 1403.7025146484375 179.43812364802818 0.0 0.0 0.0 0.0 0.0 0.0 0.0
1985 346.893798828125 1403.7025146484375 179.36022355403207 0.0 0.0 0.0 0.0 0.0 0.0 0.0
1990 338.8690185546875 1403.7025146484375 179.31091539451018 0.0 0.0 0.0 0.0 0.0 0.0 0.0
2000 330.84423828125 1403.7025146484375 179.26410988466802 0.0 0.0 0.0 0.0 0.0 0.0 0.0
2002 326.83184814453125 1403.7025146484375 179.2413271229562 0.0 0.0 0.0 0.0 0.0 0.0 0.0
2018 318.80706787109375 1399.690185546875 180.6455090993689 0.0 0.0 0.0 0.0 0.0 0.0 0.0
2028 314.7946472167969 1395.677734375 182.07007120171448 0.0 0.0 0.0 0.0 0.0 0.0 0.0
2031 310.7822570800781 1395.677734375 181.97457907318602 0.0 0.0 0.0 0.0 0.0 0.0 0.0
2042 306.7698669433594 1395.677734375 181.8815266431812 0.0 0.0 0.0 0.0 0.0 0.0 0.0
2056 302.7574768066406 1391.6654052734375 183.271712941595 0.0 0.0 0.0 0.0 0.0 0.0 0.0
2144 306.7698669433594 1391.6654052734375 183.4052215257397 0.0 0.0 0.0 0.0 0.0 0.0 0.0
2148 318.80706787109375 1391.6654052734375 183.840345816764 0.0 0.0 0.0 0.0 0.0 0.0 0.0
2162 342.88140869140625 1391.6654052734375 184.87497034120435 0.0 0.0 0.0 0.0 0.0 0.0 0.0
2163 395.04254150390625 1391.6654052734375 188.2875820798759 0.0 0.0 0.0 0.0 0.0 0.0 0.0
2168 479.30279541015625 1395.677734375 197.22618646218035 0.0 0.0 0.0 0.0 0.0 0.0 0.0
2181 583.6250610351562 1407.7149658203125 222.11019094254334 0.0 0.0 0.0 0.0 0.0 0.0 0.0
2190 679.9224853515625 1415.73974609375 260.91675122793305 0.0 0.0 0.0 0.0 0.0 0.0 0.0
2201 808.319091796875 1419.7520751953125 305.1942434750309 0.0 0.0 0.0 0.0 0.0 0.0 0.0
2216 848.4430541992188 1419.7520751953125 315.61182748937995 0.0 0.0 0.0 0.0 0.0 0.0 0.0
2231 840.4182739257812 1419.7520751953125 313.4564669696283 0.0 0.0 0.0 0.0 0.0 0.0 0.0
2245 804.3067016601562 1423.7645263671875 302.9579154482385 0.0 0.0 0.0 0.0 0.0 0.0 0.0
2260 748.1331787109375 1431.789306640625 282.57133032553486 0.0 0.0 0.0 0.0 0.0 0.0 0.0
2264 716.0340576171875 1435.8017578125 270.3326652142557 0.0 0.0 0.0 0.0 0.0 0.0 0.0
2275 667.8853149414062 1447.8388671875 251.13466876323082 0.0 0.0 0.0 0.0 0.0 0.0 0.0
2289 607.6994018554688 1451.851318359375 231.52893015798105 0.0 0.0 0.0 0.0 0.0 0.0 0.0
2291 547.5134887695312 1455.8636474609375 216.1297300437539 0.0 0.0 0.0 0.0 0.0 0.0 0.0
2303 491.3399658203125 1463.888427734375 204.0421825233683 0.0 0.0 0.0 0.0 0.0 0.0 0.0
2315 431.154052734375 1471.9132080078125 194.65877129071947 0.0 0.0 0.0 0.0 0.0 0.0 0.0
2350 451.216064453125 1471.9132080078125 197.10801517740578 0.0 0.0 0.0 0.0 0.0 0.0 0.0
2364 483.315185546875 1471.9132080078125 202.00369244408967 0.0 0.0 0.0 0.0 0.0 0.0 0.0
2366 531.4639282226562 1471.9132080078125 212.26325663748366 0.0 0.0 0.0 0.0 0.0 0.0 0.0
2378 595.6622314453125 1471.9132080078125 232.43856851562077 0.0 0.0 0.0 0.0 0.0 0.0 0.0
2381 667.8853149414062 1471.9132080078125 260.8036099631985 0.0 0.0 0.0 0.0 0.0 0.0 0.0
2393 728.0712280273438 1471.9132080078125 283.48510040577645 0.0 0.0 0.0 0.0 0.0 0.0 0.0
2398 776.219970703125 1471.9132080078125 299.38111904424403 0.0 0.0 0.0 0.0 0.0 0.0 0.0
2408 804.3067016601562 1471.9132080078125 307.6751776181099 0.0 0.0 0.0 0.0 0.0 0.0 0.0
2423 788.2571411132812 1471.9132080078125 302.6237993221052 0.0 0.0 0.0 0.0 0.0 0.0 0.0
2437 708.00927734375 1471.9132080078125 270.4711402174594 0.0 0.0 0.0 0.0 0.0 0.0 0.0
2452 647.8233642578125 1475.9256591796875 247.92046021866133 0.0 0.0 0.0 0.0 0.0 0.0 0.0
2453 575.6002807617188 1475.9256591796875 226.88451716416415 0.0 0.0 0.0 0.0 0.0 0.0 0.0
2467 427.14166259765625 1475.9256591796875 202.82752600048303 0.0 0.0 0.0 0.0 0.0 0.0 0.0
2479 383.00537109375 1475.9256591796875 197.3621408062673 0.0 0.0 0.0 0.0 0.0 0.0 0.0
2484 346.893798828125 1475.9256591796875 193.7269884103428 0.0 0.0 0.0 0.0 0.0 0.0 0.0
2535 350.90618896484375 1463.888427734375 198.5548526566003 0.0 0.0 0.0 0.0 0.0 0.0 0.0
2546 358.9309997558594 1451.851318359375 204.00922307507545 0.0 0.0 0.0 0.0 0.0 0.0 0.0
2558 370.96820068359375 1435.8017578125 211.64459393308067 0.0 0.0 0.0 0.0 0.0 0.0 0.0
2570 387.01776123046875 1411.727294921875 222.52854902334667 0.0 0.0 0.0 0.0 0.0 0.0 0.0
2585 387.01776123046875 1399.690185546875 225.63666833581743 0.0 0.0 0.0 0.0 0.0 0.0 0.0
2593 387.01776123046875 1395.677734375 226.65226165915436 0.0 0.0 0.0 0.0 0.0 0.0 0.0
2674 395.04254150390625 1395.677734375 229.0115582298427 0.0 0.0 0.0 0.0 0.0 0.0 0.0
2678 415.1044921875 1395.677734375 235.4251626505378 0.0 0.0 0.0 0.0 0.0 0.0 0.0
2689 447.20367431640625 1395.677734375 246.85380604624885 0.0 0.0 0.0 0.0 0.0 0.0 0.0
2700 503.377197265625 1399.690185546875 268.750458814474 0.0 0.0 0.0 0.0 0.0 0.0 0.0
2704 575.6002807617188 1399.690185546875 294.28928402747954 0.0 0.0 0.0 0.0 0.0 0.0 0.0
2715 655.84814453125 1403.7025146484375 316.3834941449802 0.0 0.0 0.0 0.0 0.0 0.0 0.0
2729 852.4554443359375 1407.7149658203125 340.96540569526906 0.0 0.0 0.0 0.0 0.0 0.0 0.0
2740 924.678466796875 1407.7149658203125 346.5884614783261 0.0 0.0 0.0 0.0 0.0 0.0 0.0
2745 972.8272705078125 1407.7149658203125 349.4371005344601 0.0 0.0 0.0 0.0 0.0 0.0 0.0
2757 1012.951171875 1407.7149658203125 351.3151519225745 0.0 0.0 0.0 0.0 0.0 0.0 0.0
2789 1016.963623046875 1407.7149658203125 351.4981172090245 0.0 0.0 0.0 0.0 0.0 0.0 0.0
2802 1029.000732421875 1407.7149658203125 352.0065753306541 0.0 0.0 0.0 0.0 0.0 0.0 0.0
2814 1049.062744140625 1407.7149658203125 352.7549610509421 0.0 0.0 0.0 0.0 0.0 0.0 0.0
2816 1077.1495361328125 1407.7149658203125 353.63868101696374 0.0 0.0 0.0 0.0 0.0 0.0 0.0
2820 1121.2857666015625 1411.727294921875 355.89308385672746 0.0 0.0 0.0 0.0 0.0 0.0 0.0
2833 1177.4593505859375 1411.727294921875 356.56974095988437 0.0 0.0 0.0 0.0 0.0 0.0 0.0
2834 1241.6575927734375 1411.727294921875 357.11206757113246 0.0 0.0 0.0 0.0 0.0 0.0 0.0
2845 1301.843505859375 1411.727294921875 357.47542264924033 0.0 0.0 0.0 0.0 0.0 0.0 0.0
2852 1354.004638671875 1411.727294921875 357.7093531815418 0.0 0.0 0.0 0.0 0.0 0.0 0.0
2864 1422.21533203125 1411.727294921875 357.91995490978024 0.0 0.0 0.0 0.0 0.0 0.0 0.0
2952 1430.2401123046875 1411.727294921875 357.9434734597283 0.0 0.0 0.0 0.0 0.0 0.0 0.0
2964 1454.314453125 1411.727294921875 358.00433002511113 0.0 0.0 0.0 0.0 0.0 0.0 0.0
2975 1494.4384765625 1403.7025146484375 355.6768124691956 0.0 0.0 0.0 0.0 0.0 0.0 0.0
2977 1554.6243896484375 1399.690185546875 355.36076232267453 0.0 0.0 0.0 0.0 0.0 0.0 0.0
2989 1622.8350830078125 1391.6654052734375 354.20714203103375 0.0 0.0 0.0 0.0 0.0 0.0 0.0
3001 1691.0457763671875 1387.6529541015625 354.4603449562548 0.0 0.0 0.0 0.0 0.0 0.0 0.0
3003 1743.2069091796875 1383.640625 354.3382497709827 0.0 0.0 0.0 0.0 0.0 0.0 0.0
3005 1779.318359375 1383.640625 355.1202614141066 0.0 0.0 0.0 0.0 0.0 0.0 0.0
3026 1771.2935791015625 1383.640625 354.93671921538936 0.0 0.0 0.0 0.0 0.0 0.0 0.0
3038 1755.2440185546875 1383.640625 354.52597033975616 0.0 0.0 0.0 0.0 0.0 0.0 0.0
3050 1699.070556640625 1391.6654052734375 357.09712777783426 0.0 0.0 0.0 0.0 0.0 0.0 0.0
3063 1634.8721923828125 1415.73974609375 11.84185452144304 0.0 0.0 0.0 0.0 0.0 0.0 0.0
3071 1614.810302734375 1423.7645263671875 17.19758355176795 0.0 0.0 0.0 0.0 0.0 0.0 0.0
3085 1594.748291015625 1435.8017578125 24.703304130281595 0.0 0.0 0.0 0.0 0.0 0.0 0.0
3086 1590.7359619140625 1443.8265380859375 28.111431668499762 0.0 0.0 0.0 0.0 0.0 0.0 0.0
3100 1578.69873046875 1467.90087890625 38.12688448907346 0.0 0.0 0.0 0.0 0.0 0.0 0.0
3102 1574.686279296875 1495.987548828125 46.42995021818774 0.0 0.0 0.0 0.0 0.0 0.0 0.0
3106 1566.6614990234375 1524.0743408203125 54.897711026549956 0.0 0.0 0.0 0.0 0.0 0.0 0.0
3118 1550.6119384765625 1552.1611328125 64.8111118111151 0.0 0.0 0.0 0.0 0.0 0.0 0.0
3123 1538.5748291015625 1584.26025390625 72.56530301864399 0.0 0.0 0.0 0.0 0.0 0.0 0.0
3134 1518.5128173828125 1608.3345947265625 81.29810361766238 0.0 0.0 0.0 0.0 0.0 0.0 0.0
3148 1478.388916015625 1632.4090576171875 95.45497378469315 0.0 0.0 0.0 0.0 0.0 0.0 0.0
3166 1462.33935546875 1640.433837890625 100.76859692843882 0.0 0.0 0.0 0.0 0.0 0.0 0.0
3192 1466.3516845703125 1640.433837890625 99.27030723538684 0.0 0.0 0.0 0.0 0.0 0.0 0.0
3203 1482.4012451171875 1644.4461669921875 93.05188523024165 0.0 0.0 0.0 0.0 0.0 0.0 0.0
3214 1518.5128173828125 1652.470947265625 79.81233100626187 0.0 0.0 0.0 0.0 0.0 0.0 0.0
3228 1562.649169921875 1656.4833984375 64.86496568367028 0.0 0.0 0.0 0.0 0.0 0.0 0.0
3229 1650.9217529296875 1668.5205078125 43.73050286390935 0.0 0.0 0.0 0.0 0.0 0.0 0.0
3241 1803.392822265625 1676.5452880859375 22.41868703887924 0.0 0.0 0.0 0.0 0.0 0.0 0.0
3245 1983.950439453125 1692.5948486328125 12.060831968766422 0.0 0.0 0.0 0.0 0.0 0.0 0.0
3256 2164.50830078125 1704.632080078125 6.67897557200493 0.0 0.0 0.0 0.0 0.0 0.0 0.0
3258 2329.016357421875 1704.632080078125 2.3499958979131605 0.0 0.0 0.0 0.0 0.0 0.0 0.0
3270 2449.38818359375 1704.632080078125 0.589420699136241 0.0 0.0 0.0 0.0 0.0 0.0 0.0
3282 2517.598876953125 1708.64453125 0.9520117986197505 0.0 0.0 0.0 0.0 0.0 0.0 0.0
3285 2569.760009765625 1708.64453125 0.2920785391363694 0.0 0.0 0.0 0.0 0.0 0.0 0.0
3298 2565.74755859375 1708.64453125 0.3442322470459942 0.0 0.0 0.0 0.0 0.0 0.0 0.0
3311 2553.71044921875 1708.64453125 0.5142598924846169 0.0 0.0 0.0 0.0 0.0 0.0 0.0
3313 2541.67333984375 1708.64453125 0.6990351232336138 0.0 0.0 0.0 0.0 0.0 0.0 0.0
3319 2521.611328125 1708.64453125 1.0542392650945658 0.0 0.0 0.0 0.0 0.0 0.0 0.0
3334 2509.573974609375 1708.64453125 1.285847820469371 0.0 0.0 0.0 0.0 0.0 0.0 0.0
3335 2505.561767578125 1708.64453125 1.365148594834423 0.0 0.0 0.0 0.0 0.0 0.0 0.0
3363 2505.561767578125 1704.632080078125 359.83983070013517 0.0 0.0 0.0 0.0 0.0 0.0 0.0
3374 2509.573974609375 1696.6072998046875 356.8298381647748 0.0 0.0 0.0 0.0 0.0 0.0 0.0
3380 2525.623779296875 1684.570068359375 352.85884309068706 0.0 0.0 0.0 0.0 0.0 0.0 0.0
3391 2557.722900390625 1664.5081787109375 347.63427841703583 0.0 0.0 0.0 0.0 0.0 0.0 0.0
3402 2593.83447265625 1644.4461669921875 343.72625525684253 0.0 0.0 0.0 0.0 0.0 0.0 0.0
3405 2637.970703125 1616.359375 339.1627610938271 0.0 0.0 0.0 0.0 0.0 0.0 0.0
3419 2686.119384765625 1576.2354736328125 333.15481302234025 0.0 0.0 0.0 0.0 0.0 0.0 0.0
3420 2722.23095703125 1556.1734619140625 332.33230587901335 0.0 0.0 0.0 0.0 0.0 0.0 0.0
3433 2754.330078125 1536.111572265625 331.1382801637646 0.0 0.0 0.0 0.0 0.0 0.0 0.0
3435 2774.39208984375 1524.0743408203125 330.6389779028622 0.0 0.0 0.0 0.0 0.0 0.0 0.0
3447 2786.42919921875 1516.049560546875 330.11905802859445 0.0 0.0 0.0 0.0 0.0 0.0 0.0
3452 2798.466552734375 1508.0247802734375 329.6445200124844 0.0 0.0 0.0 0.0 0.0 0.0 0.0
3463 2818.5283203125 1495.987548828125 329.34576834168746 0.0 0.0 0.0 0.0 0.0 0.0 0.0
3478 2802.478759765625 1495.987548828125 326.08300151082324 0.0 0.0 0.0 0.0 0.0 0.0 0.0
3492 2758.342529296875 1512.0372314453125 320.6220652885306 0.0 0.0 0.0 0.0 0.0 0.0 0.0
3496 2726.243408203125 1520.06201171875 314.31217978793154 0.0 0.0 0.0 0.0 0.0 0.0 0.0
3507 2682.10693359375 1528.0867919921875 301.9111754015062 0.0 0.0 0.0 0.0 0.0 0.0 0.0
3511 2625.93359375 1532.09912109375 280.92817450109936 0.0 0.0 0.0 0.0 0.0 0.0 0.0
3524 2573.7724609375 1532.09912109375 260.85846062045016 0.0 0.0 0.0 0.0 0.0 0.0 0.0
3526 2537.660888671875 1536.111572265625 247.3700557294497 0.0 0.0 0.0 0.0 0.0 0.0 0.0
3539 2509.573974609375 1536.111572265625 238.10733779831793 0.0 0.0 0.0 0.0 0.0 0.0 0.0
3560 2517.598876953125 1536.111572265625 240.81304675310867 0.0 0.0 0.0 0.0 0.0 0.0 0.0
3570 2545.685546875 1528.0867919921875 251.9898414397822 0.0 0.0 0.0 0.0 0.0 0.0 0.0
3584 2585.8095703125 1512.0372314453125 267.525230346296 0.0 0.0 0.0 0.0 0.0 0.0 0.0
3586 2609.884033203125 1508.0247802734375 276.4116750888233 0.0 0.0 0.0 0.0 0.0 0.0 0.0
3600 2702.1689453125 1491.9752197265625 302.8245675158921 0.0 0.0 0.0 0.0 0.0 0.0 0.0
3608 2762.35498046875 1483.950439453125 316.08656528039523 0.0 0.0 0.0 0.0 0.0 0.0 0.0
3618 2838.59033203125 1471.9132080078125 327.234292418363 0.0 0.0 0.0 0.0 0.0 0.0 0.0
3623 2918.83837890625 1451.851318359375 333.2824823339305 0.0 0.0 0.0 0.0 0.0 0.0 0.0
3625 2999.086181640625 1435.8017578125 338.12773192356167 0.0 0.0 0.0 0.0 0.0 0.0 0.0
3638 3047.23486328125 1423.7645263671875 339.6678929371739 0.0 0.0 0.0 0.0 0.0 0.0 0.0
3642 3075.321533203125 1411.727294921875 338.91279012200886 0.0 0.0 0.0 0.0 0.0 0.0 0.0
3653 3079.333984375 1411.727294921875 339.4088974594648 0.0 0.0 0.0 0.0 0.0 0.0 0.0
3658 3083.346435546875 1411.727294921875 339.89278905865865 0.0 0.0 0.0 0.0 0.0 0.0 0.0
3702 3087.35888671875 1411.727294921875 340.3647549752562 0.0 0.0 0.0 0.0 0.0 0.0 0.0
3708 3091.37109375 1411.727294921875 340.8250076025196 0.0 0.0 0.0 0.0 0.0 0.0 0.0
3712 3103.408447265625 1411.727294921875 342.10792028879223 0.0 0.0 0.0 0.0 0.0 0.0 0.0
3725 3123.470458984375 1411.727294921875 344.00295452020174 0.0 0.0 0.0 0.0 0.0 0.0 0.0
3732 3147.544677734375 1411.727294921875 345.97110273317276 0.0 0.0 0.0 0.0 0.0 0.0 0.0
3746 3183.65625 1411.727294921875 348.36161532956066 0.0 0.0 0.0 0.0 0.0 0.0 0.0
3750 3223.7802734375 1411.727294921875 350.4643873151023 0.0 0.0 0.0 0.0 0.0 0.0 0.0
3754 3263.904052734375 1411.727294921875 352.12750157884875 0.0 0.0 0.0 0.0 0.0 0.0 0.0
3764 3304.028076171875 1411.727294921875 353.44216301539484 0.0 0.0 0.0 0.0 0.0 0.0 0.0
3769 3352.1767578125 1411.727294921875 354.63853643624975 0.0 0.0 0.0 0.0 0.0 0.0 0.0
3780 3392.30078125 1411.727294921875 355.4261257106855 0.0 0.0 0.0 0.0 0.0 0.0 0.0
3784 3432.424560546875 1411.727294921875 356.0482000854114 0.0 0.0 0.0 0.0 0.0 0.0 0.0
3794 3456.4990234375 1411.727294921875 356.3700705300449 0.0 0.0 0.0 0.0 0.0 0.0 0.0
3799 3472.548583984375 1411.727294921875 356.5640092385 0.0 0.0 0.0 0.0 0.0 0.0 0.0
3810 3484.585693359375 1411.727294921875 356.6987017695006 0.0 0.0 0.0 0.0 0.0 0.0 0.0
3813 3504.647705078125 1411.727294921875 356.8968426711383 0.0 0.0 0.0 0.0 0.0 0.0 0.0
3825 3524.709716796875 1411.727294921875 357.0716929846271 0.0 0.0 0.0 0.0 0.0 0.0 0.0
3837 3540.75927734375 1411.727294921875 357.1981057653947 0.0 0.0 0.0 0.0 0.0 0.0 0.0
3838 3552.79638671875 1411.727294921875 357.28594485899725 0.0 0.0 0.0 0.0 0.0 0.0 0.0
3851 3568.84619140625 1411.727294921875 357.39173456066374 0.0 0.0 0.0 0.0 0.0 0.0 0.0
3857 3584.895751953125 1411.727294921875 357.48734390637594 0.0 0.0 0.0 0.0 0.0 0.0 0.0
3859 3596.932861328125 1411.727294921875 357.5537578539609 0.0 0.0 0.0 0.0 0.0 0.0 0.0
3873 3604.95751953125 1411.727294921875 357.5958062962222 0.0 0.0 0.0 0.0 0.0 0.0 0.0
3875 3616.994873046875 1411.727294921875 357.6541731820131 0.0 0.0 0.0 0.0 0.0 0.0 0.0
3890 3633.04443359375 1411.727294921875 357.7245358272329 0.0 0.0 0.0 0.0 0.0 0.0 0.0
3894 3645.08154296875 1411.727294921875 357.7734087075038 0.0 0.0 0.0 0.0 0.0 0.0 0.0
3906 3693.230224609375 1411.727294921875 357.9215579904391 0.0 0.0 0.0 0.0 0.0 0.0 0.0
3911 3729.341796875 1411.727294921875 358.01119979946424 0.0 0.0 0.0 0.0 0.0 0.0 0.0
3921 3769.4658203125 1411.727294921875 358.0898448041014 0.0 0.0 0.0 0.0 0.0 0.0 0.0
3926 3813.60205078125 1411.727294921875 358.1567412635667 0.0 0.0 0.0 0.0 0.0 0.0 0.0
4012 3762.510986328125 1367.5909423828125 334.19695235408864 0.0 0.0 0.0 0.0 0.0 0.0 0.0
4024 3702.324951171875 1359.566162109375 316.307800072585 0.0 0.0 0.0 0.0 0.0 0.0 0.0
4036 3598.002685546875 1359.566162109375 272.6480222123711 0.0 0.0 0.0 0.0 0.0 0.0 0.0
4050 3505.7177734375 1371.6033935546875 237.9912926179491 0.0 0.0 0.0 0.0 0.0 0.0 0.0
4064 3473.61865234375 1379.628173828125 226.76893962923373 0.0 0.0 0.0 0.0 0.0 0.0 0.0
4066 3445.53173828125 1387.6529541015625 217.6129356350345 0.0 0.0 0.0 0.0 0.0 0.0 0.0
4083 3389.3583984375 1395.677734375 205.16743283581621 0.0 0.0 0.0 0.0 0.0 0.0 0.0
4091 3353.246826171875 1407.7149658203125 196.51293434223993 0.0 0.0 0.0 0.0 0.0 0.0 0.0
4102 3305.09814453125 1411.727294921875 191.01348766017594 0.0 0.0 0.0 0.0 0.0 0.0 0.0
4106 3256.94921875 1415.73974609375 186.81638606241944 0.0 0.0 0.0 0.0 0.0 0.0 0.0
4111 3184.726318359375 1423.7645263671875 182.02329258468734 0.0 0.0 0.0 0.0 0.0 0.0 0.0
4121 3112.503173828125 1423.7645263671875 180.84476779045173 0.0 0.0 0.0 0.0 0.0 0.0 0.0
4135 3032.25537109375 1423.7645263671875 179.9901528750973 0.0 0.0 0.0 0.0 0.0 0.0 0.0
4136 2947.994873046875 1423.7645263671875 179.41458844350842 0.0 0.0 0.0 0.0 0.0 0.0 0.0
4149 2875.77197265625 1423.7645263671875 179.08106466824194 0.0 0.0 0.0 0.0 0.0 0.0 0.0
4154 2815.5859375 1423.7645263671875 178.8824515337522 0.0 0.0 0.0 0.0 0.0 0.0 0.0
4164 2775.462158203125 1423.7645263671875 178.7778809162117 0.0 0.0 0.0 0.0 0.0 0.0 0.0
4166 2739.3505859375 1423.7645263671875 178.70195724861543 0.0 0.0 0.0 0.0 0.0 0.0 0.0
4179 2739.3505859375 1419.7520751953125 180.2269294461683 0.0 0.0 0.0 0.0 0.0 0.0 0.0
4184 2735.338134765625 1411.727294921875 183.14232385234578 0.0 0.0 0.0 0.0 0.0 0.0 0.0
4199 2719.28857421875 1403.7025146484375 185.42338749214508 0.0 0.0 0.0 0.0 0.0 0.0 0.0
4212 2695.214111328125 1391.6654052734375 188.34861977605726 0.0 0.0 0.0 0.0 0.0 0.0 0.0
4216 2675.152099609375 1387.6529541015625 188.50957023149198 0.0 0.0 0.0 0.0 0.0 0.0 0.0
4222 2627.00341796875 1379.628173828125 188.34758233993608 0.0 0.0 0.0 0.0 0.0 0.0 0.0
4233 2558.792724609375 1375.6158447265625 186.29097393444113 0.0 0.0 0.0 0.0 0.0 0.0 0.0
4238 2458.48291015625 1375.6158447265625 183.13273935149488 0.0 0.0 0.0 0.0 0.0 0.0 0.0
4248 2310.0244140625 1375.6158447265625 180.7767018420654 0.0 0.0 0.0 0.0 0.0 0.0 0.0
4253 2129.466552734375 1375.6158447265625 179.4731236407087 0.0 0.0 0.0 0.0 0.0 0.0 0.0
4263 1964.95849609375 1383.640625 177.44659195918837 0.0 0.0 0.0 0.0 0.0 0.0 0.0
4272 1824.524658203125 1391.6654052734375 176.32079222040431 0.0 0.0 0.0 0.0 0.0 0.0 0.0
4283 1740.264404296875 1395.677734375 176.08326610604848 0.0 0.0 0.0 0.0 0.0 0.0 0.0
4295 1684.0909423828125 1395.677734375 176.7082940345378 0.0 0.0 0.0 0.0 0.0 0.0 0.0
4307 1676.066162109375 1395.677734375 176.79305585723472 0.0 0.0 0.0 0.0 0.0 0.0 0.0
4394 1668.0413818359375 1395.677734375 176.87355578652625 0.0 0.0 0.0 0.0 0.0 0.0 0.0
4398 1660.0166015625 1395.677734375 176.9499527470203 0.0 0.0 0.0 0.0 0.0 0.0 0.0
4411 1647.9793701171875 1395.677734375 177.05610909891533 0.0 0.0 0.0 0.0 0.0 0.0 0.0
4414 1615.8802490234375 1395.677734375 177.28951082226695 0.0 0.0 0.0 0.0 0.0 0.0 0.0
4427 1567.7315673828125 1399.690185546875 176.39920816294688 0.0 0.0 0.0 0.0 0.0 0.0 0.0
4429 1507.545654296875 1399.690185546875 176.96597985652858 0.0 0.0 0.0 0.0 0.0 0.0 0.0
4440 1435.322509765625 1403.7025146484375 176.39499026179107 0.0 0.0 0.0 0.0 0.0 0.0 0.0
4445 1355.0745849609375 1403.7025146484375 177.08651611697405 0.0 0.0 0.0 0.0 0.0 0.0 0.0
4455 1270.8143310546875 1403.7025146484375 177.55226776876896 0.0 0.0 0.0 0.0 0.0 0.0 0.0
4459 1186.5540771484375 1407.7149658203125 176.87274755910408 0.0 0.0 0.0 0.0 0.0 0.0 0.0
4472 1102.2938232421875 1407.7149658203125 177.41513931751206 0.0 0.0 0.0 0.0 0.0 0.0 0.0
4476 1034.0831298828125 1411.727294921875 176.66761552972082 0.0 0.0 0.0 0.0 0.0 0.0 0.0
4489 917.7237548828125 1411.727294921875 177.41598741748902 0.0 0.0 0.0 0.0 0.0 0.0 0.0
4504 809.3890991210938 1411.727294921875 177.8213550855815 0.0 0.0 0.0 0.0 0.0 0.0 0.0
4518 757.2279663085938 1411.727294921875 177.96634758541285 0.0 0.0 0.0 0.0 0.0 0.0 0.0
4519 701.054443359375 1403.7025146484375 180.30205922465927 0.0 0.0 0.0 0.0 0.0 0.0 0.0
4532 636.8561401367188 1403.7025146484375 179.72943194296823 0.0 0.0 0.0 0.0 0.0 0.0 0.0
4536 564.633056640625 1403.7025146484375 179.29390585282653 0.0 0.0 0.0 0.0 0.0 0.0 0.0
4546 472.34796142578125 1403.7025146484375 178.94875509442858 0.0 0.0 0.0 0.0 0.0 0.0 0.0
4550 372.03814697265625 1395.677734375 180.55437001446813 0.0 0.0 0.0 0.0 0.0 0.0 0.0
4561 275.7406921386719 1395.677734375 179.70868153248426 0.0 0.0 0.0 0.0 0.0 0.0 0.0
4570 211.54238891601562 1395.677734375 179.31328765120617 0.0 0.0 0.0 0.0 0.0 0.0 0.0
4575 151.35647583007812 1395.677734375 179.04840389837415 0.0 0.0 0.0 0.0 0.0 0.0 0.0
4585 111.2325439453125 1395.677734375 178.90896219101836 0.0 0.0 0.0 0.0 0.0 0.0 0.0
4590 83.14578247070312 1395.677734375 178.8266981642618 0.0 0.0 0.0 0.0 0.0 0.0 0.0
4676 87.15818786621094 1395.677734375 178.8387686452678 0.0 0.0 0.0 0.0 0.0 0.0 0.0
4686 99.19535827636719 1395.677734375 178.87813425064434 0.0 0.0 0.0 0.0 0.0 0.0 0.0
4699 127.2821044921875 1395.677734375 178.99103599629512 0.0 0.0 0.0 0.0 0.0 0.0 0.0
4710 247.6539306640625 1395.677734375 181.39430596861638 0.0 0.0 0.0 0.0 0.0 0.0 0.0
4724 351.9761657714844 1387.6529541015625 197.43021057685826 0.0 0.0 0.0 0.0 0.0 0.0 0.0
4726 492.40997314453125 1379.628173828125 266.3731660459013 0.0 0.0 0.0 0.0 0.0 0.0 0.0
4730 628.8313598632812 1371.6033935546875 307.96501283052027 0.0 0.0 0.0 0.0 0.0 0.0 0.0
4744 753.215576171875 1371.6033935546875 330.5971641085888 0.0 0.0 0.0 0.0 0.0 0.0 0.0
4756 909.698974609375 1371.6033935546875 344.7583996536126 0.0 0.0 0.0 0.0 0.0 0.0 0.0
4768 949.8228759765625 1371.6033935546875 347.6113997725853 0.0 0.0 0.0 0.0 0.0 0.0 0.0
4792 953.835205078125 1371.6033935546875 347.88928044521026 0.0 0.0 0.0 0.0 0.0 0.0 0.0
4804 957.84765625 1379.628173828125 351.1107755153731 0.0 0.0 0.0 0.0 0.0 0.0 0.0
4806 957.84765625 1391.6654052734375 355.68736796502765 0.0 0.0 0.0 0.0 0.0 0.0 0.0
4818 961.8599853515625 1395.677734375 357.24321067734746 0.0 0.0 0.0 0.0 0.0 0.0 0.0
4824 973.897216796875 1399.690185546875 358.7405809309326 0.0 0.0 0.0 0.0 0.0 0.0 0.0
4834 985.9344482421875 1407.7149658203125 1.5366488418738982 0.0 0.0 0.0 0.0 0.0 0.0 0.0
4836 1005.996337890625 1411.727294921875 2.5096705272225392 0.0 0.0 0.0 0.0 0.0 0.0 0.0
4850 1046.120361328125 1415.73974609375 2.8445036492455955 0.0 0.0 0.0 0.0 0.0 0.0 0.0
4868 1122.3558349609375 1423.7645263671875 3.3670176213024376 0.0 0.0 0.0 0.0 0.0 0.0 0.0
4879 1170.5045166015625 1423.7645263671875 2.1612607332711633 0.0 0.0 0.0 0.0 0.0 0.0 0.0
4883 1214.640869140625 1423.7645263671875 1.3060890200262065 0.0 0.0 0.0 0.0 0.0 0.0 0.0
4894 1262.78955078125 1423.7645263671875 0.5989352631945053 0.0 0.0 0.0 0.0 0.0 0.0 0.0
4899 1294.888671875 1423.7645263671875 0.2102389671170215 0.0 0.0 0.0 0.0 0.0 0.0 0.0
4909 1314.95068359375 1423.7645263671875 359.9958522310577 0.0 0.0 0.0 0.0 0.0 0.0 0.0
4924 1322.9754638671875 1411.727294921875 355.5700667940065 0.0 0.0 0.0 0.0 0.0 0.0 0.0
4946 1326.9879150390625 1407.7149658203125 354.16088948034263 0.0 0.0 0.0 0.0 0.0 0.0 0.0
4950 1331.000244140625 1407.7149658203125 354.27033722586486 0.0 0.0 0.0 0.0 0.0 0.0 0.0
4960 1339.0250244140625 1403.7025146484375 353.03572363701863 0.0 0.0 0.0 0.0 0.0 0.0 0.0
4963 1355.0745849609375 1399.690185546875 352.17879303598687 0.0 0.0 0.0 0.0 0.0 0.0 0.0
4977 1375.1365966796875 1399.690185546875 352.9070218385294 0.0 0.0 0.0 0.0 0.0 0.0 0.0
4978 1415.260498046875 1391.6654052734375 351.66259463898496 0.0 0.0 0.0 0.0 0.0 0.0 0.0
4991 1463.4093017578125 1391.6654052734375 353.2889951570425 0.0 0.0 0.0 0.0 0.0 0.0 0.0
5002 1507.545654296875 1391.6654052734375 354.44286797431533 0.0 0.0 0.0 0.0 0.0 0.0 0.0
5006 1555.6943359375 1391.6654052734375 355.39718464479813 0.0 0.0 0.0 0.0 0.0 0.0 0.0
5017 1595.8182373046875 1391.6654052734375 356.0253689036587 0.0 0.0 0.0 0.0 0.0 0.0 0.0
5018 1631.9298095703125 1391.6654052734375 356.481471164478 0.0 0.0 0.0 0.0 0.0 0.0 0.0
5025 1651.9918212890625 1391.6654052734375 356.70512756462085 0.0 0.0 0.0 0.0 0.0 0.0 0.0
5035 1672.0537109375 1391.6654052734375 356.9024967244456 0.0 0.0 0.0 0.0 0.0 0.0 0.0
5048 1720.2025146484375 1395.677734375 358.4178182026121 0.0 0.0 0.0 0.0 0.0 0.0 0.0
5061 1748.2891845703125 1399.690185546875 359.6984063685955 0.0 0.0 0.0 0.0 0.0 0.0 0.0
5064 1788.4132080078125 1407.7149658203125 1.8283209780680494 0.0 0.0 0.0 0.0 0.0 0.0 0.0
5074 1816.4998779296875 1415.73974609375 3.849183060678598 0.0 0.0 0.0 0.0 0.0 0.0 0.0
5084 1832.549560546875 1419.7520751953125 4.694878015087241 0.0 0.0 0.0 0.0 0.0 0.0 0.0
5087 1836.5618896484375 1419.7520751953125 4.531518287540109 0.0 0.0 0.0 0.0 0.0 0.0 0.0
5130 1824.524658203125 1419.7520751953125 5.063825679082797 0.0 0.0 0.0 0.0 0.0 0.0 0.0
5134 1820.5123291015625 1419.7520751953125 5.246086707897788 0.0 0.0 0.0 0.0 0.0 0.0 0.0
5147 1804.4627685546875 1419.7520751953125 6.061205941414713 0.0 0.0 0.0 0.0 0.0 0.0 0.0
5154 1800.4503173828125 1419.7520751953125 6.270506646397251 0.0 0.0 0.0 0.0 0.0 0.0 0.0
5167 1784.4007568359375 1419.7520751953125 7.206344660351107 0.0 0.0 0.0 0.0 0.0 0.0 0.0
5235 1784.4007568359375 1427.77685546875 10.194290420383794 0.0 0.0 0.0 0.0 0.0 0.0 0.0
5246 1796.43798828125 1435.8017578125 12.075909625697946 0.0 0.0 0.0 0.0 0.0 0.0 0.0
5250 1808.47509765625 1443.8265380859375 13.800966595102835 0.0 0.0 0.0 0.0 0.0 0.0 0.0
5261 1828.537109375 1451.851318359375 14.600655447667094 0.0 0.0 0.0 0.0 0.0 0.0 0.0
5274 1860.63623046875 1467.90087890625 16.5859855377649 0.0 0.0 0.0 0.0 0.0 0.0 0.0
5286 1888.7230224609375 1471.9132080078125 14.995035621381106 0.0 0.0 0.0 0.0 0.0 0.0 0.0
5287 1924.83447265625 1475.9256591796875 13.005244376550351 0.0 0.0 0.0 0.0 0.0 0.0 0.0
5299 1972.9833984375 1475.9256591796875 9.480103402816852 0.0 0.0 0.0 0.0 0.0 0.0 0.0
5311 2025.14453125 1479.93798828125 7.755875906260201 0.0 0.0 0.0 0.0 0.0 0.0 0.0
5313 2077.305419921875 1479.93798828125 5.350213647864109 0.0 0.0 0.0 0.0 0.0 0.0 0.0
5318 2125.454345703125 1479.93798828125 3.6652628258386812 0.0 0.0 0.0 0.0 0.0 0.0 0.0
5329 2157.553466796875 1479.93798828125 2.7387725331689126 0.0 0.0 0.0 0.0 0.0 0.0 0.0
5333 2173.60302734375 1479.93798828125 2.320034839841327 0.0 0.0 0.0 0.0 0.0 0.0 0.0
5376 2165.578125 1479.93798828125 2.5411486350960217 0.0 0.0 0.0 0.0 0.0 0.0 0.0
5386 2153.541015625 1479.93798828125 2.9015174569852604 0.0 0.0 0.0 0.0 0.0 0.0 0.0
5398 2149.528564453125 1479.93798828125 3.024943662842901 0.0 0.0 0.0 0.0 0.0 0.0 0.0
5403 2141.50390625 1479.93798828125 3.2855709317142328 0.0 0.0 0.0 0.0 0.0 0.0 0.0
5414 2137.491455078125 1483.950439453125 4.976449107267328 0.0 0.0 0.0 0.0 0.0 0.0 0.0
5432 2137.491455078125 1487.9627685546875 6.486980500777705 0.0 0.0 0.0 0.0 0.0 0.0 0.0
5491 2133.47900390625 1487.9627685546875 6.70781639275674 0.0 0.0 0.0 0.0 0.0 0.0 0.0
5502 2117.429443359375 1487.9627685546875 7.695063627644487 0.0 0.0 0.0 0.0 0.0 0.0 0.0
5518 2105.392333984375 1487.9627685546875 8.498754788997246 0.0 0.0 0.0 0.0 0.0 0.0 0.0
5523 2085.330322265625 1487.9627685546875 10.039903998275008 0.0 0.0 0.0 0.0 0.0 0.0 0.0
5533 2061.255859375 1495.987548828125 15.68401674566806 0.0 0.0 0.0 0.0 0.0 0.0 0.0
5538 2033.169189453125 1500.0 21.247527030267662 0.0 0.0 0.0 0.0 0.0 0.0 0.0
5549 2017.11962890625 1504.012451171875 25.380423866149528 0.0 0.0 0.0 0.0 0.0 0.0 0.0
5563 2005.08251953125 1512.0372314453125 30.400275162730637 0.0 0.0 0.0 0.0 0.0 0.0 0.0
5618 2009.0947265625 1512.0372314453125 29.609438417406565 0.0 0.0 0.0 0.0 0.0 0.0 0.0
5624 2017.11962890625 1512.0372314453125 28.096943631525093 0.0 0.0 0.0 0.0 0.0 0.0 0.0
5628 2045.206298828125 1512.0372314453125 23.551022911454766 0.0 0.0 0.0 0.0 0.0 0.0 0.0
5639 2089.3427734375 1512.0372314453125 17.92832482696474 0.0 0.0 0.0 0.0 0.0 0.0 0.0
5649 2173.60302734375 1512.0372314453125 10.944526750847956 0.0 0.0 0.0 0.0 0.0 0.0 0.0
5655 2310.0244140625 1512.0372314453125 4.978228679041166 0.0 0.0 0.0 0.0 0.0 0.0 0.0
5665 2462.495361328125 1520.06201171875 3.176366816146995 0.0 0.0 0.0 0.0 0.0 0.0 0.0
5678 2610.953857421875 1520.06201171875 0.7986850807025263 0.0 0.0 0.0 0.0 0.0 0.0 0.0
5680 2747.375244140625 1520.06201171875 359.65192354124383 0.0 0.0 0.0 0.0 0.0 0.0 0.0
5686 2819.598388671875 1520.06201171875 359.2415246218327 0.0 0.0 0.0 0.0 0.0 0.0 0.0
5696 2875.77197265625 1520.06201171875 359.0089900286934 0.0 0.0 0.0 0.0 0.0 0.0 0.0
5710 2867.7470703125 1520.06201171875 359.0440990755509 0.0 0.0 0.0 0.0 0.0 0.0 0.0
5720 2851.697509765625 1516.049560546875 357.4151847318419 0.0 0.0 0.0 0.0 0.0 0.0 0.0
5724 2827.623291015625 1504.012451171875 351.81178501333955 0.0 0.0 0.0 0.0 0.0 0.0 0.0
5735 2799.536376953125 1500.0 348.46782202750785 0.0 0.0 0.0 0.0 0.0 0.0 0.0
5739 2767.437255859375 1491.9752197265625 342.10444564312996 0.0 0.0 0.0 0.0 0.0 0.0 0.0
5750 2743.36279296875 1487.9627685546875 337.3960314957303 0.0 0.0 0.0 0.0 0.0 0.0 0.0
5763 2731.32568359375 1483.950439453125 334.1228151779169 0.0 0.0 0.0 0.0 0.0 0.0 0.0
5826 2739.3505859375 1483.950439453125 335.3183814203112 0.0 0.0 0.0 0.0 0.0 0.0 0.0
5830 2747.375244140625 1487.9627685546875 337.8193233826888 0.0 0.0 0.0 0.0 0.0 0.0 0.0
5848 2751.3876953125 1491.9752197265625 339.7527773159951 0.0 0.0 0.0 0.0 0.0 0.0 0.0
5880 2755.400146484375 1487.9627685546875 338.8259052085483 0.0 0.0 0.0 0.0 0.0 0.0 0.0
5886 2755.400146484375 1475.9256591796875 334.6330709813421 0.0 0.0 0.0 0.0 0.0 0.0 0.0