0 2000.0 1500.0 0 0.0 0.0 0.0 0.0 0.0 0.0 0.0
56 2000.0 1495.93505859375 0.4322383023796874 0.0 0.0 0.0 0.0 0.0 0.0 0.0
72 2008.1297607421875 1487.805419921875 4.56174794594466 0.0 0.0 0.0 0.0 0.0 0.0 0.0
80 2016.2593994140625 1483.740478515625 8.301071997855558 0.0 0.0 0.0 0.0 0.0 0.0 0.0
87 2032.5189208984375 1475.61083984375 15.392237038158214 0.0 0.0 0.0 0.0 0.0 0.0 0.0
96 2040.6485595703125 1471.5460205078125 18.814575439247676 0.0 0.0 0.0 0.0 0.0 0.0 0.0
103 2044.7135009765625 1463.416259765625 20.23027841749081 0.0 0.0 0.0 0.0 0.0 0.0 0.0
112 2044.7135009765625 1459.3514404296875 20.05643832435868 0.0 0.0 0.0 0.0 0.0 0.0 0.0
128 2044.7135009765625 1455.2864990234375 19.887803857903748 0.0 0.0 0.0 0.0 0.0 0.0 0.0
135 2028.4539794921875 1455.2864990234375 12.740556613103479 0.0 0.0 0.0 0.0 0.0 0.0 0.0
144 1987.805419921875 1455.2864990234375 355.6128913388101 0.0 0.0 0.0 0.0 0.0 0.0 0.0
152 1939.0272216796875 1455.2864990234375 338.10991793901576 0.0 0.0 0.0 0.0 0.0 0.0 0.0
160 1894.313720703125 1455.2864990234375 325.20118957655234 0.0 0.0 0.0 0.0 0.0 0.0 0.0
168 1849.600341796875 1471.5460205078125 310.10892994141795 0.0 0.0 0.0 0.0 0.0 0.0 0.0
176 1804.8868408203125 1475.61083984375 302.3607836904393 0.0 0.0 0.0 0.0 0.0 0.0 0.0
184 1776.432861328125 1475.61083984375 299.1867350486317 0.0 0.0 0.0 0.0 0.0 0.0 0.0
192 1764.23828125 1475.61083984375 297.9398976575693 0.0 0.0 0.0 0.0 0.0 0.0 0.0
199 1756.108642578125 1475.61083984375 297.15622962708136 0.0 0.0 0.0 0.0 0.0 0.0 0.0
216 1756.108642578125 1463.416259765625 302.25598643426275 0.0 0.0 0.0 0.0 0.0 0.0 0.0
225 1756.108642578125 1455.2864990234375 305.58425396009545 0.0 0.0 0.0 0.0 0.0 0.0 0.0
231 1764.23828125 1447.1568603515625 310.35496226681823 0.0 0.0 0.0 0.0 0.0 0.0 0.0
241 1768.30322265625 1439.027099609375 314.3384169847076 0.0 0.0 0.0 0.0 0.0 0.0 0.0
248 1772.3680419921875 1439.027099609375 315.2511252138377 0.0 0.0 0.0 0.0 0.0 0.0 0.0
255 1772.3680419921875 1434.9622802734375 316.7584154998962 0.0 0.0 0.0 0.0 0.0 0.0 0.0
304 1776.432861328125 1434.9622802734375 317.7367195591909 0.0 0.0 0.0 0.0 0.0 0.0 0.0
311 1776.432861328125 1430.8973388671875 319.2020694287975 0.0 0.0 0.0 0.0 0.0 0.0 0.0
319 1780.497802734375 1430.8973388671875 320.2446673081712 0.0 0.0 0.0 0.0 0.0 0.0 0.0
328 1784.5626220703125 1426.83251953125 322.74965010775793 0.0 0.0 0.0 0.0 0.0 0.0 0.0
335 1796.7572021484375 1418.702880859375 329.0571243139599 0.0 0.0 0.0 0.0 0.0 0.0 0.0
344 1813.0166015625 1406.50830078125 338.00815060887624 0.0 0.0 0.0 0.0 0.0 0.0 0.0
352 1825.211181640625 1402.443359375 343.52117432200185 0.0 0.0 0.0 0.0 0.0 0.0 0.0
360 1845.535400390625 1390.248779296875 353.80500034669456 0.0 0.0 0.0 0.0 0.0 0.0 0.0
367 1853.6651611328125 1382.119140625 358.2299624198481 0.0 0.0 0.0 0.0 0.0 0.0 0.0
376 1861.794921875 1382.119140625 1.7101088856721844 0.0 0.0 0.0 0.0 0.0 0.0 0.0
383 1861.794921875 1373.9893798828125 2.452116265775146 0.0 0.0 0.0 0.0 0.0 0.0 0.0
392 1865.8597412109375 1373.9893798828125 4.206852956072453 0.0 0.0 0.0 0.0 0.0 0.0 0.0
512 1865.8597412109375 1369.924560546875 4.514809625510566 0.0 0.0 0.0 0.0 0.0 0.0 0.0
520 1873.989501953125 1369.924560546875 8.06084843531778 0.0 0.0 0.0 0.0 0.0 0.0 0.0
527 1882.119140625 1365.859619140625 11.710710531723805 0.0 0.0 0.0 0.0 0.0 0.0 0.0
536 1886.18408203125 1365.859619140625 13.493776976272443 0.0 0.0 0.0 0.0 0.0 0.0 0.0
543 1894.313720703125 1365.859619140625 17.058356056448645 0.0 0.0 0.0 0.0 0.0 0.0 0.0
552 1898.378662109375 1365.859619140625 18.8364622635724 0.0 0.0 0.0 0.0 0.0 0.0 0.0
576 1902.4434814453125 1365.859619140625 20.609480624676962 0.0 0.0 0.0 0.0 0.0 0.0 0.0
584 1906.50830078125 1365.859619140625 22.375743943315854 0.0 0.0 0.0 0.0 0.0 0.0 0.0
648 1914.6380615234375 1357.72998046875 25.214942426125276 0.0 0.0 0.0 0.0 0.0 0.0 0.0
656 1930.8974609375 1353.6651611328125 31.522635540474198 0.0 0.0 0.0 0.0 0.0 0.0 0.0
663 1955.28662109375 1345.535400390625 39.705809824593985 0.0 0.0 0.0 0.0 0.0 0.0 0.0
672 1979.67578125 1337.4056396484375 46.84810234909628 0.0 0.0 0.0 0.0 0.0 0.0 0.0
679 2008.1297607421875 1325.2110595703125 53.24081867345484 0.0 0.0 0.0 0.0 0.0 0.0 0.0
688 2032.5189208984375 1321.146240234375 59.54451943127333 0.0 0.0 0.0 0.0 0.0 0.0 0.0
695 2044.7135009765625 1317.0814208984375 61.85399056205807 0.0 0.0 0.0 0.0 0.0 0.0 0.0
704 2052.8431396484375 1313.0164794921875 62.8865451281265 0.0 0.0 0.0 0.0 0.0 0.0 0.0
736 2040.6485595703125 1317.0814208984375 60.451851982461335 0.0 0.0 0.0 0.0 0.0 0.0 0.0
743 2028.4539794921875 1325.2110595703125 59.15751784452482 0.0 0.0 0.0 0.0 0.0 0.0 0.0
751 2020.3243408203125 1325.2110595703125 56.50854721366204 0.0 0.0 0.0 0.0 0.0 0.0 0.0
784 2036.583740234375 1317.0814208984375 59.081101825265876 0.0 0.0 0.0 0.0 0.0 0.0 0.0
791 2065.0377197265625 1304.8868408203125 63.27759110723298 0.0 0.0 0.0 0.0 0.0 0.0 0.0
799 2097.5565185546875 1292.6922607421875 67.56700350892703 0.0 0.0 0.0 0.0 0.0 0.0 0.0
808 2121.9456787109375 1276.432861328125 68.15412436192878 0.0 0.0 0.0 0.0 0.0 0.0 0.0
815 2130.0755615234375 1272.367919921875 68.7854455531754 0.0 0.0 0.0 0.0 0.0 0.0 0.0
824 2130.0755615234375 1264.23828125 65.99241042973057 0.0 0.0 0.0 0.0 0.0 0.0 0.0
840 2117.8809814453125 1260.17333984375 61.01323996950674 0.0 0.0 0.0 0.0 0.0 0.0 0.0
848 2077.2322998046875 1260.17333984375 45.5589958108302 0.0 0.0 0.0 0.0 0.0 0.0 0.0
856 2040.6485595703125 1260.17333984375 29.896614066625148 0.0 0.0 0.0 0.0 0.0 0.0 0.0
863 2000.0 1260.17333984375 11.78615144443961 0.0 0.0 0.0 0.0 0.0 0.0 0.0
872 1971.5460205078125 1260.17333984375 359.63011559926616 0.0 0.0 0.0 0.0 0.0 0.0 0.0
880 1959.3514404296875 1260.17333984375 354.59309658642206 0.0 0.0 0.0 0.0 0.0 0.0 0.0
912 1975.61083984375 1252.043701171875 2.3384031388045514 0.0 0.0 0.0 0.0 0.0 0.0 0.0
919 2000.0 1247.9788818359375 13.138479773685674 0.0 0.0 0.0 0.0 0.0 0.0 0.0
927 2024.38916015625 1247.9788818359375 23.756555134950815 0.0 0.0 0.0 0.0 0.0 0.0 0.0
936 2040.6485595703125 1243.9139404296875 30.153675922228047 0.0 0.0 0.0 0.0 0.0 0.0 0.0
943 2048.7783203125 1243.9139404296875 33.526009428574014 0.0 0.0 0.0 0.0 0.0 0.0 0.0
976 2052.8431396484375 1243.9139404296875 35.19374342619443 0.0 0.0 0.0 0.0 0.0 0.0 0.0
991 2056.9080810546875 1243.9139404296875 36.84265704501462 0.0 0.0 0.0 0.0 0.0 0.0 0.0
1000 2065.0377197265625 1243.9139404296875 40.060270332180835 0.0 0.0 0.0 0.0 0.0 0.0 0.0
1007 2073.16748046875 1239.84912109375 42.37719319522654 0.0 0.0 0.0 0.0 0.0 0.0 0.0
1016 2081.2972412109375 1239.84912109375 45.43612996808497 0.0 0.0 0.0 0.0 0.0 0.0 0.0
1023 2101.6214599609375 1235.7843017578125 51.49065406158269 0.0 0.0 0.0 0.0 0.0 0.0 0.0
1032 2117.8809814453125 1235.7843017578125 56.772261474299796 0.0 0.0 0.0 0.0 0.0 0.0 0.0
1039 2130.0755615234375 1235.7843017578125 60.48872984871571 0.0 0.0 0.0 0.0 0.0 0.0 0.0
1048 2138.2052001953125 1235.7843017578125 62.85711280458776 0.0 0.0 0.0 0.0 0.0 0.0 0.0
1056 2142.2701416015625 1235.7843017578125 64.0139173329473 0.0 0.0 0.0 0.0 0.0 0.0 0.0
1087 2130.0755615234375 1243.9139404296875 63.16265960664725 0.0 0.0 0.0 0.0 0.0 0.0 0.0
1095 2101.6214599609375 1247.9788818359375 54.76821309437662 0.0 0.0 0.0 0.0 0.0 0.0 0.0
1103 2065.0377197265625 1252.043701171875 41.09366577276376 0.0 0.0 0.0 0.0 0.0 0.0 0.0
1112 2028.4539794921875 1252.043701171875 25.117330873747676 0.0 0.0 0.0 0.0 0.0 0.0 0.0
1119 1995.9351806640625 1252.043701171875 10.733049886621643 0.0 0.0 0.0 0.0 0.0 0.0 0.0
1127 1967.481201171875 1252.043701171875 358.635581200283 0.0 0.0 0.0 0.0 0.0 0.0 0.0
1135 1955.28662109375 1252.043701171875 353.6299100935579 0.0 0.0 0.0 0.0 0.0 0.0 0.0
1144 1947.1568603515625 1252.043701171875 350.37270236243063 0.0 0.0 0.0 0.0 0.0 0.0 0.0
1151 1943.092041015625 1252.043701171875 348.7658474297601 0.0 0.0 0.0 0.0 0.0 0.0 0.0
1160 1939.0272216796875 1252.043701171875 347.1809845056207 0.0 0.0 0.0 0.0 0.0 0.0 0.0
1183 1934.9622802734375 1252.043701171875 345.6189645873637 0.0 0.0 0.0 0.0 0.0 0.0 0.0
1192 1918.702880859375 1247.9788818359375 340.6767113137005 0.0 0.0 0.0 0.0 0.0 0.0 0.0
1199 1886.18408203125 1239.84912109375 332.43910619942665 0.0 0.0 0.0 0.0 0.0 0.0 0.0
1208 1841.4705810546875 1223.5897216796875 325.0680794097369 0.0 0.0 0.0 0.0 0.0 0.0 0.0
1216 1784.5626220703125 1215.4599609375 315.2904976577967 0.0 0.0 0.0 0.0 0.0 0.0 0.0
1224 1711.3951416015625 1199.2005615234375 308.63800108683336 0.0 0.0 0.0 0.0 0.0 0.0 0.0
1231 1650.42236328125 1191.07080078125 303.34755902697395 0.0 0.0 0.0 0.0 0.0 0.0 0.0
1240 1597.5792236328125 1182.941162109375 300.4071692396552 0.0 0.0 0.0 0.0 0.0 0.0 0.0
1247 1556.9306640625 1166.681640625 301.87617498011525 0.0 0.0 0.0 0.0 0.0 0.0 0.0
1256 1524.4117431640625 1154.487060546875 302.5358380621433 0.0 0.0 0.0 0.0 0.0 0.0 0.0
1263 1487.8280029296875 1138.2276611328125 303.91610161242846 0.0 0.0 0.0 0.0 0.0 0.0 0.0
1272 1451.2442626953125 1113.8385620117188 307.4873278252171 0.0 0.0 0.0 0.0 0.0 0.0 0.0
1280 1422.790283203125 1093.5142822265625 310.11981528853255 0.0 0.0 0.0 0.0 0.0 0.0 0.0
1288 1394.3363037109375 1073.18994140625 312.20131105526576 0.0 0.0 0.0 0.0 0.0 0.0 0.0
1295 1378.076904296875 1056.9305419921875 314.76157109810015 0.0 0.0 0.0 0.0 0.0 0.0 0.0
1303 1357.7525634765625 1036.6062622070312 317.3975087242952 0.0 0.0 0.0 0.0 0.0 0.0 0.0
1312 1341.4931640625 1024.4116821289062 317.9269335326031 0.0 0.0 0.0 0.0 0.0 0.0 0.0
1319 1325.2337646484375 1012.2171020507812 318.38516076231133 0.0 0.0 0.0 0.0 0.0 0.0 0.0
1408 1321.1689453125 1012.2171020507812 317.41526889962904 0.0 0.0 0.0 0.0 0.0 0.0 0.0
1416 1317.10400390625 1012.2171020507812 316.47014262566154 0.0 0.0 0.0 0.0 0.0 0.0 0.0
1423 1308.974365234375 1012.2171020507812 314.6753699035444 0.0 0.0 0.0 0.0 0.0 0.0 0.0
1432 1284.585205078125 1012.2171020507812 310.04989489990476 0.0 0.0 0.0 0.0 0.0 0.0 0.0
1439 1272.390625 1016.281982421875 306.39544933211494 0.0 0.0 0.0 0.0 0.0 0.0 0.0
1448 1260.196044921875 1024.4116821289062 301.41825198589925 0.0 0.0 0.0 0.0 0.0 0.0 0.0
1455 1248.00146484375 1028.4765625 298.3980613856862 0.0 0.0 0.0 0.0 0.0 0.0 0.0
1464 1235.806884765625 1032.5413818359375 295.6131535209371 0.0 0.0 0.0 0.0 0.0 0.0 0.0
1471 1227.6771240234375 1036.6062622070312 293.30265523172295 0.0 0.0 0.0 0.0 0.0 0.0 0.0
1480 1219.5474853515625 1036.6062622070312 292.78633047876883 0.0 0.0 0.0 0.0 0.0 0.0 0.0
1487 1215.482666015625 1040.6710815429688 290.8165531995353 0.0 0.0 0.0 0.0 0.0 0.0 0.0
1496 1207.3529052734375 1040.6710815429688 290.4448438411595 0.0 0.0 0.0 0.0 0.0 0.0 0.0
1552 1223.6123046875 1040.6710815429688 291.2932525306079 0.0 0.0 0.0 0.0 0.0 0.0 0.0
1560 1256.1312255859375 1048.8008422851562 288.82108414751207 0.0 0.0 0.0 0.0 0.0 0.0 0.0
1567 1296.77978515625 1060.9954223632812 283.0132756752232 0.0 0.0 0.0 0.0 0.0 0.0 0.0
1576 1325.2337646484375 1060.9954223632812 282.6100484154928 0.0 0.0 0.0 0.0 0.0 0.0 0.0
1583 1337.4283447265625 1060.9954223632812 282.41943871348315 0.0 0.0 0.0 0.0 0.0 0.0 0.0
1591 1341.4931640625 1060.9954223632812 282.3538730320517 0.0 0.0 0.0 0.0 0.0 0.0 0.0
1640 1345.5579833984375 1060.9954223632812 282.2862135007804 0.0 0.0 0.0 0.0 0.0 0.0 0.0
1647 1349.6229248046875 1060.9954223632812 282.2163664742825 0.0 0.0 0.0 0.0 0.0 0.0 0.0
1655 1369.9471435546875 1060.9954223632812 281.80284636833966 0.0 0.0 0.0 0.0 0.0 0.0 0.0
1664 1410.595703125 1060.9954223632812 280.6029240228739 0.0 0.0 0.0 0.0 0.0 0.0 0.0
1672 1447.179443359375 1060.9954223632812 279.1046711360547 0.0 0.0 0.0 0.0 0.0 0.0 0.0
1680 1487.8280029296875 1052.8656616210938 281.8582170080223 0.0 0.0 0.0 0.0 0.0 0.0 0.0
1687 1512.2171630859375 1048.8008422851562 283.4527777639091 0.0 0.0 0.0 0.0 0.0 0.0 0.0
1696 1528.4765625 1044.7359619140625 285.34601852145704 0.0 0.0 0.0 0.0 0.0 0.0 0.0
1703 1536.6063232421875 1040.6710815429688 287.30403595142536 0.0 0.0 0.0 0.0 0.0 0.0 0.0
1760 1540.671142578125 1040.6710815429688 287.3953043311608 0.0 0.0 0.0 0.0 0.0 0.0 0.0
1767 1552.86572265625 1036.6062622070312 289.65578363748796 0.0 0.0 0.0 0.0 0.0 0.0 0.0
1775 1581.3197021484375 1036.6062622070312 291.09845445959263 0.0 0.0 0.0 0.0 0.0 0.0 0.0
1784 1605.7088623046875 1036.6062622070312 292.616047307724 0.0 0.0 0.0 0.0 0.0 0.0 0.0
1791 1642.2926025390625 1036.6062622070312 295.76214794114964 0.0 0.0 0.0 0.0 0.0 0.0 0.0
1800 1662.616943359375 1036.6062622070312 297.82273592995386 0.0 0.0 0.0 0.0 0.0 0.0 0.0
1807 1682.941162109375 1032.5413818359375 302.2481464833541 0.0 0.0 0.0 0.0 0.0 0.0 0.0
1816 1691.0709228515625 1032.5413818359375 303.4059006282977 0.0 0.0 0.0 0.0 0.0 0.0 0.0
1823 1695.1357421875 1032.5413818359375 304.00229355700696 0.0 0.0 0.0 0.0 0.0 0.0 0.0
1831 1699.2005615234375 1032.5413818359375 304.6166462234187 0.0 0.0 0.0 0.0 0.0 0.0 0.0
1880 1703.2655029296875 1032.5413818359375 305.24944843306423 0.0 0.0 0.0 0.0 0.0 0.0 0.0
1887 1707.330322265625 1032.5413818359375 305.90116898215933 0.0 0.0 0.0 0.0 0.0 0.0 0.0
1895 1719.52490234375 1032.5413818359375 308.04140516823355 0.0 0.0 0.0 0.0 0.0 0.0 0.0
1904 1731.719482421875 1028.4765625 312.1060849918972 0.0 0.0 0.0 0.0 0.0 0.0 0.0
1911 1752.043701171875 1028.4765625 316.89257407487946 0.0 0.0 0.0 0.0 0.0 0.0 0.0
1920 1768.30322265625 1028.4765625 321.1584757675263 0.0 0.0 0.0 0.0 0.0 0.0 0.0
1927 1792.6922607421875 1028.4765625 328.63419218265744 0.0 0.0 0.0 0.0 0.0 0.0 0.0
1936 1808.9517822265625 1032.5413818359375 332.7785198588096 0.0 0.0 0.0 0.0 0.0 0.0 0.0
1943 1813.0166015625 1032.5413818359375 334.1380238875406 0.0 0.0 0.0 0.0 0.0 0.0 0.0
1951 1817.0814208984375 1032.5413818359375 335.52501563064584 0.0 0.0 0.0 0.0 0.0 0.0 0.0
1959 1821.1463623046875 1032.5413818359375 336.9392994043946 0.0 0.0 0.0 0.0 0.0 0.0 0.0
2024 1829.2760009765625 1028.4765625 340.8996038405493 0.0 0.0 0.0 0.0 0.0 0.0 0.0
2031 1841.4705810546875 1024.4116821289062 346.4683880683381 0.0 0.0 0.0 0.0 0.0 0.0 0.0
2039 1857.72998046875 1012.2171020507812 355.00623990584035 0.0 0.0 0.0 0.0 0.0 0.0 0.0
2048 1878.0543212890625 1004.08740234375 4.448078173881925 0.0 0.0 0.0 0.0 0.0 0.0 0.0
2056 1886.18408203125 1000.0225219726562 8.190140099056407 0.0 0.0 0.0 0.0 0.0 0.0 0.0
2064 1894.313720703125 991.892822265625 11.913689299203156 0.0 0.0 0.0 0.0 0.0 0.0 0.0
2071 1902.4434814453125 991.892822265625 15.481437106054898 0.0 0.0 0.0 0.0 0.0 0.0 0.0
2136 1906.50830078125 991.892822265625 17.26256765838724 0.0 0.0 0.0 0.0 0.0 0.0 0.0
2143 1910.5731201171875 987.8279418945312 18.902359311666714 0.0 0.0 0.0 0.0 0.0 0.0 0.0
2151 1930.8974609375 983.7631225585938 27.231978643650507 0.0 0.0 0.0 0.0 0.0 0.0 0.0
2160 1959.3514404296875 975.6334228515625 37.39055190644825 0.0 0.0 0.0 0.0 0.0 0.0 0.0
2167 1991.870361328125 963.4388427734375 46.65242950625026 0.0 0.0 0.0 0.0 0.0 0.0 0.0
2176 2020.3243408203125 955.30908203125 54.02345004447869 0.0 0.0 0.0 0.0 0.0 0.0 0.0
2183 2040.6485595703125 947.1793823242188 58.02848976809349 0.0 0.0 0.0 0.0 0.0 0.0 0.0
2191 2044.7135009765625 943.1145629882812 58.08892772631117 0.0 0.0 0.0 0.0 0.0 0.0 0.0
2216 2040.6485595703125 947.1793823242188 58.025697292464315 0.0 0.0 0.0 0.0 0.0 0.0 0.0
2224 2028.4539794921875 959.3739624023438 57.807324979092584 0.0 0.0 0.0 0.0 0.0 0.0 0.0
2231 2004.06494140625 971.5685424804688 52.7107960897747 0.0 0.0 0.0 0.0 0.0 0.0 0.0
2239 1991.870361328125 979.6982421875 50.480897455306035 0.0 0.0 0.0 0.0 0.0 0.0 0.0
2247 1991.870361328125 987.8279418945312 52.6879521577477 0.0 0.0 0.0 0.0 0.0 0.0 0.0
2263 2004.06494140625 987.8279418945312 56.6541070604581 0.0 0.0 0.0 0.0 0.0 0.0 0.0
2272 2048.7783203125 987.8279418945312 68.30548861680228 0.0 0.0 0.0 0.0 0.0 0.0 0.0
2279 2130.0755615234375 975.6334228515625 78.91690409755734 0.0 0.0 0.0 0.0 0.0 0.0 0.0
2288 2203.2427978515625 967.503662109375 85.81561910767539 0.0 0.0 0.0 0.0 0.0 0.0 0.0
2295 2312.9940185546875 947.1793823242188 89.5723857267779 0.0 0.0 0.0 0.0 0.0 0.0 0.0
2305 2365.8372802734375 943.1145629882812 92.59516859749544 0.0 0.0 0.0 0.0 0.0 0.0 0.0
2311 2394.2911376953125 939.0496826171875 93.26874345080796 0.0 0.0 0.0 0.0 0.0 0.0 0.0
2336 2382.0965576171875 939.0496826171875 92.12592420497998 0.0 0.0 0.0 0.0 0.0 0.0 0.0
2343 2341.4481201171875 951.2442626953125 94.22005123808424 0.0 0.0 0.0 0.0 0.0 0.0 0.0
2351 2308.9290771484375 959.3739624023438 95.52780524764216 0.0 0.0 0.0 0.0 0.0 0.0 0.0
2360 2276.4102783203125 971.5685424804688 99.67028293200462 0.0 0.0 0.0 0.0 0.0 0.0 0.0
2384 2280.4752197265625 967.503662109375 98.09578615307714 0.0 0.0 0.0 0.0 0.0 0.0 0.0
2392 2312.9940185546875 951.2442626953125 93.7382297799025 0.0 0.0 0.0 0.0 0.0 0.0 0.0
2399 2365.8372802734375 934.9848022460938 91.84216857066946 0.0 0.0 0.0 0.0 0.0 0.0 0.0
2408 2430.8748779296875 914.6605224609375 90.21940403082283 0.0 0.0 0.0 0.0 0.0 0.0 0.0
2415 2495.9124755859375 898.401123046875 90.28921837109885 0.0 0.0 0.0 0.0 0.0 0.0 0.0
2424 2536.5611572265625 882.1416625976562 88.37619720466944 0.0 0.0 0.0 0.0 0.0 0.0 0.0
2431 2569.0799560546875 865.8822631835938 86.1000261481496 0.0 0.0 0.0 0.0 0.0 0.0 0.0
2440 2573.1448974609375 857.7525634765625 83.41148226522557 0.0 0.0 0.0 0.0 0.0 0.0 0.0
2447 2573.1448974609375 853.6876831054688 81.76630447595386 0.0 0.0 0.0 0.0 0.0 0.0 0.0
2496 2577.2098388671875 853.6876831054688 82.43499799818414 0.0 0.0 0.0 0.0 0.0 0.0 0.0
2503 2589.4044189453125 853.6876831054688 84.28062202043577 0.0 0.0 0.0 0.0 0.0 0.0 0.0
2511 2609.7286376953125 857.7525634765625 88.45624355487791 0.0 0.0 0.0 0.0 0.0 0.0 0.0
2520 2642.2474365234375 861.8173828125 93.03464651817427 0.0 0.0 0.0 0.0 0.0 0.0 0.0
2527 2662.5716552734375 865.8822631835938 96.09697140569494 0.0 0.0 0.0 0.0 0.0 0.0 0.0
2536 2674.7662353515625 865.8822631835938 96.80925169317982 0.0 0.0 0.0 0.0 0.0 0.0 0.0
2543 2682.8961181640625 865.8822631835938 97.25651415535287 0.0 0.0 0.0 0.0 0.0 0.0 0.0
2568 2686.9608154296875 865.8822631835938 97.47343435827156 0.0 0.0 0.0 0.0 0.0 0.0 0.0
2586 2695.0906982421875 865.8822631835938 97.88203006491221 0.0 0.0 0.0 0.0 0.0 0.0 0.0
2592 2707.2852783203125 865.8822631835938 98.442876121263 0.0 0.0 0.0 0.0 0.0 0.0 0.0
2600 2723.5445556640625 865.8822631835938 99.10826332448977 0.0 0.0 0.0 0.0 0.0 0.0 0.0
2608 2743.8687744140625 865.8822631835938 99.82837661544141 0.0 0.0 0.0 0.0 0.0 0.0 0.0
2615 2768.2579345703125 865.8822631835938 100.55687710377896 0.0 0.0 0.0 0.0 0.0 0.0 0.0
2624 2780.4525146484375 865.8822631835938 100.89007012360315 0.0 0.0 0.0 0.0 0.0 0.0 0.0
2631 2784.5174560546875 865.8822631835938 100.99778390696952 0.0 0.0 0.0 0.0 0.0 0.0 0.0
2696 2788.5823974609375 865.8822631835938 101.1022535262295 0.0 0.0 0.0 0.0 0.0 0.0 0.0
2703 2792.6470947265625 861.8173828125 99.48058720051046 0.0 0.0 0.0 0.0 0.0 0.0 0.0
2711 2800.7769775390625 857.7525634765625 98.10337176758895 0.0 0.0 0.0 0.0 0.0 0.0 0.0
2720 2817.0362548828125 857.7525634765625 98.8061810585142 0.0 0.0 0.0 0.0 0.0 0.0 0.0
2727 2833.2957763671875 849.622802734375 96.28940093055292 0.0 0.0 0.0 0.0 0.0 0.0 0.0
2735 2841.4254150390625 841.4931030273438 93.46777995455398 0.0 0.0 0.0 0.0 0.0 0.0 0.0
2743 2845.4903564453125 841.4931030273438 93.79772812384084 0.0 0.0 0.0 0.0 0.0 0.0 0.0
2751 2845.4903564453125 837.4282836914062 92.05613837792998 0.0 0.0 0.0 0.0 0.0 0.0 0.0
2776 2849.5550537109375 837.4282836914062 92.42784576927284 0.0 0.0 0.0 0.0 0.0 0.0 0.0
2784 2849.5550537109375 829.2985229492188 88.98902032537939 0.0 0.0 0.0 0.0 0.0 0.0 0.0
2791 2861.7496337890625 817.1039428710938 85.64881980666553 0.0 0.0 0.0 0.0 0.0 0.0 0.0
2800 2882.0740966796875 800.8445434570312 82.3880842175522 0.0 0.0 0.0 0.0 0.0 0.0 0.0
2807 2910.5279541015625 776.4553833007812 78.28860500175506 0.0 0.0 0.0 0.0 0.0 0.0 0.0
2816 2959.3062744140625 748.0014038085938 77.05635416389532 0.0 0.0 0.0 0.0 0.0 0.0 0.0
2823 2999.9549560546875 723.6122436523438 76.10899952481407 0.0 0.0 0.0 0.0 0.0 0.0 0.0
2832 3028.4088134765625 699.2230834960938 73.38718336050908 0.0 0.0 0.0 0.0 0.0 0.0 0.0
2839 3044.6683349609375 687.028564453125 72.60773089220606 0.0 0.0 0.0 0.0 0.0 0.0 0.0
2849 3048.7332763671875 674.833984375 69.26264064012713 0.0 0.0 0.0 0.0 0.0 0.0 0.0
2855 3048.7332763671875 670.7691040039062 67.83162472561531 0.0 0.0 0.0 0.0 0.0 0.0 0.0
2863 3032.4737548828125 666.7042846679688 61.66607958078873 0.0 0.0 0.0 0.0 0.0 0.0 0.0
2872 2987.7603759765625 666.7042846679688 44.41305181316636 0.0 0.0 0.0 0.0 0.0 0.0 0.0
2880 2938.9820556640625 666.7042846679688 22.725197429121067 0.0 0.0 0.0 0.0 0.0 0.0 0.0
2888 2882.0740966796875 682.9636840820312 355.8149470087699 0.0 0.0 0.0 0.0 0.0 0.0 0.0
2896 2825.1661376953125 695.1582641601562 332.9726457876086 0.0 0.0 0.0 0.0 0.0 0.0 0.0
2904 2768.2579345703125 711.4176635742188 314.09221512478257 0.0 0.0 0.0 0.0 0.0 0.0 0.0
2911 2719.4798583984375 727.6771240234375 301.0395031233246 0.0 0.0 0.0 0.0 0.0 0.0 0.0
2919 2682.8961181640625 739.8717041015625 293.27203260141476 0.0 0.0 0.0 0.0 0.0 0.0 0.0
2927 2654.4420166015625 748.0014038085938 288.7732111920549 0.0 0.0 0.0 0.0 0.0 0.0 0.0
2935 2634.1177978515625 760.1959838867188 283.55827660817647 0.0 0.0 0.0 0.0 0.0 0.0 0.0
2943 2621.9232177734375 764.2608032226562 282.00594585949784 0.0 0.0 0.0 0.0 0.0 0.0 0.0
2952 2617.8582763671875 772.3905639648438 278.63736362477505 0.0 0.0 0.0 0.0 0.0 0.0 0.0
2959 2609.7286376953125 772.3905639648438 278.97810232030474 0.0 0.0 0.0 0.0 0.0 0.0 0.0
2968 2605.6636962890625 772.3905639648438 279.1433589634842 0.0 0.0 0.0 0.0 0.0 0.0 0.0
2975 2597.5340576171875 776.4553833007812 277.7868468932119 0.0 0.0 0.0 0.0 0.0 0.0 0.0
2984 2593.4691162109375 776.4553833007812 277.9878509476785 0.0 0.0 0.0 0.0 0.0 0.0 0.0
2991 2581.2745361328125 780.520263671875 276.92205305290713 0.0 0.0 0.0 0.0 0.0 0.0 0.0
2999 2556.8853759765625 780.520263671875 278.106298641389 0.0 0.0 0.0 0.0 0.0 0.0 0.0
3007 2524.3665771484375 780.520263671875 279.37181491286583 0.0 0.0 0.0 0.0 0.0 0.0 0.0
3016 2491.8477783203125 780.520263671875 280.385694843227 0.0 0.0 0.0 0.0 0.0 0.0 0.0
3023 2459.3289794921875 780.520263671875 281.19776342936564 0.0 0.0 0.0 0.0 0.0 0.0 0.0
3032 2430.8748779296875 780.520263671875 281.7813755378205 0.0 0.0 0.0 0.0 0.0 0.0 0.0
3039 2402.4207763671875 780.520263671875 282.2606719085015 0.0 0.0 0.0 0.0 0.0 0.0 0.0
3048 2373.9669189453125 780.520263671875 282.6542859108483 0.0 0.0 0.0 0.0 0.0 0.0 0.0
3056 2353.6427001953125 780.520263671875 282.897591252136 0.0 0.0 0.0 0.0 0.0 0.0 0.0
3063 2325.1885986328125 780.520263671875 283.1773036330474 0.0 0.0 0.0 0.0 0.0 0.0 0.0
3072 2296.7344970703125 780.520263671875 283.4069992902435 0.0 0.0 0.0 0.0 0.0 0.0 0.0
3080 2264.2156982421875 780.520263671875 283.6171896686614 0.0 0.0 0.0 0.0 0.0 0.0 0.0
3087 2215.4373779296875 788.6499633789062 281.2534890695634 0.0 0.0 0.0 0.0 0.0 0.0 0.0
3096 2154.4647216796875 796.7796630859375 279.8494300288328 0.0 0.0 0.0 0.0 0.0 0.0 0.0
3104 2069.1026611328125 808.9742431640625 278.4506325450211 0.0 0.0 0.0 0.0 0.0 0.0 0.0
3111 1967.481201171875 833.3634033203125 275.1244390378432 0.0 0.0 0.0 0.0 0.0 0.0 0.0
3119 1878.0543212890625 865.8822631835938 270.6399706436473 0.0 0.0 0.0 0.0 0.0 0.0 0.0
3127 1760.1734619140625 914.6605224609375 266.36223553196925 0.0 0.0 0.0 0.0 0.0 0.0 0.0
3135 1678.8763427734375 943.1145629882812 265.8890486503493 0.0 0.0 0.0 0.0 0.0 0.0 0.0
3143 1565.060302734375 967.503662109375 268.9412088691562 0.0 0.0 0.0 0.0 0.0 0.0 0.0
3151 1495.957763671875 991.892822265625 267.5327039747933 0.0 0.0 0.0 0.0 0.0 0.0 0.0
3159 1418.7254638671875 1008.1522827148438 269.4306617060431 0.0 0.0 0.0 0.0 0.0 0.0 0.0
3168 1374.0120849609375 1012.2171020507812 271.9422866625199 0.0 0.0 0.0 0.0 0.0 0.0 0.0
3175 1329.298583984375 1020.3468017578125 272.51380698835266 0.0 0.0 0.0 0.0 0.0 0.0 0.0
3183 1296.77978515625 1024.4116821289062 273.48049994831024 0.0 0.0 0.0 0.0 0.0 0.0 0.0
3191 1260.196044921875 1024.4116821289062 275.8765816047945 0.0 0.0 0.0 0.0 0.0 0.0 0.0
3199 1239.8717041015625 1024.4116821289062 277.0297633684892 0.0 0.0 0.0 0.0 0.0 0.0 0.0
3207 1215.482666015625 1024.4116821289062 278.19714165579796 0.0 0.0 0.0 0.0 0.0 0.0 0.0
3215 1203.2880859375 1028.4765625 277.11290036280997 0.0 0.0 0.0 0.0 0.0 0.0 0.0
3223 1178.89892578125 1032.5413818359375 276.77653993088666 0.0 0.0 0.0 0.0 0.0 0.0 0.0
3232 1162.6395263671875 1036.6062622070312 276.0553005992424 0.0 0.0 0.0 0.0 0.0 0.0 0.0
3239 1134.1854248046875 1036.6062622070312 277.5560592737975 0.0 0.0 0.0 0.0 0.0 0.0 0.0
3248 1101.6666259765625 1040.6710815429688 277.5120317897621 0.0 0.0 0.0 0.0 0.0 0.0 0.0
3255 1073.212646484375 1040.6710815429688 278.7534586742313 0.0 0.0 0.0 0.0 0.0 0.0 0.0
3264 1044.7586059570312 1040.6710815429688 279.7735579369747 0.0 0.0 0.0 0.0 0.0 0.0 0.0
3271 1028.4992065429688 1032.5413818359375 283.46549930218055 0.0 0.0 0.0 0.0 0.0 0.0 0.0
3281 1020.3694458007812 1028.4765625 285.2024547845068 0.0 0.0 0.0 0.0 0.0 0.0 0.0
3287 1020.3694458007812 1020.3468017578125 288.7606860057425 0.0 0.0 0.0 0.0 0.0 0.0 0.0
3296 1016.3046264648438 1012.2171020507812 292.06134366565726 0.0 0.0 0.0 0.0 0.0 0.0 0.0
3304 1016.3046264648438 1004.08740234375 295.5627498798392 0.0 0.0 0.0 0.0 0.0 0.0 0.0
3311 1016.3046264648438 995.9577026367188 299.0163511432254 0.0 0.0 0.0 0.0 0.0 0.0 0.0
3320 1016.3046264648438 987.8279418945312 302.41076144368066 0.0 0.0 0.0 0.0 0.0 0.0 0.0
3335 1016.3046264648438 983.7631225585938 304.0903669035969 0.0 0.0 0.0 0.0 0.0 0.0 0.0
3351 1008.1749267578125 979.6982421875 304.5407404713004 0.0 0.0 0.0 0.0 0.0 0.0 0.0
3359 967.5263061523438 967.503662109375 303.7120702268555 0.0 0.0 0.0 0.0 0.0 0.0 0.0
3368 926.8777465820312 963.4388427734375 300.4983676021095 0.0 0.0 0.0 0.0 0.0 0.0 0.0
3375 898.4237670898438 959.3739624023438 299.0747241627349 0.0 0.0 0.0 0.0 0.0 0.0 0.0
3383 890.2940673828125 955.30908203125 299.8477052138031 0.0 0.0 0.0 0.0 0.0 0.0 0.0
3391 890.2940673828125 951.2442626953125 301.552201909313 0.0 0.0 0.0 0.0 0.0 0.0 0.0
3407 890.2940673828125 943.1145629882812 304.8956831811761 0.0 0.0 0.0 0.0 0.0 0.0 0.0
3415 902.4885864257812 926.8551025390625 313.7684544866119 0.0 0.0 0.0 0.0 0.0 0.0 0.0
3423 922.8129272460938 910.595703125 325.0579110845781 0.0 0.0 0.0 0.0 0.0 0.0 0.0
3432 939.0723266601562 898.401123046875 333.9913816816601 0.0 0.0 0.0 0.0 0.0 0.0 0.0
3439 951.2669067382812 894.3362426757812 339.40202780912045 0.0 0.0 0.0 0.0 0.0 0.0 0.0
3448 951.2669067382812 890.2714233398438 340.4006779846349 0.0 0.0 0.0 0.0 0.0 0.0 0.0
3455 951.2669067382812 886.20654296875 341.3740796153277 0.0 0.0 0.0 0.0 0.0 0.0 0.0
3465 947.2020263671875 882.1416625976562 340.87510481404075 0.0 0.0 0.0 0.0 0.0 0.0 0.0
3471 930.942626953125 882.1416625976562 335.33393188714194 0.0 0.0 0.0 0.0 0.0 0.0 0.0
3480 914.6831665039062 878.0768432617188 331.3434184114285 0.0 0.0 0.0 0.0 0.0 0.0 0.0
3487 898.4237670898438 878.0768432617188 326.5568417605747 0.0 0.0 0.0 0.0 0.0 0.0 0.0
3496 890.2940673828125 874.011962890625 325.5565660615075 0.0 0.0 0.0 0.0 0.0 0.0 0.0
3504 886.2291870117188 874.011962890625 324.4115919655866 0.0 0.0 0.0 0.0 0.0 0.0 0.0
3511 886.2291870117188 869.9470825195312 325.75141290581024 0.0 0.0 0.0 0.0 0.0 0.0 0.0
3519 886.2291870117188 865.8822631835938 327.06389133447743 0.0 0.0 0.0 0.0 0.0 0.0 0.0
3527 886.2291870117188 857.7525634765625 329.5809529267023 0.0 0.0 0.0 0.0 0.0 0.0 0.0
3535 898.4237670898438 845.5579833984375 337.09994974520447 0.0 0.0 0.0 0.0 0.0 0.0 0.0
3543 906.553466796875 837.4282836914062 342.0282130425248 0.0 0.0 0.0 0.0 0.0 0.0 0.0
3551 914.6831665039062 833.3634033203125 346.016140337267 0.0 0.0 0.0 0.0 0.0 0.0 0.0
3559 918.748046875 821.1688232421875 349.8665087381793 0.0 0.0 0.0 0.0 0.0 0.0 0.0
3568 922.8129272460938 817.1039428710938 352.1928335372352 0.0 0.0 0.0 0.0 0.0 0.0 0.0
3575 926.8777465820312 813.0391235351562 354.4783653721868 0.0 0.0 0.0 0.0 0.0 0.0 0.0
3584 926.8777465820312 808.9742431640625 355.0703446583406 0.0 0.0 0.0 0.0 0.0 0.0 0.0
3591 926.8777465820312 800.8445434570312 356.18850918943497 0.0 0.0 0.0 0.0 0.0 0.0 0.0
3599 935.0074462890625 796.7796630859375 0.08845276488102627 0.0 0.0 0.0 0.0 0.0 0.0 0.0
3607 939.0723266601562 784.5850830078125 2.907780264398184 0.0 0.0 0.0 0.0 0.0 0.0 0.0
3615 951.2669067382812 776.4553833007812 8.602180763087631 0.0 0.0 0.0 0.0 0.0 0.0 0.0
3623 967.5263061523438 764.2608032226562 15.640228152031227 0.0 0.0 0.0 0.0 0.0 0.0 0.0
3632 987.8505859375 752.0662841796875 23.616289379584714 0.0 0.0 0.0 0.0 0.0 0.0 0.0
3639 1008.1749267578125 735.8068237304688 30.266607438969174 0.0 0.0 0.0 0.0 0.0 0.0 0.0
3648 1032.5640258789062 723.6122436523438 37.966628965075415 0.0 0.0 0.0 0.0 0.0 0.0 0.0
3655 1048.823486328125 711.4176635742188 41.84251202475588 0.0 0.0 0.0 0.0 0.0 0.0 0.0
3665 1065.0828857421875 703.2879638671875 46.05321153857733 0.0 0.0 0.0 0.0 0.0 0.0 0.0
3671 1081.34228515625 691.0933837890625 48.90991577123776 0.0 0.0 0.0 0.0 0.0 0.0 0.0
3680 1097.601806640625 678.8988037109375 51.39709638163754 0.0 0.0 0.0 0.0 0.0 0.0 0.0
3687 1113.8612060546875 670.7691040039062 54.55763293297014 0.0 0.0 0.0 0.0 0.0 0.0 0.0
3696 1130.12060546875 666.7042846679688 58.453251360947434 0.0 0.0 0.0 0.0 0.0 0.0 0.0
3704 1146.3800048828125 658.5745239257812 60.79823256083375 0.0 0.0 0.0 0.0 0.0 0.0 0.0
3711 1166.704345703125 654.5097045898438 65.08038748896723 0.0 0.0 0.0 0.0 0.0 0.0 0.0
3719 1174.833984375 650.44482421875 65.90848675449092 0.0 0.0 0.0 0.0 0.0 0.0 0.0
3727 1182.9637451171875 646.3799438476562 66.68376651894869 0.0 0.0 0.0 0.0 0.0 0.0 0.0
3735 1187.028564453125 646.3799438476562 67.74966415530832 0.0 0.0 0.0 0.0 0.0 0.0 0.0
3800 1187.028564453125 642.3151245117188 66.3467371958871 0.0 0.0 0.0 0.0 0.0 0.0 0.0
3807 1191.093505859375 642.3151245117188 67.42084858119426 0.0 0.0 0.0 0.0 0.0 0.0 0.0
3815 1199.22314453125 638.250244140625 68.09925402648531 0.0 0.0 0.0 0.0 0.0 0.0 0.0
3823 1207.3529052734375 634.1853942871094 68.73411016861996 0.0 0.0 0.0 0.0 0.0 0.0 0.0
3831 1219.5474853515625 630.1205444335938 70.26577517004398 0.0 0.0 0.0 0.0 0.0 0.0 0.0
3839 1235.806884765625 626.0556945800781 72.52581053026398 0.0 0.0 0.0 0.0 0.0 0.0 0.0
3847 1248.00146484375 621.9908142089844 73.72697972467478 0.0 0.0 0.0 0.0 0.0 0.0 0.0
3855 1256.1312255859375 621.9908142089844 75.45635650520961 0.0 0.0 0.0 0.0 0.0 0.0 0.0
3863 1260.196044921875 617.9259643554688 74.78978527772011 0.0 0.0 0.0 0.0 0.0 0.0 0.0
3871 1264.2608642578125 617.9259643554688 75.64910439683229 0.0 0.0 0.0 0.0 0.0 0.0 0.0
3879 1268.3258056640625 617.9259643554688 76.48555496003377 0.0 0.0 0.0 0.0 0.0 0.0 0.0
3888 1272.390625 617.9259643554688 77.29952159137042 0.0 0.0 0.0 0.0 0.0 0.0 0.0
3895 1280.520263671875 617.9259643554688 78.8416186421083 0.0 0.0 0.0 0.0 0.0 0.0 0.0
3903 1300.8446044921875 613.8611145019531 80.78852569570728 0.0 0.0 0.0 0.0 0.0 0.0 0.0
3911 1337.4283447265625 609.7962646484375 84.57349830380429 0.0 0.0 0.0 0.0 0.0 0.0 0.0
3919 1369.9471435546875 605.7314147949219 87.12318647995284 0.0 0.0 0.0 0.0 0.0 0.0 0.0
3927 1410.595703125 601.6665344238281 89.88568939431343 0.0 0.0 0.0 0.0 0.0 0.0 0.0
3936 1443.1146240234375 597.6016845703125 91.37806926130048 0.0 0.0 0.0 0.0 0.0 0.0 0.0
3943 1471.568603515625 597.6016845703125 93.70753555775718 0.0 0.0 0.0 0.0 0.0 0.0 0.0
3952 1475.6334228515625 597.6016845703125 94.03034650319228 0.0 0.0 0.0 0.0 0.0 0.0 0.0
3975 1475.6334228515625 601.6665344238281 95.79324623182174 0.0 0.0 0.0 0.0 0.0 0.0 0.0
3984 1467.5037841796875 609.7962646484375 99.00570051957243 0.0 0.0 0.0 0.0 0.0 0.0 0.0
3991 1459.3740234375 626.0556945800781 106.26577396665112 0.0 0.0 0.0 0.0 0.0 0.0 0.0
4000 1451.2442626953125 638.250244140625 112.04851924505655 0.0 0.0 0.0 0.0 0.0 0.0 0.0
4007 1447.179443359375 646.3799438476562 115.90014839548684 0.0 0.0 0.0 0.0 0.0 0.0 0.0
4023 1451.2442626953125 654.5097045898438 118.90987475317255 0.0 0.0 0.0 0.0 0.0 0.0 0.0
4031 1467.5037841796875 654.5097045898438 117.32222841375881 0.0 0.0 0.0 0.0 0.0 0.0 0.0
4039 1504.0875244140625 658.5745239257812 115.89006785275672 0.0 0.0 0.0 0.0 0.0 0.0 0.0
4047 1536.6063232421875 662.639404296875 115.02731709592251 0.0 0.0 0.0 0.0 0.0 0.0 0.0
4055 1581.3197021484375 662.639404296875 112.33846577641606 0.0 0.0 0.0 0.0 0.0 0.0 0.0
4063 1609.7738037109375 662.639404296875 110.93185378311784 0.0 0.0 0.0 0.0 0.0 0.0 0.0
4071 1642.2926025390625 662.639404296875 109.6434423629068 0.0 0.0 0.0 0.0 0.0 0.0 0.0
4079 1666.6817626953125 662.639404296875 108.82877815358344 0.0 0.0 0.0 0.0 0.0 0.0 0.0
4087 1687.0059814453125 666.7042846679688 109.77809913742556 0.0 0.0 0.0 0.0 0.0 0.0 0.0
4095 1707.330322265625 666.7042846679688 109.06288417832917 0.0 0.0 0.0 0.0 0.0 0.0 0.0
4103 1723.5897216796875 670.7691040039062 110.1324306305196 0.0 0.0 0.0 0.0 0.0 0.0 0.0
4111 1739.84912109375 670.7691040039062 109.50539500690516 0.0 0.0 0.0 0.0 0.0 0.0 0.0
4120 1764.23828125 670.7691040039062 108.71239728854428 0.0 0.0 0.0 0.0 0.0 0.0 0.0
4127 1796.7572021484375 670.7691040039062 107.8654402984314 0.0 0.0 0.0 0.0 0.0 0.0 0.0
4136 1841.4705810546875 670.7691040039062 106.99756892535277 0.0 0.0 0.0 0.0 0.0 0.0 0.0
4143 1886.18408203125 670.7691040039062 106.35091039589048 0.0 0.0 0.0 0.0 0.0 0.0 0.0
4153 1934.9622802734375 670.7691040039062 105.83722259404243 0.0 0.0 0.0 0.0 0.0 0.0 0.0
4159 1991.870361328125 666.7042846679688 104.17768530236108 0.0 0.0 0.0 0.0 0.0 0.0 0.0
4169 2048.7783203125 662.639404296875 103.02218067217501 0.0 0.0 0.0 0.0 0.0 0.0 0.0
4175 2089.4268798828125 662.639404296875 103.36375793564662 0.0 0.0 0.0 0.0 0.0 0.0 0.0
4185 2126.0106201171875 658.5745239257812 102.21193881383095 0.0 0.0 0.0 0.0 0.0 0.0 0.0
4192 2142.2701416015625 654.5097045898438 100.87810559719446 0.0 0.0 0.0 0.0 0.0 0.0 0.0
4200 2150.3997802734375 654.5097045898438 101.0879332792523 0.0 0.0 0.0 0.0 0.0 0.0 0.0
4207 2162.5943603515625 654.5097045898438 101.37587046034253 0.0 0.0 0.0 0.0 0.0 0.0 0.0
4215 2170.7239990234375 658.5745239257812 103.23508569595447 0.0 0.0 0.0 0.0 0.0 0.0 0.0
4223 2178.8536376953125 658.5745239257812 103.30692314100821 0.0 0.0 0.0 0.0 0.0 0.0 0.0
4231 2186.9835205078125 666.7042846679688 106.73092885540996 0.0 0.0 0.0 0.0 0.0 0.0 0.0
4239 2203.2427978515625 674.833984375 109.63987996621509 0.0 0.0 0.0 0.0 0.0 0.0 0.0
4247 2219.5023193359375 674.833984375 109.06718126212402 0.0 0.0 0.0 0.0 0.0 0.0 0.0
4255 2239.8265380859375 678.8988037109375 109.98398334273412 0.0 0.0 0.0 0.0 0.0 0.0 0.0
4263 2260.1510009765625 678.8988037109375 109.24112752294917 0.0 0.0 0.0 0.0 0.0 0.0 0.0
4271 2288.6048583984375 678.8988037109375 108.38672360445543 0.0 0.0 0.0 0.0 0.0 0.0 0.0
4279 2304.8643798828125 678.8988037109375 107.95243474584558 0.0 0.0 0.0 0.0 0.0 0.0 0.0
4287 2312.9940185546875 678.8988037109375 107.7480105791908 0.0 0.0 0.0 0.0 0.0 0.0 0.0
4295 2317.0589599609375 678.8988037109375 107.64886264443203 0.0 0.0 0.0 0.0 0.0 0.0 0.0
4311 2317.0589599609375 682.9636840820312 109.42545697232453 0.0 0.0 0.0 0.0 0.0 0.0 0.0
4319 2317.0589599609375 687.028564453125 111.19641580492254 0.0 0.0 0.0 0.0 0.0 0.0 0.0
4343 2321.1236572265625 687.028564453125 110.99358996226226 0.0 0.0 0.0 0.0 0.0 0.0 0.0
4359 2325.1885986328125 687.028564453125 110.79685348897436 0.0 0.0 0.0 0.0 0.0 0.0 0.0
4368 2341.4481201171875 678.8988037109375 106.92469592350412 0.0 0.0 0.0 0.0 0.0 0.0 0.0
4375 2357.7073974609375 666.7042846679688 101.89415592307182 0.0 0.0 0.0 0.0 0.0 0.0 0.0
4385 2394.2911376953125 654.5097045898438 98.29694896434745 0.0 0.0 0.0 0.0 0.0 0.0 0.0
4392 2418.6802978515625 646.3799438476562 96.28776018191752 0.0 0.0 0.0 0.0 0.0 0.0 0.0
4400 2447.1343994140625 646.3799438476562 97.7471700203298 0.0 0.0 0.0 0.0 0.0 0.0 0.0
4408 2459.3289794921875 646.3799438476562 98.31948181609494 0.0 0.0 0.0 0.0 0.0 0.0 0.0
4416 2467.4586181640625 646.3799438476562 98.67877903933419 0.0 0.0 0.0 0.0 0.0 0.0 0.0
4424 2475.5882568359375 650.44482421875 100.69272857919788 0.0 0.0 0.0 0.0 0.0 0.0 0.0
4431 2475.5882568359375 654.5097045898438 102.47492658164646 0.0 0.0 0.0 0.0 0.0 0.0 0.0
4439 2479.6531982421875 666.7042846679688 107.72115957920528 0.0 0.0 0.0 0.0 0.0 0.0 0.0
4447 2479.6531982421875 678.8988037109375 113.01808646283584 0.0 0.0 0.0 0.0 0.0 0.0 0.0
4455 2483.7181396484375 687.028564453125 116.15045270078599 0.0 0.0 0.0 0.0 0.0 0.0 0.0
4463 2487.7828369140625 687.028564453125 115.79993497652461 0.0 0.0 0.0 0.0 0.0 0.0 0.0
4472 2495.9124755859375 695.1582641601562 118.402624740275 0.0 0.0 0.0 0.0 0.0 0.0 0.0
4479 2508.1070556640625 695.1582641601562 117.22115468203498 0.0 0.0 0.0 0.0 0.0 0.0 0.0
4487 2520.3016357421875 699.2230834960938 117.72895720380708 0.0 0.0 0.0 0.0 0.0 0.0 0.0
4495 2536.5611572265625 699.2230834960938 116.26938562623377 0.0 0.0 0.0 0.0 0.0 0.0 0.0
4503 2556.8853759765625 703.2879638671875 116.20120504851855 0.0 0.0 0.0 0.0 0.0 0.0 0.0
4511 2573.1448974609375 703.2879638671875 114.9079519439195 0.0 0.0 0.0 0.0 0.0 0.0 0.0
4520 2589.4044189453125 703.2879638671875 113.75599465967159 0.0 0.0 0.0 0.0 0.0 0.0 0.0
4527 2605.6636962890625 703.2879638671875 112.73027342759326 0.0 0.0 0.0 0.0 0.0 0.0 0.0
4536 2625.9879150390625 707.3528442382812 113.14662920054059 0.0 0.0 0.0 0.0 0.0 0.0 0.0
4543 2650.3770751953125 711.4176635742188 113.27031591804277 0.0 0.0 0.0 0.0 0.0 0.0 0.0
4552 2674.7662353515625 711.4176635742188 111.88751215905722 0.0 0.0 0.0 0.0 0.0 0.0 0.0
4559 2703.2203369140625 711.4176635742188 110.56118781331423 0.0 0.0 0.0 0.0 0.0 0.0 0.0
4568 2739.8040771484375 707.3528442382812 107.83578058307882 0.0 0.0 0.0 0.0 0.0 0.0 0.0
4575 2768.2579345703125 695.1582641601562 102.83655223409846 0.0 0.0 0.0 0.0 0.0 0.0 0.0
4584 2808.9066162109375 678.8988037109375 97.81105680932382 0.0 0.0 0.0 0.0 0.0 0.0 0.0
4591 2841.4254150390625 658.5745239257812 92.13694272601902 0.0 0.0 0.0 0.0 0.0 0.0 0.0
4600 2869.8795166015625 642.3151245117188 88.66887541946062 0.0 0.0 0.0 0.0 0.0 0.0 0.0
4607 2894.2686767578125 630.1205444335938 86.81441385504496 0.0 0.0 0.0 0.0 0.0 0.0 0.0
4615 2902.3983154296875 626.0556945800781 86.23613375438214 0.0 0.0 0.0 0.0 0.0 0.0 0.0
4623 2906.4632568359375 626.0556945800781 86.77774948998558 0.0 0.0 0.0 0.0 0.0 0.0 0.0
4703 2906.4632568359375 621.9908142089844 85.09540597673606 0.0 0.0 0.0 0.0 0.0 0.0 0.0
4711 2910.5279541015625 617.9259643554688 84.04627211077297 0.0 0.0 0.0 0.0 0.0 0.0 0.0
4719 2918.6578369140625 609.7962646484375 82.10442923264759 0.0 0.0 0.0 0.0 0.0 0.0 0.0
4727 2922.7225341796875 609.7962646484375 82.76360270799557 0.0 0.0 0.0 0.0 0.0 0.0 0.0
4735 2922.7225341796875 605.7314147949219 81.12627351917467 0.0 0.0 0.0 0.0 0.0 0.0 0.0
4783 2922.7225341796875 601.6665344238281 79.50950708601044 0.0 0.0 0.0 0.0 0.0 0.0 0.0
4791 2926.7874755859375 593.5368347167969 77.15806171320799 0.0 0.0 0.0 0.0 0.0 0.0 0.0
4799 2947.1116943359375 577.2774047851562 75.27803863822788 0.0 0.0 0.0 0.0 0.0 0.0 0.0
4807 2983.6954345703125 548.8233947753906 73.00488412800831 0.0 0.0 0.0 0.0 0.0 0.0 0.0
4815 3028.4088134765625 520.3694152832031 72.71204766774565 0.0 0.0 0.0 0.0 0.0 0.0 0.0
4823 3069.0574951171875 495.9802551269531 72.92127718381494 0.0 0.0 0.0 0.0 0.0 0.0 0.0
4831 3093.4466552734375 479.7208251953125 72.5273195843501 0.0 0.0 0.0 0.0 0.0 0.0 0.0
4839 3105.6412353515625 471.59112548828125 72.35021869950026 0.0 0.0 0.0 0.0 0.0 0.0 0.0
4847 3105.6412353515625 467.5262451171875 70.86491199483157 0.0 0.0 0.0 0.0 0.0 0.0 0.0
4863 3093.4466552734375 467.5262451171875 67.65893491931615 0.0 0.0 0.0 0.0 0.0 0.0 0.0
4871 3056.8629150390625 479.7208251953125 60.29501318312094 0.0 0.0 0.0 0.0 0.0 0.0 0.0
4879 2991.8250732421875 495.9802551269531 35.43899398420672 0.0 0.0 0.0 0.0 0.0 0.0 0.0
4887 2947.1116943359375 504.1099853515625 15.493200526879832 0.0 0.0 0.0 0.0 0.0 0.0 0.0
4895 2914.5928955078125 504.1099853515625 1.4553048088194487 0.0 0.0 0.0 0.0 0.0 0.0 0.0
4904 2910.5279541015625 504.1099853515625 359.7305920722032 0.0 0.0 0.0 0.0 0.0 0.0 0.0
4920 2910.5279541015625 500.04510498046875 0.17072098536237945 0.0 0.0 0.0 0.0 0.0 0.0 0.0
4927 2943.0469970703125 483.7856750488281 14.57204683421918 0.0 0.0 0.0 0.0 0.0 0.0 0.0
4936 2983.6954345703125 463.4613952636719 29.62219507065373 0.0 0.0 0.0 0.0 0.0 0.0 0.0
4943 3028.4088134765625 439.072265625 42.125171704785544 0.0 0.0 0.0 0.0 0.0 0.0 0.0
4951 3069.0574951171875 418.74798583984375 51.137526383537875 0.0 0.0 0.0 0.0 0.0 0.0 0.0
4959 3089.3817138671875 402.4885559082031 53.55911996863142 0.0 0.0 0.0 0.0 0.0 0.0 0.0
4969 3097.5113525390625 390.2939758300781 53.01417808672153 0.0 0.0 0.0 0.0 0.0 0.0 0.0
4975 3097.5113525390625 382.1642608642578 50.89584384579507 0.0 0.0 0.0 0.0 0.0 0.0 0.0
4991 3089.3817138671875 382.1642608642578 47.91946039849472 0.0 0.0 0.0 0.0 0.0 0.0 0.0
4999 3073.1221923828125 382.1642608642578 41.557230388006815 0.0 0.0 0.0 0.0 0.0 0.0 0.0
5007 3060.9276123046875 382.1642608642578 36.59625389334764 0.0 0.0 0.0 0.0 0.0 0.0 0.0
5015 3040.6033935546875 386.2291259765625 28.340779801689962 0.0 0.0 0.0 0.0 0.0 0.0 0.0
5023 3032.4737548828125 394.35882568359375 25.524185289359878 0.0 0.0 0.0 0.0 0.0 0.0 0.0
5031 3024.3441162109375 398.4236755371094 22.230193467793924 0.0 0.0 0.0 0.0 0.0 0.0 0.0
5039 3016.2142333984375 406.55340576171875 18.952560567126056 0.0 0.0 0.0 0.0 0.0 0.0 0.0
5047 3012.1495361328125 406.55340576171875 17.17133777153572 0.0 0.0 0.0 0.0 0.0 0.0 0.0
5055 3012.1495361328125 410.6182556152344 17.258289760098535 0.0 0.0 0.0 0.0 0.0 0.0 0.0
5071 3008.0845947265625 414.68310546875 15.507805151851016 0.0 0.0 0.0 0.0 0.0 0.0 0.0
5079 2999.9549560546875 414.68310546875 11.94301092929254 0.0 0.0 0.0 0.0 0.0 0.0 0.0
5087 2971.5008544921875 418.74798583984375 359.32779555958695 0.0 0.0 0.0 0.0 0.0 0.0 0.0
5095 2930.8524169921875 422.8128356933594 342.9712680015604 0.0 0.0 0.0 0.0 0.0 0.0 0.0
5103 2882.0740966796875 422.8128356933594 328.0511041761482 0.0 0.0 0.0 0.0 0.0 0.0 0.0
5111 2837.3604736328125 426.877685546875 316.146722058203 0.0 0.0 0.0 0.0 0.0 0.0 0.0
5120 2796.7120361328125 430.9425354003906 307.4964363889327 0.0 0.0 0.0 0.0 0.0 0.0 0.0
5127 2764.1932373046875 439.072265625 300.17977207851226 0.0 0.0 0.0 0.0 0.0 0.0 0.0
5137 2727.6094970703125 443.1371154785156 295.3831519145436 0.0 0.0 0.0 0.0 0.0 0.0 0.0
5143 2691.0257568359375 443.1371154785156 292.99992754169114 0.0 0.0 0.0 0.0 0.0 0.0 0.0
5151 2646.3123779296875 447.20196533203125 289.4993795231811 0.0 0.0 0.0 0.0 0.0 0.0 0.0
5159 2601.5989990234375 451.2668151855469 286.8870607895768 0.0 0.0 0.0 0.0 0.0 0.0 0.0
5169 2560.9503173828125 455.3316955566406 284.9513330652767 0.0 0.0 0.0 0.0 0.0 0.0 0.0
5175 2512.1719970703125 463.4613952636719 282.2228239225235 0.0 0.0 0.0 0.0 0.0 0.0 0.0
5184 2459.3289794921875 471.59112548828125 280.3340399791519 0.0 0.0 0.0 0.0 0.0 0.0 0.0
5191 2410.5506591796875 475.6559753417969 280.16063330823056 0.0 0.0 0.0 0.0 0.0 0.0 0.0
5199 2357.7073974609375 487.8505554199219 277.6129701998143 0.0 0.0 0.0 0.0 0.0 0.0 0.0
5207 2304.8643798828125 495.9802551269531 277.0618685739454 0.0 0.0 0.0 0.0 0.0 0.0 0.0
5215 2247.9564208984375 500.04510498046875 278.06915624007905 0.0 0.0 0.0 0.0 0.0 0.0 0.0
5223 2186.9835205078125 512.2396850585938 276.48366156511406 0.0 0.0 0.0 0.0 0.0 0.0 0.0
5231 2130.0755615234375 520.3694152832031 276.43713090884097 0.0 0.0 0.0 0.0 0.0 0.0 0.0
5239 2081.2972412109375 524.4342651367188 277.3257793466605 0.0 0.0 0.0 0.0 0.0 0.0 0.0
5247 2036.583740234375 532.56396484375 276.5079291456515 0.0 0.0 0.0 0.0 0.0 0.0 0.0
5255 2000.0 544.758544921875 274.12450705298977 0.0 0.0 0.0 0.0 0.0 0.0 0.0
5263 1975.61083984375 548.8233947753906 274.26371956341706 0.0 0.0 0.0 0.0 0.0 0.0 0.0
5271 1959.3514404296875 556.953125 272.2822545273732 0.0 0.0 0.0 0.0 0.0 0.0 0.0
5279 1947.1568603515625 556.953125 273.3162435315487 0.0 0.0 0.0 0.0 0.0 0.0 0.0
5288 1943.092041015625 561.0179748535156 271.9613257126756 0.0 0.0 0.0 0.0 0.0 0.0 0.0
5327 1939.0272216796875 561.0179748535156 272.33585896321176 0.0 0.0 0.0 0.0 0.0 0.0 0.0
5343 1922.7677001953125 565.0828247070312 272.11860948415756 0.0 0.0 0.0 0.0 0.0 0.0 0.0
5351 1902.4434814453125 565.0828247070312 273.77238052241637 0.0 0.0 0.0 0.0 0.0 0.0 0.0
5359 1861.794921875 569.1476745605469 274.95783900749535 0.0 0.0 0.0 0.0 0.0 0.0 0.0
5367 1817.0814208984375 573.2125549316406 276.0597322669941 0.0 0.0 0.0 0.0 0.0 0.0 0.0
5375 1772.3680419921875 577.2774047851562 276.8799922284204 0.0 0.0 0.0 0.0 0.0 0.0 0.0
5383 1727.6546630859375 585.4071044921875 276.1771534025595 0.0 0.0 0.0 0.0 0.0 0.0 0.0
5391 1687.0059814453125 593.5368347167969 275.4484153288333 0.0 0.0 0.0 0.0 0.0 0.0 0.0
5399 1646.357421875 609.7962646484375 272.24818522050975 0.0 0.0 0.0 0.0 0.0 0.0 0.0
5407 1617.9034423828125 617.9259643554688 271.5591144315863 0.0 0.0 0.0 0.0 0.0 0.0 0.0
5415 1589.449462890625 626.0556945800781 270.9971836649388 0.0 0.0 0.0 0.0 0.0 0.0 0.0
5423 1565.060302734375 634.1853942871094 270.18036460028657 0.0 0.0 0.0 0.0 0.0 0.0 0.0
5431 1552.86572265625 634.1853942871094 271.3901838370583 0.0 0.0 0.0 0.0 0.0 0.0 0.0
5439 1540.671142578125 638.250244140625 270.91019530220217 0.0 0.0 0.0 0.0 0.0 0.0 0.0
5447 1524.4117431640625 638.250244140625 272.4005755129449 0.0 0.0 0.0 0.0 0.0 0.0 0.0
5455 1516.281982421875 638.250244140625 273.1029158246057 0.0 0.0 0.0 0.0 0.0 0.0 0.0
5465 1508.15234375 638.250244140625 273.76479641265803 0.0 0.0 0.0 0.0 0.0 0.0 0.0
5471 1500.0225830078125 638.250244140625 274.3885055349124 0.0 0.0 0.0 0.0 0.0 0.0 0.0
5480 1487.8280029296875 638.250244140625 275.24524874647136 0.0 0.0 0.0 0.0 0.0 0.0 0.0
5487 1467.5037841796875 638.250244140625 276.48276413830126 0.0 0.0 0.0 0.0 0.0 0.0 0.0
5496 1443.1146240234375 634.1853942871094 279.23405245294913 0.0 0.0 0.0 0.0 0.0 0.0 0.0
5503 1414.66064453125 634.1853942871094 280.16837932689396 0.0 0.0 0.0 0.0 0.0 0.0 0.0
5512 1382.1417236328125 630.1205444335938 282.4512050228884 0.0 0.0 0.0 0.0 0.0 0.0 0.0
5519 1345.5579833984375 630.1205444335938 282.8909982004102 0.0 0.0 0.0 0.0 0.0 0.0 0.0
5528 1313.0391845703125 630.1205444335938 283.2040125775395 0.0 0.0 0.0 0.0 0.0 0.0 0.0
5535 1284.585205078125 634.1853942871094 281.9660418308132 0.0 0.0 0.0 0.0 0.0 0.0 0.0
5543 1260.196044921875 642.3151245117188 279.36382641406703 0.0 0.0 0.0 0.0 0.0 0.0 0.0
5551 1235.806884765625 650.44482421875 277.181677001288 0.0 0.0 0.0 0.0 0.0 0.0 0.0
5559 1207.3529052734375 658.5745239257812 275.58424619393463 0.0 0.0 0.0 0.0 0.0 0.0 0.0
5567 1182.9637451171875 662.639404296875 275.4911285553927 0.0 0.0 0.0 0.0 0.0 0.0 0.0
5575 1158.5745849609375 670.7691040039062 273.9386770242819 0.0 0.0 0.0 0.0 0.0 0.0 0.0
5583 1142.315185546875 674.833984375 273.53930654649093 0.0 0.0 0.0 0.0 0.0 0.0 0.0
5591 1130.12060546875 678.8988037109375 272.86770055259893 0.0 0.0 0.0 0.0 0.0 0.0 0.0
5599 1109.7962646484375 682.9636840820312 272.9065796247875 0.0 0.0 0.0 0.0 0.0 0.0 0.0
5607 1101.6666259765625 682.9636840820312 273.5797912391344 0.0 0.0 0.0 0.0 0.0 0.0 0.0
5615 1093.536865234375 687.028564453125 272.5698362283207 0.0 0.0 0.0 0.0 0.0 0.0 0.0
5623 1089.4720458984375 687.028564453125 272.92636600016067 0.0 0.0 0.0 0.0 0.0 0.0 0.0