0 2000.0 1500.0 0 0.0 0.0 0.0 0.0 0.0 0.0 0.0
64 2000.0 1500.0 0 0.0 0.0 0.0 0.0 0.0 0.0 0.0
72 2000.0 1500.0 0 0.0 0.0 0.0 0.0 0.0 0.0 0.0
79 2000.0 1500.0 0 0.0 0.0 0.0 0.0 0.0 0.0 0.0
88 2000.0 1500.0 0 0.0 0.0 0.0 0.0 0.0 0.0 0.0
103 2000.0 1500.0 0 0.0 0.0 0.0 0.0 0.0 0.0 0.0
112 2000.0 1500.0 0 0.0 0.0 0.0 0.0 0.0 0.0 0.0
119 2000.0 1500.0 0 0.0 0.0 0.0 0.0 0.0 0.0 0.0
127 2000.0 1500.0 0 0.0 0.0 0.0 0.0 0.0 0.0 0.0
152 2000.0 1500.0 0 0.0 0.0 0.0 0.0 0.0 0.0 0.0
208 2000.0 1500.0 0 0.0 0.0 0.0 0.0 0.0 0.0 0.0
216 2000.0 1500.0 0 0.0 0.0 0.0 0.0 0.0 0.0 0.0
224 2008.0247802734375 1491.9752197265625 2.8450929399799776 0.0 0.0 0.0 0.0 0.0 0.0 0.0
231 2012.0372314453125 1487.9627685546875 4.203421021488396 0.0 0.0 0.0 0.0 0.0 0.0 0.0
248 2016.049560546875 1487.9627685546875 6.211545535875885 0.0 0.0 0.0 0.0 0.0 0.0 0.0
368 2016.049560546875 1483.950439453125 5.491533504096623 0.0 0.0 0.0 0.0 0.0 0.0 0.0
375 2020.06201171875 1471.9132080078125 5.363670894866743 0.0 0.0 0.0 0.0 0.0 0.0 0.0
383 2020.06201171875 1459.8759765625 3.4231381427466516 0.0 0.0 0.0 0.0 0.0 0.0 0.0
400 2020.06201171875 1455.8636474609375 2.7987100592757486 0.0 0.0 0.0 0.0 0.0 0.0 0.0
407 2020.06201171875 1451.8511962890625 2.1958560076911198 0.0 0.0 0.0 0.0 0.0 0.0 0.0
424 2020.06201171875 1447.8388671875 1.613907405777951 0.0 0.0 0.0 0.0 0.0 0.0 0.0
488 2020.06201171875 1439.8140869140625 0.5282862017419916 0.0 0.0 0.0 0.0 0.0 0.0 0.0
495 2020.06201171875 1403.7025146484375 356.84775982341034 0.0 0.0 0.0 0.0 0.0 0.0 0.0
503 2020.06201171875 1399.6900634765625 356.45355913206396 0.0 0.0 0.0 0.0 0.0 0.0 0.0
512 2024.0743408203125 1383.6405029296875 356.9113271759986 0.0 0.0 0.0 0.0 0.0 0.0 0.0
520 2028.0867919921875 1367.5909423828125 357.3080528743785 0.0 0.0 0.0 0.0 0.0 0.0 0.0
535 2036.1114501953125 1343.5166015625 358.6397290497311 0.0 0.0 0.0 0.0 0.0 0.0 0.0
543 2044.1363525390625 1339.504150390625 2.1517038521720195 0.0 0.0 0.0 0.0 0.0 0.0 0.0
591 2044.1363525390625 1335.4918212890625 1.5712996985856336 0.0 0.0 0.0 0.0 0.0 0.0 0.0
599 2036.1114501953125 1335.4918212890625 357.3706441891141 0.0 0.0 0.0 0.0 0.0 0.0 0.0
607 2032.0992431640625 1335.4918212890625 355.25751361860614 0.0 0.0 0.0 0.0 0.0 0.0 0.0
616 2028.0867919921875 1335.4918212890625 353.1326538384883 0.0 0.0 0.0 0.0 0.0 0.0 0.0
632 2016.049560546875 1335.4918212890625 346.69497515112755 0.0 0.0 0.0 0.0 0.0 0.0 0.0
657 2016.049560546875 1331.4793701171875 346.66443939717476 0.0 0.0 0.0 0.0 0.0 0.0 0.0
681 2016.049560546875 1315.4298095703125 346.55810724802666 0.0 0.0 0.0 0.0 0.0 0.0 0.0
688 2016.049560546875 1307.405029296875 346.50862845842096 0.0 0.0 0.0 0.0 0.0 0.0 0.0
704 2016.049560546875 1291.35546875 346.4225723811024 0.0 0.0 0.0 0.0 0.0 0.0 0.0
824 2016.049560546875 1287.3431396484375 346.4018232343401 0.0 0.0 0.0 0.0 0.0 0.0 0.0
831 2016.049560546875 1279.318359375 346.3632456283516 0.0 0.0 0.0 0.0 0.0 0.0 0.0
840 2020.06201171875 1267.2811279296875 348.2355973901389 0.0 0.0 0.0 0.0 0.0 0.0 0.0
856 2020.06201171875 1243.206787109375 347.7980813625824 0.0 0.0 0.0 0.0 0.0 0.0 0.0
863 2020.06201171875 1239.1943359375 347.7277915252739 0.0 0.0 0.0 0.0 0.0 0.0 0.0
952 2016.049560546875 1239.1943359375 345.58570112232815 0.0 0.0 0.0 0.0 0.0 0.0 0.0
959 2012.0372314453125 1223.144775390625 343.75757074167234 0.0 0.0 0.0 0.0 0.0 0.0 0.0
968 2012.0372314453125 1219.1324462890625 343.8328608654162 0.0 0.0 0.0 0.0 0.0 0.0 0.0
984 2016.049560546875 1199.0704345703125 345.95472944431447 0.0 0.0 0.0 0.0 0.0 0.0 0.0
991 2024.0743408203125 1154.93408203125 348.95551222294597 0.0 0.0 0.0 0.0 0.0 0.0 0.0
999 2028.0867919921875 1146.9093017578125 350.7254237088275 0.0 0.0 0.0 0.0 0.0 0.0 0.0
1008 2032.0992431640625 1138.884521484375 352.3670865882305 0.0 0.0 0.0 0.0 0.0 0.0 0.0
1015 2032.0992431640625 1134.8720703125 352.13263339492687 0.0 0.0 0.0 0.0 0.0 0.0 0.0
1096 2024.0743408203125 1134.8720703125 347.84802038188445 0.0 0.0 0.0 0.0 0.0 0.0 0.0
1103 2024.0743408203125 1130.8597412109375 347.77593240863354 0.0 0.0 0.0 0.0 0.0 0.0 0.0
1111 2024.0743408203125 1122.8349609375 347.64176340413724 0.0 0.0 0.0 0.0 0.0 0.0 0.0
1120 2020.06201171875 1118.8225708007812 345.51224989319337 0.0 0.0 0.0 0.0 0.0 0.0 0.0
1136 2016.049560546875 1102.77294921875 343.69365316833256 0.0 0.0 0.0 0.0 0.0 0.0 0.0
1144 2016.049560546875 1094.7481689453125 343.8433820785543 0.0 0.0 0.0 0.0 0.0 0.0 0.0
1153 2016.049560546875 1078.6986083984375 344.1039488711419 0.0 0.0 0.0 0.0 0.0 0.0 0.0
1161 2016.049560546875 1070.673828125 344.2251755166378 0.0 0.0 0.0 0.0 0.0 0.0 0.0
1168 2016.049560546875 1066.6614379882812 344.28362288683445 0.0 0.0 0.0 0.0 0.0 0.0 0.0
1248 2016.049560546875 1062.6490478515625 344.33991967868405 0.0 0.0 0.0 0.0 0.0 0.0 0.0
1255 2016.049560546875 1046.5994262695312 344.5359070096893 0.0 0.0 0.0 0.0 0.0 0.0 0.0
1272 2020.06201171875 1030.5498657226562 346.5697130069924 0.0 0.0 0.0 0.0 0.0 0.0 0.0
1282 2032.0992431640625 1010.4879150390625 351.84739829480264 0.0 0.0 0.0 0.0 0.0 0.0 0.0
1287 2052.1612548828125 990.4259643554688 359.70383971639853 0.0 0.0 0.0 0.0 0.0 0.0 0.0
1336 2032.0992431640625 1010.4879150390625 349.6857404922189 0.0 0.0 0.0 0.0 0.0 0.0 0.0
1344 2008.0247802734375 1038.5746459960938 333.7833182892029 0.0 0.0 0.0 0.0 0.0 0.0 0.0
1360 1991.9752197265625 1054.624267578125 322.44540238529027 0.0 0.0 0.0 0.0 0.0 0.0 0.0
1368 1983.950439453125 1058.6366577148438 317.6530310484843 0.0 0.0 0.0 0.0 0.0 0.0 0.0
1375 1979.9381103515625 1058.6366577148438 315.7989164029318 0.0 0.0 0.0 0.0 0.0 0.0 0.0
1392 1975.9256591796875 1058.6366577148438 313.9797458614573 0.0 0.0 0.0 0.0 0.0 0.0 0.0
1407 1975.9256591796875 1050.6118774414062 316.10508567350973 0.0 0.0 0.0 0.0 0.0 0.0 0.0
1416 1983.950439453125 1006.4755249023438 327.6193075448336 0.0 0.0 0.0 0.0 0.0 0.0 0.0
1424 2000.0 978.3887329101562 338.1708461678144 0.0 0.0 0.0 0.0 0.0 0.0 0.0
1432 2008.0247802734375 938.2648315429688 343.379304910766 0.0 0.0 0.0 0.0 0.0 0.0 0.0
1448 2008.0247802734375 934.25244140625 343.46815825839224 0.0 0.0 0.0 0.0 0.0 0.0 0.0
1456 2012.0372314453125 922.2152709960938 345.63414483946303 0.0 0.0 0.0 0.0 0.0 0.0 0.0
1504 2008.0247802734375 926.2276611328125 343.40260419761734 0.0 0.0 0.0 0.0 0.0 0.0 0.0
1552 2012.0372314453125 886.1036987304688 345.62699208752804 0.0 0.0 0.0 0.0 0.0 0.0 0.0
1559 2024.0743408203125 854.0045776367188 350.61243010465995 0.0 0.0 0.0 0.0 0.0 0.0 0.0
1568 2052.1612548828125 761.719482421875 356.36755197036814 0.0 0.0 0.0 0.0 0.0 0.0 0.0
1576 2060.1859130859375 733.6327514648438 357.52710505192533 0.0 0.0 0.0 0.0 0.0 0.0 0.0
1592 2064.1983642578125 729.620361328125 359.12003518491383 0.0 0.0 0.0 0.0 0.0 0.0 0.0
1616 2060.1859130859375 729.620361328125 357.01849829155987 0.0 0.0 0.0 0.0 0.0 0.0 0.0
1623 2044.1363525390625 741.6575317382812 348.7612577288643 0.0 0.0 0.0 0.0 0.0 0.0 0.0
1640 1987.962890625 805.8558349609375 296.1464934035166 0.0 0.0 0.0 0.0 0.0 0.0 0.0
1648 1979.9381103515625 817.8930053710938 288.4028423964222 0.0 0.0 0.0 0.0 0.0 0.0 0.0
1656 1959.8760986328125 829.93017578125 278.3207655697437 0.0 0.0 0.0 0.0 0.0 0.0 0.0
1696 1963.888427734375 781.7814331054688 298.98338505883646 0.0 0.0 0.0 0.0 0.0 0.0 0.0
1703 1979.9381103515625 753.6947021484375 314.3080848282603 0.0 0.0 0.0 0.0 0.0 0.0 0.0
1711 1995.9876708984375 717.5831909179688 328.40073923927457 0.0 0.0 0.0 0.0 0.0 0.0 0.0
1728 2024.0743408203125 665.4220581054688 344.32862456141027 0.0 0.0 0.0 0.0 0.0 0.0 0.0
1735 2032.0992431640625 653.3848876953125 348.33249347747034 0.0 0.0 0.0 0.0 0.0 0.0 0.0
1743 2032.0992431640625 649.3724365234375 348.24289511313447 0.0 0.0 0.0 0.0 0.0 0.0 0.0
1792 2032.0992431640625 653.3848876953125 348.3359615384429 0.0 0.0 0.0 0.0 0.0 0.0 0.0
1799 2028.0867919921875 653.3848876953125 346.1938595686154 0.0 0.0 0.0 0.0 0.0 0.0 0.0
1840 2028.0867919921875 633.3228759765625 346.13917805660606 0.0 0.0 0.0 0.0 0.0 0.0 0.0
1848 2028.0867919921875 625.298095703125 346.11886865947884 0.0 0.0 0.0 0.0 0.0 0.0 0.0
1855 2028.0867919921875 609.24853515625 346.0834983340261 0.0 0.0 0.0 0.0 0.0 0.0 0.0
1864 2028.0867919921875 601.2237243652344 346.0670962734528 0.0 0.0 0.0 0.0 0.0 0.0 0.0
1880 2028.0867919921875 593.1989440917969 346.0518193558983 0.0 0.0 0.0 0.0 0.0 0.0 0.0
1944 2028.0867919921875 589.1865539550781 346.04437973588546 0.0 0.0 0.0 0.0 0.0 0.0 0.0
1951 2028.0867919921875 577.1493835449219 346.02442767494927 0.0 0.0 0.0 0.0 0.0 0.0 0.0
1959 2024.0743408203125 565.1121826171875 344.08135814370064 0.0 0.0 0.0 0.0 0.0 0.0 0.0
1976 2024.0743408203125 520.9758605957031 344.5957355341805 0.0 0.0 0.0 0.0 0.0 0.0 0.0
1983 2024.0743408203125 492.88909912109375 344.85518674944575 0.0 0.0 0.0 0.0 0.0 0.0 0.0
1991 2024.0743408203125 460.7899475097656 345.08348893597463 0.0 0.0 0.0 0.0 0.0 0.0 0.0
1999 2028.0867919921875 420.666015625 346.85015190733 0.0 0.0 0.0 0.0 0.0 0.0 0.0
2009 2032.0992431640625 376.5296936035156 348.0746146145897 0.0 0.0 0.0 0.0 0.0 0.0 0.0
2025 2032.0992431640625 372.5173034667969 347.99434025036936 0.0 0.0 0.0 0.0 0.0 0.0 0.0
2160 2032.0992431640625 368.5048828125 347.9170288781422 0.0 0.0 0.0 0.0 0.0 0.0 0.0
2176 2028.0867919921875 364.49249267578125 345.77753180923935 0.0 0.0 0.0 0.0 0.0 0.0 0.0
2192 2024.0743408203125 360.4801025390625 343.7166043506372 0.0 0.0 0.0 0.0 0.0 0.0 0.0
2199 2016.049560546875 356.46771240234375 339.6847648972073 0.0 0.0 0.0 0.0 0.0 0.0 0.0
2207 2016.049560546875 348.44293212890625 340.1127325421697 0.0 0.0 0.0 0.0 0.0 0.0 0.0
2224 2016.049560546875 340.4181365966797 340.51099283098404 0.0 0.0 0.0 0.0 0.0 0.0 0.0
2231 2012.0372314453125 312.3313751220703 339.92695598575096 0.0 0.0 0.0 0.0 0.0 0.0 0.0
2239 2012.0372314453125 304.3065948486328 340.3381804149041 0.0 0.0 0.0 0.0 0.0 0.0 0.0
2247 2012.0372314453125 296.28179931640625 340.7209078298381 0.0 0.0 0.0 0.0 0.0 0.0 0.0
2264 2012.0372314453125 292.2694091796875 340.90536426303964 0.0 0.0 0.0 0.0 0.0 0.0 0.0
2336 2000.0 284.24462890625 335.3588644305768 0.0 0.0 0.0 0.0 0.0 0.0 0.0
2448 1995.9876708984375 272.2074432373047 334.5207361895496 0.0 0.0 0.0 0.0 0.0 0.0 0.0
2471 1991.9752197265625 264.1826629638672 333.35607931756596 0.0 0.0 0.0 0.0 0.0 0.0 0.0