0 2000.0 1500.0 0 0.0 0.0 0.0 0.0 0.0 0.0 0.0
18 1963.1578369140625 1494.73681640625 341.24132033236066 0.0 0.0 0.0 0.0 0.0 0.0 0.0
34 1900.0 1494.73681640625 310.2640792066153 0.0 0.0 0.0 0.0 0.0 0.0 0.0
51 1805.2630615234375 1494.73681640625 279.0866180465884 0.0 0.0 0.0 0.0 0.0 0.0 0.0
68 1684.21044921875 1531.5789794921875 249.6607144407757 0.0 0.0 0.0 0.0 0.0 0.0 0.0
84 1573.6842041015625 1589.4736328125 230.22951741220507 0.0 0.0 0.0 0.0 0.0 0.0 0.0
102 1457.8946533203125 1657.894775390625 218.99116678437247 0.0 0.0 0.0 0.0 0.0 0.0 0.0
118 1347.368408203125 1731.5789794921875 212.17075530503527 0.0 0.0 0.0 0.0 0.0 0.0 0.0
134 1252.631591796875 1789.4736328125 210.372943123083 0.0 0.0 0.0 0.0 0.0 0.0 0.0
151 1194.73681640625 1821.0526123046875 210.71740303231067 0.0 0.0 0.0 0.0 0.0 0.0 0.0
168 1163.1578369140625 1831.5789794921875 213.12198932342258 0.0 0.0 0.0 0.0 0.0 0.0 0.0
184 1152.631591796875 1831.5789794921875 215.29804287419495 0.0 0.0 0.0 0.0 0.0 0.0 0.0
201 1200.0 1752.631591796875 268.02705512275577 0.0 0.0 0.0 0.0 0.0 0.0 0.0
218 1315.7894287109375 1615.7894287109375 334.07488559784684 0.0 0.0 0.0 0.0 0.0 0.0 0.0
234 1452.631591796875 1452.631591796875 357.47384506675303 0.0 0.0 0.0 0.0 0.0 0.0 0.0
251 1557.8946533203125 1300.0 1.8179500171341445 0.0 0.0 0.0 0.0 0.0 0.0 0.0
268 1621.0526123046875 1184.2105712890625 0.07168262282336002 0.0 0.0 0.0 0.0 0.0 0.0 0.0
284 1621.0526123046875 1110.5263061523438 348.4106867936782 0.0 0.0 0.0 0.0 0.0 0.0 0.0
301 1584.21044921875 1073.6842041015625 329.846382840215 0.0 0.0 0.0 0.0 0.0 0.0 0.0
318 1452.631591796875 1073.6842041015625 281.1833564879443 0.0 0.0 0.0 0.0 0.0 0.0 0.0
334 1273.6842041015625 1126.3157958984375 244.996123543604 0.0 0.0 0.0 0.0 0.0 0.0 0.0
351 1052.631591796875 1231.5789794921875 224.14071621479337 0.0 0.0 0.0 0.0 0.0 0.0 0.0
368 831.5789184570312 1368.4210205078125 213.06846595594016 0.0 0.0 0.0 0.0 0.0 0.0 0.0
384 636.842041015625 1494.73681640625 208.9906748593476 0.0 0.0 0.0 0.0 0.0 0.0 0.0
401 499.99993896484375 1610.5263671875 203.33636111494673 0.0 0.0 0.0 0.0 0.0 0.0 0.0
418 431.57891845703125 1684.2105712890625 198.4396141449365 0.0 0.0 0.0 0.0 0.0 0.0 0.0
434 415.7894287109375 1710.5263671875 194.78430098828585 0.0 0.0 0.0 0.0 0.0 0.0 0.0
451 447.3683776855469 1700.0 184.89362732379365 0.0 0.0 0.0 0.0 0.0 0.0 0.0
468 610.5263061523438 1563.1578369140625 36.434766075218725 0.0 0.0 0.0 0.0 0.0 0.0 0.0
484 831.5789184570312 1384.2105712890625 25.400383134072356 0.0 0.0 0.0 0.0 0.0 0.0 0.0
501 1047.368408203125 1205.26318359375 21.76229550476259 0.0 0.0 0.0 0.0 0.0 0.0 0.0
518 1168.4210205078125 1100.0 20.111390054074477 0.0 0.0 0.0 0.0 0.0 0.0 0.0
534 1194.73681640625 1078.9473876953125 20.373363217120378 0.0 0.0 0.0 0.0 0.0 0.0 0.0
551 1194.73681640625 1089.4736938476562 24.63746685690488 0.0 0.0 0.0 0.0 0.0 0.0 0.0
568 1052.631591796875 1221.0526123046875 186.33476266489262 0.0 0.0 0.0 0.0 0.0 0.0 0.0
584 884.2105102539062 1378.9473876953125 193.29948166220575 0.0 0.0 0.0 0.0 0.0 0.0 0.0
601 710.5263061523438 1557.894775390625 193.83033580360797 0.0 0.0 0.0 0.0 0.0 0.0 0.0
618 547.368408203125 1763.1578369140625 190.06843583206955 0.0 0.0 0.0 0.0 0.0 0.0 0.0
634 421.0525817871094 1994.73681640625 182.04650778391544 0.0 0.0 0.0 0.0 0.0 0.0 0.0
651 342.105224609375 2215.78955078125 173.68854353551356 0.0 0.0 0.0 0.0 0.0 0.0 0.0
668 315.7894287109375 2394.73681640625 164.28728221681544 0.0 0.0 0.0 0.0 0.0 0.0 0.0