18263 2829.2169000000004 -64.3825 -73.9279 0.0 0.0 0.0 0.0 0.0 0.0 0.0
18271 2819.7569000000003 -45.465 -72.4061 0.0 0.0 0.0 0.0 0.0 0.0 0.0
18279 2797.6869 -1.3241999999999994 -60.8058 0.0 0.0 0.0 0.0 0.0 0.0 0.0
18287 2763.0069000000003 55.42829999999999 7.86479 0.0 0.0 0.0 0.0 0.0 0.0 0.0
18295 2744.0869000000002 86.9573 37.1926 0.0 0.0 0.0 0.0 0.0 0.0 0.0
18303 2693.6369 168.9333 78.6147 0.0 0.0 0.0 0.0 0.0 0.0 0.0
18311 2643.1969000000004 238.2973 96.9861 0.0 0.0 0.0 0.0 0.0 0.0 0.0
18319 2605.3569 298.20329999999996 102.626 0.0 0.0 0.0 0.0 0.0 0.0 0.0
18327 2545.4569 389.6373 106.617 0.0 0.0 0.0 0.0 0.0 0.0 0.0
18335 2501.3169000000003 449.5433 109.558 0.0 0.0 0.0 0.0 0.0 0.0 0.0
18343 2431.9469000000004 553.5893 109.614 0.0 0.0 0.0 0.0 0.0 0.0 0.0
18351 2362.5869000000002 660.7882999999999 109.129 0.0 0.0 0.0 0.0 0.0 0.0 0.0
18359 2283.7669 764.8343 111.71 0.0 0.0 0.0 0.0 0.0 0.0 0.0
18367 2227.0069000000003 837.3513 113.009 0.0 0.0 0.0 0.0 0.0 0.0 0.0
18375 2148.1869 931.9393 114.76 0.0 0.0 0.0 0.0 0.0 0.0 0.0
18383 2100.8969 991.8412999999999 114.492 0.0 0.0 0.0 0.0 0.0 0.0 0.0
18391 2025.2269 1076.9713 116.406 0.0 0.0 0.0 0.0 0.0 0.0 0.0
18399 1962.1669 1158.9513 114.692 0.0 0.0 0.0 0.0 0.0 0.0 0.0
18407 1933.7868999999998 1190.4813 115.914 0.0 0.0 0.0 0.0 0.0 0.0 0.0
18415 1880.1869 1247.2313 117.704 0.0 0.0 0.0 0.0 0.0 0.0 0.0
18423 1829.7468999999999 1288.2213 122.099 0.0 0.0 0.0 0.0 0.0 0.0 0.0
18431 1817.1269 1303.9813 120.434 0.0 0.0 0.0 0.0 0.0 0.0 0.0
18440 1798.2169 1316.5913 123.314 0.0 0.0 0.0 0.0 0.0 0.0 0.0
18447 1785.5969 1326.0513 124.369 0.0 0.0 0.0 0.0 0.0 0.0 0.0
18455 1779.2968999999998 1326.0513 127.557 0.0 0.0 0.0 0.0 0.0 0.0 0.0
18463 1772.9868999999999 1329.2113 128.628 0.0 0.0 0.0 0.0 0.0 0.0 0.0
18863 1772.9868999999999 1329.2113 128.628 0.0 0.0 0.0 0.0 0.0 0.0 0.0
18871 1772.9868999999999 1329.2113 128.629 0.0 0.0 0.0 0.0 0.0 0.0 0.0
18879 1766.6869 1329.2113 131.53 0.0 0.0 0.0 0.0 0.0 0.0 0.0
18887 1760.3769 1335.5113 130.346 0.0 0.0 0.0 0.0 0.0 0.0 0.0
18895 1754.0769 1338.6613 131.167 0.0 0.0 0.0 0.0 0.0 0.0 0.0
18903 1747.7668999999999 1341.8213 131.913 0.0 0.0 0.0 0.0 0.0 0.0 0.0
18911 1735.1569 1348.1213 133.159 0.0 0.0 0.0 0.0 0.0 0.0 0.0
18919 1716.2368999999999 1360.7313 132.941 0.0 0.0 0.0 0.0 0.0 0.0 0.0
18927 1697.3169 1370.1913 134.429 0.0 0.0 0.0 0.0 0.0 0.0 0.0
18935 1684.7069 1376.5013 135.256 0.0 0.0 0.0 0.0 0.0 0.0 0.0
18943 1665.7868999999998 1389.1113 134.527 0.0 0.0 0.0 0.0 0.0 0.0 0.0
18951 1643.7169 1398.5713 136.617 0.0 0.0 0.0 0.0 0.0 0.0 0.0
18959 1634.2568999999999 1404.8813 136.012 0.0 0.0 0.0 0.0 0.0 0.0 0.0
18975 1618.4968999999999 1417.4913 134.073 0.0 0.0 0.0 0.0 0.0 0.0 0.0
18983 1609.0368999999998 1420.6413 135.731 0.0 0.0 0.0 0.0 0.0 0.0 0.0
18991 1596.4269 1426.9513 136.342 0.0 0.0 0.0 0.0 0.0 0.0 0.0
18999 1590.1169 1430.1013 136.619 0.0 0.0 0.0 0.0 0.0 0.0 0.0
19007 1586.9669 1436.4013 133.652 0.0 0.0 0.0 0.0 0.0 0.0 0.0
19015 1583.8169 1436.4013 134.973 0.0 0.0 0.0 0.0 0.0 0.0 0.0
19023 1583.8169 1436.4013 134.973 0.0 0.0 0.0 0.0 0.0 0.0 0.0
19095 1583.8169 1436.4013 134.973 0.0 0.0 0.0 0.0 0.0 0.0 0.0
19111 1586.9669 1433.2513 135.909 0.0 0.0 0.0 0.0 0.0 0.0 0.0
19119 1590.1169 1430.1013 136.906 0.0 0.0 0.0 0.0 0.0 0.0 0.0
19127 1590.1169 1426.9513 139.197 0.0 0.0 0.0 0.0 0.0 0.0 0.0
19135 1596.4269 1423.7913 139.176 0.0 0.0 0.0 0.0 0.0 0.0 0.0
19143 1599.5769 1420.6413 140.382 0.0 0.0 0.0 0.0 0.0 0.0 0.0
19151 1602.7368999999999 1414.3313 144.199 0.0 0.0 0.0 0.0 0.0 0.0 0.0
19159 1621.6469 1404.8813 146.257 0.0 0.0 0.0 0.0 0.0 0.0 0.0
19167 1631.1069 1395.4213 151.856 0.0 0.0 0.0 0.0 0.0 0.0 0.0
19175 1653.1769 1379.6513 164.233 0.0 0.0 0.0 0.0 0.0 0.0 0.0
19183 1703.6269 1360.7313 206.073 0.0 0.0 0.0 0.0 0.0 0.0 0.0
19191 1766.6869 1335.5113 -96.6137 0.0 0.0 0.0 0.0 0.0 0.0 0.0
19199 1829.7468999999999 1322.9013 -62.8461 0.0 0.0 0.0 0.0 0.0 0.0 0.0
19207 1930.6369 1294.5212999999999 -42.9626 0.0 0.0 0.0 0.0 0.0 0.0 0.0
19215 2050.4469000000004 1262.9913 -33.9157 0.0 0.0 0.0 0.0 0.0 0.0 0.0
19231 2138.7269 1244.0813 -29.546 0.0 0.0 0.0 0.0 0.0 0.0 0.0
19240 2283.7669 1209.3913 -28.1514 0.0 0.0 0.0 0.0 0.0 0.0 0.0
19247 2472.9369 1165.2513 -27.4373 0.0 0.0 0.0 0.0 0.0 0.0 0.0
19255 2580.1369 1146.3413 -25.3819 0.0 0.0 0.0 0.0 0.0 0.0 0.0
19263 2750.3969 1108.5013 -26.2306 0.0 0.0 0.0 0.0 0.0 0.0 0.0
19271 2939.5669000000003 1054.9013 -28.9058 0.0 0.0 0.0 0.0 0.0 0.0 0.0
19279 3084.6069 1023.3713 -27.1447 0.0 0.0 0.0 0.0 0.0 0.0 0.0
19287 3273.7769000000003 979.2333 -27.1695 0.0 0.0 0.0 0.0 0.0 0.0 0.0
19295 3488.1769 931.9393 -26.6504 0.0 0.0 0.0 0.0 0.0 0.0 0.0
19303 3620.5969 900.4103 -27.1688 0.0 0.0 0.0 0.0 0.0 0.0 0.0
19311 3834.9969 856.2692999999999 -26.0409 0.0 0.0 0.0 0.0 0.0 0.0 0.0
19455 3910.6669 525.2133 -81.3524 0.0 0.0 0.0 0.0 0.0 0.0 0.0
19463 3797.1669 484.2253 216.78 0.0 0.0 0.0 0.0 0.0 0.0 0.0
19471 3626.9069 430.6253 192.695 0.0 0.0 0.0 0.0 0.0 0.0 0.0
19479 3516.5569 392.7903 187.82 0.0 0.0 0.0 0.0 0.0 0.0 0.0
19487 3302.1569 339.19129999999996 181.881 0.0 0.0 0.0 0.0 0.0 0.0 0.0
19495 3065.6869 282.43829999999997 179.997 0.0 0.0 0.0 0.0 0.0 0.0 0.0
19503 2898.5769 247.75630000000004 178.357 0.0 0.0 0.0 0.0 0.0 0.0 0.0
19511 2636.8869 197.3093 177.178 0.0 0.0 0.0 0.0 0.0 0.0 0.0
19519 2334.2069 162.62730000000002 173.371 0.0 0.0 0.0 0.0 0.0 0.0 0.0
19527 2100.8969 131.09830000000002 173.587 0.0 0.0 0.0 0.0 0.0 0.0 0.0
19535 1911.7169 109.0283 172.874 0.0 0.0 0.0 0.0 0.0 0.0 0.0
19543 1653.1769 99.5693 169.082 0.0 0.0 0.0 0.0 0.0 0.0 0.0
19551 1489.2269 90.1103 169.205 0.0 0.0 0.0 0.0 0.0 0.0 0.0
19559 1306.3569 86.9573 167.572 0.0 0.0 0.0 0.0 0.0 0.0 0.0
19567 1142.4069 80.65169999999999 167.982 0.0 0.0 0.0 0.0 0.0 0.0 0.0
19575 1095.1169 80.65169999999999 167.168 0.0 0.0 0.0 0.0 0.0 0.0 0.0
19583 1066.7368999999999 80.65169999999999 166.82 0.0 0.0 0.0 0.0 0.0 0.0 0.0
19599 1066.7368999999999 80.65169999999999 166.82 0.0 0.0 0.0 0.0 0.0 0.0 0.0
19607 1091.9569 80.65169999999999 167.302 0.0 0.0 0.0 0.0 0.0 0.0 0.0
19615 1132.9469 80.65169999999999 169.176 0.0 0.0 0.0 0.0 0.0 0.0 0.0
19623 1218.0769 80.65169999999999 -28.9863 0.0 0.0 0.0 0.0 0.0 0.0 0.0
19631 1265.3669 77.4987 -24.5128 0.0 0.0 0.0 0.0 0.0 0.0 0.0
19641 1407.2468999999999 58.581199999999995 -22.5866 0.0 0.0 0.0 0.0 0.0 0.0 0.0
19647 1571.2069 39.663700000000006 -21.2126 0.0 0.0 0.0 0.0 0.0 0.0 0.0
19655 1716.2368999999999 23.899200000000004 -20.5619 0.0 0.0 0.0 0.0 0.0 0.0 0.0
19663 1905.4169 -10.782919999999999 -23.396 0.0 0.0 0.0 0.0 0.0 0.0 0.0
19671 2094.5869000000002 -45.465 -24.1553 0.0 0.0 0.0 0.0 0.0 0.0 0.0
19679 2214.3969 -64.3825 -23.4352 0.0 0.0 0.0 0.0 0.0 0.0 0.0
19751 2545.4569 -80.1471 -17.9372 0.0 0.0 0.0 0.0 0.0 0.0 0.0
19759 2495.0069000000003 -58.0767 27.071 0.0 0.0 0.0 0.0 0.0 0.0 0.0
19767 2372.0469000000003 -7.629999999999999 111.807 0.0 0.0 0.0 0.0 0.0 0.0 0.0
19775 2223.8569 49.1225 134.954 0.0 0.0 0.0 0.0 0.0 0.0 0.0
19783 2091.4369 93.2633 143.314 0.0 0.0 0.0 0.0 0.0 0.0 0.0
19791 1873.8869 159.4743 147.678 0.0 0.0 0.0 0.0 0.0 0.0 0.0
19799 1659.4868999999999 238.2973 146.219 0.0 0.0 0.0 0.0 0.0 0.0 0.0
19807 1527.0669 279.2853 147.902 0.0 0.0 0.0 0.0 0.0 0.0 0.0
19815 1309.5068999999999 345.49629999999996 148.762 0.0 0.0 0.0 0.0 0.0 0.0 0.0
19823 1139.2568999999999 414.8603 145.166 0.0 0.0 0.0 0.0 0.0 0.0 0.0
19831 1073.0468999999998 440.0843 145.133 0.0 0.0 0.0 0.0 0.0 0.0 0.0
19840 1016.2869 471.6133 141.185 0.0 0.0 0.0 0.0 0.0 0.0 0.0
19847 1009.9869 477.91929999999996 138.943 0.0 0.0 0.0 0.0 0.0 0.0 0.0
19855 1009.9869 481.0723 136.705 0.0 0.0 0.0 0.0 0.0 0.0 0.0
19863 1022.5969000000001 481.0723 130.783 0.0 0.0 0.0 0.0 0.0 0.0 0.0
19871 1041.5168999999999 477.91929999999996 121.884 0.0 0.0 0.0 0.0 0.0 0.0 0.0
19879 1066.7368999999999 471.6133 106.688 0.0 0.0 0.0 0.0 0.0 0.0 0.0
19887 1129.7968999999998 440.0843 32.9239 0.0 0.0 0.0 0.0 0.0 0.0 0.0
19895 1243.2968999999998 383.3313 -15.9158 0.0 0.0 0.0 0.0 0.0 0.0 0.0
19903 1325.2768999999998 348.6493 -27.688 0.0 0.0 0.0 0.0 0.0 0.0 0.0
19911 1470.3068999999998 272.97929999999997 -37.4231 0.0 0.0 0.0 0.0 0.0 0.0 0.0
19919 1665.7868999999998 175.23930000000001 -39.8332 0.0 0.0 0.0 0.0 0.0 0.0 0.0
19927 1886.4968999999999 55.42829999999999 -41.9473 0.0 0.0 0.0 0.0 0.0 0.0 0.0
19935 2034.6869 -17.0887510216 -40.6665 0.0 0.0 0.0 0.0 0.0 0.0 0.0