0 2000.0 1500.0 0 0.0 0.0 0.0 0.0 0.0 0.0 0.0
72 2004.012451171875 1487.9630126953125 0.017735531714009767 0.0 0.0 0.0 0.0 0.0 0.0 0.0
80 2016.049560546875 1471.9134521484375 2.6116033548134823 0.0 0.0 0.0 0.0 0.0 0.0 0.0
87 2028.086669921875 1451.8514404296875 4.22982865166675 0.0 0.0 0.0 0.0 0.0 0.0 0.0
96 2040.1240234375 1431.7894287109375 5.590166692683908 0.0 0.0 0.0 0.0 0.0 0.0 0.0
104 2044.136474609375 1427.777099609375 6.510228500233339 0.0 0.0 0.0 0.0 0.0 0.0 0.0
112 2056.173583984375 1411.7275390625 8.209639095964604 0.0 0.0 0.0 0.0 0.0 0.0 0.0
120 2060.18603515625 1403.7027587890625 8.217092265774362 0.0 0.0 0.0 0.0 0.0 0.0 0.0
129 2072.22314453125 1395.677978515625 11.273897050717153 0.0 0.0 0.0 0.0 0.0 0.0 0.0
136 2088.272705078125 1391.66552734375 16.39887495270512 0.0 0.0 0.0 0.0 0.0 0.0 0.0
146 2112.34716796875 1383.6407470703125 22.502153276097516 0.0 0.0 0.0 0.0 0.0 0.0 0.0
152 2128.396728515625 1379.62841796875 26.520720908644726 0.0 0.0 0.0 0.0 0.0 0.0 0.0
160 2144.4462890625 1379.62841796875 31.396554462567018 0.0 0.0 0.0 0.0 0.0 0.0 0.0
167 2168.5205078125 1379.62841796875 37.72255328392181 0.0 0.0 0.0 0.0 0.0 0.0 0.0
176 2188.58251953125 1379.62841796875 42.34376641419812 0.0 0.0 0.0 0.0 0.0 0.0 0.0
183 2208.64453125 1379.62841796875 46.37601358896637 0.0 0.0 0.0 0.0 0.0 0.0 0.0
191 2224.694091796875 1387.6531982421875 52.42479403339766 0.0 0.0 0.0 0.0 0.0 0.0 0.0
201 2248.7685546875 1411.7275390625 65.04767295225834 0.0 0.0 0.0 0.0 0.0 0.0 0.0
207 2280.86767578125 1447.839111328125 79.84686926770225 0.0 0.0 0.0 0.0 0.0 0.0 0.0
216 2304.94189453125 1475.92578125 89.08875325991728 0.0 0.0 0.0 0.0 0.0 0.0 0.0
224 2329.016357421875 1512.037353515625 99.01332995101362 0.0 0.0 0.0 0.0 0.0 0.0 0.0
232 2353.090576171875 1552.1612548828125 107.65918722167018 0.0 0.0 0.0 0.0 0.0 0.0 0.0
239 2381.177490234375 1588.2728271484375 112.05557912347683 0.0 0.0 0.0 0.0 0.0 0.0 0.0
250 2401.239501953125 1616.359619140625 115.1588989526438 0.0 0.0 0.0 0.0 0.0 0.0 0.0
255 2421.30126953125 1640.4339599609375 116.54235946931544 0.0 0.0 0.0 0.0 0.0 0.0 0.0
265 2433.338623046875 1652.47119140625 116.5680564487565 0.0 0.0 0.0 0.0 0.0 0.0 0.0
271 2445.375732421875 1660.4959716796875 115.39629491077167 0.0 0.0 0.0 0.0 0.0 0.0 0.0
279 2457.412841796875 1664.50830078125 113.08259166689047 0.0 0.0 0.0 0.0 0.0 0.0 0.0
287 2469.4501953125 1664.50830078125 109.61823990565335 0.0 0.0 0.0 0.0 0.0 0.0 0.0
295 2485.499755859375 1664.50830078125 105.44290289931612 0.0 0.0 0.0 0.0 0.0 0.0 0.0
303 2501.54931640625 1664.50830078125 101.68736062535415 0.0 0.0 0.0 0.0 0.0 0.0 0.0
312 2529.635986328125 1656.4835205078125 93.32238361478719 0.0 0.0 0.0 0.0 0.0 0.0 0.0
319 2561.735107421875 1628.396728515625 78.3505927599978 0.0 0.0 0.0 0.0 0.0 0.0 0.0
329 2601.859130859375 1600.31005859375 66.78794776546015 0.0 0.0 0.0 0.0 0.0 0.0 0.0
335 2662.044921875 1560.18603515625 56.18493220648206 0.0 0.0 0.0 0.0 0.0 0.0 0.0
343 2726.243408203125 1520.0621337890625 49.91222878248851 0.0 0.0 0.0 0.0 0.0 0.0 0.0
351 2818.5283203125 1471.9134521484375 47.28594725410092 0.0 0.0 0.0 0.0 0.0 0.0 0.0
360 2942.91259765625 1431.7894287109375 50.69008010828706 0.0 0.0 0.0 0.0 0.0 0.0 0.0
367 3039.2099609375 1399.6903076171875 51.88225891005193 0.0 0.0 0.0 0.0 0.0 0.0 0.0
375 3131.4951171875 1367.5911865234375 52.1896708787268 0.0 0.0 0.0 0.0 0.0 0.0 0.0
383 3211.742919921875 1359.56640625 57.68867090460763 0.0 0.0 0.0 0.0 0.0 0.0 0.0
391 3255.87939453125 1355.553955078125 60.04517964266503 0.0 0.0 0.0 0.0 0.0 0.0 0.0
399 3275.94140625 1355.553955078125 61.688329113844944 0.0 0.0 0.0 0.0 0.0 0.0 0.0
407 3287.978515625 1355.553955078125 62.58689148331611 0.0 0.0 0.0 0.0 0.0 0.0 0.0
415 3300.015625 1355.553955078125 63.40578009723443 0.0 0.0 0.0 0.0 0.0 0.0 0.0
423 3316.065185546875 1359.56640625 66.02775961177608 0.0 0.0 0.0 0.0 0.0 0.0 0.0
431 3324.090087890625 1367.5911865234375 69.91006333210466 0.0 0.0 0.0 0.0 0.0 0.0 0.0
439 3336.127197265625 1383.6407470703125 76.91058406589008 0.0 0.0 0.0 0.0 0.0 0.0 0.0
448 3352.1767578125 1407.715087890625 86.02731142245479 0.0 0.0 0.0 0.0 0.0 0.0 0.0
455 3364.2138671875 1427.777099609375 92.7921586493079 0.0 0.0 0.0 0.0 0.0 0.0 0.0
464 3376.251220703125 1451.8514404296875 100.06755089672691 0.0 0.0 0.0 0.0 0.0 0.0 0.0
471 3400.325439453125 1487.9630126953125 107.29726215713586 0.0 0.0 0.0 0.0 0.0 0.0 0.0
479 3412.36279296875 1512.037353515625 112.22408109750214 0.0 0.0 0.0 0.0 0.0 0.0 0.0
487 3428.412353515625 1536.1116943359375 115.2355762414276 0.0 0.0 0.0 0.0 0.0 0.0 0.0
495 3444.4619140625 1560.18603515625 117.6799443595107 0.0 0.0 0.0 0.0 0.0 0.0 0.0
503 3464.52392578125 1592.2852783203125 120.52417946406078 0.0 0.0 0.0 0.0 0.0 0.0 0.0
512 3480.573486328125 1612.34716796875 120.97024762348798 0.0 0.0 0.0 0.0 0.0 0.0 0.0
519 3492.610595703125 1628.396728515625 121.52153912528996 0.0 0.0 0.0 0.0 0.0 0.0 0.0
528 3508.66015625 1644.4464111328125 120.77551190455185 0.0 0.0 0.0 0.0 0.0 0.0 0.0
535 3524.709716796875 1652.47119140625 117.94947720667662 0.0 0.0 0.0 0.0 0.0 0.0 0.0
544 3552.79638671875 1664.50830078125 113.41099011826341 0.0 0.0 0.0 0.0 0.0 0.0 0.0
551 3568.845947265625 1672.5330810546875 111.49404071479879 0.0 0.0 0.0 0.0 0.0 0.0 0.0
560 3596.932861328125 1672.5330810546875 104.379828476143 0.0 0.0 0.0 0.0 0.0 0.0 0.0
567 3629.031982421875 1672.5330810546875 97.76805853391528 0.0 0.0 0.0 0.0 0.0 0.0 0.0
575 3665.1435546875 1672.5330810546875 91.92328130777537 0.0 0.0 0.0 0.0 0.0 0.0 0.0
583 3709.27978515625 1672.5330810546875 86.61212874187204 0.0 0.0 0.0 0.0 0.0 0.0 0.0
591 3757.428466796875 1672.5330810546875 82.42892102905617 0.0 0.0 0.0 0.0 0.0 0.0 0.0
599 3805.577392578125 1672.5330810546875 79.41824366715697 0.0 0.0 0.0 0.0 0.0 0.0 0.0
607 3869.775634765625 1672.5330810546875 76.78099252197266 0.0 0.0 0.0 0.0 0.0 0.0 0.0
616 3921.936767578125 1672.5330810546875 75.27810642687322 0.0 0.0 0.0 0.0 0.0 0.0 0.0
935 3898.932373046875 1423.7646484375 4.072418176984627 0.0 0.0 0.0 0.0 0.0 0.0 0.0
943 3810.65966796875 1359.56640625 328.4769338845048 0.0 0.0 0.0 0.0 0.0 0.0 0.0
951 3690.287841796875 1267.2813720703125 306.66166978403635 0.0 0.0 0.0 0.0 0.0 0.0 0.0
960 3589.97802734375 1199.0706787109375 296.3570082847107 0.0 0.0 0.0 0.0 0.0 0.0 0.0
967 3509.730224609375 1130.8599243164062 294.3954278273868 0.0 0.0 0.0 0.0 0.0 0.0 0.0
975 3461.581298828125 1086.7236328125 294.3495439970327 0.0 0.0 0.0 0.0 0.0 0.0 0.0
983 3433.49462890625 1046.5996704101562 297.8907980136347 0.0 0.0 0.0 0.0 0.0 0.0 0.0
991 3397.383056640625 994.4385375976562 301.0196249740285 0.0 0.0 0.0 0.0 0.0 0.0 0.0
999 3369.29638671875 942.2774047851562 305.06999077162845 0.0 0.0 0.0 0.0 0.0 0.0 0.0
1007 3341.20947265625 902.1535034179688 305.5536191169838 0.0 0.0 0.0 0.0 0.0 0.0 0.0
1015 3317.13525390625 854.0047607421875 308.49503011413265 0.0 0.0 0.0 0.0 0.0 0.0 0.0
1023 3293.060791015625 789.8064575195312 313.0519059954237 0.0 0.0 0.0 0.0 0.0 0.0 0.0
1031 3272.998779296875 737.6453247070312 315.45411783986606 0.0 0.0 0.0 0.0 0.0 0.0 0.0
1039 3248.924560546875 681.4718017578125 316.48740446251054 0.0 0.0 0.0 0.0 0.0 0.0 0.0
1047 3224.85009765625 633.3230590820312 316.0902603263871 0.0 0.0 0.0 0.0 0.0 0.0 0.0
1055 3208.800537109375 589.186767578125 317.66564371558275 0.0 0.0 0.0 0.0 0.0 0.0 0.0
1063 3188.738525390625 553.0751953125 316.41195298987986 0.0 0.0 0.0 0.0 0.0 0.0 0.0
1071 3172.68896484375 508.9388732910156 317.8981974750469 0.0 0.0 0.0 0.0 0.0 0.0 0.0
1080 3164.664306640625 476.8397216796875 319.9847216992032 0.0 0.0 0.0 0.0 0.0 0.0 0.0
1088 3160.65185546875 448.7529602050781 322.5409872378368 0.0 0.0 0.0 0.0 0.0 0.0 0.0
1098 3148.61474609375 416.65380859375 322.2467326287333 0.0 0.0 0.0 0.0 0.0 0.0 0.0
1104 3140.58984375 388.5670471191406 322.9331837637948 0.0 0.0 0.0 0.0 0.0 0.0 0.0
1114 3128.552734375 368.5050811767578 320.99117525217184 0.0 0.0 0.0 0.0 0.0 0.0 0.0
1120 3120.52783203125 328.3811492919922 323.35716988559705 0.0 0.0 0.0 0.0 0.0 0.0 0.0
1128 3108.49072265625 296.28199768066406 322.8842743754285 0.0 0.0 0.0 0.0 0.0 0.0 0.0
1136 3104.478271484375 272.20762634277344 324.44553585871927 0.0 0.0 0.0 0.0 0.0 0.0 0.0
1145 3092.441162109375 244.1208724975586 323.26877692272376 0.0 0.0 0.0 0.0 0.0 0.0 0.0
1152 3088.4287109375 228.07129669189453 323.7985085988955 0.0 0.0 0.0 0.0 0.0 0.0 0.0
1161 3084.416259765625 203.99693298339844 325.20865105460075 0.0 0.0 0.0 0.0 0.0 0.0 0.0
1168 3080.404052734375 183.93496704101562 325.95842715360675 0.0 0.0 0.0 0.0 0.0 0.0 0.0
1177 3080.404052734375 171.8977813720703 327.3606313043915 0.0 0.0 0.0 0.0 0.0 0.0 0.0
1184 3072.379150390625 159.86059951782227 325.3461484090427 0.0 0.0 0.0 0.0 0.0 0.0 0.0
1192 3072.379150390625 147.82341766357422 326.8015119521598 0.0 0.0 0.0 0.0 0.0 0.0 0.0
1202 3072.379150390625 143.8110237121582 327.27163176861745 0.0 0.0 0.0 0.0 0.0 0.0 0.0
1208 3072.379150390625 135.78623580932617 328.1557108321115 0.0 0.0 0.0 0.0 0.0 0.0 0.0
1217 3072.379150390625 131.77384185791016 328.5839513685801 0.0 0.0 0.0 0.0 0.0 0.0 0.0
1240 3072.379150390625 127.76144790649414 328.99906444480155 0.0 0.0 0.0 0.0 0.0 0.0 0.0
1272 3072.379150390625 123.74905395507812 329.40128362863004 0.0 0.0 0.0 0.0 0.0 0.0 0.0
1288 3072.379150390625 119.73666000366211 329.79091132047176 0.0 0.0 0.0 0.0 0.0 0.0 0.0