0 1916.1356201171875 1712.6561279296875 239.1030632612547 0.0 0.0 0.0 0.0 0.0 0.0 0.0
221 1848.7457275390625 1641.3397216796875 239.68096072120187 0.0 0.0 0.0 0.0 0.0 0.0 0.0
231 1845.7506103515625 1638.344482421875 241.46437153642668 0.0 0.0 0.0 0.0 0.0 0.0 0.0
248 1836.76513671875 1635.349365234375 244.1731629331122 0.0 0.0 0.0 0.0 0.0 0.0 0.0
251 1824.7845458984375 1632.354248046875 247.12191762357438 0.0 0.0 0.0 0.0 0.0 0.0 0.0
262 1815.799072265625 1626.3638916015625 250.74825766724314 0.0 0.0 0.0 0.0 0.0 0.0 0.0
273 1800.8232421875 1617.37841796875 255.83962260804648 0.0 0.0 0.0 0.0 0.0 0.0 0.0
281 1785.847412109375 1608.3929443359375 260.42871914798025 0.0 0.0 0.0 0.0 0.0 0.0 0.0
295 1770.8717041015625 1596.412353515625 265.7581212671877 0.0 0.0 0.0 0.0 0.0 0.0 0.0
302 1752.9007568359375 1581.4365234375 271.55892898385923 0.0 0.0 0.0 0.0 0.0 0.0 0.0
315 1734.9298095703125 1566.460693359375 276.56126890856626 0.0 0.0 0.0 0.0 0.0 0.0 0.0
324 1713.963623046875 1545.49462890625 282.7078942620092 0.0 0.0 0.0 0.0 0.0 0.0 0.0
333 1690.00244140625 1530.518798828125 285.2867106351099 0.0 0.0 0.0 0.0 0.0 0.0 0.0
348 1666.0411376953125 1509.552734375 289.42452172899254 0.0 0.0 0.0 0.0 0.0 0.0 0.0
353 1645.0750732421875 1494.576904296875 291.2824131944808 0.0 0.0 0.0 0.0 0.0 0.0 0.0
363 1621.11376953125 1479.6011962890625 292.309466526188 0.0 0.0 0.0 0.0 0.0 0.0 0.0
373 1594.1573486328125 1455.639892578125 295.4516068514065 0.0 0.0 0.0 0.0 0.0 0.0 0.0
384 1567.200927734375 1437.6689453125 296.09305366309457 0.0 0.0 0.0 0.0 0.0 0.0 0.0
396 1537.2493896484375 1419.697998046875 296.0456776852951 0.0 0.0 0.0 0.0 0.0 0.0 0.0
404 1516.283203125 1401.72705078125 297.7367395557782 0.0 0.0 0.0 0.0 0.0 0.0 0.0
414 1489.3267822265625 1386.751220703125 296.9981465023569 0.0 0.0 0.0 0.0 0.0 0.0 0.0
425 1465.3656005859375 1377.7657470703125 295.0662040436656 0.0 0.0 0.0 0.0 0.0 0.0 0.0
435 1441.404296875 1368.7802734375 293.45603729864445 0.0 0.0 0.0 0.0 0.0 0.0 0.0
446 1417.4429931640625 1365.78515625 290.07026262598356 0.0 0.0 0.0 0.0 0.0 0.0 0.0
455 1387.491455078125 1362.7900390625 286.36974116110537 0.0 0.0 0.0 0.0 0.0 0.0 0.0
465 1357.5399169921875 1359.7947998046875 283.3633118022261 0.0 0.0 0.0 0.0 0.0 0.0 0.0
479 1324.5931396484375 1359.7947998046875 279.58325803324874 0.0 0.0 0.0 0.0 0.0 0.0 0.0
486 1297.63671875 1359.7947998046875 277.02236195198816 0.0 0.0 0.0 0.0 0.0 0.0 0.0
497 1264.68994140625 1359.7947998046875 274.529707996555 0.0 0.0 0.0 0.0 0.0 0.0 0.0
507 1231.7432861328125 1359.7947998046875 272.5474878252818 0.0 0.0 0.0 0.0 0.0 0.0 0.0
517 1207.781982421875 1359.7947998046875 271.33402411831423 0.0 0.0 0.0 0.0 0.0 0.0 0.0
527 1177.8304443359375 1359.7947998046875 270.1061911069514 0.0 0.0 0.0 0.0 0.0 0.0 0.0
536 1141.8885498046875 1359.7947998046875 268.9578742862328 0.0 0.0 0.0 0.0 0.0 0.0 0.0
547 1108.9417724609375 1356.7996826171875 269.19548091517345 0.0 0.0 0.0 0.0 0.0 0.0 0.0
557 1075.9949951171875 1356.7996826171875 268.31090386299957 0.0 0.0 0.0 0.0 0.0 0.0 0.0
568 1049.03857421875 1356.7996826171875 267.71408693847627 0.0 0.0 0.0 0.0 0.0 0.0 0.0
579 1019.0870361328125 1356.7996826171875 267.1776959097946 0.0 0.0 0.0 0.0 0.0 0.0 0.0
588 989.1354370117188 1356.7996826171875 266.7439183232656 0.0 0.0 0.0 0.0 0.0 0.0 0.0
598 965.1741943359375 1362.7900390625 264.1717494037606 0.0 0.0 0.0 0.0 0.0 0.0 0.0
608 941.212890625 1362.7900390625 264.2892660122993 0.0 0.0 0.0 0.0 0.0 0.0 0.0
618 923.241943359375 1362.7900390625 264.3664996167737 0.0 0.0 0.0 0.0 0.0 0.0 0.0
629 902.27587890625 1365.78515625 263.28113130077827 0.0 0.0 0.0 0.0 0.0 0.0 0.0
639 887.300048828125 1365.78515625 263.4534825042416 0.0 0.0 0.0 0.0 0.0 0.0 0.0
649 860.3436279296875 1374.7706298828125 260.3647576879804 0.0 0.0 0.0 0.0 0.0 0.0 0.0
659 830.39208984375 1377.7657470703125 260.1409738627699 0.0 0.0 0.0 0.0 0.0 0.0 0.0
669 794.4501953125 1389.7464599609375 257.00550662482215 0.0 0.0 0.0 0.0 0.0 0.0 0.0
680 767.4937744140625 1398.73193359375 255.08078616341012 0.0 0.0 0.0 0.0 0.0 0.0 0.0
689 734.5469970703125 1413.7076416015625 251.84685937443007 0.0 0.0 0.0 0.0 0.0 0.0 0.0
700 707.590576171875 1422.693115234375 250.86292220646635 0.0 0.0 0.0 0.0 0.0 0.0 0.0
710 677.6390380859375 1437.6689453125 248.25384539340345 0.0 0.0 0.0 0.0 0.0 0.0 0.0
721 656.6729125976562 1443.6593017578125 248.3583112391223 0.0 0.0 0.0 0.0 0.0 0.0 0.0
732 635.706787109375 1452.644775390625 247.34483615214347 0.0 0.0 0.0 0.0 0.0 0.0 0.0
741 614.74072265625 1458.635009765625 247.582895372564 0.0 0.0 0.0 0.0 0.0 0.0 0.0
751 587.7843017578125 1467.6204833984375 247.37984176047652 0.0 0.0 0.0 0.0 0.0 0.0 0.0
766 563.822998046875 1473.61083984375 247.95008083107942 0.0 0.0 0.0 0.0 0.0 0.0 0.0
771 536.8665771484375 1476.60595703125 249.8182715176887 0.0 0.0 0.0 0.0 0.0 0.0 0.0
781 515.9005126953125 1479.6011962890625 250.81454422063007 0.0 0.0 0.0 0.0 0.0 0.0 0.0
792 491.9392395019531 1482.5963134765625 251.9296800767397 0.0 0.0 0.0 0.0 0.0 0.0 0.0
801 470.97314453125 1485.5914306640625 252.62443033356575 0.0 0.0 0.0 0.0 0.0 0.0 0.0
814 447.0118713378906 1485.5914306640625 254.57126761625884 0.0 0.0 0.0 0.0 0.0 0.0 0.0
822 420.0554504394531 1485.5914306640625 256.3811000422685 0.0 0.0 0.0 0.0 0.0 0.0 0.0
832 396.0942077636719 1485.5914306640625 257.7357345678985 0.0 0.0 0.0 0.0 0.0 0.0 0.0
843 375.1280822753906 1485.5914306640625 258.75353335796376 0.0 0.0 0.0 0.0 0.0 0.0 0.0
853 351.1668395996094 1485.5914306640625 259.73236315245015 0.0 0.0 0.0 0.0 0.0 0.0 0.0
864 333.1958923339844 1485.5914306640625 260.3754823844905 0.0 0.0 0.0 0.0 0.0 0.0 0.0
873 318.2200927734375 1485.5914306640625 260.854852091202 0.0 0.0 0.0 0.0 0.0 0.0 0.0
883 306.2394714355469 1485.5914306640625 261.2052660760306 0.0 0.0 0.0 0.0 0.0 0.0 0.0
896 297.2539978027344 1485.5914306640625 261.45070688179294 0.0 0.0 0.0 0.0 0.0 0.0 0.0
904 288.2685241699219 1485.5914306640625 261.67987502527023 0.0 0.0 0.0 0.0 0.0 0.0 0.0
914 285.2733459472656 1485.5914306640625 261.75451175532737 0.0 0.0 0.0 0.0 0.0 0.0 0.0
924 282.2781982421875 1485.5914306640625 261.8274366196906 0.0 0.0 0.0 0.0 0.0 0.0 0.0
934 279.2830505371094 1485.5914306640625 261.8986285674547 0.0 0.0 0.0 0.0 0.0 0.0 0.0
956 279.2830505371094 1482.5963134765625 263.253863828966 0.0 0.0 0.0 0.0 0.0 0.0 0.0
975 297.2539978027344 1479.6011962890625 264.55983633216056 0.0 0.0 0.0 0.0 0.0 0.0 0.0
985 321.2152404785156 1470.61572265625 269.48488700128314 0.0 0.0 0.0 0.0 0.0 0.0 0.0
1000 351.1668395996094 1461.6302490234375 276.12579078804856 0.0 0.0 0.0 0.0 0.0 0.0 0.0
1006 384.1135559082031 1461.6302490234375 280.0145738181626 0.0 0.0 0.0 0.0 0.0 0.0 0.0
1015 414.0651550292969 1461.6302490234375 284.583301755359 0.0 0.0 0.0 0.0 0.0 0.0 0.0
1026 438.0263977050781 1461.6302490234375 289.01740678993633 0.0 0.0 0.0 0.0 0.0 0.0 0.0
1036 464.9828186035156 1461.6302490234375 295.179185616838 0.0 0.0 0.0 0.0 0.0 0.0 0.0
1048 494.9344177246094 1464.6253662109375 302.3663566855963 0.0 0.0 0.0 0.0 0.0 0.0 0.0
1057 527.881103515625 1473.61083984375 310.1038392452846 0.0 0.0 0.0 0.0 0.0 0.0 0.0
1066 566.8181762695312 1482.5963134765625 323.03045676854174 0.0 0.0 0.0 0.0 0.0 0.0 0.0
1077 599.764892578125 1488.586669921875 336.43714185921806 0.0 0.0 0.0 0.0 0.0 0.0 0.0
1088 641.6971435546875 1503.5623779296875 355.9032459429036 0.0 0.0 0.0 0.0 0.0 0.0 0.0
1098 671.648681640625 1509.552734375 9.83766488476249 0.0 0.0 0.0 0.0 0.0 0.0 0.0
1109 692.6148071289062 1515.5430908203125 19.63901590561946 0.0 0.0 0.0 0.0 0.0 0.0 0.0
1118 713.5809326171875 1524.528564453125 29.802345623041326 0.0 0.0 0.0 0.0 0.0 0.0 0.0
1131 731.5518798828125 1533.5140380859375 38.53013902815996 0.0 0.0 0.0 0.0 0.0 0.0 0.0
1138 746.5276489257812 1536.5091552734375 44.00175196746229 0.0 0.0 0.0 0.0 0.0 0.0 0.0
1149 764.4985961914062 1542.49951171875 50.822155266650306 0.0 0.0 0.0 0.0 0.0 0.0 0.0
1160 776.479248046875 1548.48974609375 55.83343291599438 0.0 0.0 0.0 0.0 0.0 0.0 0.0
1169 791.4550170898438 1554.4801025390625 61.061118322928294 0.0 0.0 0.0 0.0 0.0 0.0 0.0
1183 803.4356689453125 1557.4752197265625 64.24488156708038 0.0 0.0 0.0 0.0 0.0 0.0 0.0
1190 815.416259765625 1560.470458984375 67.18816908342819 0.0 0.0 0.0 0.0 0.0 0.0 0.0
1201 824.4017333984375 1563.465576171875 69.57205188083218 0.0 0.0 0.0 0.0 0.0 0.0 0.0
1210 833.38720703125 1563.465576171875 70.57879924999884 0.0 0.0 0.0 0.0 0.0 0.0 0.0
1220 842.3726806640625 1563.465576171875 71.52058807388936 0.0 0.0 0.0 0.0 0.0 0.0 0.0
1232 851.358154296875 1566.460693359375 73.64506971024545 0.0 0.0 0.0 0.0 0.0 0.0 0.0
1243 869.3291015625 1569.4559326171875 76.21568291207277 0.0 0.0 0.0 0.0 0.0 0.0 0.0
1251 899.2807006835938 1572.4510498046875 78.96842914396484 0.0 0.0 0.0 0.0 0.0 0.0 0.0
1264 944.2080688476562 1575.4461669921875 81.5237664979297 0.0 0.0 0.0 0.0 0.0 0.0 0.0
1271 986.1402587890625 1575.4461669921875 82.36621440490099 0.0 0.0 0.0 0.0 0.0 0.0 0.0
1282 1031.067626953125 1575.4461669921875 83.03251460536976 0.0 0.0 0.0 0.0 0.0 0.0 0.0
1291 1070.0047607421875 1575.4461669921875 83.47419403772463 0.0 0.0 0.0 0.0 0.0 0.0 0.0
1301 1105.9466552734375 1575.4461669921875 83.79176693177381 0.0 0.0 0.0 0.0 0.0 0.0 0.0
1312 1144.8836669921875 1572.4510498046875 83.01859299830582 0.0 0.0 0.0 0.0 0.0 0.0 0.0
1322 1183.8206787109375 1572.4510498046875 83.46358103874897 0.0 0.0 0.0 0.0 0.0 0.0 0.0
1332 1228.748046875 1572.4510498046875 83.84248810297818 0.0 0.0 0.0 0.0 0.0 0.0 0.0
1345 1297.63671875 1578.44140625 85.97467545715496 0.0 0.0 0.0 0.0 0.0 0.0 0.0
1353 1375.5108642578125 1587.4268798828125 88.084290313565 0.0 0.0 0.0 0.0 0.0 0.0 0.0
1366 1438.4091796875 1596.412353515625 89.74007497380948 0.0 0.0 0.0 0.0 0.0 0.0 0.0
1373 1477.34619140625 1605.3978271484375 91.69647679793162 0.0 0.0 0.0 0.0 0.0 0.0 0.0
1383 1513.2880859375 1614.38330078125 93.33608888319074 0.0 0.0 0.0 0.0 0.0 0.0 0.0
1393 1543.2396240234375 1629.3590087890625 97.10143522992662 0.0 0.0 0.0 0.0 0.0 0.0 0.0
1403 1570.196044921875 1641.3397216796875 99.3182146519179 0.0 0.0 0.0 0.0 0.0 0.0 0.0
1418 1597.1524658203125 1659.3106689453125 103.21230701765273 0.0 0.0 0.0 0.0 0.0 0.0 0.0
1424 1624.10888671875 1683.2718505859375 108.3232446221389 0.0 0.0 0.0 0.0 0.0 0.0 0.0
1434 1654.060546875 1701.2427978515625 109.95401529585082 0.0 0.0 0.0 0.0 0.0 0.0 0.0
1445 1681.0169677734375 1722.208984375 112.66982237939817 0.0 0.0 0.0 0.0 0.0 0.0 0.0
1454 1701.9830322265625 1743.175048828125 115.91675507627073 0.0 0.0 0.0 0.0 0.0 0.0 0.0
1466 1722.9490966796875 1755.1556396484375 115.71468985395535 0.0 0.0 0.0 0.0 0.0 0.0 0.0
1475 1728.939453125 1761.14599609375 116.59767737185183 0.0 0.0 0.0 0.0 0.0 0.0 0.0
1485 1734.9298095703125 1767.1363525390625 117.42658656496226 0.0 0.0 0.0 0.0 0.0 0.0 0.0
1495 1734.9298095703125 1770.1314697265625 118.55526184645763 0.0 0.0 0.0 0.0 0.0 0.0 0.0
1505 1737.9249267578125 1773.1265869140625 118.92077482466544 0.0 0.0 0.0 0.0 0.0 0.0 0.0
1577 1734.9298095703125 1770.1314697265625 118.54288086637162 0.0 0.0 0.0 0.0 0.0 0.0 0.0
1587 1725.9443359375 1758.15087890625 115.99824867103395 0.0 0.0 0.0 0.0 0.0 0.0 0.0
1598 1719.9539794921875 1749.1654052734375 113.74238905272144 0.0 0.0 0.0 0.0 0.0 0.0 0.0
1607 1707.973388671875 1734.1895751953125 109.88440682707261 0.0 0.0 0.0 0.0 0.0 0.0 0.0
1617 1701.9830322265625 1719.2137451171875 104.38985807835617 0.0 0.0 0.0 0.0 0.0 0.0 0.0
1628 1695.99267578125 1713.2235107421875 102.63236648073284 0.0 0.0 0.0 0.0 0.0 0.0 0.0
1638 1695.99267578125 1707.233154296875 100.01387436563378 0.0 0.0 0.0 0.0 0.0 0.0 0.0
1650 1692.99755859375 1707.233154296875 100.37542407740168 0.0 0.0 0.0 0.0 0.0 0.0 0.0
1658 1690.00244140625 1704.238037109375 99.4021600867175 0.0 0.0 0.0 0.0 0.0 0.0 0.0
1689 1692.99755859375 1704.238037109375 99.07059757427429 0.0 0.0 0.0 0.0 0.0 0.0 0.0
1700 1710.968505859375 1713.2235107421875 100.7614903200247 0.0 0.0 0.0 0.0 0.0 0.0 0.0
1709 1743.915283203125 1728.19921875 102.66879161697693 0.0 0.0 0.0 0.0 0.0 0.0 0.0
1719 1776.8619384765625 1740.179931640625 103.15124567051605 0.0 0.0 0.0 0.0 0.0 0.0 0.0
1731 1812.8038330078125 1749.1654052734375 102.19962504793494 0.0 0.0 0.0 0.0 0.0 0.0 0.0
1742 1845.7506103515625 1758.15087890625 101.76751228324689 0.0 0.0 0.0 0.0 0.0 0.0 0.0
1750 1863.7215576171875 1761.14599609375 100.83880049146657 0.0 0.0 0.0 0.0 0.0 0.0 0.0
1760 1875.7021484375 1764.14111328125 100.67065714274307 0.0 0.0 0.0 0.0 0.0 0.0 0.0
1770 1887.682861328125 1764.14111328125 99.32101261116466 0.0 0.0 0.0 0.0 0.0 0.0 0.0
1781 1896.6683349609375 1764.14111328125 98.37403223692021 0.0 0.0 0.0 0.0 0.0 0.0 0.0
1791 1905.65380859375 1755.1556396484375 93.72676022184994 0.0 0.0 0.0 0.0 0.0 0.0 0.0
1801 1917.6343994140625 1734.1895751953125 84.25663371934984 0.0 0.0 0.0 0.0 0.0 0.0 0.0
1811 1935.6053466796875 1710.228271484375 74.94213094032834 0.0 0.0 0.0 0.0 0.0 0.0 0.0
1821 1941.595703125 1692.25732421875 67.93663405723642 0.0 0.0 0.0 0.0 0.0 0.0 0.0
1835 1947.5859375 1677.2816162109375 62.68055397916366 0.0 0.0 0.0 0.0 0.0 0.0 0.0
1843 1950.5811767578125 1671.291259765625 60.76081460384265 0.0 0.0 0.0 0.0 0.0 0.0 0.0
1851 1956.5714111328125 1668.296142578125 60.639450550043335 0.0 0.0 0.0 0.0 0.0 0.0 0.0
1863 1962.561767578125 1668.296142578125 61.70772629872722 0.0 0.0 0.0 0.0 0.0 0.0 0.0
1872 1974.5423583984375 1668.296142578125 63.67243839228185 0.0 0.0 0.0 0.0 0.0 0.0 0.0
1884 1992.5133056640625 1686.26708984375 73.32022831497834 0.0 0.0 0.0 0.0 0.0 0.0 0.0
1893 2019.4697265625 1713.2235107421875 85.48859271763142 0.0 0.0 0.0 0.0 0.0 0.0 0.0
2282 1857.731201171875 1653.3203125 323.9598458319315 0.0 0.0 0.0 0.0 0.0 0.0 0.0
2291 1621.11376953125 1614.38330078125 290.96258280795007 0.0 0.0 0.0 0.0 0.0 0.0 0.0
2306 1372.515625 1602.402587890625 275.4750861930006 0.0 0.0 0.0 0.0 0.0 0.0 0.0
2311 1132.903076171875 1602.402587890625 268.55810984891025 0.0 0.0 0.0 0.0 0.0 0.0 0.0
2321 923.241943359375 1602.402587890625 266.2834037719688 0.0 0.0 0.0 0.0 0.0 0.0 0.0
2331 806.4307861328125 1608.3929443359375 264.2141399201262 0.0 0.0 0.0 0.0 0.0 0.0 0.0
2343 746.5276489257812 1608.3929443359375 264.43771015575896 0.0 0.0 0.0 0.0 0.0 0.0 0.0
2358 716.5760498046875 1608.3929443359375 264.52808377126667 0.0 0.0 0.0 0.0 0.0 0.0 0.0
2361 707.590576171875 1608.3929443359375 264.553387913816 0.0 0.0 0.0 0.0 0.0 0.0 0.0
2372 707.590576171875 1611.3880615234375 263.1982078702315 0.0 0.0 0.0 0.0 0.0 0.0 0.0
2382 716.5760498046875 1614.38330078125 261.61045530696276 0.0 0.0 0.0 0.0 0.0 0.0 0.0
2392 755.5131225585938 1626.3638916015625 252.4840767635869 0.0 0.0 0.0 0.0 0.0 0.0 0.0
2402 809.4259643554688 1641.3397216796875 233.71184331887062 0.0 0.0 0.0 0.0 0.0 0.0 0.0
2413 872.3242797851562 1650.3251953125 206.23843350443403 0.0 0.0 0.0 0.0 0.0 0.0 0.0
2423 944.2080688476562 1662.3057861328125 172.01934546939597 0.0 0.0 0.0 0.0 0.0 0.0 0.0
2436 1022.0821533203125 1668.296142578125 142.44130022490398 0.0 0.0 0.0 0.0 0.0 0.0 0.0
2444 1078.990234375 1668.296142578125 125.45129774295705 0.0 0.0 0.0 0.0 0.0 0.0 0.0
2453 1120.92236328125 1668.296142578125 115.6913964185305 0.0 0.0 0.0 0.0 0.0 0.0 0.0
2464 1150.8740234375 1656.3154296875 105.75074875687886 0.0 0.0 0.0 0.0 0.0 0.0 0.0
2474 1168.844970703125 1638.344482421875 96.14322858555686 0.0 0.0 0.0 0.0 0.0 0.0 0.0
2487 1186.81591796875 1611.3880615234375 83.98436927651882 0.0 0.0 0.0 0.0 0.0 0.0 0.0
2494 1198.7965087890625 1578.44140625 70.73625514561428 0.0 0.0 0.0 0.0 0.0 0.0 0.0
2504 1198.7965087890625 1542.49951171875 56.302315367654 0.0 0.0 0.0 0.0 0.0 0.0 0.0
2515 1198.7965087890625 1509.552734375 44.8176488566828 0.0 0.0 0.0 0.0 0.0 0.0 0.0
2526 1198.7965087890625 1479.6011962890625 35.891155918388115 0.0 0.0 0.0 0.0 0.0 0.0 0.0
2536 1192.80615234375 1458.635009765625 28.37492996926609 0.0 0.0 0.0 0.0 0.0 0.0 0.0
2545 1189.81103515625 1440.6640625 23.307499582121622 0.0 0.0 0.0 0.0 0.0 0.0 0.0
2556 1186.81591796875 1431.6785888671875 20.33575207087374 0.0 0.0 0.0 0.0 0.0 0.0 0.0
2569 1186.81591796875 1425.6883544921875 19.219556086356093 0.0 0.0 0.0 0.0 0.0 0.0 0.0
2577 1183.8206787109375 1422.693115234375 17.447509916931054 0.0 0.0 0.0 0.0 0.0 0.0 0.0
2637 1192.80615234375 1422.693115234375 21.09939969788887 0.0 0.0 0.0 0.0 0.0 0.0 0.0
2648 1216.7674560546875 1428.6834716796875 31.481584360377035 0.0 0.0 0.0 0.0 0.0 0.0 0.0
2658 1255.7044677734375 1443.6593017578125 47.747047249372926 0.0 0.0 0.0 0.0 0.0 0.0 0.0
2670 1312.612548828125 1476.60595703125 69.48944671417277 0.0 0.0 0.0 0.0 0.0 0.0 0.0
2679 1387.491455078125 1527.523681640625 89.91880333314059 0.0 0.0 0.0 0.0 0.0 0.0 0.0
2691 1453.3848876953125 1575.4461669921875 101.98509812768134 0.0 0.0 0.0 0.0 0.0 0.0 0.0
2705 1504.3026123046875 1608.3929443359375 107.09708454566267 0.0 0.0 0.0 0.0 0.0 0.0 0.0
2708 1537.2493896484375 1638.344482421875 112.28561727455975 0.0 0.0 0.0 0.0 0.0 0.0 0.0
2984 1537.2493896484375 1635.349365234375 111.06878534939477 0.0 0.0 0.0 0.0 0.0 0.0 0.0
2994 1543.2396240234375 1629.3590087890625 107.52116941523673 0.0 0.0 0.0 0.0 0.0 0.0 0.0
3004 1570.196044921875 1614.38330078125 98.0960730575356 0.0 0.0 0.0 0.0 0.0 0.0 0.0
3015 1600.147705078125 1599.407470703125 90.0945591863628 0.0 0.0 0.0 0.0 0.0 0.0 0.0
3025 1654.060546875 1587.4268798828125 84.73769480594746 0.0 0.0 0.0 0.0 0.0 0.0 0.0
3035 1707.973388671875 1581.4365234375 82.88859719329419 0.0 0.0 0.0 0.0 0.0 0.0 0.0
3045 1803.818359375 1575.4461669921875 82.217923547837 0.0 0.0 0.0 0.0 0.0 0.0 0.0
3056 1887.682861328125 1572.4510498046875 82.47581600739848 0.0 0.0 0.0 0.0 0.0 0.0 0.0
3067 1998.503662109375 1566.460693359375 82.16764725335008 0.0 0.0 0.0 0.0 0.0 0.0 0.0
3076 2109.324462890625 1554.4801025390625 80.5627523087259 0.0 0.0 0.0 0.0 0.0 0.0 0.0
3090 2205.169677734375 1545.49462890625 80.12717733280756 0.0 0.0 0.0 0.0 0.0 0.0 0.0
3096 2274.05810546875 1536.5091552734375 79.18882373207373 0.0 0.0 0.0 0.0 0.0 0.0 0.0
3106 2315.990478515625 1530.518798828125 78.58499182724289 0.0 0.0 0.0 0.0 0.0 0.0 0.0
3117 2345.94189453125 1524.528564453125 77.61669518447718 0.0 0.0 0.0 0.0 0.0 0.0 0.0
3127 2357.922607421875 1521.5333251953125 77.01836277281274 0.0 0.0 0.0 0.0 0.0 0.0 0.0
3138 2363.912841796875 1518.5382080078125 76.09422780484567 0.0 0.0 0.0 0.0 0.0 0.0 0.0
3147 2366.908203125 1512.5478515625 73.6976006137117 0.0 0.0 0.0 0.0 0.0 0.0 0.0
3157 2372.8984375 1506.5576171875 71.67845745901835 0.0 0.0 0.0 0.0 0.0 0.0 0.0
3168 2375.8935546875 1494.576904296875 66.93348090595451 0.0 0.0 0.0 0.0 0.0 0.0 0.0
3177 2387.874267578125 1476.60595703125 61.601375995509784 0.0 0.0 0.0 0.0 0.0 0.0 0.0
3190 2399.854736328125 1461.6302490234375 58.007898708174835 0.0 0.0 0.0 0.0 0.0 0.0 0.0
3198 2405.84521484375 1452.644775390625 55.775051280302705 0.0 0.0 0.0 0.0 0.0 0.0 0.0
3208 2411.83544921875 1449.6495361328125 55.904095224637906 0.0 0.0 0.0 0.0 0.0 0.0 0.0
3221 2414.83056640625 1449.6495361328125 56.548136998180574 0.0 0.0 0.0 0.0 0.0 0.0 0.0
3229 2423.816162109375 1455.639892578125 60.692773827297586 0.0 0.0 0.0 0.0 0.0 0.0 0.0
3240 2447.77734375 1479.6011962890625 73.56725855835322 0.0 0.0 0.0 0.0 0.0 0.0 0.0
3251 2477.72900390625 1515.5430908203125 89.01046261643553 0.0 0.0 0.0 0.0 0.0 0.0 0.0
3260 2552.60791015625 1593.4171142578125 108.28210919965123 0.0 0.0 0.0 0.0 0.0 0.0 0.0
3273 2648.452880859375 1677.2816162109375 117.21630692159474 0.0 0.0 0.0 0.0 0.0 0.0 0.0
3280 2786.230224609375 1809.0684814453125 124.08366512088384 0.0 0.0 0.0 0.0 0.0 0.0 0.0
3290 2924.007568359375 1946.8458251953125 127.616097325028 0.0 0.0 0.0 0.0 0.0 0.0 0.0
3300 3055.79443359375 2114.5745849609375 133.3524754324371 0.0 0.0 0.0 0.0 0.0 0.0 0.0
3310 3133.66845703125 2282.3033447265625 143.24893644083767 0.0 0.0 0.0 0.0 0.0 0.0 0.0
3323 3193.57177734375 2450.0323486328125 150.2713854485047 0.0 0.0 0.0 0.0 0.0 0.0 0.0
3331 3217.532958984375 2617.7611083984375 159.72863561500913 0.0 0.0 0.0 0.0 0.0 0.0 0.0
3341 3229.513671875 2785.4898681640625 166.06139860041677 0.0 0.0 0.0 0.0 0.0 0.0 0.0
3352 3232.5087890625 2953.2186279296875 170.52239466635726 0.0 0.0 0.0 0.0 0.0 0.0 0.0
3372 3238.4990234375 3117.9525146484375 171.82639217227373 0.0 0.0 0.0 0.0 0.0 0.0 0.0
3413 3322.363525390625 3043.0736083984375 114.51771443561786 0.0 0.0 0.0 0.0 0.0 0.0 0.0
3425 3328.353759765625 2980.1751708984375 84.73412889189342 0.0 0.0 0.0 0.0 0.0 0.0 0.0
3432 3337.33935546875 2923.2672119140625 61.99992570046831 0.0 0.0 0.0 0.0 0.0 0.0 0.0
3443 3346.32470703125 2893.3157958984375 52.663151208365264 0.0 0.0 0.0 0.0 0.0 0.0 0.0
3453 3352.315185546875 2881.3348388671875 49.78665376161996 0.0 0.0 0.0 0.0 0.0 0.0 0.0
3463 3355.310302734375 2872.3494873046875 47.38615471762123 0.0 0.0 0.0 0.0 0.0 0.0 0.0
3484 3358.305419921875 2872.3494873046875 48.19664022644913 0.0 0.0 0.0 0.0 0.0 0.0 0.0
3524 3364.295654296875 2872.3494873046875 49.75790335663369 0.0 0.0 0.0 0.0 0.0 0.0 0.0
3538 3370.2861328125 2872.3494873046875 51.26048498597067 0.0 0.0 0.0 0.0 0.0 0.0 0.0
3545 3379.271484375 2878.3397216796875 55.619078263930874 0.0 0.0 0.0 0.0 0.0 0.0 0.0
3555 3394.247314453125 2881.3348388671875 59.73317810843474 0.0 0.0 0.0 0.0 0.0 0.0 0.0
3565 3406.22802734375 2887.3253173828125 64.19212669304268 0.0 0.0 0.0 0.0 0.0 0.0 0.0
3575 3415.21337890625 2890.3204345703125 66.74864337876855 0.0 0.0 0.0 0.0 0.0 0.0 0.0
3590 3424.198974609375 2890.3204345703125 67.93599299446903 0.0 0.0 0.0 0.0 0.0 0.0 0.0
3606 3427.194091796875 2893.3157958984375 69.6018072358015 0.0 0.0 0.0 0.0 0.0 0.0 0.0
3626 3427.194091796875 2890.3204345703125 68.3025478589972 0.0 0.0 0.0 0.0 0.0 0.0 0.0
3640 3430.189208984375 2878.3397216796875 63.73106407692032 0.0 0.0 0.0 0.0 0.0 0.0 0.0
3647 3436.179443359375 2860.3690185546875 57.723599532921696 0.0 0.0 0.0 0.0 0.0 0.0 0.0
3656 3439.174560546875 2851.3834228515625 54.87990455283276 0.0 0.0 0.0 0.0 0.0 0.0 0.0
3667 3442.169921875 2842.3978271484375 52.190078217458804 0.0 0.0 0.0 0.0 0.0 0.0 0.0
3677 3442.169921875 2839.4027099609375 51.06413996044317 0.0 0.0 0.0 0.0 0.0 0.0 0.0
3690 3442.169921875 2836.4075927734375 49.95301534049595 0.0 0.0 0.0 0.0 0.0 0.0 0.0
3801 3442.169921875 2833.4124755859375 48.8569085840875 0.0 0.0 0.0 0.0 0.0 0.0 0.0
3830 3442.169921875 2830.4173583984375 47.77602838653269 0.0 0.0 0.0 0.0 0.0 0.0 0.0
3842 3442.169921875 2824.4271240234375 45.67547698230392 0.0 0.0 0.0 0.0 0.0 0.0 0.0
3851 3442.169921875 2818.4366455078125 43.63724879163378 0.0 0.0 0.0 0.0 0.0 0.0 0.0
3861 3439.174560546875 2812.4464111328125 40.74658844849633 0.0 0.0 0.0 0.0 0.0 0.0 0.0
3874 3439.174560546875 2803.4608154296875 37.96873268095497 0.0 0.0 0.0 0.0 0.0 0.0 0.0
3881 3436.179443359375 2794.4754638671875 34.33624273347526 0.0 0.0 0.0 0.0 0.0 0.0 0.0
3891 3430.189208984375 2782.4947509765625 29.04182529312594 0.0 0.0 0.0 0.0 0.0 0.0 0.0
3902 3424.198974609375 2770.5140380859375 24.02811517431114 0.0 0.0 0.0 0.0 0.0 0.0 0.0
3912 3421.20361328125 2761.5286865234375 21.019502177033615 0.0 0.0 0.0 0.0 0.0 0.0 0.0
3924 3421.20361328125 2755.5384521484375 19.875145117808017 0.0 0.0 0.0 0.0 0.0 0.0 0.0