0 2000.0 1500.0 0 0.0 0.0 0.0 0.0 0.0 0.0 0.0
47 2000.0 1493.4345703125 6.738457076790041 0.0 0.0 0.0 0.0 0.0 0.0 0.0
55 1990.1517333984375 1470.4554443359375 32.77880017628465 0.0 0.0 0.0 0.0 0.0 0.0 0.0
63 1954.0418701171875 1431.062744140625 55.74534802541635 0.0 0.0 0.0 0.0 0.0 0.0 0.0
71 1865.408203125 1348.99462890625 67.91626322075282 0.0 0.0 0.0 0.0 0.0 0.0 0.0
79 1743.9473876953125 1266.926513671875 65.2390773473306 0.0 0.0 0.0 0.0 0.0 0.0 0.0
87 1589.659423828125 1165.162109375 64.00641875853418 0.0 0.0 0.0 0.0 0.0 0.0 0.0
95 1422.240478515625 1043.7012939453125 65.77765281866309 0.0 0.0 0.0 0.0 0.0 0.0 0.0
107 1235.1251220703125 922.240478515625 63.718442476450804 0.0 0.0 0.0 0.0 0.0 0.0 0.0
111 1041.4443969726562 787.6487426757812 64.81412441490724 0.0 0.0 0.0 0.0 0.0 0.0 0.0
126 834.6327514648438 679.31884765625 59.14605528310753 0.0 0.0 0.0 0.0 0.0 0.0 0.0
128 627.821044921875 557.8580322265625 60.411522780839704 0.0 0.0 0.0 0.0 0.0 0.0 0.0
135 434.14031982421875 429.8317565917969 63.12286278166957 0.0 0.0 0.0 0.0 0.0 0.0 0.0
143 260.1559143066406 301.8055114746094 65.93598501286337 0.0 0.0 0.0 0.0 0.0 0.0 0.0
152 105.86785888671875 193.47560119628906 65.45977802808474 0.0 0.0 0.0 0.0 0.0 0.0 0.0