0 1813.9792709350586 765.1668167114258 130.0363864783298 0.0 0.0 0.0 0.0 0.0 0.0 0.0
6 1807.6037826538086 761.9790725708008 130.6250188977437 0.0 0.0 0.0 0.0 0.0 0.0 0.0
14 1801.2282943725586 758.7912673950195 131.17703188519857 0.0 0.0 0.0 0.0 0.0 0.0 0.0
22 1798.0405502319336 752.4157791137695 133.7768585097994 0.0 0.0 0.0 0.0 0.0 0.0 0.0
30 1798.0405502319336 749.2280349731445 135.36577507124258 0.0 0.0 0.0 0.0 0.0 0.0 0.0
38 1791.6650619506836 742.8524856567383 137.09117940978246 0.0 0.0 0.0 0.0 0.0 0.0 0.0
46 1788.477195739746 739.6647415161133 137.92072128248935 0.0 0.0 0.0 0.0 0.0 0.0 0.0
54 1788.477195739746 733.289192199707 140.95628924911034 0.0 0.0 0.0 0.0 0.0 0.0 0.0
62 1785.289451599121 726.913703918457 143.06426040309663 0.0 0.0 0.0 0.0 0.0 0.0 0.0
70 1785.289451599121 723.725959777832 144.52807463059065 0.0 0.0 0.0 0.0 0.0 0.0 0.0
78 1785.289451599121 714.1626663208008 148.7134586898258 0.0 0.0 0.0 0.0 0.0 0.0 0.0
86 1785.289451599121 704.5993728637695 152.67933481593633 0.0 0.0 0.0 0.0 0.0 0.0 0.0
95 1785.289451599121 688.6605911254883 158.68276389999886 0.0 0.0 0.0 0.0 0.0 0.0 0.0
102 1785.289451599121 679.097297668457 162.05626993609343 0.0 0.0 0.0 0.0 0.0 0.0 0.0
112 1785.289451599121 663.1585159301758 167.08936793991637 0.0 0.0 0.0 0.0 0.0 0.0 0.0
118 1785.289451599121 650.4074783325195 170.74877324773428 0.0 0.0 0.0 0.0 0.0 0.0 0.0
126 1785.289451599121 637.6564407348633 174.06446519217099 0.0 0.0 0.0 0.0 0.0 0.0 0.0
134 1794.8528060913086 621.717658996582 181.97529411312314 0.0 0.0 0.0 0.0 0.0 0.0 0.0
142 1801.2282943725586 608.9666213989258 187.1555628259793 0.0 0.0 0.0 0.0 0.0 0.0 0.0
150 1810.7915267944336 596.2155838012695 193.38879137342775 0.0 0.0 0.0 0.0 0.0 0.0 0.0
159 1817.167137145996 589.8400344848633 197.15592810650315 0.0 0.0 0.0 0.0 0.0 0.0 0.0
166 1826.730369567871 577.088996887207 202.3800799231164 0.0 0.0 0.0 0.0 0.0 0.0 0.0
176 1833.105857849121 567.525764465332 205.57338116396846 0.0 0.0 0.0 0.0 0.0 0.0 0.0
182 1839.481346130371 561.1502151489258 208.64996061524184 0.0 0.0 0.0 0.0 0.0 0.0 0.0
190 1845.8569564819336 554.7747268676758 211.53288146894147 0.0 0.0 0.0 0.0 0.0 0.0 0.0
198 1852.2324447631836 551.5869216918945 214.5538429810041 0.0 0.0 0.0 0.0 0.0 0.0 0.0
206 1861.7956771850586 548.3991775512695 219.03431703483568 0.0 0.0 0.0 0.0 0.0 0.0 0.0
214 1864.9834213256836 548.3991775512695 220.67180359685204 0.0 0.0 0.0 0.0 0.0 0.0 0.0
222 1874.546775817871 548.3991775512695 225.44089953685986 0.0 0.0 0.0 0.0 0.0 0.0 0.0
230 1880.922264099121 545.2114334106445 227.83352513096526 0.0 0.0 0.0 0.0 0.0 0.0 0.0
239 1887.297752380371 545.2114334106445 230.87144069585423 0.0 0.0 0.0 0.0 0.0 0.0 0.0
246 1893.673240661621 545.2114334106445 233.82208929790045 0.0 0.0 0.0 0.0 0.0 0.0 0.0
254 1896.8611068725586 545.2114334106445 235.27409210467613 0.0 0.0 0.0 0.0 0.0 0.0 0.0
263 1906.4243392944336 551.5869216918945 241.46358776726197 0.0 0.0 0.0 0.0 0.0 0.0 0.0
270 1909.6120834350586 551.5869216918945 242.78257863866395 0.0 0.0 0.0 0.0 0.0 0.0 0.0
278 1915.9875717163086 564.3379592895508 250.19167321288495 0.0 0.0 0.0 0.0 0.0 0.0 0.0
286 1922.363182067871 570.713508605957 255.02339369289342 0.0 0.0 0.0 0.0 0.0 0.0 0.0
294 1931.926414489746 586.6522903442383 265.08664823439193 0.0 0.0 0.0 0.0 0.0 0.0 0.0
302 1941.489646911621 602.5910720825195 274.9045653841921 0.0 0.0 0.0 0.0 0.0 0.0 0.0
310 1951.0530014038086 624.905403137207 287.4740391842452 0.0 0.0 0.0 0.0 0.0 0.0 0.0
318 1960.6162338256836 647.2197341918945 298.97140694511563 0.0 0.0 0.0 0.0 0.0 0.0 0.0
327 1970.1794662475586 672.721809387207 310.5849613660133 0.0 0.0 0.0 0.0 0.0 0.0 0.0
334 1976.555076599121 691.8483352661133 318.4325820400808 0.0 0.0 0.0 0.0 0.0 0.0 0.0
343 1976.555076599121 710.9749221801758 327.0043483300409 0.0 0.0 0.0 0.0 0.0 0.0 0.0
350 1976.555076599121 733.289192199707 335.8457423788409 0.0 0.0 0.0 0.0 0.0 0.0 0.0
358 1976.555076599121 752.4157791137695 342.53810723658904 0.0 0.0 0.0 0.0 0.0 0.0 0.0
366 1976.555076599121 774.730110168457 349.22219858764765 0.0 0.0 0.0 0.0 0.0 0.0 0.0
377 1973.367332458496 790.6688919067383 354.7942580723631 0.0 0.0 0.0 0.0 0.0 0.0 0.0
382 1963.8039779663086 806.6076736450195 2.6327874722984177 0.0 0.0 0.0 0.0 0.0 0.0 0.0
390 1960.6162338256836 812.9832229614258 5.310658412938949 0.0 0.0 0.0 0.0 0.0 0.0 0.0
398 1957.4284896850586 822.5464553833008 8.275632986253811 0.0 0.0 0.0 0.0 0.0 0.0 0.0
406 1947.8652572631836 828.922004699707 13.915825006227124 0.0 0.0 0.0 0.0 0.0 0.0 0.0
414 1944.677391052246 835.297492980957 16.03293895047861 0.0 0.0 0.0 0.0 0.0 0.0 0.0
422 1935.114158630371 835.297492980957 21.196632295468874 0.0 0.0 0.0 0.0 0.0 0.0 0.0
430 1928.738670349121 835.297492980957 24.636319534468583 0.0 0.0 0.0 0.0 0.0 0.0 0.0
438 1919.1753158569336 835.297492980957 29.764773984742106 0.0 0.0 0.0 0.0 0.0 0.0 0.0
446 1909.6120834350586 835.297492980957 34.81835061524953 0.0 0.0 0.0 0.0 0.0 0.0 0.0
454 1893.673240661621 825.734260559082 44.77037792857226 0.0 0.0 0.0 0.0 0.0 0.0 0.0
462 1880.922264099121 816.1709671020508 53.34712312572202 0.0 0.0 0.0 0.0 0.0 0.0 0.0
470 1871.359031677246 806.6076736450195 60.60375860261405 0.0 0.0 0.0 0.0 0.0 0.0 0.0
478 1861.7956771850586 790.6688919067383 70.48120975444809 0.0 0.0 0.0 0.0 0.0 0.0 0.0
486 1852.2324447631836 781.105598449707 77.68899464696989 0.0 0.0 0.0 0.0 0.0 0.0 0.0
494 1845.8569564819336 771.5423049926758 83.88037152303968 0.0 0.0 0.0 0.0 0.0 0.0 0.0
502 1839.481346130371 758.7912673950195 91.56140716040949 0.0 0.0 0.0 0.0 0.0 0.0 0.0
511 1833.105857849121 742.8524856567383 100.72949672671149 0.0 0.0 0.0 0.0 0.0 0.0 0.0
518 1833.105857849121 733.289192199707 105.85669853292637 0.0 0.0 0.0 0.0 0.0 0.0 0.0
526 1829.918113708496 714.1626663208008 116.11512562388424 0.0 0.0 0.0 0.0 0.0 0.0 0.0
534 1829.918113708496 698.2238845825195 124.56524136677712 0.0 0.0 0.0 0.0 0.0 0.0 0.0
542 1829.918113708496 688.6605911254883 129.51403425688164 0.0 0.0 0.0 0.0 0.0 0.0 0.0
550 1833.105857849121 669.534065246582 139.55612032379446 0.0 0.0 0.0 0.0 0.0 0.0 0.0
560 1836.293601989746 656.7830276489258 146.26076121725947 0.0 0.0 0.0 0.0 0.0 0.0 0.0
566 1852.2324447631836 640.8441848754883 158.51281160484336 0.0 0.0 0.0 0.0 0.0 0.0 0.0
574 1861.7956771850586 631.2809524536133 165.75875758217524 0.0 0.0 0.0 0.0 0.0 0.0 0.0
582 1877.734519958496 621.717658996582 175.81402226895597 0.0 0.0 0.0 0.0 0.0 0.0 0.0
590 1890.485496520996 618.529914855957 182.88398241923005 0.0 0.0 0.0 0.0 0.0 0.0 0.0
599 1909.6120834350586 615.3421096801758 193.40313645733357 0.0 0.0 0.0 0.0 0.0 0.0 0.0
606 1928.738670349121 615.3421096801758 203.77619506610927 0.0 0.0 0.0 0.0 0.0 0.0 0.0
614 1944.677391052246 621.717658996582 212.87969150890243 0.0 0.0 0.0 0.0 0.0 0.0 0.0
622 1963.8039779663086 631.2809524536133 224.45027744936272 0.0 0.0 0.0 0.0 0.0 0.0 0.0
631 1976.555076599121 644.0319900512695 233.93519190474385 0.0 0.0 0.0 0.0 0.0 0.0 0.0
638 1992.493797302246 659.9707717895508 246.18262194678556 0.0 0.0 0.0 0.0 0.0 0.0 0.0
646 2005.2448959350586 672.721809387207 255.86172923475908 0.0 0.0 0.0 0.0 0.0 0.0 0.0
654 2008.432518005371 695.0361404418945 267.56024758972876 0.0 0.0 0.0 0.0 0.0 0.0 0.0
662 2014.808250427246 714.1626663208008 278.474974760882 0.0 0.0 0.0 0.0 0.0 0.0 0.0
670 2017.995994567871 742.8524856567383 294.10397247012213 0.0 0.0 0.0 0.0 0.0 0.0 0.0
679 2021.183738708496 758.7912673950195 302.3304911388848 0.0 0.0 0.0 0.0 0.0 0.0 0.0
686 2021.183738708496 774.730110168457 310.55051680681277 0.0 0.0 0.0 0.0 0.0 0.0 0.0
696 2021.183738708496 797.0443801879883 321.20636604270527 0.0 0.0 0.0 0.0 0.0 0.0 0.0
702 2021.183738708496 806.6076736450195 325.55241369762524 0.0 0.0 0.0 0.0 0.0 0.0 0.0
710 2011.620506286621 825.734260559082 336.64060264624777 0.0 0.0 0.0 0.0 0.0 0.0 0.0
718 2005.2448959350586 838.4852981567383 343.6706308663827 0.0 0.0 0.0 0.0 0.0 0.0 0.0
726 1998.8694076538086 844.8607864379883 348.4571242058398 0.0 0.0 0.0 0.0 0.0 0.0 0.0
734 1992.493797302246 851.2363357543945 353.1541261485405 0.0 0.0 0.0 0.0 0.0 0.0 0.0
744 1979.742820739746 854.4240798950195 0.18134206192127067 0.0 0.0 0.0 0.0 0.0 0.0 0.0
750 1970.1794662475586 854.4240798950195 5.1003109567086256 0.0 0.0 0.0 0.0 0.0 0.0 0.0
758 1954.2407455444336 854.4240798950195 13.618026104594094 0.0 0.0 0.0 0.0 0.0 0.0 0.0
766 1928.738670349121 841.6730422973633 28.09884671499026 0.0 0.0 0.0 0.0 0.0 0.0 0.0
776 1900.0488510131836 828.922004699707 45.28573538319466 0.0 0.0 0.0 0.0 0.0 0.0 0.0
782 1864.9834213256836 803.4199295043945 68.9833846163192 0.0 0.0 0.0 0.0 0.0 0.0 0.0
790 1836.293601989746 777.917854309082 88.29377082254877 0.0 0.0 0.0 0.0 0.0 0.0 0.0
798 1807.6037826538086 742.8524856567383 108.71060661684402 0.0 0.0 0.0 0.0 0.0 0.0 0.0
806 1785.289451599121 726.913703918457 116.54320850257812 0.0 0.0 0.0 0.0 0.0 0.0 0.0
814 1769.350730895996 698.2238845825195 129.09930629905045 0.0 0.0 0.0 0.0 0.0 0.0 0.0
822 1753.4118881225586 675.909553527832 136.66525818649217 0.0 0.0 0.0 0.0 0.0 0.0 0.0
830 1747.0363998413086 650.4074783325195 146.2966001942662 0.0 0.0 0.0 0.0 0.0 0.0 0.0
838 1737.473045349121 618.529914855957 155.49436828504378 0.0 0.0 0.0 0.0 0.0 0.0 0.0
846 1731.097557067871 599.4033279418945 159.9975462538087 0.0 0.0 0.0 0.0 0.0 0.0 0.0
854 1727.909812927246 577.088996887207 165.87664425499491 0.0 0.0 0.0 0.0 0.0 0.0 0.0
862 1727.909812927246 567.525764465332 168.76977488476314 0.0 0.0 0.0 0.0 0.0 0.0 0.0
870 1737.473045349121 551.5869216918945 177.17608623617417 0.0 0.0 0.0 0.0 0.0 0.0 0.0
878 1747.0363998413086 548.3991775512695 182.6195562437179 0.0 0.0 0.0 0.0 0.0 0.0 0.0
886 1769.350730895996 545.2114334106445 194.87234346261653 0.0 0.0 0.0 0.0 0.0 0.0 0.0
894 1785.289451599121 545.2114334106445 203.50255592563167 0.0 0.0 0.0 0.0 0.0 0.0 0.0
902 1807.6037826538086 551.5869216918945 216.10927717184137 0.0 0.0 0.0 0.0 0.0 0.0 0.0
910 1839.481346130371 567.525764465332 235.597673430261 0.0 0.0 0.0 0.0 0.0 0.0 0.0
918 1861.7956771850586 583.4645462036133 250.23489183628828 0.0 0.0 0.0 0.0 0.0 0.0 0.0
926 1893.673240661621 608.9666213989258 269.9844262693984 0.0 0.0 0.0 0.0 0.0 0.0 0.0
934 1919.1753158569336 631.2809524536133 284.11702697852473 0.0 0.0 0.0 0.0 0.0 0.0 0.0
942 1947.8652572631836 656.7830276489258 296.8657401068722 0.0 0.0 0.0 0.0 0.0 0.0 0.0
950 1973.367332458496 679.097297668457 305.60648223875216 0.0 0.0 0.0 0.0 0.0 0.0 0.0
959 1992.493797302246 710.9749221801758 317.1229002776635 0.0 0.0 0.0 0.0 0.0 0.0 0.0
966 2005.2448959350586 730.101448059082 322.6662518516837 0.0 0.0 0.0 0.0 0.0 0.0 0.0
975 2014.808250427246 749.2280349731445 328.1218113689247 0.0 0.0 0.0 0.0 0.0 0.0 0.0
982 2021.183738708496 771.5423049926758 334.7942669273405 0.0 0.0 0.0 0.0 0.0 0.0 0.0
992 2021.183738708496 784.293342590332 339.520924248449 0.0 0.0 0.0 0.0 0.0 0.0 0.0
998 2021.183738708496 800.2321853637695 344.8266205602981 0.0 0.0 0.0 0.0 0.0 0.0 0.0
1006 2021.183738708496 806.6076736450195 346.8493247176272 0.0 0.0 0.0 0.0 0.0 0.0 0.0
1014 2008.432518005371 822.5464553833008 356.8527647772277 0.0 0.0 0.0 0.0 0.0 0.0 0.0
1022 1995.681541442871 825.734260559082 3.9351249336689307 0.0 0.0 0.0 0.0 0.0 0.0 0.0
1030 1970.1794662475586 832.109748840332 18.074461620550096 0.0 0.0 0.0 0.0 0.0 0.0 0.0
1038 1944.677391052246 832.109748840332 31.79552931982721 0.0 0.0 0.0 0.0 0.0 0.0 0.0
1046 1903.2365951538086 828.922004699707 52.52221779790375 0.0 0.0 0.0 0.0 0.0 0.0 0.0
1054 1871.359031677246 816.1709671020508 69.57139780569017 0.0 0.0 0.0 0.0 0.0 0.0 0.0
1062 1839.481346130371 800.2321853637695 85.34146372140557 0.0 0.0 0.0 0.0 0.0 0.0 0.0
1070 1810.7915267944336 774.730110168457 102.00249885228044 0.0 0.0 0.0 0.0 0.0 0.0 0.0
1078 1785.289451599121 758.7912673950195 111.0661000987414 0.0 0.0 0.0 0.0 0.0 0.0 0.0
1086 1762.9751205444336 733.289192199707 122.65491732472054 0.0 0.0 0.0 0.0 0.0 0.0 0.0
1094 1747.0363998413086 710.9749221801758 131.3738406150872 0.0 0.0 0.0 0.0 0.0 0.0 0.0
1102 1724.722068786621 682.2851028442383 139.76095502553795 0.0 0.0 0.0 0.0 0.0 0.0 0.0
1111 1711.971092224121 663.1585159301758 144.87143888227484 0.0 0.0 0.0 0.0 0.0 0.0 0.0
1118 1699.2199935913086 640.8441848754883 150.2643940453127 0.0 0.0 0.0 0.0 0.0 0.0 0.0
1128 1692.8445053100586 612.1543655395508 158.62713632628328 0.0 0.0 0.0 0.0 0.0 0.0 0.0
1134 1692.8445053100586 583.4645462036133 167.59947672435965 0.0 0.0 0.0 0.0 0.0 0.0 0.0
1142 1692.8445053100586 564.3379592895508 172.77885732770665 0.0 0.0 0.0 0.0 0.0 0.0 0.0
1150 1699.2199935913086 538.8359451293945 181.1027311097073 0.0 0.0 0.0 0.0 0.0 0.0 0.0
1159 1718.346580505371 519.709358215332 193.10758489571901 0.0 0.0 0.0 0.0 0.0 0.0 0.0
1166 1727.909812927246 500.5828323364258 198.96626693256206 0.0 0.0 0.0 0.0 0.0 0.0 0.0
1176 1759.7873764038086 487.83179473876953 214.5977793323413 0.0 0.0 0.0 0.0 0.0 0.0 0.0
1182 1785.289451599121 478.2685012817383 225.39240203035166 0.0 0.0 0.0 0.0 0.0 0.0 0.0
1190 1820.354881286621 478.2685012817383 240.540083764597 0.0 0.0 0.0 0.0 0.0 0.0 0.0
1198 1849.0447006225586 481.4562454223633 252.03684877467072 0.0 0.0 0.0 0.0 0.0 0.0 0.0
1206 1871.359031677246 487.83179473876953 261.30775328953155 0.0 0.0 0.0 0.0 0.0 0.0 0.0
1214 1903.2365951538086 500.5828323364258 273.57452853710765 0.0 0.0 0.0 0.0 0.0 0.0 0.0
1222 1922.363182067871 519.709358215332 285.249336610363 0.0 0.0 0.0 0.0 0.0 0.0 0.0
1230 1944.677391052246 542.0236892700195 296.5594487454748 0.0 0.0 0.0 0.0 0.0 0.0 0.0
1238 1963.8039779663086 557.9624710083008 303.1849183598986 0.0 0.0 0.0 0.0 0.0 0.0 0.0
1246 1989.306053161621 586.6522903442383 313.0215058400087 0.0 0.0 0.0 0.0 0.0 0.0 0.0
1254 1998.8694076538086 605.7788772583008 319.8857252284623 0.0 0.0 0.0 0.0 0.0 0.0 0.0
1262 2008.432518005371 631.2809524536133 328.1617700039218 0.0 0.0 0.0 0.0 0.0 0.0 0.0
1270 2008.432518005371 647.2197341918945 334.592266830692 0.0 0.0 0.0 0.0 0.0 0.0 0.0
1278 2008.432518005371 663.1585159301758 340.40648392695664 0.0 0.0 0.0 0.0 0.0 0.0 0.0
1286 2008.432518005371 685.4728469848633 347.4069095359465 0.0 0.0 0.0 0.0 0.0 0.0 0.0
1295 1995.681541442871 701.4116287231445 357.3669026844384 0.0 0.0 0.0 0.0 0.0 0.0 0.0
1302 1982.930564880371 717.3504104614258 6.434331540815123 0.0 0.0 0.0 0.0 0.0 0.0 0.0
1311 1966.9917221069336 726.913703918457 15.651960726228765 0.0 0.0 0.0 0.0 0.0 0.0 0.0
1318 1938.301902770996 739.6647415161133 30.27103541682368 0.0 0.0 0.0 0.0 0.0 0.0 0.0
1327 1912.7998275756836 742.8524856567383 42.7236666905801 0.0 0.0 0.0 0.0 0.0 0.0 0.0
1334 1884.110008239746 742.8524856567383 55.82345727405129 0.0 0.0 0.0 0.0 0.0 0.0 0.0
1342 1864.9834213256836 739.6647415161133 64.69390764132126 0.0 0.0 0.0 0.0 0.0 0.0 0.0
1350 1842.6692123413086 726.913703918457 77.38543701253144 0.0 0.0 0.0 0.0 0.0 0.0 0.0
1360 1817.167137145996 710.9749221801758 90.66304730822091 0.0 0.0 0.0 0.0 0.0 0.0 0.0
1367 1801.2282943725586 695.0361404418945 100.91030424542657 0.0 0.0 0.0 0.0 0.0 0.0 0.0
1375 1788.477195739746 672.721809387207 113.01912866572752 0.0 0.0 0.0 0.0 0.0 0.0 0.0
1382 1772.538475036621 653.5952224731445 121.89505120194559 0.0 0.0 0.0 0.0 0.0 0.0 0.0
1392 1762.9751205444336 628.093147277832 133.09130877378237 0.0 0.0 0.0 0.0 0.0 0.0 0.0
1398 1753.4118881225586 605.7788772583008 141.25561439326003 0.0 0.0 0.0 0.0 0.0 0.0 0.0
1406 1747.0363998413086 586.6522903442383 147.76417369358632 0.0 0.0 0.0 0.0 0.0 0.0 0.0
1414 1740.6609115600586 561.1502151489258 155.5659722093257 0.0 0.0 0.0 0.0 0.0 0.0 0.0
1422 1740.6609115600586 538.8359451293945 163.26245396147868 0.0 0.0 0.0 0.0 0.0 0.0 0.0
1430 1747.0363998413086 516.521614074707 172.37247083426388 0.0 0.0 0.0 0.0 0.0 0.0 0.0
1440 1756.5996322631836 500.5828323364258 180.44718414057365 0.0 0.0 0.0 0.0 0.0 0.0 0.0
1446 1775.726219177246 487.83179473876953 191.95747319482547 0.0 0.0 0.0 0.0 0.0 0.0 0.0
1454 1801.2282943725586 475.0807571411133 205.5086143908257 0.0 0.0 0.0 0.0 0.0 0.0 0.0
1462 1829.918113708496 471.89295196533203 219.94955202258615 0.0 0.0 0.0 0.0 0.0 0.0 0.0
1470 1858.6079330444336 471.89295196533203 233.40282260976502 0.0 0.0 0.0 0.0 0.0 0.0 0.0
1478 1893.673240661621 478.2685012817383 249.15731751549072 0.0 0.0 0.0 0.0 0.0 0.0 0.0
1486 1919.1753158569336 487.83179473876953 260.89914374993447 0.0 0.0 0.0 0.0 0.0 0.0 0.0
1494 1941.489646911621 506.9583206176758 274.59999183855143 0.0 0.0 0.0 0.0 0.0 0.0 0.0
1502 1966.9917221069336 526.0849075317383 286.4705401282083 0.0 0.0 0.0 0.0 0.0 0.0 0.0
1511 1992.493797302246 548.3991775512695 297.4393511053356 0.0 0.0 0.0 0.0 0.0 0.0 0.0
1518 2024.371482849121 577.088996887207 307.96207027930876 0.0 0.0 0.0 0.0 0.0 0.0 0.0
1526 2043.497947692871 602.5910720825195 316.46821632417164 0.0 0.0 0.0 0.0 0.0 0.0 0.0
1534 2069.000144958496 640.8441848754883 326.1967200148474 0.0 0.0 0.0 0.0 0.0 0.0 0.0
1542 2078.563377380371 659.9707717895508 331.1121740947947 0.0 0.0 0.0 0.0 0.0 0.0 0.0
1550 2088.126609802246 685.4728469848633 337.3290592631883 0.0 0.0 0.0 0.0 0.0 0.0 0.0
1558 2088.126609802246 704.5993728637695 343.8398306139037 0.0 0.0 0.0 0.0 0.0 0.0 0.0
1566 2088.126609802246 720.5381546020508 348.6770356900973 0.0 0.0 0.0 0.0 0.0 0.0 0.0
1577 2084.938865661621 736.4769973754883 354.30691218777247 0.0 0.0 0.0 0.0 0.0 0.0 0.0
1582 2078.563377380371 742.8524856567383 358.852798253151 0.0 0.0 0.0 0.0 0.0 0.0 0.0
1591 2059.436668395996 755.6035232543945 10.48523514620112 0.0 0.0 0.0 0.0 0.0 0.0 0.0
1598 2040.310203552246 765.1668167114258 21.02276268088687 0.0 0.0 0.0 0.0 0.0 0.0 0.0
1605 2011.620506286621 765.1668167114258 36.25743254672528 0.0 0.0 0.0 0.0 0.0 0.0 0.0
1614 1982.930564880371 761.9790725708008 50.88622229162573 0.0 0.0 0.0 0.0 0.0 0.0 0.0
1622 1944.677391052246 755.6035232543945 68.11501995685842 0.0 0.0 0.0 0.0 0.0 0.0 0.0
1631 1928.738670349121 736.4769973754883 81.52154935207378 0.0 0.0 0.0 0.0 0.0 0.0 0.0
1638 1903.2365951538086 720.5381546020508 94.17706731838817 0.0 0.0 0.0 0.0 0.0 0.0 0.0
1646 1877.734519958496 698.2238845825195 107.55684215170385 0.0 0.0 0.0 0.0 0.0 0.0 0.0
1655 1864.9834213256836 682.2851028442383 115.81783827061332 0.0 0.0 0.0 0.0 0.0 0.0 0.0
1662 1849.0447006225586 659.9707717895508 125.69442633965946 0.0 0.0 0.0 0.0 0.0 0.0 0.0
1670 1836.293601989746 637.6564407348633 134.40012622544668 0.0 0.0 0.0 0.0 0.0 0.0 0.0
1678 1829.918113708496 612.1543655395508 144.38062177713664 0.0 0.0 0.0 0.0 0.0 0.0 0.0
1686 1820.354881286621 593.0278396606445 149.57536230709178 0.0 0.0 0.0 0.0 0.0 0.0 0.0
1694 1820.354881286621 567.525764465332 159.13014060845285 0.0 0.0 0.0 0.0 0.0 0.0 0.0
1702 1820.354881286621 551.5869216918945 164.47720313546586 0.0 0.0 0.0 0.0 0.0 0.0 0.0
1710 1833.105857849121 535.6481399536133 174.65641534004658 0.0 0.0 0.0 0.0 0.0 0.0 0.0
1718 1855.4201889038086 516.521614074707 188.96796938308893 0.0 0.0 0.0 0.0 0.0 0.0 0.0
1727 1877.734519958496 506.9583206176758 201.24049088195704 0.0 0.0 0.0 0.0 0.0 0.0 0.0
1734 1909.6120834350586 500.5828323364258 217.25072107516752 0.0 0.0 0.0 0.0 0.0 0.0 0.0
1742 1938.301902770996 500.5828323364258 231.02751970341438 0.0 0.0 0.0 0.0 0.0 0.0 0.0
1750 1982.930564880371 503.7705764770508 249.19749877300072 0.0 0.0 0.0 0.0 0.0 0.0 0.0
1759 2008.432518005371 516.521614074707 262.23733099571405 0.0 0.0 0.0 0.0 0.0 0.0 0.0
1766 2046.685691833496 538.8359451293945 279.08528608741125 0.0 0.0 0.0 0.0 0.0 0.0 0.0
1774 2069.000144958496 551.5869216918945 287.15414898533993 0.0 0.0 0.0 0.0 0.0 0.0 0.0
1782 2088.126609802246 573.901252746582 298.24101899709615 0.0 0.0 0.0 0.0 0.0 0.0 0.0
1790 2113.628562927246 599.4033279418945 307.9813754140432 0.0 0.0 0.0 0.0 0.0 0.0 0.0
1798 2129.567527770996 624.905403137207 317.0469106117794 0.0 0.0 0.0 0.0 0.0 0.0 0.0
1806 2148.693992614746 650.4074783325195 323.61013709696897 0.0 0.0 0.0 0.0 0.0 0.0 0.0
1814 2155.069480895996 672.721809387207 330.9785834311218 0.0 0.0 0.0 0.0 0.0 0.0 0.0
1822 2161.444969177246 698.2238845825195 338.21850925838214 0.0 0.0 0.0 0.0 0.0 0.0 0.0
1830 2164.632713317871 717.3504104614258 343.4485444676852 0.0 0.0 0.0 0.0 0.0 0.0 0.0
1838 2164.632713317871 733.289192199707 348.3289756341978 0.0 0.0 0.0 0.0 0.0 0.0 0.0
1846 2161.444969177246 746.0402297973633 353.23081601028554 0.0 0.0 0.0 0.0 0.0 0.0 0.0
1854 2151.881736755371 758.7912673950195 0.6295631132405788 0.0 0.0 0.0 0.0 0.0 0.0 0.0
1862 2132.755271911621 774.730110168457 12.41828869744424 0.0 0.0 0.0 0.0 0.0 0.0 0.0
1870 2110.440818786621 784.293342590332 24.40040082062245 0.0 0.0 0.0 0.0 0.0 0.0 0.0
1878 2078.563377380371 787.4811477661133 40.480152085670824 0.0 0.0 0.0 0.0 0.0 0.0 0.0
1886 2046.685691833496 787.4811477661133 55.17461746366706 0.0 0.0 0.0 0.0 0.0 0.0 0.0
1894 2005.2448959350586 781.105598449707 72.53003985139117 0.0 0.0 0.0 0.0 0.0 0.0 0.0
1902 1963.8039779663086 765.1668167114258 89.52867224117514 0.0 0.0 0.0 0.0 0.0 0.0 0.0
1910 1909.6120834350586 733.289192199707 109.02032792169433 0.0 0.0 0.0 0.0 0.0 0.0 0.0
1918 1871.359031677246 710.9749221801758 118.87831932178278 0.0 0.0 0.0 0.0 0.0 0.0 0.0
1927 1849.0447006225586 685.4728469848633 128.8410435219268 0.0 0.0 0.0 0.0 0.0 0.0 0.0
1934 1817.167137145996 653.5952224731445 137.38253139962256 0.0 0.0 0.0 0.0 0.0 0.0 0.0
1943 1804.4160385131836 631.2809524536133 144.11958940952672 0.0 0.0 0.0 0.0 0.0 0.0 0.0
1950 1785.289451599121 605.7788772583008 149.11827657817082 0.0 0.0 0.0 0.0 0.0 0.0 0.0
1958 1775.726219177246 583.4645462036133 154.66250490101254 0.0 0.0 0.0 0.0 0.0 0.0 0.0
1966 1772.538475036621 551.5869216918945 164.12537243821015 0.0 0.0 0.0 0.0 0.0 0.0 0.0
1975 1769.350730895996 532.4603958129883 168.52935402251643 0.0 0.0 0.0 0.0 0.0 0.0 0.0
1982 1778.913963317871 503.7705764770508 179.47486944704553 0.0 0.0 0.0 0.0 0.0 0.0 0.0
1991 1788.477195739746 487.83179473876953 186.8284425822756 0.0 0.0 0.0 0.0 0.0 0.0 0.0
1998 1804.4160385131836 475.0807571411133 196.20791412331522 0.0 0.0 0.0 0.0 0.0 0.0 0.0
2006 1833.105857849121 462.32971954345703 210.75028194376037 0.0 0.0 0.0 0.0 0.0 0.0 0.0
2014 1864.9834213256836 455.9541702270508 225.4655537203402 0.0 0.0 0.0 0.0 0.0 0.0 0.0
2022 1896.8611068725586 455.9541702270508 239.4171654560247 0.0 0.0 0.0 0.0 0.0 0.0 0.0
2030 1925.550926208496 459.1419143676758 251.09076907681356 0.0 0.0 0.0 0.0 0.0 0.0 0.0
2038 1960.6162338256836 478.2685012817383 268.5508337305842 0.0 0.0 0.0 0.0 0.0 0.0 0.0
2046 1982.930564880371 491.01953887939453 278.28485852831125 0.0 0.0 0.0 0.0 0.0 0.0 0.0
2054 2011.620506286621 516.521614074707 292.32684323315635 0.0 0.0 0.0 0.0 0.0 0.0 0.0
2062 2040.310203552246 538.8359451293945 301.84479406928443 0.0 0.0 0.0 0.0 0.0 0.0 0.0
2070 2062.624412536621 564.3379592895508 311.16697126212955 0.0 0.0 0.0 0.0 0.0 0.0 0.0
2079 2100.877586364746 599.4033279418945 319.05728685700035 0.0 0.0 0.0 0.0 0.0 0.0 0.0
2086 2120.004295349121 621.717658996582 324.02540645146445 0.0 0.0 0.0 0.0 0.0 0.0 0.0
2094 2145.506248474121 650.4074783325195 328.5693035877242 0.0 0.0 0.0 0.0 0.0 0.0 0.0
2102 2155.069480895996 672.721809387207 334.2079624624035 0.0 0.0 0.0 0.0 0.0 0.0 0.0
2110 2164.632713317871 695.0361404418945 338.86422372947715 0.0 0.0 0.0 0.0 0.0 0.0 0.0
2118 2164.632713317871 707.7871170043945 343.25405338436445 0.0 0.0 0.0 0.0 0.0 0.0 0.0
2126 2164.632713317871 726.913703918457 349.01155607594194 0.0 0.0 0.0 0.0 0.0 0.0 0.0
2134 2155.069480895996 742.8524856567383 357.3963820436755 0.0 0.0 0.0 0.0 0.0 0.0 0.0
2142 2145.506248474121 755.6035232543945 4.479547951815306 0.0 0.0 0.0 0.0 0.0 0.0 0.0
2150 2123.192039489746 761.9790725708008 16.906086068134613 0.0 0.0 0.0 0.0 0.0 0.0 0.0
2159 2104.065330505371 768.3545608520508 27.00115187746323 0.0 0.0 0.0 0.0 0.0 0.0 0.0
2167 2072.187889099121 774.730110168457 42.25930424780927 0.0 0.0 0.0 0.0 0.0 0.0 0.0
2175 2040.310203552246 774.730110168457 56.696299463400635 0.0 0.0 0.0 0.0 0.0 0.0 0.0
2182 1995.681541442871 768.3545608520508 74.59696523295 0.0 0.0 0.0 0.0 0.0 0.0 0.0
2190 1970.1794662475586 758.7912673950195 85.558796506405 0.0 0.0 0.0 0.0 0.0 0.0 0.0
2198 1938.301902770996 736.4769973754883 101.05017775253413 0.0 0.0 0.0 0.0 0.0 0.0 0.0
2206 1919.1753158569336 717.3504104614258 111.64554919088431 0.0 0.0 0.0 0.0 0.0 0.0 0.0
2215 1903.2365951538086 701.4116287231445 119.2556075903978 0.0 0.0 0.0 0.0 0.0 0.0 0.0
2221 1880.922264099121 672.721809387207 130.44479511886396 0.0 0.0 0.0 0.0 0.0 0.0 0.0
2230 1864.9834213256836 653.5952224731445 136.46787025322004 0.0 0.0 0.0 0.0 0.0 0.0 0.0
2238 1855.4201889038086 624.905403137207 146.53901656644547 0.0 0.0 0.0 0.0 0.0 0.0 0.0
2246 1849.0447006225586 599.4033279418945 154.55153973920523 0.0 0.0 0.0 0.0 0.0 0.0 0.0
2254 1845.8569564819336 570.713508605957 163.1501339106988 0.0 0.0 0.0 0.0 0.0 0.0 0.0
2262 1845.8569564819336 551.5869216918945 168.92114658232742 0.0 0.0 0.0 0.0 0.0 0.0 0.0
2270 1855.4201889038086 519.709358215332 180.34784817225943 0.0 0.0 0.0 0.0 0.0 0.0 0.0
2278 1864.9834213256836 506.9583206176758 187.1896144020963 0.0 0.0 0.0 0.0 0.0 0.0 0.0
2286 1884.110008239746 491.01953887939453 198.23599283331015 0.0 0.0 0.0 0.0 0.0 0.0 0.0
2294 1919.1753158569336 481.4562454223633 215.79189697387892 0.0 0.0 0.0 0.0 0.0 0.0 0.0
2302 1944.677391052246 478.2685012817383 227.64580542799027 0.0 0.0 0.0 0.0 0.0 0.0 0.0
2311 1979.742820739746 478.2685012817383 242.39749703580446 0.0 0.0 0.0 0.0 0.0 0.0 0.0
2318 2008.432518005371 481.4562454223633 253.59610063798323 0.0 0.0 0.0 0.0 0.0 0.0 0.0
2328 2040.310203552246 497.39502716064453 268.6615810051961 0.0 0.0 0.0 0.0 0.0 0.0 0.0
2334 2069.000144958496 510.1460647583008 279.0858577812233 0.0 0.0 0.0 0.0 0.0 0.0 0.0
2343 2104.065330505371 535.6481399536133 292.94981050012905 0.0 0.0 0.0 0.0 0.0 0.0 0.0
2350 2132.755271911621 557.9624710083008 302.3223564425663 0.0 0.0 0.0 0.0 0.0 0.0 0.0
2358 2151.881736755371 580.2768020629883 310.66004444569364 0.0 0.0 0.0 0.0 0.0 0.0 0.0
2366 2183.759422302246 615.3421096801758 319.7808792498698 0.0 0.0 0.0 0.0 0.0 0.0 0.0
2395 2218.824607849121 685.4728469848633 335.19596770032194 0.0 0.0 0.0 0.0 0.0 0.0 0.0
2398 2218.824607849121 707.7871170043945 342.9442500436061 0.0 0.0 0.0 0.0 0.0 0.0 0.0
2406 2218.824607849121 723.725959777832 347.8801728485113 0.0 0.0 0.0 0.0 0.0 0.0 0.0
2414 2212.449119567871 742.8524856567383 355.67777163356186 0.0 0.0 0.0 0.0 0.0 0.0 0.0
2422 2193.322654724121 758.7912673950195 7.954204161558721 0.0 0.0 0.0 0.0 0.0 0.0 0.0
2430 2174.196189880371 771.5423049926758 18.798366573617272 0.0 0.0 0.0 0.0 0.0 0.0 0.0
2438 2139.130760192871 781.105598449707 36.27231607458151 0.0 0.0 0.0 0.0 0.0 0.0 0.0
2446 2110.440818786621 787.4811477661133 48.78768951454475 0.0 0.0 0.0 0.0 0.0 0.0 0.0
2454 2062.624412536621 787.4811477661133 67.47932134137457 0.0 0.0 0.0 0.0 0.0 0.0 0.0
2461 2024.371482849121 787.4811477661133 79.04357190724264 0.0 0.0 0.0 0.0 0.0 0.0 0.0
2470 1966.9917221069336 774.730110168457 95.20271741739515 0.0 0.0 0.0 0.0 0.0 0.0 0.0
2479 1931.926414489746 752.4157791137695 108.70522438714778 0.0 0.0 0.0 0.0 0.0 0.0 0.0
2486 1903.2365951538086 739.6647415161133 115.01189703167773 0.0 0.0 0.0 0.0 0.0 0.0 0.0
2494 1864.9834213256836 707.7871170043945 126.8111904396028 0.0 0.0 0.0 0.0 0.0 0.0 0.0
2502 1839.481346130371 675.909553527832 136.94932115156502 0.0 0.0 0.0 0.0 0.0 0.0 0.0
2511 1826.730369567871 656.7830276489258 142.5209854346653 0.0 0.0 0.0 0.0 0.0 0.0 0.0
2518 1813.9792709350586 640.8441848754883 145.96884072986637 0.0 0.0 0.0 0.0 0.0 0.0 0.0
2527 1804.4160385131836 608.9666213989258 155.23686558852995 0.0 0.0 0.0 0.0 0.0 0.0 0.0
2534 1801.2282943725586 589.8400344848633 160.87103178120134 0.0 0.0 0.0 0.0 0.0 0.0 0.0
2543 1807.6037826538086 567.525764465332 170.2923038795081 0.0 0.0 0.0 0.0 0.0 0.0 0.0
2550 1817.167137145996 551.5869216918945 178.5614785613899 0.0 0.0 0.0 0.0 0.0 0.0 0.0
2559 1833.105857849121 535.6481399536133 189.02483298447203 0.0 0.0 0.0 0.0 0.0 0.0 0.0
2566 1855.4201889038086 519.709358215332 201.37697264563712 0.0 0.0 0.0 0.0 0.0 0.0 0.0
2576 1884.110008239746 513.333869934082 215.8394525588406 0.0 0.0 0.0 0.0 0.0 0.0 0.0
2582 1922.363182067871 506.9583206176758 232.3392645915674 0.0 0.0 0.0 0.0 0.0 0.0 0.0
2590 1954.2407455444336 506.9583206176758 245.1650584079536 0.0 0.0 0.0 0.0 0.0 0.0 0.0
2598 1992.493797302246 513.333869934082 259.5287602730651 0.0 0.0 0.0 0.0 0.0 0.0 0.0
2606 2027.559226989746 529.2726516723633 273.9470230539939 0.0 0.0 0.0 0.0 0.0 0.0 0.0
2614 2075.375633239746 551.5869216918945 288.1921420654557 0.0 0.0 0.0 0.0 0.0 0.0 0.0
2621 2113.628562927246 567.525764465332 295.759381531457 0.0 0.0 0.0 0.0 0.0 0.0 0.0
2630 2151.881736755371 599.4033279418945 307.33323529205927 0.0 0.0 0.0 0.0 0.0 0.0 0.0
2638 2177.383934020996 628.093147277832 316.1468745969871 0.0 0.0 0.0 0.0 0.0 0.0 0.0
2646 2199.698143005371 647.2197341918945 319.87520710756775 0.0 0.0 0.0 0.0 0.0 0.0 0.0
2654 2231.575828552246 682.2851028442383 326.22937124409367 0.0 0.0 0.0 0.0 0.0 0.0 0.0
2662 2247.514549255371 701.4116287231445 329.40220091268526 0.0 0.0 0.0 0.0 0.0 0.0 0.0
2670 2263.453269958496 726.913703918457 334.0885506967799 0.0 0.0 0.0 0.0 0.0 0.0 0.0
2680 2269.828758239746 746.0402297973633 338.79863190964363 0.0 0.0 0.0 0.0 0.0 0.0 0.0
2686 2276.204490661621 768.3545608520508 343.73366096257195 0.0 0.0 0.0 0.0 0.0 0.0 0.0
2694 2276.204490661621 777.917854309082 346.774077875783 0.0 0.0 0.0 0.0 0.0 0.0 0.0
2702 2263.453269958496 800.2321853637695 358.1322416799207 0.0 0.0 0.0 0.0 0.0 0.0 0.0
2712 2250.702293395996 806.6076736450195 5.740780546926999 0.0 0.0 0.0 0.0 0.0 0.0 0.0
2718 2231.575828552246 819.3587112426758 16.796334722670053 0.0 0.0 0.0 0.0 0.0 0.0 0.0
2726 2199.698143005371 825.734260559082 33.31186614164989 0.0 0.0 0.0 0.0 0.0 0.0 0.0
2734 2167.820701599121 828.922004699707 48.276067229860786 0.0 0.0 0.0 0.0 0.0 0.0 0.0
2743 2126.379783630371 828.922004699707 65.07420520211582 0.0 0.0 0.0 0.0 0.0 0.0 0.0
2750 2091.314353942871 825.734260559082 77.51790467738985 0.0 0.0 0.0 0.0 0.0 0.0 0.0
2759 2030.746971130371 806.6076736450195 96.82515304089438 0.0 0.0 0.0 0.0 0.0 0.0 0.0
2766 1992.493797302246 784.293342590332 109.99607129869503 0.0 0.0 0.0 0.0 0.0 0.0 0.0
2776 1960.6162338256836 758.7912673950195 121.18959235435972 0.0 0.0 0.0 0.0 0.0 0.0 0.0
2782 1909.6120834350586 717.3504104614258 132.86622152900947 0.0 0.0 0.0 0.0 0.0 0.0 0.0
2790 1884.110008239746 685.4728469848633 141.42494753877799 0.0 0.0 0.0 0.0 0.0 0.0 0.0
2808 1833.105857849121 624.905403137207 150.5211650099779 0.0 0.0 0.0 0.0 0.0 0.0 0.0
2814 1820.354881286621 589.8400344848633 158.77175993388317 0.0 0.0 0.0 0.0 0.0 0.0 0.0
2822 1817.167137145996 561.1502151489258 166.57096557571379 0.0 0.0 0.0 0.0 0.0 0.0 0.0
2830 1817.167137145996 526.0849075317383 175.34541620708222 0.0 0.0 0.0 0.0 0.0 0.0 0.0
2838 1817.167137145996 503.7705764770508 180.0233792450078 0.0 0.0 0.0 0.0 0.0 0.0 0.0
2845 1829.918113708496 481.4562454223633 189.5354525167698 0.0 0.0 0.0 0.0 0.0 0.0 0.0
2854 1849.0447006225586 455.9541702270508 200.48269072480178 0.0 0.0 0.0 0.0 0.0 0.0 0.0
2861 1871.359031677246 440.01538848876953 211.2077553635632 0.0 0.0 0.0 0.0 0.0 0.0 0.0
2869 1909.6120834350586 427.2643508911133 227.34951064593457 0.0 0.0 0.0 0.0 0.0 0.0 0.0
2878 1935.114158630371 424.0766067504883 237.71334161810654 0.0 0.0 0.0 0.0 0.0 0.0 0.0
2886 1973.367332458496 424.0766067504883 251.48644030547462 0.0 0.0 0.0 0.0 0.0 0.0 0.0
2895 1995.681541442871 433.6398391723633 262.1333519545401 0.0 0.0 0.0 0.0 0.0 0.0 0.0
2902 2030.746971130371 452.7664260864258 277.3203045299953 0.0 0.0 0.0 0.0 0.0 0.0 0.0
2911 2059.436668395996 475.0807571411133 290.17777640357815 0.0 0.0 0.0 0.0 0.0 0.0 0.0
2918 2088.126609802246 497.39502716064453 300.19360171056206 0.0 0.0 0.0 0.0 0.0 0.0 0.0
2926 2123.192039489746 532.4603958129883 311.9623174831028 0.0 0.0 0.0 0.0 0.0 0.0 0.0
2934 2151.881736755371 557.9624710083008 317.89126670558574 0.0 0.0 0.0 0.0 0.0 0.0 0.0
2943 2183.759422302246 596.2155838012695 325.8598853609069 0.0 0.0 0.0 0.0 0.0 0.0 0.0
2950 2202.885887145996 621.717658996582 330.46823365754574 0.0 0.0 0.0 0.0 0.0 0.0 0.0
2959 2231.575828552246 653.5952224731445 333.45741879244656 0.0 0.0 0.0 0.0 0.0 0.0 0.0
2966 2237.951316833496 679.097297668457 340.25559301345436 0.0 0.0 0.0 0.0 0.0 0.0 0.0
2976 2237.951316833496 710.9749221801758 349.70456439286176 0.0 0.0 0.0 0.0 0.0 0.0 0.0
2982 2237.951316833496 730.101448059082 354.59694759750744 0.0 0.0 0.0 0.0 0.0 0.0 0.0
2990 2231.575828552246 746.0402297973633 1.0037988650414889 0.0 0.0 0.0 0.0 0.0 0.0 0.0
2998 2215.636863708496 765.1668167114258 11.522370269047855 0.0 0.0 0.0 0.0 0.0 0.0 0.0
3006 2196.510398864746 777.917854309082 22.000994190994106 0.0 0.0 0.0 0.0 0.0 0.0 0.0
3014 2167.820701599121 787.4811477661133 36.03502168262014 0.0 0.0 0.0 0.0 0.0 0.0 0.0
3021 2139.130760192871 790.6688919067383 49.251940298650425 0.0 0.0 0.0 0.0 0.0 0.0 0.0
3030 2100.877586364746 790.6688919067383 64.79418215478304 0.0 0.0 0.0 0.0 0.0 0.0 0.0
3038 2069.000144958496 781.105598449707 78.8334437933674 0.0 0.0 0.0 0.0 0.0 0.0 0.0
3046 2033.934715270996 765.1668167114258 93.40000344181024 0.0 0.0 0.0 0.0 0.0 0.0 0.0
3054 1989.306053161621 742.8524856567383 107.70285106132212 0.0 0.0 0.0 0.0 0.0 0.0 0.0
3062 1951.0530014038086 717.3504104614258 119.18238947044864 0.0 0.0 0.0 0.0 0.0 0.0 0.0
3070 1903.2365951538086 679.097297668457 130.8998217079547 0.0 0.0 0.0 0.0 0.0 0.0 0.0
3078 1880.922264099121 650.4074783325195 139.39978765578695 0.0 0.0 0.0 0.0 0.0 0.0 0.0
3086 1852.2324447631836 618.529914855957 145.53351882153805 0.0 0.0 0.0 0.0 0.0 0.0 0.0
3095 1842.6692123413086 593.0278396606445 152.79174888901326 0.0 0.0 0.0 0.0 0.0 0.0 0.0
3102 1836.293601989746 561.1502151489258 161.5863735212318 0.0 0.0 0.0 0.0 0.0 0.0 0.0
3111 1833.105857849121 535.6481399536133 168.04387604860273 0.0 0.0 0.0 0.0 0.0 0.0 0.0
3118 1833.105857849121 516.521614074707 173.16304812854122 0.0 0.0 0.0 0.0 0.0 0.0 0.0
3126 1842.6692123413086 497.39502716064453 181.7274689141965 0.0 0.0 0.0 0.0 0.0 0.0 0.0
3134 1864.9834213256836 478.2685012817383 195.1619772551116 0.0 0.0 0.0 0.0 0.0 0.0 0.0
3143 1893.673240661621 462.32971954345703 209.66599895878528 0.0 0.0 0.0 0.0 0.0 0.0 0.0
3150 1925.550926208496 455.9541702270508 224.54243959767882 0.0 0.0 0.0 0.0 0.0 0.0 0.0
3159 1970.1794662475586 455.9541702270508 243.21806871757013 0.0 0.0 0.0 0.0 0.0 0.0 0.0
3166 2005.2448959350586 468.70520782470703 259.57217437465226 0.0 0.0 0.0 0.0 0.0 0.0 0.0
3175 2056.248924255371 487.83179473876953 277.2093092438472 0.0 0.0 0.0 0.0 0.0 0.0 0.0
3183 2084.938865661621 510.1460647583008 290.0901115289801 0.0 0.0 0.0 0.0 0.0 0.0 0.0
3190 2120.004295349121 532.4603958129883 299.8014659141438 0.0 0.0 0.0 0.0 0.0 0.0 0.0
3198 2158.257225036621 561.1502151489258 308.98109973459765 0.0 0.0 0.0 0.0 0.0 0.0 0.0
3206 2183.759422302246 586.6522903442383 316.1867746168293 0.0 0.0 0.0 0.0 0.0 0.0 0.0
3214 2206.073631286621 615.3421096801758 323.41556815062074 0.0 0.0 0.0 0.0 0.0 0.0 0.0
3222 2215.636863708496 634.4686965942383 328.75749937855244 0.0 0.0 0.0 0.0 0.0 0.0 0.0
3230 2231.575828552246 663.1585159301758 334.5946285495511 0.0 0.0 0.0 0.0 0.0 0.0 0.0
3238 2234.763572692871 679.097297668457 339.2818927495525 0.0 0.0 0.0 0.0 0.0 0.0 0.0
3246 2234.763572692871 698.2238845825195 345.54912019863696 0.0 0.0 0.0 0.0 0.0 0.0 0.0
3254 2234.763572692871 710.9749221801758 349.34999740780546 0.0 0.0 0.0 0.0 0.0 0.0 0.0
3261 2228.388084411621 723.725959777832 355.5726189798661 0.0 0.0 0.0 0.0 0.0 0.0 0.0
3270 2209.261375427246 733.289192199707 6.983720876053155 0.0 0.0 0.0 0.0 0.0 0.0 0.0
3278 2193.322654724121 736.4769973754883 15.762796248914754 0.0 0.0 0.0 0.0 0.0 0.0 0.0
3286 2167.820701599121 742.8524856567383 29.180324918124256 0.0 0.0 0.0 0.0 0.0 0.0 0.0
3295 2135.943016052246 742.8524856567383 45.28786838805402 0.0 0.0 0.0 0.0 0.0 0.0 0.0
3302 2091.314353942871 739.6647415161133 64.73459228775457 0.0 0.0 0.0 0.0 0.0 0.0 0.0
3311 2056.248924255371 726.913703918457 80.8132953932693 0.0 0.0 0.0 0.0 0.0 0.0 0.0
3318 2011.620506286621 701.4116287231445 99.95541027355591 0.0 0.0 0.0 0.0 0.0 0.0 0.0
3327 1986.118309020996 679.097297668457 112.23680657263759 0.0 0.0 0.0 0.0 0.0 0.0 0.0
3334 1960.6162338256836 659.9707717895508 120.6310197098939 0.0 0.0 0.0 0.0 0.0 0.0 0.0
3342 1931.926414489746 624.905403137207 133.11845262036667 0.0 0.0 0.0 0.0 0.0 0.0 0.0
3350 1912.7998275756836 602.5910720825195 139.31277742574525 0.0 0.0 0.0 0.0 0.0 0.0 0.0
3359 1903.2365951538086 573.901252746582 148.8490193926982 0.0 0.0 0.0 0.0 0.0 0.0 0.0
3366 1896.8611068725586 551.5869216918945 155.4069345068413 0.0 0.0 0.0 0.0 0.0 0.0 0.0
3376 1896.8611068725586 519.709358215332 165.82324863519517 0.0 0.0 0.0 0.0 0.0 0.0 0.0
3382 1903.2365951538086 503.7705764770508 173.09707918442132 0.0 0.0 0.0 0.0 0.0 0.0 0.0
3390 1915.9875717163086 475.0807571411133 184.56393566506148 0.0 0.0 0.0 0.0 0.0 0.0 0.0
3398 1931.926414489746 465.51746368408203 193.90215659981885 0.0 0.0 0.0 0.0 0.0 0.0 0.0
3406 1954.2407455444336 455.9541702270508 205.74904382623654 0.0 0.0 0.0 0.0 0.0 0.0 0.0
3414 1979.742820739746 443.20313262939453 217.41699013938683 0.0 0.0 0.0 0.0 0.0 0.0 0.0
3422 1995.681541442871 443.20313262939453 225.38511625529287 0.0 0.0 0.0 0.0 0.0 0.0 0.0
3430 2024.371482849121 443.20313262939453 238.126999809178 0.0 0.0 0.0 0.0 0.0 0.0 0.0
3438 2040.310203552246 455.9541702270508 249.10880251907403 0.0 0.0 0.0 0.0 0.0 0.0 0.0
3447 2065.812400817871 465.51746368408203 260.85732772272104 0.0 0.0 0.0 0.0 0.0 0.0 0.0
3454 2088.126609802246 478.2685012817383 271.68471750996486 0.0 0.0 0.0 0.0 0.0 0.0 0.0
3462 2113.628562927246 500.5828323364258 285.5167899321327 0.0 0.0 0.0 0.0 0.0 0.0 0.0
3470 2135.943016052246 519.709358215332 295.3509700981592 0.0 0.0 0.0 0.0 0.0 0.0 0.0
3479 2151.881736755371 542.0236892700195 305.3038484411905 0.0 0.0 0.0 0.0 0.0 0.0 0.0
3486 2167.820701599121 567.525764465332 314.87946134441603 0.0 0.0 0.0 0.0 0.0 0.0 0.0
3494 2183.759422302246 586.6522903442383 320.12126361173443 0.0 0.0 0.0 0.0 0.0 0.0 0.0
3502 2196.510398864746 615.3421096801758 328.67857955385784 0.0 0.0 0.0 0.0 0.0 0.0 0.0
3511 2199.698143005371 634.4686965942383 335.1662922293757 0.0 0.0 0.0 0.0 0.0 0.0 0.0
3517 2199.698143005371 650.4074783325195 340.9228371975431 0.0 0.0 0.0 0.0 0.0 0.0 0.0
3526 2199.698143005371 666.3462600708008 346.0786347747236 0.0 0.0 0.0 0.0 0.0 0.0 0.0
3534 2190.134910583496 682.2851028442383 354.7162912010411 0.0 0.0 0.0 0.0 0.0 0.0 0.0
3542 2180.571678161621 691.8483352661133 1.4194663182649379 0.0 0.0 0.0 0.0 0.0 0.0 0.0
3550 2164.632713317871 698.2238845825195 10.59138875003751 0.0 0.0 0.0 0.0 0.0 0.0 0.0
3558 2135.943016052246 704.5993728637695 26.040298875976703 0.0 0.0 0.0 0.0 0.0 0.0 0.0
3567 2113.628562927246 704.5993728637695 37.755061414217835 0.0 0.0 0.0 0.0 0.0 0.0 0.0
3574 2072.187889099121 704.5993728637695 56.67208585202718 0.0 0.0 0.0 0.0 0.0 0.0 0.0
3582 2040.310203552246 691.8483352661133 73.17468086357485 0.0 0.0 0.0 0.0 0.0 0.0 0.0
3590 1989.306053161621 666.3462600708008 95.17771026403207 0.0 0.0 0.0 0.0 0.0 0.0 0.0
3598 1951.0530014038086 644.0319900512695 108.78151515126814 0.0 0.0 0.0 0.0 0.0 0.0 0.0
3606 1893.673240661621 605.7788772583008 123.50737197455805 0.0 0.0 0.0 0.0 0.0 0.0 0.0
3615 1864.9834213256836 583.4645462036133 130.35369902787596 0.0 0.0 0.0 0.0 0.0 0.0 0.0
3622 1833.105857849121 545.2114334106445 140.64949028912258 0.0 0.0 0.0 0.0 0.0 0.0 0.0
3630 1820.354881286621 522.897102355957 146.80701078130187 0.0 0.0 0.0 0.0 0.0 0.0 0.0
3638 1810.7915267944336 503.7705764770508 151.62791014340593 0.0 0.0 0.0 0.0 0.0 0.0 0.0
3646 1804.4160385131836 487.83179473876953 155.61096965320513 0.0 0.0 0.0 0.0 0.0 0.0 0.0
3654 1804.4160385131836 468.70520782470703 162.33182799995853 0.0 0.0 0.0 0.0 0.0 0.0 0.0
3662 1807.6037826538086 449.5786819458008 169.46554094048344 0.0 0.0 0.0 0.0 0.0 0.0 0.0
3670 1817.167137145996 436.82764434814453 177.12276979034715 0.0 0.0 0.0 0.0 0.0 0.0 0.0
3678 1836.293601989746 427.2643508911133 188.47306872589348 0.0 0.0 0.0 0.0 0.0 0.0 0.0
3686 1864.9834213256836 424.0766067504883 204.10213696246947 0.0 0.0 0.0 0.0 0.0 0.0 0.0
3694 1896.8611068725586 420.88880157470703 220.21482871042758 0.0 0.0 0.0 0.0 0.0 0.0 0.0
3702 1931.926414489746 420.88880157470703 236.222013238629 0.0 0.0 0.0 0.0 0.0 0.0 0.0
3711 1960.6162338256836 433.6398391723633 251.76902312763806 0.0 0.0 0.0 0.0 0.0 0.0 0.0
3718 1998.8694076538086 459.1419143676758 272.3291546460531 0.0 0.0 0.0 0.0 0.0 0.0 0.0
3726 2024.371482849121 481.4562454223633 286.04560887707964 0.0 0.0 0.0 0.0 0.0 0.0 0.0
3734 2059.436668395996 510.1460647583008 299.392151595574 0.0 0.0 0.0 0.0 0.0 0.0 0.0
3743 2084.938865661621 535.6481399536133 308.86688828346144 0.0 0.0 0.0 0.0 0.0 0.0 0.0
3750 2107.253074645996 557.9624710083008 315.38902157469136 0.0 0.0 0.0 0.0 0.0 0.0 0.0
3759 2132.755271911621 596.2155838012695 325.42768082510094 0.0 0.0 0.0 0.0 0.0 0.0 0.0
3766 2148.693992614746 618.529914855957 329.86997371944824 0.0 0.0 0.0 0.0 0.0 0.0 0.0
3774 2158.257225036621 640.8441848754883 335.28439460035816 0.0 0.0 0.0 0.0 0.0 0.0 0.0
3782 2161.444969177246 663.1585159301758 341.8934463128029 0.0 0.0 0.0 0.0 0.0 0.0 0.0
3790 2161.444969177246 685.4728469848633 348.67382787828797 0.0 0.0 0.0 0.0 0.0 0.0 0.0
3798 2161.444969177246 695.0361404418945 351.36992007294657 0.0 0.0 0.0 0.0 0.0 0.0 0.0
3806 2148.693992614746 714.1626663208008 1.5787491673667091 0.0 0.0 0.0 0.0 0.0 0.0 0.0
3814 2135.943016052246 726.913703918457 9.857753852945109 0.0 0.0 0.0 0.0 0.0 0.0 0.0
3821 2120.004295349121 736.4769973754883 18.833894396748207 0.0 0.0 0.0 0.0 0.0 0.0 0.0
3829 2088.126609802246 742.8524856567383 35.126338035495934 0.0 0.0 0.0 0.0 0.0 0.0 0.0
3838 2069.000144958496 742.8524856567383 44.745938562283186 0.0 0.0 0.0 0.0 0.0 0.0 0.0
3846 2030.746971130371 742.8524856567383 61.16425556060884 0.0 0.0 0.0 0.0 0.0 0.0 0.0
3854 2002.0571517944336 739.6647415161133 72.56160734166133 0.0 0.0 0.0 0.0 0.0 0.0 0.0
3862 1966.9917221069336 723.725959777832 88.41879723337607 0.0 0.0 0.0 0.0 0.0 0.0 0.0
3870 1944.677391052246 704.5993728637695 101.08039491275406 0.0 0.0 0.0 0.0 0.0 0.0 0.0
3878 1912.7998275756836 682.2851028442383 113.12749047128074 0.0 0.0 0.0 0.0 0.0 0.0 0.0
3886 1896.8611068725586 659.9707717895508 123.43841187284738 0.0 0.0 0.0 0.0 0.0 0.0 0.0
3895 1884.110008239746 640.8441848754883 131.10731525071566 0.0 0.0 0.0 0.0 0.0 0.0 0.0
3902 1877.734519958496 605.7788772583008 145.36053842127762 0.0 0.0 0.0 0.0 0.0 0.0 0.0
3910 1871.359031677246 583.4645462036133 152.46202580806272 0.0 0.0 0.0 0.0 0.0 0.0 0.0
3918 1871.359031677246 551.5869216918945 163.44816175468083 0.0 0.0 0.0 0.0 0.0 0.0 0.0
3926 1871.359031677246 526.0849075317383 170.77630489172077 0.0 0.0 0.0 0.0 0.0 0.0 0.0
3934 1884.110008239746 487.83179473876953 184.05859046772872 0.0 0.0 0.0 0.0 0.0 0.0 0.0
3943 1896.8611068725586 468.70520782470703 192.68502591995997 0.0 0.0 0.0 0.0 0.0 0.0 0.0
3950 1912.7998275756836 455.9541702270508 201.48126169287815 0.0 0.0 0.0 0.0 0.0 0.0 0.0
3958 1944.677391052246 436.82764434814453 216.03130001055135 0.0 0.0 0.0 0.0 0.0 0.0 0.0
3966 1966.9917221069336 427.2643508911133 225.238454063553 0.0 0.0 0.0 0.0 0.0 0.0 0.0
3975 1992.493797302246 427.2643508911133 236.73767696861995 0.0 0.0 0.0 0.0 0.0 0.0 0.0
3982 2011.620506286621 427.2643508911133 244.47560575261642 0.0 0.0 0.0 0.0 0.0 0.0 0.0
3990 2040.310203552246 436.82764434814453 257.72069160587574 0.0 0.0 0.0 0.0 0.0 0.0 0.0
3998 2059.436668395996 446.39087677001953 266.91387965927015 0.0 0.0 0.0 0.0 0.0 0.0 0.0
4006 2088.126609802246 471.89295196533203 283.277979406502 0.0 0.0 0.0 0.0 0.0 0.0 0.0
4014 2107.253074645996 487.83179473876953 292.05540510880076 0.0 0.0 0.0 0.0 0.0 0.0 0.0
4022 2126.379783630371 503.7705764770508 299.4366609675726 0.0 0.0 0.0 0.0 0.0 0.0 0.0
4030 2148.693992614746 535.6481399536133 311.87237381874405 0.0 0.0 0.0 0.0 0.0 0.0 0.0
4038 2161.444969177246 551.5869216918945 316.9256580449528 0.0 0.0 0.0 0.0 0.0 0.0 0.0
4046 2174.196189880371 583.4645462036133 327.2805379406821 0.0 0.0 0.0 0.0 0.0 0.0 0.0
4054 2180.571678161621 599.4033279418945 331.81056289846657 0.0 0.0 0.0 0.0 0.0 0.0 0.0
4062 2180.571678161621 624.905403137207 341.0266921815927 0.0 0.0 0.0 0.0 0.0 0.0 0.0
4070 2180.571678161621 640.8441848754883 346.17129623956515 0.0 0.0 0.0 0.0 0.0 0.0 0.0
4078 2171.008445739746 659.9707717895508 355.53319562627087 0.0 0.0 0.0 0.0 0.0 0.0 0.0
4086 2158.257225036621 669.534065246582 3.7501144268301516 0.0 0.0 0.0 0.0 0.0 0.0 0.0
4094 2148.693992614746 679.097297668457 9.944017502814148 0.0 0.0 0.0 0.0 0.0 0.0 0.0
4102 2120.004295349121 682.2851028442383 25.51558468130969 0.0 0.0 0.0 0.0 0.0 0.0 0.0
4110 2094.502098083496 685.4728469848633 38.416755825521136 0.0 0.0 0.0 0.0 0.0 0.0 0.0
4118 2059.436668395996 685.4728469848633 54.70487827205807 0.0 0.0 0.0 0.0 0.0 0.0 0.0
4127 2024.371482849121 679.097297668457 70.23565711249555 0.0 0.0 0.0 0.0 0.0 0.0 0.0
4135 1976.555076599121 656.7830276489258 91.36491314066811 0.0 0.0 0.0 0.0 0.0 0.0 0.0
4143 1944.677391052246 637.6564407348633 104.25046893127427 0.0 0.0 0.0 0.0 0.0 0.0 0.0
4150 1909.6120834350586 605.7788772583008 119.36848180593836 0.0 0.0 0.0 0.0 0.0 0.0 0.0
4159 1880.922264099121 583.4645462036133 127.2181267523651 0.0 0.0 0.0 0.0 0.0 0.0 0.0
4166 1861.7956771850586 554.7747268676758 137.1353348268148 0.0 0.0 0.0 0.0 0.0 0.0 0.0
4176 1842.6692123413086 529.2726516723633 143.67924844250575 0.0 0.0 0.0 0.0 0.0 0.0 0.0
4183 1833.105857849121 503.7705764770508 151.27594254155832 0.0 0.0 0.0 0.0 0.0 0.0 0.0
4190 1829.918113708496 478.2685012817383 159.50019790969367 0.0 0.0 0.0 0.0 0.0 0.0 0.0
4198 1829.918113708496 459.1419143676758 165.73991750452615 0.0 0.0 0.0 0.0 0.0 0.0 0.0
4206 1829.918113708496 430.4520950317383 173.38007359567604 0.0 0.0 0.0 0.0 0.0 0.0 0.0
4214 1839.481346130371 411.3255386352539 181.9181947321478 0.0 0.0 0.0 0.0 0.0 0.0 0.0
4221 1864.9834213256836 392.19898223876953 196.84925102984687 0.0 0.0 0.0 0.0 0.0 0.0 0.0
4230 1887.297752380371 382.6357192993164 208.41014235693012 0.0 0.0 0.0 0.0 0.0 0.0 0.0
4238 1912.7998275756836 376.2602005004883 220.5616400511126 0.0 0.0 0.0 0.0 0.0 0.0 0.0
4246 1947.8652572631836 376.2602005004883 236.51358951116305 0.0 0.0 0.0 0.0 0.0 0.0 0.0
4254 1976.555076599121 379.4479446411133 248.6320706253087 0.0 0.0 0.0 0.0 0.0 0.0 0.0
4262 2024.371482849121 392.19898223876953 266.529479294158 0.0 0.0 0.0 0.0 0.0 0.0 0.0
4270 2056.248924255371 411.3255386352539 280.4415362499831 0.0 0.0 0.0 0.0 0.0 0.0 0.0
4278 2104.065330505371 446.39087677001953 297.47355738549487 0.0 0.0 0.0 0.0 0.0 0.0 0.0
4286 2132.755271911621 468.70520782470703 305.7772704941276 0.0 0.0 0.0 0.0 0.0 0.0 0.0
4294 2164.632713317871 503.7705764770508 316.3380824779664 0.0 0.0 0.0 0.0 0.0 0.0 0.0
4302 2186.947166442871 526.0849075317383 321.22017772397226 0.0 0.0 0.0 0.0 0.0 0.0 0.0
4310 2209.261375427246 551.5869216918945 326.12723990111806 0.0 0.0 0.0 0.0 0.0 0.0 0.0
4318 2231.575828552246 580.2768020629883 330.90447016728007 0.0 0.0 0.0 0.0 0.0 0.0 0.0
4327 2237.951316833496 605.7788772583008 338.15751464050123 0.0 0.0 0.0 0.0 0.0 0.0 0.0
4334 2241.139060974121 631.2809524536133 345.2167795859185 0.0 0.0 0.0 0.0 0.0 0.0 0.0
4341 2241.139060974121 647.2197341918945 349.9004260482727 0.0 0.0 0.0 0.0 0.0 0.0 0.0
4350 2234.763572692871 666.3462600708008 357.4560393522983 0.0 0.0 0.0 0.0 0.0 0.0 0.0
4360 2222.012596130371 679.097297668457 6.0616975831804325 0.0 0.0 0.0 0.0 0.0 0.0 0.0
4366 2202.885887145996 691.8483352661133 17.08751289409514 0.0 0.0 0.0 0.0 0.0 0.0 0.0
4375 2180.571678161621 695.0361404418945 28.95911416429709 0.0 0.0 0.0 0.0 0.0 0.0 0.0
4382 2151.881736755371 695.0361404418945 43.59264016281719 0.0 0.0 0.0 0.0 0.0 0.0 0.0
4390 2116.816551208496 691.8483352661133 59.94200775710408 0.0 0.0 0.0 0.0 0.0 0.0 0.0
4398 2069.000144958496 679.097297668457 80.09946914003643 0.0 0.0 0.0 0.0 0.0 0.0 0.0
4406 1992.493797302246 647.2197341918945 104.08720324565303 0.0 0.0 0.0 0.0 0.0 0.0 0.0
4414 1928.738670349121 618.529914855957 117.09588499590535 0.0 0.0 0.0 0.0 0.0 0.0 0.0
4422 1852.2324447631836 567.525764465332 130.7414745176307 0.0 0.0 0.0 0.0 0.0 0.0 0.0
4430 1813.9792709350586 532.4603958129883 138.76845594534853 0.0 0.0 0.0 0.0 0.0 0.0 0.0
4438 1769.350730895996 487.83179473876953 145.86527853176563 0.0 0.0 0.0 0.0 0.0 0.0 0.0
4446 1721.534324645996 433.6398391723633 152.16353230397493 0.0 0.0 0.0 0.0 0.0 0.0 0.0
4454 1705.5954818725586 408.1377944946289 156.25702524087188 0.0 0.0 0.0 0.0 0.0 0.0 0.0
4462 1686.4690170288086 376.2602005004883 160.29499852575515 0.0 0.0 0.0 0.0 0.0 0.0 0.0
4470 1680.093406677246 357.1336441040039 164.07989710347925 0.0 0.0 0.0 0.0 0.0 0.0 0.0
4478 1680.093406677246 331.6315689086914 171.30029670159234 0.0 0.0 0.0 0.0 0.0 0.0 0.0
4486 1686.4690170288086 318.88053131103516 177.37632381244197 0.0 0.0 0.0 0.0 0.0 0.0 0.0
4494 1705.5954818725586 296.5662307739258 190.19037803140446 0.0 0.0 0.0 0.0 0.0 0.0 0.0
4502 1731.097557067871 290.19071197509766 204.00961909154586 0.0 0.0 0.0 0.0 0.0 0.0 0.0
4510 1756.5996322631836 287.00293731689453 217.0388324323463 0.0 0.0 0.0 0.0 0.0 0.0 0.0
4517 1801.2282943725586 287.00293731689453 237.31248821452493 0.0 0.0 0.0 0.0 0.0 0.0 0.0
4527 1833.105857849121 290.19071197509766 250.3187294467844 0.0 0.0 0.0 0.0 0.0 0.0 0.0
4534 1880.922264099121 309.31726837158203 270.18137011218084 0.0 0.0 0.0 0.0 0.0 0.0 0.0
4543 1915.9875717163086 328.4438247680664 283.5467570806151 0.0 0.0 0.0 0.0 0.0 0.0 0.0
4550 1944.677391052246 344.38260650634766 292.3247667812076 0.0 0.0 0.0 0.0 0.0 0.0 0.0
4559 1982.930564880371 376.2602005004883 304.9295902376002 0.0 0.0 0.0 0.0 0.0 0.0 0.0
4566 2011.620506286621 404.9500198364258 313.8673526409029 0.0 0.0 0.0 0.0 0.0 0.0 0.0
4575 2024.371482849121 424.0766067504883 319.93579682192177 0.0 0.0 0.0 0.0 0.0 0.0 0.0
4582 2040.310203552246 446.39087677001953 325.4552186635958 0.0 0.0 0.0 0.0 0.0 0.0 0.0
4589 2049.873435974121 471.89295196533203 332.7278249382441 0.0 0.0 0.0 0.0 0.0 0.0 0.0
4597 2049.873435974121 491.01953887939453 339.7920316886772 0.0 0.0 0.0 0.0 0.0 0.0 0.0
4606 2049.873435974121 510.1460647583008 345.9948658383231 0.0 0.0 0.0 0.0 0.0 0.0 0.0
4614 2049.873435974121 519.709358215332 348.8798347418659 0.0 0.0 0.0 0.0 0.0 0.0 0.0
4622 2040.310203552246 535.6481399536133 357.27636687508084 0.0 0.0 0.0 0.0 0.0 0.0 0.0
4630 2024.371482849121 545.2114334106445 7.003783527872656 0.0 0.0 0.0 0.0 0.0 0.0 0.0
4638 2011.620506286621 554.7747268676758 14.576171677532074 0.0 0.0 0.0 0.0 0.0 0.0 0.0
4646 1986.118309020996 561.1502151489258 28.08797753634002 0.0 0.0 0.0 0.0 0.0 0.0 0.0
4654 1966.9917221069336 564.3379592895508 37.66851144846342 0.0 0.0 0.0 0.0 0.0 0.0 0.0
4662 1935.114158630371 564.3379592895508 52.75155394385769 0.0 0.0 0.0 0.0 0.0 0.0 0.0
4669 1909.6120834350586 561.1502151489258 64.28328350263544 0.0 0.0 0.0 0.0 0.0 0.0 0.0
4679 1874.546775817871 542.0236892700195 82.9836997078387 0.0 0.0 0.0 0.0 0.0 0.0 0.0
4686 1849.0447006225586 526.0849075317383 95.40971940629376 0.0 0.0 0.0 0.0 0.0 0.0 0.0
4694 1826.730369567871 503.7705764770508 108.45032653410323 0.0 0.0 0.0 0.0 0.0 0.0 0.0
4702 1810.7915267944336 487.83179473876953 116.51089933472957 0.0 0.0 0.0 0.0 0.0 0.0 0.0
4711 1801.2282943725586 471.89295196533203 123.9749755559863 0.0 0.0 0.0 0.0 0.0 0.0 0.0
4718 1785.289451599121 446.39087677001953 133.79981252444293 0.0 0.0 0.0 0.0 0.0 0.0 0.0
4726 1785.289451599121 427.2643508911133 142.77967534290775 0.0 0.0 0.0 0.0 0.0 0.0 0.0
4734 1785.289451599121 408.1377944946289 150.9304420926116 0.0 0.0 0.0 0.0 0.0 0.0 0.0
4743 1788.477195739746 392.19898223876953 158.21590731216554 0.0 0.0 0.0 0.0 0.0 0.0 0.0
4750 1807.6037826538086 369.88468170166016 173.3031697216461 0.0 0.0 0.0 0.0 0.0 0.0 0.0
4759 1823.542625427246 357.1336441040039 183.7381245709961 0.0 0.0 0.0 0.0 0.0 0.0 0.0
4767 1849.0447006225586 344.38260650634766 198.16458538623448 0.0 0.0 0.0 0.0 0.0 0.0 0.0
4775 1874.546775817871 338.00708770751953 211.3777907092744 0.0 0.0 0.0 0.0 0.0 0.0 0.0
4782 1896.8611068725586 338.00708770751953 222.77097542806894 0.0 0.0 0.0 0.0 0.0 0.0 0.0
4791 1922.363182067871 341.19486236572266 235.39624169908217 0.0 0.0 0.0 0.0 0.0 0.0 0.0
4798 1941.489646911621 344.38260650634766 244.30491585511592 0.0 0.0 0.0 0.0 0.0 0.0 0.0
4806 1966.9917221069336 357.1336441040039 257.94813421238274 0.0 0.0 0.0 0.0 0.0 0.0 0.0
4814 1982.930564880371 366.69693756103516 266.4266076367071 0.0 0.0 0.0 0.0 0.0 0.0 0.0
4822 2008.432518005371 392.19898223876953 282.62506485307256 0.0 0.0 0.0 0.0 0.0 0.0 0.0
4830 2024.371482849121 411.3255386352539 292.9816531326816 0.0 0.0 0.0 0.0 0.0 0.0 0.0
4838 2046.685691833496 440.01538848876953 305.5402333827981 0.0 0.0 0.0 0.0 0.0 0.0 0.0
4846 2056.248924255371 462.32971954345703 314.81689122746286 0.0 0.0 0.0 0.0 0.0 0.0 0.0
4855 2069.000144958496 478.2685012817383 319.435208945483 0.0 0.0 0.0 0.0 0.0 0.0 0.0
4862 2075.375633239746 503.7705764770508 328.6277195392647 0.0 0.0 0.0 0.0 0.0 0.0 0.0
4870 2075.375633239746 522.897102355957 336.1591385481735 0.0 0.0 0.0 0.0 0.0 0.0 0.0
4878 2075.375633239746 542.0236892700195 342.8133785424625 0.0 0.0 0.0 0.0 0.0 0.0 0.0
4886 2075.375633239746 551.5869216918945 345.9159258905964 0.0 0.0 0.0 0.0 0.0 0.0 0.0
4896 2062.624412536621 567.525764465332 355.9902212499398 0.0 0.0 0.0 0.0 0.0 0.0 0.0
4902 2056.248924255371 570.713508605957 359.8310387514839 0.0 0.0 0.0 0.0 0.0 0.0 0.0
4911 2030.746971130371 573.901252746582 13.826083677501572 0.0 0.0 0.0 0.0 0.0 0.0 0.0
4918 2014.808250427246 573.901252746582 22.456611714555834 0.0 0.0 0.0 0.0 0.0 0.0 0.0
4928 1992.493797302246 570.713508605957 34.68379001604984 0.0 0.0 0.0 0.0 0.0 0.0 0.0
4934 1960.6162338256836 557.9624710083008 53.320864180015604 0.0 0.0 0.0 0.0 0.0 0.0 0.0
4943 1938.301902770996 548.3991775512695 65.749035305881 0.0 0.0 0.0 0.0 0.0 0.0 0.0
4950 1912.7998275756836 526.0849075317383 83.28131861516624 0.0 0.0 0.0 0.0 0.0 0.0 0.0
4959 1896.8611068725586 513.333869934082 92.74104750553659 0.0 0.0 0.0 0.0 0.0 0.0 0.0
4967 1880.922264099121 487.83179473876953 107.41269077271005 0.0 0.0 0.0 0.0 0.0 0.0 0.0
4975 1874.546775817871 471.89295196533203 115.85054147210684 0.0 0.0 0.0 0.0 0.0 0.0 0.0
4982 1868.171287536621 449.5786819458008 126.77431732415721 0.0 0.0 0.0 0.0 0.0 0.0 0.0
4990 1864.9834213256836 427.2643508911133 137.10075307197587 0.0 0.0 0.0 0.0 0.0 0.0 0.0
4998 1864.9834213256836 408.1377944946289 145.79424642240213 0.0 0.0 0.0 0.0 0.0 0.0 0.0
5006 1874.546775817871 379.4479446411133 160.22512642904093 0.0 0.0 0.0 0.0 0.0 0.0 0.0
5014 1890.485496520996 357.1336441040039 173.72143250786962 0.0 0.0 0.0 0.0 0.0 0.0 0.0
5021 1915.9875717163086 334.81934356689453 190.02831597007759 0.0 0.0 0.0 0.0 0.0 0.0 0.0
5030 1951.0530014038086 325.2560501098633 208.65381971151632 0.0 0.0 0.0 0.0 0.0 0.0 0.0
5038 2002.0571517944336 312.50501251220703 230.39196746126547 0.0 0.0 0.0 0.0 0.0 0.0 0.0
5046 2040.310203552246 309.31726837158203 244.75535235582137 0.0 0.0 0.0 0.0 0.0 0.0 0.0
5054 2078.563377380371 309.31726837158203 256.95140425417947 0.0 0.0 0.0 0.0 0.0 0.0 0.0
5062 2126.379783630371 315.69278717041016 270.18723718300805 0.0 0.0 0.0 0.0 0.0 0.0 0.0
5070 2158.257225036621 331.6315689086914 281.96483301782644 0.0 0.0 0.0 0.0 0.0 0.0 0.0
5078 2196.510398864746 360.32141876220703 296.31968295402896 0.0 0.0 0.0 0.0 0.0 0.0 0.0
5086 2218.824607849121 379.4479446411133 304.11488914430214 0.0 0.0 0.0 0.0 0.0 0.0 0.0
5093 2244.326805114746 408.1377944946289 313.72382962793256 0.0 0.0 0.0 0.0 0.0 0.0 0.0
5102 2260.265525817871 427.2643508911133 319.17093517660584 0.0 0.0 0.0 0.0 0.0 0.0 0.0
5110 2269.828758239746 455.9541702270508 328.73413401686685 0.0 0.0 0.0 0.0 0.0 0.0 0.0
5118 2279.392234802246 471.89295196533203 332.12816177493596 0.0 0.0 0.0 0.0 0.0 0.0 0.0
5126 2279.392234802246 487.83179473876953 338.1852483074457 0.0 0.0 0.0 0.0 0.0 0.0 0.0
5134 2279.392234802246 506.9583206176758 344.58983882302164 0.0 0.0 0.0 0.0 0.0 0.0 0.0
5143 2276.204490661621 522.897102355957 350.64067773815236 0.0 0.0 0.0 0.0 0.0 0.0 0.0
5150 2263.453269958496 538.8359451293945 0.33505070564802963 0.0 0.0 0.0 0.0 0.0 0.0 0.0
5159 2247.514549255371 551.5869216918945 10.275561566795545 0.0 0.0 0.0 0.0 0.0 0.0 0.0
5166 2218.824607849121 554.7747268676758 25.832990268987714 0.0 0.0 0.0 0.0 0.0 0.0 0.0
5175 2199.698143005371 561.1502151489258 35.21800178544311 0.0 0.0 0.0 0.0 0.0 0.0 0.0
5182 2167.820701599121 561.1502151489258 50.620549238391845 0.0 0.0 0.0 0.0 0.0 0.0 0.0
5190 2139.130760192871 561.1502151489258 62.60816733627831 0.0 0.0 0.0 0.0 0.0 0.0 0.0
5198 2110.440818786621 554.7747268676758 74.93007174390735 0.0 0.0 0.0 0.0 0.0 0.0 0.0
5206 2075.375633239746 535.6481399536133 91.63334097641959 0.0 0.0 0.0 0.0 0.0 0.0 0.0
5214 2053.061180114746 519.709358215332 102.34677764589821 0.0 0.0 0.0 0.0 0.0 0.0 0.0
5222 2014.808250427246 491.01953887939453 116.59475251249245 0.0 0.0 0.0 0.0 0.0 0.0 0.0
5230 1992.493797302246 468.70520782470703 125.6964967908117 0.0 0.0 0.0 0.0 0.0 0.0 0.0
5238 1970.1794662475586 440.01538848876953 135.4190909365716 0.0 0.0 0.0 0.0 0.0 0.0 0.0
5246 1954.2407455444336 417.70105743408203 141.8058461179806 0.0 0.0 0.0 0.0 0.0 0.0 0.0
5254 1947.8652572631836 395.38675689697266 149.44516083037496 0.0 0.0 0.0 0.0 0.0 0.0 0.0
5262 1944.677391052246 369.88468170166016 157.96849491400786 0.0 0.0 0.0 0.0 0.0 0.0 0.0
5270 1944.677391052246 347.5703811645508 165.3235362627043 0.0 0.0 0.0 0.0 0.0 0.0 0.0
5278 1954.2407455444336 325.2560501098633 175.49261474224647 0.0 0.0 0.0 0.0 0.0 0.0 0.0
5286 1970.1794662475586 309.31726837158203 186.2531509975771 0.0 0.0 0.0 0.0 0.0 0.0 0.0
5294 1992.493797302246 290.19071197509766 199.0557505166571 0.0 0.0 0.0 0.0 0.0 0.0 0.0
5302 2014.808250427246 283.81519317626953 210.59888837336132 0.0 0.0 0.0 0.0 0.0 0.0 0.0
5311 2043.497947692871 280.6274185180664 224.48830454909773 0.0 0.0 0.0 0.0 0.0 0.0 0.0
5318 2062.624412536621 280.6274185180664 233.41026046922633 0.0 0.0 0.0 0.0 0.0 0.0 0.0
5328 2081.751121520996 280.6274185180664 241.49715442057055 0.0 0.0 0.0 0.0 0.0 0.0 0.0
5334 2107.253074645996 293.37845611572266 255.4559906232078 0.0 0.0 0.0 0.0 0.0 0.0 0.0
5343 2120.004295349121 306.1294937133789 264.80318803568116 0.0 0.0 0.0 0.0 0.0 0.0 0.0
5350 2139.130760192871 328.4438247680664 279.09800868844 0.0 0.0 0.0 0.0 0.0 0.0 0.0
5359 2151.881736755371 350.7581253051758 291.401544337208 0.0 0.0 0.0 0.0 0.0 0.0 0.0
5366 2171.008445739746 369.88468170166016 300.3279059386404 0.0 0.0 0.0 0.0 0.0 0.0 0.0
5375 2183.759422302246 392.19898223876953 309.87125988378256 0.0 0.0 0.0 0.0 0.0 0.0 0.0
5382 2190.134910583496 420.88880157470703 321.8327270392314 0.0 0.0 0.0 0.0 0.0 0.0 0.0
5390 2193.322654724121 440.01538848876953 329.15176470957203 0.0 0.0 0.0 0.0 0.0 0.0 0.0
5398 2193.322654724121 455.9541702270508 335.49115293237423 0.0 0.0 0.0 0.0 0.0 0.0 0.0
5406 2193.322654724121 478.2685012817383 343.19814451639263 0.0 0.0 0.0 0.0 0.0 0.0 0.0
5414 2183.759422302246 494.20728302001953 352.06727410701524 0.0 0.0 0.0 0.0 0.0 0.0 0.0
5421 2167.820701599121 513.333869934082 3.6599309524509067 0.0 0.0 0.0 0.0 0.0 0.0 0.0
5429 2151.881736755371 522.897102355957 13.05357502078806 0.0 0.0 0.0 0.0 0.0 0.0 0.0
5438 2129.567527770996 529.2726516723633 25.038984104706373 0.0 0.0 0.0 0.0 0.0 0.0 0.0
5445 2107.253074645996 532.4603958129883 36.41320136282553 0.0 0.0 0.0 0.0 0.0 0.0 0.0
5453 2075.375633239746 532.4603958129883 51.662180621306106 0.0 0.0 0.0 0.0 0.0 0.0 0.0
5461 2049.873435974121 519.709358215332 66.52945625099602 0.0 0.0 0.0 0.0 0.0 0.0 0.0
5470 2014.808250427246 503.7705764770508 83.53906589914595 0.0 0.0 0.0 0.0 0.0 0.0 0.0
5478 1963.8039779663086 475.0807571411133 103.637278623687 0.0 0.0 0.0 0.0 0.0 0.0 0.0
5486 1931.926414489746 449.5786819458008 116.41022498849145 0.0 0.0 0.0 0.0 0.0 0.0 0.0
5495 1890.485496520996 411.3255386352539 129.7729752708504 0.0 0.0 0.0 0.0 0.0 0.0 0.0
5502 1864.9834213256836 389.01123809814453 135.5757289475854 0.0 0.0 0.0 0.0 0.0 0.0 0.0
5511 1839.481346130371 344.38260650634766 147.6070236576084 0.0 0.0 0.0 0.0 0.0 0.0 0.0
5518 1833.105857849121 322.0683059692383 154.3601516565031 0.0 0.0 0.0 0.0 0.0 0.0 0.0
5527 1829.918113708496 293.37845611572266 162.99441975313118 0.0 0.0 0.0 0.0 0.0 0.0 0.0
5534 1829.918113708496 274.2518997192383 168.78573215870898 0.0 0.0 0.0 0.0 0.0 0.0 0.0
5543 1836.293601989746 251.9375991821289 177.13878324401054 0.0 0.0 0.0 0.0 0.0 0.0 0.0
5550 1858.6079330444336 235.99878692626953 190.8340476662031 0.0 0.0 0.0 0.0 0.0 0.0 0.0
5559 1880.922264099121 223.24774932861328 202.95125346265021 0.0 0.0 0.0 0.0 0.0 0.0 0.0
5566 1912.7998275756836 216.87223052978516 218.7491089030741 0.0 0.0 0.0 0.0 0.0 0.0 0.0
5575 1944.677391052246 216.87223052978516 233.68552178990575 0.0 0.0 0.0 0.0 0.0 0.0 0.0
5582 1986.118309020996 229.6232681274414 253.5643768624135 0.0 0.0 0.0 0.0 0.0 0.0 0.0
5590 2011.620506286621 242.37430572509766 266.0129004119755 0.0 0.0 0.0 0.0 0.0 0.0 0.0
5598 2040.310203552246 264.68863677978516 281.12264998284826 0.0 0.0 0.0 0.0 0.0 0.0 0.0
5606 2072.187889099121 283.81519317626953 291.81564085444455 0.0 0.0 0.0 0.0 0.0 0.0 0.0
5614 2094.502098083496 312.50501251220703 304.62141352025844 0.0 0.0 0.0 0.0 0.0 0.0 0.0
5621 2123.192039489746 344.38260650634766 314.83335967471936 0.0 0.0 0.0 0.0 0.0 0.0 0.0
5630 2139.130760192871 363.50916290283203 320.0833980960056 0.0 0.0 0.0 0.0 0.0 0.0 0.0
5638 2158.257225036621 392.19898223876953 327.09338309616135 0.0 0.0 0.0 0.0 0.0 0.0 0.0
5645 2167.820701599121 414.51331329345703 332.9844504135978 0.0 0.0 0.0 0.0 0.0 0.0 0.0
5654 2171.008445739746 440.01538848876953 340.92524141160766 0.0 0.0 0.0 0.0 0.0 0.0 0.0
5662 2171.008445739746 455.9541702270508 346.08080571123185 0.0 0.0 0.0 0.0 0.0 0.0 0.0
5669 2167.820701599121 471.89295196533203 351.9805834114734 0.0 0.0 0.0 0.0 0.0 0.0 0.0
5679 2158.257225036621 487.83179473876953 0.09259194418217476 0.0 0.0 0.0 0.0 0.0 0.0 0.0
5686 2145.506248474121 503.7705764770508 8.879613051458875 0.0 0.0 0.0 0.0 0.0 0.0 0.0
5694 2126.379783630371 510.1460647583008 19.444014825609997 0.0 0.0 0.0 0.0 0.0 0.0 0.0
5702 2107.253074645996 519.709358215332 29.178808335844792 0.0 0.0 0.0 0.0 0.0 0.0 0.0
5710 2078.563377380371 519.709358215332 43.79245529154355 0.0 0.0 0.0 0.0 0.0 0.0 0.0
5718 2053.061180114746 516.521614074707 56.31808400654029 0.0 0.0 0.0 0.0 0.0 0.0 0.0
5726 2024.371482849121 503.7705764770508 71.85404974912092 0.0 0.0 0.0 0.0 0.0 0.0 0.0
5734 1998.8694076538086 487.83179473876953 85.89622475797879 0.0 0.0 0.0 0.0 0.0 0.0 0.0
5743 1976.555076599121 471.89295196533203 97.4612960095962 0.0 0.0 0.0 0.0 0.0 0.0 0.0
5750 1951.0530014038086 452.7664260864258 108.80183960820233 0.0 0.0 0.0 0.0 0.0 0.0 0.0
5759 1935.114158630371 430.4520950317383 119.78311098610362 0.0 0.0 0.0 0.0 0.0 0.0 0.0
5766 1915.9875717163086 401.7622756958008 131.28399859523603 0.0 0.0 0.0 0.0 0.0 0.0 0.0
5775 1909.6120834350586 376.2602005004883 141.72946680813124 0.0 0.0 0.0 0.0 0.0 0.0 0.0
5782 1900.0488510131836 353.9458999633789 148.5192663265729 0.0 0.0 0.0 0.0 0.0 0.0 0.0
5790 1900.0488510131836 334.81934356689453 156.06271342667048 0.0 0.0 0.0 0.0 0.0 0.0 0.0
5798 1909.6120834350586 309.31726837158203 168.21880824765157 0.0 0.0 0.0 0.0 0.0 0.0 0.0
5806 1922.363182067871 296.5662307739258 177.42477425442047 0.0 0.0 0.0 0.0 0.0 0.0 0.0
5814 1941.489646911621 280.6274185180664 189.53678547587532 0.0 0.0 0.0 0.0 0.0 0.0 0.0
5821 1966.9917221069336 271.0641555786133 203.38116448496305 0.0 0.0 0.0 0.0 0.0 0.0 0.0
5830 1986.118309020996 267.87638092041016 213.26785576383514 0.0 0.0 0.0 0.0 0.0 0.0 0.0
5838 2014.808250427246 267.87638092041016 227.48324537064698 0.0 0.0 0.0 0.0 0.0 0.0 0.0
5846 2037.122459411621 277.4396743774414 240.28445399585638 0.0 0.0 0.0 0.0 0.0 0.0 0.0
5854 2056.248924255371 296.5662307739258 254.9241615917808 0.0 0.0 0.0 0.0 0.0 0.0 0.0
5862 2075.375633239746 309.31726837158203 265.8085245013767 0.0 0.0 0.0 0.0 0.0 0.0 0.0
5870 2091.314353942871 331.6315689086914 279.6285057486613 0.0 0.0 0.0 0.0 0.0 0.0 0.0
5878 2107.253074645996 347.5703811645508 288.8476729832564 0.0 0.0 0.0 0.0 0.0 0.0 0.0
5886 2123.192039489746 373.0724563598633 301.29354197833686 0.0 0.0 0.0 0.0 0.0 0.0 0.0
5894 2129.567527770996 395.38675689697266 311.63972578526324 0.0 0.0 0.0 0.0 0.0 0.0 0.0
5902 2135.943016052246 411.3255386352539 317.9784021752471 0.0 0.0 0.0 0.0 0.0 0.0 0.0
5910 2142.318504333496 430.4520950317383 324.91540241418835 0.0 0.0 0.0 0.0 0.0 0.0 0.0
5918 2142.318504333496 449.5786819458008 332.84673207777575 0.0 0.0 0.0 0.0 0.0 0.0 0.0
5925 2142.318504333496 462.32971954345703 337.72809882347343 0.0 0.0 0.0 0.0 0.0 0.0 0.0
5934 2142.318504333496 471.89295196533203 341.16213410221815 0.0 0.0 0.0 0.0 0.0 0.0 0.0
5941 2129.567527770996 484.6439895629883 350.6909302821268 0.0 0.0 0.0 0.0 0.0 0.0 0.0
5950 2120.004295349121 484.6439895629883 355.2677190441758 0.0 0.0 0.0 0.0 0.0 0.0 0.0
5959 2107.253074645996 487.83179473876953 2.3303673697228646 0.0 0.0 0.0 0.0 0.0 0.0 0.0
5966 2094.502098083496 487.83179473876953 9.024384021168203 0.0 0.0 0.0 0.0 0.0 0.0 0.0
5974 2075.375633239746 487.83179473876953 19.37937541471041 0.0 0.0 0.0 0.0 0.0 0.0 0.0
5982 2056.248924255371 471.89295196533203 30.87118115329679 0.0 0.0 0.0 0.0 0.0 0.0 0.0
5990 2040.310203552246 462.32971954345703 40.683347916518926 0.0 0.0 0.0 0.0 0.0 0.0 0.0
5998 2017.995994567871 440.01538848876953 57.687487527472 0.0 0.0 0.0 0.0 0.0 0.0 0.0
6006 2008.432518005371 424.0766067504883 67.4442670850676 0.0 0.0 0.0 0.0 0.0 0.0 0.0
6014 1992.493797302246 404.9500198364258 80.87291202795572 0.0 0.0 0.0 0.0 0.0 0.0 0.0
6021 1979.742820739746 395.38675689697266 88.43657740135663 0.0 0.0 0.0 0.0 0.0 0.0 0.0
6030 1976.555076599121 392.19898223876953 90.67882859205892 0.0 0.0 0.0 0.0 0.0 0.0 0.0