0 2000.0 1500.0 0 0.0 0.0 0.0 0.0 0.0 0.0 0.0
69 2000.0 1502.99072265625 0.0025536826795473644 0.0 0.0 0.0 0.0 0.0 0.0 0.0
92 1997.0093994140625 1505.9814453125 359.2468623936519 0.0 0.0 0.0 0.0 0.0 0.0 0.0
100 1994.0186767578125 1505.9814453125 358.4985988044061 0.0 0.0 0.0 0.0 0.0 0.0 0.0
108 1982.0557861328125 1511.9627685546875 355.39712793561034 0.0 0.0 0.0 0.0 0.0 0.0 0.0
116 1949.1580810546875 1517.9442138671875 347.00746936288 0.0 0.0 0.0 0.0 0.0 0.0 0.0
125 1904.297607421875 1529.906982421875 335.4672266986653 0.0 0.0 0.0 0.0 0.0 0.0 0.0
132 1838.502197265625 1547.8511962890625 319.77602801279477 0.0 0.0 0.0 0.0 0.0 0.0 0.0
139 1757.7532958984375 1571.77685546875 303.38825157072813 0.0 0.0 0.0 0.0 0.0 0.0 0.0
146 1688.9671630859375 1592.711669921875 291.9676999196146 0.0 0.0 0.0 0.0 0.0 0.0 0.0
155 1623.1717529296875 1619.6280517578125 281.88399397478383 0.0 0.0 0.0 0.0 0.0 0.0 0.0
162 1554.3856201171875 1652.5257568359375 272.74200710592334 0.0 0.0 0.0 0.0 0.0 0.0 0.0
171 1482.6087646484375 1691.40478515625 264.6420772666867 0.0 0.0 0.0 0.0 0.0 0.0 0.0
177 1422.7947998046875 1715.3304443359375 261.0114848184504 0.0 0.0 0.0 0.0 0.0 0.0 0.0
187 1380.9249267578125 1742.2467041015625 256.80248691384463 0.0 0.0 0.0 0.0 0.0 0.0 0.0
195 1351.0179443359375 1757.2001953125 255.08494295302745 0.0 0.0 0.0 0.0 0.0 0.0 0.0
203 1339.05517578125 1769.1630859375 253.07917068271996 0.0 0.0 0.0 0.0 0.0 0.0 0.0
208 1330.0830078125 1784.1165771484375 250.3004820090199 0.0 0.0 0.0 0.0 0.0 0.0 0.0
217 1324.1016845703125 1796.079345703125 248.07329364226416 0.0 0.0 0.0 0.0 0.0 0.0 0.0
224 1321.1109619140625 1814.0235595703125 244.33832716259178 0.0 0.0 0.0 0.0 0.0 0.0 0.0
232 1321.1109619140625 1828.97705078125 241.05574431890892 0.0 0.0 0.0 0.0 0.0 0.0 0.0
240 1321.1109619140625 1837.94921875 239.12440172738764 0.0 0.0 0.0 0.0 0.0 0.0 0.0
248 1321.1109619140625 1846.9212646484375 237.2320072630426 0.0 0.0 0.0 0.0 0.0 0.0 0.0
256 1321.1109619140625 1861.874755859375 234.18855383239327 0.0 0.0 0.0 0.0 0.0 0.0 0.0
264 1327.0924072265625 1867.856201171875 232.08825585269864 0.0 0.0 0.0 0.0 0.0 0.0 0.0
272 1339.05517578125 1873.8375244140625 228.9973038866849 0.0 0.0 0.0 0.0 0.0 0.0 0.0
280 1351.0179443359375 1882.8096923828125 225.29483406503869 0.0 0.0 0.0 0.0 0.0 0.0 0.0
289 1374.943603515625 1885.8004150390625 220.24582006208271 0.0 0.0 0.0 0.0 0.0 0.0 0.0
296 1407.84130859375 1891.78173828125 212.48430825225427 0.0 0.0 0.0 0.0 0.0 0.0 0.0
302 1443.729736328125 1897.76318359375 203.62854771553611 0.0 0.0 0.0 0.0 0.0 0.0 0.0
310 1482.6087646484375 1897.76318359375 194.1596772433216 0.0 0.0 0.0 0.0 0.0 0.0 0.0
319 1524.4786376953125 1894.7724609375 183.69863896992644 0.0 0.0 0.0 0.0 0.0 0.0 0.0
326 1575.320556640625 1879.8189697265625 170.416714895386 0.0 0.0 0.0 0.0 0.0 0.0 0.0
334 1650.0880126953125 1861.874755859375 151.4731826608231 0.0 0.0 0.0 0.0 0.0 0.0 0.0
342 1706.911376953125 1840.9398193359375 137.30580487683198 0.0 0.0 0.0 0.0 0.0 0.0 0.0
350 1760.7440185546875 1822.9957275390625 125.69173555860134 0.0 0.0 0.0 0.0 0.0 0.0 0.0
358 1805.6044921875 1799.070068359375 115.38836263003482 0.0 0.0 0.0 0.0 0.0 0.0 0.0
367 1841.492919921875 1772.15380859375 106.3379519105974 0.0 0.0 0.0 0.0 0.0 0.0 0.0
374 1868.4091796875 1745.2374267578125 98.6258062733604 0.0 0.0 0.0 0.0 0.0 0.0 0.0
383 1898.316162109375 1715.3304443359375 90.96861635720504 0.0 0.0 0.0 0.0 0.0 0.0 0.0
390 1925.2325439453125 1679.4420166015625 82.84322126717957 0.0 0.0 0.0 0.0 0.0 0.0 0.0
396 1946.16748046875 1649.5350341796875 76.72718432266461 0.0 0.0 0.0 0.0 0.0 0.0 0.0
405 1964.1116943359375 1610.6558837890625 69.18136476186572 0.0 0.0 0.0 0.0 0.0 0.0 0.0
412 1979.065185546875 1568.7861328125 61.683130385404745 0.0 0.0 0.0 0.0 0.0 0.0 0.0
420 1991.0279541015625 1529.906982421875 55.34254172380638 0.0 0.0 0.0 0.0 0.0 0.0 0.0
428 2000.0 1497.00927734375 50.400678849811456 0.0 0.0 0.0 0.0 0.0 0.0 0.0
436 2002.99072265625 1467.102294921875 45.55626101183105 0.0 0.0 0.0 0.0 0.0 0.0 0.0
445 2002.99072265625 1440.1859130859375 41.10619404814951 0.0 0.0 0.0 0.0 0.0 0.0 0.0
452 2005.9814453125 1419.2510986328125 38.42056394924743 0.0 0.0 0.0 0.0 0.0 0.0 0.0
460 2005.9814453125 1404.297607421875 36.19975989184223 0.0 0.0 0.0 0.0 0.0 0.0 0.0
465 2005.9814453125 1395.325439453125 34.90853848454459 0.0 0.0 0.0 0.0 0.0 0.0 0.0
474 2002.99072265625 1389.343994140625 33.455939502425174 0.0 0.0 0.0 0.0 0.0 0.0 0.0
482 1991.0279541015625 1386.3533935546875 30.49825856638691 0.0 0.0 0.0 0.0 0.0 0.0 0.0
490 1964.1116943359375 1386.3533935546875 24.359775278064717 0.0 0.0 0.0 0.0 0.0 0.0 0.0
498 1934.20458984375 1386.3533935546875 17.19903149518298 0.0 0.0 0.0 0.0 0.0 0.0 0.0
506 1892.3348388671875 1392.334716796875 6.932851358883141 0.0 0.0 0.0 0.0 0.0 0.0 0.0
515 1859.4371337890625 1401.306884765625 358.6265966356243 0.0 0.0 0.0 0.0 0.0 0.0 0.0
522 1823.5487060546875 1416.2603759765625 349.06086238126227 0.0 0.0 0.0 0.0 0.0 0.0 0.0
531 1772.706787109375 1437.1953125 335.17633537910353 0.0 0.0 0.0 0.0 0.0 0.0 0.0
539 1730.8369140625 1473.0836181640625 321.2480448576333 0.0 0.0 0.0 0.0 0.0 0.0 0.0
544 1674.013671875 1508.9720458984375 305.4626052053791 0.0 0.0 0.0 0.0 0.0 0.0 0.0
553 1644.106689453125 1532.897705078125 296.7031090436292 0.0 0.0 0.0 0.0 0.0 0.0 0.0
560 1611.208984375 1559.81396484375 287.7245126817194 0.0 0.0 0.0 0.0 0.0 0.0 0.0
568 1578.311279296875 1586.7303466796875 279.65338962242606 0.0 0.0 0.0 0.0 0.0 0.0 0.0
576 1545.41357421875 1619.6280517578125 271.1932509907939 0.0 0.0 0.0 0.0 0.0 0.0 0.0
585 1521.4879150390625 1643.5535888671875 265.6472738637026 0.0 0.0 0.0 0.0 0.0 0.0 0.0
593 1503.543701171875 1667.479248046875 260.46148765225195 0.0 0.0 0.0 0.0 0.0 0.0 0.0
601 1491.5809326171875 1691.40478515625 255.40062514912228 0.0 0.0 0.0 0.0 0.0 0.0 0.0
609 1491.5809326171875 1703.36767578125 252.5406068504778 0.0 0.0 0.0 0.0 0.0 0.0 0.0
616 1491.5809326171875 1718.3211669921875 249.03943738478046 0.0 0.0 0.0 0.0 0.0 0.0 0.0
624 1491.5809326171875 1730.283935546875 246.29327834213564 0.0 0.0 0.0 0.0 0.0 0.0 0.0
630 1494.5716552734375 1736.265380859375 244.61998763612542 0.0 0.0 0.0 0.0 0.0 0.0 0.0
639 1500.552978515625 1742.2467041015625 242.60403580289295 0.0 0.0 0.0 0.0 0.0 0.0 0.0
646 1515.5064697265625 1745.2374267578125 240.0986250582963 0.0 0.0 0.0 0.0 0.0 0.0 0.0
654 1545.41357421875 1748.2281494140625 235.2289875369235 0.0 0.0 0.0 0.0 0.0 0.0 0.0
662 1581.3018798828125 1748.2281494140625 229.3968952897735 0.0 0.0 0.0 0.0 0.0 0.0 0.0
670 1623.1717529296875 1748.2281494140625 221.55501773493324 0.0 0.0 0.0 0.0 0.0 0.0 0.0
678 1674.013671875 1748.2281494140625 210.5525869606471 0.0 0.0 0.0 0.0 0.0 0.0 0.0
686 1733.82763671875 1745.2374267578125 196.26139406631302 0.0 0.0 0.0 0.0 0.0 0.0 0.0
694 1796.6324462890625 1730.283935546875 180.38007319615792 0.0 0.0 0.0 0.0 0.0 0.0 0.0
703 1868.4091796875 1712.3397216796875 161.57899966973872 0.0 0.0 0.0 0.0 0.0 0.0 0.0
710 1928.2232666015625 1691.40478515625 146.0340810763439 0.0 0.0 0.0 0.0 0.0 0.0 0.0
719 2005.9814453125 1658.507080078125 127.32302561326755 0.0 0.0 0.0 0.0 0.0 0.0 0.0
724 2089.720947265625 1625.609375 111.68183408832577 0.0 0.0 0.0 0.0 0.0 0.0 0.0
732 2146.54443359375 1583.7396240234375 98.96926793688345 0.0 0.0 0.0 0.0 0.0 0.0 0.0
740 2185.423583984375 1532.897705078125 86.69874914633368 0.0 0.0 0.0 0.0 0.0 0.0 0.0
748 2206.3583984375 1476.0743408203125 74.30038197758336 0.0 0.0 0.0 0.0 0.0 0.0 0.0
757 2212.33984375 1434.20458984375 65.34630086122958 0.0 0.0 0.0 0.0 0.0 0.0 0.0
765 2215.33056640625 1395.325439453125 57.49855950110186 0.0 0.0 0.0 0.0 0.0 0.0 0.0
773 2215.33056640625 1368.4091796875 52.157660171479776 0.0 0.0 0.0 0.0 0.0 0.0 0.0
780 2215.33056640625 1338.502197265625 46.6864753813961 0.0 0.0 0.0 0.0 0.0 0.0 0.0
789 2200.376953125 1305.6044921875 38.58598227329623 0.0 0.0 0.0 0.0 0.0 0.0 0.0
797 2176.451416015625 1284.6695556640625 30.732781298542136 0.0 0.0 0.0 0.0 0.0 0.0 0.0
803 2134.58154296875 1269.716064453125 19.53551417716561 0.0 0.0 0.0 0.0 0.0 0.0 0.0
810 2095.702392578125 1263.734619140625 9.644224247084281 0.0 0.0 0.0 0.0 0.0 0.0 0.0
819 2044.860595703125 1263.734619140625 356.8316725286806 0.0 0.0 0.0 0.0 0.0 0.0 0.0
826 1988.0372314453125 1278.6881103515625 341.983026894474 0.0 0.0 0.0 0.0 0.0 0.0 0.0
834 1931.2138671875 1296.63232421875 327.41351562326156 0.0 0.0 0.0 0.0 0.0 0.0 0.0
842 1862.4278564453125 1323.548583984375 310.80532016185157 0.0 0.0 0.0 0.0 0.0 0.0 0.0
850 1820.5579833984375 1338.502197265625 302.01941844455985 0.0 0.0 0.0 0.0 0.0 0.0 0.0
858 1781.6788330078125 1359.43701171875 293.3023132001741 0.0 0.0 0.0 0.0 0.0 0.0 0.0
867 1751.7718505859375 1377.3812255859375 286.80598848772786 0.0 0.0 0.0 0.0 0.0 0.0 0.0
874 1730.8369140625 1401.306884765625 279.9717835269755 0.0 0.0 0.0 0.0 0.0 0.0 0.0
880 1706.911376953125 1428.22314453125 272.90438081137694 0.0 0.0 0.0 0.0 0.0 0.0 0.0
888 1688.9671630859375 1452.1488037109375 267.1239410568708 0.0 0.0 0.0 0.0 0.0 0.0 0.0
897 1659.0601806640625 1494.0185546875 258.3128329479878 0.0 0.0 0.0 0.0 0.0 0.0 0.0
904 1629.1531982421875 1535.888427734375 250.81885558978428 0.0 0.0 0.0 0.0 0.0 0.0 0.0
912 1608.21826171875 1565.79541015625 246.07108563094147 0.0 0.0 0.0 0.0 0.0 0.0 0.0
920 1593.2647705078125 1589.720947265625 242.46861725574752 0.0 0.0 0.0 0.0 0.0 0.0 0.0
928 1584.2926025390625 1622.6187744140625 236.7805653070037 0.0 0.0 0.0 0.0 0.0 0.0 0.0
937 1578.311279296875 1646.5443115234375 232.88973346291965 0.0 0.0 0.0 0.0 0.0 0.0 0.0
944 1578.311279296875 1670.469970703125 228.39475573842492 0.0 0.0 0.0 0.0 0.0 0.0 0.0
952 1578.311279296875 1688.4141845703125 225.19629121542948 0.0 0.0 0.0 0.0 0.0 0.0 0.0
960 1584.2926025390625 1700.376953125 222.07355138839165 0.0 0.0 0.0 0.0 0.0 0.0 0.0
966 1593.2647705078125 1715.3304443359375 217.99187965623395 0.0 0.0 0.0 0.0 0.0 0.0 0.0
974 1608.21826171875 1724.302490234375 213.6290701705439 0.0 0.0 0.0 0.0 0.0 0.0 0.0
983 1635.134521484375 1733.274658203125 206.5863263545927 0.0 0.0 0.0 0.0 0.0 0.0 0.0
990 1668.0322265625 1733.274658203125 198.7765890784009 0.0 0.0 0.0 0.0 0.0 0.0 0.0
999 1712.892822265625 1730.283935546875 187.68985837600138 0.0 0.0 0.0 0.0 0.0 0.0 0.0
1006 1778.688232421875 1712.3397216796875 170.45491039314828 0.0 0.0 0.0 0.0 0.0 0.0 0.0
1014 1865.41845703125 1697.38623046875 149.37313760550336 0.0 0.0 0.0 0.0 0.0 0.0 0.0
1022 1976.074462890625 1664.488525390625 125.7825635187451 0.0 0.0 0.0 0.0 0.0 0.0 0.0
1030 2065.79541015625 1640.5628662109375 111.71045766000607 0.0 0.0 0.0 0.0 0.0 0.0 0.0
1038 2122.618896484375 1610.6558837890625 101.4547087877859 0.0 0.0 0.0 0.0 0.0 0.0 0.0
1046 2143.5537109375 1580.7489013671875 93.61464337000311 0.0 0.0 0.0 0.0 0.0 0.0 0.0
1054 2152.52587890625 1544.8604736328125 84.82789703825611 0.0 0.0 0.0 0.0 0.0 0.0 0.0
1059 2152.52587890625 1502.99072265625 74.66066069466262 0.0 0.0 0.0 0.0 0.0 0.0 0.0
1068 2146.54443359375 1461.120849609375 64.49540304677211 0.0 0.0 0.0 0.0 0.0 0.0 0.0
1075 2125.609375 1413.2696533203125 51.73260334940588 0.0 0.0 0.0 0.0 0.0 0.0 0.0
1084 2104.674560546875 1380.3719482421875 42.26690984881468 0.0 0.0 0.0 0.0 0.0 0.0 0.0
1092 2086.73046875 1365.41845703125 36.420484521296125 0.0 0.0 0.0 0.0 0.0 0.0 0.0
1099 2074.767578125 1356.4462890625 32.68475226018844 0.0 0.0 0.0 0.0 0.0 0.0 0.0
1107 2068.7861328125 1350.4649658203125 30.631917237190876 0.0 0.0 0.0 0.0 0.0 0.0 0.0
1116 2059.81396484375 1350.4649658203125 28.66506909709973 0.0 0.0 0.0 0.0 0.0 0.0 0.0
1123 2053.832763671875 1347.4742431640625 26.991435400296652 0.0 0.0 0.0 0.0 0.0 0.0 0.0
1129 2041.869873046875 1347.4742431640625 24.265336707141927 0.0 0.0 0.0 0.0 0.0 0.0 0.0
1137 2029.9071044921875 1347.4742431640625 21.482223219460636 0.0 0.0 0.0 0.0 0.0 0.0 0.0
1146 2008.97216796875 1353.4556884765625 16.910304363837852 0.0 0.0 0.0 0.0 0.0 0.0 0.0
1153 1982.0557861328125 1362.427734375 10.708549388121057 0.0 0.0 0.0 0.0 0.0 0.0 0.0
1162 1946.16748046875 1374.3905029296875 1.8012569060396544 0.0 0.0 0.0 0.0 0.0 0.0 0.0
1170 1919.2510986328125 1392.334716796875 354.67214567910145 0.0 0.0 0.0 0.0 0.0 0.0 0.0
1177 1895.3255615234375 1410.2789306640625 347.86942482291386 0.0 0.0 0.0 0.0 0.0 0.0 0.0
1186 1871.39990234375 1437.1953125 339.922492411763 0.0 0.0 0.0 0.0 0.0 0.0 0.0
1194 1841.492919921875 1467.102294921875 329.6354964783058 0.0 0.0 0.0 0.0 0.0 0.0 0.0
1202 1814.5765380859375 1497.00927734375 319.6088524824089 0.0 0.0 0.0 0.0 0.0 0.0 0.0
1207 1790.6510009765625 1526.916259765625 309.98248641487453 0.0 0.0 0.0 0.0 0.0 0.0 0.0
1218 1772.706787109375 1550.8419189453125 302.49683881193914 0.0 0.0 0.0 0.0 0.0 0.0 0.0
1223 1754.7625732421875 1577.7581787109375 294.475364154349 0.0 0.0 0.0 0.0 0.0 0.0 0.0
1231 1742.7998046875 1604.674560546875 287.1335185538054 0.0 0.0 0.0 0.0 0.0 0.0 0.0
1239 1733.82763671875 1628.60009765625 280.8147635764175 0.0 0.0 0.0 0.0 0.0 0.0 0.0
1248 1730.8369140625 1655.5164794921875 274.02622346396174 0.0 0.0 0.0 0.0 0.0 0.0 0.0
1281 1730.8369140625 1697.38623046875 263.552411283501 0.0 0.0 0.0 0.0 0.0 0.0 0.0
1287 1742.7998046875 1697.38623046875 263.20836952925407 0.0 0.0 0.0 0.0 0.0 0.0 0.0
1295 1772.706787109375 1691.40478515625 263.93119596215536 0.0 0.0 0.0 0.0 0.0 0.0 0.0
1301 1838.502197265625 1670.469970703125 268.9212633356013 0.0 0.0 0.0 0.0 0.0 0.0 0.0
1309 1961.1209716796875 1631.5908203125 288.195413081809 0.0 0.0 0.0 0.0 0.0 0.0 0.0
1317 2083.73974609375 1592.711669921875 319.38090691023757 0.0 0.0 0.0 0.0 0.0 0.0 0.0
1325 2230.283935546875 1547.8511962890625 359.3039014494641 0.0 0.0 0.0 0.0 0.0 0.0 0.0
1334 2373.837646484375 1500.0 26.89059469333973 0.0 0.0 0.0 0.0 0.0 0.0 0.0
1341 2499.447021484375 1455.1395263671875 42.55038237095778 0.0 0.0 0.0 0.0 0.0 0.0 0.0
1350 2616.08447265625 1392.334716796875 49.476575946979985 0.0 0.0 0.0 0.0 0.0 0.0 0.0
1357 2705.805419921875 1329.530029296875 51.20331580529984 0.0 0.0 0.0 0.0 0.0 0.0 0.0
1366 2765.619384765625 1260.743896484375 48.2504113068026 0.0 0.0 0.0 0.0 0.0 0.0 0.0
1373 2780.572998046875 1212.8927001953125 42.811437426776784 0.0 0.0 0.0 0.0 0.0 0.0 0.0
1380 2783.563720703125 1168.0322265625 36.664618174747474 0.0 0.0 0.0 0.0 0.0 0.0 0.0
1389 2783.563720703125 1123.1716918945312 30.863233514376944 0.0 0.0 0.0 0.0 0.0 0.0 0.0
1396 2777.582275390625 1084.2926025390625 25.31387318776021 0.0 0.0 0.0 0.0 0.0 0.0 0.0
1404 2753.65673828125 1045.4134521484375 16.722461827971728 0.0 0.0 0.0 0.0 0.0 0.0 0.0
1412 2723.749755859375 1024.4785766601562 8.503957065508075 0.0 0.0 0.0 0.0 0.0 0.0 0.0
1420 2681.8798828125 1006.5343627929688 358.10685419818117 0.0 0.0 0.0 0.0 0.0 0.0 0.0
1427 2640.010009765625 1000.552978515625 348.09979353287065 0.0 0.0 0.0 0.0 0.0 0.0 0.0
1436 2592.15869140625 1000.552978515625 336.99238477217216 0.0 0.0 0.0 0.0 0.0 0.0 0.0
1443 2526.36328125 1015.5064697265625 321.55893684437046 0.0 0.0 0.0 0.0 0.0 0.0 0.0
1451 2463.55859375 1030.4599609375 308.67433200694745 0.0 0.0 0.0 0.0 0.0 0.0 0.0
1459 2397.76318359375 1054.3855590820312 295.94183671179934 0.0 0.0 0.0 0.0 0.0 0.0 0.0
1465 2308.042236328125 1078.3111572265625 284.4095319400567 0.0 0.0 0.0 0.0 0.0 0.0 0.0
1474 2257.2001953125 1093.2646484375 278.729972551531 0.0 0.0 0.0 0.0 0.0 0.0 0.0
1482 2197.38623046875 1120.1809692382812 271.5285666548516 0.0 0.0 0.0 0.0 0.0 0.0 0.0
1489 2164.488525390625 1132.143798828125 268.69416855038 0.0 0.0 0.0 0.0 0.0 0.0 0.0
1498 2125.609375 1153.0786743164062 264.3926138575884 0.0 0.0 0.0 0.0 0.0 0.0 0.0
1506 2095.702392578125 1171.0228881835938 261.0868207009308 0.0 0.0 0.0 0.0 0.0 0.0 0.0
1515 2071.77685546875 1185.9763793945312 258.58111631551895 0.0 0.0 0.0 0.0 0.0 0.0 0.0
1524 2029.9071044921875 1215.8834228515625 254.18965976230396 0.0 0.0 0.0 0.0 0.0 0.0 0.0
1531 1976.074462890625 1248.7811279296875 250.79320117496263 0.0 0.0 0.0 0.0 0.0 0.0 0.0
1539 1904.297607421875 1293.6416015625 247.296801153618 0.0 0.0 0.0 0.0 0.0 0.0 0.0
1547 1856.4464111328125 1338.502197265625 242.74323314990994 0.0 0.0 0.0 0.0 0.0 0.0 0.0
1556 1826.5394287109375 1368.4091796875 239.97312079650794 0.0 0.0 0.0 0.0 0.0 0.0 0.0
1561 1802.61376953125 1398.316162109375 236.93546945620022 0.0 0.0 0.0 0.0 0.0 0.0 0.0
1569 1790.6510009765625 1428.22314453125 232.76169965959463 0.0 0.0 0.0 0.0 0.0 0.0 0.0
1577 1781.6788330078125 1458.130126953125 228.60587642944262 0.0 0.0 0.0 0.0 0.0 0.0 0.0
1585 1772.706787109375 1491.02783203125 224.41872852710992 0.0 0.0 0.0 0.0 0.0 0.0 0.0
1593 1766.725341796875 1517.9442138671875 221.09682431035026 0.0 0.0 0.0 0.0 0.0 0.0 0.0
1601 1766.725341796875 1541.8697509765625 217.4385444618431 0.0 0.0 0.0 0.0 0.0 0.0 0.0
1610 1766.725341796875 1562.8046875 214.45839450681547 0.0 0.0 0.0 0.0 0.0 0.0 0.0
1617 1766.725341796875 1577.7581787109375 212.44001177187 0.0 0.0 0.0 0.0 0.0 0.0 0.0
1625 1766.725341796875 1592.711669921875 210.5279698522953 0.0 0.0 0.0 0.0 0.0 0.0 0.0
1631 1775.697509765625 1601.683837890625 207.49507396105764 0.0 0.0 0.0 0.0 0.0 0.0 0.0
1640 1787.6602783203125 1610.6558837890625 203.8439550371997 0.0 0.0 0.0 0.0 0.0 0.0 0.0
1646 1805.6044921875 1616.6373291015625 199.105628829522 0.0 0.0 0.0 0.0 0.0 0.0 0.0
1655 1826.5394287109375 1619.6280517578125 193.83401579131538 0.0 0.0 0.0 0.0 0.0 0.0 0.0
1663 1847.4742431640625 1619.6280517578125 188.65027916726973 0.0 0.0 0.0 0.0 0.0 0.0 0.0
1672 1877.38134765625 1619.6280517578125 181.14660661685406 0.0 0.0 0.0 0.0 0.0 0.0 0.0
1679 1916.2603759765625 1619.6280517578125 171.4739302922451 0.0 0.0 0.0 0.0 0.0 0.0 0.0
1687 1961.1209716796875 1610.6558837890625 160.07361358917507 0.0 0.0 0.0 0.0 0.0 0.0 0.0
1695 2002.99072265625 1592.711669921875 148.7077588441034 0.0 0.0 0.0 0.0 0.0 0.0 0.0
1701 2065.79541015625 1580.7489013671875 135.280863215397 0.0 0.0 0.0 0.0 0.0 0.0 0.0
1710 2125.609375 1559.81396484375 122.6580713764489 0.0 0.0 0.0 0.0 0.0 0.0 0.0
1720 2167.479248046875 1544.8604736328125 114.81306028281993 0.0 0.0 0.0 0.0 0.0 0.0 0.0
1724 2209.34912109375 1532.897705078125 108.59245264044027 0.0 0.0 0.0 0.0 0.0 0.0 0.0
1733 2236.265380859375 1514.9534912109375 102.70162706580165 0.0 0.0 0.0 0.0 0.0 0.0 0.0
1742 2260.19091796875 1505.9814453125 99.48052489878047 0.0 0.0 0.0 0.0 0.0 0.0 0.0
1749 2272.15380859375 1494.0185546875 96.17154398008974 0.0 0.0 0.0 0.0 0.0 0.0 0.0
1758 2281.1259765625 1491.02783203125 95.21478832270982 0.0 0.0 0.0 0.0 0.0 0.0 0.0
1766 2287.107421875 1485.0465087890625 93.62148335302024 0.0 0.0 0.0 0.0 0.0 0.0 0.0
1774 2287.107421875 1482.0557861328125 92.87411407635389 0.0 0.0 0.0 0.0 0.0 0.0 0.0
1844 2275.14453125 1473.0836181640625 90.67383634068601 0.0 0.0 0.0 0.0 0.0 0.0 0.0
1850 2254.209716796875 1473.0836181640625 90.76106143801968 0.0 0.0 0.0 0.0 0.0 0.0 0.0
1857 2236.265380859375 1473.0836181640625 90.84218425321015 0.0 0.0 0.0 0.0 0.0 0.0 0.0
1867 2212.33984375 1479.0650634765625 92.63266533324345 0.0 0.0 0.0 0.0 0.0 0.0 0.0
1875 2188.414306640625 1497.00927734375 97.93188943619188 0.0 0.0 0.0 0.0 0.0 0.0 0.0
1880 2161.497802734375 1508.9720458984375 102.31793372510009 0.0 0.0 0.0 0.0 0.0 0.0 0.0
1887 2128.60009765625 1532.897705078125 110.89890808532961 0.0 0.0 0.0 0.0 0.0 0.0 0.0
1896 2089.720947265625 1562.8046875 122.53511944591423 0.0 0.0 0.0 0.0 0.0 0.0 0.0
1904 2041.869873046875 1607.6651611328125 139.166113080132 0.0 0.0 0.0 0.0 0.0 0.0 0.0
1911 1997.0093994140625 1652.5257568359375 154.3075263007977 0.0 0.0 0.0 0.0 0.0 0.0 0.0
1921 1946.16748046875 1697.38623046875 169.06310638265148 0.0 0.0 0.0 0.0 0.0 0.0 0.0
1927 1883.3626708984375 1754.2095947265625 183.89213600379702 0.0 0.0 0.0 0.0 0.0 0.0 0.0
1936 1856.4464111328125 1781.1258544921875 189.41744106766038 0.0 0.0 0.0 0.0 0.0 0.0 0.0
1944 1820.5579833984375 1811.0328369140625 195.97381610548877 0.0 0.0 0.0 0.0 0.0 0.0 0.0
1953 1802.61376953125 1837.94921875 198.12088072978162 0.0 0.0 0.0 0.0 0.0 0.0 0.0
1959 1787.6602783203125 1855.8934326171875 200.07601313623462 0.0 0.0 0.0 0.0 0.0 0.0 0.0
1967 1781.6788330078125 1873.8375244140625 199.9361085890389 0.0 0.0 0.0 0.0 0.0 0.0 0.0
1974 1778.688232421875 1885.8004150390625 199.6252114399246 0.0 0.0 0.0 0.0 0.0 0.0 0.0
1982 1778.688232421875 1897.76318359375 198.6578755412146 0.0 0.0 0.0 0.0 0.0 0.0 0.0
1989 1778.688232421875 1906.7353515625 197.95839220746217 0.0 0.0 0.0 0.0 0.0 0.0 0.0
1998 1787.6602783203125 1912.7166748046875 195.39267528842322 0.0 0.0 0.0 0.0 0.0 0.0 0.0
2007 1805.6044921875 1921.6888427734375 190.55640646835673 0.0 0.0 0.0 0.0 0.0 0.0 0.0
2014 1829.5301513671875 1924.679443359375 184.5165776029832 0.0 0.0 0.0 0.0 0.0 0.0 0.0
2024 1874.390625 1924.679443359375 173.29103846167556 0.0 0.0 0.0 0.0 0.0 0.0 0.0
2031 1928.2232666015625 1924.679443359375 160.4724806996163 0.0 0.0 0.0 0.0 0.0 0.0 0.0
2038 2014.9534912109375 1912.7166748046875 141.2723205595659 0.0 0.0 0.0 0.0 0.0 0.0 0.0
2046 2143.5537109375 1873.8375244140625 117.14374470428243 0.0 0.0 0.0 0.0 0.0 0.0 0.0
2052 2281.1259765625 1837.94921875 101.28815624570669 0.0 0.0 0.0 0.0 0.0 0.0 0.0
2060 2394.7724609375 1802.060791015625 91.44800372608154 0.0 0.0 0.0 0.0 0.0 0.0 0.0
2068 2496.456298828125 1754.2095947265625 82.6859681347999 0.0 0.0 0.0 0.0 0.0 0.0 0.0
2076 2562.251708984375 1706.3583984375 75.22217918757116 0.0 0.0 0.0 0.0 0.0 0.0 0.0
2084 2604.12158203125 1661.497802734375 68.54460712594594 0.0 0.0 0.0 0.0 0.0 0.0 0.0
2092 2625.056396484375 1595.702392578125 57.38441851979215 0.0 0.0 0.0 0.0 0.0 0.0 0.0
2100 2634.028564453125 1532.897705078125 47.269215980564155 0.0 0.0 0.0 0.0 0.0 0.0 0.0
2107 2634.028564453125 1476.0743408203125 38.36918269330815 0.0 0.0 0.0 0.0 0.0 0.0 0.0
2116 2637.019287109375 1407.2882080078125 30.262282339855517 0.0 0.0 0.0 0.0 0.0 0.0 0.0
2124 2637.019287109375 1344.4835205078125 23.84635479233502 0.0 0.0 0.0 0.0 0.0 0.0 0.0
2130 2637.019287109375 1305.6044921875 20.41912403388706 0.0 0.0 0.0 0.0 0.0 0.0 0.0
2139 2628.047119140625 1284.6695556640625 16.74260705025644 0.0 0.0 0.0 0.0 0.0 0.0 0.0
2146 2619.0751953125 1278.6881103515625 14.194993939442398 0.0 0.0 0.0 0.0 0.0 0.0 0.0
2155 2604.12158203125 1275.6973876953125 10.37619441359827 0.0 0.0 0.0 0.0 0.0 0.0 0.0
2162 2586.177490234375 1275.6973876953125 5.906573558789205 0.0 0.0 0.0 0.0 0.0 0.0 0.0
2170 2559.260986328125 1278.6881103515625 359.146858627851 0.0 0.0 0.0 0.0 0.0 0.0 0.0
2178 2523.372802734375 1290.65087890625 349.73850301788775 0.0 0.0 0.0 0.0 0.0 0.0 0.0
2187 2487.484375 1305.6044921875 339.9732508309409 0.0 0.0 0.0 0.0 0.0 0.0 0.0
2195 2439.633056640625 1323.548583984375 327.3570001680877 0.0 0.0 0.0 0.0 0.0 0.0 0.0
2203 2376.828369140625 1353.4556884765625 311.1414168367212 0.0 0.0 0.0 0.0 0.0 0.0 0.0
2208 2314.023681640625 1386.3533935546875 296.55845815524077 0.0 0.0 0.0 0.0 0.0 0.0 0.0
2216 2251.218994140625 1422.2418212890625 283.91491750480486 0.0 0.0 0.0 0.0 0.0 0.0 0.0
2224 2203.36767578125 1449.1580810546875 275.91688966130084 0.0 0.0 0.0 0.0 0.0 0.0 0.0
2232 2164.488525390625 1488.0372314453125 266.6908445011053 0.0 0.0 0.0 0.0 0.0 0.0 0.0
2240 2131.5908203125 1511.9627685546875 261.8890407710416 0.0 0.0 0.0 0.0 0.0 0.0 0.0
2248 2104.674560546875 1538.879150390625 256.8311193624264 0.0 0.0 0.0 0.0 0.0 0.0 0.0
2256 2083.73974609375 1562.8046875 252.65170358551097 0.0 0.0 0.0 0.0 0.0 0.0 0.0
2264 2068.7861328125 1589.720947265625 247.80283746363853 0.0 0.0 0.0 0.0 0.0 0.0 0.0
2273 2062.8046875 1613.6466064453125 243.1202866425068 0.0 0.0 0.0 0.0 0.0 0.0 0.0
2280 2053.832763671875 1631.5908203125 240.31575525737588 0.0 0.0 0.0 0.0 0.0 0.0 0.0
2288 2053.832763671875 1649.5350341796875 236.5576581953012 0.0 0.0 0.0 0.0 0.0 0.0 0.0
2296 2053.832763671875 1664.488525390625 233.53914077642565 0.0 0.0 0.0 0.0 0.0 0.0 0.0
2303 2053.832763671875 1676.4512939453125 231.1991294736839 0.0 0.0 0.0 0.0 0.0 0.0 0.0
2309 2056.8232421875 1682.4327392578125 229.57282162741598 0.0 0.0 0.0 0.0 0.0 0.0 0.0
2318 2065.79541015625 1694.3955078125 225.85661440162096 0.0 0.0 0.0 0.0 0.0 0.0 0.0
2326 2083.73974609375 1700.376953125 221.5036974019988 0.0 0.0 0.0 0.0 0.0 0.0 0.0
2334 2107.665283203125 1703.36767578125 216.23430465673653 0.0 0.0 0.0 0.0 0.0 0.0 0.0
2342 2143.5537109375 1703.36767578125 208.317120768456 0.0 0.0 0.0 0.0 0.0 0.0 0.0
2350 2176.451416015625 1700.376953125 200.88350929625847 0.0 0.0 0.0 0.0 0.0 0.0 0.0
2357 2212.33984375 1688.4141845703125 192.77635582338058 0.0 0.0 0.0 0.0 0.0 0.0 0.0
2366 2242.246826171875 1676.4512939453125 185.61483772259078 0.0 0.0 0.0 0.0 0.0 0.0 0.0
2374 2260.19091796875 1661.497802734375 181.21319096947178 0.0 0.0 0.0 0.0 0.0 0.0 0.0
2380 2269.1630859375 1643.5535888671875 178.89618302326443 0.0 0.0 0.0 0.0 0.0 0.0 0.0
2389 2269.1630859375 1622.6187744140625 178.80453085449227 0.0 0.0 0.0 0.0 0.0 0.0 0.0
2397 2275.14453125 1586.7303466796875 176.84523515486364 0.0 0.0 0.0 0.0 0.0 0.0 0.0
2405 2275.14453125 1550.8419189453125 176.29508681055103 0.0 0.0 0.0 0.0 0.0 0.0 0.0
2412 2275.14453125 1502.99072265625 175.3683041680291 0.0 0.0 0.0 0.0 0.0 0.0 0.0
2420 2275.14453125 1446.1673583984375 173.9062191275258 0.0 0.0 0.0 0.0 0.0 0.0 0.0
2428 2275.14453125 1395.325439453125 172.22780556513766 0.0 0.0 0.0 0.0 0.0 0.0 0.0
2437 2275.14453125 1365.41845703125 171.09393700789667 0.0 0.0 0.0 0.0 0.0 0.0 0.0
2444 2275.14453125 1353.4556884765625 170.61572321816118 0.0 0.0 0.0 0.0 0.0 0.0 0.0
2452 2275.14453125 1350.4649658203125 170.49458280290406 0.0 0.0 0.0 0.0 0.0 0.0 0.0
2469 2272.15380859375 1350.4649658203125 171.23470213481266 0.0 0.0 0.0 0.0 0.0 0.0 0.0
2474 2263.181640625 1353.4556884765625 173.54881973834478 0.0 0.0 0.0 0.0 0.0 0.0 0.0
2483 2245.237548828125 1359.43701171875 178.08697167647836 0.0 0.0 0.0 0.0 0.0 0.0 0.0
2489 2224.302490234375 1371.39990234375 183.14915788364567 0.0 0.0 0.0 0.0 0.0 0.0 0.0
2500 2197.38623046875 1386.3533935546875 189.195516794993 0.0 0.0 0.0 0.0 0.0 0.0 0.0
2506 2170.469970703125 1407.2882080078125 194.40112569320706 0.0 0.0 0.0 0.0 0.0 0.0 0.0
2515 2143.5537109375 1425.232421875 199.26247686509254 0.0 0.0 0.0 0.0 0.0 0.0 0.0
2522 2116.637451171875 1452.1488037109375 202.82973383156127 0.0 0.0 0.0 0.0 0.0 0.0 0.0
2530 2089.720947265625 1476.0743408203125 206.2034308322497 0.0 0.0 0.0 0.0 0.0 0.0 0.0
2539 2062.8046875 1494.0185546875 209.7953828412452 0.0 0.0 0.0 0.0 0.0 0.0 0.0
2544 2041.869873046875 1520.9349365234375 210.81560285553553 0.0 0.0 0.0 0.0 0.0 0.0 0.0
2552 2017.9442138671875 1538.879150390625 213.32811736774806 0.0 0.0 0.0 0.0 0.0 0.0 0.0
2560 2000.0 1562.8046875 213.71489981237613 0.0 0.0 0.0 0.0 0.0 0.0 0.0
2568 1988.0372314453125 1580.7489013671875 213.69613267381345 0.0 0.0 0.0 0.0 0.0 0.0 0.0
2576 1976.074462890625 1598.693115234375 213.67901239046734 0.0 0.0 0.0 0.0 0.0 0.0 0.0
2584 1967.102294921875 1616.6373291015625 213.09158237284515 0.0 0.0 0.0 0.0 0.0 0.0 0.0
2592 1964.1116943359375 1631.5908203125 211.7468588096056 0.0 0.0 0.0 0.0 0.0 0.0 0.0
2601 1961.1209716796875 1640.5628662109375 211.21551237356817 0.0 0.0 0.0 0.0 0.0 0.0 0.0
2609 1961.1209716796875 1646.5443115234375 210.45250902942735 0.0 0.0 0.0 0.0 0.0 0.0 0.0
2617 1961.1209716796875 1652.5257568359375 209.70632555492887 0.0 0.0 0.0 0.0 0.0 0.0 0.0
2624 1970.093017578125 1655.5164794921875 207.36894407360091 0.0 0.0 0.0 0.0 0.0 0.0 0.0
2633 1988.0372314453125 1658.507080078125 202.94104562697783 0.0 0.0 0.0 0.0 0.0 0.0 0.0
2639 2014.9534912109375 1658.507080078125 196.47449699386874 0.0 0.0 0.0 0.0 0.0 0.0 0.0
2647 2047.851318359375 1658.507080078125 188.30452084694792 0.0 0.0 0.0 0.0 0.0 0.0 0.0
2655 2086.73046875 1649.5350341796875 178.47741492268733 0.0 0.0 0.0 0.0 0.0 0.0 0.0
2663 2128.60009765625 1631.5908203125 167.1992992753169 0.0 0.0 0.0 0.0 0.0 0.0 0.0
2671 2170.469970703125 1622.6187744140625 156.6235905650139 0.0 0.0 0.0 0.0 0.0 0.0 0.0
2678 2203.36767578125 1607.6651611328125 147.62573128362743 0.0 0.0 0.0 0.0 0.0 0.0 0.0
2688 2245.237548828125 1595.702392578125 137.78915944482566 0.0 0.0 0.0 0.0 0.0 0.0 0.0
2695 2290.097900390625 1571.77685546875 126.2277388322417 0.0 0.0 0.0 0.0 0.0 0.0 0.0
2702 2340.93994140625 1550.8419189453125 115.87445824565907 0.0 0.0 0.0 0.0 0.0 0.0 0.0
2710 2400.75390625 1529.906982421875 106.51231481784372 0.0 0.0 0.0 0.0 0.0 0.0 0.0
2716 2436.642333984375 1514.9534912109375 101.07875485985942 0.0 0.0 0.0 0.0 0.0 0.0 0.0
2723 2472.53076171875 1494.0185546875 95.03240457292051 0.0 0.0 0.0 0.0 0.0 0.0 0.0
2732 2496.456298828125 1467.102294921875 88.42800391872069 0.0 0.0 0.0 0.0 0.0 0.0 0.0
2740 2517.391357421875 1434.20458984375 81.06680037917162 0.0 0.0 0.0 0.0 0.0 0.0 0.0
2748 2523.372802734375 1395.325439453125 72.20986475359548 0.0 0.0 0.0 0.0 0.0 0.0 0.0
2756 2523.372802734375 1359.43701171875 64.09115176232528 0.0 0.0 0.0 0.0 0.0 0.0 0.0
2764 2517.391357421875 1305.6044921875 52.399855000164436 0.0 0.0 0.0 0.0 0.0 0.0 0.0
2773 2496.456298828125 1272.7066650390625 42.90599268513633 0.0 0.0 0.0 0.0 0.0 0.0 0.0
2780 2469.5400390625 1248.7811279296875 33.93440501230394 0.0 0.0 0.0 0.0 0.0 0.0 0.0
2789 2439.633056640625 1236.8182983398438 25.86928481563036 0.0 0.0 0.0 0.0 0.0 0.0 0.0
2795 2412.716796875 1230.8369140625 18.999332140308198 0.0 0.0 0.0 0.0 0.0 0.0 0.0
2805 2376.828369140625 1230.8369140625 10.128173160452775 0.0 0.0 0.0 0.0 0.0 0.0 0.0
2810 2343.9306640625 1230.8369140625 1.872332516267548 0.0 0.0 0.0 0.0 0.0 0.0 0.0
2818 2317.014404296875 1233.82763671875 355.0818565771529 0.0 0.0 0.0 0.0 0.0 0.0 0.0
2826 2287.107421875 1239.8090209960938 347.4279472557496 0.0 0.0 0.0 0.0 0.0 0.0 0.0
2835 2263.181640625 1254.7625732421875 340.5239490198823 0.0 0.0 0.0 0.0 0.0 0.0 0.0
2842 2233.274658203125 1269.716064453125 332.127883795617 0.0 0.0 0.0 0.0 0.0 0.0 0.0
2850 2206.3583984375 1296.63232421875 322.64785681900935 0.0 0.0 0.0 0.0 0.0 0.0 0.0
2858 2173.460693359375 1335.511474609375 309.79522623676144 0.0 0.0 0.0 0.0 0.0 0.0 0.0
2866 2146.54443359375 1365.41845703125 299.893406532246 0.0 0.0 0.0 0.0 0.0 0.0 0.0
2874 2110.656005859375 1398.316162109375 289.0926085374824 0.0 0.0 0.0 0.0 0.0 0.0 0.0
2881 2083.73974609375 1422.2418212890625 281.81526733554733 0.0 0.0 0.0 0.0 0.0 0.0 0.0
2888 2053.832763671875 1452.1488037109375 273.80174518678865 0.0 0.0 0.0 0.0 0.0 0.0 0.0
2896 2026.9163818359375 1485.0465087890625 266.00929925680805 0.0 0.0 0.0 0.0 0.0 0.0 0.0
2904 2000.0 1526.916259765625 257.21706919567885 0.0 0.0 0.0 0.0 0.0 0.0 0.0
2912 1979.065185546875 1556.8232421875 251.72063040623198 0.0 0.0 0.0 0.0 0.0 0.0 0.0
2921 1967.102294921875 1580.7489013671875 247.32843988915948 0.0 0.0 0.0 0.0 0.0 0.0 0.0
2928 1961.1209716796875 1601.683837890625 243.30463186198858 0.0 0.0 0.0 0.0 0.0 0.0 0.0
2936 1958.1302490234375 1616.6373291015625 240.41045658998968 0.0 0.0 0.0 0.0 0.0 0.0 0.0
2944 1958.1302490234375 1631.5908203125 237.25463252582296 0.0 0.0 0.0 0.0 0.0 0.0 0.0
2950 1958.1302490234375 1643.5535888671875 234.8017513689885 0.0 0.0 0.0 0.0 0.0 0.0 0.0
2960 1958.1302490234375 1646.5443115234375 234.19330919477676 0.0 0.0 0.0 0.0 0.0 0.0 0.0
2968 1961.1209716796875 1649.5350341796875 233.14600149090836 0.0 0.0 0.0 0.0 0.0 0.0 0.0
2974 1973.083740234375 1649.5350341796875 231.28099337762944 0.0 0.0 0.0 0.0 0.0 0.0 0.0
2983 1997.0093994140625 1646.5443115234375 227.83077998307954 0.0 0.0 0.0 0.0 0.0 0.0 0.0
2989 2038.879150390625 1628.60009765625 223.31899132547682 0.0 0.0 0.0 0.0 0.0 0.0 0.0
2999 2101.683837890625 1595.702392578125 215.26670554048286 0.0 0.0 0.0 0.0 0.0 0.0 0.0
3006 2167.479248046875 1568.7861328125 202.59164404597715 0.0 0.0 0.0 0.0 0.0 0.0 0.0
3014 2248.228271484375 1529.906982421875 182.43936075898824 0.0 0.0 0.0 0.0 0.0 0.0 0.0
3023 2325.986328125 1491.02783203125 160.30173202182152 0.0 0.0 0.0 0.0 0.0 0.0 0.0
3030 2388.791259765625 1455.1395263671875 142.06942447947716 0.0 0.0 0.0 0.0 0.0 0.0 0.0
3038 2433.651611328125 1410.2789306640625 126.16972997271255 0.0 0.0 0.0 0.0 0.0 0.0 0.0
3043 2457.5771484375 1374.3905029296875 115.41993141062439 0.0 0.0 0.0 0.0 0.0 0.0 0.0
3053 2472.53076171875 1332.520751953125 104.26918352896324 0.0 0.0 0.0 0.0 0.0 0.0 0.0
3060 2475.521484375 1293.6416015625 94.46320197932116 0.0 0.0 0.0 0.0 0.0 0.0 0.0
3069 2475.521484375 1245.7904052734375 82.4989202320807 0.0 0.0 0.0 0.0 0.0 0.0 0.0
3076 2472.53076171875 1200.929931640625 71.53708927092568 0.0 0.0 0.0 0.0 0.0 0.0 0.0
3085 2460.56787109375 1171.0228881835938 63.47488232861137 0.0 0.0 0.0 0.0 0.0 0.0 0.0
3092 2451.595947265625 1159.0601196289062 59.75666658027279 0.0 0.0 0.0 0.0 0.0 0.0 0.0
3100 2421.68896484375 1153.0786743164062 54.170654614942386 0.0 0.0 0.0 0.0 0.0 0.0 0.0
3108 2388.791259765625 1150.0880126953125 48.12586762275688 0.0 0.0 0.0 0.0 0.0 0.0 0.0
3116 2349.912109375 1150.0880126953125 40.757027466156664 0.0 0.0 0.0 0.0 0.0 0.0 0.0
3122 2287.107421875 1162.05078125 28.267567214703078 0.0 0.0 0.0 0.0 0.0 0.0 0.0
3133 2203.36767578125 1191.9578247070312 8.227337803141594 0.0 0.0 0.0 0.0 0.0 0.0 0.0
3139 2104.674560546875 1227.84619140625 340.9310635519352 0.0 0.0 0.0 0.0 0.0 0.0 0.0
3147 2011.962890625 1269.716064453125 316.14674871150004 0.0 0.0 0.0 0.0 0.0 0.0 0.0
3155 1940.18603515625 1314.5765380859375 297.52759834944914 0.0 0.0 0.0 0.0 0.0 0.0 0.0
3162 1865.41845703125 1362.427734375 281.7430784628732 0.0 0.0 0.0 0.0 0.0 0.0 0.0
3172 1823.5487060546875 1392.334716796875 273.5610728951812 0.0 0.0 0.0 0.0 0.0 0.0 0.0
3179 1793.6417236328125 1416.2603759765625 267.8263333905652 0.0 0.0 0.0 0.0 0.0 0.0 0.0
3186 1769.716064453125 1437.1953125 263.29541145299464 0.0 0.0 0.0 0.0 0.0 0.0 0.0
3194 1748.7811279296875 1455.1395263671875 259.7831096140369 0.0 0.0 0.0 0.0 0.0 0.0 0.0
3202 1730.8369140625 1479.0650634765625 255.12432653363692 0.0 0.0 0.0 0.0 0.0 0.0 0.0
3208 1709.902099609375 1505.9814453125 250.49505288334166 0.0 0.0 0.0 0.0 0.0 0.0 0.0
3216 1691.9578857421875 1526.916259765625 247.36552942304837 0.0 0.0 0.0 0.0 0.0 0.0 0.0
3223 1685.9764404296875 1538.879150390625 245.2636079311746 0.0 0.0 0.0 0.0 0.0 0.0 0.0
3231 1685.9764404296875 1550.8419189453125 242.60017958951346 0.0 0.0 0.0 0.0 0.0 0.0 0.0
3241 1685.9764404296875 1562.8046875 240.00159971841236 0.0 0.0 0.0 0.0 0.0 0.0 0.0
3249 1685.9764404296875 1574.7674560546875 237.4713234431482 0.0 0.0 0.0 0.0 0.0 0.0 0.0
3256 1688.9671630859375 1583.7396240234375 235.19766335164235 0.0 0.0 0.0 0.0 0.0 0.0 0.0
3265 1694.9486083984375 1589.720947265625 233.10249492029823 0.0 0.0 0.0 0.0 0.0 0.0 0.0
3272 1709.902099609375 1595.702392578125 229.53926297702168 0.0 0.0 0.0 0.0 0.0 0.0 0.0
3280 1730.8369140625 1601.683837890625 224.7690561440242 0.0 0.0 0.0 0.0 0.0 0.0 0.0
3288 1757.7532958984375 1601.683837890625 219.58531656750097 0.0 0.0 0.0 0.0 0.0 0.0 0.0
3296 1790.6510009765625 1601.683837890625 212.65176254765169 0.0 0.0 0.0 0.0 0.0 0.0 0.0
3303 1832.520751953125 1586.7303466796875 204.69640984496692 0.0 0.0 0.0 0.0 0.0 0.0 0.0
3311 1889.3441162109375 1565.79541015625 191.76005456319683 0.0 0.0 0.0 0.0 0.0 0.0 0.0
3319 1952.1488037109375 1538.879150390625 175.34278080988338 0.0 0.0 0.0 0.0 0.0 0.0 0.0
3327 2032.897705078125 1511.9627685546875 153.7223340187192 0.0 0.0 0.0 0.0 0.0 0.0 0.0
3335 2110.656005859375 1476.0743408203125 133.37827402845596 0.0 0.0 0.0 0.0 0.0 0.0 0.0
3342 2194.3955078125 1443.1766357421875 116.39038510814932 0.0 0.0 0.0 0.0 0.0 0.0 0.0
3351 2278.13525390625 1413.2696533203125 103.92311241472758 0.0 0.0 0.0 0.0 0.0 0.0 0.0
3358 2376.828369140625 1383.3626708984375 94.42945690923001 0.0 0.0 0.0 0.0 0.0 0.0 0.0
3367 2451.595947265625 1353.4556884765625 87.64166012521397 0.0 0.0 0.0 0.0 0.0 0.0 0.0
3374 2526.36328125 1326.539306640625 83.1242858903986 0.0 0.0 0.0 0.0 0.0 0.0 0.0
3380 2589.168212890625 1293.6416015625 78.21247422447433 0.0 0.0 0.0 0.0 0.0 0.0 0.0
3389 2622.06591796875 1275.6973876953125 75.84094197501024 0.0 0.0 0.0 0.0 0.0 0.0 0.0
3397 2643.000732421875 1254.7625732421875 72.4064061158118 0.0 0.0 0.0 0.0 0.0 0.0 0.0
3405 2666.92626953125 1239.8090209960938 70.81615690477972 0.0 0.0 0.0 0.0 0.0 0.0 0.0
3412 2681.8798828125 1224.8555297851562 68.67434988422832 0.0 0.0 0.0 0.0 0.0 0.0 0.0
3420 2690.851806640625 1218.8740844726562 68.11342347225519 0.0 0.0 0.0 0.0 0.0 0.0 0.0
3428 2696.833251953125 1209.9019775390625 66.63800515402781 0.0 0.0 0.0 0.0 0.0 0.0 0.0
3436 2699.823974609375 1209.9019775390625 66.92896306022169 0.0 0.0 0.0 0.0 0.0 0.0 0.0
3537 2699.823974609375 1206.9113159179688 66.24294133414135 0.0 0.0 0.0 0.0 0.0 0.0 0.0