0 2000.0 1500.0 0 0.0 0.0 0.0 0.0 0.0 0.0 0.0
223 2002.123291015625 1497.8768310546875 358.6810789566928 0.0 0.0 0.0 0.0 0.0 0.0 0.0
231 2002.123291015625 1495.753662109375 358.048369199185 0.0 0.0 0.0 0.0 0.0 0.0 0.0
263 2002.123291015625 1493.63037109375 357.4079822158217 0.0 0.0 0.0 0.0 0.0 0.0 0.0
295 2004.246337890625 1491.5072021484375 356.0874190963848 0.0 0.0 0.0 0.0 0.0 0.0 0.0
327 2006.36962890625 1487.2608642578125 354.088355588291 0.0 0.0 0.0 0.0 0.0 0.0 0.0
343 2008.492919921875 1483.0145263671875 352.06919093930486 0.0 0.0 0.0 0.0 0.0 0.0 0.0
351 2008.492919921875 1480.8912353515625 351.36075426990794 0.0 0.0 0.0 0.0 0.0 0.0 0.0
359 2012.7392578125 1476.6448974609375 348.73826056079184 0.0 0.0 0.0 0.0 0.0 0.0 0.0
367 2012.7392578125 1474.521728515625 347.9953396497982 0.0 0.0 0.0 0.0 0.0 0.0 0.0
375 2014.8623046875 1472.3985595703125 346.6910200235412 0.0 0.0 0.0 0.0 0.0 0.0 0.0
383 2016.985595703125 1468.152099609375 344.61968100174363 0.0 0.0 0.0 0.0 0.0 0.0 0.0
391 2021.23193359375 1463.90576171875 342.0523518900141 0.0 0.0 0.0 0.0 0.0 0.0 0.0
399 2023.355224609375 1461.7825927734375 340.77624364824163 0.0 0.0 0.0 0.0 0.0 0.0 0.0
407 2025.478271484375 1457.5362548828125 338.6884707462676 0.0 0.0 0.0 0.0 0.0 0.0 0.0
415 2029.724609375 1455.4130859375 337.0232638518916 0.0 0.0 0.0 0.0 0.0 0.0 0.0
423 2031.847900390625 1449.04345703125 334.0800163968846 0.0 0.0 0.0 0.0 0.0 0.0 0.0
431 2033.97119140625 1446.9202880859375 332.8629178719152 0.0 0.0 0.0 0.0 0.0 0.0 0.0
439 2036.09423828125 1444.797119140625 331.65688868660203 0.0 0.0 0.0 0.0 0.0 0.0 0.0
447 2038.217529296875 1442.6739501953125 330.46235282317775 0.0 0.0 0.0 0.0 0.0 0.0 0.0
455 2040.340576171875 1440.5506591796875 329.2796595218606 0.0 0.0 0.0 0.0 0.0 0.0 0.0
463 2044.5869140625 1436.3043212890625 326.9633105682942 0.0 0.0 0.0 0.0 0.0 0.0 0.0
527 2042.4638671875 1436.3043212890625 327.22888217713216 0.0 0.0 0.0 0.0 0.0 0.0 0.0
535 2029.724609375 1453.289794921875 336.43009876251585 0.0 0.0 0.0 0.0 0.0 0.0 0.0
543 2010.615966796875 1470.275390625 347.51538599166247 0.0 0.0 0.0 0.0 0.0 0.0 0.0
551 1987.260986328125 1487.2608642578125 0.2841843372566757 0.0 0.0 0.0 0.0 0.0 0.0 0.0
559 1961.7825927734375 1506.3695068359375 14.198674602672838 0.0 0.0 0.0 0.0 0.0 0.0 0.0
567 1940.55078125 1521.23193359375 25.019990741729515 0.0 0.0 0.0 0.0 0.0 0.0 0.0
575 1910.8260498046875 1542.4637451171875 38.55891135869001 0.0 0.0 0.0 0.0 0.0 0.0 0.0
583 1889.59423828125 1557.3260498046875 47.137478584153314 0.0 0.0 0.0 0.0 0.0 0.0 0.0
591 1874.73193359375 1565.81884765625 52.758725319719986 0.0 0.0 0.0 0.0 0.0 0.0 0.0
599 1866.2391357421875 1570.065185546875 55.876416118546615 0.0 0.0 0.0 0.0 0.0 0.0 0.0
607 1859.8695068359375 1576.434814453125 57.73478060260129 0.0 0.0 0.0 0.0 0.0 0.0 0.0
615 1857.746337890625 1578.5579833984375 58.34174639025531 0.0 0.0 0.0 0.0 0.0 0.0 0.0
623 1855.6231689453125 1580.68115234375 58.936501246034425 0.0 0.0 0.0 0.0 0.0 0.0 0.0
727 1857.746337890625 1580.68115234375 58.04514103885674 0.0 0.0 0.0 0.0 0.0 0.0 0.0
743 1859.8695068359375 1580.68115234375 57.14955140784312 0.0 0.0 0.0 0.0 0.0 0.0 0.0
759 1864.115966796875 1578.5579833984375 55.58419847317643 0.0 0.0 0.0 0.0 0.0 0.0 0.0
799 1866.2391357421875 1576.434814453125 54.90808016033691 0.0 0.0 0.0 0.0 0.0 0.0 0.0
863 1868.3623046875 1576.434814453125 53.99931590852657 0.0 0.0 0.0 0.0 0.0 0.0 0.0
871 1870.4854736328125 1576.434814453125 53.08725223459956 0.0 0.0 0.0 0.0 0.0 0.0 0.0
1151 1870.4854736328125 1574.3116455078125 53.29074406502335 0.0 0.0 0.0 0.0 0.0 0.0 0.0
1167 1874.73193359375 1572.1884765625 51.63386661184387 0.0 0.0 0.0 0.0 0.0 0.0 0.0
1175 1876.8551025390625 1565.81884765625 51.22741713954957 0.0 0.0 0.0 0.0 0.0 0.0 0.0
1191 1878.978271484375 1561.572509765625 50.62953169834577 0.0 0.0 0.0 0.0 0.0 0.0 0.0