0 2000.0 1500.0 0 0.0 0.0 0.0 0.0 0.0 0.0 0.0
283 2000.0 1500.0 0 0.0 0.0 0.0 0.0 0.0 0.0 0.0
295 2000.0 1500.0 0 0.0 0.0 0.0 0.0 0.0 0.0 0.0
312 2000.0 1500.0 0 0.0 0.0 0.0 0.0 0.0 0.0 0.0
320 2000.0 1500.0 0 0.0 0.0 0.0 0.0 0.0 0.0 0.0
332 2000.0 1500.0 0 0.0 0.0 0.0 0.0 0.0 0.0 0.0
344 1967.96435546875 1483.982177734375 9.223423797252082 0.0 0.0 0.0 0.0 0.0 0.0 0.0
357 1931.92431640625 1463.9599609375 17.91996376682144 0.0 0.0 0.0 0.0 0.0 0.0 0.0
372 1891.8798828125 1447.942138671875 22.802001597557847 0.0 0.0 0.0 0.0 0.0 0.0 0.0
380 1855.83984375 1427.919921875 28.125842279510294 0.0 0.0 0.0 0.0 0.0 0.0 0.0
396 1823.80419921875 1407.897705078125 32.54513101656758 0.0 0.0 0.0 0.0 0.0 0.0 0.0
409 1803.781982421875 1399.8887939453125 33.114816267560656 0.0 0.0 0.0 0.0 0.0 0.0 0.0
418 1787.76416015625 1391.8798828125 34.152889294774496 0.0 0.0 0.0 0.0 0.0 0.0 0.0
433 1775.7508544921875 1383.8709716796875 35.66846366750022 0.0 0.0 0.0 0.0 0.0 0.0 0.0
442 1771.746337890625 1383.8709716796875 34.98346119908743 0.0 0.0 0.0 0.0 0.0 0.0 0.0
454 1771.746337890625 1379.866455078125 36.78751896387135 0.0 0.0 0.0 0.0 0.0 0.0 0.0
472 1771.746337890625 1379.866455078125 36.7875175598173 0.0 0.0 0.0 0.0 0.0 0.0 0.0
481 1771.746337890625 1379.866455078125 36.7875175598173 0.0 0.0 0.0 0.0 0.0 0.0 0.0
490 1771.746337890625 1379.866455078125 36.7875175598173 0.0 0.0 0.0 0.0 0.0 0.0 0.0
503 1771.746337890625 1379.866455078125 36.7875175598173 0.0 0.0 0.0 0.0 0.0 0.0 0.0
515 1771.746337890625 1379.866455078125 36.7875175598173 0.0 0.0 0.0 0.0 0.0 0.0 0.0
551 1771.746337890625 1375.862060546875 38.56758388291988 0.0 0.0 0.0 0.0 0.0 0.0 0.0