0 2000.0 1500.0 0 0.0 0.0 0.0 0.0 0.0 0.0 0.0
118 2000.0 1500.0 0 0.0 0.0 0.0 0.0 0.0 0.0 0.0
141 2000.0 1500.0 0 0.0 0.0 0.0 0.0 0.0 0.0 0.0
146 2000.0 1500.0 0 0.0 0.0 0.0 0.0 0.0 0.0 0.0
155 2047.922119140625 1467.053466796875 9.836581841937544 0.0 0.0 0.0 0.0 0.0 0.0 0.0
165 2104.82958984375 1428.11669921875 16.975098966505925 0.0 0.0 0.0 0.0 0.0 0.0 0.0
171 2164.732421875 1386.1849365234375 21.186669943849047 0.0 0.0 0.0 0.0 0.0 0.0 0.0
185 2191.6884765625 1371.209228515625 23.904979554216332 0.0 0.0 0.0 0.0 0.0 0.0 0.0
202 2203.6689453125 1365.218994140625 25.232421337124876 0.0 0.0 0.0 0.0 0.0 0.0 0.0
209 2209.659423828125 1365.218994140625 27.122968838342082 0.0 0.0 0.0 0.0 0.0 0.0 0.0
277 2203.6689453125 1371.209228515625 27.994748247322256 0.0 0.0 0.0 0.0 0.0 0.0 0.0
289 2161.7373046875 1389.1800537109375 19.678813315307444 0.0 0.0 0.0 0.0 0.0 0.0 0.0
300 2056.907470703125 1434.1070556640625 284.68575325787646 0.0 0.0 0.0 0.0 0.0 0.0 0.0
310 1940.097412109375 1479.0340576171875 249.7062044051968 0.0 0.0 0.0 0.0 0.0 0.0 0.0
326 1805.31640625 1520.9658203125 235.42098077779093 0.0 0.0 0.0 0.0 0.0 0.0 0.0
332 1655.5596923828125 1568.887939453125 228.82213842127993 0.0 0.0 0.0 0.0 0.0 0.0 0.0
343 1589.666748046875 1586.8587646484375 228.07689184679384 0.0 0.0 0.0 0.0 0.0 0.0 0.0
353 1553.7252197265625 1592.84912109375 229.28108332692494 0.0 0.0 0.0 0.0 0.0 0.0 0.0
363 1520.7786865234375 1595.84423828125 231.1369262196548 0.0 0.0 0.0 0.0 0.0 0.0 0.0
373 1490.827392578125 1598.83935546875 232.33321583656823 0.0 0.0 0.0 0.0 0.0 0.0 0.0
382 1478.846923828125 1598.83935546875 233.34523138475902 0.0 0.0 0.0 0.0 0.0 0.0 0.0
394 1472.8565673828125 1598.83935546875 233.82404412927758 0.0 0.0 0.0 0.0 0.0 0.0 0.0
405 1472.8565673828125 1595.84423828125 235.45771560345304 0.0 0.0 0.0 0.0 0.0 0.0 0.0
413 1469.8614501953125 1586.8587646484375 240.44627617339074 0.0 0.0 0.0 0.0 0.0 0.0 0.0
424 1469.8614501953125 1580.8685302734375 243.73645899294343 0.0 0.0 0.0 0.0 0.0 0.0 0.0
432 1469.8614501953125 1571.8831787109375 248.64550373280406 0.0 0.0 0.0 0.0 0.0 0.0 0.0
444 1469.8614501953125 1565.892822265625 251.8898569659226 0.0 0.0 0.0 0.0 0.0 0.0 0.0
454 1466.8663330078125 1562.897705078125 253.1908019779233 0.0 0.0 0.0 0.0 0.0 0.0 0.0
477 1466.8663330078125 1556.907470703125 256.381621696196 0.0 0.0 0.0 0.0 0.0 0.0 0.0
487 1463.8712158203125 1556.907470703125 255.9894162563495 0.0 0.0 0.0 0.0 0.0 0.0 0.0
527 1460.8760986328125 1556.907470703125 255.60786067967246 0.0 0.0 0.0 0.0 0.0 0.0 0.0
559 1460.8760986328125 1559.902587890625 253.99768767213004 0.0 0.0 0.0 0.0 0.0 0.0 0.0
568 1460.8760986328125 1568.887939453125 249.09313721173078 0.0 0.0 0.0 0.0 0.0 0.0 0.0
578 1460.8760986328125 1574.8782958984375 245.80826065007005 0.0 0.0 0.0 0.0 0.0 0.0 0.0
592 1466.8663330078125 1577.8734130859375 244.28444664899234 0.0 0.0 0.0 0.0 0.0 0.0 0.0
601 1472.8565673828125 1583.8636474609375 240.92072072510507 0.0 0.0 0.0 0.0 0.0 0.0 0.0
610 1484.837158203125 1589.8538818359375 237.0518761064841 0.0 0.0 0.0 0.0 0.0 0.0 0.0
621 1523.77392578125 1595.84423828125 228.90983987328957 0.0 0.0 0.0 0.0 0.0 0.0 0.0
630 1628.603515625 1610.81982421875 147.37113043465712 0.0 0.0 0.0 0.0 0.0 0.0 0.0
641 1730.4381103515625 1610.81982421875 105.42109455948923 0.0 0.0 0.0 0.0 0.0 0.0 0.0
650 1847.248291015625 1610.81982421875 82.5269584201602 0.0 0.0 0.0 0.0 0.0 0.0 0.0
660 1937.1021728515625 1610.81982421875 73.12644794055238 0.0 0.0 0.0 0.0 0.0 0.0 0.0
671 2008.9853515625 1604.82958984375 66.71911507560947 0.0 0.0 0.0 0.0 0.0 0.0 0.0
682 2056.907470703125 1592.84912109375 60.780415508141616 0.0 0.0 0.0 0.0 0.0 0.0 0.0
694 2074.87841796875 1583.8636474609375 56.79345202833335 0.0 0.0 0.0 0.0 0.0 0.0 0.0
709 2083.86376953125 1580.8685302734375 55.7158283473468 0.0 0.0 0.0 0.0 0.0 0.0 0.0
715 2083.86376953125 1577.8734130859375 54.087301442141765 0.0 0.0 0.0 0.0 0.0 0.0 0.0
783 2074.87841796875 1577.8734130859375 53.326700305167236 0.0 0.0 0.0 0.0 0.0 0.0 0.0
794 2000.0 1577.8734130859375 32.506530383352654 0.0 0.0 0.0 0.0 0.0 0.0 0.0
810 1787.3455810546875 1607.82470703125 252.28813635129757 0.0 0.0 0.0 0.0 0.0 0.0 0.0
817 1574.691162109375 1658.741943359375 236.2865003509662 0.0 0.0 0.0 0.0 0.0 0.0 0.0
831 1353.05126953125 1709.6593017578125 231.4653439902778 0.0 0.0 0.0 0.0 0.0 0.0 0.0
844 1113.440673828125 1757.5814208984375 231.0576899324621 0.0 0.0 0.0 0.0 0.0 0.0 0.0
850 912.7667846679688 1829.464599609375 225.30013878710986 0.0 0.0 0.0 0.0 0.0 0.0 0.0
861 816.9224853515625 1883.376953125 218.9035910799951 0.0 0.0 0.0 0.0 0.0 0.0 0.0
873 807.9371337890625 1883.376953125 220.71093030578507 0.0 0.0 0.0 0.0 0.0 0.0 0.0
905 801.9468383789062 1886.3720703125 220.40470486766134 0.0 0.0 0.0 0.0 0.0 0.0 0.0
922 804.9419555664062 1886.3720703125 219.77749745679887 0.0 0.0 0.0 0.0 0.0 0.0 0.0
938 825.9078979492188 1880.3818359375 218.0748791280668 0.0 0.0 0.0 0.0 0.0 0.0 0.0
955 885.810546875 1868.4012451171875 201.24269877421162 0.0 0.0 0.0 0.0 0.0 0.0 0.0
965 984.64990234375 1841.445068359375 126.38049980434104 0.0 0.0 0.0 0.0 0.0 0.0 0.0
967 1080.4942626953125 1805.5035400390625 84.50802889727834 0.0 0.0 0.0 0.0 0.0 0.0 0.0
978 1134.4066162109375 1775.5521240234375 65.86907838775889 0.0 0.0 0.0 0.0 0.0 0.0 0.0
984 1146.3870849609375 1769.5618896484375 62.53814988162499 0.0 0.0 0.0 0.0 0.0 0.0 0.0
1922 1154.359951019287 1761.7250900268555 60.90799145477128 0.0 0.0 0.0 0.0 0.0 0.0 0.0
1945 1154.359951019287 1755.734733581543 57.671599999286784 0.0 0.0 0.0 0.0 0.0 0.0 0.0
1955 1136.389247894287 1737.764030456543 44.71772003435967 0.0 0.0 0.0 0.0 0.0 0.0 0.0
1964 1088.467128753662 1701.822380065918 9.907323088610958 0.0 0.0 0.0 0.0 0.0 0.0 0.0
1977 1019.5790672302246 1647.910026550293 332.2021407791298 0.0 0.0 0.0 0.0 0.0 0.0 0.0
1985 947.6958274841309 1582.0170822143555 311.70511209213004 0.0 0.0 0.0 0.0 0.0 0.0 0.0
2000 872.8175315856934 1525.109489440918 298.7740367124097 0.0 0.0 0.0 0.0 0.0 0.0 0.0
2008 744.0267601013184 1468.202018737793 282.77773163294194 0.0 0.0 0.0 0.0 0.0 0.0 0.0
2020 531.3723411560059 1423.275016784668 266.70793419439605 0.0 0.0 0.0 0.0 0.0 0.0 0.0
2034 321.71303939819336 1402.3090744018555 257.424910051265 0.0 0.0 0.0 0.0 0.0 0.0 0.0
2049 216.8833885192871 1387.3334884643555 256.3302270945377 0.0 0.0 0.0 0.0 0.0 0.0 0.0
2057 192.9223289489746 1378.348014831543 258.5517963605521 0.0 0.0 0.0 0.0 0.0 0.0 0.0
2070 189.92719650268555 1372.357780456543 261.32910328550463 0.0 0.0 0.0 0.0 0.0 0.0 0.0
2078 189.92719650268555 1369.362663269043 262.9070049234817 0.0 0.0 0.0 0.0 0.0 0.0 0.0
2087 189.92719650268555 1366.367546081543 264.4721230343269 0.0 0.0 0.0 0.0 0.0 0.0 0.0
2097 189.92719650268555 1360.3771896362305 267.5465647580843 0.0 0.0 0.0 0.0 0.0 0.0 0.0
2109 189.92719650268555 1357.3820724487305 269.06743219412635 0.0 0.0 0.0 0.0 0.0 0.0 0.0
2121 189.92719650268555 1354.3869552612305 270.5717026117242 0.0 0.0 0.0 0.0 0.0 0.0 0.0
2130 198.91259384155273 1351.3918380737305 274.2783311848965 0.0 0.0 0.0 0.0 0.0 0.0 0.0
2142 219.87853622436523 1351.3918380737305 280.62738886163976 0.0 0.0 0.0 0.0 0.0 0.0 0.0
2152 258.8152732849121 1351.3918380737305 297.2065768352584 0.0 0.0 0.0 0.0 0.0 0.0 0.0
2166 339.68383407592773 1348.3967208862305 346.4690340922563 0.0 0.0 0.0 0.0 0.0 0.0 0.0
2175 396.591365814209 1336.416130065918 9.790008459469696 0.0 0.0 0.0 0.0 0.0 0.0 0.0
2186 429.53783798217773 1324.435661315918 18.905628276713088 0.0 0.0 0.0 0.0 0.0 0.0 0.0
2196 447.5086326599121 1324.435661315918 25.458780519835713 0.0 0.0 0.0 0.0 0.0 0.0 0.0
2208 450.5037498474121 1324.435661315918 26.525663959856843 0.0 0.0 0.0 0.0 0.0 0.0 0.0
2230 450.5037498474121 1327.430778503418 27.79406479071683 0.0 0.0 0.0 0.0 0.0 0.0 0.0
2253 450.5037498474121 1330.425895690918 29.085602014136768 0.0 0.0 0.0 0.0 0.0 0.0 0.0
2274 450.5037498474121 1336.416130065918 31.760862777805855 0.0 0.0 0.0 0.0 0.0 0.0 0.0
2284 450.5037498474121 1342.4064865112305 34.52468362961668 0.0 0.0 0.0 0.0 0.0 0.0 0.0
2306 450.5037498474121 1345.4016036987305 35.92736524707369 0.0 0.0 0.0 0.0 0.0 0.0 0.0
2310 450.5037498474121 1348.3967208862305 37.350712887488214 0.0 0.0 0.0 0.0 0.0 0.0 0.0
2313 450.5037498474121 1351.3918380737305 38.79413824423672 0.0 0.0 0.0 0.0 0.0 0.0 0.0
2327 450.5037498474121 1354.3869552612305 40.25697342876511 0.0 0.0 0.0 0.0 0.0 0.0 0.0
2345 453.49889755249023 1354.3869552612305 40.97932643647134 0.0 0.0 0.0 0.0 0.0 0.0 0.0
2353 456.49404525756836 1354.3869552612305 41.68351475904184 0.0 0.0 0.0 0.0 0.0 0.0 0.0
2363 459.48916244506836 1354.3869552612305 42.36992417741351 0.0 0.0 0.0 0.0 0.0 0.0 0.0
2385 462.4843101501465 1354.3869552612305 43.03886159885525 0.0 0.0 0.0 0.0 0.0 0.0 0.0