0 2000.0 1500.0 0 0.0 0.0 0.0 0.0 0.0 0.0 0.0
119 2000.0 1500.0 0 0.0 0.0 0.0 0.0 0.0 0.0 0.0
126 2000.0 1500.0 0 0.0 0.0 0.0 0.0 0.0 0.0 0.0
135 2000.0 1500.0 0 0.0 0.0 0.0 0.0 0.0 0.0 0.0
142 2000.0 1500.0 0 0.0 0.0 0.0 0.0 0.0 0.0 0.0
150 1951.4078369140625 1512.1480712890625 356.6988930502122 0.0 0.0 0.0 0.0 0.0 0.0 0.0
159 1900.3861083984375 1519.4368896484375 356.13722954365437 0.0 0.0 0.0 0.0 0.0 0.0 0.0
167 1842.075439453125 1526.7257080078125 356.0462888455178 0.0 0.0 0.0 0.0 0.0 0.0 0.0
175 1805.63134765625 1534.0145263671875 354.99556876048246 0.0 0.0 0.0 0.0 0.0 0.0 0.0
182 1778.9056396484375 1534.0145263671875 356.47731524184604 0.0 0.0 0.0 0.0 0.0 0.0 0.0
192 1761.8983154296875 1534.0145263671875 357.3012698214716 0.0 0.0 0.0 0.0 0.0 0.0 0.0
199 1757.0391845703125 1534.0145263671875 357.5273421575937 0.0 0.0 0.0 0.0 0.0 0.0 0.0
206 1754.6094970703125 1534.0145263671875 357.6380795028848 0.0 0.0 0.0 0.0 0.0 0.0 0.0
248 1752.179931640625 1538.873779296875 355.4391417055908 0.0 0.0 0.0 0.0 0.0 0.0 0.0
278 1754.6094970703125 1541.3033447265625 354.08198131989775 0.0 0.0 0.0 0.0 0.0 0.0 0.0
286 1766.757568359375 1541.3033447265625 353.0578225404041 0.0 0.0 0.0 0.0 0.0 0.0 0.0
294 1791.0537109375 1541.3033447265625 350.48585601504954 0.0 0.0 0.0 0.0 0.0 0.0 0.0
302 1837.21630859375 1541.3033447265625 342.600037425926 0.0 0.0 0.0 0.0 0.0 0.0 0.0
312 1917.393310546875 1541.3033447265625 309.0178700171303 0.0 0.0 0.0 0.0 0.0 0.0 0.0
318 2012.1480712890625 1541.3033447265625 257.7635774342689 0.0 0.0 0.0 0.0 0.0 0.0 0.0
326 2133.6285400390625 1541.3033447265625 219.59645567107157 0.0 0.0 0.0 0.0 0.0 0.0 0.0
334 2247.820068359375 1541.3033447265625 201.54169692961364 0.0 0.0 0.0 0.0 0.0 0.0 0.0
342 2357.152587890625 1541.3033447265625 192.59185318601754 0.0 0.0 0.0 0.0 0.0 0.0 0.0
350 2430.040771484375 1541.3033447265625 188.9130210739278 0.0 0.0 0.0 0.0 0.0 0.0 0.0
359 2471.34423828125 1541.3033447265625 187.37078101546223 0.0 0.0 0.0 0.0 0.0 0.0 0.0
366 2488.351318359375 1541.3033447265625 186.81612614969472 0.0 0.0 0.0 0.0 0.0 0.0 0.0
374 2493.210693359375 1541.3033447265625 186.6640114374928 0.0 0.0 0.0 0.0 0.0 0.0 0.0
494 2490.781005859375 1541.3033447265625 186.74174355230122 0.0 0.0 0.0 0.0 0.0 0.0 0.0
502 2488.351318359375 1543.73291015625 188.0290787414359 0.0 0.0 0.0 0.0 0.0 0.0 0.0
512 2485.921875 1546.16259765625 189.34084245534183 0.0 0.0 0.0 0.0 0.0 0.0 0.0
518 2483.4921875 1546.16259765625 189.475000035406 0.0 0.0 0.0 0.0 0.0 0.0 0.0