0 2000.0 1500.0 0 0.0 0.0 0.0 0.0 0.0 0.0 0.0
273 1994.009765625 1500.0 2.453842860338966 0.0 0.0 0.0 0.0 0.0 0.0 0.0
281 1991.0145263671875 1500.0 3.6826660555959734 0.0 0.0 0.0 0.0 0.0 0.0 0.0
291 1982.0291748046875 1497.0048828125 7.372904356548958 0.0 0.0 0.0 0.0 0.0 0.0 0.0
303 1967.053466796875 1482.0291748046875 14.203743018486364 0.0 0.0 0.0 0.0 0.0 0.0 0.0
312 1940.0972900390625 1461.0633544921875 27.691943217545656 0.0 0.0 0.0 0.0 0.0 0.0 0.0
321 1904.15576171875 1434.1070556640625 46.4937517997632 0.0 0.0 0.0 0.0 0.0 0.0 0.0
332 1871.209228515625 1407.15087890625 63.52775337503462 0.0 0.0 0.0 0.0 0.0 0.0 0.0
342 1835.2677001953125 1383.1898193359375 77.95237879047372 0.0 0.0 0.0 0.0 0.0 0.0 0.0
353 1799.3260498046875 1350.243408203125 92.87104861498364 0.0 0.0 0.0 0.0 0.0 0.0 0.0
364 1760.389404296875 1317.296875 104.51200663351159 0.0 0.0 0.0 0.0 0.0 0.0 0.0
374 1724.44775390625 1287.3455810546875 112.63719225275497 0.0 0.0 0.0 0.0 0.0 0.0 0.0
385 1688.506103515625 1251.4039306640625 120.55078688722989 0.0 0.0 0.0 0.0 0.0 0.0 0.0
396 1652.5645751953125 1224.44775390625 123.96124452580847 0.0 0.0 0.0 0.0 0.0 0.0 0.0
406 1622.61328125 1203.4818115234375 125.77739051923999 0.0 0.0 0.0 0.0 0.0 0.0 0.0
417 1598.6522216796875 1182.5159912109375 128.2088982532676 0.0 0.0 0.0 0.0 0.0 0.0 0.0
430 1580.681396484375 1170.535400390625 128.63866206628438 0.0 0.0 0.0 0.0 0.0 0.0 0.0
439 1568.7008056640625 1158.554931640625 130.15487549445646 0.0 0.0 0.0 0.0 0.0 0.0 0.0
449 1556.7203369140625 1152.5645751953125 129.6409266312512 0.0 0.0 0.0 0.0 0.0 0.0 0.0
460 1541.74462890625 1143.5792236328125 129.5345117499806 0.0 0.0 0.0 0.0 0.0 0.0 0.0
470 1532.75927734375 1140.5841064453125 128.68925913899204 0.0 0.0 0.0 0.0 0.0 0.0 0.0
481 1517.7835693359375 1134.59375 127.74108394671606 0.0 0.0 0.0 0.0 0.0 0.0 0.0
491 1508.7982177734375 1128.603515625 128.00501622325015 0.0 0.0 0.0 0.0 0.0 0.0 0.0
501 1502.807861328125 1125.6083984375 127.83457125546863 0.0 0.0 0.0 0.0 0.0 0.0 0.0
514 1496.817626953125 1122.61328125 127.67192546821235 0.0 0.0 0.0 0.0 0.0 0.0 0.0
653 1505.8031005859375 1122.61328125 129.62521626601358 0.0 0.0 0.0 0.0 0.0 0.0 0.0
670 1520.7786865234375 1122.61328125 133.20224715406454 0.0 0.0 0.0 0.0 0.0 0.0 0.0
681 1538.74951171875 1119.6181640625 139.01475564423828 0.0 0.0 0.0 0.0 0.0 0.0 0.0
691 1562.7105712890625 1116.623046875 147.34927937563322 0.0 0.0 0.0 0.0 0.0 0.0 0.0
702 1619.6180419921875 1113.6279296875 170.7354389154056 0.0 0.0 0.0 0.0 0.0 0.0 0.0
714 1715.46240234375 1104.6424560546875 208.9134949486471 0.0 0.0 0.0 0.0 0.0 0.0 0.0
723 1817.296875 1101.6473388671875 236.59533678815117 0.0 0.0 0.0 0.0 0.0 0.0 0.0
734 1952.077880859375 1107.6375732421875 258.06210045087124 0.0 0.0 0.0 0.0 0.0 0.0 0.0
747 2056.9075927734375 1125.6083984375 270.7408591931075 0.0 0.0 0.0 0.0 0.0 0.0 0.0
755 2146.7615966796875 1152.5645751953125 280.237459587891 0.0 0.0 0.0 0.0 0.0 0.0 0.0
766 2203.6690673828125 1173.530517578125 285.5847752141312 0.0 0.0 0.0 0.0 0.0 0.0 0.0
776 2236.6153564453125 1188.5062255859375 288.98147843376546 0.0 0.0 0.0 0.0 0.0 0.0 0.0
786 2245.6009521484375 1191.5013427734375 289.43722250062456 0.0 0.0 0.0 0.0 0.0 0.0 0.0
788 2257.5814208984375 1197.4915771484375 290.7287344495252 0.0 0.0 0.0 0.0 0.0 0.0 0.0
798 2269.5618896484375 1200.4866943359375 290.8125463367888 0.0 0.0 0.0 0.0 0.0 0.0 0.0
808 2275.5521240234375 1203.4818115234375 291.42565684113913 0.0 0.0 0.0 0.0 0.0 0.0 0.0
819 2281.5423583984375 1206.47705078125 292.0113131434672 0.0 0.0 0.0 0.0 0.0 0.0 0.0
955 2278.5472412109375 1206.47705078125 292.32182327139196 0.0 0.0 0.0 0.0 0.0 0.0 0.0
993 2266.5667724609375 1233.4332275390625 304.5304194935628 0.0 0.0 0.0 0.0 0.0 0.0 0.0
1018 2260.5765380859375 1251.4039306640625 312.0445832333354 0.0 0.0 0.0 0.0 0.0 0.0 0.0
1031 2257.5814208984375 1260.389404296875 315.7174734411939 0.0 0.0 0.0 0.0 0.0 0.0 0.0
1039 2251.5911865234375 1266.379638671875 319.1969064637261 0.0 0.0 0.0 0.0 0.0 0.0 0.0
1059 2251.5911865234375 1269.374755859375 320.10678461042744 0.0 0.0 0.0 0.0 0.0 0.0 0.0
1070 2242.6058349609375 1269.374755859375 322.7205335426852 0.0 0.0 0.0 0.0 0.0 0.0 0.0
1080 2221.6397705078125 1239.4234619140625 319.2010047938831 0.0 0.0 0.0 0.0 0.0 0.0 0.0
1091 2152.7518310546875 1089.6668701171875 219.4153462256479 0.0 0.0 0.0 0.0 0.0 0.0 0.0
1102 2092.8489990234375 930.9248046875 190.46637397418738 0.0 0.0 0.0 0.0 0.0 0.0 0.0
1112 2056.9075927734375 784.1632690429688 181.87674259784387 0.0 0.0 0.0 0.0 0.0 0.0 0.0
1123 2032.9464111328125 685.3238525390625 178.5939728959848 0.0 0.0 0.0 0.0 0.0 0.0 0.0
1133 2011.98046875 613.440673828125 176.1019343950598 0.0 0.0 0.0 0.0 0.0 0.0 0.0
1145 1979.0340576171875 562.5234375 169.68757395437547 0.0 0.0 0.0 0.0 0.0 0.0 0.0
1154 1937.1021728515625 490.6402587890625 165.1225279138866 0.0 0.0 0.0 0.0 0.0 0.0 0.0
1164 1886.1849365234375 442.71807861328125 157.11039798020676 0.0 0.0 0.0 0.0 0.0 0.0 0.0
1175 1847.2481689453125 403.7813720703125 153.04779706649379 0.0 0.0 0.0 0.0 0.0 0.0 0.0
1186 1811.306640625 382.8154296875 147.3597290257569 0.0 0.0 0.0 0.0 0.0 0.0 0.0
1196 1778.360107421875 370.8349304199219 141.5265920095361 0.0 0.0 0.0 0.0 0.0 0.0 0.0
1207 1754.3990478515625 367.83978271484375 136.33276463405917 0.0 0.0 0.0 0.0 0.0 0.0 0.0
1217 1745.4136962890625 367.83978271484375 134.13854352899705 0.0 0.0 0.0 0.0 0.0 0.0 0.0
1218 1730.43798828125 376.8251953125 127.8391343232991 0.0 0.0 0.0 0.0 0.0 0.0 0.0
1228 1721.45263671875 376.8251953125 126.08349446531253 0.0 0.0 0.0 0.0 0.0 0.0 0.0
1230 1706.4769287109375 400.7862548828125 114.78304588894144 0.0 0.0 0.0 0.0 0.0 0.0 0.0
1237 1673.530517578125 448.7083740234375 95.29313444477037 0.0 0.0 0.0 0.0 0.0 0.0 0.0
1248 1640.583984375 559.5282592773438 63.58188712171233 0.0 0.0 0.0 0.0 0.0 0.0 0.0
1259 1628.603515625 607.450439453125 52.98876227878711 0.0 0.0 0.0 0.0 0.0 0.0 0.0
1269 1622.61328125 631.4114990234375 48.425256330395854 0.0 0.0 0.0 0.0 0.0 0.0 0.0
1282 1619.6180419921875 661.36279296875 42.41594938588054 0.0 0.0 0.0 0.0 0.0 0.0 0.0
1290 1616.6229248046875 685.3238525390625 38.438354186689224 0.0 0.0 0.0 0.0 0.0 0.0 0.0
1300 1616.6229248046875 706.289794921875 34.54468020738608 0.0 0.0 0.0 0.0 0.0 0.0 0.0
1311 1613.6278076171875 706.289794921875 35.63322077403802 0.0 0.0 0.0 0.0 0.0 0.0 0.0
1314 1613.6278076171875 730.2508544921875 31.635542444754265 0.0 0.0 0.0 0.0 0.0 0.0 0.0
1322 1613.6278076171875 757.20703125 27.822797500543032 0.0 0.0 0.0 0.0 0.0 0.0 0.0
1332 1613.6278076171875 787.1583862304688 24.305070108622346 0.0 0.0 0.0 0.0 0.0 0.0 0.0
1344 1616.6229248046875 826.0950927734375 19.756795048709535 0.0 0.0 0.0 0.0 0.0 0.0 0.0
1353 1625.6083984375 865.0318603515625 14.255099655237188 0.0 0.0 0.0 0.0 0.0 0.0 0.0
1364 1634.59375 906.9637451171875 9.902234533210986 0.0 0.0 0.0 0.0 0.0 0.0 0.0
1374 1643.5791015625 933.919921875 6.451555182447919 0.0 0.0 0.0 0.0 0.0 0.0 0.0
1385 1646.5743408203125 942.9052734375 5.372244651634958 0.0 0.0 0.0 0.0 0.0 0.0 0.0
1396 1652.5645751953125 954.8858642578125 3.2958602082556467 0.0 0.0 0.0 0.0 0.0 0.0 0.0
1406 1676.525634765625 969.8614501953125 355.00975950508064 0.0 0.0 0.0 0.0 0.0 0.0 0.0
1417 1715.46240234375 987.832275390625 343.38573383412995 0.0 0.0 0.0 0.0 0.0 0.0 0.0
1428 1826.2822265625 993.822509765625 316.0363819100154 0.0 0.0 0.0 0.0 0.0 0.0 0.0
1439 1976.0389404296875 966.8663330078125 290.63955948489104 0.0 0.0 0.0 0.0 0.0 0.0 0.0
1449 2155.7469482421875 930.9248046875 276.8508937011624 0.0 0.0 0.0 0.0 0.0 0.0 0.0
1463 2323.4742431640625 888.992919921875 269.5573676473365 0.0 0.0 0.0 0.0 0.0 0.0 0.0
1471 2524.1483154296875 838.0756225585938 265.9268151786018 0.0 0.0 0.0 0.0 0.0 0.0 0.0
1481 2700.8609619140625 775.1778564453125 261.4518311567645 0.0 0.0 0.0 0.0 0.0 0.0 0.0
1492 2775.7393798828125 745.2265014648438 259.4243861104617 0.0 0.0 0.0 0.0 0.0 0.0 0.0
1502 2793.7100830078125 745.2265014648438 261.4905839286651 0.0 0.0 0.0 0.0 0.0 0.0 0.0
1504 2820.6663818359375 721.2654418945312 256.347678686143 0.0 0.0 0.0 0.0 0.0 0.0 0.0
1514 2826.6566162109375 721.2654418945312 257.2108917858368 0.0 0.0 0.0 0.0 0.0 0.0 0.0
1515 2844.6275634765625 703.294677734375 253.50048559710285 0.0 0.0 0.0 0.0 0.0 0.0 0.0
1524 2865.5933837890625 679.3336181640625 248.99810781250548 0.0 0.0 0.0 0.0 0.0 0.0 0.0
1534 2868.5885009765625 679.3336181640625 249.5791049292066 0.0 0.0 0.0 0.0 0.0 0.0 0.0
1536 2877.5738525390625 652.3773803710938 242.6176032691023 0.0 0.0 0.0 0.0 0.0 0.0 0.0
1547 2880.5689697265625 613.440673828125 232.21672080885642 0.0 0.0 0.0 0.0 0.0 0.0 0.0
1556 2877.5738525390625 577.4990844726562 222.69178233154508 0.0 0.0 0.0 0.0 0.0 0.0 0.0
1566 2859.6031494140625 544.5526123046875 210.53494342613044 0.0 0.0 0.0 0.0 0.0 0.0 0.0
1577 2826.6566162109375 508.61102294921875 195.0273569145789 0.0 0.0 0.0 0.0 0.0 0.0 0.0
1586 2760.7637939453125 454.6986083984375 173.64311900413605 0.0 0.0 0.0 0.0 0.0 0.0 0.0
1598 2703.8563232421875 418.75701904296875 159.76503535333802 0.0 0.0 0.0 0.0 0.0 0.0 0.0
1608 2628.9779052734375 379.8203125 146.84908617785737 0.0 0.0 0.0 0.0 0.0 0.0 0.0
1618 2551.1043701171875 355.8592529296875 135.136327708863 0.0 0.0 0.0 0.0 0.0 0.0 0.0
1630 2494.1968994140625 337.8884582519531 129.20568109664606 0.0 0.0 0.0 0.0 0.0 0.0 0.0
1639 2443.2796630859375 331.898193359375 122.61250145347077 0.0 0.0 0.0 0.0 0.0 0.0 0.0
1649 2422.3135986328125 328.9030456542969 120.4210272025781 0.0 0.0 0.0 0.0 0.0 0.0 0.0
1651 2395.3575439453125 337.8884582519531 113.78742141812347 0.0 0.0 0.0 0.0 0.0 0.0 0.0
1662 2359.4158935546875 361.8495178222656 102.63366198423836 0.0 0.0 0.0 0.0 0.0 0.0 0.0
1670 2281.5423583984375 493.6353759765625 68.77282706884196 0.0 0.0 0.0 0.0 0.0 0.0 0.0
1681 2206.6641845703125 712.2800903320312 42.24538697988328 0.0 0.0 0.0 0.0 0.0 0.0 0.0
1691 2125.7955322265625 1017.7835693359375 28.542683233965562 0.0 0.0 0.0 0.0 0.0 0.0 0.0
1702 2101.8345947265625 1224.44775390625 20.02651740398929 0.0 0.0 0.0 0.0 0.0 0.0 0.0
1712 2101.8345947265625 1290.3406982421875 16.082982319506073 0.0 0.0 0.0 0.0 0.0 0.0 0.0
1723 2107.8248291015625 1326.2823486328125 12.415662002083138 0.0 0.0 0.0 0.0 0.0 0.0 0.0
1733 2134.7808837890625 1368.2142333984375 2.804003035363337 0.0 0.0 0.0 0.0 0.0 0.0 0.0
1745 2194.6837158203125 1416.1363525390625 346.67700212377713 0.0 0.0 0.0 0.0 0.0 0.0 0.0
1754 2296.5181884765625 1467.0535888671875 327.7156082852681 0.0 0.0 0.0 0.0 0.0 0.0 0.0
1765 2440.2845458984375 1500.0 308.6247669896185 0.0 0.0 0.0 0.0 0.0 0.0 0.0
1775 2548.1092529296875 1497.0048828125 294.50139353943445 0.0 0.0 0.0 0.0 0.0 0.0 0.0
1786 2670.9097900390625 1440.097412109375 273.9951085114829 0.0 0.0 0.0 0.0 0.0 0.0 0.0
1796 2751.7784423828125 1365.218994140625 256.8299106269799 0.0 0.0 0.0 0.0 0.0 0.0 0.0
1807 2811.6810302734375 1281.3553466796875 242.62840227180038 0.0 0.0 0.0 0.0 0.0 0.0 0.0
1818 2814.6761474609375 1281.3553466796875 243.32425343852742 0.0 0.0 0.0 0.0 0.0 0.0 0.0
1819 2841.6322021484375 1200.4866943359375 229.36935077340985 0.0 0.0 0.0 0.0 0.0 0.0 0.0
1828 2859.6031494140625 1134.59375 220.75894728202928 0.0 0.0 0.0 0.0 0.0 0.0 0.0
1839 2862.5982666015625 1107.6375732421875 216.49805476131013 0.0 0.0 0.0 0.0 0.0 0.0 0.0
1849 2862.5982666015625 1092.6619873046875 213.790598315935 0.0 0.0 0.0 0.0 0.0 0.0 0.0
1862 2862.5982666015625 1077.686279296875 211.3239245287574 0.0 0.0 0.0 0.0 0.0 0.0 0.0
1872 2862.5982666015625 1071.696044921875 210.37511244599804 0.0 0.0 0.0 0.0 0.0 0.0 0.0
1881 2853.6129150390625 1065.705810546875 206.08786796267043 0.0 0.0 0.0 0.0 0.0 0.0 0.0
1891 2835.6419677734375 1053.7252197265625 197.91435745277414 0.0 0.0 0.0 0.0 0.0 0.0 0.0
1902 2802.6956787109375 1050.7301025390625 184.334770722501 0.0 0.0 0.0 0.0 0.0 0.0 0.0
1912 2778.7344970703125 1050.7301025390625 174.68900637114945 0.0 0.0 0.0 0.0 0.0 0.0 0.0
1922 2748.7833251953125 1074.691162109375 158.9522151317338 0.0 0.0 0.0 0.0 0.0 0.0 0.0
1934 2688.8804931640625 1173.530517578125 108.11426204067556 0.0 0.0 0.0 0.0 0.0 0.0 0.0
1945 2611.0072021484375 1383.1898193359375 57.07129849100326 0.0 0.0 0.0 0.0 0.0 0.0 0.0
1954 2596.0313720703125 1470.0487060546875 41.914897359638985 0.0 0.0 0.0 0.0 0.0 0.0 0.0
1964 2596.0313720703125 1505.990234375 35.10132769083663 0.0 0.0 0.0 0.0 0.0 0.0 0.0
1976 2602.0216064453125 1532.946533203125 28.802597799511858 0.0 0.0 0.0 0.0 0.0 0.0 0.0
1986 2616.9974365234375 1553.9124755859375 20.82374051547606 0.0 0.0 0.0 0.0 0.0 0.0 0.0
1996 2640.9583740234375 1571.8831787109375 10.560957063990998 0.0 0.0 0.0 0.0 0.0 0.0 0.0
2008 2679.8951416015625 1592.84912109375 356.407477374843 0.0 0.0 0.0 0.0 0.0 0.0 0.0
2018 2709.8465576171875 1592.84912109375 344.97238432920494 0.0 0.0 0.0 0.0 0.0 0.0 0.0
2028 2742.7928466796875 1583.86376953125 331.7210468060022 0.0 0.0 0.0 0.0 0.0 0.0 0.0
2039 2781.7296142578125 1511.9805908203125 296.39200586824313 0.0 0.0 0.0 0.0 0.0 0.0 0.0
2050 2823.6614990234375 1365.218994140625 247.2914973211397 0.0 0.0 0.0 0.0 0.0 0.0 0.0
2061 2838.6370849609375 1215.46240234375 219.23902375826782 0.0 0.0 0.0 0.0 0.0 0.0 0.0
2070 2838.6370849609375 1101.6473388671875 205.10908335290307 0.0 0.0 0.0 0.0 0.0 0.0 0.0
2081 2820.6663818359375 1035.75439453125 194.5079211690415 0.0 0.0 0.0 0.0 0.0 0.0 0.0
2092 2766.7540283203125 969.8614501953125 177.33122353987966 0.0 0.0 0.0 0.0 0.0 0.0 0.0
2102 2691.8756103515625 891.988037109375 162.7673642975913 0.0 0.0 0.0 0.0 0.0 0.0 0.0
2112 2578.0606689453125 799.138916015625 149.5009186763163 0.0 0.0 0.0 0.0 0.0 0.0 0.0
2124 2461.2503662109375 730.2508544921875 139.02125208949667 0.0 0.0 0.0 0.0 0.0 0.0 0.0
2135 2392.3624267578125 697.3043823242188 133.4620777414995 0.0 0.0 0.0 0.0 0.0 0.0 0.0
2146 2347.4354248046875 679.3336181640625 129.88167756914908 0.0 0.0 0.0 0.0 0.0 0.0 0.0
2156 2311.4937744140625 676.3385009765625 124.34946580082823 0.0 0.0 0.0 0.0 0.0 0.0 0.0
2165 2293.5230712890625 691.3141479492188 116.14285653400759 0.0 0.0 0.0 0.0 0.0 0.0 0.0
2178 2269.5618896484375 727.2557373046875 100.68528000316661 0.0 0.0 0.0 0.0 0.0 0.0 0.0
2186 2242.6058349609375 832.0853881835938 67.27502968475696 0.0 0.0 0.0 0.0 0.0 0.0 0.0
2197 2224.6348876953125 1011.7933349609375 36.60465264403956 0.0 0.0 0.0 0.0 0.0 0.0 0.0
2208 2218.6446533203125 1176.525634765625 22.05936604665277 0.0 0.0 0.0 0.0 0.0 0.0 0.0
2218 2218.6446533203125 1257.394287109375 16.802938574886355 0.0 0.0 0.0 0.0 0.0 0.0 0.0
2228 2218.6446533203125 1284.3504638671875 15.334238762359178 0.0 0.0 0.0 0.0 0.0 0.0 0.0
2238 2218.6446533203125 1296.3309326171875 14.732810954505908 0.0 0.0 0.0 0.0 0.0 0.0 0.0
2249 2218.6446533203125 1305.31640625 14.30891359471758 0.0 0.0 0.0 0.0 0.0 0.0 0.0
2270 2224.6348876953125 1305.31640625 11.851089558994659 0.0 0.0 0.0 0.0 0.0 0.0 0.0
2281 2242.6058349609375 1272.369873046875 3.4391013591312287 0.0 0.0 0.0 0.0 0.0 0.0 0.0
2292 2284.5377197265625 1110.6326904296875 254.17617610746066 0.0 0.0 0.0 0.0 0.0 0.0 0.0
2302 2314.4888916015625 927.9296875 221.20607689824217 0.0 0.0 0.0 0.0 0.0 0.0 0.0
2313 2320.4791259765625 850.05615234375 210.8407098924029 0.0 0.0 0.0 0.0 0.0 0.0 0.0