0 2350.0 1500.0 0 1650.0 1500.0 0 0.0 0.0 0.0 0.0
112 2350.0 1500.0 0 1650.0 1500.0 0 0.0 0.0 0.0 0.0
119 2350.0 1500.0 0 1650.0 1500.0 0 0.0 0.0 0.0 0.0
127 2350.0 1500.0 0 1650.0 1500.0 0 0.0 0.0 0.0 0.0
135 2352.5522079467773 1477.0283813476562 356.73530332231684 1650.0 1500.0 0 0.0 0.0 0.0 0.0
143 2352.5522079467773 1438.7424926757812 351.08829702259305 1650.0 1500.0 0 0.0 0.0 0.0 0.0
154 2352.5522079467773 1387.6946411132812 345.909516890118 1650.0 1500.0 0 0.0 0.0 0.0 0.0
159 2352.5522079467773 1331.5419311523438 342.13083331225147 1650.0 1500.0 0 0.0 0.0 0.0 0.0
167 2352.5522079467773 1262.6272583007812 339.2805329785448 1650.0 1500.0 0 0.0 0.0 0.0 0.0
178 2352.5522079467773 1198.8174438476562 337.61258136995133 1650.0 1500.0 0 0.0 0.0 0.0 0.0
183 2355.1046981811523 1142.6647338867188 337.5246760616624 1650.0 1500.0 0 0.0 0.0 0.0 0.0
194 2355.1046981811523 1086.5120239257812 336.58418272974694 1650.0 1500.0 0 0.0 0.0 0.0 0.0
199 2357.6571884155273 1035.464111328125 336.9118483537651 1650.0 1500.0 0 0.0 0.0 0.0 0.0
209 2365.3141708374023 1004.8353881835938 339.5622554772606 1650.0 1500.0 0 0.0 0.0 0.0 0.0
215 2367.8666610717773 976.759033203125 339.6407538176309 1650.0 1500.0 0 0.0 0.0 0.0 0.0
223 2372.9713973999023 953.7874755859375 340.99038548892617 1650.0 1500.0 0 0.0 0.0 0.0 0.0
231 2378.0763778686523 938.4730834960938 342.5503687982311 1650.0 1500.0 0 0.0 0.0 0.0 0.0
239 2383.1811141967773 925.7111206054688 344.1019031866662 1650.0 1500.0 0 0.0 0.0 0.0 0.0
247 2383.1811141967773 918.053955078125 343.49264726825146 1650.0 1500.0 0 0.0 0.0 0.0 0.0
256 2385.7333602905273 912.9491577148438 344.36370401835006 1650.0 1500.0 0 0.0 0.0 0.0 0.0
263 2388.2858505249023 910.3967895507812 345.42920685220815 1650.0 1500.0 0 0.0 0.0 0.0 0.0
271 2388.2858505249023 905.2919921875 344.9557665847077 1650.0 1500.0 0 0.0 0.0 0.0 0.0
288 2388.2858505249023 902.7395629882812 344.7243592429704 1650.0 1500.0 0 0.0 0.0 0.0 0.0
351 2388.2858505249023 900.1871948242188 344.4981120007004 1650.0 1500.0 0 0.0 0.0 0.0 0.0
415 2388.2858505249023 902.7395629882812 344.7296133529738 1650.0 1500.0 0 0.0 0.0 0.0 0.0
423 2388.2858505249023 918.053955078125 346.3404892432529 1650.0 1500.0 0 0.0 0.0 0.0 0.0
431 2380.6286239624023 941.0255126953125 344.4048904633758 1650.0 1500.0 0 0.0 0.0 0.0 0.0
440 2372.9713973999023 974.2066650390625 342.89826433235396 1650.0 1500.0 0 0.0 0.0 0.0 0.0
447 2355.1046981811523 1025.2545166015625 332.3960379545924 1650.0 1500.0 0 0.0 0.0 0.0 0.0
457 2332.1332626342773 1083.9595947265625 306.27853653461716 1650.0 1500.0 0 0.0 0.0 0.0 0.0
463 2301.5043563842773 1142.6647338867188 269.11718111152874 1650.0 1500.0 0 0.0 0.0 0.0 0.0
472 2258.1137313842773 1211.5794067382812 235.3227873689546 1650.0 1500.0 0 0.0 0.0 0.0 0.0
479 2204.5133895874023 1288.1511840820312 214.42790309817593 1650.0 1500.0 0 0.0 0.0 0.0 0.0
487 2140.7035751342773 1362.1707153320312 205.51109946623308 1650.0 1500.0 0 0.0 0.0 0.0 0.0
495 2066.6840438842773 1423.4281616210938 205.3377504259687 1650.0 1500.0 0 0.0 0.0 0.0 0.0
503 2010.5314559936523 1469.3712768554688 205.3870708608028 1650.0 1500.0 0 0.0 0.0 0.0 0.0
511 1954.3787460327148 1505.1047973632812 207.99268507288417 1650.0 1500.0 0 0.0 0.0 0.0 0.0
519 1903.3307723999023 1530.6287231445312 211.48255154174802 1650.0 1500.0 0 0.0 0.0 0.0 0.0
527 1849.7305526733398 1553.6002807617188 214.9792445341655 1650.0 1500.0 0 0.0 0.0 0.0 0.0
535 1813.9970321655273 1566.3622436523438 217.57905826301226 1650.0 1500.0 0 0.0 0.0 0.0 0.0
543 1783.3682479858398 1576.5718383789062 219.56603740164115 1650.0 1500.0 0 0.0 0.0 0.0 0.0
551 1765.5014266967773 1584.2290649414062 219.86553355441418 1650.0 1500.0 0 0.0 0.0 0.0 0.0
559 1752.7394638061523 1589.3338012695312 220.20952295195974 1650.0 1500.0 0 0.0 0.0 0.0 0.0
567 1747.6347274780273 1591.8861694335938 220.10922590904147 1650.0 1500.0 0 0.0 0.0 0.0 0.0
607 1745.0823593139648 1591.8861694335938 220.65474409724396 1650.0 1500.0 0 0.0 0.0 0.0 0.0
641 1742.5298690795898 1594.4386596679688 220.00068623507076 1650.0 1500.0 0 0.0 0.0 0.0 0.0
663 1739.9775009155273 1594.4386596679688 220.5484065742338 1650.0 1500.0 0 0.0 0.0 0.0 0.0
719 1742.5298690795898 1594.4386596679688 219.988648192683 1650.0 1500.0 0 0.0 0.0 0.0 0.0
727 1747.6347274780273 1584.2290649414062 224.04676775181866 1650.0 1500.0 0 0.0 0.0 0.0 0.0
735 1760.3966903686523 1574.0194702148438 227.11809966341963 1650.0 1500.0 0 0.0 0.0 0.0 0.0
743 1775.7110214233398 1556.1526489257812 235.00398932871258 1650.0 1500.0 0 0.0 0.0 0.0 0.0
751 1791.0254745483398 1540.8383178710938 242.7615829105918 1650.0 1500.0 0 0.0 0.0 0.0 0.0
759 1819.1017684936523 1515.3143920898438 259.7108779930999 1650.0 1500.0 0 0.0 0.0 0.0 0.0
767 1844.6256942749023 1484.6856079101562 281.031993461181 1650.0 1500.0 0 0.0 0.0 0.0 0.0
776 1880.3592147827148 1446.3997192382812 307.75656717303724 1650.0 1500.0 0 0.0 0.0 0.0 0.0
787 1908.4356307983398 1413.2185668945312 325.3663599152657 1650.0 1500.0 0 0.0 0.0 0.0 0.0
791 1933.9595565795898 1377.4850463867188 337.8088954117377 1650.0 1500.0 0 0.0 0.0 0.0 0.0
799 1956.9311141967773 1344.3038940429688 346.18292241192154 1650.0 1500.0 0 0.0 0.0 0.0 0.0
809 1974.7978134155273 1311.1227416992188 350.48079715572777 1650.0 1500.0 0 0.0 0.0 0.0 0.0
815 1987.5597763061523 1285.5988159179688 352.7154685434518 1650.0 1500.0 0 0.0 0.0 0.0 0.0
828 2000.3218612670898 1260.0748901367188 354.49110675890233 1650.0 1500.0 0 0.0 0.0 0.0 0.0
831 2007.9789657592773 1239.6557006835938 354.62666609713125 1650.0 1500.0 0 0.0 0.0 0.0 0.0
841 2015.6361923217773 1216.6841430664062 354.3656733804659 1650.0 1500.0 0 0.0 0.0 0.0 0.0
847 2023.2934188842773 1203.9221801757812 355.7183117813463 1650.0 1500.0 0 0.0 0.0 0.0 0.0
857 2030.9506454467773 1180.9506225585938 355.2596468721923 1650.0 1500.0 0 0.0 0.0 0.0 0.0
863 2041.1601181030273 1165.6362915039062 357.14700056373346 1650.0 1500.0 0 0.0 0.0 0.0 0.0
873 2048.8173446655273 1147.7694702148438 357.2680291789446 1650.0 1500.0 0 0.0 0.0 0.0 0.0
879 2053.9220809936523 1132.4551391601562 356.74363168848305 1650.0 1500.0 0 0.0 0.0 0.0 0.0
888 2061.5793075561523 1122.2455444335938 358.28493069882444 1650.0 1500.0 0 0.0 0.0 0.0 0.0
895 2066.6840438842773 1112.0359497070312 358.57105507980384 1650.0 1500.0 0 0.0 0.0 0.0 0.0
904 2074.3412704467773 1104.3787841796875 0.44552001728435187 1650.0 1500.0 0 0.0 0.0 0.0 0.0
911 2079.4460067749023 1096.7216186523438 1.0640645476853834 1650.0 1500.0 0 0.0 0.0 0.0 0.0
919 2079.4460067749023 1094.169189453125 0.4839143317303325 1650.0 1500.0 0 0.0 0.0 0.0 0.0
927 2081.9984970092773 1091.6168212890625 1.0886703397400481 1650.0 1500.0 0 0.0 0.0 0.0 0.0
1007 2084.5507431030273 1089.0643920898438 1.6748926048073542 1650.0 1500.0 0 0.0 0.0 0.0 0.0
1015 2087.1032333374023 1086.5120239257812 2.243366676313336 1650.0 1500.0 0 0.0 0.0 0.0 0.0
1023 2087.1032333374023 1083.9595947265625 1.6390275495111766 1650.0 1500.0 0 0.0 0.0 0.0 0.0
1032 2087.1032333374023 1081.4072265625 1.0470347628286945 1650.0 1500.0 0 0.0 0.0 0.0 0.0
1039 2089.6557235717773 1078.8548583984375 1.6347535626328806 1650.0 1500.0 0 0.0 0.0 0.0 0.0
1049 2089.6557235717773 1076.3024291992188 1.042821688977888 1650.0 1500.0 0 0.0 0.0 0.0 0.0
1057 2092.2079696655273 1071.1976318359375 1.0563115675938732 1650.0 1500.0 0 0.0 0.0 0.0 0.0
1063 2094.7604598999023 1063.5404663085938 0.5172254657664723 1650.0 1500.0 0 0.0 0.0 0.0 0.0
1072 2099.8651962280273 1055.88330078125 1.1303221844525524 1650.0 1500.0 0 0.0 0.0 0.0 0.0
1079 2102.4176864624023 1040.5689086914062 359.04879936626054 1650.0 1500.0 0 0.0 0.0 0.0 0.0
1089 2107.5224227905273 1022.7021484375 357.8391716880208 1650.0 1500.0 0 0.0 0.0 0.0 0.0
1095 2115.1796493530273 1002.282958984375 357.4186220494679 1650.0 1500.0 0 0.0 0.0 0.0 0.0
1103 2122.8368759155273 976.759033203125 356.2510672052081 1650.0 1500.0 0 0.0 0.0 0.0 0.0
1111 2130.4938583374023 948.6826782226562 354.9404512209246 1650.0 1500.0 0 0.0 0.0 0.0 0.0
1119 2138.1510848999023 925.7111206054688 354.6226658117635 1650.0 1500.0 0 0.0 0.0 0.0 0.0
1127 2148.3608016967773 897.634765625 354.6466378888219 1650.0 1500.0 0 0.0 0.0 0.0 0.0
1135 2156.0177841186523 872.11083984375 354.02084126273513 1650.0 1500.0 0 0.0 0.0 0.0 0.0
1144 2161.1227645874023 846.5869140625 352.49401175906013 1650.0 1500.0 0 0.0 0.0 0.0 0.0
1151 2168.7799911499023 818.5105590820312 351.971531692642 1650.0 1500.0 0 0.0 0.0 0.0 0.0
1159 2171.3322372436523 785.3294067382812 348.99199446709264 1650.0 1500.0 0 0.0 0.0 0.0 0.0
1167 2173.8847274780273 754.70068359375 346.9182841518804 1650.0 1500.0 0 0.0 0.0 0.0 0.0
1179 2173.8847274780273 724.0719604492188 344.2665501807343 1650.0 1500.0 0 0.0 0.0 0.0 0.0
1183 2173.8847274780273 701.1004028320312 342.6199150403994 1650.0 1500.0 0 0.0 0.0 0.0 0.0
1191 2176.4369735717773 675.576416015625 342.21011071543455 1650.0 1500.0 0 0.0 0.0 0.0 0.0
1199 2176.4369735717773 655.1572875976562 341.039202073199 1650.0 1500.0 0 0.0 0.0 0.0 0.0
1209 2176.4369735717773 642.3953247070312 340.38351266458517 1650.0 1500.0 0 0.0 0.0 0.0 0.0
1215 2176.4369735717773 632.1857299804688 339.90348897367636 1650.0 1500.0 0 0.0 0.0 0.0 0.0
1224 2176.4369735717773 624.528564453125 339.56694972191127 1650.0 1500.0 0 0.0 0.0 0.0 0.0
1231 2176.4369735717773 614.3189697265625 339.1564224926497 1650.0 1500.0 0 0.0 0.0 0.0 0.0
1241 2176.4369735717773 609.2141723632812 338.9602502104991 1650.0 1500.0 0 0.0 0.0 0.0 0.0
1247 2176.4369735717773 604.109375 338.7727446300188 1650.0 1500.0 0 0.0 0.0 0.0 0.0
1256 2176.4369735717773 599.0045776367188 338.59361274866706 1650.0 1500.0 0 0.0 0.0 0.0 0.0
1263 2176.4369735717773 596.4521789550781 338.5060988535627 1650.0 1500.0 0 0.0 0.0 0.0 0.0
1272 2176.4369735717773 593.8998107910156 338.4206038078237 1650.0 1500.0 0 0.0 0.0 0.0 0.0
1279 2176.4369735717773 591.347412109375 338.3369938003856 1650.0 1500.0 0 0.0 0.0 0.0 0.0
1295 2176.4369735717773 586.2426147460938 338.17735027526214 1650.0 1500.0 0 0.0 0.0 0.0 0.0
1308 2176.4369735717773 581.1378173828125 338.0247792652623 1650.0 1500.0 0 0.0 0.0 0.0 0.0
1312 2178.9894638061523 576.0330200195312 339.1520793227537 1650.0 1500.0 0 0.0 0.0 0.0 0.0
1319 2178.9894638061523 570.9282531738281 338.95608999486177 1650.0 1500.0 0 0.0 0.0 0.0 0.0
1327 2178.9894638061523 563.2710571289062 338.68131206902154 1650.0 1500.0 0 0.0 0.0 0.0 0.0
1335 2178.9894638061523 560.7186584472656 338.5918537580046 1650.0 1500.0 0 0.0 0.0 0.0 0.0
1344 2178.9894638061523 558.166259765625 338.5044694095946 1650.0 1500.0 0 0.0 0.0 0.0 0.0
1354 2178.9894638061523 555.6138610839844 338.4189734207687 1650.0 1500.0 0 0.0 0.0 0.0 0.0
1447 2176.4369735717773 573.4806518554688 337.5392009109012 1650.0 1500.0 0 0.0 0.0 0.0 0.0
1455 2168.7799911499023 604.109375 333.05272817075297 1650.0 1500.0 0 0.0 0.0 0.0 0.0
1463 2150.9130477905273 655.1572875976562 314.8616626410014 1650.0 1500.0 0 0.0 0.0 0.0 0.0
1472 2120.2843856811523 739.3862915039062 260.14846174790955 1650.0 1500.0 0 0.0 0.0 0.0 0.0
1479 2076.8937606811523 851.6917114257812 215.54411552880816 1650.0 1500.0 0 0.0 0.0 0.0 0.0
1489 2025.8456649780273 992.0734252929688 191.854648221944 1650.0 1500.0 0 0.0 0.0 0.0 0.0
1495 1967.1407089233398 1145.2171020507812 182.17000116521615 1650.0 1500.0 0 0.0 0.0 0.0 0.0
1509 1903.3307723999023 1293.2560424804688 179.72701832615746 1650.0 1500.0 0 0.0 0.0 0.0 0.0
1513 1836.9685897827148 1415.7709350585938 181.66875389779142 1650.0 1500.0 0 0.0 0.0 0.0 0.0
1519 1765.5014266967773 1505.1047973632812 187.6702361126911 1650.0 1500.0 0 0.0 0.0 0.0 0.0
1527 1709.3488388061523 1566.3622436523438 191.80809210201926 1650.0 1500.0 0 0.0 0.0 0.0 0.0
1535 1671.0628280639648 1604.6481323242188 194.43507611470864 1650.0 1500.0 0 0.0 0.0 0.0 0.0
1543 1648.0912704467773 1622.5149536132812 197.03875022109372 1650.0 1500.0 0 0.0 0.0 0.0 0.0
1551 1635.3293075561523 1630.1721801757812 199.0244570315598 1650.0 1500.0 0 0.0 0.0 0.0 0.0
1559 1635.3293075561523 1632.7245483398438 198.10707229396257 1650.0 1500.0 0 0.0 0.0 0.0 0.0
1663 1635.3293075561523 1630.1721801757812 199.04013228970638 1650.0 1500.0 0 0.0 0.0 0.0 0.0
1671 1635.3293075561523 1617.4102172851562 204.11676129929617 1650.0 1500.0 0 0.0 0.0 0.0 0.0
1679 1640.4341659545898 1599.5433959960938 210.3346051428665 1650.0 1500.0 0 0.0 0.0 0.0 0.0
1687 1645.5389022827148 1581.6765747070312 217.43702594563274 1650.0 1500.0 0 0.0 0.0 0.0 0.0
1695 1650.6437606811523 1561.2575073242188 226.82719850685203 1650.0 1500.0 0 0.0 0.0 0.0 0.0
1704 1658.3008651733398 1538.2859497070312 238.41594724820897 1650.0 1500.0 0 0.0 0.0 0.0 0.0
1711 1668.5104598999023 1517.8667602539062 249.588834195483 1650.0 1500.0 0 0.0 0.0 0.0 0.0
1720 1686.3772811889648 1489.7904663085938 267.0008946214009 1650.0 1500.0 0 0.0 0.0 0.0 0.0
1728 1706.7963485717773 1454.0569458007812 288.40880501929433 1650.0 1500.0 0 0.0 0.0 0.0 0.0
1735 1737.4251327514648 1418.3233032226562 311.180541373795 1650.0 1500.0 0 0.0 0.0 0.0 0.0
1743 1780.8158798217773 1367.2754516601562 334.6093032223453 1650.0 1500.0 0 0.0 0.0 0.0 0.0
1751 1829.3113632202148 1313.6751098632812 351.2278291958145 1650.0 1500.0 0 0.0 0.0 0.0 0.0
1759 1877.8068466186523 1262.6272583007812 1.766062222186605 1650.0 1500.0 0 0.0 0.0 0.0 0.0
1767 1931.4071884155273 1203.9221801757812 8.23076121403539 1650.0 1500.0 0 0.0 0.0 0.0 0.0
1775 1977.3503036499023 1160.5314331054688 13.039509941814394 1650.0 1500.0 0 0.0 0.0 0.0 0.0
1783 2030.9506454467773 1112.0359497070312 16.84535455048912 1650.0 1500.0 0 0.0 0.0 0.0 0.0
1794 2064.1317977905273 1073.7500610351562 16.472000009847108 1650.0 1500.0 0 0.0 0.0 0.0 0.0
1799 2089.6557235717773 1048.22607421875 17.285029173749365 1650.0 1500.0 0 0.0 0.0 0.0 0.0
1808 2115.1796493530273 1030.3593139648438 20.039597448922144 1650.0 1500.0 0 0.0 0.0 0.0 0.0
1815 2138.1510848999023 1009.940185546875 20.714240557940897 1650.0 1500.0 0 0.0 0.0 0.0 0.0
1823 2153.4655380249023 997.17822265625 21.36586119138569 1650.0 1500.0 0 0.0 0.0 0.0 0.0
1831 2166.2275009155273 984.4161987304688 21.137276620032694 1650.0 1500.0 0 0.0 0.0 0.0 0.0
1839 2178.9894638061523 974.2066650390625 21.7804217594379 1650.0 1500.0 0 0.0 0.0 0.0 0.0
1847 2186.6466903686523 966.5494384765625 21.59776330240679 1650.0 1500.0 0 0.0 0.0 0.0 0.0
1858 2194.3039169311523 958.8922729492188 21.43148378481054 1650.0 1500.0 0 0.0 0.0 0.0 0.0
1863 2199.4086532592773 953.7874755859375 21.32745976681582 1650.0 1500.0 0 0.0 0.0 0.0 0.0
1873 2207.0658798217773 946.1303100585938 21.185596216532417 1650.0 1500.0 0 0.0 0.0 0.0 0.0
1879 2209.6181259155273 941.0255126953125 20.21758522713813 1650.0 1500.0 0 0.0 0.0 0.0 0.0
1888 2214.7228622436523 938.4730834960938 21.095679007726588 1650.0 1500.0 0 0.0 0.0 0.0 0.0
1895 2214.7228622436523 935.9207153320312 20.14433871854324 1650.0 1500.0 0 0.0 0.0 0.0 0.0
1903 2217.2753524780273 935.9207153320312 21.06732360974557 1650.0 1500.0 0 0.0 0.0 0.0 0.0
1919 2217.2753524780273 933.3683471679688 20.11643303190852 1650.0 1500.0 0 0.0 0.0 0.0 0.0
1951 2219.8278427124023 930.81591796875 20.104782115364863 1650.0 1500.0 0 0.0 0.0 0.0 0.0
1995 2230.0373153686523 920.6063232421875 20.063516497081892 1650.0 1500.0 0 0.0 0.0 0.0 0.0
1999 2232.5898056030273 915.5015869140625 19.148577209308286 1650.0 1500.0 0 0.0 0.0 0.0 0.0
2007 2237.6945419311523 912.9491577148438 20.077253948093066 1650.0 1500.0 0 0.0 0.0 0.0 0.0
2015 2240.2470321655273 910.3967895507812 20.0669205689424 1650.0 1500.0 0 0.0 0.0 0.0 0.0
2023 2242.7992782592773 905.2919921875 19.151719624076506 1650.0 1500.0 0 0.0 0.0 0.0 0.0
2031 2247.9040145874023 902.7395629882812 20.080267511089936 1650.0 1500.0 0 0.0 0.0 0.0 0.0
2039 2250.4565048217773 897.634765625 19.164484648738778 1650.0 1500.0 0 0.0 0.0 0.0 0.0
2047 2253.0089950561523 895.0823974609375 19.18322788258594 1650.0 1500.0 0 0.0 0.0 0.0 0.0
2055 2255.5612411499023 892.530029296875 19.201316445893617 1650.0 1500.0 0 0.0 0.0 0.0 0.0
2063 2258.1137313842773 887.4252319335938 18.327201803976365 1650.0 1500.0 0 0.0 0.0 0.0 0.0
2072 2260.6659774780273 887.4252319335938 19.279739441003194 1650.0 1500.0 0 0.0 0.0 0.0 0.0
2079 2260.6659774780273 884.872802734375 18.358145892346514 1650.0 1500.0 0 0.0 0.0 0.0 0.0
2127 2258.1137313842773 895.0823974609375 21.322530187458 1650.0 1500.0 0 0.0 0.0 0.0 0.0
2135 2242.7992782592773 935.9207153320312 36.555631125329796 1650.0 1500.0 0 0.0 0.0 0.0 0.0
2143 2207.0658798217773 1009.940185546875 84.92200225458468 1650.0 1500.0 0 0.0 0.0 0.0 0.0
2153 2166.2275009155273 1101.826416015625 129.2268221744809 1650.0 1500.0 0 0.0 0.0 0.0 0.0
2159 2110.0746688842773 1224.3413696289062 157.07828368864688 1650.0 1500.0 0 0.0 0.0 0.0 0.0
2167 2048.8173446655273 1351.9611206054688 170.2470148975798 1650.0 1500.0 0 0.0 0.0 0.0 0.0
2176 1982.4550399780273 1474.4760131835938 177.50145481360784 1650.0 1500.0 0 0.0 0.0 0.0 0.0
2183 1916.0927352905273 1563.8098754882812 184.4877798305469 1650.0 1500.0 0 0.0 0.0 0.0 0.0
2192 1859.9401473999023 1630.1721801757812 189.1339435610259 1650.0 1500.0 0 0.0 0.0 0.0 0.0
2199 1834.4160995483398 1655.6961059570312 191.76138411432987 1650.0 1500.0 0 0.0 0.0 0.0 0.0
2207 1816.5494003295898 1668.4580688476562 194.65231867103796 1650.0 1500.0 0 0.0 0.0 0.0 0.0
2215 1808.8921737670898 1673.5628051757812 195.91147274564537 1650.0 1500.0 0 0.0 0.0 0.0 0.0
2367 1808.8921737670898 1668.4580688476562 197.7336517725749 1650.0 1500.0 0 0.0 0.0 0.0 0.0
2375 1808.8921737670898 1655.6961059570312 202.7008380109442 1650.0 1500.0 0 0.0 0.0 0.0 0.0
2383 1811.4445419311523 1642.9341430664062 207.18657833754554 1650.0 1500.0 0 0.0 0.0 0.0 0.0
2391 1816.5494003295898 1625.0673217773438 213.85559346096318 1650.0 1500.0 0 0.0 0.0 0.0 0.0
2399 1826.7589950561523 1602.0957641601562 223.10113178371353 1650.0 1500.0 0 0.0 0.0 0.0 0.0
2409 1836.9685897827148 1579.1242065429688 233.98160329815863 1650.0 1500.0 0 0.0 0.0 0.0 0.0
2415 1847.1780624389648 1556.1526489257812 246.23478575795406 1650.0 1500.0 0 0.0 0.0 0.0 0.0
2423 1857.3876571655273 1530.6287231445312 260.7043416499135 1650.0 1500.0 0 0.0 0.0 0.0 0.0
2431 1870.1496200561523 1502.5524291992188 276.9186029981273 1650.0 1500.0 0 0.0 0.0 0.0 0.0
2439 1882.9115829467773 1474.4760131835938 291.97701114897217 1650.0 1500.0 0 0.0 0.0 0.0 0.0
2447 1895.6736679077148 1448.9520874023438 304.57085146983303 1650.0 1500.0 0 0.0 0.0 0.0 0.0
2456 1908.4356307983398 1425.9805297851562 314.98261037895224 1650.0 1500.0 0 0.0 0.0 0.0 0.0
2463 1921.1975936889648 1403.0089721679688 323.85219468385435 1650.0 1500.0 0 0.0 0.0 0.0 0.0
2473 1931.4071884155273 1385.1422729492188 329.9695912165165 1650.0 1500.0 0 0.0 0.0 0.0 0.0
2479 1941.6167831420898 1367.2754516601562 335.2415272112573 1650.0 1500.0 0 0.0 0.0 0.0 0.0
2488 1951.8262557983398 1346.8562622070312 339.65684375722105 1650.0 1500.0 0 0.0 0.0 0.0 0.0
2495 1962.0358505249023 1331.5419311523438 343.6937195015687 1650.0 1500.0 0 0.0 0.0 0.0 0.0
2505 1974.7978134155273 1316.2276000976562 348.3133368110541 1650.0 1500.0 0 0.0 0.0 0.0 0.0
2511 1987.5597763061523 1300.9131469726562 352.273614331725 1650.0 1500.0 0 0.0 0.0 0.0 0.0
2521 2000.3218612670898 1285.5988159179688 355.6561133943475 1650.0 1500.0 0 0.0 0.0 0.0 0.0
2527 2013.0837020874023 1272.8368530273438 359.004768642004 1650.0 1500.0 0 0.0 0.0 0.0 0.0
2535 2025.8456649780273 1257.5225219726562 1.3837271570009904 1650.0 1500.0 0 0.0 0.0 0.0 0.0
2545 2038.6076278686523 1244.7605590820312 3.956298575342764 1650.0 1500.0 0 0.0 0.0 0.0 0.0
2551 2051.3695907592773 1231.9984741210938 6.174685953865229 1650.0 1500.0 0 0.0 0.0 0.0 0.0
2560 2066.6840438842773 1216.6841430664062 8.405676816772505 1650.0 1500.0 0 0.0 0.0 0.0 0.0
2567 2084.5507431030273 1201.3698120117188 11.173075885412231 1650.0 1500.0 0 0.0 0.0 0.0 0.0
2578 2099.8651962280273 1183.5029907226562 11.91229366840411 1650.0 1500.0 0 0.0 0.0 0.0 0.0
2583 2117.7318954467773 1168.1886596679688 14.069038311050576 1650.0 1500.0 0 0.0 0.0 0.0 0.0
2592 2133.0463485717773 1155.4266967773438 15.738991986577602 1650.0 1500.0 0 0.0 0.0 0.0 0.0
2599 2148.3608016967773 1142.6647338867188 17.154007698299004 1650.0 1500.0 0 0.0 0.0 0.0 0.0
2608 2166.2275009155273 1129.9027709960938 19.160736572408894 1650.0 1500.0 0 0.0 0.0 0.0 0.0
2615 2181.5419540405273 1117.1407470703125 20.051144840250018 1650.0 1500.0 0 0.0 0.0 0.0 0.0
2624 2196.8561630249023 1106.93115234375 21.630130245706283 1650.0 1500.0 0 0.0 0.0 0.0 0.0
2631 2204.5133895874023 1096.7216186523438 20.58871951295194 1650.0 1500.0 0 0.0 0.0 0.0 0.0
2641 2214.7228622436523 1086.5120239257812 20.491014452678066 1650.0 1500.0 0 0.0 0.0 0.0 0.0
2647 2222.3800888061523 1081.4072265625 21.307283462292787 1650.0 1500.0 0 0.0 0.0 0.0 0.0
2656 2230.0373153686523 1073.7500610351562 21.167210010549454 1650.0 1500.0 0 0.0 0.0 0.0 0.0
2663 2232.5898056030273 1071.1976318359375 21.122003351438636 1650.0 1500.0 0 0.0 0.0 0.0 0.0
2673 2237.6945419311523 1068.645263671875 21.957095468351596 1650.0 1500.0 0 0.0 0.0 0.0 0.0
2687 2237.6945419311523 1066.0928344726562 20.991954599926416 1650.0 1500.0 0 0.0 0.0 0.0 0.0
2695 2240.2470321655273 1066.0928344726562 21.90070617258555 1650.0 1500.0 0 0.0 0.0 0.0 0.0
2831 2232.5898056030273 1076.3024291992188 23.24718048118789 1650.0 1500.0 0 0.0 0.0 0.0 0.0
2839 2219.8278427124023 1091.6168212890625 25.16967118928506 1650.0 1500.0 0 0.0 0.0 0.0 0.0
2847 2196.8561630249023 1119.6931762695312 30.585908575869766 1650.0 1500.0 0 0.0 0.0 0.0 0.0
2855 2145.8083114624023 1178.3982543945312 60.75808319766149 1650.0 1500.0 0 0.0 0.0 0.0 0.0
2863 2084.5507431030273 1244.7605590820312 115.54194294312019 1650.0 1500.0 0 0.0 0.0 0.0 0.0
2874 1990.1122665405273 1334.0942993164062 163.00191258004003 1650.0 1500.0 0 0.0 0.0 0.0 0.0
2879 1877.8068466186523 1420.8757934570312 188.021890337377 1650.0 1500.0 0 0.0 0.0 0.0 0.0
2888 1768.0539169311523 1499.9999389648438 199.61030261686727 1650.0 1500.0 0 0.0 0.0 0.0 0.0
2895 1671.0628280639648 1563.8098754882812 205.68489670816598 1650.0 1500.0 0 0.0 0.0 0.0 0.0
2905 1581.7290878295898 1614.8577270507812 210.20126571836738 1650.0 1500.0 0 0.0 0.0 0.0 0.0
2912 1515.3667831420898 1653.1437377929688 212.08201706931112 1650.0 1500.0 0 0.0 0.0 0.0 0.0
2921 1469.4236679077148 1673.5628051757812 214.81992661994502 1650.0 1500.0 0 0.0 0.0 0.0 0.0
2927 1443.8997421264648 1686.3247680664062 215.51585722655398 1650.0 1500.0 0 0.0 0.0 0.0 0.0
2935 1433.6901473999023 1691.4296264648438 215.76796872545935 1650.0 1500.0 0 0.0 0.0 0.0 0.0
2943 1431.1377792358398 1691.4296264648438 216.4024234355951 1650.0 1500.0 0 0.0 0.0 0.0 0.0
3063 1433.6901473999023 1691.4296264648438 215.75467382868823 1650.0 1500.0 0 0.0 0.0 0.0 0.0
3071 1441.3473739624023 1691.4296264648438 213.68574555218476 1650.0 1500.0 0 0.0 0.0 0.0 0.0
3079 1456.6617050170898 1683.7723999023438 212.85254423401943 1650.0 1500.0 0 0.0 0.0 0.0 0.0
3087 1479.6332626342773 1678.6676635742188 207.74075595084895 1650.0 1500.0 0 0.0 0.0 0.0 0.0
3095 1520.4715194702148 1660.8008422851562 198.86803086928063 1650.0 1500.0 0 0.0 0.0 0.0 0.0
3103 1584.2814559936523 1645.4865112304688 165.82293923742532 1650.0 1500.0 0 0.0 0.0 0.0 0.0
3111 1665.9580917358398 1625.0673217773438 119.8629711808634 1650.0 1500.0 0 0.0 0.0 0.0 0.0
3119 1770.6062850952148 1591.8861694335938 83.4461618343984 1650.0 1500.0 0 0.0 0.0 0.0 0.0
3127 1890.5688095092773 1545.9430541992188 61.970362606299034 1650.0 1500.0 0 0.0 0.0 0.0 0.0
3135 2002.8742294311523 1497.4475708007812 51.10494777656267 1650.0 1500.0 0 0.0 0.0 0.0 0.0
3143 2130.4938583374023 1441.2948608398438 45.44309654118577 1650.0 1500.0 0 0.0 0.0 0.0 0.0
3151 2250.4565048217773 1385.1422729492188 42.28038745432457 1650.0 1500.0 0 0.0 0.0 0.0 0.0
3159 2365.3141708374023 1331.5419311523438 40.91394919478056 1650.0 1500.0 0 0.0 0.0 0.0 0.0
3167 2467.4101181030273 1267.7321166992188 36.63493270495122 1650.0 1500.0 0 0.0 0.0 0.0 0.0
3176 2556.7438583374023 1211.5794067382812 34.653734935759815 1650.0 1500.0 0 0.0 0.0 0.0 0.0
3183 2633.3156356811523 1157.9790649414062 32.39916741762799 1650.0 1500.0 0 0.0 0.0 0.0 0.0
3192 2697.1256942749023 1114.58837890625 31.628485009582036 1650.0 1500.0 0 0.0 0.0 0.0 0.0
3199 2745.6210556030273 1081.4072265625 31.18898688166098 1650.0 1500.0 0 0.0 0.0 0.0 0.0
3209 2776.2499618530273 1058.4356689453125 30.331926868889532 1650.0 1500.0 0 0.0 0.0 0.0 0.0
3215 2801.7738876342773 1040.5689086914062 30.204950075032393 1650.0 1500.0 0 0.0 0.0 0.0 0.0
3224 2817.0880966186523 1027.8069458007812 29.395172176968785 1650.0 1500.0 0 0.0 0.0 0.0 0.0
3231 2829.8500595092773 1020.1497802734375 29.92058107040655 1650.0 1500.0 0 0.0 0.0 0.0 0.0
3239 2837.5072860717773 1017.5973510742188 31.034279115381956 1650.0 1500.0 0 0.0 0.0 0.0 0.0
3247 2842.6120223999023 1015.0449829101562 31.387914839035446 1650.0 1500.0 0 0.0 0.0 0.0 0.0
3256 2847.7170028686523 1009.940185546875 30.67186425963225 1650.0 1500.0 0 0.0 0.0 0.0 0.0
3263 2852.8217391967773 1009.940185546875 32.1132992500381 1650.0 1500.0 0 0.0 0.0 0.0 0.0
3272 2855.3742294311523 1007.3877563476562 31.721376976045036 1650.0 1500.0 0 0.0 0.0 0.0 0.0
3279 2857.9264755249023 1007.3877563476562 32.43558108469767 1650.0 1500.0 0 0.0 0.0 0.0 0.0
3295 2860.4789657592773 1004.8353881835938 32.03361892386162 1650.0 1500.0 0 0.0 0.0 0.0 0.0
3455 2857.9264755249023 1004.8353881835938 31.296913957889288 1650.0 1500.0 0 0.0 0.0 0.0 0.0
3463 2850.2692489624023 1007.3877563476562 30.118082165845003 1650.0 1500.0 0 0.0 0.0 0.0 0.0
3471 2842.6120223999023 1009.940185546875 28.84970628662905 1650.0 1500.0 0 0.0 0.0 0.0 0.0
3479 2834.9550399780273 1012.4925537109375 27.48582266203318 1650.0 1500.0 0 0.0 0.0 0.0 0.0
3487 2827.2978134155273 1015.0449829101562 26.019927466280414 1650.0 1500.0 0 0.0 0.0 0.0 0.0
3495 2822.1930770874023 1017.5973510742188 25.356457551102437 1650.0 1500.0 0 0.0 0.0 0.0 0.0
3505 2814.5358505249023 1020.1497802734375 23.733568032949265 1650.0 1500.0 0 0.0 0.0 0.0 0.0
3511 2806.8786239624023 1022.7021484375 21.99288217922698 1650.0 1500.0 0 0.0 0.0 0.0 0.0
3521 2799.2213973999023 1025.2545166015625 20.12775815318458 1650.0 1500.0 0 0.0 0.0 0.0 0.0
3527 2786.4594345092773 1032.9117431640625 18.00877106283184 1650.0 1500.0 0 0.0 0.0 0.0 0.0
3535 2768.5927352905273 1038.0165405273438 12.197877169308093 1650.0 1500.0 0 0.0 0.0 0.0 0.0
3543 2750.7260360717773 1045.6737060546875 6.316517085386394 1650.0 1500.0 0 0.0 0.0 0.0 0.0
3551 2732.8590927124023 1050.7785034179688 358.8482073555222 1650.0 1500.0 0 0.0 0.0 0.0 0.0
3559 2714.9923934936523 1055.88330078125 350.5465069742967 1650.0 1500.0 0 0.0 0.0 0.0 0.0
3567 2702.2304306030273 1063.5404663085938 344.6429786416059 1650.0 1500.0 0 0.0 0.0 0.0 0.0
3575 2694.5732040405273 1063.5404663085938 340.6523976273495 1650.0 1500.0 0 0.0 0.0 0.0 0.0
3583 2692.0207138061523 1066.0928344726562 339.4294658061492 1650.0 1500.0 0 0.0 0.0 0.0 0.0