0 2350.0 1500.0 0 1650.0 1500.0 0 0.0 0.0 0.0 0.0
133 2350.0 1500.0 0 1650.0 1519.7628173828125 349.4530573134514 0.0 0.0 0.0 0.0
149 2350.0 1500.0 0 1650.0 1527.66796875 345.4764122903101 0.0 0.0 0.0 0.0
166 2350.0 1500.0 0 1650.0 1535.5731201171875 341.7267211864091 0.0 0.0 0.0 0.0
184 2350.0 1500.0 0 1646.0474853515625 1543.478271484375 339.94288170686355 0.0 0.0 0.0 0.0
200 2350.0 1500.0 0 1646.0474853515625 1551.3834228515625 336.5337221112277 0.0 0.0 0.0 0.0
216 2350.0 1500.0 0 1646.0474853515625 1559.2884521484375 333.3475891264802 0.0 0.0 0.0 0.0
233 2350.0 1500.0 0 1642.0948486328125 1571.146240234375 330.94339537532915 0.0 0.0 0.0 0.0
250 2350.0 1500.0 0 1642.0948486328125 1586.95654296875 325.71134457881044 0.0 0.0 0.0 0.0
266 2350.0 1500.0 0 1638.142333984375 1606.7193603515625 322.1935185097219 0.0 0.0 0.0 0.0
283 2350.0 1500.0 0 1638.142333984375 1626.482177734375 317.3539788034189 0.0 0.0 0.0 0.0
299 2350.0 1500.0 0 1638.142333984375 1646.2449951171875 313.36545618852404 0.0 0.0 0.0 0.0
316 2350.0 1500.0 0 1638.142333984375 1662.0552978515625 310.6477112393452 0.0 0.0 0.0 0.0
333 2350.0 1500.0 0 1638.142333984375 1677.8656005859375 308.33631481762256 0.0 0.0 0.0 0.0
350 2350.0 1500.0 0 1638.142333984375 1685.770751953125 307.2746914859826 0.0 0.0 0.0 0.0
366 2350.0 1500.0 0 1638.142333984375 1693.6759033203125 306.2996314799665 0.0 0.0 0.0 0.0
384 2350.0 1500.0 0 1646.0474853515625 1705.5335693359375 300.4473032482258 0.0 0.0 0.0 0.0
400 2350.0 1500.0 0 1650.0 1713.438720703125 297.65670613032813 0.0 0.0 0.0 0.0
416 2350.0 1500.0 0 1653.9525146484375 1725.29638671875 295.11080835761317 0.0 0.0 0.0 0.0
434 2350.0 1500.0 0 1657.9051513671875 1733.2015380859375 292.76424540154255 0.0 0.0 0.0 0.0
449 2350.0 1500.0 0 1665.810302734375 1745.0592041015625 288.5487143189397 0.0 0.0 0.0 0.0
466 2350.0 1500.0 0 1669.7628173828125 1756.9169921875 287.11283981078657 0.0 0.0 0.0 0.0
483 2350.0 1500.0 0 1677.66796875 1768.774658203125 283.6300909856167 0.0 0.0 0.0 0.0
499 2350.0 1500.0 0 1681.62060546875 1788.5374755859375 283.7282154747197 0.0 0.0 0.0 0.0
516 2350.0 1500.0 0 1689.5257568359375 1804.3477783203125 281.24739723471373 0.0 0.0 0.0 0.0
533 2350.0 1500.0 0 1697.4307861328125 1816.2054443359375 278.5482199976566 0.0 0.0 0.0 0.0
549 2350.0 1500.0 0 1705.3359375 1828.063232421875 276.2158119858613 0.0 0.0 0.0 0.0
566 2350.0 1500.0 0 1709.28857421875 1835.9683837890625 275.5446855615884 0.0 0.0 0.0 0.0
583 2350.0 1500.0 0 1717.1937255859375 1839.9208984375 271.83047185741174 0.0 0.0 0.0 0.0
599 2350.0 1500.0 0 1725.098876953125 1843.87353515625 268.39080211859954 0.0 0.0 0.0 0.0
616 2350.0 1500.0 0 1736.95654296875 1843.87353515625 261.8952537664311 0.0 0.0 0.0 0.0
633 2350.0 1500.0 0 1748.814208984375 1847.8260498046875 257.3684134626302 0.0 0.0 0.0 0.0
650 2350.0 1500.0 0 1768.5770263671875 1855.731201171875 251.60382647661314 0.0 0.0 0.0 0.0
666 2350.0 1500.0 0 1796.2451171875 1863.6363525390625 244.25453044667137 0.0 0.0 0.0 0.0
683 2350.0 1500.0 0 1823.9130859375 1875.4940185546875 240.27586148248815 0.0 0.0 0.0 0.0
699 2350.0 1500.0 0 1847.62841796875 1883.399169921875 236.652886619495 0.0 0.0 0.0 0.0
716 2350.0 1500.0 0 1867.391357421875 1887.351806640625 232.9637146024915 0.0 0.0 0.0 0.0
733 2350.0 1500.0 0 1883.2015380859375 1891.3043212890625 230.85768875044164 0.0 0.0 0.0 0.0
749 2350.0 1500.0 0 1899.0118408203125 1895.2568359375 229.07830386202846 0.0 0.0 0.0 0.0
766 2350.0 1500.0 0 1906.9169921875 1895.2568359375 227.16067366537527 0.0 0.0 0.0 0.0
783 2350.0 1500.0 0 1918.774658203125 1895.2568359375 224.60864663506146 0.0 0.0 0.0 0.0
799 2350.0 1500.0 0 1922.727294921875 1895.2568359375 223.79314071169546 0.0 0.0 0.0 0.0
816 2350.0 1500.0 0 1926.6798095703125 1883.399169921875 215.6508281414403 0.0 0.0 0.0 0.0
833 2350.0 1500.0 0 1930.6324462890625 1867.5888671875 205.23210225223244 0.0 0.0 0.0 0.0
850 2350.0 1500.0 0 1930.6324462890625 1851.778564453125 194.97866167769268 0.0 0.0 0.0 0.0
866 2350.0 1500.0 0 1930.6324462890625 1835.9683837890625 185.2012539076066 0.0 0.0 0.0 0.0
883 2350.0 1500.0 0 1930.6324462890625 1828.063232421875 180.49470108770805 0.0 0.0 0.0 0.0
900 2350.0 1500.0 0 1930.6324462890625 1824.110595703125 178.1893488853249 0.0 0.0 0.0 0.0
916 2350.0 1500.0 0 1938.53759765625 1820.1580810546875 178.25451422963476 0.0 0.0 0.0 0.0
933 2350.0 1500.0 0 1946.4427490234375 1816.2054443359375 178.31367726045394 0.0 0.0 0.0 0.0
949 2350.0 1500.0 0 1958.3004150390625 1812.2529296875 179.40198570244794 0.0 0.0 0.0 0.0
966 2350.0 1500.0 0 1970.1580810546875 1808.3004150390625 180.35496012040468 0.0 0.0 0.0 0.0
983 2350.0 1500.0 0 1985.9683837890625 1804.3477783203125 182.08980052215637 0.0 0.0 0.0 0.0
1000 2350.0 1500.0 0 1993.87353515625 1796.442626953125 179.67562321014236 0.0 0.0 0.0 0.0
1016 2350.0 1500.0 0 2005.731201171875 1788.5374755859375 178.56922421028116 0.0 0.0 0.0 0.0
1033 2350.0 1500.0 0 2013.6363525390625 1776.6798095703125 174.55551530626389 0.0 0.0 0.0 0.0
1049 2350.0 1500.0 0 2013.6363525390625 1768.774658203125 170.31141942012715 0.0 0.0 0.0 0.0
1066 2350.0 1500.0 0 2017.5889892578125 1756.9169921875 165.95517024723128 0.0 0.0 0.0 0.0
1083 2350.0 1500.0 0 2017.5889892578125 1733.2015380859375 155.82670290369305 0.0 0.0 0.0 0.0
1099 2350.0 1500.0 0 2017.5889892578125 1705.5335693359375 146.4421491321136 0.0 0.0 0.0 0.0
1117 2350.0 1500.0 0 2013.6363525390625 1689.7232666015625 139.79162869643895 0.0 0.0 0.0 0.0
1133 2350.0 1500.0 0 2009.683837890625 1681.818115234375 135.5700955888563 0.0 0.0 0.0 0.0
1149 2350.0 1500.0 0 2005.731201171875 1677.8656005859375 132.334407478331 0.0 0.0 0.0 0.0
1166 2350.0 1500.0 0 2001.7786865234375 1677.8656005859375 129.82165334484034 0.0 0.0 0.0 0.0
1184 2350.0 1500.0 0 1997.8260498046875 1677.8656005859375 127.28278787301585 0.0 0.0 0.0 0.0
1616 2350.0 1500.0 0 1997.8260498046875 1677.8656005859375 127.28278787301585 0.0 0.0 0.0 0.0
1633 2350.0 1500.0 0 1997.8260498046875 1677.8656005859375 127.28278787301585 0.0 0.0 0.0 0.0
1651 2350.0 1500.0 0 1997.8260498046875 1677.8656005859375 127.28278787301585 0.0 0.0 0.0 0.0
1666 2350.0 1500.0 0 1997.8260498046875 1677.8656005859375 127.28278787301585 0.0 0.0 0.0 0.0
1683 2350.0 1500.0 0 1871.1660385131836 1921.4113693237305 132.37316955459062 0.0 0.0 0.0 0.0
1700 2350.0 1500.0 0 1867.213523864746 1933.2690353393555 136.6738603338061 0.0 0.0 0.0 0.0
1717 2350.0 1500.0 0 1863.2610092163086 1941.174186706543 140.297073847753 0.0 0.0 0.0 0.0
1733 2350.0 1500.0 0 1859.3083724975586 1941.174186706543 143.92485231513703 0.0 0.0 0.0 0.0
1766 2350.0 1500.0 0 1851.403221130371 1941.174186706543 151.0787680070217 0.0 0.0 0.0 0.0
1783 2350.0 1500.0 0 1847.4507064819336 1941.174186706543 154.59974863020128 0.0 0.0 0.0 0.0
1800 2350.0 1500.0 0 1839.545555114746 1941.174186706543 161.3903057320845 0.0 0.0 0.0 0.0
1816 2350.0 1500.0 0 1835.592918395996 1941.174186706543 164.69814035001417 0.0 0.0 0.0 0.0
1833 2350.0 1500.0 0 1831.6404037475586 1941.174186706543 167.9159864401136 0.0 0.0 0.0 0.0
1849 2350.0 1500.0 0 1827.687889099121 1941.174186706543 171.03684740651673 0.0 0.0 0.0 0.0
1866 2350.0 1500.0 0 1827.687889099121 1937.221549987793 173.00541661087445 0.0 0.0 0.0 0.0
1883 2350.0 1500.0 0 1823.735252380371 1937.221549987793 175.95499368887826 0.0 0.0 0.0 0.0
1949 2350.0 1500.0 0 1827.687889099121 1941.174186706543 170.9686261394441 0.0 0.0 0.0 0.0
1966 2350.0 1500.0 0 1839.545555114746 1945.1267013549805 159.4029892358312 0.0 0.0 0.0 0.0
1983 2350.0 1500.0 0 1847.4507064819336 1949.0793380737305 151.54002851750693 0.0 0.0 0.0 0.0
2000 2350.0 1500.0 0 1859.3083724975586 1949.0793380737305 140.5746665410082 0.0 0.0 0.0 0.0
2016 2350.0 1500.0 0 1863.2610092163086 1949.0793380737305 136.9451342815444 0.0 0.0 0.0 0.0
2033 2350.0 1500.0 0 1867.213523864746 1949.0793380737305 133.33588313961374 0.0 0.0 0.0 0.0
2050 2350.0 1500.0 0 1867.213523864746 1945.1267013549805 132.87246497803852 0.0 0.0 0.0 0.0
2066 2350.0 1500.0 0 1871.1660385131836 1941.174186706543 128.5781339723538 0.0 0.0 0.0 0.0
2083 2350.0 1500.0 0 1875.1186752319336 1933.2690353393555 122.94412772813766 0.0 0.0 0.0 0.0
2100 2350.0 1500.0 0 1875.1186752319336 1929.316520690918 121.79703327439978 0.0 0.0 0.0 0.0
2116 2350.0 1500.0 0 1879.071189880371 1929.316520690918 118.42158303385256 0.0 0.0 0.0 0.0
2134 2350.0 1500.0 0 1883.023826599121 1929.316520690918 115.12909466733089 0.0 0.0 0.0 0.0
3183 2338.142333984375 1492.0948486328125 4.979940589890674 1883.023826599121 1929.316520690918 115.12909466733089 0.0 0.0 0.0 0.0
3200 2318.379638671875 1476.2845458984375 13.735988971063051 1883.023826599121 1929.316520690918 115.12909466733089 0.0 0.0 0.0 0.0
3216 2290.711669921875 1456.521728515625 24.53774388931498 1883.023826599121 1929.316520690918 115.12909466733089 0.0 0.0 0.0 0.0
3233 2263.043701171875 1436.7589111328125 34.25914719865122 1883.023826599121 1929.316520690918 115.12909466733089 0.0 0.0 0.0 0.0
3250 2235.37548828125 1424.9012451171875 40.39724086511711 1883.023826599121 1929.316520690918 115.12909466733089 0.0 0.0 0.0 0.0
3266 2215.61279296875 1409.0909423828125 46.662295778862756 1883.023826599121 1929.316520690918 115.12909466733089 0.0 0.0 0.0 0.0
3283 2203.755126953125 1393.2806396484375 52.2646127887993 1883.023826599121 1929.316520690918 115.12909466733089 0.0 0.0 0.0 0.0
3300 2187.94482421875 1369.565185546875 59.86532574208212 1883.023826599121 1929.316520690918 115.12909466733089 0.0 0.0 0.0 0.0
3316 2180.03955078125 1337.9447021484375 69.7419660310324 1883.023826599121 1929.316520690918 115.12909466733089 0.0 0.0 0.0 0.0
3333 2172.134521484375 1302.37158203125 79.67773694336694 1883.023826599121 1929.316520690918 115.12909466733089 0.0 0.0 0.0 0.0
3350 2168.181884765625 1258.893310546875 90.8966589934899 1883.023826599121 1929.316520690918 115.12909466733089 0.0 0.0 0.0 0.0
3366 2164.229248046875 1231.225341796875 96.89745060914078 1883.023826599121 1929.316520690918 115.12909466733089 0.0 0.0 0.0 0.0
3383 2164.229248046875 1207.5098876953125 102.2992559126829 1883.023826599121 1929.316520690918 115.12909466733089 0.0 0.0 0.0 0.0
3400 2164.229248046875 1179.8419189453125 107.8480052518604 1883.023826599121 1929.316520690918 115.12909466733089 0.0 0.0 0.0 0.0
3416 2164.229248046875 1160.0791015625 111.43949717534468 1883.023826599121 1929.316520690918 115.12909466733089 0.0 0.0 0.0 0.0
3433 2164.229248046875 1144.268798828125 114.08740610095668 1883.023826599121 1929.316520690918 115.12909466733089 0.0 0.0 0.0 0.0
3450 2176.087158203125 1128.45849609375 120.09246909012626 1883.023826599121 1929.316520690918 115.12909466733089 0.0 0.0 0.0 0.0
3466 2187.94482421875 1112.648193359375 125.71583712160822 1883.023826599121 1929.316520690918 115.12909466733089 0.0 0.0 0.0 0.0
3483 2199.802490234375 1096.837890625 130.9365123374006 1883.023826599121 1929.316520690918 115.12909466733089 0.0 0.0 0.0 0.0
3500 2215.61279296875 1084.980224609375 136.90645691023752 1883.023826599121 1929.316520690918 115.12909466733089 0.0 0.0 0.0 0.0
3516 2227.470458984375 1077.0750732421875 141.15775017496583 1883.023826599121 1929.316520690918 115.12909466733089 0.0 0.0 0.0 0.0
3533 2239.328125 1073.12255859375 145.2742238537985 1883.023826599121 1929.316520690918 115.12909466733089 0.0 0.0 0.0 0.0
3550 2251.185791015625 1065.2174072265625 149.1096768654453 1883.023826599121 1929.316520690918 115.12909466733089 0.0 0.0 0.0 0.0
3566 2263.043701171875 1061.2647705078125 152.97335685231081 1883.023826599121 1929.316520690918 115.12909466733089 0.0 0.0 0.0 0.0
3583 2266.99609375 1053.3597412109375 153.78938029240723 1883.023826599121 1929.316520690918 115.12909466733089 0.0 0.0 0.0 0.0
3600 2270.94873046875 1053.3597412109375 155.15130553426397 1883.023826599121 1929.316520690918 115.12909466733089 0.0 0.0 0.0 0.0
3616 2274.9013671875 1049.4071044921875 156.1743723813503 1883.023826599121 1929.316520690918 115.12909466733089 0.0 0.0 0.0 0.0
3633 2274.9013671875 1045.45458984375 155.84903129769611 1883.023826599121 1929.316520690918 115.12909466733089 0.0 0.0 0.0 0.0
3666 2278.853759765625 1041.501953125 156.85192628198894 1883.023826599121 1929.316520690918 115.12909466733089 0.0 0.0 0.0 0.0
3700 2282.806396484375 1037.5494384765625 157.8258624509698 1883.023826599121 1929.316520690918 115.12909466733089 0.0 0.0 0.0 0.0
3750 2282.806396484375 1033.5968017578125 157.46245001137225 1883.023826599121 1929.316520690918 115.12909466733089 0.0 0.0 0.0 0.0
4333 2282.806396484375 1033.5968017578125 157.46245001137225 1746.7560577392578 1818.6347160339355 123.65966255589312 0.0 0.0 0.0 0.0
4350 2282.806396484375 1033.5968017578125 157.46245001137225 1730.9457550048828 1810.729564666748 132.09565223669262 0.0 0.0 0.0 0.0
4367 2282.806396484375 1033.5968017578125 157.46245001137225 1719.0880889892578 1798.871898651123 141.38326695660243 0.0 0.0 0.0 0.0
4383 2282.806396484375 1033.5968017578125 157.46245001137225 1707.2303009033203 1787.014232635498 149.53398533213857 0.0 0.0 0.0 0.0
4400 2282.806396484375 1033.5968017578125 157.46245001137225 1703.2777862548828 1779.1090812683105 154.73493456625005 0.0 0.0 0.0 0.0
4416 2282.806396484375 1033.5968017578125 157.46245001137225 1695.3726348876953 1771.203929901123 159.13352943460035 0.0 0.0 0.0 0.0
4483 2282.806396484375 1033.5968017578125 157.46245001137225 1699.3251495361328 1771.203929901123 159.6844204782155 0.0 0.0 0.0 0.0
4500 2282.806396484375 1033.5968017578125 157.46245001137225 1703.2777862548828 1771.203929901123 160.26275186915376 0.0 0.0 0.0 0.0
4516 2282.806396484375 1033.5968017578125 157.46245001137225 1703.2777862548828 1747.4884757995605 175.2487206803217 0.0 0.0 0.0 0.0
4533 2282.806396484375 1033.5968017578125 157.46245001137225 1703.2777862548828 1707.9628410339355 194.70681125613146 0.0 0.0 0.0 0.0
4550 2282.806396484375 1033.5968017578125 157.46245001137225 1695.3726348876953 1676.3422355651855 202.9972940514229 0.0 0.0 0.0 0.0
4566 2282.806396484375 1033.5968017578125 157.46245001137225 1691.4199981689453 1656.579418182373 207.66214611133927 0.0 0.0 0.0 0.0
4584 2282.806396484375 1033.5968017578125 157.46245001137225 1687.4674835205078 1640.769115447998 210.38874337545997 0.0 0.0 0.0 0.0
4600 2282.806396484375 1033.5968017578125 157.46245001137225 1687.4674835205078 1632.8639640808105 212.77176988515345 0.0 0.0 0.0 0.0
4616 2282.806396484375 1033.5968017578125 157.46245001137225 1695.3726348876953 1628.911449432373 218.93216616125443 0.0 0.0 0.0 0.0
4634 2282.806396484375 1033.5968017578125 157.46245001137225 1723.0406036376953 1632.8639640808105 238.7542349742854 0.0 0.0 0.0 0.0
4650 2282.806396484375 1033.5968017578125 157.46245001137225 1746.7560577392578 1644.721752166748 257.53539074094135 0.0 0.0 0.0 0.0
4666 2282.806396484375 1033.5968017578125 157.46245001137225 1766.5188751220703 1656.579418182373 273.86513927340656 0.0 0.0 0.0 0.0
4683 2282.806396484375 1033.5968017578125 157.46245001137225 1782.3291778564453 1668.437084197998 287.5290518473614 0.0 0.0 0.0 0.0
4700 2282.806396484375 1033.5968017578125 157.46245001137225 1798.1394805908203 1672.389720916748 295.8376864384246 0.0 0.0 0.0 0.0
4716 2282.806396484375 1033.5968017578125 157.46245001137225 1809.9971466064453 1680.2948722839355 304.30756141600983 0.0 0.0 0.0 0.0
4733 2282.806396484375 1033.5968017578125 157.46245001137225 1817.9022979736328 1684.247386932373 308.77189315289627 0.0 0.0 0.0 0.0
4766 2282.806396484375 1033.5968017578125 157.46245001137225 1821.8548126220703 1684.247386932373 309.6545211102155 0.0 0.0 0.0 0.0
4816 2282.806396484375 1033.5968017578125 157.46245001137225 1825.8074493408203 1684.247386932373 310.4984114751031 0.0 0.0 0.0 0.0
4833 2282.806396484375 1033.5968017578125 157.46245001137225 1829.7599639892578 1684.247386932373 311.3049936990207 0.0 0.0 0.0 0.0
4850 2282.806396484375 1033.5968017578125 157.46245001137225 1841.6176300048828 1684.247386932373 313.428669105081 0.0 0.0 0.0 0.0
4866 2282.806396484375 1033.5968017578125 157.46245001137225 1861.3805694580078 1696.1051750183105 323.0131812306782 0.0 0.0 0.0 0.0
4883 2282.806396484375 1033.5968017578125 157.46245001137225 1881.1433868408203 1715.867992401123 335.1824563308837 0.0 0.0 0.0 0.0
4900 2282.806396484375 1033.5968017578125 157.46245001137225 1908.8113555908203 1743.535961151123 347.27737538655236 0.0 0.0 0.0 0.0
4916 2282.806396484375 1033.5968017578125 157.46245001137225 1928.5741729736328 1763.2987785339355 353.80678640110705 0.0 0.0 0.0 0.0
4933 2282.806396484375 1033.5968017578125 157.46245001137225 1952.2896270751953 1783.061595916748 357.69321497703527 0.0 0.0 0.0 0.0
4950 2282.806396484375 1033.5968017578125 157.46245001137225 1976.0050811767578 1798.871898651123 358.7837655797031 0.0 0.0 0.0 0.0
4966 2282.806396484375 1033.5968017578125 157.46245001137225 1999.7204132080078 1810.729564666748 357.8045079381468 0.0 0.0 0.0 0.0
4983 2282.806396484375 1033.5968017578125 157.46245001137225 2027.3883819580078 1818.6347160339355 354.2640534253829 0.0 0.0 0.0 0.0
5000 2282.806396484375 1033.5968017578125 157.46245001137225 2059.008987426758 1830.492504119873 352.66005432395195 0.0 0.0 0.0 0.0
5016 2282.806396484375 1033.5968017578125 157.46245001137225 2102.487258911133 1842.350170135498 349.3976151593307 0.0 0.0 0.0 0.0
5033 2282.806396484375 1033.5968017578125 157.46245001137225 2145.965530395508 1858.160472869873 348.966101693223 0.0 0.0 0.0 0.0
5050 2282.806396484375 1033.5968017578125 157.46245001137225 2189.443801879883 1866.0656242370605 345.30510812264197 0.0 0.0 0.0 0.0
5066 2282.806396484375 1033.5968017578125 157.46245001137225 2225.016799926758 1873.970775604248 343.9004058482082 0.0 0.0 0.0 0.0
5083 2282.806396484375 1033.5968017578125 157.46245001137225 2260.590042114258 1873.970775604248 339.16049308314064 0.0 0.0 0.0 0.0
5100 2282.806396484375 1033.5968017578125 157.46245001137225 2288.258010864258 1873.970775604248 336.39918380368835 0.0 0.0 0.0 0.0
5117 2282.806396484375 1033.5968017578125 157.46245001137225 2311.973342895508 1873.970775604248 334.5619369160186 0.0 0.0 0.0 0.0
5133 2282.806396484375 1033.5968017578125 157.46245001137225 2335.688919067383 1866.0656242370605 328.83148540921223 0.0 0.0 0.0 0.0
5150 2282.806396484375 1033.5968017578125 157.46245001137225 2359.404251098633 1846.3026847839355 318.05962517064586 0.0 0.0 0.0 0.0
5166 2282.806396484375 1033.5968017578125 157.46245001137225 2383.119583129883 1826.539867401123 310.05106872839553 0.0 0.0 0.0 0.0
5183 2282.806396484375 1033.5968017578125 157.46245001137225 2402.882522583008 1810.729564666748 305.2467226403966 0.0 0.0 0.0 0.0
5200 2282.806396484375 1033.5968017578125 157.46245001137225 2422.645462036133 1790.9667472839355 299.68332963334626 0.0 0.0 0.0 0.0
5216 2282.806396484375 1033.5968017578125 157.46245001137225 2442.408157348633 1771.203929901123 295.50824506107006 0.0 0.0 0.0 0.0
5233 2282.806396484375 1033.5968017578125 157.46245001137225 2458.218460083008 1747.4884757995605 289.4674271324043 0.0 0.0 0.0 0.0
5250 2282.806396484375 1033.5968017578125 157.46245001137225 2470.076126098633 1723.7731437683105 283.492748500954 0.0 0.0 0.0 0.0
5266 2282.806396484375 1033.5968017578125 157.46245001137225 2481.933792114258 1696.1051750183105 277.5996486780191 0.0 0.0 0.0 0.0
5283 2282.806396484375 1033.5968017578125 157.46245001137225 2489.839065551758 1664.4845695495605 270.44584021663877 0.0 0.0 0.0 0.0
5300 2282.806396484375 1033.5968017578125 157.46245001137225 2489.839065551758 1636.8166007995605 262.4552083370429 0.0 0.0 0.0 0.0
5316 2282.806396484375 1033.5968017578125 157.46245001137225 2489.839065551758 1609.1486320495605 256.392442604346 0.0 0.0 0.0 0.0
5333 2282.806396484375 1033.5968017578125 157.46245001137225 2489.839065551758 1573.575511932373 250.90580539802824 0.0 0.0 0.0 0.0
5350 2282.806396484375 1033.5968017578125 157.46245001137225 2489.839065551758 1538.0023918151855 247.0665994704238 0.0 0.0 0.0 0.0
5366 2282.806396484375 1033.5968017578125 157.46245001137225 2489.839065551758 1506.3817863464355 244.60140240444812 0.0 0.0 0.0 0.0
5383 2282.806396484375 1033.5968017578125 157.46245001137225 2489.839065551758 1478.7138175964355 242.98842524833975 0.0 0.0 0.0 0.0
5400 2282.806396484375 1033.5968017578125 157.46245001137225 2485.886428833008 1451.0458488464355 239.71099789552093 0.0 0.0 0.0 0.0
5416 2282.806396484375 1033.5968017578125 157.46245001137225 2481.933792114258 1431.283031463623 237.18830736866585 0.0 0.0 0.0 0.0
5433 2282.806396484375 1033.5968017578125 157.46245001137225 2474.028762817383 1415.472728729248 232.7269075398023 0.0 0.0 0.0 0.0
5450 2282.806396484375 1033.5968017578125 157.46245001137225 2466.123733520508 1403.6149406433105 228.64091176224582 0.0 0.0 0.0 0.0
5466 2282.806396484375 1033.5968017578125 157.46245001137225 2462.171096801758 1399.662425994873 226.48988476774616 0.0 0.0 0.0 0.0
5483 2282.806396484375 1033.5968017578125 157.46245001137225 2458.218460083008 1395.7099113464355 224.45650389355228 0.0 0.0 0.0 0.0
5500 2282.806396484375 1033.5968017578125 157.46245001137225 2454.265823364258 1395.7099113464355 221.79665507367054 0.0 0.0 0.0 0.0
5516 2282.806396484375 1033.5968017578125 157.46245001137225 2450.313430786133 1395.7099113464355 219.17552428233944 0.0 0.0 0.0 0.0
5551 2282.806396484375 1033.5968017578125 157.46245001137225 2446.360794067383 1395.7099113464355 216.59771233175854 0.0 0.0 0.0 0.0
5567 2282.806396484375 1033.5968017578125 157.46245001137225 2442.408157348633 1395.7099113464355 214.06755002571782 0.0 0.0 0.0 0.0
5583 2282.806396484375 1033.5968017578125 157.46245001137225 2422.645462036133 1395.7099113464355 202.71111986764174 0.0 0.0 0.0 0.0
5966 1904.0829696655273 1256.15287399292 162.6819248435312 2422.645462036133 1395.7099113464355 202.71111986764174 0.0 0.0 0.0 0.0
5983 1896.1778182983398 1256.15287399292 162.28728551904658 2422.645462036133 1395.7099113464355 202.71111986764174 0.0 0.0 0.0 0.0
6000 1884.3201522827148 1252.2003593444824 163.4551693227071 2422.645462036133 1395.7099113464355 202.71111986764174 0.0 0.0 0.0 0.0
6017 1872.4623641967773 1248.2477226257324 164.5145414423473 2422.645462036133 1395.7099113464355 202.71111986764174 0.0 0.0 0.0 0.0
6033 1856.6521835327148 1244.295207977295 165.20956530126347 2422.645462036133 1395.7099113464355 202.71111986764174 0.0 0.0 0.0 0.0
6050 1840.8418807983398 1244.295207977295 164.17330430663293 2422.645462036133 1395.7099113464355 202.71111986764174 0.0 0.0 0.0 0.0
6067 1825.0315780639648 1244.295207977295 163.25691504139775 2422.645462036133 1395.7099113464355 202.71111986764174 0.0 0.0 0.0 0.0
6083 1809.2212753295898 1244.295207977295 162.4466720659712 2422.645462036133 1395.7099113464355 202.71111986764174 0.0 0.0 0.0 0.0
6100 1797.3636093139648 1244.295207977295 161.89344675164455 2422.645462036133 1395.7099113464355 202.71111986764174 0.0 0.0 0.0 0.0
6116 1789.4584579467773 1248.2477226257324 159.77748229688189 2422.645462036133 1395.7099113464355 202.71111986764174 0.0 0.0 0.0 0.0
6133 1777.6007919311523 1260.10551071167 154.30150199653986 2422.645462036133 1395.7099113464355 202.71111986764174 0.0 0.0 0.0 0.0
6150 1769.6956405639648 1268.0106620788574 150.89317437711736 2422.645462036133 1395.7099113464355 202.71111986764174 0.0 0.0 0.0 0.0
6166 1757.8379745483398 1279.8683280944824 146.290801992406 2422.645462036133 1395.7099113464355 202.71111986764174 0.0 0.0 0.0 0.0
6183 1749.9328231811523 1295.6786308288574 140.07716320038094 2422.645462036133 1395.7099113464355 202.71111986764174 0.0 0.0 0.0 0.0
6200 1734.1225204467773 1315.44144821167 134.1628266786031 2422.645462036133 1395.7099113464355 202.71111986764174 0.0 0.0 0.0 0.0
6216 1718.3122177124023 1335.2042655944824 129.19021807207395 2422.645462036133 1395.7099113464355 202.71111986764174 0.0 0.0 0.0 0.0
6233 1698.5494003295898 1358.919719696045 124.52156084169795 2422.645462036133 1395.7099113464355 202.71111986764174 0.0 0.0 0.0 0.0
6250 1690.6442489624023 1374.73002243042 120.58703542198407 2422.645462036133 1395.7099113464355 202.71111986764174 0.0 0.0 0.0 0.0
6266 1682.7390975952148 1390.540325164795 117.11374827570853 2422.645462036133 1395.7099113464355 202.71111986764174 0.0 0.0 0.0 0.0
6283 1670.8814315795898 1414.255657196045 112.78914447874814 2422.645462036133 1395.7099113464355 202.71111986764174 0.0 0.0 0.0 0.0
6300 1666.9287948608398 1445.876262664795 104.825590852425 2422.645462036133 1395.7099113464355 202.71111986764174 0.0 0.0 0.0 0.0
6316 1662.9762802124023 1469.5917167663574 100.08535920687069 2422.645462036133 1395.7099113464355 202.71111986764174 0.0 0.0 0.0 0.0
6333 1662.9762802124023 1489.35453414917 95.47439694956103 2422.645462036133 1395.7099113464355 202.71111986764174 0.0 0.0 0.0 0.0
6350 1662.9762802124023 1517.02250289917 90.12315316550354 2422.645462036133 1395.7099113464355 202.71111986764174 0.0 0.0 0.0 0.0
6366 1662.9762802124023 1536.7853202819824 86.8102644181821 2422.645462036133 1395.7099113464355 202.71111986764174 0.0 0.0 0.0 0.0
6383 1662.9762802124023 1548.6429862976074 84.99272230762364 2422.645462036133 1395.7099113464355 202.71111986764174 0.0 0.0 0.0 0.0
6400 1662.9762802124023 1560.500774383545 83.33161406690647 2422.645462036133 1395.7099113464355 202.71111986764174 0.0 0.0 0.0 0.0
6417 1670.8814315795898 1564.4532890319824 79.22251629866776 2422.645462036133 1395.7099113464355 202.71111986764174 0.0 0.0 0.0 0.0
6433 1670.8814315795898 1568.4059257507324 78.81294104446931 2422.645462036133 1395.7099113464355 202.71111986764174 0.0 0.0 0.0 0.0
6450 1670.8814315795898 1572.35844039917 78.41614942835432 2422.645462036133 1395.7099113464355 202.71111986764174 0.0 0.0 0.0 0.0
6483 1674.8339462280273 1572.35844039917 76.55676656627463 2422.645462036133 1395.7099113464355 202.71111986764174 0.0 0.0 0.0 0.0
6516 1674.8339462280273 1576.31107711792 76.23067269373144 2422.645462036133 1395.7099113464355 202.71111986764174 0.0 0.0 0.0 0.0
6566 1678.7865829467773 1576.31107711792 74.35968525502585 2422.645462036133 1395.7099113464355 202.71111986764174 0.0 0.0 0.0 0.0
6583 1682.7390975952148 1576.31107711792 72.48106029819729 2422.645462036133 1395.7099113464355 202.71111986764174 0.0 0.0 0.0 0.0
6600 1686.6916122436523 1580.2635917663574 70.45906389604886 2422.645462036133 1395.7099113464355 202.71111986764174 0.0 0.0 0.0 0.0
6616 1694.5967636108398 1580.2635917663574 66.67778188650311 2422.645462036133 1395.7099113464355 202.71111986764174 0.0 0.0 0.0 0.0
6633 1698.5494003295898 1580.2635917663574 64.7887287033775 2422.645462036133 1395.7099113464355 202.71111986764174 0.0 0.0 0.0 0.0
6676 1714.3597030639648 1580.2635917663574 57.302997763233975 2422.645462036133 1395.7099113464355 202.71111986764174 0.0 0.0 0.0 0.0
6677 1714.3597030639648 1580.2635917663574 57.30297814705426 2422.645462036133 1395.7099113464355 202.71111986764174 0.0 0.0 0.0 0.0
6683 1722.2648544311523 1580.2635917663574 53.61392362708915 2422.645462036133 1395.7099113464355 202.71111986764174 0.0 0.0 0.0 0.0
6700 1734.1225204467773 1580.2635917663574 48.2177406640385 2422.645462036133 1395.7099113464355 202.71111986764174 0.0 0.0 0.0 0.0
6717 1738.0750350952148 1580.2635917663574 46.44044233553518 2422.645462036133 1395.7099113464355 202.71111986764174 0.0 0.0 0.0 0.0
6733 1745.9801864624023 1580.2635917663574 42.96849306398917 2422.645462036133 1395.7099113464355 202.71111986764174 0.0 0.0 0.0 0.0
6751 1749.9328231811523 1576.31107711792 40.4436370305898 2422.645462036133 1395.7099113464355 202.71111986764174 0.0 0.0 0.0 0.0
7301 1749.9328231811523 1576.31107711792 40.4436370305898 2436.1674728393555 1600.892837524414 192.57743354167835 0.0 0.0 0.0 0.0
7317 1749.9328231811523 1576.31107711792 40.4436370305898 2436.1674728393555 1612.750503540039 184.8309269167119 0.0 0.0 0.0 0.0
7333 1749.9328231811523 1576.31107711792 40.4436370305898 2436.1674728393555 1620.6556549072266 180.1176043920039 0.0 0.0 0.0 0.0
7350 1749.9328231811523 1576.31107711792 40.4436370305898 2428.2621994018555 1632.5133209228516 178.89032663520044 0.0 0.0 0.0 0.0
7367 1749.9328231811523 1576.31107711792 40.4436370305898 2420.3571701049805 1640.418472290039 179.79518474288406 0.0 0.0 0.0 0.0
7383 1749.9328231811523 1576.31107711792 40.4436370305898 2408.4995040893555 1652.276138305664 180.86504801776425 0.0 0.0 0.0 0.0
7400 1749.9328231811523 1576.31107711792 40.4436370305898 2396.6415939331055 1660.1812896728516 183.69645924186997 0.0 0.0 0.0 0.0
7417 1749.9328231811523 1576.31107711792 40.4436370305898 2372.9262619018555 1668.086441040039 191.5431125470757 0.0 0.0 0.0 0.0
7433 1749.9328231811523 1576.31107711792 40.4436370305898 2357.1159591674805 1679.944107055664 191.88625637386673 0.0 0.0 0.0 0.0
7450 1749.9328231811523 1576.31107711792 40.4436370305898 2337.3532638549805 1687.8492584228516 195.9833977708115 0.0 0.0 0.0 0.0
7467 1749.9328231811523 1576.31107711792 40.4436370305898 2321.5429611206055 1699.707046508789 195.25601130637148 0.0 0.0 0.0 0.0
7483 1749.9328231811523 1576.31107711792 40.4436370305898 2309.6852951049805 1711.564712524414 193.04885263093655 0.0 0.0 0.0 0.0
7500 1749.9328231811523 1576.31107711792 40.4436370305898 2297.8273849487305 1727.375015258789 189.1294975349067 0.0 0.0 0.0 0.0
7517 1749.9328231811523 1576.31107711792 40.4436370305898 2289.9223556518555 1747.1378326416016 182.21979712202307 0.0 0.0 0.0 0.0
7533 1749.9328231811523 1576.31107711792 40.4436370305898 2278.0646896362305 1774.8058013916016 175.9906943012521 0.0 0.0 0.0 0.0
7550 1749.9328231811523 1576.31107711792 40.4436370305898 2266.2070236206055 1814.331558227539 168.24947249025595 0.0 0.0 0.0 0.0
7567 1749.9328231811523 1576.31107711792 40.4436370305898 2254.3491134643555 1853.857192993164 163.5815863823 0.0 0.0 0.0 0.0
7583 1749.9328231811523 1576.31107711792 40.4436370305898 2246.4440841674805 1885.477798461914 160.24639805303136 0.0 0.0 0.0 0.0
7600 1749.9328231811523 1576.31107711792 40.4436370305898 2238.5388107299805 1909.193130493164 159.68021405097917 0.0 0.0 0.0 0.0
7617 1749.9328231811523 1576.31107711792 40.4436370305898 2230.6337814331055 1928.956069946289 160.17908462276517 0.0 0.0 0.0 0.0
7633 1749.9328231811523 1576.31107711792 40.4436370305898 2218.7761154174805 1948.7188873291016 163.0450459740117 0.0 0.0 0.0 0.0
7650 1749.9328231811523 1576.31107711792 40.4436370305898 2202.9658126831055 1964.5291900634766 168.75851828564387 0.0 0.0 0.0 0.0
7667 1749.9328231811523 1576.31107711792 40.4436370305898 2183.2028732299805 1980.339370727539 175.19211369704138 0.0 0.0 0.0 0.0
7683 1749.9328231811523 1576.31107711792 40.4436370305898 2155.5349044799805 1996.149673461914 183.56956212604103 0.0 0.0 0.0 0.0
7700 1749.9328231811523 1576.31107711792 40.4436370305898 2127.8669357299805 2019.8651275634766 185.66193480556527 0.0 0.0 0.0 0.0
7717 1749.9328231811523 1576.31107711792 40.4436370305898 2096.2463302612305 2039.627944946289 190.2175332249659 0.0 0.0 0.0 0.0
7733 1749.9328231811523 1576.31107711792 40.4436370305898 2068.5783615112305 2063.3433990478516 189.85443582293027 0.0 0.0 0.0 0.0
7750 1749.9328231811523 1576.31107711792 40.4436370305898 2040.9103927612305 2079.1537017822266 193.3183734994846 0.0 0.0 0.0 0.0
7767 1749.9328231811523 1576.31107711792 40.4436370305898 1997.432243347168 2102.8690338134766 196.8228479573496 0.0 0.0 0.0 0.0
7783 1749.9328231811523 1576.31107711792 40.4436370305898 1942.0961837768555 2118.6793365478516 205.02301512103418 0.0 0.0 0.0 0.0
7800 1749.9328231811523 1576.31107711792 40.4436370305898 1886.7602462768555 2134.4896392822266 209.28439385157003 0.0 0.0 0.0 0.0
7817 1749.9328231811523 1576.31107711792 40.4436370305898 1843.2819747924805 2146.3473052978516 211.5093828244911 0.0 0.0 0.0 0.0
7833 1749.9328231811523 1576.31107711792 40.4436370305898 1795.851188659668 2150.2999420166016 217.38465490718207 0.0 0.0 0.0 0.0
7850 1749.9328231811523 1576.31107711792 40.4436370305898 1744.4677658081055 2150.2999420166016 223.0151777196601 0.0 0.0 0.0 0.0
7867 1749.9328231811523 1576.31107711792 40.4436370305898 1693.084342956543 2142.3946685791016 230.0985022639741 0.0 0.0 0.0 0.0
7883 1749.9328231811523 1576.31107711792 40.4436370305898 1649.606071472168 2126.5843658447266 238.4960682521636 0.0 0.0 0.0 0.0
7900 1749.9328231811523 1576.31107711792 40.4436370305898 1614.0329513549805 2114.7266998291016 242.16974181849903 0.0 0.0 0.0 0.0
7917 1749.9328231811523 1576.31107711792 40.4436370305898 1578.459831237793 2102.8690338134766 244.46391370782615 0.0 0.0 0.0 0.0
7933 1749.9328231811523 1576.31107711792 40.4436370305898 1550.791862487793 2091.0113677978516 247.25661445672242 0.0 0.0 0.0 0.0
7950 1749.9328231811523 1576.31107711792 40.4436370305898 1531.0290451049805 2083.106216430664 248.37315608806855 0.0 0.0 0.0 0.0
7967 1749.9328231811523 1576.31107711792 40.4436370305898 1511.266227722168 2071.248550415039 251.72396783332002 0.0 0.0 0.0 0.0
7983 1749.9328231811523 1576.31107711792 40.4436370305898 1491.5034103393555 2055.438247680664 256.55381250407464 0.0 0.0 0.0 0.0
8000 1749.9328231811523 1576.31107711792 40.4436370305898 1483.598258972168 2047.5330963134766 259.31126932293836 0.0 0.0 0.0 0.0
8017 1749.9328231811523 1576.31107711792 40.4436370305898 1471.7404708862305 2043.580581665039 257.4701982844015 0.0 0.0 0.0 0.0
8033 1749.9328231811523 1576.31107711792 40.4436370305898 1463.835319519043 2035.6754302978516 260.0919698364329 0.0 0.0 0.0 0.0
8050 1749.9328231811523 1576.31107711792 40.4436370305898 1459.8828048706055 2031.7227935791016 261.29751641311844 0.0 0.0 0.0 0.0
8067 1749.9328231811523 1576.31107711792 40.4436370305898 1455.930290222168 2023.817642211914 265.1391015015596 0.0 0.0 0.0 0.0
8083 1749.9328231811523 1576.31107711792 40.4436370305898 1455.930290222168 2015.9124908447266 270.6581281157954 0.0 0.0 0.0 0.0
8101 1749.9328231811523 1576.31107711792 40.4436370305898 1451.977653503418 2000.102310180664 277.73802242016353 0.0 0.0 0.0 0.0
8117 1749.9328231811523 1576.31107711792 40.4436370305898 1448.0251388549805 1992.1971588134766 279.6550619942167 0.0 0.0 0.0 0.0
8133 1749.9328231811523 1576.31107711792 40.4436370305898 1448.0251388549805 1980.339370727539 285.78314870552555 0.0 0.0 0.0 0.0
8151 1749.9328231811523 1576.31107711792 40.4436370305898 1444.0725021362305 1972.434341430664 286.7129397648609 0.0 0.0 0.0 0.0
8167 1749.9328231811523 1576.31107711792 40.4436370305898 1444.0725021362305 1960.5765533447266 291.8461144095535 0.0 0.0 0.0 0.0
8185 1749.9328231811523 1576.31107711792 40.4436370305898 1440.119987487793 1952.671401977539 292.02343296296465 0.0 0.0 0.0 0.0
8200 1749.9328231811523 1576.31107711792 40.4436370305898 1440.119987487793 1944.7662506103516 295.074859374173 0.0 0.0 0.0 0.0
8217 1749.9328231811523 1576.31107711792 40.4436370305898 1440.119987487793 1936.861099243164 297.8071208019152 0.0 0.0 0.0 0.0
8234 1749.9328231811523 1576.31107711792 40.4436370305898 1440.119987487793 1928.956069946289 300.24899614249694 0.0 0.0 0.0 0.0
8251 1749.9328231811523 1576.31107711792 40.4436370305898 1440.119987487793 1921.0509185791016 302.4280844971454 0.0 0.0 0.0 0.0
8267 1749.9328231811523 1576.31107711792 40.4436370305898 1440.119987487793 1917.0982818603516 303.4550360985479 0.0 0.0 0.0 0.0
8283 1749.9328231811523 1576.31107711792 40.4436370305898 1444.0725021362305 1909.193130493164 308.4664063135333 0.0 0.0 0.0 0.0
8300 1749.9328231811523 1576.31107711792 40.4436370305898 1444.0725021362305 1901.2879791259766 309.74272623890806 0.0 0.0 0.0 0.0
8317 1749.9328231811523 1576.31107711792 40.4436370305898 1448.0251388549805 1889.4303131103516 314.40613087292866 0.0 0.0 0.0 0.0
8333 1749.9328231811523 1576.31107711792 40.4436370305898 1451.977653503418 1877.5726470947266 318.33497050813446 0.0 0.0 0.0 0.0
8351 1749.9328231811523 1576.31107711792 40.4436370305898 1451.977653503418 1869.667495727539 318.50420304234854 0.0 0.0 0.0 0.0
8367 1749.9328231811523 1576.31107711792 40.4436370305898 1451.977653503418 1861.7623443603516 318.6544013825949 0.0 0.0 0.0 0.0
8733 1772.3248825073242 1395.4228973388672 47.64777658026884 1451.977653503418 1861.7623443603516 318.6544013825949 0.0 0.0 0.0 0.0
8753 1772.3248825073242 1383.5651092529297 51.823810629077514 1451.977653503418 1861.7623443603516 318.6544013825949 0.0 0.0 0.0 0.0
8767 1780.2300338745117 1367.7548065185547 57.92032949245578 1451.977653503418 1861.7623443603516 318.6544013825949 0.0 0.0 0.0 0.0
8784 1792.0876998901367 1344.0394744873047 67.33115159665505 1451.977653503418 1861.7623443603516 318.6544013825949 0.0 0.0 0.0 0.0
8800 1807.8980026245117 1320.3240203857422 77.48096660691829 1451.977653503418 1861.7623443603516 318.6544013825949 0.0 0.0 0.0 0.0
8817 1835.5659713745117 1288.7035369873047 92.45112074865904 1451.977653503418 1861.7623443603516 318.6544013825949 0.0 0.0 0.0 0.0
8833 1867.1865768432617 1261.0354461669922 107.10290107837517 1451.977653503418 1861.7623443603516 318.6544013825949 0.0 0.0 0.0 0.0
8850 1906.7122116088867 1229.4149627685547 123.31121340609513 1451.977653503418 1861.7623443603516 318.6544013825949 0.0 0.0 0.0 0.0
8867 1950.1904830932617 1209.6521453857422 138.4511378163844 1451.977653503418 1861.7623443603516 318.6544013825949 0.0 0.0 0.0 0.0
8883 1993.6687545776367 1193.8418426513672 151.72193976961745 1451.977653503418 1861.7623443603516 318.6544013825949 0.0 0.0 0.0 0.0
8900 2041.0995407104492 1189.8892059326172 165.61767977861905 1451.977653503418 1861.7623443603516 318.6544013825949 0.0 0.0 0.0 0.0
8917 2088.530448913574 1189.8892059326172 178.0144204537783 1451.977653503418 1861.7623443603516 318.6544013825949 0.0 0.0 0.0 0.0
8933 2135.9612350463867 1189.8892059326172 188.15830154945414 1451.977653503418 1861.7623443603516 318.6544013825949 0.0 0.0 0.0 0.0
8950 2171.534355163574 1193.8418426513672 195.5980041656632 1451.977653503418 1861.7623443603516 318.6544013825949 0.0 0.0 0.0 0.0
8967 2203.154960632324 1201.7469940185547 202.49976925732446 1451.977653503418 1861.7623443603516 318.6544013825949 0.0 0.0 0.0 0.0
8983 2226.870292663574 1209.6521453857422 207.6888574916265 1451.977653503418 1861.7623443603516 318.6544013825949 0.0 0.0 0.0 0.0
9000 2242.680595397949 1213.6046600341797 210.45748155357197 1451.977653503418 1861.7623443603516 318.6544013825949 0.0 0.0 0.0 0.0
9017 2250.585624694824 1217.5572967529297 212.43665311565042 1451.977653503418 1861.7623443603516 318.6544013825949 0.0 0.0 0.0 0.0
9033 2254.538261413574 1221.5098114013672 214.07848182183074 1451.977653503418 1861.7623443603516 318.6544013825949 0.0 0.0 0.0 0.0
9067 2254.538261413574 1225.4623260498047 215.45948586074067 1451.977653503418 1861.7623443603516 318.6544013825949 0.0 0.0 0.0 0.0
9166 2254.538261413574 1229.4149627685547 216.84577463750344 1451.977653503418 1861.7623443603516 318.6544013825949 0.0 0.0 0.0 0.0
9217 2250.585624694824 1229.4149627685547 216.64074153688597 1451.977653503418 1861.7623443603516 318.6544013825949 0.0 0.0 0.0 0.0
9667 2254.538261413574 1229.4149627685547 216.84093243933967 1451.977653503418 1861.7623443603516 318.6544013825949 0.0 0.0 0.0 0.0
9683 2258.490898132324 1225.4623260498047 215.6870856994982 1451.977653503418 1861.7623443603516 318.6544013825949 0.0 0.0 0.0 0.0
9700 2262.443534851074 1221.5098114013672 214.56505210608253 1451.977653503418 1861.7623443603516 318.6544013825949 0.0 0.0 0.0 0.0
9717 2270.348564147949 1209.6521453857422 211.15755561539964 1451.977653503418 1861.7623443603516 318.6544013825949 0.0 0.0 0.0 0.0
9734 2282.206230163574 1189.8892059326172 205.91303269868172 1451.977653503418 1861.7623443603516 318.6544013825949 0.0 0.0 0.0 0.0
9750 2294.063896179199 1166.1738739013672 200.06237290794883 1451.977653503418 1861.7623443603516 318.6544013825949 0.0 0.0 0.0 0.0
9767 2309.874198913574 1150.3635711669922 197.66535450748205 1451.977653503418 1861.7623443603516 318.6544013825949 0.0 0.0 0.0 0.0
9784 2325.684501647949 1130.6007537841797 194.4843592625532 1451.977653503418 1861.7623443603516 318.6544013825949 0.0 0.0 0.0 0.0
9800 2341.494804382324 1106.8852996826172 190.70552645341928 1451.977653503418 1861.7623443603516 318.6544013825949 0.0 0.0 0.0 0.0
9817 2357.305107116699 1091.0749969482422 189.41719678207915 1451.977653503418 1861.7623443603516 318.6544013825949 0.0 0.0 0.0 0.0
9833 2373.115409851074 1067.3596649169922 186.3602154761481 1451.977653503418 1861.7623443603516 318.6544013825949 0.0 0.0 0.0 0.0
9850 2388.925712585449 1047.5967254638672 184.65819827498575 1451.977653503418 1861.7623443603516 318.6544013825949 0.0 0.0 0.0 0.0
9867 2404.736015319824 1027.8339080810547 183.1834628920737 1451.977653503418 1861.7623443603516 318.6544013825949 0.0 0.0 0.0 0.0
9883 2416.593681335449 1015.9762420654297 182.89000845126586 1451.977653503418 1861.7623443603516 318.6544013825949 0.0 0.0 0.0 0.0
9900 2432.403984069824 1000.1659393310547 182.54621904144796 1451.977653503418 1861.7623443603516 318.6544013825949 0.0 0.0 0.0 0.0
9917 2444.261650085449 988.3082733154297 182.31257066057424 1451.977653503418 1861.7623443603516 318.6544013825949 0.0 0.0 0.0 0.0
9933 2456.119316101074 980.4031219482422 183.04373986898173 1451.977653503418 1861.7623443603516 318.6544013825949 0.0 0.0 0.0 0.0
9950 2467.976982116699 968.5453338623047 182.76337079593512 1451.977653503418 1861.7623443603516 318.6544013825949 0.0 0.0 0.0 0.0
9967 2479.834648132324 960.6401824951172 183.45834395133573 1451.977653503418 1861.7623443603516 318.6544013825949 0.0 0.0 0.0 0.0
9983 2491.692558288574 948.7825164794922 183.13911811219495 1451.977653503418 1861.7623443603516 318.6544013825949 0.0 0.0 0.0 0.0
10000 2507.502616882324 940.8773651123047 184.6391014689636 1451.977653503418 1861.7623443603516 318.6544013825949 0.0 0.0 0.0 0.0
10017 2519.360527038574 932.9722137451172 185.18326400799901 1451.977653503418 1861.7623443603516 318.6544013825949 0.0 0.0 0.0 0.0
10033 2531.218193054199 917.1620330810547 183.74879575282395 1451.977653503418 1861.7623443603516 318.6544013825949 0.0 0.0 0.0 0.0
10050 2543.075859069824 909.2568206787109 184.3645548810779 1451.977653503418 1861.7623443603516 318.6544013825949 0.0 0.0 0.0 0.0
10067 2558.886161804199 901.3517303466797 185.74669885927605 1451.977653503418 1861.7623443603516 318.6544013825949 0.0 0.0 0.0 0.0
10083 2566.791191101074 889.4940032958984 184.3855325789475 1451.977653503418 1861.7623443603516 318.6544013825949 0.0 0.0 0.0 0.0
10103 2582.601493835449 881.5888519287109 185.76564222766035 1451.977653503418 1861.7623443603516 318.6544013825949 0.0 0.0 0.0 0.0
10117 2594.459159851074 873.6837005615234 186.2189399047433 1451.977653503418 1861.7623443603516 318.6544013825949 0.0 0.0 0.0 0.0
10133 2606.317070007324 865.7786102294922 186.63569692367707 1451.977653503418 1861.7623443603516 318.6544013825949 0.0 0.0 0.0 0.0
10152 2618.174736022949 853.9208831787109 186.01875216735638 1451.977653503418 1861.7623443603516 318.6544013825949 0.0 0.0 0.0 0.0
10167 2630.032402038574 846.0157318115234 186.4516248361237 1451.977653503418 1861.7623443603516 318.6544013825949 0.0 0.0 0.0 0.0
10183 2645.842704772949 830.2054290771484 185.67618324983528 1451.977653503418 1861.7623443603516 318.6544013825949 0.0 0.0 0.0 0.0
10200 2661.653007507324 814.3951873779297 184.99457515356988 1451.977653503418 1861.7623443603516 318.6544013825949 0.0 0.0 0.0 0.0
10217 2677.463310241699 794.6323089599609 183.47486310228436 1451.977653503418 1861.7623443603516 318.6544013825949 0.0 0.0 0.0 0.0
10233 2697.226005554199 778.8220672607422 183.87051497739316 1451.977653503418 1861.7623443603516 318.6544013825949 0.0 0.0 0.0 0.0
10250 2716.988945007324 759.0591888427734 183.30910811592904 1451.977653503418 1861.7623443603516 318.6544013825949 0.0 0.0 0.0 0.0
10267 2732.799247741699 743.2489471435547 182.9144668533219 1451.977653503418 1861.7623443603516 318.6544013825949 0.0 0.0 0.0 0.0
10283 2748.609550476074 731.3912200927734 183.48838677895515 1451.977653503418 1861.7623443603516 318.6544013825949 0.0 0.0 0.0 0.0
10300 2768.372245788574 719.5334930419922 184.80661440226422 1451.977653503418 1861.7623443603516 318.6544013825949 0.0 0.0 0.0 0.0
10317 2784.182548522949 703.7232513427734 184.23035514509417 1451.977653503418 1861.7623443603516 318.6544013825949 0.0 0.0 0.0 0.0
10333 2803.945487976074 691.8655242919922 185.45706722531008 1451.977653503418 1861.7623443603516 318.6544013825949 0.0 0.0 0.0 0.0
10350 2819.755790710449 683.9603729248047 186.73374332158014 1451.977653503418 1861.7623443603516 318.6544013825949 0.0 0.0 0.0 0.0
10367 2839.518486022949 680.0078582763672 189.65079124847213 1451.977653503418 1861.7623443603516 318.6544013825949 0.0 0.0 0.0 0.0
10384 2855.328788757324 672.1027069091797 190.51972699165734 1451.977653503418 1861.7623443603516 318.6544013825949 0.0 0.0 0.0 0.0
10400 2875.091728210449 664.1975555419922 191.99317043721248 1451.977653503418 1861.7623443603516 318.6544013825949 0.0 0.0 0.0 0.0
10417 2894.854423522949 652.3398284912109 192.25537074919143 1451.977653503418 1861.7623443603516 318.6544013825949 0.0 0.0 0.0 0.0
10433 2914.617362976074 640.4821624755859 192.48490209787542 1451.977653503418 1861.7623443603516 318.6544013825949 0.0 0.0 0.0 0.0
10450 2930.427665710449 636.5295867919922 194.16023407469424 1451.977653503418 1861.7623443603516 318.6544013825949 0.0 0.0 0.0 0.0
10467 2942.285331726074 628.6244354248047 193.93421627134168 1451.977653503418 1861.7623443603516 318.6544013825949 0.0 0.0 0.0 0.0