0 2350.0 1500.0 0 1650.0 1500.0 0 0.0 0.0 0.0 0.0
184 2350.0 1500.0 0 1650.0 1500.0 0 0.0 0.0 0.0 0.0
202 2350.0 1500.0 0 1650.0 1500.0 0 0.0 0.0 0.0 0.0
218 2350.0 1500.0 0 1650.0 1500.0 0 0.0 0.0 0.0 0.0
235 2350.0 1500.0 0 1650.0 1500.0 0 0.0 0.0 0.0 0.0
252 2350.0 1500.0 0 1650.0 1500.0 0 0.0 0.0 0.0 0.0
268 2350.0 1500.0 0 1650.0 1500.0 0 0.0 0.0 0.0 0.0
285 2350.0 1500.0 0 1650.0 1500.0 0 0.0 0.0 0.0 0.0
301 2357.905029296875 1500.0 359.7803269545499 1650.0 1500.0 0 0.0 0.0 0.0 0.0
318 2365.810302734375 1503.95263671875 1.5459196949771012 1650.0 1500.0 0 0.0 0.0 0.0 0.0
335 2373.71533203125 1503.95263671875 1.2198019287940554 1650.0 1500.0 0 0.0 0.0 0.0 0.0
351 2381.62060546875 1507.9051513671875 2.8820382685130426 1650.0 1500.0 0 0.0 0.0 0.0 0.0
368 2389.525634765625 1511.8577880859375 4.424083385961225 1650.0 1500.0 0 0.0 0.0 0.0 0.0
385 2397.430908203125 1511.8577880859375 3.9003452117159583 1650.0 1500.0 0 0.0 0.0 0.0 0.0
401 2405.3359375 1519.7628173828125 7.303886052152961 1650.0 1500.0 0 0.0 0.0 0.0 0.0
418 2409.28857421875 1519.7628173828125 6.930990362664332 1650.0 1500.0 0 0.0 0.0 0.0 0.0
435 2417.193603515625 1527.66796875 10.089700306024966 1650.0 1500.0 0 0.0 0.0 0.0 0.0
451 2425.098876953125 1531.62060546875 11.099308248430034 1650.0 1500.0 0 0.0 0.0 0.0 0.0
468 2433.00390625 1535.5731201171875 12.033155816343807 1650.0 1500.0 0 0.0 0.0 0.0 0.0
485 2440.9091796875 1543.478271484375 14.764569748814495 1650.0 1500.0 0 0.0 0.0 0.0 0.0
517 2448.814208984375 1551.3834228515625 17.260302876653057 1650.0 1500.0 0 0.0 0.0 0.0 0.0
535 2464.62451171875 1567.1937255859375 21.44385695808802 1650.0 1500.0 0 0.0 0.0 0.0 0.0
536 2464.62451171875 1567.1937255859375 21.443857448186108 1650.0 1500.0 0 0.0 0.0 0.0 0.0
552 2468.5771484375 1575.098876953125 24.23579701248127 1650.0 1500.0 0 0.0 0.0 0.0 0.0
568 2472.529541015625 1586.95654296875 28.540238064680054 1650.0 1500.0 0 0.0 0.0 0.0 0.0
585 2480.434814453125 1594.8616943359375 29.79103629530553 1650.0 1500.0 0 0.0 0.0 0.0 0.0
601 2488.33984375 1602.766845703125 30.925309685876613 1650.0 1500.0 0 0.0 0.0 0.0 0.0
618 2496.2451171875 1614.62451171875 33.49693883738962 1650.0 1500.0 0 0.0 0.0 0.0 0.0
635 2504.150146484375 1618.5771484375 32.726068012992755 1650.0 1500.0 0 0.0 0.0 0.0 0.0
651 2512.055419921875 1626.482177734375 33.58534348706431 1650.0 1500.0 0 0.0 0.0 0.0 0.0
668 2523.9130859375 1634.3873291015625 33.222452264405604 1650.0 1500.0 0 0.0 0.0 0.0 0.0
685 2531.818115234375 1638.3399658203125 32.4723598250452 1650.0 1500.0 0 0.0 0.0 0.0 0.0
701 2535.770751953125 1646.2451171875 34.53239879459943 1650.0 1500.0 0 0.0 0.0 0.0 0.0
718 2543.67578125 1650.1976318359375 33.68336650097646 1650.0 1500.0 0 0.0 0.0 0.0 0.0
751 2551.5810546875 1658.102783203125 34.45268238494708 1650.0 1500.0 0 0.0 0.0 0.0 0.0
768 2563.438720703125 1666.0079345703125 33.987619225420445 1650.0 1500.0 0 0.0 0.0 0.0 0.0
785 2567.391357421875 1669.96044921875 34.376197724061214 1650.0 1500.0 0 0.0 0.0 0.0 0.0
802 2575.29638671875 1673.9130859375 33.538943464941 1650.0 1500.0 0 0.0 0.0 0.0 0.0
818 2579.2490234375 1677.8656005859375 33.94969401661862 1650.0 1500.0 0 0.0 0.0 0.0 0.0
835 2587.154052734375 1677.8656005859375 31.53112428373072 1650.0 1500.0 0 0.0 0.0 0.0 0.0
851 2595.059326171875 1681.8182373046875 30.909123085721845 1650.0 1500.0 0 0.0 0.0 0.0 0.0
868 2599.011962890625 1685.770751953125 31.449183397552815 1650.0 1500.0 0 0.0 0.0 0.0 0.0
885 2606.9169921875 1685.770751953125 29.176164477331653 1650.0 1500.0 0 0.0 0.0 0.0 0.0
901 2614.822265625 1689.723388671875 28.733279347864908 1650.0 1500.0 0 0.0 0.0 0.0 0.0
918 2618.774658203125 1693.6759033203125 29.37975117234771 1650.0 1500.0 0 0.0 0.0 0.0 0.0
935 2626.679931640625 1693.6759033203125 27.229857668480392 1650.0 1500.0 0 0.0 0.0 0.0 0.0
951 2630.63232421875 1697.6285400390625 27.949329761142195 1650.0 1500.0 0 0.0 0.0 0.0 0.0
968 2634.5849609375 1697.6285400390625 26.88560209152064 1650.0 1500.0 0 0.0 0.0 0.0 0.0
985 2634.5849609375 1701.5810546875 28.688491412611 1650.0 1500.0 0 0.0 0.0 0.0 0.0
1001 2634.5849609375 1705.5335693359375 30.455948114215857 1650.0 1500.0 0 0.0 0.0 0.0 0.0
1051 2634.5849609375 1713.438720703125 33.84700460556596 1650.0 1500.0 0 0.0 0.0 0.0 0.0
1052 2634.5849609375 1713.438720703125 33.84703620372139 1650.0 1500.0 0 0.0 0.0 0.0 0.0
1068 2634.5849609375 1721.3438720703125 37.087893731289086 1650.0 1500.0 0 0.0 0.0 0.0 0.0
1085 2630.63232421875 1725.2965087890625 40.089967338880314 1650.0 1500.0 0 0.0 0.0 0.0 0.0
1101 2626.679931640625 1729.2490234375 43.09251502092576 1650.0 1500.0 0 0.0 0.0 0.0 0.0
1118 2618.774658203125 1733.20166015625 47.731334798693524 1650.0 1500.0 0 0.0 0.0 0.0 0.0
1135 2614.822265625 1737.1541748046875 50.69852228581152 1650.0 1500.0 0 0.0 0.0 0.0 0.0
1151 2606.9169921875 1741.106689453125 55.43373821499179 1650.0 1500.0 0 0.0 0.0 0.0 0.0
1168 2599.011962890625 1745.059326171875 60.185631722241055 1650.0 1500.0 0 0.0 0.0 0.0 0.0
1185 2587.154052734375 1745.059326171875 66.15517274769076 1650.0 1500.0 0 0.0 0.0 0.0 0.0
1201 2579.2490234375 1749.0118408203125 70.82612757699582 1650.0 1500.0 0 0.0 0.0 0.0 0.0
1218 2563.438720703125 1749.0118408203125 79.27410898401084 1650.0 1500.0 0 0.0 0.0 0.0 0.0
1235 2547.62841796875 1749.0118408203125 87.79516120209462 1650.0 1500.0 0 0.0 0.0 0.0 0.0
1251 2531.818115234375 1749.0118408203125 96.20250164756692 1650.0 1500.0 0 0.0 0.0 0.0 0.0
1268 2516.0078125 1749.0118408203125 104.32706402876221 1650.0 1500.0 0 0.0 0.0 0.0 0.0
1285 2504.150146484375 1749.0118408203125 110.1830303164524 1650.0 1500.0 0 0.0 0.0 0.0 0.0
1301 2496.2451171875 1745.059326171875 114.93319622013476 1650.0 1500.0 0 0.0 0.0 0.0 0.0
1318 2488.33984375 1741.106689453125 119.65673804492815 1650.0 1500.0 0 0.0 0.0 0.0 0.0
1335 2484.387451171875 1737.1541748046875 122.62134999862724 1650.0 1500.0 0 0.0 0.0 0.0 0.0
1351 2480.434814453125 1733.20166015625 125.60704883378651 1650.0 1500.0 0 0.0 0.0 0.0 0.0
1368 2476.482177734375 1729.2490234375 128.60570974709785 1650.0 1500.0 0 0.0 0.0 0.0 0.0
1517 2484.387451171875 1729.2490234375 125.2796608066869 1650.0 1500.0 0 0.0 0.0 0.0 0.0
1535 2500.19775390625 1729.2490234375 117.99580550589968 1650.0 1500.0 0 0.0 0.0 0.0 0.0
1552 2512.055419921875 1729.2490234375 112.2345050689604 1650.0 1500.0 0 0.0 0.0 0.0 0.0
1568 2527.86572265625 1725.2965087890625 104.79247274251946 1650.0 1500.0 0 0.0 0.0 0.0 0.0
1585 2539.723388671875 1721.3438720703125 99.00651799239768 1650.0 1500.0 0 0.0 0.0 0.0 0.0
1601 2551.5810546875 1717.391357421875 92.88698586679033 1650.0 1500.0 0 0.0 0.0 0.0 0.0
1618 2567.391357421875 1713.438720703125 84.27812160577167 1650.0 1500.0 0 0.0 0.0 0.0 0.0
1635 2575.29638671875 1709.4862060546875 79.80074128650818 1650.0 1500.0 0 0.0 0.0 0.0 0.0
1651 2583.20166015625 1705.5335693359375 75.21011821283784 1650.0 1500.0 0 0.0 0.0 0.0 0.0
1668 2587.154052734375 1701.5810546875 72.63120896988738 1650.0 1500.0 0 0.0 0.0 0.0 0.0
1685 2591.106689453125 1697.6285400390625 69.9838878911155 1650.0 1500.0 0 0.0 0.0 0.0 0.0
1701 2591.106689453125 1693.6759033203125 69.34663684017369 1650.0 1500.0 0 0.0 0.0 0.0 0.0
1718 2591.106689453125 1689.723388671875 68.68612499601505 1650.0 1500.0 0 0.0 0.0 0.0 0.0
1735 2591.106689453125 1685.770751953125 68.00159336522506 1650.0 1500.0 0 0.0 0.0 0.0 0.0
1751 2591.106689453125 1681.8182373046875 67.29224406904541 1650.0 1500.0 0 0.0 0.0 0.0 0.0
1768 2591.106689453125 1677.8656005859375 66.5572773704537 1650.0 1500.0 0 0.0 0.0 0.0 0.0
1817 2591.106689453125 1673.9130859375 65.79594912017711 1650.0 1500.0 0 0.0 0.0 0.0 0.0
1835 2591.106689453125 1669.96044921875 65.00738647446502 1650.0 1500.0 0 0.0 0.0 0.0 0.0
1868 2591.106689453125 1666.0079345703125 64.19086175669918 1650.0 1500.0 0 0.0 0.0 0.0 0.0
1885 2587.154052734375 1666.0079345703125 66.17775689559522 1650.0 1500.0 0 0.0 0.0 0.0 0.0
2151 2583.20166015625 1666.0079345703125 68.1896984521903 1650.0 1500.0 0 0.0 0.0 0.0 0.0
2168 2579.2490234375 1662.0552978515625 69.58879996813485 1650.0 1500.0 0 0.0 0.0 0.0 0.0
2217 2579.2490234375 1658.102783203125 68.93713227359976 1650.0 1500.0 0 0.0 0.0 0.0 0.0
2235 2575.29638671875 1654.1502685546875 70.37246247803472 1650.0 1500.0 0 0.0 0.0 0.0 0.0
2251 2571.343994140625 1654.1502685546875 72.42897500284954 1650.0 1500.0 0 0.0 0.0 0.0 0.0
2268 2567.391357421875 1654.1502685546875 74.50338797664665 1650.0 1500.0 0 0.0 0.0 0.0 0.0
2318 2563.438720703125 1650.1976318359375 76.19903444004467 1650.0 1500.0 0 0.0 0.0 0.0 0.0