0 2000.0 1500.0 0 0.0 0.0 0.0 0.0 0.0 0.0 0.0
152 2000.0 1497.5703125 359.99071589846693 0.0 0.0 0.0 0.0 0.0 0.0 0.0
168 2000.0 1495.1407470703125 359.9815240423816 0.0 0.0 0.0 0.0 0.0 0.0 0.0
216 2000.0 1492.711181640625 359.9724398392034 0.0 0.0 0.0 0.0 0.0 0.0 0.0
264 2002.4296875 1492.711181640625 0.5154009794196242 0.0 0.0 0.0 0.0 0.0 0.0 0.0
312 2004.8592529296875 1492.711181640625 1.0581867678985901 0.0 0.0 0.0 0.0 0.0 0.0 0.0
536 2007.288818359375 1492.711181640625 1.6007583785556534 0.0 0.0 0.0 0.0 0.0 0.0 0.0
544 2009.718505859375 1492.711181640625 2.143110000649969 0.0 0.0 0.0 0.0 0.0 0.0 0.0
568 2012.1480712890625 1492.711181640625 2.6851271347997 0.0 0.0 0.0 0.0 0.0 0.0 0.0
600 2014.5777587890625 1492.711181640625 3.2268025872685655 0.0 0.0 0.0 0.0 0.0 0.0 0.0
616 2017.00732421875 1492.711181640625 3.768049157297071 0.0 0.0 0.0 0.0 0.0 0.0 0.0
624 2019.4368896484375 1492.711181640625 4.308856660906329 0.0 0.0 0.0 0.0 0.0 0.0 0.0
649 2021.8665771484375 1492.711181640625 4.849194434932727 0.0 0.0 0.0 0.0 0.0 0.0 0.0
672 2024.296142578125 1492.711181640625 5.388970082877634 0.0 0.0 0.0 0.0 0.0 0.0 0.0
680 2026.7257080078125 1492.711181640625 5.928150669760129 0.0 0.0 0.0 0.0 0.0 0.0 0.0
690 2026.7257080078125 1495.1407470703125 5.994191046803337 0.0 0.0 0.0 0.0 0.0 0.0 0.0
708 2031.5849609375 1497.5703125 7.146460176850354 0.0 0.0 0.0 0.0 0.0 0.0 0.0
724 2036.4442138671875 1497.5703125 8.21878517955112 0.0 0.0 0.0 0.0 0.0 0.0 0.0
741 2041.303466796875 1500.0 9.385188425113071 0.0 0.0 0.0 0.0 0.0 0.0 0.0
758 2043.733154296875 1500.0 9.918524037027268 0.0 0.0 0.0 0.0 0.0 0.0 0.0
774 2046.16259765625 1500.0 10.450845546183245 0.0 0.0 0.0 0.0 0.0 0.0 0.0
791 2048.59228515625 1500.0 10.98218367645022 0.0 0.0 0.0 0.0 0.0 0.0 0.0
808 2051.02197265625 1500.0 11.51244578478422 0.0 0.0 0.0 0.0 0.0 0.0 0.0
824 2053.451416015625 1500.0 12.041566369041874 0.0 0.0 0.0 0.0 0.0 0.0 0.0
841 2055.881103515625 1502.4295654296875 12.69782101806203 0.0 0.0 0.0 0.0 0.0 0.0 0.0
858 2058.310791015625 1502.4295654296875 13.224351373506494 0.0 0.0 0.0 0.0 0.0 0.0 0.0
874 2060.740234375 1504.859130859375 13.888704240174619 0.0 0.0 0.0 0.0 0.0 0.0 0.0
896 2063.169921875 1504.859130859375 14.412348530348382 0.0 0.0 0.0 0.0 0.0 0.0 0.0
907 2065.599609375 1507.288818359375 15.084646095244793 0.0 0.0 0.0 0.0 0.0 0.0 0.0
924 2068.029052734375 1507.288818359375 15.605134325075497 0.0 0.0 0.0 0.0 0.0 0.0 0.0
941 2070.458740234375 1507.288818359375 16.12425120867637 0.0 0.0 0.0 0.0 0.0 0.0 0.0
958 2077.74755859375 1509.7183837890625 17.841982034628884 0.0 0.0 0.0 0.0 0.0 0.0 0.0
975 2080.17724609375 1512.1480712890625 18.53543383608769 0.0 0.0 0.0 0.0 0.0 0.0 0.0
991 2085.036376953125 1512.1480712890625 19.552667292741546 0.0 0.0 0.0 0.0 0.0 0.0 0.0
1008 2087.466064453125 1514.57763671875 20.25570753695804 0.0 0.0 0.0 0.0 0.0 0.0 0.0
1025 2094.7548828125 1514.57763671875 21.758535650184598 0.0 0.0 0.0 0.0 0.0 0.0 0.0
1041 2099.614013671875 1517.0072021484375 22.971820509237062 0.0 0.0 0.0 0.0 0.0 0.0 0.0
1058 2104.473388671875 1519.4368896484375 24.186054357325574 0.0 0.0 0.0 0.0 0.0 0.0 0.0
1075 2109.33251953125 1519.4368896484375 25.161156687997604 0.0 0.0 0.0 0.0 0.0 0.0 0.0
1091 2116.621337890625 1519.4368896484375 26.605346947338667 0.0 0.0 0.0 0.0 0.0 0.0 0.0
1108 2121.48046875 1521.866455078125 27.8189533099917 0.0 0.0 0.0 0.0 0.0 0.0 0.0
1125 2128.76953125 1524.2960205078125 29.498894630017112 0.0 0.0 0.0 0.0 0.0 0.0 0.0
1141 2138.48779296875 1524.2960205078125 31.33502867705375 0.0 0.0 0.0 0.0 0.0 0.0 0.0
1158 2145.776611328125 1526.7257080078125 32.989969512616746 0.0 0.0 0.0 0.0 0.0 0.0 0.0
1175 2157.9248046875 1531.5849609375 35.81626497399602 0.0 0.0 0.0 0.0 0.0 0.0 0.0
1191 2167.643310546875 1534.0145263671875 37.84952294542335 0.0 0.0 0.0 0.0 0.0 0.0 0.0
1208 2177.361572265625 1536.444091796875 39.848704028254794 0.0 0.0 0.0 0.0 0.0 0.0 0.0
1225 2194.368896484375 1543.73291015625 43.70038071248746 0.0 0.0 0.0 0.0 0.0 0.0 0.0
1241 2204.08740234375 1546.16259765625 45.588536774192335 0.0 0.0 0.0 0.0 0.0 0.0 0.0
1258 2216.2353515625 1551.0218505859375 48.18673740207472 0.0 0.0 0.0 0.0 0.0 0.0 0.0
1275 2225.953857421875 1553.451416015625 49.977130506314346 0.0 0.0 0.0 0.0 0.0 0.0 0.0
1291 2233.24267578125 1558.3106689453125 51.82764883072194 0.0 0.0 0.0 0.0 0.0 0.0 0.0
1308 2238.101806640625 1560.740234375 52.906593696654 0.0 0.0 0.0 0.0 0.0 0.0 0.0
1325 2242.961181640625 1563.1697998046875 53.975001529001624 0.0 0.0 0.0 0.0 0.0 0.0 0.0
1342 2245.390625 1565.5994873046875 54.72972026949488 0.0 0.0 0.0 0.0 0.0 0.0 0.0
1358 2250.25 1568.029052734375 55.7793854900272 0.0 0.0 0.0 0.0 0.0 0.0 0.0
1375 2257.538818359375 1572.8883056640625 57.55657123020398 0.0 0.0 0.0 0.0 0.0 0.0 0.0
1392 2264.82763671875 1577.74755859375 59.30775673249861 0.0 0.0 0.0 0.0 0.0 0.0 0.0
1408 2272.116455078125 1585.036376953125 61.50600671256306 0.0 0.0 0.0 0.0 0.0 0.0 0.0
1425 2284.264404296875 1597.1844482421875 65.09181660906658 0.0 0.0 0.0 0.0 0.0 0.0 0.0
1442 2291.553466796875 1604.4732666015625 67.2102931313314 0.0 0.0 0.0 0.0 0.0 0.0 0.0
1458 2298.84228515625 1611.7620849609375 69.29432964536089 0.0 0.0 0.0 0.0 0.0 0.0 0.0
1475 2306.131103515625 1616.621337890625 70.83484630321135 0.0 0.0 0.0 0.0 0.0 0.0 0.0
1492 2310.990234375 1619.0509033203125 71.67696218331041 0.0 0.0 0.0 0.0 0.0 0.0 0.0
1508 2315.849365234375 1626.3397216796875 73.53740754381654 0.0 0.0 0.0 0.0 0.0 0.0 0.0
1525 2320.708740234375 1628.769287109375 74.3380160777121 0.0 0.0 0.0 0.0 0.0 0.0 0.0
1542 2325.56787109375 1636.0582275390625 76.16842638318526 0.0 0.0 0.0 0.0 0.0 0.0 0.0
1558 2330.427001953125 1640.9173583984375 77.45041527388845 0.0 0.0 0.0 0.0 0.0 0.0 0.0
1575 2335.286376953125 1645.776611328125 78.71347810580194 0.0 0.0 0.0 0.0 0.0 0.0 0.0
1592 2340.1455078125 1650.6358642578125 79.95723412209578 0.0 0.0 0.0 0.0 0.0 0.0 0.0
1608 2345.0048828125 1655.4951171875 81.18146276741513 0.0 0.0 0.0 0.0 0.0 0.0 0.0
1625 2349.864013671875 1662.783935546875 82.9172048879624 0.0 0.0 0.0 0.0 0.0 0.0 0.0
1642 2354.72314453125 1670.07275390625 84.62514690835684 0.0 0.0 0.0 0.0 0.0 0.0 0.0
1659 2359.58251953125 1674.9320068359375 85.7711534855651 0.0 0.0 0.0 0.0 0.0 0.0 0.0
1675 2362.011962890625 1679.7911376953125 86.87694549092564 0.0 0.0 0.0 0.0 0.0 0.0 0.0
1692 2364.441650390625 1682.2208251953125 87.43483677087437 0.0 0.0 0.0 0.0 0.0 0.0 0.0
1712 2366.871337890625 1682.2208251953125 87.44965066838367 0.0 0.0 0.0 0.0 0.0 0.0 0.0
1736 2366.871337890625 1684.650390625 87.99268514096902 0.0 0.0 0.0 0.0 0.0 0.0 0.0
1744 2366.871337890625 1687.0799560546875 88.53579125231809 0.0 0.0 0.0 0.0 0.0 0.0 0.0
1758 2369.30078125 1687.0799560546875 88.54026034205508 0.0 0.0 0.0 0.0 0.0 0.0 0.0
1774 2371.73046875 1689.5096435546875 89.082746189599 0.0 0.0 0.0 0.0 0.0 0.0 0.0
1793 2374.16015625 1694.3687744140625 90.15795067172111 0.0 0.0 0.0 0.0 0.0 0.0 0.0
1808 2376.58984375 1696.7984619140625 90.68500058246498 0.0 0.0 0.0 0.0 0.0 0.0 0.0
1824 2379.019287109375 1699.22802734375 91.20690667726427 0.0 0.0 0.0 0.0 0.0 0.0 0.0
2192 2376.58984375 1699.22802734375 91.22790650845795 0.0 0.0 0.0 0.0 0.0 0.0 0.0
2209 2374.16015625 1694.3687744140625 90.1526097653639 0.0 0.0 0.0 0.0 0.0 0.0 0.0
2226 2371.73046875 1689.5096435546875 89.06684895162005 0.0 0.0 0.0 0.0 0.0 0.0 0.0
2242 2366.871337890625 1682.2208251953125 87.40748088459254 0.0 0.0 0.0 0.0 0.0 0.0 0.0
2259 2362.011962890625 1677.361572265625 86.27043002456016 0.0 0.0 0.0 0.0 0.0 0.0 0.0
2276 2354.72314453125 1670.07275390625 84.51814189592375 0.0 0.0 0.0 0.0 0.0 0.0 0.0
2292 2347.434326171875 1665.2135009765625 83.27433799961022 0.0 0.0 0.0 0.0 0.0 0.0 0.0
2309 2342.5751953125 1660.354248046875 82.06457495578252 0.0 0.0 0.0 0.0 0.0 0.0 0.0
2326 2335.286376953125 1655.4951171875 80.75552164578393 0.0 0.0 0.0 0.0 0.0 0.0 0.0
2344 2332.856689453125 1650.6358642578125 79.59495094626791 0.0 0.0 0.0 0.0 0.0 0.0 0.0
2359 2327.99755859375 1648.2061767578125 78.8689851958052 0.0 0.0 0.0 0.0 0.0 0.0 0.0
2377 2323.13818359375 1643.3470458984375 77.58904794636996 0.0 0.0 0.0 0.0 0.0 0.0 0.0
2394 2320.708740234375 1640.9173583984375 76.94434676033593 0.0 0.0 0.0 0.0 0.0 0.0 0.0
2409 2318.279052734375 1638.48779296875 76.29497143686672 0.0 0.0 0.0 0.0 0.0 0.0 0.0
2426 2313.419921875 1636.0582275390625 75.5133002096895 0.0 0.0 0.0 0.0 0.0 0.0 0.0
2443 2308.560546875 1631.198974609375 74.18511097304322 0.0 0.0 0.0 0.0 0.0 0.0 0.0
2459 2303.701416015625 1628.769287109375 73.36916397692329 0.0 0.0 0.0 0.0 0.0 0.0 0.0
2476 2301.271728515625 1623.91015625 72.17207389376517 0.0 0.0 0.0 0.0 0.0 0.0 0.0
2496 2293.98291015625 1621.48046875 71.15543630006134 0.0 0.0 0.0 0.0 0.0 0.0 0.0
2513 2291.553466796875 1619.0509033203125 70.46777524790134 0.0 0.0 0.0 0.0 0.0 0.0 0.0
2526 2286.694091796875 1616.621337890625 69.59437073738751 0.0 0.0 0.0 0.0 0.0 0.0 0.0
2543 2281.8349609375 1611.7620849609375 68.19281694064756 0.0 0.0 0.0 0.0 0.0 0.0 0.0
2559 2276.9755859375 1609.3323974609375 67.28612154946734 0.0 0.0 0.0 0.0 0.0 0.0 0.0
2576 2272.116455078125 1606.90283203125 66.36662588006818 0.0 0.0 0.0 0.0 0.0 0.0 0.0
2593 2262.39794921875 1599.614013671875 63.97014776335273 0.0 0.0 0.0 0.0 0.0 0.0 0.0
2609 2259.968505859375 1597.1844482421875 63.24492015607953 0.0 0.0 0.0 0.0 0.0 0.0 0.0
2626 2252.6796875 1592.3251953125 61.52907552133214 0.0 0.0 0.0 0.0 0.0 0.0 0.0
2643 2247.8203125 1587.4659423828125 60.052508261717364 0.0 0.0 0.0 0.0 0.0 0.0 0.0
2659 2240.531494140625 1585.036376953125 58.762417825309754 0.0 0.0 0.0 0.0 0.0 0.0 0.0
2676 2233.24267578125 1582.606689453125 57.44660408368571 0.0 0.0 0.0 0.0 0.0 0.0 0.0
2693 2225.953857421875 1577.74755859375 55.64292964513745 0.0 0.0 0.0 0.0 0.0 0.0 0.0
2710 2218.6650390625 1570.458740234375 53.36869271357954 0.0 0.0 0.0 0.0 0.0 0.0 0.0
2726 2208.946533203125 1563.1697998046875 50.74294376283265 0.0 0.0 0.0 0.0 0.0 0.0 0.0
2743 2199.22802734375 1555.8809814453125 48.087730118477054 0.0 0.0 0.0 0.0 0.0 0.0 0.0
2760 2189.509765625 1548.5921630859375 45.408602753313325 0.0 0.0 0.0 0.0 0.0 0.0 0.0
2776 2179.791259765625 1541.3033447265625 42.711247626757995 0.0 0.0 0.0 0.0 0.0 0.0 0.0
2793 2167.643310546875 1531.5849609375 39.23272110380504 0.0 0.0 0.0 0.0 0.0 0.0 0.0
2810 2157.9248046875 1526.7257080078125 36.8499440258614 0.0 0.0 0.0 0.0 0.0 0.0 0.0
2826 2150.635986328125 1519.4368896484375 34.576225632661256 0.0 0.0 0.0 0.0 0.0 0.0 0.0
2843 2143.34716796875 1514.57763671875 32.6175691794988 0.0 0.0 0.0 0.0 0.0 0.0 0.0
2860 2136.058349609375 1509.7183837890625 30.66016163465335 0.0 0.0 0.0 0.0 0.0 0.0 0.0
2876 2131.198974609375 1507.288818359375 29.44835681455428 0.0 0.0 0.0 0.0 0.0 0.0 0.0
2893 2126.33984375 1504.859130859375 28.23511389328864 0.0 0.0 0.0 0.0 0.0 0.0 0.0
2910 2121.48046875 1500.0 26.767784191912277 0.0 0.0 0.0 0.0 0.0 0.0 0.0
2926 2114.191650390625 1495.1407470703125 24.8276099014343 0.0 0.0 0.0 0.0 0.0 0.0 0.0
2943 2109.33251953125 1492.711181640625 23.613782734969092 0.0 0.0 0.0 0.0 0.0 0.0 0.0
2960 2102.043701171875 1487.8519287109375 21.691183622107644 0.0 0.0 0.0 0.0 0.0 0.0 0.0
2976 2094.7548828125 1482.99267578125 19.7821219937951 0.0 0.0 0.0 0.0 0.0 0.0 0.0
2993 2080.17724609375 1475.703857421875 16.185175435363007 0.0 0.0 0.0 0.0 0.0 0.0 0.0
3010 2075.31787109375 1473.2742919921875 14.991242956245458 0.0 0.0 0.0 0.0 0.0 0.0 0.0
3027 2070.458740234375 1470.8446044921875 13.802258162622522 0.0 0.0 0.0 0.0 0.0 0.0 0.0
3104 2068.029052734375 1470.8446044921875 13.275856425075517 0.0 0.0 0.0 0.0 0.0 0.0 0.0
3121 2065.599609375 1470.8446044921875 12.748286318144679 0.0 0.0 0.0 0.0 0.0 0.0 0.0
3128 2065.599609375 1468.4150390625 12.620483015698198 0.0 0.0 0.0 0.0 0.0 0.0 0.0
3143 2063.169921875 1468.4150390625 12.09143380580845 0.0 0.0 0.0 0.0 0.0 0.0 0.0
3160 2060.740234375 1468.4150390625 11.561265884544511 0.0 0.0 0.0 0.0 0.0 0.0 0.0
3177 2053.451416015625 1465.9853515625 9.858526638110988 0.0 0.0 0.0 0.0 0.0 0.0 0.0
3193 2048.59228515625 1465.9853515625 8.787993297395488 0.0 0.0 0.0 0.0 0.0 0.0 0.0
3210 2046.16259765625 1465.9853515625 8.251889758191439 0.0 0.0 0.0 0.0 0.0 0.0 0.0
3227 2046.16259765625 1463.5557861328125 8.165481549968504 0.0 0.0 0.0 0.0 0.0 0.0 0.0
3264 2043.733154296875 1463.5557861328125 7.628506263213836 0.0 0.0 0.0 0.0 0.0 0.0 0.0
3312 2041.303466796875 1463.5557861328125 7.090753073915394 0.0 0.0 0.0 0.0 0.0 0.0 0.0
3328 2038.873779296875 1463.5557861328125 6.552294178520555 0.0 0.0 0.0 0.0 0.0 0.0 0.0
3345 2036.4442138671875 1463.5557861328125 6.013221426213661 0.0 0.0 0.0 0.0 0.0 0.0 0.0
3360 2034.0146484375 1463.5557861328125 5.473542139487762 0.0 0.0 0.0 0.0 0.0 0.0 0.0
3377 2029.1553955078125 1463.5557861328125 4.3920139184522355 0.0 0.0 0.0 0.0 0.0 0.0 0.0
3408 2026.7257080078125 1463.5557861328125 3.85079364415607 0.0 0.0 0.0 0.0 0.0 0.0 0.0
3536 2024.296142578125 1463.5557861328125 3.3092081938644924 0.0 0.0 0.0 0.0 0.0 0.0 0.0
3576 2021.8665771484375 1463.5557861328125 2.7672539167749193 0.0 0.0 0.0 0.0 0.0 0.0 0.0
3592 2019.4368896484375 1463.5557861328125 2.22496652324989 0.0 0.0 0.0 0.0 0.0 0.0 0.0
3600 2017.00732421875 1463.5557861328125 1.6824356406561805 0.0 0.0 0.0 0.0 0.0 0.0 0.0
3616 2014.5777587890625 1463.5557861328125 1.139695727244245 0.0 0.0 0.0 0.0 0.0 0.0 0.0
3633 2012.1480712890625 1463.5557861328125 0.5967516909714163 0.0 0.0 0.0 0.0 0.0 0.0 0.0
3648 2007.288818359375 1463.5557861328125 359.51046932544114 0.0 0.0 0.0 0.0 0.0 0.0 0.0
3660 2007.288818359375 1461.126220703125 359.5057737577586 0.0 0.0 0.0 0.0 0.0 0.0 0.0
3677 2004.8592529296875 1461.126220703125 358.96264156924553 0.0 0.0 0.0 0.0 0.0 0.0 0.0
3694 2002.4296875 1461.126220703125 358.41954657403176 0.0 0.0 0.0 0.0 0.0 0.0 0.0
3720 2000.0 1461.126220703125 357.8764961099812 0.0 0.0 0.0 0.0 0.0 0.0 0.0