0 2000.0 1500.0 0 0.0 0.0 0.0 0.0 0.0 0.0 0.0
135 2003.5687255859375 1496.43115234375 -0.02864923219424753 0.0 0.0 0.0 0.0 0.0 0.0 0.0
144 2010.706298828125 1489.2935791015625 -0.07725729109701263 0.0 0.0 0.0 0.0 0.0 0.0 0.0
151 2032.119140625 1467.8807373046875 -0.17290307702786123 0.0 0.0 0.0 0.0 0.0 0.0 0.0
158 2053.531982421875 1446.4677734375 -0.23570245114952826 0.0 0.0 0.0 0.0 0.0 0.0 0.0
167 2074.94482421875 1421.4862060546875 -1.8763562152179887 0.0 0.0 0.0 0.0 0.0 0.0 0.0
174 2114.201904296875 1400.0733642578125 5.935844965117759 0.0 0.0 0.0 0.0 0.0 0.0 0.0
183 2171.302734375 1375.0916748046875 13.768980341701514 0.0 0.0 0.0 0.0 0.0 0.0 0.0
191 2224.8349609375 1350.1099853515625 16.733409610604717 0.0 0.0 0.0 0.0 0.0 0.0 0.0
199 2285.504638671875 1325.1282958984375 19.67702205503945 0.0 0.0 0.0 0.0 0.0 0.0 0.0
207 2353.31201171875 1300.146728515625 22.314764976089116 0.0 0.0 0.0 0.0 0.0 0.0 0.0
215 2421.119384765625 1275.1650390625 23.48547859850438 0.0 0.0 0.0 0.0 0.0 0.0 0.0
223 2488.9267578125 1257.3209228515625 27.005719103090307 0.0 0.0 0.0 0.0 0.0 0.0 0.0
231 2542.458984375 1250.183349609375 31.862156105338237 0.0 0.0 0.0 0.0 0.0 0.0 0.0
239 2581.7158203125 1239.4769287109375 30.839582035300914 0.0 0.0 0.0 0.0 0.0 0.0 0.0
247 2620.97265625 1232.33935546875 32.27077734030579 0.0 0.0 0.0 0.0 0.0 0.0 0.0
255 2628.1103515625 1232.33935546875 33.62599808939624 0.0 0.0 0.0 0.0 0.0 0.0 0.0
263 2638.816650390625 1232.33935546875 35.344828427820694 0.0 0.0 0.0 0.0 0.0 0.0 0.0
287 2642.385498046875 1235.9080810546875 39.21210328515067 0.0 0.0 0.0 0.0 0.0 0.0 0.0
295 2649.523193359375 1239.4769287109375 42.96582180065368 0.0 0.0 0.0 0.0 0.0 0.0 0.0
303 2656.66064453125 1243.0457763671875 46.30558857642317 0.0 0.0 0.0 0.0 0.0 0.0 0.0
311 2663.79833984375 1246.614501953125 49.26855769439414 0.0 0.0 0.0 0.0 0.0 0.0 0.0
319 2674.5048828125 1257.3209228515625 57.33376890632125 0.0 0.0 0.0 0.0 0.0 0.0 0.0
327 2678.07373046875 1260.8897705078125 59.82731279396145 0.0 0.0 0.0 0.0 0.0 0.0 0.0
335 2692.348876953125 1275.1650390625 67.43070338157122 0.0 0.0 0.0 0.0 0.0 0.0 0.0
342 2695.917724609375 1278.7337646484375 69.1833753415975 0.0 0.0 0.0 0.0 0.0 0.0 0.0
351 2706.6240234375 1293.009033203125 75.82369250289676 0.0 0.0 0.0 0.0 0.0 0.0 0.0
358 2717.33056640625 1303.7154541015625 78.6842541299811 0.0 0.0 0.0 0.0 0.0 0.0 0.0
367 2735.174560546875 1317.99072265625 79.99486397919023 0.0 0.0 0.0 0.0 0.0 0.0 0.0
374 2745.880859375 1332.2659912109375 84.16829365453145 0.0 0.0 0.0 0.0 0.0 0.0 0.0
383 2767.2939453125 1346.5411376953125 82.36944081899148 0.0 0.0 0.0 0.0 0.0 0.0 0.0
391 2785.137939453125 1360.81640625 82.63479250863344 0.0 0.0 0.0 0.0 0.0 0.0 0.0
399 2817.257080078125 1375.0916748046875 77.3318228646776 0.0 0.0 0.0 0.0 0.0 0.0 0.0
407 2849.37646484375 1389.366943359375 74.03053106313831 0.0 0.0 0.0 0.0 0.0 0.0 0.0
415 2885.064453125 1389.366943359375 62.87249653499354 0.0 0.0 0.0 0.0 0.0 0.0 0.0
435 2988.56005859375 1403.64208984375 56.18481762402828 0.0 0.0 0.0 0.0 0.0 0.0 0.0
440 3049.229736328125 1410.77978515625 53.70059347512967 0.0 0.0 0.0 0.0 0.0 0.0 0.0
446 3109.8994140625 1410.77978515625 49.05828851484038 0.0 0.0 0.0 0.0 0.0 0.0 0.0
456 3170.569091796875 1410.77978515625 46.79590167912773 0.0 0.0 0.0 0.0 0.0 0.0 0.0
463 3216.963623046875 1421.4862060546875 51.69764072256118 0.0 0.0 0.0 0.0 0.0 0.0 0.0
472 3277.633544921875 1428.623779296875 51.521257511157835 0.0 0.0 0.0 0.0 0.0 0.0 0.0
479 3309.752685546875 1428.623779296875 49.062975055943234 0.0 0.0 0.0 0.0 0.0 0.0 0.0
486 3341.8720703125 1435.7613525390625 52.0072016150987 0.0 0.0 0.0 0.0 0.0 0.0 0.0
494 3356.147216796875 1442.8990478515625 56.13411060850502 0.0 0.0 0.0 0.0 0.0 0.0 0.0
503 3359.716064453125 1446.4677734375 58.71179288341926 0.0 0.0 0.0 0.0 0.0 0.0 0.0
511 3363.284912109375 1450.03662109375 61.10738944578501 0.0 0.0 0.0 0.0 0.0 0.0 0.0
534 3370.422607421875 1457.1741943359375 65.25171856185005 0.0 0.0 0.0 0.0 0.0 0.0 0.0
543 3377.56005859375 1467.8807373046875 71.5413123871605 0.0 0.0 0.0 0.0 0.0 0.0 0.0
551 3381.12890625 1478.587158203125 78.42580568175677 0.0 0.0 0.0 0.0 0.0 0.0 0.0
559 3395.404052734375 1496.43115234375 83.38375649248005 0.0 0.0 0.0 0.0 0.0 0.0 0.0
567 3409.679443359375 1517.843994140625 88.78167557958841 0.0 0.0 0.0 0.0 0.0 0.0 0.0
575 3427.5234375 1546.3944091796875 93.88066494129328 0.0 0.0 0.0 0.0 0.0 0.0 0.0
583 3441.798583984375 1574.9449462890625 98.92935425469008 0.0 0.0 0.0 0.0 0.0 0.0 0.0
591 3463.21142578125 1607.064208984375 99.74138262468179 0.0 0.0 0.0 0.0 0.0 0.0 0.0
599 3481.0556640625 1639.1834716796875 102.01669642798288 0.0 0.0 0.0 0.0 0.0 0.0 0.0
607 3495.330810546875 1664.1651611328125 102.97618477587108 0.0 0.0 0.0 0.0 0.0 0.0 0.0
615 3509.60595703125 1689.1468505859375 103.6164266453122 0.0 0.0 0.0 0.0 0.0 0.0 0.0
623 3538.156494140625 1724.8349609375 100.24356856241184 0.0 0.0 0.0 0.0 0.0 0.0 0.0
631 3559.5693359375 1753.3853759765625 99.30007800125685 0.0 0.0 0.0 0.0 0.0 0.0 0.0
641 3580.982177734375 1771.2293701171875 94.47512190315103 0.0 0.0 0.0 0.0 0.0 0.0 0.0
647 3580.982177734375 1785.504638671875 102.12117200973555 0.0 0.0 0.0 0.0 0.0 0.0 0.0
703 3580.982177734375 1792.6422119140625 105.56849036758533 0.0 0.0 0.0 0.0 0.0 0.0 0.0
719 3591.688720703125 1814.05517578125 106.30487240601542 0.0 0.0 0.0 0.0 0.0 0.0 0.0
727 3591.688720703125 1824.7615966796875 110.63590350209031 0.0 0.0 0.0 0.0 0.0 0.0 0.0
735 3588.119873046875 1849.7431640625 120.27381495436106 0.0 0.0 0.0 0.0 0.0 0.0 0.0
767 3584.551025390625 1860.4495849609375 125.47511673506989 0.0 0.0 0.0 0.0 0.0 0.0 0.0
775 3584.551025390625 1874.724853515625 127.29045459470547 0.0 0.0 0.0 0.0 0.0 0.0 0.0
786 3584.551025390625 1881.862548828125 128.09871476091715 0.0 0.0 0.0 0.0 0.0 0.0 0.0
791 3580.982177734375 1889.0001220703125 131.97316471121172 0.0 0.0 0.0 0.0 0.0 0.0 0.0
802 3577.413330078125 1896.1376953125 135.42330980132704 0.0 0.0 0.0 0.0 0.0 0.0 0.0
807 3573.844482421875 1899.70654296875 138.70971730681396 0.0 0.0 0.0 0.0 0.0 0.0 0.0
815 3570.27587890625 1906.8441162109375 141.39721919957054 0.0 0.0 0.0 0.0 0.0 0.0 0.0
823 3570.27587890625 1910.4129638671875 141.0045901253836 0.0 0.0 0.0 0.0 0.0 0.0 0.0
831 3570.27587890625 1921.119384765625 140.01010976907884 0.0 0.0 0.0 0.0 0.0 0.0 0.0
838 3570.27587890625 1935.3946533203125 138.9465540638845 0.0 0.0 0.0 0.0 0.0 0.0 0.0
847 3570.27587890625 1949.6697998046875 138.093672017723 0.0 0.0 0.0 0.0 0.0 0.0 0.0
863 3577.413330078125 1996.0643310546875 132.62487320593544 0.0 0.0 0.0 0.0 0.0 0.0 0.0
871 3584.551025390625 2035.3212890625 129.23866841221138 0.0 0.0 0.0 0.0 0.0 0.0 0.0
879 3584.551025390625 2071.0093994140625 131.3045522121257 0.0 0.0 0.0 0.0 0.0 0.0 0.0
887 3584.551025390625 2099.559814453125 132.41032658094468 0.0 0.0 0.0 0.0 0.0 0.0 0.0
895 3584.551025390625 2120.97265625 133.0151216130159 0.0 0.0 0.0 0.0 0.0 0.0 0.0
904 3570.27587890625 2145.954345703125 143.3369955315614 0.0 0.0 0.0 0.0 0.0 0.0 0.0
911 3556.00048828125 2167.3671875 150.98316968042988 0.0 0.0 0.0 0.0 0.0 0.0 0.0
921 3541.725341796875 2185.211181640625 157.26643168987346 0.0 0.0 0.0 0.0 0.0 0.0 0.0
927 3534.587646484375 2185.211181640625 163.4886544128742 0.0 0.0 0.0 0.0 0.0 0.0 0.0
937 3520.3125 2188.780029296875 172.53830168691053 0.0 0.0 0.0 0.0 0.0 0.0 0.0
943 3509.60595703125 2188.780029296875 180.02869896364464 0.0 0.0 0.0 0.0 0.0 0.0 0.0
954 3498.899658203125 2188.780029296875 186.59702565453983 0.0 0.0 0.0 0.0 0.0 0.0 0.0
959 3484.624267578125 2188.780029296875 193.87125426852623 0.0 0.0 0.0 0.0 0.0 0.0 0.0
967 3463.21142578125 2188.780029296875 202.06554454342591 0.0 0.0 0.0 0.0 0.0 0.0 0.0
974 3445.367431640625 2188.780029296875 207.34395720194283 0.0 0.0 0.0 0.0 0.0 0.0 0.0
983 3427.5234375 2195.917724609375 206.21966186536744 0.0 0.0 0.0 0.0 0.0 0.0 0.0
991 3406.110595703125 2199.486572265625 208.6670520232315 0.0 0.0 0.0 0.0 0.0 0.0 0.0
999 3388.2666015625 2210.19287109375 204.7099049480697 0.0 0.0 0.0 0.0 0.0 0.0 0.0
1007 3373.9912109375 2217.33056640625 203.274523699746 0.0 0.0 0.0 0.0 0.0 0.0 0.0
1015 3352.578369140625 2224.468017578125 204.1000618269334 0.0 0.0 0.0 0.0 0.0 0.0 0.0
1022 3331.16552734375 2242.312255859375 197.85314481406215 0.0 0.0 0.0 0.0 0.0 0.0 0.0
1031 3309.752685546875 2260.15625 193.6221079819813 0.0 0.0 0.0 0.0 0.0 0.0 0.0
1039 3295.4775390625 2288.706787109375 182.1929641537131 0.0 0.0 0.0 0.0 0.0 0.0 0.0
1047 3281.202392578125 2310.11962890625 177.92876710294178 0.0 0.0 0.0 0.0 0.0 0.0 0.0
1067 3266.927001953125 2352.9453125 167.04367752827162 0.0 0.0 0.0 0.0 0.0 0.0 0.0
1072 3256.220703125 2374.358154296875 165.3334003431135 0.0 0.0 0.0 0.0 0.0 0.0 0.0
1078 3252.65185546875 2388.63330078125 161.97171936998961 0.0 0.0 0.0 0.0 0.0 0.0 0.0
1086 3241.9453125 2410.046142578125 161.74827078242458 0.0 0.0 0.0 0.0 0.0 0.0 0.0
1095 3234.807861328125 2413.614990234375 165.96560916057177 0.0 0.0 0.0 0.0 0.0 0.0 0.0
1104 3234.807861328125 2420.752685546875 162.63629803511742 0.0 0.0 0.0 0.0 0.0 0.0 0.0
1111 3231.239013671875 2427.89013671875 162.46313486368777 0.0 0.0 0.0 0.0 0.0 0.0 0.0
1121 3231.239013671875 2438.5966796875 158.20804586846543 0.0 0.0 0.0 0.0 0.0 0.0 0.0
1127 3227.670166015625 2445.734375 158.57276115779445 0.0 0.0 0.0 0.0 0.0 0.0 0.0
1137 3227.670166015625 2456.440673828125 154.89027118823753 0.0 0.0 0.0 0.0 0.0 0.0 0.0
1145 3227.670166015625 2460.009521484375 153.73098890987313 0.0 0.0 0.0 0.0 0.0 0.0 0.0
1154 3227.670166015625 2470.7158203125 150.7753120589079 0.0 0.0 0.0 0.0 0.0 0.0 0.0
1159 3227.670166015625 2481.42236328125 148.26937832527037 0.0 0.0 0.0 0.0 0.0 0.0 0.0
1171 3227.670166015625 2492.128662109375 146.14823612597462 0.0 0.0 0.0 0.0 0.0 0.0 0.0
1175 3220.532470703125 2502.835205078125 150.1420359689148 0.0 0.0 0.0 0.0 0.0 0.0 0.0
1183 3220.532470703125 2509.972900390625 148.45012190224378 0.0 0.0 0.0 0.0 0.0 0.0 0.0
1190 3220.532470703125 2520.67919921875 146.30114785983505 0.0 0.0 0.0 0.0 0.0 0.0 0.0
1199 3216.963623046875 2531.3857421875 147.4088382029806 0.0 0.0 0.0 0.0 0.0 0.0 0.0
1206 3213.39501953125 2538.523193359375 149.07516530151963 0.0 0.0 0.0 0.0 0.0 0.0 0.0
1215 3209.826171875 2552.798583984375 148.9951869743243 0.0 0.0 0.0 0.0 0.0 0.0 0.0
1222 3202.6884765625 2559.93603515625 153.42883420832942 0.0 0.0 0.0 0.0 0.0 0.0 0.0
1231 3199.11962890625 2567.07373046875 154.37252096502937 0.0 0.0 0.0 0.0 0.0 0.0 0.0
1238 3195.55078125 2574.21142578125 155.20215204183765 0.0 0.0 0.0 0.0 0.0 0.0 0.0
1247 3191.982177734375 2584.917724609375 154.85479781782217 0.0 0.0 0.0 0.0 0.0 0.0 0.0
1262 3181.275634765625 2595.624267578125 159.9337773473026 0.0 0.0 0.0 0.0 0.0 0.0 0.0
1271 3174.137939453125 2602.761962890625 162.8345827722727 0.0 0.0 0.0 0.0 0.0 0.0 0.0
1279 3167.00048828125 2609.8994140625 165.31653791600797 0.0 0.0 0.0 0.0 0.0 0.0 0.0
1287 3163.431640625 2613.46826171875 166.46005315397343 0.0 0.0 0.0 0.0 0.0 0.0 0.0
1294 3156.2939453125 2624.1748046875 166.80187020880396 0.0 0.0 0.0 0.0 0.0 0.0 0.0
1304 3149.15625 2624.1748046875 172.41497581064584 0.0 0.0 0.0 0.0 0.0 0.0 0.0
1311 3142.018798828125 2627.743408203125 175.46436766449534 0.0 0.0 0.0 0.0 0.0 0.0 0.0
1321 3124.1748046875 2631.312255859375 184.27761403142716 0.0 0.0 0.0 0.0 0.0 0.0 0.0
1327 3099.193115234375 2642.018798828125 189.75584623066754 0.0 0.0 0.0 0.0 0.0 0.0 0.0
1337 3074.21142578125 2645.587646484375 197.81738208258471 0.0 0.0 0.0 0.0 0.0 0.0 0.0
1343 3045.660888671875 2645.587646484375 206.62466546855046 0.0 0.0 0.0 0.0 0.0 0.0 0.0
1365 2992.128662109375 2652.72509765625 211.66535863699647 0.0 0.0 0.0 0.0 0.0 0.0 0.0
1368 2956.440673828125 2659.86279296875 212.31123528155973 0.0 0.0 0.0 0.0 0.0 0.0 0.0
1380 2924.321533203125 2667.00048828125 212.24021947254465 0.0 0.0 0.0 0.0 0.0 0.0 0.0
1383 2892.2021484375 2667.00048828125 216.6704783161709 0.0 0.0 0.0 0.0 0.0 0.0 0.0
1391 2863.651611328125 2667.00048828125 219.30866814662272 0.0 0.0 0.0 0.0 0.0 0.0 0.0
1398 2831.532470703125 2667.00048828125 221.21665764939678 0.0 0.0 0.0 0.0 0.0 0.0 0.0
1406 2802.98193359375 2667.00048828125 222.35149823620162 0.0 0.0 0.0 0.0 0.0 0.0 0.0
1415 2774.431396484375 2667.00048828125 223.1107309409701 0.0 0.0 0.0 0.0 0.0 0.0 0.0
1423 2745.880859375 2667.00048828125 223.6186071688989 0.0 0.0 0.0 0.0 0.0 0.0 0.0
1431 2720.8994140625 2667.00048828125 223.92873059478808 0.0 0.0 0.0 0.0 0.0 0.0 0.0
1438 2699.486572265625 2667.00048828125 224.12263718931894 0.0 0.0 0.0 0.0 0.0 0.0 0.0
1447 2678.07373046875 2667.00048828125 224.26394840822087 0.0 0.0 0.0 0.0 0.0 0.0 0.0
1455 2649.523193359375 2667.00048828125 224.39004979981132 0.0 0.0 0.0 0.0 0.0 0.0 0.0
1463 2620.97265625 2667.00048828125 224.47440064936376 0.0 0.0 0.0 0.0 0.0 0.0 0.0
1471 2599.559814453125 2667.00048828125 224.52055978880156 0.0 0.0 0.0 0.0 0.0 0.0 0.0
1479 2578.14697265625 2667.00048828125 224.55416119313702 0.0 0.0 0.0 0.0 0.0 0.0 0.0
1487 2556.734130859375 2667.00048828125 224.57874303325315 0.0 0.0 0.0 0.0 0.0 0.0 0.0
1495 2542.458984375 2667.00048828125 224.5918158234059 0.0 0.0 0.0 0.0 0.0 0.0 0.0
1504 2528.18359375 2667.00048828125 224.6023130040423 0.0 0.0 0.0 0.0 0.0 0.0 0.0
1511 2521.046142578125 2667.00048828125 224.60690439112528 0.0 0.0 0.0 0.0 0.0 0.0 0.0
1521 2517.477294921875 2667.00048828125 224.60903066243537 0.0 0.0 0.0 0.0 0.0 0.0 0.0
1527 2506.770751953125 2667.00048828125 224.61461334015542 0.0 0.0 0.0 0.0 0.0 0.0 0.0
1537 2499.633056640625 2667.00048828125 224.61791000212264 0.0 0.0 0.0 0.0 0.0 0.0 0.0
1543 2492.49560546875 2670.569091796875 221.46991843524478 0.0 0.0 0.0 0.0 0.0 0.0 0.0
1554 2485.35791015625 2674.137939453125 218.68002063016104 0.0 0.0 0.0 0.0 0.0 0.0 0.0
1558 2471.082763671875 2677.706787109375 217.04200522734317 0.0 0.0 0.0 0.0 0.0 0.0 0.0
1567 2460.376220703125 2684.844482421875 212.37013587313237 0.0 0.0 0.0 0.0 0.0 0.0 0.0
1575 2446.10107421875 2691.982177734375 209.28744004553684 0.0 0.0 0.0 0.0 0.0 0.0 0.0
1583 2428.257080078125 2695.55078125 210.25800195484433 0.0 0.0 0.0 0.0 0.0 0.0 0.0
1590 2403.275390625 2709.826171875 205.160601988643 0.0 0.0 0.0 0.0 0.0 0.0 0.0
1599 2378.293701171875 2716.963623046875 206.25944235593747 0.0 0.0 0.0 0.0 0.0 0.0 0.0
1606 2353.31201171875 2720.532470703125 209.37598852132282 0.0 0.0 0.0 0.0 0.0 0.0 0.0
1615 2321.192626953125 2731.239013671875 208.20510313918697 0.0 0.0 0.0 0.0 0.0 0.0 0.0
1623 2296.211181640625 2738.37646484375 208.35869767702863 0.0 0.0 0.0 0.0 0.0 0.0 0.0
1631 2267.66064453125 2741.9453125 211.40460583591891 0.0 0.0 0.0 0.0 0.0 0.0 0.0
1638 2242.678955078125 2749.0830078125 210.5645525826532 0.0 0.0 0.0 0.0 0.0 0.0 0.0
1647 2214.12841796875 2756.220703125 210.57939312775176 0.0 0.0 0.0 0.0 0.0 0.0 0.0
1655 2192.715576171875 2763.358154296875 209.3511132231604 0.0 0.0 0.0 0.0 0.0 0.0 0.0
1663 2171.302734375 2770.495849609375 208.46780886631421 0.0 0.0 0.0 0.0 0.0 0.0 0.0
1680 2135.61474609375 2777.633544921875 210.35032674399196 0.0 0.0 0.0 0.0 0.0 0.0 0.0
1686 2114.201904296875 2784.77099609375 209.18635926069808 0.0 0.0 0.0 0.0 0.0 0.0 0.0
1694 2092.7890625 2791.90869140625 208.34939246194796 0.0 0.0 0.0 0.0 0.0 0.0 0.0
1703 2071.376220703125 2799.04638671875 207.74771552328232 0.0 0.0 0.0 0.0 0.0 0.0 0.0
1710 2049.96337890625 2802.615234375 209.7786874848377 0.0 0.0 0.0 0.0 0.0 0.0 0.0
1720 2028.550537109375 2802.615234375 213.78796787750503 0.0 0.0 0.0 0.0 0.0 0.0 0.0
1727 2000.0 2820.459228515625 206.02351957276377 0.0 0.0 0.0 0.0 0.0 0.0 0.0
1737 1960.7430419921875 2820.459228515625 213.54916174191948 0.0 0.0 0.0 0.0 0.0 0.0 0.0
1743 1921.4862060546875 2824.028076171875 215.9442760582195 0.0 0.0 0.0 0.0 0.0 0.0 0.0
1754 1878.660400390625 2831.16552734375 215.61725208809878 0.0 0.0 0.0 0.0 0.0 0.0 0.0
1759 1839.403564453125 2831.16552734375 219.27135555977526 0.0 0.0 0.0 0.0 0.0 0.0 0.0
1771 1793.009033203125 2841.8720703125 215.8257113718925 0.0 0.0 0.0 0.0 0.0 0.0 0.0
1775 1757.3209228515625 2841.8720703125 219.19456766778154 0.0 0.0 0.0 0.0 0.0 0.0 0.0
1782 1718.0640869140625 2841.8720703125 221.40134024571114 0.0 0.0 0.0 0.0 0.0 0.0 0.0
1791 1682.3759765625 2841.8720703125 222.6409009623212 0.0 0.0 0.0 0.0 0.0 0.0 0.0
1799 1639.55029296875 2841.8720703125 223.49479610982115 0.0 0.0 0.0 0.0 0.0 0.0 0.0
1806 1593.15576171875 2841.8720703125 224.00751558963162 0.0 0.0 0.0 0.0 0.0 0.0 0.0
1815 1550.330078125 2841.8720703125 224.27913233370685 0.0 0.0 0.0 0.0 0.0 0.0 0.0
1822 1511.0731201171875 2841.8720703125 224.42728514374295 0.0 0.0 0.0 0.0 0.0 0.0 0.0
1830 1464.6785888671875 2834.734375 228.44805819604932 0.0 0.0 0.0 0.0 0.0 0.0 0.0
1839 1418.2841796875 2824.028076171875 232.6032431982964 0.0 0.0 0.0 0.0 0.0 0.0 0.0
1847 1371.8896484375 2813.321533203125 234.88040484257618 0.0 0.0 0.0 0.0 0.0 0.0 0.0
1863 1264.8253173828125 2784.77099609375 237.9689814355179 0.0 0.0 0.0 0.0 0.0 0.0 0.0
1874 1218.430908203125 2777.633544921875 235.91511371561722 0.0 0.0 0.0 0.0 0.0 0.0 0.0
1880 1164.898681640625 2766.927001953125 235.93446358907505 0.0 0.0 0.0 0.0 0.0 0.0 0.0
1891 1118.504150390625 2749.0830078125 240.44546275291344 0.0 0.0 0.0 0.0 0.0 0.0 0.0
1897 1072.1097412109375 2724.101318359375 246.41182471171322 0.0 0.0 0.0 0.0 0.0 0.0 0.0
1905 1025.7152099609375 2706.25732421875 246.07418399911802 0.0 0.0 0.0 0.0 0.0 0.0 0.0
1911 993.595947265625 2699.11962890625 242.84366234807004 0.0 0.0 0.0 0.0 0.0 0.0 0.0
1921 972.1830444335938 2688.413330078125 245.29488094371084 0.0 0.0 0.0 0.0 0.0 0.0 0.0
1927 947.2013549804688 2677.706787109375 246.11113451829175 0.0 0.0 0.0 0.0 0.0 0.0 0.0
1937 940.0637817382812 2677.706787109375 243.7858826476923 0.0 0.0 0.0 0.0 0.0 0.0 0.0
1942 932.9261474609375 2677.706787109375 241.70556344203465 0.0 0.0 0.0 0.0 0.0 0.0 0.0
1951 925.7885131835938 2677.706787109375 239.846318217768 0.0 0.0 0.0 0.0 0.0 0.0 0.0
1958 922.2197265625 2677.706787109375 238.96930697206648 0.0 0.0 0.0 0.0 0.0 0.0 0.0
1967 915.0820922851562 2677.706787109375 237.40351572207368 0.0 0.0 0.0 0.0 0.0 0.0 0.0
1983 904.3756713867188 2677.706787109375 235.41570507559015 0.0 0.0 0.0 0.0 0.0 0.0 0.0
1990 897.238037109375 2677.706787109375 234.23465318667996 0.0 0.0 0.0 0.0 0.0 0.0 0.0
1999 886.5316162109375 2681.275634765625 229.75263287108146 0.0 0.0 0.0 0.0 0.0 0.0 0.0
2006 879.39404296875 2684.844482421875 226.0342697548819 0.0 0.0 0.0 0.0 0.0 0.0 0.0
2015 872.2564086914062 2688.413330078125 222.72691154977798 0.0 0.0 0.0 0.0 0.0 0.0 0.0
2023 861.5499877929688 2691.982177734375 220.04530382347178 0.0 0.0 0.0 0.0 0.0 0.0 0.0
2031 850.8435668945312 2695.55078125 217.79408038365057 0.0 0.0 0.0 0.0 0.0 0.0 0.0
2038 843.7059326171875 2695.55078125 218.5472001067787 0.0 0.0 0.0 0.0 0.0 0.0 0.0
2047 836.5682983398438 2702.6884765625 213.02270959052345 0.0 0.0 0.0 0.0 0.0 0.0 0.0
2054 825.8618774414062 2702.6884765625 214.83480073573304 0.0 0.0 0.0 0.0 0.0 0.0 0.0
2063 818.7242431640625 2706.25732421875 212.81800109155756 0.0 0.0 0.0 0.0 0.0 0.0 0.0
2071 804.4490356445312 2706.25732421875 215.15613975544335 0.0 0.0 0.0 0.0 0.0 0.0 0.0
2079 800.8802490234375 2706.25732421875 215.70689698792256 0.0 0.0 0.0 0.0 0.0 0.0 0.0
2087 790.173828125 2706.25732421875 217.1028615990469 0.0 0.0 0.0 0.0 0.0 0.0 0.0
2095 783.0361938476562 2706.25732421875 217.93167221129562 0.0 0.0 0.0 0.0 0.0 0.0 0.0
2103 765.192138671875 2699.11962890625 224.9455604334077 0.0 0.0 0.0 0.0 0.0 0.0 0.0
2111 740.2105102539062 2688.413330078125 232.23064914730577 0.0 0.0 0.0 0.0 0.0 0.0 0.0
2120 708.0911865234375 2674.137939453125 238.41849541809216 0.0 0.0 0.0 0.0 0.0 0.0 0.0
2126 650.990234375 2649.15625 243.53744189902346 0.0 0.0 0.0 0.0 0.0 0.0 0.0
2137 597.4581298828125 2624.1748046875 246.63598790511998 0.0 0.0 0.0 0.0 0.0 0.0 0.0
2144 529.6507568359375 2592.055419921875 248.53289987829265 0.0 0.0 0.0 0.0 0.0 0.0 0.0
2154 476.11865234375 2559.93603515625 252.21070313698056 0.0 0.0 0.0 0.0 0.0 0.0 0.0
2158 415.4488830566406 2527.81689453125 252.3907526578729 0.0 0.0 0.0 0.0 0.0 0.0 0.0
2166 361.916748046875 2495.697509765625 254.06333228925024 0.0 0.0 0.0 0.0 0.0 0.0 0.0
2174 315.5222473144531 2463.578369140625 256.6725184395823 0.0 0.0 0.0 0.0 0.0 0.0 0.0
2182 276.2653503417969 2431.458984375 260.0699404021447 0.0 0.0 0.0 0.0 0.0 0.0 0.0
2190 244.14605712890625 2399.33984375 264.286764212617 0.0 0.0 0.0 0.0 0.0 0.0 0.0
2198 226.30203247070312 2385.064453125 264.0081658115401 0.0 0.0 0.0 0.0 0.0 0.0 0.0
2206 212.02679443359375 2367.220458984375 267.39881714249503 0.0 0.0 0.0 0.0 0.0 0.0 0.0
2215 204.88917541503906 2352.9453125 271.83729978822794 0.0 0.0 0.0 0.0 0.0 0.0 0.0
2223 201.3203582763672 2338.669921875 277.56733367300575 0.0 0.0 0.0 0.0 0.0 0.0 0.0
2230 194.18275451660156 2324.394775390625 279.8398474367886 0.0 0.0 0.0 0.0 0.0 0.0 0.0
2238 190.6139373779297 2310.11962890625 284.0168639307779 0.0 0.0 0.0 0.0 0.0 0.0 0.0
2247 183.476318359375 2306.55078125 280.1754096248829 0.0 0.0 0.0 0.0 0.0 0.0 0.0
2254 183.476318359375 2299.4130859375 283.8115600266029 0.0 0.0 0.0 0.0 0.0 0.0 0.0
2262 179.9075164794922 2292.275390625 284.3300270143814 0.0 0.0 0.0 0.0 0.0 0.0 0.0
2270 179.9075164794922 2288.706787109375 286.0279179472956 0.0 0.0 0.0 0.0 0.0 0.0 0.0
2279 176.3386993408203 2278.000244140625 287.6890715444512 0.0 0.0 0.0 0.0 0.0 0.0 0.0
2300 172.7698974609375 2260.15625 291.42262393661167 0.0 0.0 0.0 0.0 0.0 0.0 0.0
2303 172.7698974609375 2242.312255859375 296.8479108916008 0.0 0.0 0.0 0.0 0.0 0.0 0.0
2313 165.6322784423828 2228.036865234375 294.951064350955 0.0 0.0 0.0 0.0 0.0 0.0 0.0
2319 162.0634765625 2217.33056640625 295.15700564681293 0.0 0.0 0.0 0.0 0.0 0.0 0.0
2326 158.49465942382812 2199.486572265625 297.1155404279047 0.0 0.0 0.0 0.0 0.0 0.0 0.0
2338 154.9258575439453 2181.642333984375 298.60588752257854 0.0 0.0 0.0 0.0 0.0 0.0 0.0
2343 144.21942138671875 2153.092041015625 297.0441486956633 0.0 0.0 0.0 0.0 0.0 0.0 0.0
2353 144.21942138671875 2128.1103515625 302.3398307583206 0.0 0.0 0.0 0.0 0.0 0.0 0.0
2359 144.21942138671875 2103.128662109375 306.05048347505056 0.0 0.0 0.0 0.0 0.0 0.0 0.0
2370 144.21942138671875 2078.14697265625 308.644999345087 0.0 0.0 0.0 0.0 0.0 0.0 0.0
2375 144.21942138671875 2053.165283203125 310.4572330748295 0.0 0.0 0.0 0.0 0.0 0.0 0.0
2387 144.21942138671875 2024.6148681640625 311.8433975539262 0.0 0.0 0.0 0.0 0.0 0.0 0.0
2390 144.21942138671875 1999.6331787109375 312.6898973732526 0.0 0.0 0.0 0.0 0.0 0.0 0.0
2399 144.21942138671875 1971.082763671875 313.3371258800629 0.0 0.0 0.0 0.0 0.0 0.0 0.0
2406 144.21942138671875 1946.10107421875 313.73232501687943 0.0 0.0 0.0 0.0 0.0 0.0 0.0
2415 144.21942138671875 1917.550537109375 314.0344486035135 0.0 0.0 0.0 0.0 0.0 0.0 0.0
2422 154.9258575439453 1889.0001220703125 -38.68004602577874 0.0 0.0 0.0 0.0 0.0 0.0 0.0
2431 154.9258575439453 1874.724853515625 -40.00278733066752 0.0 0.0 0.0 0.0 0.0 0.0 0.0
2438 162.0634765625 1846.1744384765625 -37.07156464279982 0.0 0.0 0.0 0.0 0.0 0.0 0.0
2447 169.20108032226562 1824.7615966796875 -34.22130138494149 0.0 0.0 0.0 0.0 0.0 0.0 0.0
2454 176.3386993408203 1810.486328125 -30.89508276145785 0.0 0.0 0.0 0.0 0.0 0.0 0.0
2462 176.3386993408203 1796.2110595703125 -33.74885998440303 0.0 0.0 0.0 0.0 0.0 0.0 0.0
2470 176.3386993408203 1789.073486328125 -35.02076141615097 0.0 0.0 0.0 0.0 0.0 0.0 0.0
2479 179.9075164794922 1778.3670654296875 -33.69774587489896 0.0 0.0 0.0 0.0 0.0 0.0 0.0
2487 183.476318359375 1771.2293701171875 -31.899684212086974 0.0 0.0 0.0 0.0 0.0 0.0 0.0
2495 183.476318359375 1760.52294921875 -33.99485282463281 0.0 0.0 0.0 0.0 0.0 0.0 0.0
2503 183.476318359375 1753.3853759765625 -35.240048646099474 0.0 0.0 0.0 0.0 0.0 0.0 0.0
2511 183.476318359375 1739.110107421875 -37.24160911773726 0.0 0.0 0.0 0.0 0.0 0.0 0.0
2520 183.476318359375 1728.4036865234375 -38.50928967836004 0.0 0.0 0.0 0.0 0.0 0.0 0.0
2527 183.476318359375 1710.5596923828125 -40.125101119825835 0.0 0.0 0.0 0.0 0.0 0.0 0.0
2537 183.476318359375 1699.853271484375 -40.9431849683096 0.0 0.0 0.0 0.0 0.0 0.0 0.0
2542 183.476318359375 1678.4404296875 -42.137168444627 0.0 0.0 0.0 0.0 0.0 0.0 0.0
2551 183.476318359375 1653.458740234375 -43.10949076598332 0.0 0.0 0.0 0.0 0.0 0.0 0.0
2558 183.476318359375 1632.0458984375 -43.71736492084633 0.0 0.0 0.0 0.0 0.0 0.0 0.0
2567 183.476318359375 1607.064208984375 -44.212277903658254 0.0 0.0 0.0 0.0 0.0 0.0 0.0
2574 183.476318359375 1578.5137939453125 -44.59063300741912 0.0 0.0 0.0 0.0 0.0 0.0 0.0
2583 183.476318359375 1553.5321044921875 -44.82165411558379 0.0 0.0 0.0 0.0 0.0 0.0 0.0
2590 183.476318359375 1528.5504150390625 -44.98286202548335 0.0 0.0 0.0 0.0 0.0 0.0 0.0
2599 183.476318359375 1496.43115234375 -45.11599666125185 0.0 0.0 0.0 0.0 0.0 0.0 0.0
2615 162.0634765625 1435.7613525390625 304.5026391724358 0.0 0.0 0.0 0.0 0.0 0.0 0.0
2622 162.0634765625 1400.0733642578125 308.3761519156074 0.0 0.0 0.0 0.0 0.0 0.0 0.0
2630 151.35704040527344 1367.9539794921875 303.8820357945182 0.0 0.0 0.0 0.0 0.0 0.0 0.0
2638 144.21942138671875 1339.403564453125 302.77633113029117 0.0 0.0 0.0 0.0 0.0 0.0 0.0
2647 137.08180236816406 1307.2843017578125 302.5365257584538 0.0 0.0 0.0 0.0 0.0 0.0 0.0
2654 126.37538146972656 1278.7337646484375 299.61743087599046 0.0 0.0 0.0 0.0 0.0 0.0 0.0
2663 119.23776245117188 1250.183349609375 299.95226446554244 0.0 0.0 0.0 0.0 0.0 0.0 0.0
2671 112.10014343261719 1235.9080810546875 297.38750164145546 0.0 0.0 0.0 0.0 0.0 0.0 0.0
2679 104.9625244140625 1221.6329345703125 295.3742748958758 0.0 0.0 0.0 0.0 0.0 0.0 0.0
2695 101.39372253417969 1207.357666015625 296.4374207217771 0.0 0.0 0.0 0.0 0.0 0.0 0.0
2704 97.82490539550781 1200.219970703125 295.4241457869916 0.0 0.0 0.0 0.0 0.0 0.0 0.0
2711 90.68730163574219 1193.0823974609375 291.6627283415484 0.0 0.0 0.0 0.0 0.0 0.0 0.0
2720 83.54967498779297 1182.3759765625 289.71569368205775 0.0 0.0 0.0 0.0 0.0 0.0 0.0
2727 79.98086547851562 1160.963134765625 293.9277665299683 0.0 0.0 0.0 0.0 0.0 0.0 0.0
2737 72.84325408935547 1150.2567138671875 291.5722498370923 0.0 0.0 0.0 0.0 0.0 0.0 0.0
2743 69.27444458007812 1139.55029296875 292.3306365542216 0.0 0.0 0.0 0.0 0.0 0.0 0.0
2753 65.70563507080078 1125.2750244140625 294.0103111567458 0.0 0.0 0.0 0.0 0.0 0.0 0.0
2758 58.568016052246094 1103.8621826171875 294.62887326089293 0.0 0.0 0.0 0.0 0.0 0.0 0.0
2770 51.430397033691406 1078.8804931640625 295.8926663479426 0.0 0.0 0.0 0.0 0.0 0.0 0.0
2774 44.29277801513672 1053.8988647460938 296.764192665697 0.0 0.0 0.0 0.0 0.0 0.0 0.0
2787 40.723976135253906 1028.917236328125 299.7277044963384 0.0 0.0 0.0 0.0 0.0 0.0 0.0
2790 33.58635711669922 1003.935546875 299.40839813400834 0.0 0.0 0.0 0.0 0.0 0.0 0.0
2799 26.44873809814453 978.953857421875 299.18825496954275 0.0 0.0 0.0 0.0 0.0 0.0 0.0
2807 19.311119079589844 946.8345947265625 300.2516077515957 0.0 0.0 0.0 0.0 0.0 0.0 0.0
2815 19.311119079589844 914.71533203125 305.3895506901049 0.0 0.0 0.0 0.0 0.0 0.0 0.0
2822 12.173503875732422 879.0272216796875 304.59475583494947 0.0 0.0 0.0 0.0 0.0 0.0 0.0
2830 12.173503875732422 843.3391723632812 308.43314718229766 0.0 0.0 0.0 0.0 0.0 0.0 0.0
2838 8.604694366455078 807.6510620117188 308.6252719822131 0.0 0.0 0.0 0.0 0.0 0.0 0.0
2846 8.604694366455078 771.9629516601562 310.925418604723 0.0 0.0 0.0 0.0 0.0 0.0 0.0
2855 8.604694366455078 736.27490234375 312.34688865702833 0.0 0.0 0.0 0.0 0.0 0.0 0.0
2863 8.604694366455078 707.7244262695312 313.10765891510357 0.0 0.0 0.0 0.0 0.0 0.0 0.0
2871 8.604694366455078 679.1739501953125 313.6165901972144 0.0 0.0 0.0 0.0 0.0 0.0 0.0
2879 8.604694366455078 661.3298950195312 313.8595140050227 0.0 0.0 0.0 0.0 0.0 0.0 0.0
2888 8.604694366455078 647.0546875 314.0153234681135 0.0 0.0 0.0 0.0 0.0 0.0 0.0
2895 8.604694366455078 639.9170532226562 314.084642083321 0.0 0.0 0.0 0.0 0.0 0.0 0.0
2915 12.173503875732422 614.9354248046875 -43.273353973434574 0.0 0.0 0.0 0.0 0.0 0.0 0.0
2920 19.311119079589844 600.66015625 -38.03972075300732 0.0 0.0 0.0 0.0 0.0 0.0 0.0
2926 26.44873809814453 589.9537353515625 -33.318399441871655 0.0 0.0 0.0 0.0 0.0 0.0 0.0
2937 37.15516662597656 579.247314453125 -26.64281039244417 0.0 0.0 0.0 0.0 0.0 0.0 0.0
2943 51.430397033691406 564.9720458984375 -19.914313462399143 0.0 0.0 0.0 0.0 0.0 0.0 0.0
2951 65.70563507080078 550.6968383789062 -14.879065523566219 0.0 0.0 0.0 0.0 0.0 0.0 0.0
2958 76.41206359863281 539.9904174804688 -11.874400110996874 0.0 0.0 0.0 0.0 0.0 0.0 0.0
2967 90.68730163574219 525.7151794433594 -8.895268987927004 0.0 0.0 0.0 0.0 0.0 0.0 0.0
2974 104.9625244140625 511.43994140625 -6.684201058996855 0.0 0.0 0.0 0.0 0.0 0.0 0.0
2983 119.23776245117188 497.1647033691406 -5.0445960696612175 0.0 0.0 0.0 0.0 0.0 0.0 0.0
2990 133.51300048828125 482.88946533203125 -3.829346439437657 0.0 0.0 0.0 0.0 0.0 0.0 0.0
2998 137.08180236816406 479.3206787109375 -3.5499580604934025 0.0 0.0 0.0 0.0 0.0 0.0 0.0
3006 140.65061950683594 475.7518615722656 -3.2930160018934984 0.0 0.0 0.0 0.0 0.0 0.0 0.0
3015 144.21942138671875 472.18304443359375 -3.05674446618179 0.0 0.0 0.0 0.0 0.0 0.0 0.0
3022 151.35704040527344 468.6142272949219 -0.5268876398315925 0.0 0.0 0.0 0.0 0.0 0.0 0.0
3031 154.9258575439453 465.0454406738281 -0.5130562250977633 0.0 0.0 0.0 0.0 0.0 0.0 0.0
3046 162.0634765625 461.47662353515625 1.720079965806761 0.0 0.0 0.0 0.0 0.0 0.0 0.0
3054 165.6322784423828 461.47662353515625 4.0283064113745155 0.0 0.0 0.0 0.0 0.0 0.0 0.0
3068 169.20108032226562 461.47662353515625 6.231320080579337 0.0 0.0 0.0 0.0 0.0 0.0 0.0
3071 179.9075164794922 461.47662353515625 11.980445807753746 0.0 0.0 0.0 0.0 0.0 0.0 0.0
3082 187.04513549804688 457.9078063964844 12.720756969621014 0.0 0.0 0.0 0.0 0.0 0.0 0.0
3102 197.75155639648438 457.9078063964844 17.56721769682897 0.0 0.0 0.0 0.0 0.0 0.0 0.0
3103 208.45797729492188 457.9078063964844 21.714143438698578 0.0 0.0 0.0 0.0 0.0 0.0 0.0
3133 226.30203247070312 454.3389892578125 24.493369035884534 0.0 0.0 0.0 0.0 0.0 0.0 0.0
3136 237.00845336914062 454.3389892578125 27.61022061794116 0.0 0.0 0.0 0.0 0.0 0.0 0.0
3165 261.9901123046875 454.3389892578125 32.73699441384509 0.0 0.0 0.0 0.0 0.0 0.0 0.0
3167 301.24700927734375 454.3389892578125 37.55520590189952 0.0 0.0 0.0 0.0 0.0 0.0 0.0
3193 354.7791442871094 454.3389892578125 40.967522281193716 0.0 0.0 0.0 0.0 0.0 0.0 0.0
3196 383.3296203613281 454.3389892578125 42.18483208441145 0.0 0.0 0.0 0.0 0.0 0.0 0.0
3200 411.88006591796875 447.2013854980469 38.279862388416355 0.0 0.0 0.0 0.0 0.0 0.0 0.0
3227 522.5131225585938 440.06378173828125 40.03853291316171 0.0 0.0 0.0 0.0 0.0 0.0 0.0
3231 551.0635986328125 440.06378173828125 41.56321504992952 0.0 0.0 0.0 0.0 0.0 0.0 0.0
3264 608.16455078125 432.9261474609375 39.54397257572172 0.0 0.0 0.0 0.0 0.0 0.0 0.0
3266 615.3021850585938 432.9261474609375 40.105123217748776 0.0 0.0 0.0 0.0 0.0 0.0 0.0
3300 636.7150268554688 432.9261474609375 41.33367148223734 0.0 0.0 0.0 0.0 0.0 0.0 0.0
3303 675.971923828125 425.7885437011719 38.47488900996242 0.0 0.0 0.0 0.0 0.0 0.0 0.0
3342 772.3297729492188 411.5133056640625 37.05731742457966 0.0 0.0 0.0 0.0 0.0 0.0 0.0
3345 808.017822265625 400.806884765625 33.48354648011142 0.0 0.0 0.0 0.0 0.0 0.0 0.0
3364 882.9628295898438 372.25640869140625 27.843770904569787 0.0 0.0 0.0 0.0 0.0 0.0 0.0
3366 925.7885131835938 354.412353515625 25.250244832246572 0.0 0.0 0.0 0.0 0.0 0.0 0.0
3395 1043.5592041015625 300.8802185058594 21.757556950178063 0.0 0.0 0.0 0.0 0.0 0.0 0.0
3419 1143.48583984375 258.0545196533203 21.554199669031128 0.0 0.0 0.0 0.0 0.0 0.0 0.0
3436 1193.44921875 240.21047973632812 23.200777367562317 0.0 0.0 0.0 0.0 0.0 0.0 0.0
3439 1207.724365234375 236.6416778564453 24.704352214957574 0.0 0.0 0.0 0.0 0.0 0.0 0.0
3462 1236.27490234375 222.36643981933594 22.345461667028054 0.0 0.0 0.0 0.0 0.0 0.0 0.0
3464 1243.4124755859375 218.79762268066406 21.82734687773847 0.0 0.0 0.0 0.0 0.0 0.0 0.0
3491 1286.2381591796875 211.66001892089844 27.558349176921347 0.0 0.0 0.0 0.0 0.0 0.0 0.0
3515 1361.1832275390625 211.66001892089844 37.22160063058626 0.0 0.0 0.0 0.0 0.0 0.0 0.0
3536 1453.97216796875 211.66001892089844 41.800286048653724 0.0 0.0 0.0 0.0 0.0 0.0 0.0
3560 1571.742919921875 211.66001892089844 43.70975031861091 0.0 0.0 0.0 0.0 0.0 0.0 0.0
3575 1618.137451171875 211.66001892089844 44.126597584476634 0.0 0.0 0.0 0.0 0.0 0.0 0.0
3578 1668.1007080078125 211.66001892089844 44.367157129488895 0.0 0.0 0.0 0.0 0.0 0.0 0.0
3587 1718.0640869140625 211.66001892089844 44.49605696109263 0.0 0.0 0.0 0.0 0.0 0.0 0.0
3595 1768.02734375 211.66001892089844 44.56513080849023 0.0 0.0 0.0 0.0 0.0 0.0 0.0
3605 1828.6971435546875 218.79762268066406 48.05731044816893 0.0 0.0 0.0 0.0 0.0 0.0 0.0
3607 1882.229248046875 225.93524169921875 50.07951774842679 0.0 0.0 0.0 0.0 0.0 0.0 0.0
3615 1935.7613525390625 233.07286071777344 51.12394469205173 0.0 0.0 0.0 0.0 0.0 0.0 0.0
3625 1996.43115234375 240.21047973632812 51.242633550383395 0.0 0.0 0.0 0.0 0.0 0.0 0.0
3631 2057.100830078125 250.91690063476562 53.00384060278807 0.0 0.0 0.0 0.0 0.0 0.0 0.0
3638 2117.770751953125 258.0545196533203 52.15564337116603 0.0 0.0 0.0 0.0 0.0 0.0 0.0
3646 2178.4404296875 265.192138671875 51.74371514923299 0.0 0.0 0.0 0.0 0.0 0.0 0.0
3655 2239.110107421875 272.3297576904297 51.5436506913266 0.0 0.0 0.0 0.0 0.0 0.0 0.0
3664 2292.642333984375 272.3297576904297 48.22320709955428 0.0 0.0 0.0 0.0 0.0 0.0 0.0
3671 2346.17431640625 272.3297576904297 46.50086960022045 0.0 0.0 0.0 0.0 0.0 0.0 0.0
3681 2399.70654296875 272.3297576904297 45.60752652913471 0.0 0.0 0.0 0.0 0.0 0.0 0.0
3687 2453.23876953125 272.3297576904297 45.14417712223035 0.0 0.0 0.0 0.0 0.0 0.0 0.0
3698 2499.633056640625 272.3297576904297 44.92160900969726 0.0 0.0 0.0 0.0 0.0 0.0 0.0
3703 2538.89013671875 272.3297576904297 44.80954357938479 0.0 0.0 0.0 0.0 0.0 0.0 0.0
3710 2578.14697265625 272.3297576904297 44.742860875262444 0.0 0.0 0.0 0.0 0.0 0.0 0.0
3718 2631.67919921875 272.3297576904297 44.69570490574707 0.0 0.0 0.0 0.0 0.0 0.0 0.0
3727 2670.93603515625 272.3297576904297 44.67512315845109 0.0 0.0 0.0 0.0 0.0 0.0 0.0
3734 2710.19287109375 272.3297576904297 44.66287606370209 0.0 0.0 0.0 0.0 0.0 0.0 0.0
3743 2749.44970703125 272.3297576904297 44.655589131659404 0.0 0.0 0.0 0.0 0.0 0.0 0.0
3751 2788.706787109375 272.3297576904297 44.65125122644425 0.0 0.0 0.0 0.0 0.0 0.0 0.0
3759 2820.825927734375 272.3297576904297 44.64897301236574 0.0 0.0 0.0 0.0 0.0 0.0 0.0
3766 2852.9453125 272.3297576904297 44.64751271332056 0.0 0.0 0.0 0.0 0.0 0.0 0.0
3774 2885.064453125 272.3297576904297 44.64657813364901 0.0 0.0 0.0 0.0 0.0 0.0 0.0
3782 2910.046142578125 272.3297576904297 44.646068687869864 0.0 0.0 0.0 0.0 0.0 0.0 0.0
3790 2938.5966796875 272.3297576904297 44.64567497052281 0.0 0.0 0.0 0.0 0.0 0.0 0.0
3798 2970.7158203125 272.3297576904297 44.64539042956728 0.0 0.0 0.0 0.0 0.0 0.0 0.0
3806 3006.404052734375 272.3297576904297 44.645193179222225 0.0 0.0 0.0 0.0 0.0 0.0 0.0
3815 3038.523193359375 272.3297576904297 44.64508863590705 0.0 0.0 0.0 0.0 0.0 0.0 0.0
3822 3074.21142578125 272.3297576904297 44.64500591608175 0.0 0.0 0.0 0.0 0.0 0.0 0.0
3831 3109.8994140625 272.3297576904297 44.64495910049248 0.0 0.0 0.0 0.0 0.0 0.0 0.0
3852 3181.275634765625 318.7242736816406 64.41730953682571 0.0 0.0 0.0 0.0 0.0 0.0 0.0
3855 3209.826171875 332.99951171875 66.83604939561863 0.0 0.0 0.0 0.0 0.0 0.0 0.0
3862 3238.37646484375 361.54998779296875 76.20145656697844 0.0 0.0 0.0 0.0 0.0 0.0 0.0
3871 3266.927001953125 393.66925048828125 83.36934130733718 0.0 0.0 0.0 0.0 0.0 0.0 0.0
3878 3299.04638671875 422.2197265625 84.61126022103093 0.0 0.0 0.0 0.0 0.0 0.0 0.0
3887 3345.44091796875 454.3389892578125 82.00471799967357 0.0 0.0 0.0 0.0 0.0 0.0 0.0
3895 3377.56005859375 479.3206787109375 82.21786310030629 0.0 0.0 0.0 0.0 0.0 0.0 0.0
3903 3416.81689453125 504.3023376464844 79.94018658652254 0.0 0.0 0.0 0.0 0.0 0.0 0.0
3911 3456.073974609375 529.2839965820312 78.67924638732703 0.0 0.0 0.0 0.0 0.0 0.0 0.0
3920 3502.468505859375 554.265625 75.94217559788811 0.0 0.0 0.0 0.0 0.0 0.0 0.0
3926 3548.863037109375 579.247314453125 74.51171410420187 0.0 0.0 0.0 0.0 0.0 0.0 0.0
3937 3602.39501953125 604.2289428710938 72.05791777950125 0.0 0.0 0.0 0.0 0.0 0.0 0.0
3943 3655.92724609375 622.072998046875 67.61840290411274 0.0 0.0 0.0 0.0 0.0 0.0 0.0
3953 3709.459228515625 647.0546875 68.65230308762531 0.0 0.0 0.0 0.0 0.0 0.0 0.0
3962 3741.57861328125 654.1923217773438 64.4879471990964 0.0 0.0 0.0 0.0 0.0 0.0 0.0
3970 3780.83544921875 672.0363159179688 66.45585456742799 0.0 0.0 0.0 0.0 0.0 0.0 0.0
3975 3812.954833984375 689.88037109375 69.2733848702851 0.0 0.0 0.0 0.0 0.0 0.0 0.0
3983 3845.073974609375 697.0180053710938 64.88435426821405 0.0 0.0 0.0 0.0 0.0 0.0 0.0
3991 3848.642822265625 704.1556396484375 69.80061799133554 0.0 0.0 0.0 0.0 0.0 0.0 0.0
4003 3855.780517578125 707.7244262695312 69.97184567597017 0.0 0.0 0.0 0.0 0.0 0.0 0.0
4022 3855.780517578125 711.293212890625 73.09018084464722 0.0 0.0 0.0 0.0 0.0 0.0 0.0
4037 3859.349365234375 714.862060546875 74.40782624328392 0.0 0.0 0.0 0.0 0.0 0.0 0.0
4040 3866.48681640625 725.5684814453125 79.15895821983372 0.0 0.0 0.0 0.0 0.0 0.0 0.0
4054 3866.48681640625 736.27490234375 87.03754337327112 0.0 0.0 0.0 0.0 0.0 0.0 0.0
4063 3870.0556640625 743.4125366210938 89.55647216890188 0.0 0.0 0.0 0.0 0.0 0.0 0.0
4070 3870.0556640625 754.1189575195312 96.1854003366143 0.0 0.0 0.0 0.0 0.0 0.0 0.0
4079 3870.0556640625 764.8253784179688 101.9407374420943 0.0 0.0 0.0 0.0 0.0 0.0 0.0
4087 3870.0556640625 779.1005859375 108.25569174841698 0.0 0.0 0.0 0.0 0.0 0.0 0.0
4095 3870.0556640625 793.3758544921875 113.40034635316198 0.0 0.0 0.0 0.0 0.0 0.0 0.0
4103 3870.0556640625 807.6510620117188 117.5677151009466 0.0 0.0 0.0 0.0 0.0 0.0 0.0
4110 3870.0556640625 818.3574829101562 120.21806234625598 0.0 0.0 0.0 0.0 0.0 0.0 0.0
4120 3870.0556640625 829.0639038085938 122.46262953146234 0.0 0.0 0.0 0.0 0.0 0.0 0.0
4126 3870.0556640625 836.2015380859375 123.79691157877642 0.0 0.0 0.0 0.0 0.0 0.0 0.0
4137 3870.0556640625 843.3391723632812 124.98646019566763 0.0 0.0 0.0 0.0 0.0 0.0 0.0
4145 3862.918212890625 854.0455932617188 132.49177686054298 0.0 0.0 0.0 0.0 0.0 0.0 0.0
4163 3852.211669921875 871.8896484375 141.09882276805723 0.0 0.0 0.0 0.0 0.0 0.0 0.0
4169 3841.50537109375 882.5960693359375 148.8267432408793 0.0 0.0 0.0 0.0 0.0 0.0 0.0
4180 3830.798828125 893.302490234375 155.0892461401841 0.0 0.0 0.0 0.0 0.0 0.0 0.0
4186 3823.6611328125 911.1465454101562 155.4284579299435 0.0 0.0 0.0 0.0 0.0 0.0 0.0
4190 3816.523681640625 925.4217529296875 156.68032759379167 0.0 0.0 0.0 0.0 0.0 0.0 0.0
4199 3809.385986328125 936.128173828125 158.79832053191691 0.0 0.0 0.0 0.0 0.0 0.0 0.0
4206 3809.385986328125 943.2658081054688 156.19350585494215 0.0 0.0 0.0 0.0 0.0 0.0 0.0
4215 3802.248291015625 964.6786499023438 155.31798245314585 0.0 0.0 0.0 0.0 0.0 0.0 0.0
4222 3795.11083984375 968.2474365234375 160.19144121675185 0.0 0.0 0.0 0.0 0.0 0.0 0.0
4231 3791.5419921875 978.953857421875 159.0294998345059 0.0 0.0 0.0 0.0 0.0 0.0 0.0
4238 3787.97314453125 986.0914916992188 159.29445702070552 0.0 0.0 0.0 0.0 0.0 0.0 0.0
4247 3777.2666015625 1000.3667602539062 162.17275672163868 0.0 0.0 0.0 0.0 0.0 0.0 0.0
4255 3773.697998046875 1018.2107543945312 158.30396732510593 0.0 0.0 0.0 0.0 0.0 0.0 0.0
4262 3766.560302734375 1039.6236572265625 156.83536968024484 0.0 0.0 0.0 0.0 0.0 0.0 0.0
4270 3759.422607421875 1057.4676513671875 156.73827977642455 0.0 0.0 0.0 0.0 0.0 0.0 0.0
4278 3759.422607421875 1075.311767578125 151.57120074429017 0.0 0.0 0.0 0.0 0.0 0.0 0.0
4286 3755.853759765625 1096.724609375 149.53228237924208 0.0 0.0 0.0 0.0 0.0 0.0 0.0
4295 3748.71630859375 1110.999755859375 152.0551129180954 0.0 0.0 0.0 0.0 0.0 0.0 0.0
4303 3748.71630859375 1128.8438720703125 147.96756232342622 0.0 0.0 0.0 0.0 0.0 0.0 0.0
4310 3741.57861328125 1146.6878662109375 150.08353750186154 0.0 0.0 0.0 0.0 0.0 0.0 0.0
4320 3741.57861328125 1168.1007080078125 145.92101947950525 0.0 0.0 0.0 0.0 0.0 0.0 0.0
4327 3734.44091796875 1193.0823974609375 147.37062709002097 0.0 0.0 0.0 0.0 0.0 0.0 0.0
4336 3734.44091796875 1218.0640869140625 143.53367574388847 0.0 0.0 0.0 0.0 0.0 0.0 0.0
4343 3730.8720703125 1243.0457763671875 143.30284266119077 0.0 0.0 0.0 0.0 0.0 0.0 0.0
4353 3730.8720703125 1275.1650390625 140.20840035881776 0.0 0.0 0.0 0.0 0.0 0.0 0.0
4358 3723.734619140625 1307.2843017578125 142.73714243431328 0.0 0.0 0.0 0.0 0.0 0.0 0.0
4370 3716.596923828125 1339.403564453125 144.34832503281595 0.0 0.0 0.0 0.0 0.0 0.0 0.0
4374 3716.596923828125 1378.660400390625 140.42100357501835 0.0 0.0 0.0 0.0 0.0 0.0 0.0
4387 3709.459228515625 1410.77978515625 142.8726929265246 0.0 0.0 0.0 0.0 0.0 0.0 0.0
4391 3709.459228515625 1446.4677734375 139.72946164635812 0.0 0.0 0.0 0.0 0.0 0.0 0.0
4399 3709.459228515625 1489.2935791015625 137.56321361704383 0.0 0.0 0.0 0.0 0.0 0.0 0.0
4406 3709.459228515625 1528.5504150390625 136.38142382689352 0.0 0.0 0.0 0.0 0.0 0.0 0.0
4415 3709.459228515625 1560.669677734375 135.76034288429534 0.0 0.0 0.0 0.0 0.0 0.0 0.0
4422 3716.596923828125 1589.22021484375 130.65463001785298 0.0 0.0 0.0 0.0 0.0 0.0 0.0
4431 3723.734619140625 1617.7706298828125 127.26449290710553 0.0 0.0 0.0 0.0 0.0 0.0 0.0
4438 3734.44091796875 1657.027587890625 124.00844149042331 0.0 0.0 0.0 0.0 0.0 0.0 0.0
4446 3741.57861328125 1678.4404296875 121.8172897947014 0.0 0.0 0.0 0.0 0.0 0.0 0.0
4465 3748.71630859375 1724.8349609375 123.64826151445533 0.0 0.0 0.0 0.0 0.0 0.0 0.0
4471 3755.853759765625 1749.8165283203125 122.11208371386687 0.0 0.0 0.0 0.0 0.0 0.0 0.0
4479 3755.853759765625 1753.3853759765625 122.83736869338719 0.0 0.0 0.0 0.0 0.0 0.0 0.0
4486 3755.853759765625 1764.091796875 124.67819858843379 0.0 0.0 0.0 0.0 0.0 0.0 0.0
4494 3755.853759765625 1767.66064453125 125.25637671591295 0.0 0.0 0.0 0.0 0.0 0.0 0.0
4503 3755.853759765625 1771.2293701171875 125.80140359392976 0.0 0.0 0.0 0.0 0.0 0.0 0.0
4511 3755.853759765625 1781.935791015625 127.18266166917698 0.0 0.0 0.0 0.0 0.0 0.0 0.0
4520 3755.853759765625 1789.073486328125 128.0026884279133 0.0 0.0 0.0 0.0 0.0 0.0 0.0
4526 3755.853759765625 1799.7799072265625 129.04111056985562 0.0 0.0 0.0 0.0 0.0 0.0 0.0
4536 3755.853759765625 1810.486328125 129.91756348131105 0.0 0.0 0.0 0.0 0.0 0.0 0.0
4542 3755.853759765625 1821.1927490234375 130.65720867358291 0.0 0.0 0.0 0.0 0.0 0.0 0.0
4553 3752.284912109375 1839.0367431640625 134.30849092677934 0.0 0.0 0.0 0.0 0.0 0.0 0.0
4558 3738.009765625 1867.5872802734375 143.82521537537826 0.0 0.0 0.0 0.0 0.0 0.0 0.0
4570 3730.8720703125 1903.275390625 144.64906069164766 0.0 0.0 0.0 0.0 0.0 0.0 0.0
4574 3727.303466796875 1935.3946533203125 143.33347293170402 0.0 0.0 0.0 0.0 0.0 0.0 0.0
4586 3727.303466796875 1963.945068359375 140.4594044298121 0.0 0.0 0.0 0.0 0.0 0.0 0.0
4591 3727.303466796875 1988.9267578125 138.70312842729874 0.0 0.0 0.0 0.0 0.0 0.0 0.0
4603 3727.303466796875 2013.908447265625 137.4769459745757 0.0 0.0 0.0 0.0 0.0 0.0 0.0
4606 3727.303466796875 2035.3212890625 136.7103506449536 0.0 0.0 0.0 0.0 0.0 0.0 0.0
4615 3727.303466796875 2049.5965576171875 136.30070266429902 0.0 0.0 0.0 0.0 0.0 0.0 0.0
4622 3727.303466796875 2071.0093994140625 135.85241270481657 0.0 0.0 0.0 0.0 0.0 0.0 0.0
4631 3727.303466796875 2085.2845458984375 135.61282917653102 0.0 0.0 0.0 0.0 0.0 0.0 0.0
4638 3727.303466796875 2099.559814453125 135.4207315986199 0.0 0.0 0.0 0.0 0.0 0.0 0.0
4646 3727.303466796875 2113.8349609375 135.26675671815713 0.0 0.0 0.0 0.0 0.0 0.0 0.0
4654 3727.303466796875 2135.247802734375 135.09833216329315 0.0 0.0 0.0 0.0 0.0 0.0 0.0
4662 3727.303466796875 2153.092041015625 134.99121904467336 0.0 0.0 0.0 0.0 0.0 0.0 0.0
4670 3727.303466796875 2174.5048828125 134.8974247711323 0.0 0.0 0.0 0.0 0.0 0.0 0.0
4678 3727.303466796875 2195.917724609375 134.82898357497197 0.0 0.0 0.0 0.0 0.0 0.0 0.0
4686 3727.303466796875 2213.76171875 134.78545455680324 0.0 0.0 0.0 0.0 0.0 0.0 0.0
4694 3727.303466796875 2235.174560546875 134.74745598620427 0.0 0.0 0.0 0.0 0.0 0.0 0.0
4703 3727.303466796875 2253.0185546875 134.72322563518546 0.0 0.0 0.0 0.0 0.0 0.0 0.0
4710 3727.303466796875 2274.431396484375 134.7020061139413 0.0 0.0 0.0 0.0 0.0 0.0 0.0
4720 3727.303466796875 2299.4130859375 134.68481851825717 0.0 0.0 0.0 0.0 0.0 0.0 0.0
4726 3716.596923828125 2324.394775390625 142.0519410924304 0.0 0.0 0.0 0.0 0.0 0.0 0.0
4736 3713.028076171875 2342.23876953125 142.9875982556404 0.0 0.0 0.0 0.0 0.0 0.0 0.0
4742 3713.028076171875 2367.220458984375 140.46886075877285 0.0 0.0 0.0 0.0 0.0 0.0 0.0
4753 3705.890625 2392.2021484375 143.6075950745531 0.0 0.0 0.0 0.0 0.0 0.0 0.0
4758 3702.32177734375 2417.183837890625 143.3542359921545 0.0 0.0 0.0 0.0 0.0 0.0 0.0
4781 3691.615234375 2460.009521484375 145.6632512670568 0.0 0.0 0.0 0.0 0.0 0.0 0.0
4784 3688.04638671875 2474.28466796875 146.27651401970786 0.0 0.0 0.0 0.0 0.0 0.0 0.0
4798 3684.477783203125 2477.853515625 148.84418444856223 0.0 0.0 0.0 0.0 0.0 0.0 0.0
4806 3680.908935546875 2481.42236328125 151.2304214654996 0.0 0.0 0.0 0.0 0.0 0.0 0.0
4822 3659.49609375 2481.42236328125 169.0621390243475 0.0 0.0 0.0 0.0 0.0 0.0 0.0
4831 3634.514404296875 2481.42236328125 185.07594565447712 0.0 0.0 0.0 0.0 0.0 0.0 0.0
4838 3577.413330078125 2481.42236328125 204.75558353089255 0.0 0.0 0.0 0.0 0.0 0.0 0.0
4847 3509.60595703125 2481.42236328125 215.5105300927313 0.0 0.0 0.0 0.0 0.0 0.0 0.0
4854 3434.6611328125 2492.128662109375 216.0805267269232 0.0 0.0 0.0 0.0 0.0 0.0 0.0
4862 3359.716064453125 2502.835205078125 216.32698312537804 0.0 0.0 0.0 0.0 0.0 0.0 0.0
4870 3291.90869140625 2509.972900390625 217.57769225698235 0.0 0.0 0.0 0.0 0.0 0.0 0.0
4878 3231.239013671875 2520.67919921875 216.05897145588358 0.0 0.0 0.0 0.0 0.0 0.0 0.0
4887 3177.706787109375 2527.81689453125 216.53828615450396 0.0 0.0 0.0 0.0 0.0 0.0 0.0
4894 3145.587646484375 2534.95458984375 214.93220947223142 0.0 0.0 0.0 0.0 0.0 0.0 0.0
4903 3113.46826171875 2542.092041015625 213.909480065166 0.0 0.0 0.0 0.0 0.0 0.0 0.0
4911 3095.624267578125 2542.092041015625 216.43979311685922 0.0 0.0 0.0 0.0 0.0 0.0 0.0
4919 3081.348876953125 2542.092041015625 218.06475473548716 0.0 0.0 0.0 0.0 0.0 0.0 0.0
4936 3070.642578125 2542.092041015625 219.0934384619747 0.0 0.0 0.0 0.0 0.0 0.0 0.0
4942 3059.93603515625 2542.092041015625 219.96176979021908 0.0 0.0 0.0 0.0 0.0 0.0 0.0
4953 3052.798583984375 2542.092041015625 220.47697063204242 0.0 0.0 0.0 0.0 0.0 0.0 0.0
4958 3031.3857421875 2542.092041015625 221.60504368004905 0.0 0.0 0.0 0.0 0.0 0.0 0.0
4970 3009.972900390625 2542.092041015625 222.42781159259079 0.0 0.0 0.0 0.0 0.0 0.0 0.0
4974 2988.56005859375 2542.092041015625 223.02804326727488 0.0 0.0 0.0 0.0 0.0 0.0 0.0
4986 2949.302978515625 2542.092041015625 223.68272988815085 0.0 0.0 0.0 0.0 0.0 0.0 0.0
4990 2892.2021484375 2542.092041015625 224.16130471306622 0.0 0.0 0.0 0.0 0.0 0.0 0.0
5003 2820.825927734375 2542.092041015625 224.42876266749113 0.0 0.0 0.0 0.0 0.0 0.0 0.0
5006 2724.468017578125 2542.092041015625 224.56397455205018 0.0 0.0 0.0 0.0 0.0 0.0 0.0
5015 2628.1103515625 2542.092041015625 224.61455441255146 0.0 0.0 0.0 0.0 0.0 0.0 0.0
5022 2517.477294921875 2542.092041015625 224.6344959282854 0.0 0.0 0.0 0.0 0.0 0.0 0.0
5031 2428.257080078125 2542.092041015625 224.640789748577 0.0 0.0 0.0 0.0 0.0 0.0 0.0
5038 2353.31201171875 2542.092041015625 224.643091233313 0.0 0.0 0.0 0.0 0.0 0.0 0.0
5046 2285.504638671875 2552.798583984375 219.76763874808256 0.0 0.0 0.0 0.0 0.0 0.0 0.0
5054 2253.38525390625 2559.93603515625 216.98995294450782 0.0 0.0 0.0 0.0 0.0 0.0 0.0
5063 2221.26611328125 2559.93603515625 219.72625475823628 0.0 0.0 0.0 0.0 0.0 0.0 0.0
5080 2210.5595703125 2563.5048828125 217.52602934243293 0.0 0.0 0.0 0.0 0.0 0.0 0.0
5087 2206.990966796875 2567.07373046875 214.64914853669558 0.0 0.0 0.0 0.0 0.0 0.0 0.0
5103 2203.422119140625 2570.642578125 211.96765409659906 0.0 0.0 0.0 0.0 0.0 0.0 0.0
5111 2192.715576171875 2581.348876953125 205.41510804394716 0.0 0.0 0.0 0.0 0.0 0.0 0.0
5119 2185.578125 2595.624267578125 196.26997693804077 0.0 0.0 0.0 0.0 0.0 0.0 0.0
5127 2174.87158203125 2606.33056640625 192.83605249788602 0.0 0.0 0.0 0.0 0.0 0.0 0.0
5136 2164.1650390625 2617.037109375 190.10468597072042 0.0 0.0 0.0 0.0 0.0 0.0 0.0
5143 2153.458740234375 2627.743408203125 187.93565859753411 0.0 0.0 0.0 0.0 0.0 0.0 0.0
5153 2139.18359375 2638.449951171875 187.8976289176095 0.0 0.0 0.0 0.0 0.0 0.0 0.0
5158 2121.33935546875 2652.72509765625 187.35509536010312 0.0 0.0 0.0 0.0 0.0 0.0 0.0
5169 2103.495361328125 2670.569091796875 185.01057823306041 0.0 0.0 0.0 0.0 0.0 0.0 0.0
5174 2082.08251953125 2688.413330078125 184.954718351431 0.0 0.0 0.0 0.0 0.0 0.0 0.0
5186 2064.238525390625 2702.6884765625 185.24705170148601 0.0 0.0 0.0 0.0 0.0 0.0 0.0
5190 2046.39453125 2716.963623046875 185.45643444255143 0.0 0.0 0.0 0.0 0.0 0.0 0.0
5203 2024.981689453125 2731.239013671875 187.15184957410972 0.0 0.0 0.0 0.0 0.0 0.0 0.0
5206 2007.137451171875 2745.51416015625 186.82093492316704 0.0 0.0 0.0 0.0 0.0 0.0 0.0
5215 1985.7247314453125 2749.0830078125 194.46962726797076 0.0 0.0 0.0 0.0 0.0 0.0 0.0
5222 1967.8807373046875 2756.220703125 196.55940333563552 0.0 0.0 0.0 0.0 0.0 0.0 0.0
5231 1939.3302001953125 2763.358154296875 201.29548692228835 0.0 0.0 0.0 0.0 0.0 0.0 0.0
5238 1907.2109375 2770.495849609375 205.2215782118108 0.0 0.0 0.0 0.0 0.0 0.0 0.0
5247 1871.5228271484375 2777.633544921875 208.35868704572923 0.0 0.0 0.0 0.0 0.0 0.0 0.0
5254 1839.403564453125 2777.633544921875 214.16920989461897 0.0 0.0 0.0 0.0 0.0 0.0 0.0
5262 1789.440185546875 2784.77099609375 215.26389732281183 0.0 0.0 0.0 0.0 0.0 0.0 0.0
5270 1735.9080810546875 2791.90869140625 216.127570905148 0.0 0.0 0.0 0.0 0.0 0.0 0.0
5279 1675.2384033203125 2799.04638671875 217.057105985325 0.0 0.0 0.0 0.0 0.0 0.0 0.0
5286 1614.568603515625 2806.183837890625 217.50875088249956 0.0 0.0 0.0 0.0 0.0 0.0 0.0
5294 1553.89892578125 2813.321533203125 217.7279599761584 0.0 0.0 0.0 0.0 0.0 0.0 0.0
5303 1493.2291259765625 2820.459228515625 217.83441499868496 0.0 0.0 0.0 0.0 0.0 0.0 0.0
5311 1439.697021484375 2831.16552734375 215.646738138001 0.0 0.0 0.0 0.0 0.0 0.0 0.0
5319 1386.1649169921875 2841.8720703125 214.522648449082 0.0 0.0 0.0 0.0 0.0 0.0 0.0
5326 1346.907958984375 2841.8720703125 218.61932078984256 0.0 0.0 0.0 0.0 0.0 0.0 0.0
5336 1307.651123046875 2859.716064453125 210.75190041367108 0.0 0.0 0.0 0.0 0.0 0.0 0.0
5342 1275.53173828125 2866.853759765625 211.2473752897256 0.0 0.0 0.0 0.0 0.0 0.0 0.0
5353 1243.4124755859375 2873.9912109375 211.56293899406563 0.0 0.0 0.0 0.0 0.0 0.0 0.0
5358 1218.430908203125 2881.12890625 210.6737406898393 0.0 0.0 0.0 0.0 0.0 0.0 0.0
5369 1204.1556396484375 2881.12890625 213.43199349099513 0.0 0.0 0.0 0.0 0.0 0.0 0.0
5374 1193.44921875 2881.12890625 215.18087648488654 0.0 0.0 0.0 0.0 0.0 0.0 0.0
5399 1182.7427978515625 2888.2666015625 210.83134298130557 0.0 0.0 0.0 0.0 0.0 0.0 0.0
5406 1172.036376953125 2884.69775390625 215.94985007507427 0.0 0.0 0.0 0.0 0.0 0.0 0.0
5415 1161.3299560546875 2881.12890625 220.29516666395403 0.0 0.0 0.0 0.0 0.0 0.0 0.0
5422 1143.48583984375 2873.9912109375 226.74433117502707 0.0 0.0 0.0 0.0 0.0 0.0 0.0
5430 1122.072998046875 2863.284912109375 233.8553655755972 0.0 0.0 0.0 0.0 0.0 0.0 0.0
5438 1093.5225830078125 2852.578369140625 237.77364342881054 0.0 0.0 0.0 0.0 0.0 0.0 0.0
5446 1068.5408935546875 2838.30322265625 243.28597320362945 0.0 0.0 0.0 0.0 0.0 0.0 0.0
5454 1036.421630859375 2831.16552734375 241.06664861286902 0.0 0.0 0.0 0.0 0.0 0.0 0.0
5462 1011.43994140625 2816.890380859375 245.4915486318219 0.0 0.0 0.0 0.0 0.0 0.0 0.0
5470 979.3206787109375 2813.321533203125 240.29279078603957 0.0 0.0 0.0 0.0 0.0 0.0 0.0
5478 961.4766235351562 2802.615234375 244.3363496501969 0.0 0.0 0.0 0.0 0.0 0.0 0.0
5486 936.4949340820312 2791.90869140625 245.45953424968957 0.0 0.0 0.0 0.0 0.0 0.0 0.0
5494 922.2197265625 2784.77099609375 246.70491293421645 0.0 0.0 0.0 0.0 0.0 0.0 0.0
5503 907.9445190429688 2777.633544921875 247.68063305872357 0.0 0.0 0.0 0.0 0.0 0.0 0.0
5511 886.5316162109375 2763.358154296875 250.96250921246167 0.0 0.0 0.0 0.0 0.0 0.0 0.0
5519 865.1187744140625 2749.0830078125 253.2351270260616 0.0 0.0 0.0 0.0 0.0 0.0 0.0
5526 843.7059326171875 2734.807861328125 254.80778246946943 0.0 0.0 0.0 0.0 0.0 0.0 0.0
5536 829.4307250976562 2727.670166015625 254.02843051433723 0.0 0.0 0.0 0.0 0.0 0.0 0.0
5543 815.1554565429688 2724.101318359375 250.92693627111686 0.0 0.0 0.0 0.0 0.0 0.0 0.0
5553 797.3114013671875 2716.963623046875 249.80767729728558 0.0 0.0 0.0 0.0 0.0 0.0 0.0
5559 775.8985595703125 2702.6884765625 252.43574412557172 0.0 0.0 0.0 0.0 0.0 0.0 0.0
5569 761.6233520507812 2695.55078125 252.17018704531336 0.0 0.0 0.0 0.0 0.0 0.0 0.0
5575 758.0545043945312 2691.982177734375 253.55915018615633 0.0 0.0 0.0 0.0 0.0 0.0 0.0
5586 747.3480834960938 2684.844482421875 254.4297483045329 0.0 0.0 0.0 0.0 0.0 0.0 0.0
5590 733.0728759765625 2681.275634765625 251.2481220335423 0.0 0.0 0.0 0.0 0.0 0.0 0.0
5599 715.2288208007812 2674.137939453125 250.04870171199042 0.0 0.0 0.0 0.0 0.0 0.0 0.0
5608 711.6600341796875 2667.00048828125 254.44349909792453 0.0 0.0 0.0 0.0 0.0 0.0 0.0
5615 697.384765625 2659.86279296875 253.74287302749644 0.0 0.0 0.0 0.0 0.0 0.0 0.0
5622 686.6783447265625 2656.2939453125 252.00373407001297 0.0 0.0 0.0 0.0 0.0 0.0 0.0
5637 679.5407104492188 2649.15625 254.6062138901387 0.0 0.0 0.0 0.0 0.0 0.0 0.0
5639 675.971923828125 2645.587646484375 255.80524308290563 0.0 0.0 0.0 0.0 0.0 0.0 0.0
5647 672.4031372070312 2642.018798828125 256.9104551642427 0.0 0.0 0.0 0.0 0.0 0.0 0.0
5654 668.8342895507812 2638.449951171875 257.9285370503873 0.0 0.0 0.0 0.0 0.0 0.0 0.0
5678 658.1278686523438 2634.881103515625 255.51423457687423 0.0 0.0 0.0 0.0 0.0 0.0 0.0
5686 654.55908203125 2631.312255859375 256.6422070708723 0.0 0.0 0.0 0.0 0.0 0.0 0.0
5714 636.7150268554688 2627.743408203125 251.72409970216125 0.0 0.0 0.0 0.0 0.0 0.0 0.0
5721 622.4398193359375 2624.1748046875 249.08388125863172 0.0 0.0 0.0 0.0 0.0 0.0 0.0
5729 615.3021850585938 2620.60595703125 249.34217579934813 0.0 0.0 0.0 0.0 0.0 0.0 0.0
5736 601.0269165039062 2620.60595703125 244.5167660681003 0.0 0.0 0.0 0.0 0.0 0.0 0.0
5742 586.751708984375 2613.46826171875 245.96595493040883 0.0 0.0 0.0 0.0 0.0 0.0 0.0
5753 554.6324462890625 2599.193115234375 246.9659914742353 0.0 0.0 0.0 0.0 0.0 0.0 0.0
5758 526.0819702148438 2581.348876953125 250.53240031983586 0.0 0.0 0.0 0.0 0.0 0.0 0.0
5769 501.10028076171875 2577.7802734375 245.15187586259088 0.0 0.0 0.0 0.0 0.0 0.0 0.0
5774 468.98101806640625 2563.5048828125 246.46020606302926 0.0 0.0 0.0 0.0 0.0 0.0 0.0
5786 443.9993591308594 2545.660888671875 251.217424564799 0.0 0.0 0.0 0.0 0.0 0.0 0.0
5790 415.4488830566406 2531.3857421875 251.2147438381994 0.0 0.0 0.0 0.0 0.0 0.0 0.0
5803 390.46722412109375 2520.67919921875 250.13528739893997 0.0 0.0 0.0 0.0 0.0 0.0 0.0
5806 372.6231689453125 2506.404052734375 253.86172081999223 0.0 0.0 0.0 0.0 0.0 0.0 0.0
5815 365.4855651855469 2499.266357421875 256.1944577828554 0.0 0.0 0.0 0.0 0.0 0.0 0.0
5822 361.916748046875 2495.697509765625 257.26889991979294 0.0 0.0 0.0 0.0 0.0 0.0 0.0
5831 351.2103271484375 2488.56005859375 257.46315807801875 0.0 0.0 0.0 0.0 0.0 0.0 0.0
5838 336.9350891113281 2474.28466796875 260.612768303359 0.0 0.0 0.0 0.0 0.0 0.0 0.0
5847 322.65985107421875 2460.009521484375 262.95083761757706 0.0 0.0 0.0 0.0 0.0 0.0 0.0
5854 308.3846130371094 2445.734375 264.68471317552275 0.0 0.0 0.0 0.0 0.0 0.0 0.0
5863 294.1094055175781 2424.321533203125 269.6860406639602 0.0 0.0 0.0 0.0 0.0 0.0 0.0
5870 279.83416748046875 2402.908447265625 273.1566569557919 0.0 0.0 0.0 0.0 0.0 0.0 0.0
5878 265.5589294433594 2381.49560546875 275.560430409891 0.0 0.0 0.0 0.0 0.0 0.0 0.0
5894 222.73321533203125 2335.10107421875 273.6661248347671 0.0 0.0 0.0 0.0 0.0 0.0 0.0
5903 208.45797729492188 2313.688232421875 275.9131313229239 0.0 0.0 0.0 0.0 0.0 0.0 0.0
5911 187.04513549804688 2288.706787109375 275.2339712110373 0.0 0.0 0.0 0.0 0.0 0.0 0.0
5919 172.7698974609375 2260.15625 279.802988845598 0.0 0.0 0.0 0.0 0.0 0.0 0.0
5927 158.49465942382812 2235.174560546875 281.49879473330367 0.0 0.0 0.0 0.0 0.0 0.0 0.0
5936 140.65061950683594 2206.6240234375 281.91919675764933 0.0 0.0 0.0 0.0 0.0 0.0 0.0
5942 133.51300048828125 2178.07373046875 288.20861948309084 0.0 0.0 0.0 0.0 0.0 0.0 0.0
5953 126.37538146972656 2142.385498046875 294.050805723015 0.0 0.0 0.0 0.0 0.0 0.0 0.0
5958 119.23776245117188 2106.697509765625 297.64017832015134 0.0 0.0 0.0 0.0 0.0 0.0 0.0
5969 119.23776245117188 2071.0093994140625 304.1255635273331 0.0 0.0 0.0 0.0 0.0 0.0 0.0
5974 112.10014343261719 2035.3212890625 303.81970755112616 0.0 0.0 0.0 0.0 0.0 0.0 0.0
5986 101.39372253417969 1999.6331787109375 301.51504769475326 0.0 0.0 0.0 0.0 0.0 0.0 0.0
5990 101.39372253417969 1967.513916015625 306.203509786245 0.0 0.0 0.0 0.0 0.0 0.0 0.0
6014 94.256103515625 1892.5689697265625 307.902688781466 0.0 0.0 0.0 0.0 0.0 0.0 0.0
6017 94.256103515625 1856.880859375 310.4787612624966 0.0 0.0 0.0 0.0 0.0 0.0 0.0
6028 94.256103515625 1821.1927490234375 312.0708952225528 0.0 0.0 0.0 0.0 0.0 0.0 0.0
6030 94.256103515625 1781.935791015625 313.11320219005273 0.0 0.0 0.0 0.0 0.0 0.0 0.0
6038 94.256103515625 1746.247802734375 313.6986128968432 0.0 0.0 0.0 0.0 0.0 0.0 0.0
6049 94.256103515625 1721.26611328125 313.9845712770065 0.0 0.0 0.0 0.0 0.0 0.0 0.0
6054 94.256103515625 1706.9908447265625 314.11555007406713 0.0 0.0 0.0 0.0 0.0 0.0 0.0
6063 101.39372253417969 1692.715576171875 -40.11086133335828 0.0 0.0 0.0 0.0 0.0 0.0 0.0
6070 108.53134155273438 1678.4404296875 -35.53791100758726 0.0 0.0 0.0 0.0 0.0 0.0 0.0
6078 112.10014343261719 1664.1651611328125 -34.680792724839385 0.0 0.0 0.0 0.0 0.0 0.0 0.0
6087 119.23776245117188 1649.889892578125 -31.256656249066033 0.0 0.0 0.0 0.0 0.0 0.0 0.0
6095 126.37538146972656 1628.47705078125 -30.03743050933634 0.0 0.0 0.0 0.0 0.0 0.0 0.0
6103 133.51300048828125 1624.908203125 -24.651069714202343 0.0 0.0 0.0 0.0 0.0 0.0 0.0
6110 140.65061950683594 1610.633056640625 -23.381841714234945 0.0 0.0 0.0 0.0 0.0 0.0 0.0
6120 144.21942138671875 1589.22021484375 -26.793699135623037 0.0 0.0 0.0 0.0 0.0 0.0 0.0
6126 151.35704040527344 1571.3760986328125 -25.98418105566278 0.0 0.0 0.0 0.0 0.0 0.0 0.0
6135 158.49465942382812 1549.9632568359375 -26.247401614275937 0.0 0.0 0.0 0.0 0.0 0.0 0.0
6143 165.6322784423828 1532.1192626953125 -25.574325151017838 0.0 0.0 0.0 0.0 0.0 0.0 0.0
6153 176.3386993408203 1507.1375732421875 -24.4798938211947 0.0 0.0 0.0 0.0 0.0 0.0 0.0
6159 183.476318359375 1482.1558837890625 -26.010299463862715 0.0 0.0 0.0 0.0 0.0 0.0 0.0
6170 187.04513549804688 1464.3118896484375 -27.934649862265097 0.0 0.0 0.0 0.0 0.0 0.0 0.0
6174 187.04513549804688 1439.3302001953125 -33.17655727638661 0.0 0.0 0.0 0.0 0.0 0.0 0.0
6186 197.75155639648438 1414.3485107421875 -29.652522017443324 0.0 0.0 0.0 0.0 0.0 0.0 0.0
6191 204.88917541503906 1382.229248046875 -30.805184569943343 0.0 0.0 0.0 0.0 0.0 0.0 0.0
6202 204.88917541503906 1353.6788330078125 -35.610561675225476 0.0 0.0 0.0 0.0 0.0 0.0 0.0
6206 204.88917541503906 1328.6971435546875 -38.55142456836169 0.0 0.0 0.0 0.0 0.0 0.0 0.0
6215 212.02679443359375 1300.146728515625 -36.10948075643942 0.0 0.0 0.0 0.0 0.0 0.0 0.0
6223 212.02679443359375 1275.1650390625 -38.90014644344182 0.0 0.0 0.0 0.0 0.0 0.0 0.0
6230 212.02679443359375 1246.614501953125 -41.03621623623213 0.0 0.0 0.0 0.0 0.0 0.0 0.0
6238 212.02679443359375 1218.0640869140625 -42.46579424239561 0.0 0.0 0.0 0.0 0.0 0.0 0.0
6246 212.02679443359375 1203.788818359375 -43.0388544297361 0.0 0.0 0.0 0.0 0.0 0.0 0.0
6262 212.02679443359375 1146.6878662109375 -44.191096761459484 0.0 0.0 0.0 0.0 0.0 0.0 0.0
6271 212.02679443359375 1132.4127197265625 -44.42199851680618 0.0 0.0 0.0 0.0 0.0 0.0 0.0
6278 212.02679443359375 1110.999755859375 -44.674605391138904 0.0 0.0 0.0 0.0 0.0 0.0 0.0
6287 212.02679443359375 1103.8621826171875 -44.74953004596946 0.0 0.0 0.0 0.0 0.0 0.0 0.0
6294 212.02679443359375 1086.0181884765625 -44.89260531121382 0.0 0.0 0.0 0.0 0.0 0.0 0.0
6303 212.02679443359375 1064.6053466796875 -45.01780781313274 0.0 0.0 0.0 0.0 0.0 0.0 0.0
6311 212.02679443359375 1050.330078125 -45.08471899409141 0.0 0.0 0.0 0.0 0.0 0.0 0.0
6330 197.75155639648438 1021.7796020507812 305.4215423355347 0.0 0.0 0.0 0.0 0.0 0.0 0.0
6342 197.75155639648438 1011.0731811523438 306.8618134452474 0.0 0.0 0.0 0.0 0.0 0.0 0.0
6353 194.18275451660156 1000.3667602539062 305.12450453481193 0.0 0.0 0.0 0.0 0.0 0.0 0.0
6358 194.18275451660156 989.6603393554688 306.61091658133296 0.0 0.0 0.0 0.0 0.0 0.0 0.0
6369 190.6139373779297 978.953857421875 304.9142825015532 0.0 0.0 0.0 0.0 0.0 0.0 0.0
6374 190.6139373779297 971.8162841796875 305.98213533783064 0.0 0.0 0.0 0.0 0.0 0.0 0.0
6386 190.6139373779297 961.10986328125 307.33526947643844 0.0 0.0 0.0 0.0 0.0 0.0 0.0
6390 190.6139373779297 953.9722290039062 308.13861100164723 0.0 0.0 0.0 0.0 0.0 0.0 0.0
6398 187.04513549804688 939.6969604492188 306.61030324334973 0.0 0.0 0.0 0.0 0.0 0.0 0.0
6406 187.04513549804688 932.5593872070312 307.49296230965734 0.0 0.0 0.0 0.0 0.0 0.0 0.0
6414 179.9075164794922 921.8529663085938 302.74349591311665 0.0 0.0 0.0 0.0 0.0 0.0 0.0
6422 179.9075164794922 914.71533203125 304.0474233133558 0.0 0.0 0.0 0.0 0.0 0.0 0.0
6430 179.9075164794922 904.0089111328125 305.7009447169103 0.0 0.0 0.0 0.0 0.0 0.0 0.0
6438 179.9075164794922 896.8712768554688 306.6830021922555 0.0 0.0 0.0 0.0 0.0 0.0 0.0
6447 176.3386993408203 886.1648559570312 304.97467919675773 0.0 0.0 0.0 0.0 0.0 0.0 0.0
6454 176.3386993408203 871.8896484375 306.8886113333578 0.0 0.0 0.0 0.0 0.0 0.0 0.0
6462 176.3386993408203 861.1831665039062 308.10068372654086 0.0 0.0 0.0 0.0 0.0 0.0 0.0
6470 176.3386993408203 850.4767456054688 309.1238634491704 0.0 0.0 0.0 0.0 0.0 0.0 0.0
6478 176.3386993408203 843.3391723632812 309.73113324577787 0.0 0.0 0.0 0.0 0.0 0.0 0.0
6494 176.3386993408203 825.4951171875 310.89145892349376 0.0 0.0 0.0 0.0 0.0 0.0 0.0
6503 176.3386993408203 811.2198486328125 311.6357875131287 0.0 0.0 0.0 0.0 0.0 0.0 0.0
6510 176.3386993408203 800.513427734375 312.1067206497359 0.0 0.0 0.0 0.0 0.0 0.0 0.0
6519 176.3386993408203 793.3758544921875 312.3861400851929 0.0 0.0 0.0 0.0 0.0 0.0 0.0