0 2000.0 1500.0 0 0.0 0.0 0.0 0.0 0.0 0.0 0.0
74 2000.0 1500.0 0 0.0 0.0 0.0 0.0 0.0 0.0 0.0
82 2000.0 1500.0 0 0.0 0.0 0.0 0.0 0.0 0.0 0.0
101 2000.0 1500.0 0 0.0 0.0 0.0 0.0 0.0 0.0 0.0
106 2002.21630859375 1480.052734375 0.8407588619303397 0.0 0.0 0.0 0.0 0.0 0.0 0.0
114 2002.21630859375 1460.10546875 0.7792221989370205 0.0 0.0 0.0 0.0 0.0 0.0 0.0
122 2004.4326171875 1440.1580810546875 1.5222925983838422 0.0 0.0 0.0 0.0 0.0 0.0 0.0
143 2006.6490478515625 1400.2635498046875 1.9694108674977429 0.0 0.0 0.0 0.0 0.0 0.0 0.0
162 2013.298095703125 1338.205322265625 3.3594381772177826 0.0 0.0 0.0 0.0 0.0 0.0 0.0
182 2015.5145263671875 1291.66162109375 3.2883520171445753 0.0 0.0 0.0 0.0 0.0 0.0 0.0
201 2017.7308349609375 1242.9014892578125 3.2010536370755176 0.0 0.0 0.0 0.0 0.0 0.0 0.0
203 2017.7308349609375 1218.521484375 2.776562690509138 0.0 0.0 0.0 0.0 0.0 0.0 0.0
223 2019.947265625 1165.32861328125 2.765135890630745 0.0 0.0 0.0 0.0 0.0 0.0 0.0
226 2019.947265625 1140.9486083984375 2.4055273527029613 0.0 0.0 0.0 0.0 0.0 0.0 0.0
235 2019.947265625 1116.568603515625 2.0994167165645763 0.0 0.0 0.0 0.0 0.0 0.0 0.0
252 2019.947265625 1072.2412719726562 1.6771456165497511 0.0 0.0 0.0 0.0 0.0 0.0 0.0
272 2019.947265625 1030.1303100585938 1.3690483236558748 0.0 0.0 0.0 0.0 0.0 0.0 0.0
274 2019.947265625 1007.9666137695312 1.2291534817077263 0.0 0.0 0.0 0.0 0.0 0.0 0.0
284 2017.7308349609375 988.0193481445312 0.3218725087276084 0.0 0.0 0.0 0.0 0.0 0.0 0.0
302 2015.5145263671875 943.6920166015625 359.637262754312 0.0 0.0 0.0 0.0 0.0 0.0 0.0
306 2013.298095703125 923.7446899414062 358.9295465636184 0.0 0.0 0.0 0.0 0.0 0.0 0.0
323 2011.081787109375 890.4992065429688 358.4676544915069 0.0 0.0 0.0 0.0 0.0 0.0 0.0
332 2011.081787109375 877.2009887695312 358.63153018248977 0.0 0.0 0.0 0.0 0.0 0.0 0.0
349 2011.081787109375 848.3882446289062 358.9257802606125 0.0 0.0 0.0 0.0 0.0 0.0 0.0
368 2008.8653564453125 819.5755004882812 358.4149275779275 0.0 0.0 0.0 0.0 0.0 0.0 0.0
372 2008.8653564453125 804.0609130859375 358.60866574323325 0.0 0.0 0.0 0.0 0.0 0.0 0.0
389 2008.8653564453125 773.0317993164062 358.9256098661485 0.0 0.0 0.0 0.0 0.0 0.0 0.0
407 2006.6490478515625 748.6517333984375 358.36250936861245 0.0 0.0 0.0 0.0 0.0 0.0 0.0
411 2006.6490478515625 737.5698852539062 358.50882924069373 0.0 0.0 0.0 0.0 0.0 0.0 0.0
429 2006.6490478515625 713.1898803710938 358.78280824211583 0.0 0.0 0.0 0.0 0.0 0.0 0.0
586 1997.7835693359375 606.8042907714844 357.3961303801947 0.0 0.0 0.0 0.0 0.0 0.0 0.0
1058 1997.7835693359375 606.8042907714844 357.3961303801947 0.0 0.0 0.0 0.0 0.0 0.0 0.0
1066 1997.7835693359375 606.8042907714844 357.3961303801947 0.0 0.0 0.0 0.0 0.0 0.0 0.0
1074 1997.7835693359375 606.8042907714844 357.3961303801947 0.0 0.0 0.0 0.0 0.0 0.0 0.0
1082 1997.7835693359375 606.8042907714844 357.3961303801947 0.0 0.0 0.0 0.0 0.0 0.0 0.0
1090 1997.7835693359375 606.8042907714844 357.3961303801947 0.0 0.0 0.0 0.0 0.0 0.0 0.0
1098 1997.7835693359375 606.8042907714844 357.3961303801947 0.0 0.0 0.0 0.0 0.0 0.0 0.0
1106 1997.7835693359375 606.8042907714844 357.3961303801947 0.0 0.0 0.0 0.0 0.0 0.0 0.0
1114 1997.7835693359375 606.8042907714844 357.3961303801947 0.0 0.0 0.0 0.0 0.0 0.0 0.0
1122 1997.7835693359375 606.8042907714844 357.3961303801947 0.0 0.0 0.0 0.0 0.0 0.0 0.0
1130 1997.7835693359375 606.8042907714844 357.3961303801947 0.0 0.0 0.0 0.0 0.0 0.0 0.0
1140 1997.7835693359375 606.8042907714844 357.3961303801947 0.0 0.0 0.0 0.0 0.0 0.0 0.0
1147 1997.7835693359375 606.8042907714844 357.3961303801947 0.0 0.0 0.0 0.0 0.0 0.0 0.0
1154 1997.7835693359375 606.8042907714844 357.3961303801947 0.0 0.0 0.0 0.0 0.0 0.0 0.0
1162 1997.7835693359375 606.8042907714844 357.3961303801947 0.0 0.0 0.0 0.0 0.0 0.0 0.0
1170 1997.7835693359375 606.8042907714844 357.3961303801947 0.0 0.0 0.0 0.0 0.0 0.0 0.0
1178 1997.7835693359375 606.8042907714844 357.3961303801947 0.0 0.0 0.0 0.0 0.0 0.0 0.0
1186 1997.7835693359375 606.8042907714844 357.3961303801947 0.0 0.0 0.0 0.0 0.0 0.0 0.0
1194 1997.7835693359375 606.8042907714844 357.3961303801947 0.0 0.0 0.0 0.0 0.0 0.0 0.0
1202 2008.781774520874 614.9122924804688 358.0512551728333 0.0 0.0 0.0 0.0 0.0 0.0 0.0
1210 2008.781774520874 623.7777709960938 358.6550837488269 0.0 0.0 0.0 0.0 0.0 0.0 0.0
1218 2008.781774520874 630.4268188476562 359.0807659918223 0.0 0.0 0.0 0.0 0.0 0.0 0.0
1227 2010.998083114624 637.075927734375 358.3369838072407 0.0 0.0 0.0 0.0 0.0 0.0 0.0
1234 2010.998083114624 641.5086669921875 358.63954482204167 0.0 0.0 0.0 0.0 0.0 0.0 0.0
1242 2010.998083114624 648.1577758789062 359.06617553790176 0.0 0.0 0.0 0.0 0.0 0.0 0.0
1250 2010.998083114624 654.806884765625 359.46719438631186 0.0 0.0 0.0 0.0 0.0 0.0 0.0
1258 2013.2145137786865 661.4559936523438 358.6992511242937 0.0 0.0 0.0 0.0 0.0 0.0 0.0
1267 2013.2145137786865 668.1051025390625 359.12231728554 0.0 0.0 0.0 0.0 0.0 0.0 0.0
1274 2013.2145137786865 676.9705200195312 359.64210736368796 0.0 0.0 0.0 0.0 0.0 0.0 0.0
1285 2015.4308223724365 683.61962890625 358.8633383816142 0.0 0.0 0.0 0.0 0.0 0.0 0.0
1292 2015.4308223724365 690.2687377929688 359.27655346800174 0.0 0.0 0.0 0.0 0.0 0.0 0.0
1299 2017.647253036499 694.7014770507812 358.3733333912013 0.0 0.0 0.0 0.0 0.0 0.0 0.0
1308 2017.647253036499 699.1342163085938 358.6743876656673 0.0 0.0 0.0 0.0 0.0 0.0 0.0
1316 2017.647253036499 701.3505859375 358.82181345147933 0.0 0.0 0.0 0.0 0.0 0.0 0.0
1323 2017.647253036499 705.7833251953125 359.104608686121 0.0 0.0 0.0 0.0 0.0 0.0 0.0
1330 2017.647253036499 710.216064453125 359.37585097846886 0.0 0.0 0.0 0.0 0.0 0.0 0.0
1339 2017.647253036499 714.6488037109375 359.63603862225483 0.0 0.0 0.0 0.0 0.0 0.0 0.0
1347 2019.863561630249 721.2978515625 358.85766167057557 0.0 0.0 0.0 0.0 0.0 0.0 0.0
1356 2019.863561630249 732.3796997070312 359.5204256586625 0.0 0.0 0.0 0.0 0.0 0.0 0.0
1363 2022.0799922943115 741.2451782226562 358.88613275495226 0.0 0.0 0.0 0.0 0.0 0.0 0.0
1372 2022.0799922943115 752.3270263671875 359.5461436810901 0.0 0.0 0.0 0.0 0.0 0.0 0.0
1383 2022.0799922943115 765.6251831054688 0.24834125653910633 0.0 0.0 0.0 0.0 0.0 0.0 0.0
1388 2022.0799922943115 778.9234008789062 0.870867753477711 0.0 0.0 0.0 0.0 0.0 0.0 0.0
1396 2022.0799922943115 792.2216186523438 1.4227350445680713 0.0 0.0 0.0 0.0 0.0 0.0 0.0
1403 2022.0799922943115 805.5198364257812 1.9118762673201104 0.0 0.0 0.0 0.0 0.0 0.0 0.0
1412 2022.0799922943115 818.8179931640625 2.3454035276266154 0.0 0.0 0.0 0.0 0.0 0.0 0.0
1418 2022.0799922943115 829.8998413085938 2.6717886221359777 0.0 0.0 0.0 0.0 0.0 0.0 0.0
1426 2022.0799922943115 840.981689453125 2.9666663653565593 0.0 0.0 0.0 0.0 0.0 0.0 0.0
1435 2022.0799922943115 854.2798461914062 3.2802317785916557 0.0 0.0 0.0 0.0 0.0 0.0 0.0
1443 2022.0799922943115 867.5780639648438 3.558135064179595 0.0 0.0 0.0 0.0 0.0 0.0 0.0
1450 2022.0799922943115 880.8762817382812 3.8043795969129235 0.0 0.0 0.0 0.0 0.0 0.0 0.0
1458 2022.0799922943115 891.9581298828125 3.989735589275085 0.0 0.0 0.0 0.0 0.0 0.0 0.0
1469 2024.2963008880615 907.47265625 3.149257401102574 0.0 0.0 0.0 0.0 0.0 0.0 0.0
1476 2024.2963008880615 920.7708740234375 3.442066478725394 0.0 0.0 0.0 0.0 0.0 0.0 0.0
1484 2026.512731552124 934.069091796875 2.6155455829936045 0.0 0.0 0.0 0.0 0.0 0.0 0.0
1491 2026.512731552124 947.3673095703125 2.969080437121221 0.0 0.0 0.0 0.0 0.0 0.0 0.0
1498 2026.512731552124 960.66552734375 3.282392492451777 0.0 0.0 0.0 0.0 0.0 0.0 0.0
1509 2026.512731552124 973.963623046875 3.5600514877431237 0.0 0.0 0.0 0.0 0.0 0.0 0.0
1516 2026.512731552124 987.2618408203125 3.806117565178482 0.0 0.0 0.0 0.0 0.0 0.0 0.0
1523 2028.729040145874 1000.56005859375 2.93794009263479 0.0 0.0 0.0 0.0 0.0 0.0 0.0
1530 2028.729040145874 1011.641845703125 3.207043369638825 0.0 0.0 0.0 0.0 0.0 0.0 0.0
1539 2028.729040145874 1024.9400634765625 3.4932676246397705 0.0 0.0 0.0 0.0 0.0 0.0 0.0
1546 2028.729040145874 1038.23828125 3.7468996639307477 0.0 0.0 0.0 0.0 0.0 0.0 0.0
1558 2028.729040145874 1051.5364990234375 3.971650880242464 0.0 0.0 0.0 0.0 0.0 0.0 0.0
1563 2028.729040145874 1064.834716796875 4.170839984804076 0.0 0.0 0.0 0.0 0.0 0.0 0.0
1575 2028.729040145874 1078.1329345703125 4.347356105777834 0.0 0.0 0.0 0.0 0.0 0.0 0.0
1578 2028.729040145874 1093.6474609375 4.52645530804304 0.0 0.0 0.0 0.0 0.0 0.0 0.0
1589 2026.512731552124 1106.9456787109375 5.749930149649629 0.0 0.0 0.0 0.0 0.0 0.0 0.0
1594 2026.512731552124 1122.460205078125 5.746154327120337 0.0 0.0 0.0 0.0 0.0 0.0 0.0
1603 2026.512731552124 1137.974853515625 5.742862927289508 0.0 0.0 0.0 0.0 0.0 0.0 0.0
1610 2026.512731552124 1149.056640625 5.740776296310855 0.0 0.0 0.0 0.0 0.0 0.0 0.0
1620 2026.512731552124 1160.138427734375 5.738883787233817 0.0 0.0 0.0 0.0 0.0 0.0 0.0
1626 2026.512731552124 1171.2203369140625 5.737174406990391 0.0 0.0 0.0 0.0 0.0 0.0 0.0
1639 2026.512731552124 1180.0858154296875 5.7358737813856635 0.0 0.0 0.0 0.0 0.0 0.0 0.0
1642 2024.2963008880615 1188.9512939453125 6.864866446070209 0.0 0.0 0.0 0.0 0.0 0.0 0.0
1651 2024.2963008880615 1197.816650390625 6.77464069088893 0.0 0.0 0.0 0.0 0.0 0.0 0.0
1658 2024.2963008880615 1202.2493896484375 6.7313765061136905 0.0 0.0 0.0 0.0 0.0 0.0 0.0
1668 2024.2963008880615 1208.8985595703125 6.6703935911957615 0.0 0.0 0.0 0.0 0.0 0.0 0.0
1674 2024.2963008880615 1215.547607421875 6.613103974952935 0.0 0.0 0.0 0.0 0.0 0.0 0.0
1684 2024.2963008880615 1219.9803466796875 6.576456737576393 0.0 0.0 0.0 0.0 0.0 0.0 0.0
1696 2024.2963008880615 1224.4130859375 6.541325686846932 0.0 0.0 0.0 0.0 0.0 0.0 0.0
1700 2024.2963008880615 1226.6295166015625 6.524112323331451 0.0 0.0 0.0 0.0 0.0 0.0 0.0
1707 2024.2963008880615 1231.062255859375 6.4911574000299765 0.0 0.0 0.0 0.0 0.0 0.0 0.0
1715 2024.2963008880615 1235.494873046875 6.4595275601582784 0.0 0.0 0.0 0.0 0.0 0.0 0.0
1726 2024.2963008880615 1239.9276123046875 6.429193007501823 0.0 0.0 0.0 0.0 0.0 0.0 0.0
1730 2024.2963008880615 1246.5767822265625 6.386425373217236 0.0 0.0 0.0 0.0 0.0 0.0 0.0
1743 2024.2963008880615 1251.009521484375 6.359128010534334 0.0 0.0 0.0 0.0 0.0 0.0 0.0
1746 2024.2963008880615 1255.4422607421875 6.33294268718501 0.0 0.0 0.0 0.0 0.0 0.0 0.0
1757 2024.2963008880615 1259.875 6.307794976682089 0.0 0.0 0.0 0.0 0.0 0.0 0.0
1762 2024.2963008880615 1264.3077392578125 6.283684181487843 0.0 0.0 0.0 0.0 0.0 0.0 0.0
1774 2024.2963008880615 1266.5240478515625 6.271857847995733 0.0 0.0 0.0 0.0 0.0 0.0 0.0
1778 2024.2963008880615 1268.740478515625 6.260277518476414 0.0 0.0 0.0 0.0 0.0 0.0 0.0
1789 2024.2963008880615 1270.956787109375 6.2489624730985724 0.0 0.0 0.0 0.0 0.0 0.0 0.0
1850 2024.2963008880615 1282.03857421875 6.197916142427545 0.0 0.0 0.0 0.0 0.0 0.0 0.0
1858 2022.0799922943115 1293.1204833984375 7.259833493785948 0.0 0.0 0.0 0.0 0.0 0.0 0.0
1866 2019.863561630249 1301.9859619140625 8.267743049664205 0.0 0.0 0.0 0.0 0.0 0.0 0.0
1879 2019.863561630249 1310.8514404296875 8.066828484883985 0.0 0.0 0.0 0.0 0.0 0.0 0.0
1889 2019.863561630249 1317.50048828125 7.925232518836879 0.0 0.0 0.0 0.0 0.0 0.0 0.0
1890 2017.647253036499 1319.7169189453125 9.07845053190431 0.0 0.0 0.0 0.0 0.0 0.0 0.0