0 1544.7103958129883 2276.5833740234375 216.3879201872034 1650.0 1500.0 0 0.0 0.0 0.0 0.0
104 2143.7005767822266 1950.690444946289 211.01967710230693 1650.0 1500.0 0 0.0 0.0 0.0 0.0
125 2143.7005767822266 1907.212173461914 200.53681574042508 1650.0 1500.0 0 0.0 0.0 0.0 0.0
126 2143.7005767822266 1907.212173461914 200.53680768650736 1650.0 1500.0 0 0.0 0.0 0.0 0.0
154 2143.7005767822266 1879.544204711914 194.14031695235013 1650.0 1500.0 0 0.0 0.0 0.0 0.0
175 2143.7005767822266 1832.113296508789 184.09325830794927 1650.0 1500.0 0 0.0 0.0 0.0 0.0
191 2143.7005767822266 1796.5401763916016 177.20168759234366 1650.0 1500.0 0 0.0 0.0 0.0 0.0
207 2159.5108795166016 1757.0145416259766 172.77629617559387 1650.0 1500.0 0 0.0 0.0 0.0 0.0
224 2179.273696899414 1717.488784790039 169.61018136113387 1650.0 1500.0 0 0.0 0.0 0.0 0.0
238 2199.0365142822266 1681.9156646728516 167.48628557861315 1650.0 1500.0 0 0.0 0.0 0.0 0.0
254 2210.8941802978516 1658.2003326416016 165.99072540745664 1650.0 1500.0 0 0.0 0.0 0.0 0.0
272 2218.799331665039 1642.3900299072266 165.06331416923496 1650.0 1500.0 0 0.0 0.0 0.0 0.0
288 2222.751968383789 1634.484878540039 164.61643281977368 1650.0 1500.0 0 0.0 0.0 0.0 0.0
304 2222.751968383789 1630.5323638916016 164.01455002365282 1650.0 1500.0 0 0.0 0.0 0.0 0.0
370 2222.751968383789 1634.484878540039 164.6247330606269 1650.0 1500.0 0 0.0 0.0 0.0 0.0
388 2222.751968383789 1638.437515258789 165.24325431887482 1650.0 1500.0 0 0.0 0.0 0.0 0.0
404 2222.751968383789 1642.3900299072266 165.87007408033543 1650.0 1500.0 0 0.0 0.0 0.0 0.0
424 2218.799331665039 1642.3900299072266 165.10198334593923 1650.0 1500.0 0 0.0 0.0 0.0 0.0
437 2214.8468170166016 1646.342544555664 164.94678056090726 1650.0 1500.0 0 0.0 0.0 0.0 0.0
454 2210.8941802978516 1650.295181274414 164.78772890734942 1650.0 1500.0 0 0.0 0.0 0.0 0.0
474 2206.941665649414 1658.2003326416016 165.25875748986422 1650.0 1500.0 0 0.0 0.0 0.0 0.0
488 2199.0365142822266 1670.0579986572266 165.60337894990994 1650.0 1500.0 0 0.0 0.0 0.0 0.0
504 2183.2262115478516 1697.7259674072266 167.12335653920596 1650.0 1500.0 0 0.0 0.0 0.0 0.0
525 2147.653091430664 1745.1568756103516 168.47911160005793 1650.0 1500.0 0 0.0 0.0 0.0 0.0
526 2147.653091430664 1745.1568756103516 168.4791169173517 1650.0 1500.0 0 0.0 0.0 0.0 0.0
554 2135.795425415039 1760.967056274414 168.9732672674846 1650.0 1500.0 0 0.0 0.0 0.0 0.0
575 2112.0799713134766 1796.5401763916016 171.00020191718392 1650.0 1500.0 0 0.0 0.0 0.0 0.0
576 2112.0799713134766 1796.5401763916016 171.0001927868994 1650.0 1500.0 0 0.0 0.0 0.0 0.0
591 2108.127456665039 1812.3504791259766 173.20186384994668 1650.0 1500.0 0 0.0 0.0 0.0 0.0
607 2104.174819946289 1816.3031158447266 173.2481269248506 1650.0 1500.0 0 0.0 0.0 0.0 0.0
623 2100.2223052978516 1816.3031158447266 172.5666829265233 1650.0 1500.0 0 0.0 0.0 0.0 0.0
638 2100.2223052978516 1820.255630493164 173.28635700221747 1650.0 1500.0 0 0.0 0.0 0.0 0.0
655 2100.2223052978516 1824.208267211914 174.01453611890227 1650.0 1500.0 0 0.0 0.0 0.0 0.0
737 2096.2696685791016 1824.208267211914 173.34277886108032 1650.0 1500.0 0 0.0 0.0 0.0 0.0
771 2092.317153930664 1824.208267211914 172.66254716154154 1650.0 1500.0 0 0.0 0.0 0.0 0.0
821 2088.3646392822266 1824.208267211914 171.97378171278814 1650.0 1500.0 0 0.0 0.0 0.0 0.0
854 2088.3646392822266 1820.255630493164 171.278139892014 1650.0 1500.0 0 0.0 0.0 0.0 0.0
873 2088.3646392822266 1816.3031158447266 170.59087681528914 1650.0 1500.0 0 0.0 0.0 0.0 0.0
887 2084.4120025634766 1812.3504791259766 169.19879906135435 1650.0 1500.0 0 0.0 0.0 0.0 0.0
904 2080.459487915039 1800.4928131103516 166.53854917973177 1650.0 1500.0 0 0.0 0.0 0.0 0.0
925 2068.6016998291016 1784.6825103759766 161.84004415133708 1650.0 1500.0 0 0.0 0.0 0.0 0.0
926 2068.6016998291016 1784.6825103759766 161.8400305058634 1650.0 1500.0 0 0.0 0.0 0.0 0.0
954 2064.649185180664 1776.777359008789 159.9294810666628 1650.0 1500.0 0 0.0 0.0 0.0 0.0
975 2052.791519165039 1757.0145416259766 154.970362322603 1650.0 1500.0 0 0.0 0.0 0.0 0.0
991 2048.838882446289 1749.109390258789 153.2014640034705 1650.0 1500.0 0 0.0 0.0 0.0 0.0
1007 2048.838882446289 1741.2042388916016 152.3381175054544 1650.0 1500.0 0 0.0 0.0 0.0 0.0
1023 2044.8863677978516 1737.251724243164 151.03175754570594 1650.0 1500.0 0 0.0 0.0 0.0 0.0
1039 2044.8863677978516 1733.299087524414 150.62670279689036 1650.0 1500.0 0 0.0 0.0 0.0 0.0
1054 2040.9337310791016 1729.3465728759766 149.3352132955386 1650.0 1500.0 0 0.0 0.0 0.0 0.0
1074 2040.9337310791016 1725.3939361572266 148.95651852572882 1650.0 1500.0 0 0.0 0.0 0.0 0.0
1087 2036.981216430664 1721.441421508789 147.6806385767891 1650.0 1500.0 0 0.0 0.0 0.0 0.0
1104 2036.981216430664 1717.488784790039 147.32792194143508 1650.0 1500.0 0 0.0 0.0 0.0 0.0
1124 2033.028579711914 1709.583755493164 145.7444096921717 1650.0 1500.0 0 0.0 0.0 0.0 0.0
1137 2033.028579711914 1693.773452758789 144.51569298038237 1650.0 1500.0 0 0.0 0.0 0.0 0.0
1154 2029.0760650634766 1670.0579986572266 141.97420231276652 1650.0 1500.0 0 0.0 0.0 0.0 0.0
1173 2029.0760650634766 1638.437515258789 140.10027494094646 1650.0 1500.0 0 0.0 0.0 0.0 0.0
1188 2029.0760650634766 1610.7694244384766 138.6327566462146 1650.0 1500.0 0 0.0 0.0 0.0 0.0
1204 2029.0760650634766 1591.006607055664 137.6659336897685 1650.0 1500.0 0 0.0 0.0 0.0 0.0
1224 2025.1234283447266 1567.291275024414 135.7301034463786 1650.0 1500.0 0 0.0 0.0 0.0 0.0
1238 2025.1234283447266 1547.528335571289 134.98981085016692 1650.0 1500.0 0 0.0 0.0 0.0 0.0
1254 2025.1234283447266 1535.670669555664 134.56720958387456 1650.0 1500.0 0 0.0 0.0 0.0 0.0
1274 2021.170913696289 1527.7655181884766 133.34931969921348 1650.0 1500.0 0 0.0 0.0 0.0 0.0
1287 2021.170913696289 1523.813003540039 133.23122591361374 1650.0 1500.0 0 0.0 0.0 0.0 0.0
1304 2021.170913696289 1519.860366821289 133.1151037958596 1650.0 1500.0 0 0.0 0.0 0.0 0.0
1325 2021.170913696289 1511.9552154541016 132.89051963581846 1650.0 1500.0 0 0.0 0.0 0.0 0.0
1326 2021.170913696289 1511.9552154541016 132.89051272074965 1650.0 1500.0 0 0.0 0.0 0.0 0.0
1355 2017.2183990478516 1511.9552154541016 131.9101953122978 1650.0 1500.0 0 0.0 0.0 0.0 0.0
1375 2013.2657623291016 1511.9552154541016 130.92834712468795 1650.0 1500.0 0 0.0 0.0 0.0 0.0
1390 2013.2657623291016 1508.002700805664 130.8509606624326 1650.0 1500.0 0 0.0 0.0 0.0 0.0
1537 2013.2657623291016 1500.0975494384766 130.70131781106244 1650.0 1500.0 0 0.0 0.0 0.0 0.0
1554 2013.2657623291016 1488.2398834228516 130.48782592127316 1650.0 1500.0 0 0.0 0.0 0.0 0.0
1574 2013.2657623291016 1468.4769439697266 130.1601084830368 1650.0 1500.0 0 0.0 0.0 0.0 0.0
1587 2013.2657623291016 1444.7616119384766 129.80354469899447 1650.0 1500.0 0 0.0 0.0 0.0 0.0
1604 2013.2657623291016 1424.9986724853516 129.52989821226316 1650.0 1500.0 0 0.0 0.0 0.0 0.0
1624 2013.2657623291016 1397.3307037353516 129.18788924498443 1650.0 1500.0 0 0.0 0.0 0.0 0.0
1637 2013.2657623291016 1377.567886352539 128.96291334293795 1650.0 1500.0 0 0.0 0.0 0.0 0.0
1654 2013.2657623291016 1365.710220336914 128.8345353305259 1650.0 1500.0 0 0.0 0.0 0.0 0.0
1674 2021.170913696289 1353.8524322509766 130.5809995642656 1650.0 1500.0 0 0.0 0.0 0.0 0.0
1688 2029.0760650634766 1341.9947662353516 132.23732174815507 1650.0 1500.0 0 0.0 0.0 0.0 0.0
1704 2040.9337310791016 1334.089614868164 134.86840500626778 1650.0 1500.0 0 0.0 0.0 0.0 0.0
1726 2072.5543365478516 1310.3741607666016 141.0071042549905 1650.0 1500.0 0 0.0 0.0 0.0 0.0
1727 2072.5543365478516 1310.3741607666016 141.00712658065964 1650.0 1500.0 0 0.0 0.0 0.0 0.0
1754 2100.2223052978516 1286.6588287353516 145.57527787965833 1650.0 1500.0 0 0.0 0.0 0.0 0.0
1775 2167.4159088134766 1219.465103149414 153.03507337028233 1650.0 1500.0 0 0.0 0.0 0.0 0.0
1776 2167.4159088134766 1219.465103149414 153.03507068814957 1650.0 1500.0 0 0.0 0.0 0.0 0.0
2921 2167.4159088134766 1219.465103149414 153.03507068814957 1650.0 1500.0 0 0.0 0.0 0.0 0.0
2941 2167.4159088134766 1219.465103149414 153.03507068814957 1650.0 1500.0 0 0.0 0.0 0.0 0.0
2958 2167.4159088134766 1219.465103149414 153.03507068814957 1650.0 1500.0 0 0.0 0.0 0.0 0.0
2959 2131.0035552978516 1503.2252868413925 153.03506223427448 1650.0 1500.0 0 0.0 0.0 0.0 0.0
2975 2170.529312133789 1495.320135474205 156.53446512852298 1650.0 1500.0 0 0.0 0.0 0.0 0.0
2990 2210.0550689697266 1491.367498755455 160.46941300727642 1650.0 1500.0 0 0.0 0.0 0.0 0.0
3007 2245.6280670166016 1483.4623473882675 161.8583022896898 1650.0 1500.0 0 0.0 0.0 0.0 0.0
3023 2277.2486724853516 1479.50983273983 163.87830373187325 1650.0 1500.0 0 0.0 0.0 0.0 0.0
3038 2304.9166412353516 1475.5573180913925 165.1707583628787 1650.0 1500.0 0 0.0 0.0 0.0 0.0
3055 2328.6319732666016 1475.5573180913925 167.32029941741118 1650.0 1500.0 0 0.0 0.0 0.0 0.0
3074 2352.3475494384766 1475.5573180913925 169.1496714061787 1650.0 1500.0 0 0.0 0.0 0.0 0.0
3087 2368.1578521728516 1475.5573180913925 170.241233754738 1650.0 1500.0 0 0.0 0.0 0.0 0.0
3104 2380.0155181884766 1475.5573180913925 170.99359312810017 1650.0 1500.0 0 0.0 0.0 0.0 0.0
3124 2395.8258209228516 1475.5573180913925 171.89109016060917 1650.0 1500.0 0 0.0 0.0 0.0 0.0
3137 2399.7782135009766 1475.5573180913925 172.10902797950502 1650.0 1500.0 0 0.0 0.0 0.0 0.0
3220 2383.9679107666016 1475.5573180913925 171.1207943207202 1650.0 1500.0 0 0.0 0.0 0.0 0.0
3237 2368.1578521728516 1471.6046813726425 168.1088552836755 1650.0 1500.0 0 0.0 0.0 0.0 0.0
3254 2344.4422760009766 1463.699530005455 161.7415239107135 1650.0 1500.0 0 0.0 0.0 0.0 0.0
3274 2312.8216705322266 1455.7943786382675 152.48627252512142 1650.0 1500.0 0 0.0 0.0 0.0 0.0
3287 2281.2013092041016 1451.84186398983 142.97196188088753 1650.0 1500.0 0 0.0 0.0 0.0 0.0
3304 2245.6280670166016 1439.984197974205 127.57542237701315 1650.0 1500.0 0 0.0 0.0 0.0 0.0
3325 2158.6715240478516 1432.0790466070175 86.98149363236547 1650.0 1500.0 0 0.0 0.0 0.0 0.0
3326 2158.6715240478516 1432.0790466070175 86.98150848158798 1650.0 1500.0 0 0.0 0.0 0.0 0.0
3357 2075.6676177978516 1424.17389523983 57.22868495828703 1650.0 1500.0 0 0.0 0.0 0.0 0.0
3374 2036.1419830322266 1424.17389523983 44.98479789814587 1650.0 1500.0 0 0.0 0.0 0.0 0.0
3390 1996.616226196289 1424.17389523983 35.02945588727516 1650.0 1500.0 0 0.0 0.0 0.0 0.0
3406 1961.0431060791016 1424.17389523983 27.747245813346808 1650.0 1500.0 0 0.0 0.0 0.0 0.0
3423 1941.280288696289 1424.17389523983 24.183987668669374 1650.0 1500.0 0 0.0 0.0 0.0 0.0
3438 1921.5174713134766 1428.1264098882675 19.643355643504265 1650.0 1500.0 0 0.0 0.0 0.0 0.0
3454 1905.7071685791016 1432.0790466070175 16.06290689932382 1650.0 1500.0 0 0.0 0.0 0.0 0.0
3474 1897.802017211914 1436.031561255455 13.579903657839168 1650.0 1500.0 0 0.0 0.0 0.0 0.0
3487 1893.849380493164 1436.031561255455 13.176150809524415 1650.0 1500.0 0 0.0 0.0 0.0 0.0
3537 1893.849380493164 1439.984197974205 11.51049367677274 1650.0 1500.0 0 0.0 0.0 0.0 0.0
3554 1897.802017211914 1439.984197974205 11.8766140802025 1650.0 1500.0 0 0.0 0.0 0.0 0.0
3573 1901.7545318603516 1443.9367126226425 10.532240678645849 1650.0 1500.0 0 0.0 0.0 0.0 0.0
3587 1905.7071685791016 1447.88922727108 9.139716279715003 1650.0 1500.0 0 0.0 0.0 0.0 0.0
3604 1913.612319946289 1447.88922727108 9.747883958305238 1650.0 1500.0 0 0.0 0.0 0.0 0.0
3624 1917.5648345947266 1447.88922727108 10.061132360677107 1650.0 1500.0 0 0.0 0.0 0.0 0.0
3637 1921.5174713134766 1447.88922727108 10.383794358352475 1650.0 1500.0 0 0.0 0.0 0.0 0.0
3671 1925.469985961914 1447.88922727108 10.716125008479139 1650.0 1500.0 0 0.0 0.0 0.0 0.0
3688 1929.4225006103516 1447.88922727108 11.058427755595233 1650.0 1500.0 0 0.0 0.0 0.0 0.0
3704 1933.3751373291016 1447.88922727108 11.411032229785746 1650.0 1500.0 0 0.0 0.0 0.0 0.0
3725 1941.280288696289 1447.88922727108 12.15969431780428 1650.0 1500.0 0 0.0 0.0 0.0 0.0
3757 1949.1854400634766 1447.88922727108 12.954371462232757 1650.0 1500.0 0 0.0 0.0 0.0 0.0
3775 1953.137954711914 1447.88922727108 13.36350781067432 1650.0 1500.0 0 0.0 0.0 0.0 0.0
3790 1961.0431060791016 1447.88922727108 14.231824383641879 1650.0 1500.0 0 0.0 0.0 0.0 0.0
3822 1964.9957427978516 1447.88922727108 14.678816143303266 1650.0 1500.0 0 0.0 0.0 0.0 0.0
3837 1968.948257446289 1447.88922727108 15.138995222094536 1650.0 1500.0 0 0.0 0.0 0.0 0.0
3857 1972.9007720947266 1447.88922727108 15.612669299915126 1650.0 1500.0 0 0.0 0.0 0.0 0.0
3874 1976.8534088134766 1447.88922727108 16.1003098856404 1650.0 1500.0 0 0.0 0.0 0.0 0.0
3970 1972.9007720947266 1439.984197974205 18.75320665805799 1650.0 1500.0 0 0.0 0.0 0.0 0.0
3987 1968.948257446289 1436.031561255455 19.759736230730994 1650.0 1500.0 0 0.0 0.0 0.0 0.0
4004 1961.0431060791016 1428.1264098882675 21.629128235533358 1650.0 1500.0 0 0.0 0.0 0.0 0.0
4023 1953.137954711914 1416.2687438726425 24.791259403632864 1650.0 1500.0 0 0.0 0.0 0.0 0.0
4037 1945.2328033447266 1404.4110778570175 27.683401833501705 1650.0 1500.0 0 0.0 0.0 0.0 0.0
4054 1933.3751373291016 1388.6007751226425 30.840400919909598 1650.0 1500.0 0 0.0 0.0 0.0 0.0
4074 1917.5648345947266 1364.88532102108 35.16625508057962 1650.0 1500.0 0 0.0 0.0 0.0 0.0
4087 1901.7545318603516 1341.1698669195175 38.76111634415474 1650.0 1500.0 0 0.0 0.0 0.0 0.0
4104 1881.991714477539 1317.4545348882675 40.80748194650323 1650.0 1500.0 0 0.0 0.0 0.0 0.0
4125 1850.3712310791016 1262.118475317955 46.90715342428484 1650.0 1500.0 0 0.0 0.0 0.0 0.0
4126 1850.3712310791016 1262.118475317955 46.907159962565686 1650.0 1500.0 0 0.0 0.0 0.0 0.0
4141 1842.466079711914 1242.3556579351425 49.73135823465077 1650.0 1500.0 0 0.0 0.0 0.0 0.0
4158 1826.655776977539 1222.59284055233 49.90254987076747 1650.0 1500.0 0 0.0 0.0 0.0 0.0
4175 1814.798110961914 1202.8300231695175 51.16933675857422 1650.0 1500.0 0 0.0 0.0 0.0 0.0
4190 1806.8929595947266 1190.97223508358 51.6144725501826 1650.0 1500.0 0 0.0 0.0 0.0 0.0
4206 1798.987808227539 1171.2094177007675 53.810271935991125 1650.0 1500.0 0 0.0 0.0 0.0 0.0
4223 1787.1300201416016 1151.446600317955 54.50219680062196 1650.0 1500.0 0 0.0 0.0 0.0 0.0
4238 1783.177505493164 1139.58893430233 55.907004562320935 1650.0 1500.0 0 0.0 0.0 0.0 0.0
4254 1775.2723541259766 1123.778631567955 56.72570086991982 1650.0 1500.0 0 0.0 0.0 0.0 0.0
4274 1767.367202758789 1107.96832883358 57.44878097772283 1650.0 1500.0 0 0.0 0.0 0.0 0.0
4288 1759.4620513916016 1096.110662817955 57.2864946565432 1650.0 1500.0 0 0.0 0.0 0.0 0.0
4307 1755.509536743164 1084.2528747320175 58.45843115855797 1650.0 1500.0 0 0.0 0.0 0.0 0.0
4324 1747.6043853759766 1068.442694067955 58.97878492814897 1650.0 1500.0 0 0.0 0.0 0.0 0.0
4338 1743.651870727539 1060.5375427007675 59.222811904724836 1650.0 1500.0 0 0.0 0.0 0.0 0.0
4355 1731.7940826416016 1052.63239133358 56.7628093887804 1650.0 1500.0 0 0.0 0.0 0.0 0.0
4374 1727.841567993164 1040.7746032476425 57.978747710361915 1650.0 1500.0 0 0.0 0.0 0.0 0.0
4389 1723.888931274414 1032.8695739507675 58.28485879471356 1650.0 1500.0 0 0.0 0.0 0.0 0.0
4404 1719.9364166259766 1028.9169372320175 57.73205671509419 1650.0 1500.0 0 0.0 0.0 0.0 0.0
4424 1715.9837799072266 1024.9643615484238 57.20098672555031 1650.0 1500.0 0 0.0 0.0 0.0 0.0
4437 1712.031265258789 1024.9643615484238 55.78374563670934 1650.0 1500.0 0 0.0 0.0 0.0 0.0
4504 1712.031265258789 1028.9169372320175 54.81558474451731 1650.0 1500.0 0 0.0 0.0 0.0 0.0
4525 1719.9364166259766 1036.822088599205 55.75920873519266 1650.0 1500.0 0 0.0 0.0 0.0 0.0
4526 1719.9364166259766 1036.822088599205 55.75924336602134 1650.0 1500.0 0 0.0 0.0 0.0 0.0
4557 1723.888931274414 1044.7272399663925 55.25268516391054 1650.0 1500.0 0 0.0 0.0 0.0 0.0
4575 1723.888931274414 1048.67975461483 54.27125371823968 1650.0 1500.0 0 0.0 0.0 0.0 0.0
4591 1723.888931274414 1052.63239133358 53.26550434452844 1650.0 1500.0 0 0.0 0.0 0.0 0.0
4673 1723.888931274414 1056.5849059820175 52.235234895833855 1650.0 1500.0 0 0.0 0.0 0.0 0.0
4704 1723.888931274414 1060.5375427007675 51.18014258371687 1650.0 1500.0 0 0.0 0.0 0.0 0.0
4724 1727.841567993164 1064.490057349205 51.474195610785046 1650.0 1500.0 0 0.0 0.0 0.0 0.0
4737 1727.841567993164 1068.442694067955 50.40101362811163 1650.0 1500.0 0 0.0 0.0 0.0 0.0
4754 1731.7940826416016 1068.442694067955 51.74826604865382 1650.0 1500.0 0 0.0 0.0 0.0 0.0
4774 1735.7467193603516 1072.3952087163925 52.06704964455321 1650.0 1500.0 0 0.0 0.0 0.0 0.0
4787 1739.699234008789 1076.34772336483 52.399615648140525 1650.0 1500.0 0 0.0 0.0 0.0 0.0
4804 1747.6043853759766 1080.30036008358 54.19759819783667 1650.0 1500.0 0 0.0 0.0 0.0 0.0
4824 1747.6043853759766 1088.2055114507675 52.1318006504182 1650.0 1500.0 0 0.0 0.0 0.0 0.0
4837 1751.556900024414 1088.2055114507675 53.5104668222329 1650.0 1500.0 0 0.0 0.0 0.0 0.0
4854 1759.4620513916016 1092.158026099205 55.377224060894946 1650.0 1500.0 0 0.0 0.0 0.0 0.0
4874 1763.4146881103516 1092.158026099205 56.81123133744313 1650.0 1500.0 0 0.0 0.0 0.0 0.0
4888 1767.367202758789 1092.158026099205 58.2681200523005 1650.0 1500.0 0 0.0 0.0 0.0 0.0
5021 1763.4146881103516 1092.158026099205 56.83381788162512 1650.0 1500.0 0 0.0 0.0 0.0 0.0
5037 1759.4620513916016 1088.2055114507675 56.33813189480122 1650.0 1500.0 0 0.0 0.0 0.0 0.0
5054 1755.509536743164 1084.2528747320175 55.862138856206286 1650.0 1500.0 0 0.0 0.0 0.0 0.0
5074 1751.556900024414 1076.34772336483 56.299617243394096 1650.0 1500.0 0 0.0 0.0 0.0 0.0
5088 1747.6043853759766 1068.442694067955 56.71001714212389 1650.0 1500.0 0 0.0 0.0 0.0 0.0
5104 1743.651870727539 1064.490057349205 56.21930678906676 1650.0 1500.0 0 0.0 0.0 0.0 0.0
5124 1735.7467193603516 1052.63239133358 56.17599819687291 1650.0 1500.0 0 0.0 0.0 0.0 0.0
5138 1727.841567993164 1048.67975461483 54.368029969085 1650.0 1500.0 0 0.0 0.0 0.0 0.0
5154 1719.9364166259766 1032.8695739507675 55.366150517113454 1650.0 1500.0 0 0.0 0.0 0.0 0.0
5174 1708.078628540039 1024.9643615484238 53.255239571491984 1650.0 1500.0 0 0.0 0.0 0.0 0.0
5188 1692.2684478759766 1013.1066955327988 51.08625866546379 1650.0 1500.0 0 0.0 0.0 0.0 0.0
5204 1684.363296508789 997.2963927984238 52.465305013792545 1650.0 1500.0 0 0.0 0.0 0.0 0.0
5224 1672.5055084228516 985.4386657476425 51.57106613789631 1650.0 1500.0 0 0.0 0.0 0.0 0.0
5237 1660.6478424072266 973.5809997320175 50.77642598518037 1650.0 1500.0 0 0.0 0.0 0.0 0.0
5254 1652.742691040039 961.7232726812363 51.259480405113095 1650.0 1500.0 0 0.0 0.0 0.0 0.0
5274 1644.8375396728516 953.8181213140488 50.733313522027174 1650.0 1500.0 0 0.0 0.0 0.0 0.0
5288 1632.9798736572266 945.9129699468613 49.051090131558 1650.0 1500.0 0 0.0 0.0 0.0 0.0
5304 1632.9798736572266 934.0553039312363 52.14933239128129 1650.0 1500.0 0 0.0 0.0 0.0 0.0
5325 1621.1222076416016 926.1501525640488 50.335131678417156 1650.0 1500.0 0 0.0 0.0 0.0 0.0
5326 1621.1222076416016 926.1501525640488 50.33511735183015 1650.0 1500.0 0 0.0 0.0 0.0 0.0
5341 1617.1695709228516 922.197576880455 50.09855235427722 1650.0 1500.0 0 0.0 0.0 0.0 0.0
5454 1621.1222076416016 922.197576880455 51.44021244187297 1650.0 1500.0 0 0.0 0.0 0.0 0.0
5487 1625.074722290039 926.1501525640488 51.74551693869563 1650.0 1500.0 0 0.0 0.0 0.0 0.0
5505 1625.074722290039 930.1027282476425 50.6787947811041 1650.0 1500.0 0 0.0 0.0 0.0 0.0
5524 1629.027359008789 930.1027282476425 52.031200763064476 1650.0 1500.0 0 0.0 0.0 0.0 0.0
5539 1632.9798736572266 934.0553039312363 52.362214738106445 1650.0 1500.0 0 0.0 0.0 0.0 0.0
6507 1632.9798736572266 934.0553039312363 52.362214738106445 1650.0 1500.0 0 0.0 0.0 0.0 0.0
6527 1632.9798736572266 934.0553039312363 52.362214738106445 1650.0 1500.0 0 0.0 0.0 0.0 0.0
6528 1632.9798736572266 934.0553039312363 52.362214738106445 1650.0 1500.0 0 0.0 0.0 0.0 0.0
6542 1632.9798736572266 934.0553039312363 52.362214738106445 1650.0 1500.0 0 0.0 0.0 0.0 0.0
6558 1632.9798736572266 934.0553039312363 52.362214738106445 1650.0 1500.0 0 0.0 0.0 0.0 0.0
6576 1632.9798736572266 934.0553039312363 52.362214738106445 1650.0 1500.0 0 0.0 0.0 0.0 0.0
6593 1632.9798736572266 934.0553039312363 52.362214738106445 1650.0 1500.0 0 0.0 0.0 0.0 0.0
6607 1632.9798736572266 934.0553039312363 52.362214738106445 1650.0 1500.0 0 0.0 0.0 0.0 0.0
6623 1632.9798736572266 934.0553039312363 52.362214738106445 1650.0 1500.0 0 0.0 0.0 0.0 0.0
6637 1632.9798736572266 934.0553039312363 52.362214738106445 1650.0 1500.0 0 0.0 0.0 0.0 0.0
6654 1632.9798736572266 934.0553039312363 52.362214738106445 1650.0 1500.0 0 0.0 0.0 0.0 0.0
6674 1632.9798736572266 934.0553039312363 52.362214738106445 1650.0 1500.0 0 0.0 0.0 0.0 0.0
6689 1632.9798736572266 934.0553039312363 52.362214738106445 1650.0 1500.0 0 0.0 0.0 0.0 0.0
6704 1632.9798736572266 934.0553039312363 52.362214738106445 1650.0 1500.0 0 0.0 0.0 0.0 0.0
6724 1632.9798736572266 934.0553039312363 52.362214738106445 1650.0 1500.0 0 0.0 0.0 0.0 0.0
6772 1632.9798736572266 934.0553039312363 52.362214738106445 1650.0 1500.0 0 0.0 0.0 0.0 0.0
6788 1632.9798736572266 934.0553039312363 52.362214738106445 1650.0 1500.0 0 0.0 0.0 0.0 0.0
6804 1632.9798736572266 934.0553039312363 52.362214738106445 1650.0 1500.0 0 0.0 0.0 0.0 0.0
6824 1632.9798736572266 934.0553039312363 52.362214738106445 1650.0 1500.0 0 0.0 0.0 0.0 0.0
6854 1632.9798736572266 934.0553039312363 52.362214738106445 1650.0 1500.0 0 0.0 0.0 0.0 0.0
6875 1632.9798736572266 934.0553039312363 52.362214738106445 1650.0 1500.0 0 0.0 0.0 0.0 0.0
6876 1632.9798736572266 934.0553039312363 52.362214738106445 1650.0 1500.0 0 0.0 0.0 0.0 0.0
6904 1632.9798736572266 934.0553039312363 52.362214738106445 1650.0 1500.0 0 0.0 0.0 0.0 0.0
6925 1632.9798736572266 934.0553039312363 52.362214738106445 1650.0 1500.0 0 0.0 0.0 0.0 0.0
6926 1632.9798736572266 934.0553039312363 52.362214738106445 1650.0 1500.0 0 0.0 0.0 0.0 0.0
6941 1632.9798736572266 934.0553039312363 52.362214738106445 1650.0 1500.0 0 0.0 0.0 0.0 0.0
6972 1657.6925888061523 1090.9051971435547 51.44020334570607 1650.0 1500.0 0 0.0 0.0 0.0 0.0
6990 1657.6925888061523 1086.952621459961 49.554766811011646 1650.0 1500.0 0 0.0 0.0 0.0 0.0
7004 1661.6452255249023 1083.0001068115234 48.76966990959659 1650.0 1500.0 0 0.0 0.0 0.0 0.0
7038 1665.5977401733398 1075.094955444336 46.29059395595713 1650.0 1500.0 0 0.0 0.0 0.0 0.0
7104 1665.5977401733398 1071.1423797607422 44.50576713919314 1650.0 1500.0 0 0.0 0.0 0.0 0.0
7137 1665.5977401733398 1063.2372283935547 41.08666946572322 1650.0 1500.0 0 0.0 0.0 0.0 0.0
8071 1665.5977401733398 1063.2372283935547 41.08666946572322 1650.0 1500.0 0 0.0 0.0 0.0 0.0
8088 1665.5977401733398 1063.2372283935547 41.08666946572322 1650.0 1500.0 0 0.0 0.0 0.0 0.0
8107 1665.5977401733398 1063.2372283935547 41.08666946572322 1650.0 1500.0 0 0.0 0.0 0.0 0.0
8126 1665.5977401733398 1063.2372283935547 41.08666946572322 1650.0 1500.0 0 0.0 0.0 0.0 0.0
8127 1665.5977401733398 1063.2372283935547 41.08666946572322 1650.0 1500.0 0 0.0 0.0 0.0 0.0
8141 1665.5977401733398 1063.2372283935547 41.08666946572322 1650.0 1500.0 0 0.0 0.0 0.0 0.0
8157 1665.5977401733398 1063.2372283935547 41.08666946572322 1650.0 1500.0 0 0.0 0.0 0.0 0.0
8174 1665.5977401733398 1063.2372283935547 41.08666946572322 1650.0 1500.0 0 0.0 0.0 0.0 0.0
8188 1665.5977401733398 1063.2372283935547 41.08666946572322 1650.0 1500.0 0 0.0 0.0 0.0 0.0
8204 1653.6040725708008 971.9440002441406 41.954232871920226 1650.0 1500.0 0 0.0 0.0 0.0 0.0
8237 1653.6040725708008 967.9914245605469 42.79119704332254 1650.0 1500.0 0 0.0 0.0 0.0 0.0
8304 1653.6040725708008 964.0388488769531 43.5984578086871 1650.0 1500.0 0 0.0 0.0 0.0 0.0
8337 1653.6040725708008 960.0862731933594 44.37694507516596 1650.0 1500.0 0 0.0 0.0 0.0 0.0
8372 1653.6040725708008 956.1336975097656 45.12753631490892 1650.0 1500.0 0 0.0 0.0 0.0 0.0
8388 1653.6040725708008 952.1811218261719 45.85110021175177 1650.0 1500.0 0 0.0 0.0 0.0 0.0
8404 1649.6515579223633 944.2760314941406 45.21096408081496 1650.0 1500.0 0 0.0 0.0 0.0 0.0
8424 1649.6515579223633 940.3234558105469 45.93152336723517 1650.0 1500.0 0 0.0 0.0 0.0 0.0
8438 1649.6515579223633 936.3708801269531 46.626063629875205 1650.0 1500.0 0 0.0 0.0 0.0 0.0
8471 1649.6515579223633 932.4183044433594 47.29536166628674 1650.0 1500.0 0 0.0 0.0 0.0 0.0
8524 1649.6515579223633 936.3708801269531 46.59985442339695 1650.0 1500.0 0 0.0 0.0 0.0 0.0
9323 1649.6515579223633 936.3708801269531 46.59985442339695 1650.0 1500.0 0 0.0 0.0 0.0 0.0
9324 1649.6515579223633 936.3708801269531 46.59985442339695 1650.0 1500.0 0 0.0 0.0 0.0 0.0
9571 1649.6515579223633 936.3708801269531 46.59985442339695 1650.0 1500.0 0 0.0 0.0 0.0 0.0
9588 1649.6515579223633 936.3708801269531 46.59985442339695 1650.0 1500.0 0 0.0 0.0 0.0 0.0
9604 1649.6515579223633 936.3708801269531 46.59985442339695 1650.0 1500.0 0 0.0 0.0 0.0 0.0
9624 1649.6515579223633 936.3708801269531 46.59985442339695 1650.0 1500.0 0 0.0 0.0 0.0 0.0
9721 1649.6515579223633 936.3708801269531 46.59985442339695 1650.0 1500.0 0 0.0 0.0 0.0 0.0
9804 1649.6515579223633 936.3708801269531 46.59985442339695 1650.0 1500.0 0 0.0 0.0 0.0 0.0
9824 1649.6515579223633 936.3708801269531 46.59985442339695 1650.0 1500.0 0 0.0 0.0 0.0 0.0
9838 1649.6515579223633 936.3708801269531 46.59985442339695 1650.0 1500.0 0 0.0 0.0 0.0 0.0
9854 1649.6515579223633 936.3708801269531 46.59985442339695 1650.0 1500.0 0 0.0 0.0 0.0 0.0
9874 1649.6515579223633 936.3708801269531 46.59985442339695 1650.0 1500.0 0 0.0 0.0 0.0 0.0
9889 1649.6515579223633 936.3708801269531 46.59985442339695 1650.0 1500.0 0 0.0 0.0 0.0 0.0
9904 1649.6515579223633 936.3708801269531 46.59985442339695 1650.0 1500.0 0 0.0 0.0 0.0 0.0
9924 1649.6515579223633 936.3708801269531 46.59985442339695 1650.0 1500.0 0 0.0 0.0 0.0 0.0
9938 1649.6515579223633 936.3708801269531 46.59985442339695 1650.0 1500.0 0 0.0 0.0 0.0 0.0
9954 1649.6515579223633 936.3708801269531 46.59985442339695 1650.0 1500.0 0 0.0 0.0 0.0 0.0
9974 1649.6515579223633 936.3708801269531 46.59985442339695 1650.0 1500.0 0 0.0 0.0 0.0 0.0
9988 1649.6515579223633 936.3708801269531 46.59985442339695 1650.0 1500.0 0 0.0 0.0 0.0 0.0
10004 1649.6515579223633 936.3708801269531 46.59985442339695 1650.0 1500.0 0 0.0 0.0 0.0 0.0
10024 1649.6515579223633 936.3708801269531 46.59985442339695 1650.0 1500.0 0 0.0 0.0 0.0 0.0
10042 1649.6515579223633 936.3708801269531 46.59985442339695 1650.0 1500.0 0 0.0 0.0 0.0 0.0
10054 1649.6515579223633 936.3708801269531 46.59985442339695 1650.0 1500.0 0 0.0 0.0 0.0 0.0
10075 1649.6515579223633 936.3708801269531 46.59985442339695 1650.0 1500.0 0 0.0 0.0 0.0 0.0
10076 1649.6515579223633 936.3708801269531 46.59985442339695 1650.0 1500.0 0 0.0 0.0 0.0 0.0
10106 1649.6515579223633 936.3708801269531 46.59985442339695 1650.0 1500.0 0 0.0 0.0 0.0 0.0
10124 1649.6515579223633 936.3708801269531 46.59985442339695 1650.0 1500.0 0 0.0 0.0 0.0 0.0
10140 1649.6515579223633 936.3708801269531 46.59985442339695 1650.0 1500.0 0 0.0 0.0 0.0 0.0
10157 1649.6515579223633 936.3708801269531 46.59985442339695 1650.0 1500.0 0 0.0 0.0 0.0 0.0
10173 1562.4283142089844 1069.8084392547607 48.15562202376026 1650.0 1500.0 0 0.0 0.0 0.0 0.0
10188 1562.4283142089844 1073.7610759735107 49.67043271383815 1650.0 1500.0 0 0.0 0.0 0.0 0.0
10204 1566.3808288574219 1073.7610759735107 48.14054345553734 1650.0 1500.0 0 0.0 0.0 0.0 0.0
10224 1566.3808288574219 1077.7135906219482 49.65570748257542 1650.0 1500.0 0 0.0 0.0 0.0 0.0
10238 1570.3334655761719 1081.6661052703857 49.603165120371216 1650.0 1500.0 0 0.0 0.0 0.0 0.0
10255 1570.3334655761719 1085.6187419891357 51.07887757105547 1650.0 1500.0 0 0.0 0.0 0.0 0.0
10274 1570.3334655761719 1089.5712566375732 52.513815776963895 1650.0 1500.0 0 0.0 0.0 0.0 0.0
10321 1570.3334655761719 1093.5238933563232 53.90832008806103 1650.0 1500.0 0 0.0 0.0 0.0 0.0
10404 1570.3334655761719 1097.4764080047607 55.26275017056733 1650.0 1500.0 0 0.0 0.0 0.0 0.0
10425 1570.3334655761719 1101.4290447235107 56.57758603915045 1650.0 1500.0 0 0.0 0.0 0.0 0.0
10472 1570.3334655761719 1109.3341960906982 59.05477423470299 1650.0 1500.0 0 0.0 0.0 0.0 0.0
10473 1570.3334655761719 1109.3341960906982 59.05475755888429 1650.0 1500.0 0 0.0 0.0 0.0 0.0
10490 1570.3334655761719 1113.2867107391357 60.25509962622803 1650.0 1500.0 0 0.0 0.0 0.0 0.0
10508 1566.3808288574219 1113.2867107391357 62.11570535141357 1650.0 1500.0 0 0.0 0.0 0.0 0.0
10539 1566.3808288574219 1117.2393474578857 63.22018977381251 1650.0 1500.0 0 0.0 0.0 0.0 0.0
10571 1566.3808288574219 1121.1918621063232 64.28936324756506 1650.0 1500.0 0 0.0 0.0 0.0 0.0
10604 1562.4283142089844 1125.1443767547607 67.21544269292346 1650.0 1500.0 0 0.0 0.0 0.0 0.0
10638 1562.4283142089844 1129.0970134735107 68.15399308536095 1650.0 1500.0 0 0.0 0.0 0.0 0.0
10787 1558.4756774902344 1129.0970134735107 70.1559191321127 1650.0 1500.0 0 0.0 0.0 0.0 0.0
10837 1558.4756774902344 1125.1443767547607 69.2554010019629 1650.0 1500.0 0 0.0 0.0 0.0 0.0
10854 1558.4756774902344 1121.1918621063232 68.32265974418272 1650.0 1500.0 0 0.0 0.0 0.0 0.0
10874 1558.4756774902344 1117.2393474578857 67.356841559645 1650.0 1500.0 0 0.0 0.0 0.0 0.0
10954 1558.4756774902344 1113.2867107391357 66.35696434901956 1650.0 1500.0 0 0.0 0.0 0.0 0.0
11037 1558.4756774902344 1109.3341960906982 65.32225079513913 1650.0 1500.0 0 0.0 0.0 0.0 0.0
11054 1562.4283142089844 1105.3815593719482 62.32273336258751 1650.0 1500.0 0 0.0 0.0 0.0 0.0
11087 1566.3808288574219 1101.4290447235107 59.28882432129228 1650.0 1500.0 0 0.0 0.0 0.0 0.0
11123 1570.3334655761719 1097.4764080047607 56.22859657821303 1650.0 1500.0 0 0.0 0.0 0.0 0.0
11138 1570.3334655761719 1093.5238933563232 54.86224005383923 1650.0 1500.0 0 0.0 0.0 0.0 0.0
11171 1570.3334655761719 1089.5712566375732 53.45445750176356 1650.0 1500.0 0 0.0 0.0 0.0 0.0
11188 1570.3334655761719 1085.6187419891357 52.00499919008777 1650.0 1500.0 0 0.0 0.0 0.0 0.0
11204 1570.3334655761719 1077.7135906219482 48.93423484373997 1650.0 1500.0 0 0.0 0.0 0.0 0.0
11237 1574.2859802246094 1073.7610759735107 45.85059533956314 1650.0 1500.0 0 0.0 0.0 0.0 0.0
11274 1574.2859802246094 1065.8559246063232 42.448522778511034 1650.0 1500.0 0 0.0 0.0 0.0 0.0
11275 1574.2859802246094 1065.8559246063232 42.44854460230812 1650.0 1500.0 0 0.0 0.0 0.0 0.0
11291 1578.2386169433594 1065.8559246063232 41.12030933339712 1650.0 1500.0 0 0.0 0.0 0.0 0.0
11307 1578.2386169433594 1061.9032878875732 39.3484822901723 1650.0 1500.0 0 0.0 0.0 0.0 0.0
11324 1582.1911315917969 1061.9032878875732 38.11297860376445 1650.0 1500.0 0 0.0 0.0 0.0 0.0
11339 1586.1436462402344 1057.9507732391357 35.111296471992645 1650.0 1500.0 0 0.0 0.0 0.0 0.0
11372 1590.0962829589844 1057.9507732391357 34.00771160774886 1650.0 1500.0 0 0.0 0.0 0.0 0.0
11392 1594.0487976074219 1057.9507732391357 32.93944820405679 1650.0 1500.0 0 0.0 0.0 0.0 0.0
11404 1598.0014343261719 1057.9507732391357 31.905663391469716 1650.0 1500.0 0 0.0 0.0 0.0 0.0
11504 1598.0014343261719 1061.9032878875732 33.79252642222225 1650.0 1500.0 0 0.0 0.0 0.0 0.0
11524 1601.9539489746094 1065.8559246063232 34.54351502162734 1650.0 1500.0 0 0.0 0.0 0.0 0.0
11538 1601.9539489746094 1069.8084392547607 36.37895061595849 1650.0 1500.0 0 0.0 0.0 0.0 0.0
11572 1605.9065856933594 1073.7610759735107 37.00087711948606 1650.0 1500.0 0 0.0 0.0 0.0 0.0
11604 1605.9065856933594 1077.7135906219482 38.78508820966536 1650.0 1500.0 0 0.0 0.0 0.0 0.0
11625 1605.9065856933594 1085.6187419891357 42.19904569874896 1650.0 1500.0 0 0.0 0.0 0.0 0.0
11626 1605.9065856933594 1085.6187419891357 42.1990383024789 1650.0 1500.0 0 0.0 0.0 0.0 0.0
11655 1605.9065856933594 1089.5712566375732 43.86494937675175 1650.0 1500.0 0 0.0 0.0 0.0 0.0
11675 1605.9065856933594 1093.5238933563232 45.49025559287253 1650.0 1500.0 0 0.0 0.0 0.0 0.0
11691 1605.9065856933594 1097.4764080047607 47.07459796842275 1650.0 1500.0 0 0.0 0.0 0.0 0.0
11707 1605.9065856933594 1101.4290447235107 48.6179853006054 1650.0 1500.0 0 0.0 0.0 0.0 0.0
11724 1605.9065856933594 1105.3815593719482 50.120363690347375 1650.0 1500.0 0 0.0 0.0 0.0 0.0
11740 1605.9065856933594 1109.3341960906982 51.58188497996903 1650.0 1500.0 0 0.0 0.0 0.0 0.0
11804 1605.9065856933594 1113.2867107391357 53.00272623114299 1650.0 1500.0 0 0.0 0.0 0.0 0.0
11904 1601.9539489746094 1113.2867107391357 54.70047851019055 1650.0 1500.0 0 0.0 0.0 0.0 0.0
11938 1598.0014343261719 1113.2867107391357 56.438977046414436 1650.0 1500.0 0 0.0 0.0 0.0 0.0
11954 1598.0014343261719 1117.2393474578857 57.71886591466543 1650.0 1500.0 0 0.0 0.0 0.0 0.0
12037 1598.0014343261719 1121.1918621063232 58.960100331479964 1650.0 1500.0 0 0.0 0.0 0.0 0.0
12074 1598.0014343261719 1125.1443767547607 60.16337443601961 1650.0 1500.0 0 0.0 0.0 0.0 0.0
12091 1598.0014343261719 1133.0495281219482 62.42485884829702 1650.0 1500.0 0 0.0 0.0 0.0 0.0
12092 1598.0014343261719 1133.0495281219482 62.42484926172878 1650.0 1500.0 0 0.0 0.0 0.0 0.0
12138 1598.0014343261719 1137.0021648406982 63.51951280910117 1650.0 1500.0 0 0.0 0.0 0.0 0.0
12154 1598.0014343261719 1140.9546794891357 64.57905466429449 1650.0 1500.0 0 0.0 0.0 0.0 0.0
12537 1601.9539489746094 1140.9546794891357 62.70682779995772 1650.0 1500.0 0 0.0 0.0 0.0 0.0
12574 1605.9065856933594 1140.9546794891357 60.87144117815481 1650.0 1500.0 0 0.0 0.0 0.0 0.0
12588 1605.9065856933594 1137.0021648406982 59.651934356394264 1650.0 1500.0 0 0.0 0.0 0.0 0.0
12671 1605.9065856933594 1133.0495281219482 58.39293394338392 1650.0 1500.0 0 0.0 0.0 0.0 0.0
12754 1605.9065856933594 1129.0970134735107 57.09388773893946 1650.0 1500.0 0 0.0 0.0 0.0 0.0
12787 1609.8591003417969 1125.1443767547607 54.020228918003994 1650.0 1500.0 0 0.0 0.0 0.0 0.0
12837 1609.8591003417969 1121.1918621063232 52.587380975157544 1650.0 1500.0 0 0.0 0.0 0.0 0.0
13104 1609.8591003417969 1125.1443767547607 53.97973990753465 1650.0 1500.0 0 0.0 0.0 0.0 0.0
13124 1613.8117370605469 1129.0970134735107 53.706587633954314 1650.0 1500.0 0 0.0 0.0 0.0 0.0
13154 1617.7642517089844 1133.0495281219482 53.44733617013881 1650.0 1500.0 0 0.0 0.0 0.0 0.0
13204 1621.7167663574219 1133.0495281219482 51.82070465252755 1650.0 1500.0 0 0.0 0.0 0.0 0.0
13225 1625.6694030761719 1140.9546794891357 53.00585208069805 1650.0 1500.0 0 0.0 0.0 0.0 0.0
13226 1625.6694030761719 1140.9546794891357 53.00587293289729 1650.0 1500.0 0 0.0 0.0 0.0 0.0
13274 1625.6694030761719 1144.9073162078857 54.38635003230732 1650.0 1500.0 0 0.0 0.0 0.0 0.0
13291 1625.6694030761719 1148.8598308563232 55.72687788662566 1650.0 1500.0 0 0.0 0.0 0.0 0.0
13307 1629.6219177246094 1148.8598308563232 54.0449656470351 1650.0 1500.0 0 0.0 0.0 0.0 0.0
13324 1633.5745544433594 1152.8124675750732 53.768455475181725 1650.0 1500.0 0 0.0 0.0 0.0 0.0
13354 1637.5270690917969 1152.8124675750732 52.13386940873656 1650.0 1500.0 0 0.0 0.0 0.0 0.0
13372 1641.4797058105469 1156.7649822235107 51.954760814326676 1650.0 1500.0 0 0.0 0.0 0.0 0.0
13421 1645.4322204589844 1160.7174968719482 51.7848428445559 1650.0 1500.0 0 0.0 0.0 0.0 0.0
13671 1641.4797058105469 1160.7174968719482 53.45224519524794 1650.0 1500.0 0 0.0 0.0 0.0 0.0
13738 1641.4797058105469 1156.7649822235107 52.0026827647315 1650.0 1500.0 0 0.0 0.0 0.0 0.0
13804 1641.4797058105469 1152.8124675750732 50.511132060793386 1650.0 1500.0 0 0.0 0.0 0.0 0.0
13854 1641.4797058105469 1148.8598308563232 48.97745879608621 1650.0 1500.0 0 0.0 0.0 0.0 0.0
14522 1641.4797058105469 1148.8598308563232 48.97745879608621 1650.0 1500.0 0 0.0 0.0 0.0 0.0
14523 1641.4797058105469 1148.8598308563232 48.97745879608621 1650.0 1500.0 0 0.0 0.0 0.0 0.0
14554 1641.4797058105469 1148.8598308563232 48.97745879608621 1650.0 1500.0 0 0.0 0.0 0.0 0.0
14572 1641.4797058105469 1148.8598308563232 48.97745879608621 1650.0 1500.0 0 0.0 0.0 0.0 0.0
14588 1641.4797058105469 1148.8598308563232 48.97745879608621 1650.0 1500.0 0 0.0 0.0 0.0 0.0
14604 1641.4797058105469 1148.8598308563232 48.97745879608621 1650.0 1500.0 0 0.0 0.0 0.0 0.0
14624 1641.4797058105469 1148.8598308563232 48.97745879608621 1650.0 1500.0 0 0.0 0.0 0.0 0.0
14638 1641.4797058105469 1148.8598308563232 48.97745879608621 1650.0 1500.0 0 0.0 0.0 0.0 0.0
14655 1683.98486328125 1168.7139053344727 53.52174847128592 1650.0 1500.0 0 0.0 0.0 0.0 0.0
14674 1691.8900146484375 1180.5716934204102 56.78624501008447 1650.0 1500.0 0 0.0 0.0 0.0 0.0
14688 1699.795166015625 1200.3345108032227 62.769460615584094 1650.0 1500.0 0 0.0 0.0 0.0 0.0
14704 1711.65283203125 1212.1921768188477 63.71866306180506 1650.0 1500.0 0 0.0 0.0 0.0 0.0
14724 1719.5579833984375 1228.0024795532227 67.23447017755173 1650.0 1500.0 0 0.0 0.0 0.0 0.0
14738 1731.415771484375 1235.9076309204102 66.12668666478491 1650.0 1500.0 0 0.0 0.0 0.0 0.0
14754 1739.3209228515625 1243.8127822875977 66.45958106643342 1650.0 1500.0 0 0.0 0.0 0.0 0.0
14775 1747.2259521484375 1255.6704483032227 68.20795646892181 1650.0 1500.0 0 0.0 0.0 0.0 0.0
14788 1755.131103515625 1263.5755996704102 68.33513686316276 1650.0 1500.0 0 0.0 0.0 0.0 0.0
14805 1759.083740234375 1271.4807510375977 69.87591713611114 1650.0 1500.0 0 0.0 0.0 0.0 0.0
14825 1770.94140625 1283.3384170532227 69.8219316426269 1650.0 1500.0 0 0.0 0.0 0.0 0.0
14826 1770.94140625 1283.3384170532227 69.82193286902641 1650.0 1500.0 0 0.0 0.0 0.0 0.0
14856 1770.94140625 1291.2435684204102 72.78190825296552 1650.0 1500.0 0 0.0 0.0 0.0 0.0
14875 1774.89404296875 1299.1487197875977 73.98031563892813 1650.0 1500.0 0 0.0 0.0 0.0 0.0
14876 1774.89404296875 1299.1487197875977 73.98031896108624 1650.0 1500.0 0 0.0 0.0 0.0 0.0
14891 1774.89404296875 1303.1012344360352 75.38292795203937 1650.0 1500.0 0 0.0 0.0 0.0 0.0
14921 1778.8465576171875 1307.0538711547852 75.07708700230891 1650.0 1500.0 0 0.0 0.0 0.0 0.0
14971 1778.8465576171875 1311.0063858032227 76.4473890481615 1650.0 1500.0 0 0.0 0.0 0.0 0.0
14988 1778.8465576171875 1314.9590225219727 77.77677339228607 1650.0 1500.0 0 0.0 0.0 0.0 0.0
15021 1782.799072265625 1318.9115371704102 77.34718271296977 1650.0 1500.0 0 0.0 0.0 0.0 0.0
15038 1782.799072265625 1322.8641738891602 78.64926952664992 1650.0 1500.0 0 0.0 0.0 0.0 0.0
15087 1786.751708984375 1326.8166885375977 78.1746585107788 1650.0 1500.0 0 0.0 0.0 0.0 0.0
15121 1790.7042236328125 1330.7693252563477 77.7245840184274 1650.0 1500.0 0 0.0 0.0 0.0 0.0
15155 1798.609375 1330.7693252563477 74.324810804275 1650.0 1500.0 0 0.0 0.0 0.0 0.0
15181 1810.4671630859375 1338.6743545532227 72.3610683708544 1650.0 1500.0 0 0.0 0.0 0.0 0.0
15182 1810.4671630859375 1338.6743545532227 72.36107751956253 1650.0 1500.0 0 0.0 0.0 0.0 0.0
15195 1818.3721923828125 1342.6269912719727 70.69067419632715 1650.0 1500.0 0 0.0 0.0 0.0 0.0
15209 1826.27734375 1342.6269912719727 67.64797645104998 1650.0 1500.0 0 0.0 0.0 0.0 0.0
15226 1830.22998046875 1342.6269912719727 66.1694881111642 1650.0 1500.0 0 0.0 0.0 0.0 0.0
15256 1834.1824951171875 1342.6269912719727 64.73319341701652 1650.0 1500.0 0 0.0 0.0 0.0 0.0
15275 1842.087646484375 1346.5795059204102 63.649432281914116 1650.0 1500.0 0 0.0 0.0 0.0 0.0
15276 1842.087646484375 1346.5795059204102 63.649409324823424 1650.0 1500.0 0 0.0 0.0 0.0 0.0
15305 1849.9927978515625 1350.5321426391602 62.65047940742498 1650.0 1500.0 0 0.0 0.0 0.0 0.0
15306 1849.9927978515625 1350.5321426391602 62.65044608024591 1650.0 1500.0 0 0.0 0.0 0.0 0.0
15338 1853.9453125 1350.5321426391602 61.31781947998904 1650.0 1500.0 0 0.0 0.0 0.0 0.0
15354 1861.8504638671875 1350.5321426391602 58.810267291040034 1650.0 1500.0 0 0.0 0.0 0.0 0.0
15374 1869.755615234375 1350.5321426391602 56.45584157190241 1650.0 1500.0 0 0.0 0.0 0.0 0.0
15388 1873.708251953125 1350.5321426391602 55.31657899477405 1650.0 1500.0 0 0.0 0.0 0.0 0.0
15404 1885.56591796875 1350.5321426391602 52.21273569955285 1650.0 1500.0 0 0.0 0.0 0.0 0.0
15437 1889.5184326171875 1350.5321426391602 51.213067827256396 1650.0 1500.0 0 0.0 0.0 0.0 0.0
15454 1893.4710693359375 1346.5795059204102 48.28059886563061 1650.0 1500.0 0 0.0 0.0 0.0 0.0
15474 1897.423583984375 1342.6269912719727 45.40901680763936 1650.0 1500.0 0 0.0 0.0 0.0 0.0
15521 1897.423583984375 1338.6743545532227 43.30398141845113 1650.0 1500.0 0 0.0 0.0 0.0 0.0
15687 1897.423583984375 1342.6269912719727 45.381624763019516 1650.0 1500.0 0 0.0 0.0 0.0 0.0
15706 1897.423583984375 1346.5795059204102 47.429511743060644 1650.0 1500.0 0 0.0 0.0 0.0 0.0
15724 1897.423583984375 1354.4846572875977 51.397954668402164 1650.0 1500.0 0 0.0 0.0 0.0 0.0
15737 1897.423583984375 1362.3898086547852 55.22303228684457 1650.0 1500.0 0 0.0 0.0 0.0 0.0
15754 1897.423583984375 1374.2475967407227 60.61843485132114 1650.0 1500.0 0 0.0 0.0 0.0 0.0
15774 1897.423583984375 1378.2001113891602 62.37351394758822 1650.0 1500.0 0 0.0 0.0 0.0 0.0
15788 1897.423583984375 1390.0577774047852 67.2747775597987 1650.0 1500.0 0 0.0 0.0 0.0 0.0
15804 1901.376220703125 1397.9629287719727 68.89618041999576 1650.0 1500.0 0 0.0 0.0 0.0 0.0
15824 1905.3287353515625 1409.8207168579102 71.78745686640274 1650.0 1500.0 0 0.0 0.0 0.0 0.0
15838 1905.3287353515625 1417.7257461547852 74.63820325315824 1650.0 1500.0 0 0.0 0.0 0.0 0.0
15854 1905.3287353515625 1425.6308975219727 77.32557848317045 1650.0 1500.0 0 0.0 0.0 0.0 0.0
15874 1909.2813720703125 1437.4886856079102 79.3476562242656 1650.0 1500.0 0 0.0 0.0 0.0 0.0
15904 1909.2813720703125 1441.4412002563477 80.58793303666637 1650.0 1500.0 0 0.0 0.0 0.0 0.0
15924 1909.2813720703125 1445.3938369750977 81.78931445386435 1650.0 1500.0 0 0.0 0.0 0.0 0.0
15938 1909.2813720703125 1449.3463516235352 82.95236746263005 1650.0 1500.0 0 0.0 0.0 0.0 0.0
15954 1909.2813720703125 1453.2988662719727 84.0780174812006 1650.0 1500.0 0 0.0 0.0 0.0 0.0
15975 1905.3287353515625 1457.2515029907227 87.07670595636078 1650.0 1500.0 0 0.0 0.0 0.0 0.0
16121 1909.2813720703125 1457.2515029907227 85.13849089166824 1650.0 1500.0 0 0.0 0.0 0.0 0.0
16154 1913.23388671875 1457.2515029907227 83.23763737973569 1650.0 1500.0 0 0.0 0.0 0.0 0.0
16174 1917.1865234375 1461.2040176391602 82.52846142459491 1650.0 1500.0 0 0.0 0.0 0.0 0.0
16188 1921.1390380859375 1461.2040176391602 80.68095170335694 1650.0 1500.0 0 0.0 0.0 0.0 0.0
16387 1929.044189453125 1437.4886856079102 67.81807017865303 1650.0 1500.0 0 0.0 0.0 0.0 0.0
18440 2142.7096667289734 1491.7701416015625 62.4815801447391 1650.0 1500.0 0 0.0 0.0 0.0 0.0
18441 2142.7096667289734 1491.7701416015625 62.48157367535259 1650.0 1500.0 0 0.0 0.0 0.0 0.0
18458 2118.9943346977234 1495.72265625 60.63584057294884 1650.0 1500.0 0 0.0 0.0 0.0 0.0
18475 2103.1840319633484 1511.532958984375 61.90651978264833 1650.0 1500.0 0 0.0 0.0 0.0 0.0
18489 2083.4213366508484 1519.4381103515625 61.25676580015789 1650.0 1500.0 0 0.0 0.0 0.0 0.0
18505 2063.6583971977234 1531.2957763671875 61.338363256892706 1650.0 1500.0 0 0.0 0.0 0.0 0.0
18523 2047.8480944633484 1551.0587158203125 63.47386336401644 1650.0 1500.0 0 0.0 0.0 0.0 0.0
18538 2032.0377917289734 1558.9638671875 63.382595963047606 1650.0 1500.0 0 0.0 0.0 0.0 0.0
18554 2020.1801257133484 1570.821533203125 64.48878401712005 1650.0 1500.0 0 0.0 0.0 0.0 0.0
18574 2004.3698229789734 1578.7266845703125 64.4684819404888 1650.0 1500.0 0 0.0 0.0 0.0 0.0
18588 2000.417308330536 1586.6318359375 65.61347642534525 1650.0 1500.0 0 0.0 0.0 0.0 0.0
18604 1992.5121569633484 1590.5843505859375 65.64164910716909 1650.0 1500.0 0 0.0 0.0 0.0 0.0
18623 1988.5595202445984 1598.489501953125 66.81750048851609 1650.0 1500.0 0 0.0 0.0 0.0 0.0
18638 1984.607005596161 1606.3946533203125 68.0237937416079 1650.0 1500.0 0 0.0 0.0 0.0 0.0
18672 1980.6544909477234 1610.34716796875 68.469729650989 1650.0 1500.0 0 0.0 0.0 0.0 0.0
18688 1976.7018542289734 1614.2998046875 68.92435478742846 1650.0 1500.0 0 0.0 0.0 0.0 0.0
18704 1968.796702861786 1618.2523193359375 69.06421309781678 1650.0 1500.0 0 0.0 0.0 0.0 0.0
18724 1964.8441882133484 1618.2523193359375 68.74245887896353 1650.0 1500.0 0 0.0 0.0 0.0 0.0
18738 1956.939036846161 1618.2523193359375 68.08112043275685 1650.0 1500.0 0 0.0 0.0 0.0 0.0
18755 1949.0338854789734 1618.2523193359375 67.4015966826899 1650.0 1500.0 0 0.0 0.0 0.0 0.0
18775 1937.1762194633484 1618.2523193359375 66.33990378735109 1650.0 1500.0 0 0.0 0.0 0.0 0.0
18776 1937.1762194633484 1618.2523193359375 66.33991219661664 1650.0 1500.0 0 0.0 0.0 0.0 0.0
18804 1933.2235827445984 1610.34716796875 64.46754210411751 1650.0 1500.0 0 0.0 0.0 0.0 0.0
18825 1929.271068096161 1602.442138671875 62.59654564772734 1650.0 1500.0 0 0.0 0.0 0.0 0.0
18826 1929.271068096161 1602.442138671875 62.596542894927666 1650.0 1500.0 0 0.0 0.0 0.0 0.0
18841 1929.271068096161 1598.489501953125 61.86767360940473 1650.0 1500.0 0 0.0 0.0 0.0 0.0
18857 1929.271068096161 1594.5369873046875 61.144083346194066 1650.0 1500.0 0 0.0 0.0 0.0 0.0
18905 1929.271068096161 1590.5843505859375 60.425810977999106 1650.0 1500.0 0 0.0 0.0 0.0 0.0
18954 1937.1762194633484 1590.5843505859375 61.26505120349532 1650.0 1500.0 0 0.0 0.0 0.0 0.0
18974 1941.128734111786 1590.5843505859375 61.67940422342997 1650.0 1500.0 0 0.0 0.0 0.0 0.0
18988 1949.0338854789734 1590.5843505859375 62.487542368913296 1650.0 1500.0 0 0.0 0.0 0.0 0.0
19004 1952.986400127411 1590.5843505859375 62.88648332042419 1650.0 1500.0 0 0.0 0.0 0.0 0.0
19024 1960.8915514945984 1590.5843505859375 63.66432493782861 1650.0 1500.0 0 0.0 0.0 0.0 0.0
19038 1968.796702861786 1590.5843505859375 64.4224783977536 1650.0 1500.0 0 0.0 0.0 0.0 0.0
19054 1972.749339580536 1586.6318359375 64.06217674194795 1650.0 1500.0 0 0.0 0.0 0.0 0.0
19074 1980.6544909477234 1582.67919921875 64.08485980969198 1650.0 1500.0 0 0.0 0.0 0.0 0.0
19088 1984.607005596161 1582.67919921875 64.46340278081016 1650.0 1500.0 0 0.0 0.0 0.0 0.0
19104 1992.5121569633484 1582.67919921875 65.20119297348958 1650.0 1500.0 0 0.0 0.0 0.0 0.0
19124 2000.417308330536 1578.7266845703125 65.18786830238503 1650.0 1500.0 0 0.0 0.0 0.0 0.0
19138 2004.3698229789734 1578.7266845703125 65.55213658937379 1650.0 1500.0 0 0.0 0.0 0.0 0.0
19154 2012.274974346161 1574.7740478515625 65.52767197311152 1650.0 1500.0 0 0.0 0.0 0.0 0.0
19175 2020.1801257133484 1570.821533203125 65.50399873406661 1650.0 1500.0 0 0.0 0.0 0.0 0.0
19188 2028.085277080536 1570.821533203125 66.21507415399822 1650.0 1500.0 0 0.0 0.0 0.0 0.0
19208 2039.942943096161 1570.821533203125 67.24083108681714 1650.0 1500.0 0 0.0 0.0 0.0 0.0
19226 2055.7533679008484 1562.9163818359375 67.0898740116607 1650.0 1500.0 0 0.0 0.0 0.0 0.0
19241 2063.6583971977234 1558.9638671875 67.01678610643341 1650.0 1500.0 0 0.0 0.0 0.0 0.0
19257 2067.6110339164734 1558.9638671875 67.35713167827294 1650.0 1500.0 0 0.0 0.0 0.0 0.0
19275 2079.4686999320984 1558.9638671875 68.33877468712927 1650.0 1500.0 0 0.0 0.0 0.0 0.0
19289 2083.4213366508484 1558.9638671875 68.66162880906086 1650.0 1500.0 0 0.0 0.0 0.0 0.0
19304 2091.3263659477234 1558.9638671875 69.29034017161325 1650.0 1500.0 0 0.0 0.0 0.0 0.0
19323 2103.1840319633484 1555.01123046875 69.45006437281643 1650.0 1500.0 0 0.0 0.0 0.0 0.0
19339 2107.1366686820984 1551.0587158203125 68.99412864738707 1650.0 1500.0 0 0.0 0.0 0.0 0.0
19354 2118.9943346977234 1551.0587158203125 69.91191576262207 1650.0 1500.0 0 0.0 0.0 0.0 0.0
19374 2122.9469714164734 1551.0587158203125 70.2137465564706 1650.0 1500.0 0 0.0 0.0 0.0 0.0
19388 2134.8046374320984 1543.153564453125 69.5894717241274 1650.0 1500.0 0 0.0 0.0 0.0 0.0
19404 2138.7572741508484 1535.2484130859375 68.37444521171369 1650.0 1500.0 0 0.0 0.0 0.0 0.0
19424 2142.7096667289734 1531.2957763671875 67.93866339944327 1650.0 1500.0 0 0.0 0.0 0.0 0.0
19438 2150.6149401664734 1527.34326171875 67.838758183273 1650.0 1500.0 0 0.0 0.0 0.0 0.0
19454 2154.5675768852234 1523.3907470703125 67.41314216235241 1650.0 1500.0 0 0.0 0.0 0.0 0.0
19480 2158.5199694633484 1511.532958984375 65.51676235102661 1650.0 1500.0 0 0.0 0.0 0.0 0.0
19481 2158.5199694633484 1511.532958984375 65.51677257434972 1650.0 1500.0 0 0.0 0.0 0.0 0.0
19500 2162.4726061820984 1511.532958984375 65.87678058809047 1650.0 1500.0 0 0.0 0.0 0.0 0.0
19516 2166.4252429008484 1507.5804443359375 65.48849883676655 1650.0 1500.0 0 0.0 0.0 0.0 0.0
19531 2166.4252429008484 1503.6278076171875 64.73991090780504 1650.0 1500.0 0 0.0 0.0 0.0 0.0
19571 2170.3778796195984 1503.6278076171875 65.10999101046815 1650.0 1500.0 0 0.0 0.0 0.0 0.0
19604 2170.3778796195984 1499.67529296875 64.36390673245057 1650.0 1500.0 0 0.0 0.0 0.0 0.0
19720 2166.4252429008484 1499.67529296875 63.979052069140664 1650.0 1500.0 0 0.0 0.0 0.0 0.0
19738 2162.4726061820984 1499.67529296875 63.58916609149077 1650.0 1500.0 0 0.0 0.0 0.0 0.0
19754 2158.5199694633484 1503.6278076171875 63.94721397764755 1650.0 1500.0 0 0.0 0.0 0.0 0.0
19774 2154.5675768852234 1507.5804443359375 64.31249087970383 1650.0 1500.0 0 0.0 0.0 0.0 0.0
19788 2142.7096667289734 1511.532958984375 63.89778520049117 1650.0 1500.0 0 0.0 0.0 0.0 0.0
19804 2134.8046374320984 1515.485595703125 63.868023151434954 1650.0 1500.0 0 0.0 0.0 0.0 0.0
19824 2126.8996081352234 1523.3907470703125 64.61025367468085 1650.0 1500.0 0 0.0 0.0 0.0 0.0
19838 2122.9469714164734 1527.34326171875 64.98875358311335 1650.0 1500.0 0 0.0 0.0 0.0 0.0
19854 2118.9943346977234 1531.2957763671875 65.37481584403025 1650.0 1500.0 0 0.0 0.0 0.0 0.0
19887 2118.9943346977234 1535.2484130859375 66.1323018688717 1650.0 1500.0 0 0.0 0.0 0.0 0.0
20004 2115.0416979789734 1535.2484130859375 65.77089199281562 1650.0 1500.0 0 0.0 0.0 0.0 0.0
20204 2118.9943346977234 1535.2484130859375 66.12758806286297 1650.0 1500.0 0 0.0 0.0 0.0 0.0
20387 2122.9469714164734 1535.2484130859375 66.4796127133825 1650.0 1500.0 0 0.0 0.0 0.0 0.0
20421 2122.9469714164734 1531.2957763671875 65.72467356436061 1650.0 1500.0 0 0.0 0.0 0.0 0.0
20488 2122.9469714164734 1527.34326171875 64.97457376559629 1650.0 1500.0 0 0.0 0.0 0.0 0.0
20587 2118.9943346977234 1527.34326171875 64.59777371579128 1650.0 1500.0 0 0.0 0.0 0.0 0.0
20637 2115.0416979789734 1527.34326171875 64.21600001466913 1650.0 1500.0 0 0.0 0.0 0.0 0.0
20654 2111.0893054008484 1527.34326171875 63.829245786758065 1650.0 1500.0 0 0.0 0.0 0.0 0.0
20674 2103.1840319633484 1523.3907470703125 62.28393232172709 1650.0 1500.0 0 0.0 0.0 0.0 0.0
20688 2099.2313952445984 1519.4381103515625 61.139101418710766 1650.0 1500.0 0 0.0 0.0 0.0 0.0
20704 2091.3263659477234 1519.4381103515625 60.274964873877934 1650.0 1500.0 0 0.0 0.0 0.0 0.0
20725 2083.4213366508484 1519.4381103515625 59.388736054858555 1650.0 1500.0 0 0.0 0.0 0.0 0.0
20738 2079.4686999320984 1519.4381103515625 58.94007900460889 1650.0 1500.0 0 0.0 0.0 0.0 0.0
20754 2071.5634264945984 1515.485595703125 57.3088811166113 1650.0 1500.0 0 0.0 0.0 0.0 0.0
20775 2063.6583971977234 1511.532958984375 55.65179050829465 1650.0 1500.0 0 0.0 0.0 0.0 0.0
20776 2063.6583971977234 1511.532958984375 55.65178183300691 1650.0 1500.0 0 0.0 0.0 0.0 0.0
20806 2059.7057604789734 1511.532958984375 55.15746197555279 1650.0 1500.0 0 0.0 0.0 0.0 0.0
20825 2047.8480944633484 1511.532958984375 53.62052209868676 1650.0 1500.0 0 0.0 0.0 0.0 0.0
20826 2047.8480944633484 1511.532958984375 53.62050960843084 1650.0 1500.0 0 0.0 0.0 0.0 0.0
20841 2043.895579814911 1507.5804443359375 52.44315247818423 1650.0 1500.0 0 0.0 0.0 0.0 0.0
20872 2039.942943096161 1507.5804443359375 51.9113570771475 1650.0 1500.0 0 0.0 0.0 0.0 0.0
20890 2035.9904284477234 1507.5804443359375 51.37353265356023 1650.0 1500.0 0 0.0 0.0 0.0 0.0
20904 2032.0377917289734 1507.5804443359375 50.82963862855115 1650.0 1500.0 0 0.0 0.0 0.0 0.0
20924 2024.1327624320984 1507.5804443359375 49.717311724132 1650.0 1500.0 0 0.0 0.0 0.0 0.0
20938 2020.1801257133484 1507.5804443359375 49.15503230561893 1650.0 1500.0 0 0.0 0.0 0.0 0.0
20954 2016.227611064911 1499.67529296875 47.368460780232056 1650.0 1500.0 0 0.0 0.0 0.0 0.0
20974 2012.274974346161 1495.72265625 46.184376327612426 1650.0 1500.0 0 0.0 0.0 0.0 0.0
20988 2008.3224596977234 1487.817626953125 44.42890591961378 1650.0 1500.0 0 0.0 0.0 0.0 0.0
21004 2008.3224596977234 1456.197021484375 40.221324046845154 1650.0 1500.0 0 0.0 0.0 0.0 0.0
21671 1971.7648429870605 1407.7396392822266 39.736882821725885 1650.0 1500.0 0 0.0 0.0 0.0 0.0
21737 1979.669994354248 1399.834487915039 40.71291864322535 1650.0 1500.0 0 0.0 0.0 0.0 0.0
21771 1983.6225090026855 1395.881851196289 41.18850206369763 1650.0 1500.0 0 0.0 0.0 0.0 0.0
21789 1983.6225090026855 1391.9293365478516 40.68758968502135 1650.0 1500.0 0 0.0 0.0 0.0 0.0
21804 1983.6225090026855 1387.9766998291016 40.19518606630095 1650.0 1500.0 0 0.0 0.0 0.0 0.0
21854 1983.6225090026855 1384.024185180664 39.71121088547386 1650.0 1500.0 0 0.0 0.0 0.0 0.0
21904 1987.5751457214355 1384.024185180664 40.70073800056247 1650.0 1500.0 0 0.0 0.0 0.0 0.0
21937 1987.5751457214355 1380.0716705322266 40.208105820689184 1650.0 1500.0 0 0.0 0.0 0.0 0.0
22022 1987.5751457214355 1376.1190338134766 39.72390406098259 1650.0 1500.0 0 0.0 0.0 0.0 0.0
22056 1987.5751457214355 1372.166519165039 39.24801795306462 1650.0 1500.0 0 0.0 0.0 0.0 0.0
22074 1987.5751457214355 1368.213882446289 38.78030887626812 1650.0 1500.0 0 0.0 0.0 0.0 0.0
22104 1987.5751457214355 1364.2613677978516 38.320697564514035 1650.0 1500.0 0 0.0 0.0 0.0 0.0
22221 1987.5751457214355 1360.3087310791016 37.86903953030651 1650.0 1500.0 0 0.0 0.0 0.0 0.0