0 2000.0 1500.0 0 0.0 0.0 0.0 0.0 0.0 0.0 0.0
18 2000.0 1500.0 0 0.0 0.0 0.0 0.0 0.0 0.0 0.0
27 2000.0 1500.0 0 0.0 0.0 0.0 0.0 0.0 0.0 0.0
48 2000.0 1500.0 0 0.0 0.0 0.0 0.0 0.0 0.0 0.0
195 2000.0 1500.0 0 0.0 0.0 0.0 0.0 0.0 0.0 0.0
197 2000.0 1500.0 0 0.0 0.0 0.0 0.0 0.0 0.0 0.0
201 2000.0 1500.0 0 0.0 0.0 0.0 0.0 0.0 0.0 0.0
206 2000.0 1500.0 0 0.0 0.0 0.0 0.0 0.0 0.0 0.0
210 2000.0 1500.0 0 0.0 0.0 0.0 0.0 0.0 0.0 0.0
212 2000.0 1500.0 0 0.0 0.0 0.0 0.0 0.0 0.0 0.0
214 2000.0 1500.0 0 0.0 0.0 0.0 0.0 0.0 0.0 0.0
219 2000.0 1500.0 0 0.0 0.0 0.0 0.0 0.0 0.0 0.0
221 2000.0 1500.0 0 0.0 0.0 0.0 0.0 0.0 0.0 0.0
225 2000.0 1500.0 0 0.0 0.0 0.0 0.0 0.0 0.0 0.0
228 2000.0 1500.0 0 0.0 0.0 0.0 0.0 0.0 0.0 0.0
230 2000.0 1500.0 0 0.0 0.0 0.0 0.0 0.0 0.0 0.0
234 2000.0 1500.0 0 0.0 0.0 0.0 0.0 0.0 0.0 0.0
239 2000.0 1500.0 0 0.0 0.0 0.0 0.0 0.0 0.0 0.0
243 2000.0 1500.0 0 0.0 0.0 0.0 0.0 0.0 0.0 0.0
245 2000.0 1500.0 0 0.0 0.0 0.0 0.0 0.0 0.0 0.0
248 2000.0 1500.0 0 0.0 0.0 0.0 0.0 0.0 0.0 0.0
252 2000.0 1500.0 0 0.0 0.0 0.0 0.0 0.0 0.0 0.0
255 2000.0 1500.0 0 0.0 0.0 0.0 0.0 0.0 0.0 0.0
258 2000.0 1500.0 0 0.0 0.0 0.0 0.0 0.0 0.0 0.0
262 2000.0 1500.0 0 0.0 0.0 0.0 0.0 0.0 0.0 0.0
266 2000.0 1500.0 0 0.0 0.0 0.0 0.0 0.0 0.0 0.0
268 2000.0 1497.8768310546875 0.1227196049742929 0.0 0.0 0.0 0.0 0.0 0.0 0.0
273 2000.0 1495.753662109375 0.24292435608361984 0.0 0.0 0.0 0.0 0.0 0.0 0.0
277 2000.0 1493.6304931640625 0.36065305410767223 0.0 0.0 0.0 0.0 0.0 0.0 0.0
279 2000.0 1491.50732421875 0.47598033210556423 0.0 0.0 0.0 0.0 0.0 0.0 0.0
282 2000.0 1489.3841552734375 0.588980387881918 0.0 0.0 0.0 0.0 0.0 0.0 0.0
288 2000.0 1487.2608642578125 0.6996534689837972 0.0 0.0 0.0 0.0 0.0 0.0 0.0
291 2000.0 1485.1376953125 0.8081161793880369 0.0 0.0 0.0 0.0 0.0 0.0 0.0
295 2000.0 1483.0145263671875 0.9143326620091443 0.0 0.0 0.0 0.0 0.0 0.0 0.0
299 2000.0 1480.891357421875 1.0183523522405835 0.0 0.0 0.0 0.0 0.0 0.0 0.0
304 2000.0 1478.7681884765625 1.1202549356918325 0.0 0.0 0.0 0.0 0.0 0.0 0.0
308 2000.0 1476.64501953125 1.2201079734833797 0.0 0.0 0.0 0.0 0.0 0.0 0.0
310 2000.0 1474.521728515625 1.3179172560484176 0.0 0.0 0.0 0.0 0.0 0.0 0.0
315 2000.0 1472.3985595703125 1.4137285533169575 0.0 0.0 0.0 0.0 0.0 0.0 0.0
319 2000.0 1470.275390625 1.5075696672603272 0.0 0.0 0.0 0.0 0.0 0.0 0.0
323 2000.0 1468.1522216796875 1.5995025503949591 0.0 0.0 0.0 0.0 0.0 0.0 0.0
328 2000.0 1466.029052734375 1.6895222693170808 0.0 0.0 0.0 0.0 0.0 0.0 0.0
332 2000.0 1463.9058837890625 1.7777016719300605 0.0 0.0 0.0 0.0 0.0 0.0 0.0
339 2000.0 1461.7825927734375 1.8641132455018123 0.0 0.0 0.0 0.0 0.0 0.0 0.0
341 2000.0 1459.659423828125 1.948742655364697 0.0 0.0 0.0 0.0 0.0 0.0 0.0
345 2002.1231689453125 1459.659423828125 3.147344234142963 0.0 0.0 0.0 0.0 0.0 0.0 0.0
350 2002.1231689453125 1457.5362548828125 3.205677182963484 0.0 0.0 0.0 0.0 0.0 0.0 0.0
363 2002.1231689453125 1455.4130859375 3.262853210378239 0.0 0.0 0.0 0.0 0.0 0.0 0.0
381 2002.1231689453125 1453.2899169921875 3.3188044273937862 0.0 0.0 0.0 0.0 0.0 0.0 0.0
520 2002.1231689453125 1451.166748046875 3.3736079256306652 0.0 0.0 0.0 0.0 0.0 0.0 0.0
531 2002.1231689453125 1449.04345703125 3.427324922582045 0.0 0.0 0.0 0.0 0.0 0.0 0.0
536 2002.1231689453125 1446.9202880859375 3.4799555700592464 0.0 0.0 0.0 0.0 0.0 0.0 0.0
540 2002.1231689453125 1444.797119140625 3.5315000212468703 0.0 0.0 0.0 0.0 0.0 0.0 0.0
544 2002.1231689453125 1442.6739501953125 3.5819641144735215 0.0 0.0 0.0 0.0 0.0 0.0 0.0
546 2002.1231689453125 1440.55078125 3.6314096096815547 0.0 0.0 0.0 0.0 0.0 0.0 0.0
548 2002.1231689453125 1438.4276123046875 3.6798394023354035 0.0 0.0 0.0 0.0 0.0 0.0 0.0
552 2002.1231689453125 1436.3043212890625 3.7272534924207434 0.0 0.0 0.0 0.0 0.0 0.0 0.0
553 2002.1231689453125 1434.18115234375 3.7737167987154407 0.0 0.0 0.0 0.0 0.0 0.0 0.0
555 2002.1231689453125 1432.0579833984375 3.819232061480818 0.0 0.0 0.0 0.0 0.0 0.0 0.0
557 2002.1231689453125 1429.934814453125 3.8637992984319 0.0 0.0 0.0 0.0 0.0 0.0 0.0
559 2002.1231689453125 1427.8116455078125 3.9074885248766122 0.0 0.0 0.0 0.0 0.0 0.0 0.0
561 2002.1231689453125 1425.6884765625 3.9502272669534477 0.0 0.0 0.0 0.0 0.0 0.0 0.0
563 2002.1231689453125 1423.565185546875 3.9920879601472166 0.0 0.0 0.0 0.0 0.0 0.0 0.0
564 2002.1231689453125 1421.4420166015625 4.033133414747908 0.0 0.0 0.0 0.0 0.0 0.0 0.0
566 2002.1231689453125 1419.31884765625 4.0732985398433925 0.0 0.0 0.0 0.0 0.0 0.0 0.0
568 2002.1231689453125 1417.1956787109375 4.112653135174355 0.0 0.0 0.0 0.0 0.0 0.0 0.0
570 2002.1231689453125 1412.9493408203125 4.1881999280776085 0.0 0.0 0.0 0.0 0.0 0.0 0.0
574 2002.1231689453125 1410.8260498046875 4.225234527920804 0.0 0.0 0.0 0.0 0.0 0.0 0.0
575 2002.1231689453125 1408.702880859375 4.261473301198805 0.0 0.0 0.0 0.0 0.0 0.0 0.0
577 2002.1231689453125 1406.5797119140625 4.296969041311115 0.0 0.0 0.0 0.0 0.0 0.0 0.0
579 2002.1231689453125 1404.45654296875 4.331719722103458 0.0 0.0 0.0 0.0 0.0 0.0 0.0
581 2002.1231689453125 1402.3333740234375 4.365794871709625 0.0 0.0 0.0 0.0 0.0 0.0 0.0
583 2002.1231689453125 1400.210205078125 4.399125000513891 0.0 0.0 0.0 0.0 0.0 0.0 0.0
585 2002.1231689453125 1398.0869140625 4.431781403024786 0.0 0.0 0.0 0.0 0.0 0.0 0.0
588 2002.1231689453125 1395.9637451171875 4.46382425940385 0.0 0.0 0.0 0.0 0.0 0.0 0.0
590 2002.1231689453125 1393.840576171875 4.495191600710598 0.0 0.0 0.0 0.0 0.0 0.0 0.0
594 2002.1231689453125 1391.7174072265625 4.525883378220158 0.0 0.0 0.0 0.0 0.0 0.0 0.0
601 2002.1231689453125 1389.59423828125 4.555967104972183 0.0 0.0 0.0 0.0 0.0 0.0 0.0
605 2002.1231689453125 1387.4710693359375 4.585441082448881 0.0 0.0 0.0 0.0 0.0 0.0 0.0
1242 2002.1231689453125 1385.3477783203125 4.614307001581778 0.0 0.0 0.0 0.0 0.0 0.0 0.0
1249 2002.1231689453125 1383.224609375 4.642561642986152 0.0 0.0 0.0 0.0 0.0 0.0 0.0
1254 2002.1231689453125 1381.1014404296875 4.6702774084910175 0.0 0.0 0.0 0.0 0.0 0.0 0.0
1259 2002.1231689453125 1378.978271484375 4.697385080460037 0.0 0.0 0.0 0.0 0.0 0.0 0.0
1263 2002.1231689453125 1376.8551025390625 4.7239506955850175 0.0 0.0 0.0 0.0 0.0 0.0 0.0
1270 2002.1231689453125 1374.73193359375 4.749974319991793 0.0 0.0 0.0 0.0 0.0 0.0 0.0
1274 2002.1231689453125 1372.608642578125 4.775458888325659 0.0 0.0 0.0 0.0 0.0 0.0 0.0
1281 2002.1231689453125 1370.4854736328125 4.800400069390662 0.0 0.0 0.0 0.0 0.0 0.0 0.0
1286 2002.1231689453125 1368.3623046875 4.824869710017538 0.0 0.0 0.0 0.0 0.0 0.0 0.0
1294 2002.1231689453125 1366.2391357421875 4.848797440173769 0.0 0.0 0.0 0.0 0.0 0.0 0.0
1297 2002.1231689453125 1364.115966796875 4.872252209649616 0.0 0.0 0.0 0.0 0.0 0.0 0.0
1305 2002.1231689453125 1361.9927978515625 4.8952339993461464 0.0 0.0 0.0 0.0 0.0 0.0 0.0
1316 2002.1231689453125 1359.8695068359375 4.917742791554815 0.0 0.0 0.0 0.0 0.0 0.0 0.0
1321 2002.1231689453125 1357.746337890625 4.9397773285363655 0.0 0.0 0.0 0.0 0.0 0.0 0.0
1340 2002.1231689453125 1355.6231689453125 4.961337671505191 0.0 0.0 0.0 0.0 0.0 0.0 0.0
1522 2002.1231689453125 1353.5 4.982493830437193 0.0 0.0 0.0 0.0 0.0 0.0 0.0
1551 2002.1231689453125 1351.3768310546875 5.0031769817241525 0.0 0.0 0.0 0.0 0.0 0.0 0.0
1569 2002.1231689453125 1349.253662109375 5.02345353885363 0.0 0.0 0.0 0.0 0.0 0.0 0.0
1591 2002.1231689453125 1347.13037109375 5.043325799467084 0.0 0.0 0.0 0.0 0.0 0.0 0.0
1602 2000.0 1347.13037109375 3.8440605681151396 0.0 0.0 0.0 0.0 0.0 0.0 0.0
1607 2000.0 1345.0072021484375 3.8881464206090754 0.0 0.0 0.0 0.0 0.0 0.0 0.0
1613 2000.0 1342.884033203125 3.9312928456587315 0.0 0.0 0.0 0.0 0.0 0.0 0.0
1624 2000.0 1340.7608642578125 3.973556412270966 0.0 0.0 0.0 0.0 0.0 0.0 0.0
1631 2000.0 1338.6376953125 4.014941966982349 0.0 0.0 0.0 0.0 0.0 0.0 0.0
1638 2000.0 1336.5145263671875 4.055514659308415 0.0 0.0 0.0 0.0 0.0 0.0 0.0
1642 2000.0 1334.3912353515625 4.095209229108548 0.0 0.0 0.0 0.0 0.0 0.0 0.0
1647 2000.0 1332.26806640625 4.134086551227881 0.0 0.0 0.0 0.0 0.0 0.0 0.0
1653 2000.0 1330.1448974609375 4.17222307735733 0.0 0.0 0.0 0.0 0.0 0.0 0.0
1657 2000.0 1328.021728515625 4.209546841943563 0.0 0.0 0.0 0.0 0.0 0.0 0.0
1664 2000.0 1325.8985595703125 4.246125445509506 0.0 0.0 0.0 0.0 0.0 0.0 0.0
1674 2000.0 1323.775390625 4.281958944631697 0.0 0.0 0.0 0.0 0.0 0.0 0.0
1681 1997.8768310546875 1323.775390625 3.0834077887665785 0.0 0.0 0.0 0.0 0.0 0.0 0.0
1876 1997.8768310546875 1321.652099609375 3.143091190027519 0.0 0.0 0.0 0.0 0.0 0.0 0.0
1884 1997.8768310546875 1319.5289306640625 3.201549781997585 0.0 0.0 0.0 0.0 0.0 0.0 0.0
1891 1997.8768310546875 1317.40576171875 3.258793323180896 0.0 0.0 0.0 0.0 0.0 0.0 0.0
1893 1995.753662109375 1317.40576171875 2.061543727689184 0.0 0.0 0.0 0.0 0.0 0.0 0.0
1895 1995.753662109375 1315.2825927734375 2.142100245799554 0.0 0.0 0.0 0.0 0.0 0.0 0.0
1897 1995.753662109375 1313.159423828125 2.22101415800239 0.0 0.0 0.0 0.0 0.0 0.0 0.0
1900 1995.753662109375 1311.0362548828125 2.298296004262511 0.0 0.0 0.0 0.0 0.0 0.0 0.0
1904 1995.753662109375 1306.789794921875 2.446710878115539 0.0 0.0 0.0 0.0 0.0 0.0 0.0
1906 1995.753662109375 1304.6666259765625 2.519401928364516 0.0 0.0 0.0 0.0 0.0 0.0 0.0
1908 1995.753662109375 1302.54345703125 2.5906331347169385 0.0 0.0 0.0 0.0 0.0 0.0 0.0
1909 1995.753662109375 1300.4202880859375 2.6603639431076544 0.0 0.0 0.0 0.0 0.0 0.0 0.0
1911 1995.753662109375 1298.297119140625 2.728673829655804 0.0 0.0 0.0 0.0 0.0 0.0 0.0
1913 1993.63037109375 1294.0506591796875 1.7110853552771346 0.0 0.0 0.0 0.0 0.0 0.0 0.0
1915 1993.63037109375 1289.8043212890625 1.8830766841218178 0.0 0.0 0.0 0.0 0.0 0.0 0.0
1917 1991.5072021484375 1281.3115234375 1.0970318235308127 0.0 0.0 0.0 0.0 0.0 0.0 0.0
1919 1991.5072021484375 1272.81884765625 1.4750583806594477 0.0 0.0 0.0 0.0 0.0 0.0 0.0
1920 1991.5072021484375 1270.695556640625 1.5676454526343946 0.0 0.0 0.0 0.0 0.0 0.0 0.0
1922 1989.384033203125 1262.202880859375 0.8063983590192834 0.0 0.0 0.0 0.0 0.0 0.0 0.0
1924 1989.384033203125 1251.5869140625 1.2974909563943129 0.0 0.0 0.0 0.0 0.0 0.0 0.0
1926 1987.2608642578125 1240.970947265625 0.6602565326784315 0.0 0.0 0.0 0.0 0.0 0.0 0.0
1928 1985.1376953125 1228.2318115234375 0.19380996468441936 0.0 0.0 0.0 0.0 0.0 0.0 0.0
1930 1983.0145263671875 1215.49267578125 359.7799794780935 0.0 0.0 0.0 0.0 0.0 0.0 0.0
1931 1980.8912353515625 1211.246337890625 358.88597841963514 0.0 0.0 0.0 0.0 0.0 0.0 0.0
1933 1980.8912353515625 1200.63037109375 359.5583526783394 0.0 0.0 0.0 0.0 0.0 0.0 0.0
1935 1978.76806640625 1185.76806640625 359.33956173171083 0.0 0.0 0.0 0.0 0.0 0.0 0.0
1937 1976.6448974609375 1166.6593017578125 359.3894097465233 0.0 0.0 0.0 0.0 0.0 0.0 0.0
1939 1974.521728515625 1147.5506591796875 359.43132088335045 0.0 0.0 0.0 0.0 0.0 0.0 0.0
1941 1972.3985595703125 1126.3187255859375 359.5792023473702 0.0 0.0 0.0 0.0 0.0 0.0 0.0
1942 1970.275390625 1115.7028198242188 359.107146884074 0.0 0.0 0.0 0.0 0.0 0.0 0.0
1944 1968.152099609375 1096.5941162109375 359.19398987884773 0.0 0.0 0.0 0.0 0.0 0.0 0.0
1946 1963.90576171875 1073.239013671875 358.52893106694205 0.0 0.0 0.0 0.0 0.0 0.0 0.0
1948 1957.5362548828125 1043.5143432617188 357.4610012544623 0.0 0.0 0.0 0.0 0.0 0.0 0.0
1950 1955.4129638671875 1013.7897338867188 358.4705152053221 0.0 0.0 0.0 0.0 0.0 0.0 0.0
1952 1951.1666259765625 981.94189453125 358.45298343775676 0.0 0.0 0.0 0.0 0.0 0.0 0.0
1953 1951.1666259765625 967.0795288085938 359.4151679224806 0.0 0.0 0.0 0.0 0.0 0.0 0.0
1955 1949.04345703125 935.231689453125 0.07671065232784713 0.0 0.0 0.0 0.0 0.0 0.0 0.0
1957 1946.9202880859375 899.1375122070312 0.7468237557015414 0.0 0.0 0.0 0.0 0.0 0.0 0.0
1959 1940.5506591796875 860.9201049804688 359.5811018611285 0.0 0.0 0.0 0.0 0.0 0.0 0.0
1961 1938.427490234375 822.7026977539062 0.4666434328859168 0.0 0.0 0.0 0.0 0.0 0.0 0.0
1963 1934.18115234375 780.2388916015625 0.4118577766014937 0.0 0.0 0.0 0.0 0.0 0.0 0.0
1964 1932.0579833984375 765.3765869140625 0.08304399859503064 0.0 0.0 0.0 0.0 0.0 0.0 0.0
1966 1929.9346923828125 729.2823486328125 0.7514289625981405 0.0 0.0 0.0 0.0 0.0 0.0 0.0
1968 1925.6883544921875 695.3113403320312 0.2758214035407036 0.0 0.0 0.0 0.0 0.0 0.0 0.0
1970 1919.31884765625 657.0939331054688 359.2403096555941 0.0 0.0 0.0 0.0 0.0 0.0 0.0
1972 1910.8260498046875 610.3837585449219 358.10726650526124 0.0 0.0 0.0 0.0 0.0 0.0 0.0
1974 1904.4564208984375 565.7967834472656 358.0318603839677 0.0 0.0 0.0 0.0 0.0 0.0 0.0
1975 1900.2100830078125 550.9344787597656 356.97758684302966 0.0 0.0 0.0 0.0 0.0 0.0 0.0
1977 1891.71728515625 508.4706726074219 356.2906490777287 0.0 0.0 0.0 0.0 0.0 0.0 0.0
1979 1885.3477783203125 463.88372802734375 356.77412048274425 0.0 0.0 0.0 0.0 0.0 0.0 0.0
1981 1876.85498046875 423.5431213378906 356.00217043337074 0.0 0.0 0.0 0.0 0.0 0.0 0.0
1983 1866.239013671875 372.5865783691406 355.3989240769714 0.0 0.0 0.0 0.0 0.0 0.0 0.0
1985 1857.746337890625 332.24598693847656 355.02448779859884 0.0 0.0 0.0 0.0 0.0 0.0 0.0
1986 1855.6231689453125 311.0140838623047 355.93797266960377 0.0 0.0 0.0 0.0 0.0 0.0 0.0
1993 1823.7752685546875 170.88360595703125 354.23603145629755 0.0 0.0 0.0 0.0 0.0 0.0 0.0
1994 1813.1593017578125 124.17344093322754 353.89972171011624 0.0 0.0 0.0 0.0 0.0 0.0 0.0
2616 1237.7750244140625 100.81835937500001 287.5931650255158 0.0 0.0 0.0 0.0 0.0 0.0 0.0
2618 1239.8983154296875 105.06473779678345 285.4216248991008 0.0 0.0 0.0 0.0 0.0 0.0 0.0
2619 1242.021484375 105.06473779678345 285.6223782676648 0.0 0.0 0.0 0.0 0.0 0.0 0.0
2621 1244.1446533203125 109.3111162185669 283.39641271646974 0.0 0.0 0.0 0.0 0.0 0.0 0.0
2623 1248.3909912109375 111.43430519104004 282.47499985673704 0.0 0.0 0.0 0.0 0.0 0.0 0.0
2625 1252.637451171875 115.68068408966064 280.25963816874787 0.0 0.0 0.0 0.0 0.0 0.0 0.0
2627 1254.7606201171875 117.80387306213379 279.1269563635015 0.0 0.0 0.0 0.0 0.0 0.0 0.0
2629 1261.130126953125 122.05025100708008 276.7756771707839 0.0 0.0 0.0 0.0 0.0 0.0 0.0
2632 1265.3765869140625 126.29662895202637 274.30521810885745 0.0 0.0 0.0 0.0 0.0 0.0 0.0
2634 1267.499755859375 128.41981887817383 273.0449597019904 0.0 0.0 0.0 0.0 0.0 0.0 0.0
2636 1271.74609375 132.66619682312012 270.42235816377496 0.0 0.0 0.0 0.0 0.0 0.0 0.0
2638 1275.992431640625 132.66619682312012 270.17928342925444 0.0 0.0 0.0 0.0 0.0 0.0 0.0
2640 1278.11572265625 136.9125747680664 267.62936216975714 0.0 0.0 0.0 0.0 0.0 0.0 0.0
2641 1282.362060546875 136.9125747680664 267.26520513473355 0.0 0.0 0.0 0.0 0.0 0.0 0.0
2643 1284.4852294921875 141.15895462036133 264.6754352246048 0.0 0.0 0.0 0.0 0.0 0.0 0.0
2645 1286.6083984375 143.28214263916016 263.2399737877227 0.0 0.0 0.0 0.0 0.0 0.0 0.0
2647 1290.854736328125 145.40533447265625 261.4763838243081 0.0 0.0 0.0 0.0 0.0 0.0 0.0
2649 1292.97802734375 149.6517105102539 258.8281056654674 0.0 0.0 0.0 0.0 0.0 0.0 0.0
2651 1297.224365234375 149.6517105102539 258.090325770022 0.0 0.0 0.0 0.0 0.0 0.0 0.0
2652 1299.3475341796875 151.77489852905273 256.5592379202139 0.0 0.0 0.0 0.0 0.0 0.0 0.0
2654 1303.5938720703125 153.89809036254883 254.56496035029198 0.0 0.0 0.0 0.0 0.0 0.0 0.0
2656 1305.7171630859375 158.14446640014648 251.88307927731475 0.0 0.0 0.0 0.0 0.0 0.0 0.0
2658 1307.84033203125 160.26765823364258 250.28104014933905 0.0 0.0 0.0 0.0 0.0 0.0 0.0
2660 1312.086669921875 160.26765823364258 249.19910388351553 0.0 0.0 0.0 0.0 0.0 0.0 0.0
2662 1314.2098388671875 164.51403427124023 246.51824398912674 0.0 0.0 0.0 0.0 0.0 0.0 0.0
2663 1316.3330078125 164.51403427124023 245.91687406941924 0.0 0.0 0.0 0.0 0.0 0.0 0.0
2665 1316.3330078125 166.63722229003906 244.88929561867678 0.0 0.0 0.0 0.0 0.0 0.0 0.0
2667 1320.5794677734375 168.76041412353516 242.56495342936597 0.0 0.0 0.0 0.0 0.0 0.0 0.0
2669 1322.70263671875 170.88360595703125 240.89289784740276 0.0 0.0 0.0 0.0 0.0 0.0 0.0
2671 1326.948974609375 173.0067901611328 238.47879230156158 0.0 0.0 0.0 0.0 0.0 0.0 0.0
2673 1329.0721435546875 175.1299819946289 236.79012247214635 0.0 0.0 0.0 0.0 0.0 0.0 0.0
2674 1331.1954345703125 175.1299819946289 236.01912089997688 0.0 0.0 0.0 0.0 0.0 0.0 0.0
2676 1333.318603515625 177.253173828125 234.3246549911223 0.0 0.0 0.0 0.0 0.0 0.0 0.0
2678 1333.318603515625 179.37635803222656 233.44059700679082 0.0 0.0 0.0 0.0 0.0 0.0 0.0
2680 1335.4417724609375 181.49954986572266 231.74339811052715 0.0 0.0 0.0 0.0 0.0 0.0 0.0
2682 1337.56494140625 183.62274169921875 230.04629062069674 0.0 0.0 0.0 0.0 0.0 0.0 0.0
2684 1339.6881103515625 183.62274169921875 229.17119425331026 0.0 0.0 0.0 0.0 0.0 0.0 0.0
2685 1341.811279296875 185.7459259033203 227.47703868122562 0.0 0.0 0.0 0.0 0.0 0.0 0.0
2687 1341.811279296875 187.8691177368164 226.69442000535318 0.0 0.0 0.0 0.0 0.0 0.0 0.0
2689 1343.9345703125 189.9923095703125 225.00629999047263 0.0 0.0 0.0 0.0 0.0 0.0 0.0
2691 1346.0577392578125 192.11549377441406 223.32412737107427 0.0 0.0 0.0 0.0 0.0 0.0 0.0
2693 1348.180908203125 194.23868560791016 221.64932917986133 0.0 0.0 0.0 0.0 0.0 0.0 0.0
2695 1350.3040771484375 196.36187744140625 219.98324422816478 0.0 0.0 0.0 0.0 0.0 0.0 0.0
2697 1352.42724609375 196.36187744140625 218.97658866836252 0.0 0.0 0.0 0.0 0.0 0.0 0.0
2699 1354.5504150390625 198.4850616455078 217.3273286885563 0.0 0.0 0.0 0.0 0.0 0.0 0.0
2701 1356.6737060546875 200.6082534790039 215.6901325715104 0.0 0.0 0.0 0.0 0.0 0.0 0.0
2703 1358.796875 202.73143768310547 214.06634305508894 0.0 0.0 0.0 0.0 0.0 0.0 0.0
2705 1360.9200439453125 204.85462951660156 212.45708823082512 0.0 0.0 0.0 0.0 0.0 0.0 0.0
2708 1365.1663818359375 209.10100555419922 209.30163670621585 0.0 0.0 0.0 0.0 0.0 0.0 0.0
2710 1367.28955078125 209.10100555419922 208.19052067197225 0.0 0.0 0.0 0.0 0.0 0.0 0.0
2712 1369.412841796875 211.2241973876953 206.64414714766372 0.0 0.0 0.0 0.0 0.0 0.0 0.0
2714 1371.5360107421875 211.2241973876953 205.51302831232925 0.0 0.0 0.0 0.0 0.0 0.0 0.0
2716 1373.6591796875 215.47057342529297 203.64148612115986 0.0 0.0 0.0 0.0 0.0 0.0 0.0
2717 1375.7823486328125 215.47057342529297 202.4908122462329 0.0 0.0 0.0 0.0 0.0 0.0 0.0
2719 1377.905517578125 217.59376525878906 201.02049437837678 0.0 0.0 0.0 0.0 0.0 0.0 0.0
2721 1380.0286865234375 217.59376525878906 199.85537731648935 0.0 0.0 0.0 0.0 0.0 0.0 0.0
2723 1382.1519775390625 219.71695709228516 198.4249509610072 0.0 0.0 0.0 0.0 0.0 0.0 0.0
2725 1388.521484375 221.84014129638672 194.68224411336854 0.0 0.0 0.0 0.0 0.0 0.0 0.0
2727 1390.6446533203125 221.84014129638672 193.49240671557303 0.0 0.0 0.0 0.0 0.0 0.0 0.0
2728 1392.767822265625 223.9633331298828 192.17011866276746 0.0 0.0 0.0 0.0 0.0 0.0 0.0
2730 1397.0142822265625 226.0865249633789 189.69670339662645 0.0 0.0 0.0 0.0 0.0 0.0 0.0
2732 1399.137451171875 226.0865249633789 188.49775835874635 0.0 0.0 0.0 0.0 0.0 0.0 0.0
2734 1403.3837890625 226.0865249633789 186.09700979539528 0.0 0.0 0.0 0.0 0.0 0.0 0.0
2736 1407.6302490234375 228.20970916748047 183.745179654428 0.0 0.0 0.0 0.0 0.0 0.0 0.0
2738 1413.999755859375 230.33290100097656 180.28028956453306 0.0 0.0 0.0 0.0 0.0 0.0 0.0
2741 1420.369384765625 230.33290100097656 176.7248524982117 0.0 0.0 0.0 0.0 0.0 0.0 0.0
2743 1424.61572265625 232.45608520507812 174.60842123591357 0.0 0.0 0.0 0.0 0.0 0.0 0.0
2745 1430.9852294921875 232.45608520507812 171.1267179953144 0.0 0.0 0.0 0.0 0.0 0.0 0.0
2747 1437.3548583984375 234.57928466796875 168.0691472777966 0.0 0.0 0.0 0.0 0.0 0.0 0.0
2749 1443.724365234375 236.7024688720703 165.13115320288404 0.0 0.0 0.0 0.0 0.0 0.0 0.0
2750 1445.84765625 236.7024688720703 164.01818529041685 0.0 0.0 0.0 0.0 0.0 0.0 0.0
2752 1450.093994140625 236.7024688720703 161.82793272082415 0.0 0.0 0.0 0.0 0.0 0.0 0.0
2754 1456.4635009765625 238.82565307617188 159.15637266623645 0.0 0.0 0.0 0.0 0.0 0.0 0.0
2756 1462.8331298828125 238.82565307617188 156.03569065859944 0.0 0.0 0.0 0.0 0.0 0.0 0.0
2758 1469.20263671875 238.82565307617188 153.01428869074 0.0 0.0 0.0 0.0 0.0 0.0 0.0
2760 1475.572265625 240.9488525390625 150.76506582482787 0.0 0.0 0.0 0.0 0.0 0.0 0.0
2761 1477.6954345703125 243.07203674316406 150.48518072316162 0.0 0.0 0.0 0.0 0.0 0.0 0.0
2763 1484.0650634765625 243.07203674316406 147.66000609017013 0.0 0.0 0.0 0.0 0.0 0.0 0.0
2765 1490.4345703125 245.19522094726562 145.69023693667953 0.0 0.0 0.0 0.0 0.0 0.0 0.0
2767 1496.80419921875 245.19522094726562 143.0537156466173 0.0 0.0 0.0 0.0 0.0 0.0 0.0
2769 1503.1737060546875 245.19522094726562 140.52796583814754 0.0 0.0 0.0 0.0 0.0 0.0 0.0
2771 1509.5433349609375 245.19522094726562 138.11266295622357 0.0 0.0 0.0 0.0 0.0 0.0 0.0
2772 1511.66650390625 245.19522094726562 137.32017366635517 0.0 0.0 0.0 0.0 0.0 0.0 0.0
2774 1518.0360107421875 247.31842041015625 135.92915556405035 0.0 0.0 0.0 0.0 0.0 0.0 0.0
2776 1528.6519775390625 249.4416046142578 133.2507415788652 0.0 0.0 0.0 0.0 0.0 0.0 0.0
2778 1535.0216064453125 251.56478881835938 132.09870495708228 0.0 0.0 0.0 0.0 0.0 0.0 0.0
2780 1541.39111328125 251.56478881835938 130.0805641658154 0.0 0.0 0.0 0.0 0.0 0.0 0.0
2782 1547.7607421875 253.68798828125 129.11813167060865 0.0 0.0 0.0 0.0 0.0 0.0 0.0
2783 1549.8839111328125 253.68798828125 128.4736819401244 0.0 0.0 0.0 0.0 0.0 0.0 0.0
2785 1560.4998779296875 253.68798828125 125.5156331771941 0.0 0.0 0.0 0.0 0.0 0.0 0.0
2787 1566.869384765625 253.68798828125 123.83405600142345 0.0 0.0 0.0 0.0 0.0 0.0 0.0
2789 1573.239013671875 255.81117248535156 123.25184358405829 0.0 0.0 0.0 0.0 0.0 0.0 0.0
2791 1581.731689453125 257.9343566894531 122.20793069032766 0.0 0.0 0.0 0.0 0.0 0.0 0.0
2793 1588.101318359375 257.9343566894531 120.70278052369542 0.0 0.0 0.0 0.0 0.0 0.0 0.0
2794 1592.34765625 257.9343566894531 119.7363479110686 0.0 0.0 0.0 0.0 0.0 0.0 0.0
2796 1596.593994140625 260.05755615234375 119.86251544063819 0.0 0.0 0.0 0.0 0.0 0.0 0.0
2798 1602.963623046875 262.1807403564453 119.52530196355787 0.0 0.0 0.0 0.0 0.0 0.0 0.0
2800 1609.3331298828125 262.1807403564453 118.1664315431479 0.0 0.0 0.0 0.0 0.0 0.0 0.0
2802 1615.7027587890625 262.1807403564453 116.88259809502438 0.0 0.0 0.0 0.0 0.0 0.0 0.0
2804 1619.9490966796875 264.3039245605469 117.13613154004594 0.0 0.0 0.0 0.0 0.0 0.0 0.0
2805 1624.195556640625 264.3039245605469 116.30299057135278 0.0 0.0 0.0 0.0 0.0 0.0 0.0
2807 1628.44189453125 266.4271240234375 116.58234034079962 0.0 0.0 0.0 0.0 0.0 0.0 0.0
2809 1632.688232421875 266.4271240234375 115.77019321095852 0.0 0.0 0.0 0.0 0.0 0.0 0.0
2811 1636.9346923828125 268.55030822753906 116.07320496297751 0.0 0.0 0.0 0.0 0.0 0.0 0.0
2813 1643.30419921875 268.55030822753906 114.90617679447408 0.0 0.0 0.0 0.0 0.0 0.0 0.0
2815 1647.550537109375 268.55030822753906 114.1578945844472 0.0 0.0 0.0 0.0 0.0 0.0 0.0
2818 1651.7969970703125 270.6734924316406 114.53248717265933 0.0 0.0 0.0 0.0 0.0 0.0 0.0
2820 1658.16650390625 272.79669189453125 114.52597771801518 0.0 0.0 0.0 0.0 0.0 0.0 0.0
2822 1660.2896728515625 272.79669189453125 114.15197873737611 0.0 0.0 0.0 0.0 0.0 0.0 0.0
2824 1662.4129638671875 274.9198760986328 114.89843166651536 0.0 0.0 0.0 0.0 0.0 0.0 0.0
2826 1666.6593017578125 274.9198760986328 114.15045847621167 0.0 0.0 0.0 0.0 0.0 0.0 0.0
2829 1670.9056396484375 274.9198760986328 113.43116678088492 0.0 0.0 0.0 0.0 0.0 0.0 0.0
2831 1673.02880859375 277.0430603027344 114.19627804642647 0.0 0.0 0.0 0.0 0.0 0.0 0.0
2833 1675.152099609375 277.0430603027344 113.8286976111529 0.0 0.0 0.0 0.0 0.0 0.0 0.0
2835 1677.2752685546875 277.0430603027344 113.46831069244837 0.0 0.0 0.0 0.0 0.0 0.0 0.0
2837 1679.3984375 277.0430603027344 113.11499426549355 0.0 0.0 0.0 0.0 0.0 0.0 0.0
2838 1681.5216064453125 277.0430603027344 112.76861582864046 0.0 0.0 0.0 0.0 0.0 0.0 0.0
2840 1683.644775390625 279.166259765625 113.55074589667731 0.0 0.0 0.0 0.0 0.0 0.0 0.0
2842 1685.7679443359375 279.166259765625 113.1958177184996 0.0 0.0 0.0 0.0 0.0 0.0 0.0
2844 1687.8912353515625 281.28944396972656 113.96695253201085 0.0 0.0 0.0 0.0 0.0 0.0 0.0
2848 1690.014404296875 281.28944396972656 113.60387407703655 0.0 0.0 0.0 0.0 0.0 0.0 0.0
2849 1692.1375732421875 281.28944396972656 113.24789569022556 0.0 0.0 0.0 0.0 0.0 0.0 0.0
2851 1692.1375732421875 283.4126281738281 114.38669378705481 0.0 0.0 0.0 0.0 0.0 0.0 0.0
2853 1694.2607421875 283.4126281738281 114.0154068560314 0.0 0.0 0.0 0.0 0.0 0.0 0.0
2855 1696.3839111328125 283.4126281738281 113.65138482262591 0.0 0.0 0.0 0.0 0.0 0.0 0.0
2857 1698.507080078125 283.4126281738281 113.2944820920248 0.0 0.0 0.0 0.0 0.0 0.0 0.0
2860 1700.63037109375 285.53582763671875 114.06308011703095 0.0 0.0 0.0 0.0 0.0 0.0 0.0
2864 1702.7535400390625 285.53582763671875 113.6981254541954 0.0 0.0 0.0 0.0 0.0 0.0 0.0
2866 1702.7535400390625 287.6590118408203 114.83393023195345 0.0 0.0 0.0 0.0 0.0 0.0 0.0
2870 1704.876708984375 287.6590118408203 114.4539247398105 0.0 0.0 0.0 0.0 0.0 0.0 0.0
2873 1706.9998779296875 287.6590118408203 114.08131810491358 0.0 0.0 0.0 0.0 0.0 0.0 0.0
2879 1709.123046875 287.6590118408203 113.71600347050816 0.0 0.0 0.0 0.0 0.0 0.0 0.0
2881 1709.123046875 289.7821960449219 114.85168589484584 0.0 0.0 0.0 0.0 0.0 0.0 0.0
2888 1711.2462158203125 289.7821960449219 114.47132835516129 0.0 0.0 0.0 0.0 0.0 0.0 0.0
2894 1713.3695068359375 289.7821960449219 114.09836255251889 0.0 0.0 0.0 0.0 0.0 0.0 0.0
3275 1715.49267578125 289.7821960449219 113.73270284879513 0.0 0.0 0.0 0.0 0.0 0.0 0.0
3284 1715.49267578125 287.6590118408203 112.58254896818482 0.0 0.0 0.0 0.0 0.0 0.0 0.0
3287 1715.49267578125 285.53582763671875 111.42572298571798 0.0 0.0 0.0 0.0 0.0 0.0 0.0
3289 1717.6158447265625 285.53582763671875 111.11270121829165 0.0 0.0 0.0 0.0 0.0 0.0 0.0
3291 1717.6158447265625 283.4126281738281 109.9479971413387 0.0 0.0 0.0 0.0 0.0 0.0 0.0
3295 1717.6158447265625 279.166259765625 107.59634159753665 0.0 0.0 0.0 0.0 0.0 0.0 0.0
3298 1719.739013671875 279.166259765625 107.35981813631852 0.0 0.0 0.0 0.0 0.0 0.0 0.0
3300 1719.739013671875 277.0430603027344 106.17861127308615 0.0 0.0 0.0 0.0 0.0 0.0 0.0
3302 1721.8621826171875 277.0430603027344 105.97068200442388 0.0 0.0 0.0 0.0 0.0 0.0 0.0
3304 1721.8621826171875 272.79669189453125 103.5910158468904 0.0 0.0 0.0 0.0 0.0 0.0 0.0
3309 1723.9853515625 270.6734924316406 102.26690235404374 0.0 0.0 0.0 0.0 0.0 0.0 0.0
3313 1723.9853515625 268.55030822753906 101.07149394434674 0.0 0.0 0.0 0.0 0.0 0.0 0.0
3318 1723.9853515625 266.4271240234375 99.87413516079636 0.0 0.0 0.0 0.0 0.0 0.0 0.0
3322 1726.108642578125 264.3039245605469 98.62024054692273 0.0 0.0 0.0 0.0 0.0 0.0 0.0
3331 1728.2318115234375 262.1807403564453 97.39117985869615 0.0 0.0 0.0 0.0 0.0 0.0 0.0
3339 1728.2318115234375 260.05755615234375 96.19107658957796 0.0 0.0 0.0 0.0 0.0 0.0 0.0
3346 1728.2318115234375 257.9343566894531 94.99113885731026 0.0 0.0 0.0 0.0 0.0 0.0 0.0
3361 1728.2318115234375 255.81117248535156 93.79190854057549 0.0 0.0 0.0 0.0 0.0 0.0 0.0
3364 1730.35498046875 255.81117248535156 93.83703532294237 0.0 0.0 0.0 0.0 0.0 0.0 0.0