0 1115.430419921875 487.97100830078125 169.00072533230548 0.0 0.0 0.0 0.0 0.0 0.0 0.0
15 1114.3871841430664 469.7807903289795 170.06363032353175 0.0 0.0 0.0 0.0 0.0 0.0 0.0
29 1116.936378479004 464.6824016571045 172.5475151608939 0.0 0.0 0.0 0.0 0.0 0.0 0.0
31 1122.034767150879 462.133207321167 173.50929190352082 0.0 0.0 0.0 0.0 0.0 0.0 0.0
39 1122.034767150879 459.5840129852295 174.8683177982757 0.0 0.0 0.0 0.0 0.0 0.0 0.0
47 1124.5839614868164 457.034818649292 176.0953896924985 0.0 0.0 0.0 0.0 0.0 0.0 0.0
55 1127.133155822754 454.4856243133545 177.35508824861574 0.0 0.0 0.0 0.0 0.0 0.0 0.0
63 1127.133155822754 451.936429977417 178.72207939187427 0.0 0.0 0.0 0.0 0.0 0.0 0.0
71 1129.6823501586914 451.936429977417 178.64773717955717 0.0 0.0 0.0 0.0 0.0 0.0 0.0
248 1129.6823501586914 449.3872356414795 180.01601939886774 0.0 0.0 0.0 0.0 0.0 0.0 0.0
327 1127.133155822754 449.3872356414795 180.05672096690733 0.0 0.0 0.0 0.0 0.0 0.0 0.0
336 1124.5839614868164 449.3872356414795 180.0964762259146 0.0 0.0 0.0 0.0 0.0 0.0 0.0
343 1116.936378479004 449.3872356414795 180.207767730829 0.0 0.0 0.0 0.0 0.0 0.0 0.0
352 1109.2887954711914 449.3872356414795 180.31161915235782 0.0 0.0 0.0 0.0 0.0 0.0 0.0
359 1099.092140197754 446.838041305542 181.68753414049917 0.0 0.0 0.0 0.0 0.0 0.0 0.0
367 1086.3461685180664 444.2888774871826 182.91791910475848 0.0 0.0 0.0 0.0 0.0 0.0 0.0
375 1076.1493911743164 441.7396831512451 184.06550654926252 0.0 0.0 0.0 0.0 0.0 0.0 0.0
383 1058.305030822754 441.7396831512451 183.7353596623691 0.0 0.0 0.0 0.0 0.0 0.0 0.0
395 1045.5590591430664 441.7396831512451 183.5246980659087 0.0 0.0 0.0 0.0 0.0 0.0 0.0
399 1027.714698791504 441.7396831512451 183.27201025165226 0.0 0.0 0.0 0.0 0.0 0.0 0.0
407 1017.5179214477539 441.7396831512451 183.1401984283085 0.0 0.0 0.0 0.0 0.0 0.0 0.0
415 1004.7719497680664 441.7396831512451 182.99301833788098 0.0 0.0 0.0 0.0 0.0 0.0 0.0
424 992.0261001586914 441.7396831512451 182.8615340524081 0.0 0.0 0.0 0.0 0.0 0.0 0.0
430 981.8293228149414 441.7396831512451 182.7655216887385 0.0 0.0 0.0 0.0 0.0 0.0 0.0
439 971.6325454711914 441.7396831512451 182.67788692652033 0.0 0.0 0.0 0.0 0.0 0.0 0.0
446 961.4357681274414 441.7396831512451 182.59789951377314 0.0 0.0 0.0 0.0 0.0 0.0 0.0
454 953.7881851196289 444.2888774871826 181.2646006464052 0.0 0.0 0.0 0.0 0.0 0.0 0.0
462 946.1406021118164 446.838041305542 180.02102587891505 0.0 0.0 0.0 0.0 0.0 0.0 0.0
470 935.9438247680664 446.838041305542 180.17276538043433 0.0 0.0 0.0 0.0 0.0 0.0 0.0
478 928.2962417602539 449.3872356414795 179.00303738508836 0.0 0.0 0.0 0.0 0.0 0.0 0.0
487 920.6486587524414 449.3872356414795 179.1874056456109 0.0 0.0 0.0 0.0 0.0 0.0 0.0
495 907.9027481079102 451.936429977417 178.2412974984705 0.0 0.0 0.0 0.0 0.0 0.0 0.0
503 897.7059707641602 454.4856243133545 177.30224600965784 0.0 0.0 0.0 0.0 0.0 0.0 0.0
511 887.5091934204102 454.4856243133545 177.69084204913094 0.0 0.0 0.0 0.0 0.0 0.0 0.0
520 877.3124160766602 457.034818649292 176.80054969595818 0.0 0.0 0.0 0.0 0.0 0.0 0.0
527 864.5665054321289 457.034818649292 177.32936089317963 0.0 0.0 0.0 0.0 0.0 0.0 0.0
536 849.2713394165039 457.034818649292 177.88456573507898 0.0 0.0 0.0 0.0 0.0 0.0 0.0
543 836.5253677368164 457.034818649292 178.29795520359875 0.0 0.0 0.0 0.0 0.0 0.0 0.0
552 823.7793960571289 457.034818649292 178.66730245332644 0.0 0.0 0.0 0.0 0.0 0.0 0.0
559 808.4842910766602 457.034818649292 179.0549993687505 0.0 0.0 0.0 0.0 0.0 0.0 0.0
569 795.7383193969727 457.034818649292 179.34363206339884 0.0 0.0 0.0 0.0 0.0 0.0 0.0
575 785.5415420532227 457.034818649292 179.55441625246863 0.0 0.0 0.0 0.0 0.0 0.0 0.0
583 777.8939590454102 457.034818649292 179.70194004946865 0.0 0.0 0.0 0.0 0.0 0.0 0.0
591 767.6971817016602 457.034818649292 179.88148261296936 0.0 0.0 0.0 0.0 0.0 0.0 0.0
599 757.5004653930664 457.034818649292 180.04538171346013 0.0 0.0 0.0 0.0 0.0 0.0 0.0
607 749.8528823852539 457.034818649292 180.16008510905965 0.0 0.0 0.0 0.0 0.0 0.0 0.0
615 742.2052993774414 457.034818649292 180.2671211436383 0.0 0.0 0.0 0.0 0.0 0.0 0.0
623 737.1069107055664 457.034818649292 180.33523030778218 0.0 0.0 0.0 0.0 0.0 0.0 0.0
631 729.4593276977539 457.034818649292 180.43056094770378 0.0 0.0 0.0 0.0 0.0 0.0 0.0
639 724.3609390258789 457.034818649292 180.49121807431237 0.0 0.0 0.0 0.0 0.0 0.0 0.0
647 721.8117446899414 457.034818649292 180.52082850468997 0.0 0.0 0.0 0.0 0.0 0.0 0.0
655 716.7133560180664 457.034818649292 180.57736513491506 0.0 0.0 0.0 0.0 0.0 0.0 0.0
663 714.1641616821289 457.034818649292 180.60496551356306 0.0 0.0 0.0 0.0 0.0 0.0 0.0
679 711.6149673461914 457.034818649292 180.63193801773997 0.0 0.0 0.0 0.0 0.0 0.0 0.0
687 709.0657730102539 457.034818649292 180.6582864633276 0.0 0.0 0.0 0.0 0.0 0.0 0.0
695 706.5166397094727 457.034818649292 180.68400901888026 0.0 0.0 0.0 0.0 0.0 0.0 0.0
711 703.9674453735352 457.034818649292 180.70912472493416 0.0 0.0 0.0 0.0 0.0 0.0 0.0
719 701.4182510375977 457.034818649292 180.73366318222878 0.0 0.0 0.0 0.0 0.0 0.0 0.0
727 698.8690567016602 457.034818649292 180.75762557144554 0.0 0.0 0.0 0.0 0.0 0.0 0.0
743 693.7706680297852 454.4856243133545 182.10983579303337 0.0 0.0 0.0 0.0 0.0 0.0 0.0
751 691.2214736938477 454.4856243133545 182.10168992891494 0.0 0.0 0.0 0.0 0.0 0.0 0.0
767 686.1230850219727 451.936429977417 183.3921016486634 0.0 0.0 0.0 0.0 0.0 0.0 0.0
775 681.0246963500977 451.936429977417 183.31772887470237 0.0 0.0 0.0 0.0 0.0 0.0 0.0
783 681.0246963500977 449.3872356414795 184.684874216923 0.0 0.0 0.0 0.0 0.0 0.0 0.0
791 675.9263076782227 449.3872356414795 184.5515918481774 0.0 0.0 0.0 0.0 0.0 0.0 0.0
799 673.3771133422852 446.838041305542 185.82015893475187 0.0 0.0 0.0 0.0 0.0 0.0 0.0
807 670.8279190063477 444.2888774871826 187.0568480970618 0.0 0.0 0.0 0.0 0.0 0.0 0.0
815 665.7295303344727 444.2888774871826 186.8156518734737 0.0 0.0 0.0 0.0 0.0 0.0 0.0
823 663.1803359985352 444.2888774871826 186.6978534207479 0.0 0.0 0.0 0.0 0.0 0.0 0.0
831 660.6311416625977 441.7396831512451 187.91218603284966 0.0 0.0 0.0 0.0 0.0 0.0 0.0
839 658.0819473266602 441.7396831512451 187.768906797012 0.0 0.0 0.0 0.0 0.0 0.0 0.0
847 655.5327529907227 439.1904888153076 188.9555743357974 0.0 0.0 0.0 0.0 0.0 0.0 0.0
863 652.9836196899414 439.1904888153076 188.78813029352813 0.0 0.0 0.0 0.0 0.0 0.0 0.0
1007 655.5327529907227 439.1904888153076 188.9596472502024 0.0 0.0 0.0 0.0 0.0 0.0 0.0
1015 660.6311416625977 441.7396831512451 187.89094590082908 0.0 0.0 0.0 0.0 0.0 0.0 0.0
1023 663.1803359985352 441.7396831512451 188.0406762057475 0.0 0.0 0.0 0.0 0.0 0.0 0.0
1031 670.8279190063477 444.2888774871826 187.05670202156892 0.0 0.0 0.0 0.0 0.0 0.0 0.0
1039 675.9263076782227 444.2888774871826 187.32199263853278 0.0 0.0 0.0 0.0 0.0 0.0 0.0
1047 686.1230850219727 449.3872356414795 184.88628149939507 0.0 0.0 0.0 0.0 0.0 0.0 0.0
1056 696.3198623657227 449.3872356414795 185.21628139513024 0.0 0.0 0.0 0.0 0.0 0.0 0.0
1063 701.4182510375977 449.3872356414795 185.38955067579576 0.0 0.0 0.0 0.0 0.0 0.0 0.0
1073 716.7133560180664 449.3872356414795 185.99609864542305 0.0 0.0 0.0 0.0 0.0 0.0 0.0
1079 726.9101333618164 451.936429977417 184.9322406464434 0.0 0.0 0.0 0.0 0.0 0.0 0.0
1091 739.6561050415039 457.034818649292 182.25251990538635 0.0 0.0 0.0 0.0 0.0 0.0 0.0
1095 749.8528823852539 457.034818649292 182.30446589597244 0.0 0.0 0.0 0.0 0.0 0.0 0.0
1103 765.1479873657227 457.034818649292 182.3954258446459 0.0 0.0 0.0 0.0 0.0 0.0 0.0
1111 782.9923477172852 457.034818649292 182.52286224662083 0.0 0.0 0.0 0.0 0.0 0.0 0.0
1120 798.2875137329102 457.034818649292 182.65036158480842 0.0 0.0 0.0 0.0 0.0 0.0 0.0
1127 818.6810073852539 457.034818649292 182.86052189403011 0.0 0.0 0.0 0.0 0.0 0.0 0.0
1136 831.4269790649414 457.034818649292 183.00967789587008 0.0 0.0 0.0 0.0 0.0 0.0 0.0
1143 854.3697280883789 457.034818649292 183.35169053131682 0.0 0.0 0.0 0.0 0.0 0.0 0.0
1152 884.9599990844727 457.034818649292 183.99083998703924 0.0 0.0 0.0 0.0 0.0 0.0 0.0
1159 910.4519424438477 457.034818649292 184.69045715553324 0.0 0.0 0.0 0.0 0.0 0.0 0.0
1167 938.4930191040039 457.034818649292 185.73372008503856 0.0 0.0 0.0 0.0 0.0 0.0 0.0
1175 976.7309341430664 454.4856243133545 190.05367227133343 0.0 0.0 0.0 0.0 0.0 0.0 0.0
1183 1014.9687271118164 454.4856243133545 194.6322973291821 0.0 0.0 0.0 0.0 0.0 0.0 0.0
1191 1063.403419494629 454.4856243133545 204.9124273626739 0.0 0.0 0.0 0.0 0.0 0.0 0.0
1199 1122.034767150879 454.4856243133545 228.49938107920656 0.0 0.0 0.0 0.0 0.0 0.0 0.0
1207 1193.412208557129 454.4856243133545 270.469878827196 0.0 0.0 0.0 0.0 0.0 0.0 0.0
1215 1274.9863052368164 454.4856243133545 308.34122030077697 0.0 0.0 0.0 0.0 0.0 0.0 0.0
1224 1402.445899963379 469.7807903289795 341.5346955648881 0.0 0.0 0.0 0.0 0.0 0.0 0.0
1231 1522.257911682129 492.72350883483887 358.1320127432167 0.0 0.0 0.0 0.0 0.0 0.0 0.0
1239 1670.110939025879 518.2153911590576 5.974323335903023 0.0 0.0 0.0 0.0 0.0 0.0 0.0
1247 1835.808448791504 548.8057231903076 9.799433625256981 0.0 0.0 0.0 0.0 0.0 0.0 0.0
1255 2034.6452407836914 576.8467998504639 9.791984892949074 0.0 0.0 0.0 0.0 0.0 0.0 0.0
1263 2202.8920669555664 581.9451885223389 5.93834053586896 0.0 0.0 0.0 0.0 0.0 0.0 0.0
1271 2343.0973892211914 581.9451885223389 3.566061386641252 0.0 0.0 0.0 0.0 0.0 0.0 0.0
1279 2503.6965103149414 581.9451885223389 2.4814317592219197 0.0 0.0 0.0 0.0 0.0 0.0 0.0
1287 2643.9020767211914 581.9451885223389 2.0722286294807333 0.0 0.0 0.0 0.0 0.0 0.0 0.0
1295 2776.4599380493164 581.9451885223389 1.8996962321756854 0.0 0.0 0.0 0.0 0.0 0.0 0.0
1303 2883.5261001586914 581.9451885223389 1.8301293561306125 0.0 0.0 0.0 0.0 0.0 0.0 0.0
1311 2972.7477798461914 581.9451885223389 1.7985506971941447 0.0 0.0 0.0 0.0 0.0 0.0 0.0
1319 3061.9694595336914 581.9451885223389 1.7813623748710086 0.0 0.0 0.0 0.0 0.0 0.0 0.0
1327 3123.1501235961914 581.9451885223389 1.7738609799125271 0.0 0.0 0.0 0.0 0.0 0.0 0.0
1335 3186.8798599243164 581.9451885223389 1.7689874620181598 0.0 0.0 0.0 0.0 0.0 0.0 0.0
1343 3230.2160415649414 581.9451885223389 1.7666274357699194 0.0 0.0 0.0 0.0 0.0 0.0 0.0
1351 3260.8063735961914 576.8467998504639 359.6386698450962 0.0 0.0 0.0 0.0 0.0 0.0 0.0
1359 3291.3967056274414 574.2976055145264 359.0486319529437 0.0 0.0 0.0 0.0 0.0 0.0 0.0
1367 3314.3393325805664 571.7484111785889 358.40360967763206 0.0 0.0 0.0 0.0 0.0 0.0 0.0
1375 3329.6344985961914 569.1992168426514 357.6299367900763 0.0 0.0 0.0 0.0 0.0 0.0 0.0
1382 3342.3805923461914 564.1008892059326 355.63763416190625 0.0 0.0 0.0 0.0 0.0 0.0 0.0
1391 3350.0280532836914 564.1008892059326 356.0464998841103 0.0 0.0 0.0 0.0 0.0 0.0 0.0
1398 3357.6757583618164 564.1008892059326 356.4281495533808 0.0 0.0 0.0 0.0 0.0 0.0 0.0
1407 3360.2248306274414 564.1008892059326 356.55242572845776 0.0 0.0 0.0 0.0 0.0 0.0 0.0
1415 3367.8725357055664 564.1008892059326 356.90035414386205 0.0 0.0 0.0 0.0 0.0 0.0 0.0
1423 3372.9709243774414 564.1008892059326 357.121776687158 0.0 0.0 0.0 0.0 0.0 0.0 0.0
1431 3375.5199966430664 564.1008892059326 357.229880726791 0.0 0.0 0.0 0.0 0.0 0.0 0.0
1439 3383.1677017211914 564.1008892059326 357.53265306647666 0.0 0.0 0.0 0.0 0.0 0.0 0.0
1447 3388.2660903930664 564.1008892059326 357.7252996585171 0.0 0.0 0.0 0.0 0.0 0.0 0.0
1458 3395.9135513305664 564.1008892059326 357.99501971538643 0.0 0.0 0.0 0.0 0.0 0.0 0.0
1463 3398.4628677368164 564.1008892059326 358.0828256810888 0.0 0.0 0.0 0.0 0.0 0.0 0.0
1471 3403.5612564086914 564.1008892059326 358.25045033211626 0.0 0.0 0.0 0.0 0.0 0.0 0.0
1478 3408.6596450805664 564.1008892059326 358.41045309529886 0.0 0.0 0.0 0.0 0.0 0.0 0.0
1486 3413.7577896118164 564.1008892059326 358.56315056460124 0.0 0.0 0.0 0.0 0.0 0.0 0.0
1495 3418.8561782836914 566.6500225067139 0.014820527242775938 0.0 0.0 0.0 0.0 0.0 0.0 0.0
1502 3426.5038833618164 566.6500225067139 0.13157336800495045 0.0 0.0 0.0 0.0 0.0 0.0 0.0
1510 3434.1513442993164 569.1992168426514 1.5178963300733557 0.0 0.0 0.0 0.0 0.0 0.0 0.0
1518 3439.2497329711914 569.1992168426514 1.528964858734554 0.0 0.0 0.0 0.0 0.0 0.0 0.0
1526 3444.3481216430664 571.7484111785889 2.8457884122474013 0.0 0.0 0.0 0.0 0.0 0.0 0.0
1534 3451.9958267211914 571.7484111785889 2.7732207650856964 0.0 0.0 0.0 0.0 0.0 0.0 0.0
1543 3454.5448989868164 571.7484111785889 2.7495873603755427 0.0 0.0 0.0 0.0 0.0 0.0 0.0
1551 3454.5448989868164 574.2976055145264 4.1173388171666545 0.0 0.0 0.0 0.0 0.0 0.0 0.0
1559 3457.0942153930664 574.2976055145264 4.0623681147890665 0.0 0.0 0.0 0.0 0.0 0.0 0.0
1567 3459.6432876586914 574.2976055145264 4.008682383713165 0.0 0.0 0.0 0.0 0.0 0.0 0.0
1575 3462.1926040649414 574.2976055145264 3.95623906783122 0.0 0.0 0.0 0.0 0.0 0.0 0.0
1607 3464.7416763305664 574.2976055145264 3.9050211150048995 0.0 0.0 0.0 0.0 0.0 0.0 0.0
1623 3467.2909927368164 574.2976055145264 3.8549867007790937 0.0 0.0 0.0 0.0 0.0 0.0 0.0
1631 3469.8400650024414 574.2976055145264 3.8061405814909364 0.0 0.0 0.0 0.0 0.0 0.0 0.0
1639 3474.9384536743164 576.8467998504639 5.017289591303637 0.0 0.0 0.0 0.0 0.0 0.0 0.0
1647 3480.0368423461914 576.8467998504639 4.868858709786792 0.0 0.0 0.0 0.0 0.0 0.0 0.0
1655 3485.1352310180664 581.9451885223389 7.328665226205047 0.0 0.0 0.0 0.0 0.0 0.0 0.0
1663 3490.2336196899414 581.9451885223389 7.075105074850853 0.0 0.0 0.0 0.0 0.0 0.0 0.0
1671 3497.8813247680664 587.0435771942139 9.254283444304363 0.0 0.0 0.0 0.0 0.0 0.0 0.0
1679 3508.0781021118164 587.0435771942139 8.60207371678392 0.0 0.0 0.0 0.0 0.0 0.0 0.0
1688 3515.7255630493164 589.5927715301514 9.411990045959598 0.0 0.0 0.0 0.0 0.0 0.0 0.0
1695 3518.2746353149414 592.1419658660889 10.555497927639365 0.0 0.0 0.0 0.0 0.0 0.0 0.0
1703 3525.9223403930664 594.6911602020264 11.230072248976839 0.0 0.0 0.0 0.0 0.0 0.0 0.0
1711 3531.0207290649414 597.2403545379639 12.0860567447681 0.0 0.0 0.0 0.0 0.0 0.0 0.0
1719 3536.1191177368164 599.7895488739014 12.900195671627642 0.0 0.0 0.0 0.0 0.0 0.0 0.0
1727 3538.6681900024414 599.7895488739014 12.641828528048933 0.0 0.0 0.0 0.0 0.0 0.0 0.0
1735 3541.2175064086914 599.7895488739014 12.389331238111211 0.0 0.0 0.0 0.0 0.0 0.0 0.0
1743 3546.3158950805664 602.3387432098389 13.188597751039055 0.0 0.0 0.0 0.0 0.0 0.0 0.0
1759 3548.8649673461914 602.3387432098389 12.923613935137539 0.0 0.0 0.0 0.0 0.0 0.0 0.0
1767 3548.8649673461914 604.8879375457764 14.260074731795811 0.0 0.0 0.0 0.0 0.0 0.0 0.0
1775 3553.9633560180664 604.8879375457764 13.694015987425331 0.0 0.0 0.0 0.0 0.0 0.0 0.0
1783 3553.9633560180664 607.4371318817139 15.026399672617302 0.0 0.0 0.0 0.0 0.0 0.0 0.0
1799 3556.5126724243164 607.4371318817139 14.719425647443046 0.0 0.0 0.0 0.0 0.0 0.0 0.0
1807 3559.0617446899414 607.4371318817139 14.41949025243153 0.0 0.0 0.0 0.0 0.0 0.0 0.0
1815 3561.6110610961914 607.4371318817139 14.12634810047679 0.0 0.0 0.0 0.0 0.0 0.0 0.0
1823 3561.6110610961914 609.9863262176514 15.456356979657855 0.0 0.0 0.0 0.0 0.0 0.0 0.0
1831 3564.1601333618164 609.9863262176514 15.139625987836311 0.0 0.0 0.0 0.0 0.0 0.0 0.0
1839 3566.7094497680664 612.5355205535889 16.126044607348845 0.0 0.0 0.0 0.0 0.0 0.0 0.0
1847 3569.2585220336914 612.5355205535889 15.794154162125551 0.0 0.0 0.0 0.0 0.0 0.0 0.0
1855 3569.2585220336914 615.0847148895264 17.11420781581262 0.0 0.0 0.0 0.0 0.0 0.0 0.0
1879 3569.2585220336914 617.6339092254639 18.42562263421388 0.0 0.0 0.0 0.0 0.0 0.0 0.0
1887 3571.8078384399414 617.6339092254639 18.04187928167373 0.0 0.0 0.0 0.0 0.0 0.0 0.0
1895 3571.8078384399414 620.1830425262451 19.346787299288238 0.0 0.0 0.0 0.0 0.0 0.0 0.0
1904 3574.3569107055664 620.1830425262451 18.942470138385616 0.0 0.0 0.0 0.0 0.0 0.0 0.0
1919 3576.9062271118164 622.7322368621826 19.819545663041836 0.0 0.0 0.0 0.0 0.0 0.0 0.0
1927 3576.9062271118164 625.2814311981201 21.111143363746592 0.0 0.0 0.0 0.0 0.0 0.0 0.0
1943 3576.9062271118164 627.8306255340576 22.392239664294422 0.0 0.0 0.0 0.0 0.0 0.0 0.0
1967 3579.4552993774414 627.8306255340576 21.920506521160817 0.0 0.0 0.0 0.0 0.0 0.0 0.0
1975 3579.4552993774414 630.3798198699951 23.19471418316023 0.0 0.0 0.0 0.0 0.0 0.0 0.0
1991 3582.0046157836914 630.3798198699951 22.705365185535385 0.0 0.0 0.0 0.0 0.0 0.0 0.0
1999 3582.0046157836914 632.9290142059326 23.97267042491002 0.0 0.0 0.0 0.0 0.0 0.0 0.0
2007 3582.0046157836914 635.4782085418701 25.228327717936622 0.0 0.0 0.0 0.0 0.0 0.0 0.0
2031 3582.0046157836914 638.0274028778076 26.471857371152637 0.0 0.0 0.0 0.0 0.0 0.0 0.0
2039 3582.0046157836914 640.5765972137451 27.702828846928995 0.0 0.0 0.0 0.0 0.0 0.0 0.0
2047 3584.5536880493164 640.5765972137451 27.116698624570887 0.0 0.0 0.0 0.0 0.0 0.0 0.0
2063 3584.5536880493164 643.1257915496826 28.340907708238632 0.0 0.0 0.0 0.0 0.0 0.0 0.0
2071 3584.5536880493164 645.6749858856201 29.551884148782946 0.0 0.0 0.0 0.0 0.0 0.0 0.0
2088 3584.5536880493164 648.2241802215576 30.7492929802045 0.0 0.0 0.0 0.0 0.0 0.0 0.0
2104 3584.5536880493164 650.7733745574951 31.93275189788811 0.0 0.0 0.0 0.0 0.0 0.0 0.0
2111 3584.5536880493164 653.3225688934326 33.10190170710227 0.0 0.0 0.0 0.0 0.0 0.0 0.0
2119 3584.5536880493164 655.8717632293701 34.25647496161996 0.0 0.0 0.0 0.0 0.0 0.0 0.0
2127 3587.1030044555664 655.8717632293701 33.53560853067661 0.0 0.0 0.0 0.0 0.0 0.0 0.0
2143 3587.1030044555664 658.4209575653076 34.68462951968452 0.0 0.0 0.0 0.0 0.0 0.0 0.0
2151 3587.1030044555664 660.9701519012451 35.818693079167645 0.0 0.0 0.0 0.0 0.0 0.0 0.0
2239 3587.1030044555664 663.5193462371826 36.93759820966402 0.0 0.0 0.0 0.0 0.0 0.0 0.0
2256 3587.1030044555664 666.0685405731201 38.0411356262135 0.0 0.0 0.0 0.0 0.0 0.0 0.0
2263 3584.5536880493164 666.0685405731201 38.86696855945462 0.0 0.0 0.0 0.0 0.0 0.0 0.0
2273 3584.5536880493164 668.6177349090576 39.9429257603707 0.0 0.0 0.0 0.0 0.0 0.0 0.0
2287 3584.5536880493164 671.1669292449951 41.003064695712155 0.0 0.0 0.0 0.0 0.0 0.0 0.0
2295 3582.0046157836914 671.1669292449951 41.88519089795109 0.0 0.0 0.0 0.0 0.0 0.0 0.0
2303 3582.0046157836914 673.7160625457764 42.915858030435274 0.0 0.0 0.0 0.0 0.0 0.0 0.0
2311 3579.4552993774414 673.7160625457764 43.833111898073426 0.0 0.0 0.0 0.0 0.0 0.0 0.0
2320 3579.4552993774414 676.2652568817139 44.83306915765978 0.0 0.0 0.0 0.0 0.0 0.0 0.0
2344 3576.9062271118164 678.8144512176514 46.76912476947358 0.0 0.0 0.0 0.0 0.0 0.0 0.0
2354 3576.9062271118164 681.3636455535889 47.72074101617453 0.0 0.0 0.0 0.0 0.0 0.0 0.0
2360 3574.3569107055664 681.3636455535889 48.721303971205984 0.0 0.0 0.0 0.0 0.0 0.0 0.0
2369 3574.3569107055664 683.9128398895264 49.63934675829644 0.0 0.0 0.0 0.0 0.0 0.0 0.0
2377 3571.8078384399414 683.9128398895264 50.670990003502496 0.0 0.0 0.0 0.0 0.0 0.0 0.0
2384 3571.8078384399414 686.4620342254639 51.55461975276022 0.0 0.0 0.0 0.0 0.0 0.0 0.0
2392 3571.8078384399414 689.0112285614014 52.42228993778285 0.0 0.0 0.0 0.0 0.0 0.0 0.0
2400 3569.2585220336914 689.0112285614014 53.49718420101682 0.0 0.0 0.0 0.0 0.0 0.0 0.0
2408 3566.7094497680664 691.5604228973389 55.411276415123226 0.0 0.0 0.0 0.0 0.0 0.0 0.0
2416 3564.1601333618164 696.6588115692139 58.06975805375417 0.0 0.0 0.0 0.0 0.0 0.0 0.0
2432 3564.1601333618164 699.2080059051514 58.814162998753446 0.0 0.0 0.0 0.0 0.0 0.0 0.0
2440 3559.0617446899414 704.3063945770264 62.542332946997746 0.0 0.0 0.0 0.0 0.0 0.0 0.0
2448 3556.5126724243164 706.8555889129639 64.38741398522136 0.0 0.0 0.0 0.0 0.0 0.0 0.0
2464 3553.9633560180664 711.9539775848389 66.78487608396613 0.0 0.0 0.0 0.0 0.0 0.0 0.0
2472 3553.9633560180664 714.5031719207764 67.35058948518007 0.0 0.0 0.0 0.0 0.0 0.0 0.0
2480 3551.4142837524414 714.5031719207764 68.60924199460457 0.0 0.0 0.0 0.0 0.0 0.0 0.0
2488 3548.8649673461914 717.0523662567139 70.38319959394038 0.0 0.0 0.0 0.0 0.0 0.0 0.0
2496 3546.3158950805664 719.6015605926514 72.13242199854038 0.0 0.0 0.0 0.0 0.0 0.0 0.0
2504 3546.3158950805664 722.1507549285889 72.5820821687373 0.0 0.0 0.0 0.0 0.0 0.0 0.0
2512 3543.7665786743164 722.1507549285889 73.88491438629335 0.0 0.0 0.0 0.0 0.0 0.0 0.0
2522 3541.2175064086914 727.2490825653076 75.94819188283792 0.0 0.0 0.0 0.0 0.0 0.0 0.0
2528 3538.6681900024414 729.7982769012451 77.61042118190726 0.0 0.0 0.0 0.0 0.0 0.0 0.0
2543 3538.6681900024414 732.3474712371826 77.93745326205443 0.0 0.0 0.0 0.0 0.0 0.0 0.0
2552 3536.1191177368164 734.8966655731201 79.56469679093935 0.0 0.0 0.0 0.0 0.0 0.0 0.0
2559 3533.5698013305664 737.4458599090576 81.16218467880127 0.0 0.0 0.0 0.0 0.0 0.0 0.0
2575 3531.0207290649414 742.5442485809326 82.93498661165357 0.0 0.0 0.0 0.0 0.0 0.0 0.0
2583 3528.4714126586914 745.0934429168701 84.46669608907162 0.0 0.0 0.0 0.0 0.0 0.0 0.0
2592 3525.9223403930664 745.0934429168701 85.82824470008829 0.0 0.0 0.0 0.0 0.0 0.0 0.0
2600 3525.9223403930664 747.6426372528076 85.96647494934577 0.0 0.0 0.0 0.0 0.0 0.0 0.0
2608 3523.3730239868164 750.1918315887451 87.43488519108435 0.0 0.0 0.0 0.0 0.0 0.0 0.0
2616 3518.2746353149414 752.7410259246826 90.20958724014382 0.0 0.0 0.0 0.0 0.0 0.0 0.0
2624 3515.7255630493164 755.2902202606201 91.5826439491836 0.0 0.0 0.0 0.0 0.0 0.0 0.0
2632 3515.7255630493164 757.8394145965576 91.58680387796717 0.0 0.0 0.0 0.0 0.0 0.0 0.0
2640 3513.1764907836914 760.3886089324951 92.92753446394089 0.0 0.0 0.0 0.0 0.0 0.0 0.0
2648 3510.6271743774414 760.3886089324951 94.29524226877574 0.0 0.0 0.0 0.0 0.0 0.0 0.0
2656 3510.6271743774414 762.9378032684326 94.23611331909804 0.0 0.0 0.0 0.0 0.0 0.0 0.0
2664 3505.5287857055664 765.4869976043701 96.8425275727656 0.0 0.0 0.0 0.0 0.0 0.0 0.0
2672 3502.9797134399414 765.4869976043701 98.202743434467 0.0 0.0 0.0 0.0 0.0 0.0 0.0
2680 3500.4303970336914 768.0361919403076 99.37811273260847 0.0 0.0 0.0 0.0 0.0 0.0 0.0
2696 3495.3320083618164 770.5853862762451 101.83483023390691 0.0 0.0 0.0 0.0 0.0 0.0 0.0
2704 3492.7829360961914 773.1345806121826 102.9130213002005 0.0 0.0 0.0 0.0 0.0 0.0 0.0
2712 3492.7829360961914 775.6837749481201 102.65434515435417 0.0 0.0 0.0 0.0 0.0 0.0 0.0
2721 3487.6845474243164 775.6837749481201 105.3166075762637 0.0 0.0 0.0 0.0 0.0 0.0 0.0
2728 3485.1352310180664 778.2329692840576 106.29807044696928 0.0 0.0 0.0 0.0 0.0 0.0 0.0
2736 3482.5861587524414 780.7821025848389 107.25152727997322 0.0 0.0 0.0 0.0 0.0 0.0 0.0
2744 3480.0368423461914 783.3312969207764 108.17775429455786 0.0 0.0 0.0 0.0 0.0 0.0 0.0
2752 3477.4877700805664 783.3312969207764 109.48160263700701 0.0 0.0 0.0 0.0 0.0 0.0 0.0
2760 3477.4877700805664 785.8804912567139 109.07423614113064 0.0 0.0 0.0 0.0 0.0 0.0 0.0
2768 3474.9384536743164 788.4296855926514 109.94755251886316 0.0 0.0 0.0 0.0 0.0 0.0 0.0
2776 3472.3893814086914 790.9788799285889 110.79500946256961 0.0 0.0 0.0 0.0 0.0 0.0 0.0
2784 3469.8400650024414 790.9788799285889 112.07880203114932 0.0 0.0 0.0 0.0 0.0 0.0 0.0
2792 3467.2909927368164 793.5280742645264 112.86295202854113 0.0 0.0 0.0 0.0 0.0 0.0 0.0
2800 3464.7416763305664 793.5280742645264 114.12889022726328 0.0 0.0 0.0 0.0 0.0 0.0 0.0
2808 3462.1926040649414 796.0772686004639 114.85111887981911 0.0 0.0 0.0 0.0 0.0 0.0 0.0
2816 3462.1926040649414 798.6264629364014 114.32588074186346 0.0 0.0 0.0 0.0 0.0 0.0 0.0
2824 3459.6432876586914 798.6264629364014 115.57825395832519 0.0 0.0 0.0 0.0 0.0 0.0 0.0
2832 3457.0942153930664 801.1756572723389 116.25623942268952 0.0 0.0 0.0 0.0 0.0 0.0 0.0
2840 3454.5448989868164 803.7248516082764 116.91349572885885 0.0 0.0 0.0 0.0 0.0 0.0 0.0
2848 3451.9958267211914 806.2740459442139 117.55042248749002 0.0 0.0 0.0 0.0 0.0 0.0 0.0
2856 3449.4465103149414 806.2740459442139 118.77006482427488 0.0 0.0 0.0 0.0 0.0 0.0 0.0
2864 3446.8974380493164 806.2740459442139 119.97618363414564 0.0 0.0 0.0 0.0 0.0 0.0 0.0
2872 3444.3481216430664 808.8232402801514 120.5177165488643 0.0 0.0 0.0 0.0 0.0 0.0 0.0
2880 3441.7990493774414 811.3724346160889 121.0421231653104 0.0 0.0 0.0 0.0 0.0 0.0 0.0
2888 3436.7006607055664 813.9216289520264 122.68726607068022 0.0 0.0 0.0 0.0 0.0 0.0 0.0
2896 3434.1513442993164 813.9216289520264 123.84706806777335 0.0 0.0 0.0 0.0 0.0 0.0 0.0
2904 3429.0529556274414 816.4708232879639 125.36953063015203 0.0 0.0 0.0 0.0 0.0 0.0 0.0
2912 3426.5038833618164 816.4708232879639 126.49443838977616 0.0 0.0 0.0 0.0 0.0 0.0 0.0
2921 3421.4054946899414 819.0200176239014 127.89820654757823 0.0 0.0 0.0 0.0 0.0 0.0 0.0
2928 3418.8561782836914 821.5692119598389 128.1868410858587 0.0 0.0 0.0 0.0 0.0 0.0 0.0
2936 3413.7577896118164 821.5692119598389 130.32780184463815 0.0 0.0 0.0 0.0 0.0 0.0 0.0
2944 3411.2087173461914 824.1184062957764 130.53761421330125 0.0 0.0 0.0 0.0 0.0 0.0 0.0
2952 3406.1103286743164 824.1184062957764 132.608878014119 0.0 0.0 0.0 0.0 0.0 0.0 0.0
2960 3398.4628677368164 826.6676006317139 134.68402515831986 0.0 0.0 0.0 0.0 0.0 0.0 0.0
2969 3395.9135513305664 826.6676006317139 135.67027999812092 0.0 0.0 0.0 0.0 0.0 0.0 0.0
2976 3390.8151626586914 829.2167949676514 136.6440815583028 0.0 0.0 0.0 0.0 0.0 0.0 0.0
2984 3383.1677017211914 831.7659893035889 138.46416171007542 0.0 0.0 0.0 0.0 0.0 0.0 0.0
2992 3378.0693130493164 834.3151226043701 139.30235065738714 0.0 0.0 0.0 0.0 0.0 0.0 0.0
3000 3375.5199966430664 836.8643169403076 139.2193574002473 0.0 0.0 0.0 0.0 0.0 0.0 0.0
3008 3367.8725357055664 841.9627056121826 139.9190933558986 0.0 0.0 0.0 0.0 0.0 0.0 0.0
3016 3360.2248306274414 844.5118999481201 141.5267360609124 0.0 0.0 0.0 0.0 0.0 0.0 0.0
3024 3352.5773696899414 847.0610942840576 143.0284243369302 0.0 0.0 0.0 0.0 0.0 0.0 0.0
3032 3344.9296646118164 852.1594829559326 143.42791642023758 0.0 0.0 0.0 0.0 0.0 0.0 0.0
3040 3339.8312759399414 854.7086772918701 144.02112380861666 0.0 0.0 0.0 0.0 0.0 0.0 0.0
3048 3332.1838150024414 854.7086772918701 146.3983257086158 0.0 0.0 0.0 0.0 0.0 0.0 0.0
3056 3324.5361099243164 857.2578716278076 147.5735773844122 0.0 0.0 0.0 0.0 0.0 0.0 0.0
3064 3316.8886489868164 859.8070659637451 148.66886922843094 0.0 0.0 0.0 0.0 0.0 0.0 0.0
3072 3309.2409439086914 864.9054546356201 148.62146280523518 0.0 0.0 0.0 0.0 0.0 0.0 0.0
3080 3301.5934829711914 867.4546489715576 149.64523539829145 0.0 0.0 0.0 0.0 0.0 0.0 0.0
3088 3296.4950942993164 872.5530376434326 148.83533618101745 0.0 0.0 0.0 0.0 0.0 0.0 0.0
3096 3286.2983169555664 875.1022319793701 150.50617680642694 0.0 0.0 0.0 0.0 0.0 0.0 0.0
3104 3278.6508560180664 877.6514263153076 151.40061594346668 0.0 0.0 0.0 0.0 0.0 0.0 0.0
3112 3271.0031509399414 880.2006206512451 152.23344277219405 0.0 0.0 0.0 0.0 0.0 0.0 0.0
3121 3260.8063735961914 885.2990093231201 152.51926251997145 0.0 0.0 0.0 0.0 0.0 0.0 0.0
3128 3253.1589126586914 887.8481426239014 153.27469891306202 0.0 0.0 0.0 0.0 0.0 0.0 0.0
3136 3242.9621353149414 890.3973369598389 154.56014972298254 0.0 0.0 0.0 0.0 0.0 0.0 0.0
3144 3232.7653579711914 895.4957256317139 154.62152266675827 0.0 0.0 0.0 0.0 0.0 0.0 0.0
3152 3220.0192642211914 895.4957256317139 157.44118714394614 0.0 0.0 0.0 0.0 0.0 0.0 0.0
3160 3209.8224868774414 898.0449199676514 158.35958957678451 0.0 0.0 0.0 0.0 0.0 0.0 0.0
3169 3194.5275650024414 900.5941143035889 160.11671027628387 0.0 0.0 0.0 0.0 0.0 0.0 0.0
3176 3181.7814712524414 903.1433086395264 161.23463192467568 0.0 0.0 0.0 0.0 0.0 0.0 0.0
3184 3166.4863052368164 905.6925029754639 162.6327108262759 0.0 0.0 0.0 0.0 0.0 0.0 0.0
3192 3148.6420669555664 910.7908916473389 163.10406830116386 0.0 0.0 0.0 0.0 0.0 0.0 0.0
3200 3125.6991958618164 913.3400859832764 165.28569857064895 0.0 0.0 0.0 0.0 0.0 0.0 0.0
3208 3107.8549575805664 913.3400859832764 167.62616245568165 0.0 0.0 0.0 0.0 0.0 0.0 0.0
3216 3082.3630142211914 915.8892803192139 169.25420558990203 0.0 0.0 0.0 0.0 0.0 0.0 0.0
3224 3051.7726821899414 915.8892803192139 172.0311845221707 0.0 0.0 0.0 0.0 0.0 0.0 0.0
3232 3016.0839614868164 915.8892803192139 174.46537188057317 0.0 0.0 0.0 0.0 0.0 0.0 0.0
3240 2972.7477798461914 915.8892803192139 176.5707702375741 0.0 0.0 0.0 0.0 0.0 0.0 0.0
3248 2929.4115982055664 915.8892803192139 178.06918261926427 0.0 0.0 0.0 0.0 0.0 0.0 0.0
3256 2870.7802505493164 915.8892803192139 179.37811611464502 0.0 0.0 0.0 0.0 0.0 0.0 0.0
3264 2781.5583267211914 915.8892803192139 180.46313308671847 0.0 0.0 0.0 0.0 0.0 0.0 0.0
3272 2684.6891860961914 915.8892803192139 181.0806208394908 0.0 0.0 0.0 0.0 0.0 0.0 0.0
3280 2559.7787857055664 915.8892803192139 181.44743963039986 0.0 0.0 0.0 0.0 0.0 0.0 0.0
3288 2409.3764419555664 915.8892803192139 181.63074256733893 0.0 0.0 0.0 0.0 0.0 0.0 0.0
3296 2269.1708755493164 915.8892803192139 181.7045868341737 0.0 0.0 0.0 0.0 0.0 0.0 0.0
3304 2144.2604751586914 915.8892803192139 181.73490671690598 0.0 0.0 0.0 0.0 0.0 0.0 0.0
3312 1986.2106704711914 915.8892803192139 181.75036582760043 0.0 0.0 0.0 0.0 0.0 0.0 0.0
3320 1843.4560317993164 915.8892803192139 181.75634276158252 0.0 0.0 0.0 0.0 0.0 0.0 0.0
3328 1710.898048400879 915.8892803192139 181.75881287583417 0.0 0.0 0.0 0.0 0.0 0.0 0.0
3336 1596.184425354004 915.8892803192139 181.7598530107146 0.0 0.0 0.0 0.0 0.0 0.0 0.0
3344 1499.3151626586914 915.8892803192139 181.76030247089358 0.0 0.0 0.0 0.0 0.0 0.0 0.0
3352 1399.8967056274414 915.8892803192139 181.76054615250303 0.0 0.0 0.0 0.0 0.0 0.0 0.0
3360 1338.7160415649414 915.8892803192139 181.7606339998964 0.0 0.0 0.0 0.0 0.0 0.0 0.0
3371 1285.1830825805664 915.8892803192139 181.76069151879545 0.0 0.0 0.0 0.0 0.0 0.0 0.0
3376 1226.551612854004 923.5368633270264 179.1124427594745 0.0 0.0 0.0 0.0 0.0 0.0 0.0
3384 1160.2726821899414 928.6352519989014 178.4405846044371 0.0 0.0 0.0 0.0 0.0 0.0 0.0
3392 1104.190528869629 933.7336406707764 177.79318276083728 0.0 0.0 0.0 0.0 0.0 0.0 0.0
3400 1050.6574478149414 933.7336406707764 179.1184711200978 0.0 0.0 0.0 0.0 0.0 0.0 0.0
3408 997.1244888305664 933.7336406707764 180.00115778355513 0.0 0.0 0.0 0.0 0.0 0.0 0.0
3416 943.5914077758789 933.7336406707764 180.58899638587815 0.0 0.0 0.0 0.0 0.0 0.0 0.0
3424 879.8616104125977 933.7336406707764 181.02715265708576 0.0 0.0 0.0 0.0 0.0 0.0 0.0
3432 805.9350967407227 936.2828350067139 180.51896724997454 0.0 0.0 0.0 0.0 0.0 0.0 0.0
3440 749.8528823852539 946.4795513153076 177.36593009840254 0.0 0.0 0.0 0.0 0.0 0.0 0.0
3448 681.0246963500977 954.1271343231201 176.6003354571671 0.0 0.0 0.0 0.0 0.0 0.0 0.0
3456 630.0408706665039 966.8731060028076 173.67413341924623 0.0 0.0 0.0 0.0 0.0 0.0 0.0
3464 589.2538223266602 974.5206890106201 172.96494398046895 0.0 0.0 0.0 0.0 0.0 0.0 0.0
3472 558.6634902954102 982.1682720184326 171.7703340165702 0.0 0.0 0.0 0.0 0.0 0.0 0.0
3480 540.8191909790039 984.7174663543701 172.03916054066735 0.0 0.0 0.0 0.0 0.0 0.0 0.0
3488 525.5240249633789 989.8158550262451 170.89826446813657 0.0 0.0 0.0 0.0 0.0 0.0 0.0
3496 517.8764419555664 992.3650493621826 170.36762521055795 0.0 0.0 0.0 0.0 0.0 0.0 0.0
3504 515.3272476196289 994.9141826629639 169.32567722867356 0.0 0.0 0.0 0.0 0.0 0.0 0.0
3512 512.7780532836914 997.4633769989014 168.3126935027206 0.0 0.0 0.0 0.0 0.0 0.0 0.0
3528 510.2288589477539 997.4633769989014 168.6237840568038 0.0 0.0 0.0 0.0 0.0 0.0 0.0
3536 507.6796646118164 997.4633769989014 168.92779366371752 0.0 0.0 0.0 0.0 0.0 0.0 0.0
3544 505.1304702758789 997.4633769989014 169.2248821608722 0.0 0.0 0.0 0.0 0.0 0.0 0.0
3552 497.4828872680664 1000.0125713348389 168.81110978788422 0.0 0.0 0.0 0.0 0.0 0.0 0.0
3560 487.28617095947266 1002.5617656707764 168.7136890794016 0.0 0.0 0.0 0.0 0.0 0.0 0.0
3569 479.63858795166016 1007.6601543426514 167.10400079067813 0.0 0.0 0.0 0.0 0.0 0.0 0.0
3577 469.44181060791016 1007.6601543426514 168.37193327049653 0.0 0.0 0.0 0.0 0.0 0.0 0.0
3583 461.79422760009766 1010.2093486785889 168.01787144240484 0.0 0.0 0.0 0.0 0.0 0.0 0.0
3591 456.69583892822266 1010.2093486785889 168.63934053878353 0.0 0.0 0.0 0.0 0.0 0.0 0.0
3599 451.59745025634766 1012.7585430145264 167.9629483678204 0.0 0.0 0.0 0.0 0.0 0.0 0.0
3607 449.04825592041016 1012.7585430145264 168.28199893774848 0.0 0.0 0.0 0.0 0.0 0.0 0.0
3800 449.04825592041016 1015.3077373504639 166.95850174163786 0.0 0.0 0.0 0.0 0.0 0.0 0.0
3816 441.40067291259766 1017.8569316864014 166.70347664009955 0.0 0.0 0.0 0.0 0.0 0.0 0.0
3824 433.7531509399414 1020.4061260223389 166.4663252776175 0.0 0.0 0.0 0.0 0.0 0.0 0.0
3832 423.5563735961914 1020.4061260223389 167.78843158382665 0.0 0.0 0.0 0.0 0.0 0.0 0.0
3840 408.2612075805664 1025.5045146942139 167.2030718508558 0.0 0.0 0.0 0.0 0.0 0.0 0.0
3848 392.96607208251953 1028.0536479949951 167.8490438578745 0.0 0.0 0.0 0.0 0.0 0.0 0.0
3856 375.12171173095703 1028.0536479949951 169.83019138391404 0.0 0.0 0.0 0.0 0.0 0.0 0.0
3864 357.27738189697266 1028.0536479949951 171.53191504408062 0.0 0.0 0.0 0.0 0.0 0.0 0.0
3872 339.4330520629883 1028.0536479949951 172.99265509023667 0.0 0.0 0.0 0.0 0.0 0.0 0.0
3880 326.6870803833008 1028.0536479949951 173.92568242034713 0.0 0.0 0.0 0.0 0.0 0.0 0.0
3888 319.0394973754883 1030.6028423309326 173.18454182863877 0.0 0.0 0.0 0.0 0.0 0.0 0.0
3896 311.3919448852539 1033.1520366668701 172.49479053213224 0.0 0.0 0.0 0.0 0.0 0.0 0.0
3912 308.8427505493164 1033.1520366668701 172.71012792929633 0.0 0.0 0.0 0.0 0.0 0.0 0.0
3921 306.2935562133789 1033.1520366668701 172.9204751166762 0.0 0.0 0.0 0.0 0.0 0.0 0.0
3960 306.2935562133789 1035.7012310028076 171.57312140326127 0.0 0.0 0.0 0.0 0.0 0.0 0.0
3984 306.2935562133789 1038.2504253387451 170.23182185109152 0.0 0.0 0.0 0.0 0.0 0.0 0.0
4064 303.7443618774414 1040.7996196746826 169.19360613691396 0.0 0.0 0.0 0.0 0.0 0.0 0.0
4080 303.7443618774414 1043.3488140106201 167.86476664396315 0.0 0.0 0.0 0.0 0.0 0.0 0.0
4097 301.1951675415039 1045.8980083465576 166.8929698209438 0.0 0.0 0.0 0.0 0.0 0.0 0.0
4120 301.1951675415039 1048.4472026824951 165.57829443161035 0.0 0.0 0.0 0.0 0.0 0.0 0.0
4128 298.6459732055664 1050.9963970184326 164.67212301282547 0.0 0.0 0.0 0.0 0.0 0.0 0.0
4136 298.6459732055664 1053.5455913543701 163.3730928125076 0.0 0.0 0.0 0.0 0.0 0.0 0.0
4144 298.6459732055664 1056.0947856903076 162.08411176157375 0.0 0.0 0.0 0.0 0.0 0.0 0.0
4152 296.0967788696289 1061.1931743621826 160.04676236687635 0.0 0.0 0.0 0.0 0.0 0.0 0.0
4160 293.5475845336914 1066.2915630340576 158.08871819926583 0.0 0.0 0.0 0.0 0.0 0.0 0.0
4169 290.99842071533203 1066.2915630340576 158.626503112002 0.0 0.0 0.0 0.0 0.0 0.0 0.0
4176 290.99842071533203 1071.3899517059326 156.1569987641176 0.0 0.0 0.0 0.0 0.0 0.0 0.0
4189 288.44922637939453 1073.9391460418701 155.53401662957577 0.0 0.0 0.0 0.0 0.0 0.0 0.0
4192 288.44922637939453 1076.4883403778076 154.31913449899463 0.0 0.0 0.0 0.0 0.0 0.0 0.0
4200 285.90003204345703 1081.5867290496826 152.5954279771247 0.0 0.0 0.0 0.0 0.0 0.0 0.0
4208 285.90003204345703 1086.6851177215576 150.26061018980567 0.0 0.0 0.0 0.0 0.0 0.0 0.0
4216 285.90003204345703 1089.2343120574951 149.10805446213783 0.0 0.0 0.0 0.0 0.0 0.0 0.0
4224 285.90003204345703 1094.3327007293701 146.86221592579562 0.0 0.0 0.0 0.0 0.0 0.0 0.0
4232 285.90003204345703 1096.8818950653076 145.75485444985486 0.0 0.0 0.0 0.0 0.0 0.0 0.0
4240 285.90003204345703 1099.4310894012451 144.66303374771633 0.0 0.0 0.0 0.0 0.0 0.0 0.0
4248 285.90003204345703 1104.5294780731201 142.54165282436924 0.0 0.0 0.0 0.0 0.0 0.0 0.0
4256 285.90003204345703 1109.6278667449951 140.4838543320662 0.0 0.0 0.0 0.0 0.0 0.0 0.0
4264 285.90003204345703 1112.1770610809326 139.47124244512986 0.0 0.0 0.0 0.0 0.0 0.0 0.0
4273 285.90003204345703 1114.7262554168701 138.47478660562535 0.0 0.0 0.0 0.0 0.0 0.0 0.0
4280 285.90003204345703 1117.2754497528076 137.49456826157814 0.0 0.0 0.0 0.0 0.0 0.0 0.0
4296 285.90003204345703 1119.8246440887451 136.53055803175005 0.0 0.0 0.0 0.0 0.0 0.0 0.0
4312 285.90003204345703 1122.3738384246826 135.58272429056967 0.0 0.0 0.0 0.0 0.0 0.0 0.0
4328 285.90003204345703 1124.9230327606201 134.6510939846321 0.0 0.0 0.0 0.0 0.0 0.0 0.0
4344 288.44922637939453 1124.9230327606201 133.63178147153246 0.0 0.0 0.0 0.0 0.0 0.0 0.0
4352 288.44922637939453 1127.4721050262451 132.7342641999752 0.0 0.0 0.0 0.0 0.0 0.0 0.0
4368 288.44922637939453 1130.0212993621826 131.85268773949468 0.0 0.0 0.0 0.0 0.0 0.0 0.0
4384 290.99842071533203 1130.0212993621826 130.78931347346997 0.0 0.0 0.0 0.0 0.0 0.0 0.0
4391 290.99842071533203 1132.5704936981201 129.94311701489772 0.0 0.0 0.0 0.0 0.0 0.0 0.0
4399 290.99842071533203 1135.1196880340576 129.1126185253749 0.0 0.0 0.0 0.0 0.0 0.0 0.0
4407 293.5475845336914 1137.6688823699951 127.20337589047652 0.0 0.0 0.0 0.0 0.0 0.0 0.0
4423 293.5475845336914 1140.2180767059326 126.4248424912257 0.0 0.0 0.0 0.0 0.0 0.0 0.0
4431 296.0967788696289 1142.7672710418701 124.53265475979522 0.0 0.0 0.0 0.0 0.0 0.0 0.0
4439 296.0967788696289 1145.3164653778076 123.80636561120689 0.0 0.0 0.0 0.0 0.0 0.0 0.0
4447 296.0967788696289 1147.8656597137451 123.09453650397113 0.0 0.0 0.0 0.0 0.0 0.0 0.0
4455 296.0967788696289 1150.4148540496826 122.39699646527261 0.0 0.0 0.0 0.0 0.0 0.0 0.0
4463 296.0967788696289 1152.9640483856201 121.71356944653063 0.0 0.0 0.0 0.0 0.0 0.0 0.0
4471 298.6459732055664 1152.9640483856201 120.51345837762686 0.0 0.0 0.0 0.0 0.0 0.0 0.0
4487 298.6459732055664 1155.5132427215576 119.86857042011242 0.0 0.0 0.0 0.0 0.0 0.0 0.0
4495 298.6459732055664 1158.0624370574951 119.23702617900027 0.0 0.0 0.0 0.0 0.0 0.0 0.0
4503 301.1951675415039 1158.0624370574951 118.00926811983508 0.0 0.0 0.0 0.0 0.0 0.0 0.0
4511 301.1951675415039 1160.6116313934326 117.41662257370818 0.0 0.0 0.0 0.0 0.0 0.0 0.0
4527 301.1951675415039 1163.1608257293701 116.83650502050115 0.0 0.0 0.0 0.0 0.0 0.0 0.0
4535 303.7443618774414 1168.2592144012451 114.51476070896273 0.0 0.0 0.0 0.0 0.0 0.0 0.0
4551 303.7443618774414 1170.8084087371826 113.99676474141914 0.0 0.0 0.0 0.0 0.0 0.0 0.0
4559 306.2935562133789 1175.9067974090576 111.77320649851337 0.0 0.0 0.0 0.0 0.0 0.0 0.0
4576 308.8427505493164 1178.4559917449951 110.04386356889064 0.0 0.0 0.0 0.0 0.0 0.0 0.0
4583 308.8427505493164 1183.5543804168701 109.2223854000694 0.0 0.0 0.0 0.0 0.0 0.0 0.0
4591 311.3919448852539 1183.5543804168701 107.9074851737184 0.0 0.0 0.0 0.0 0.0 0.0 0.0
4599 311.3919448852539 1188.6527690887451 107.17962024825407 0.0 0.0 0.0 0.0 0.0 0.0 0.0
4607 311.3919448852539 1191.2019634246826 106.8239005105505 0.0 0.0 0.0 0.0 0.0 0.0 0.0
4616 316.4903335571289 1198.8495464324951 103.31699598184859 0.0 0.0 0.0 0.0 0.0 0.0 0.0
4626 316.4903335571289 1203.9479351043701 102.79311715054688 0.0 0.0 0.0 0.0 0.0 0.0 0.0
4631 319.0394973754883 1206.4971294403076 101.21784741301543 0.0 0.0 0.0 0.0 0.0 0.0 0.0
4640 321.5886917114258 1209.0463237762451 99.67346542992972 0.0 0.0 0.0 0.0 0.0 0.0 0.0
4648 321.5886917114258 1211.5955181121826 99.48939458042751 0.0 0.0 0.0 0.0 0.0 0.0 0.0
4656 321.5886917114258 1214.1447124481201 99.30957676318177 0.0 0.0 0.0 0.0 0.0 0.0 0.0
4664 324.1378860473633 1219.2431011199951 97.66616753719522 0.0 0.0 0.0 0.0 0.0 0.0 0.0
4671 326.6870803833008 1221.7922954559326 96.19547583352018 0.0 0.0 0.0 0.0 0.0 0.0 0.0
4679 326.6870803833008 1224.3414897918701 96.0921004718795 0.0 0.0 0.0 0.0 0.0 0.0 0.0
4687 329.2362747192383 1224.3414897918701 94.72501636203747 0.0 0.0 0.0 0.0 0.0 0.0 0.0
4695 329.2362747192383 1226.8906841278076 94.65588480997495 0.0 0.0 0.0 0.0 0.0 0.0 0.0
4703 331.7854690551758 1226.8906841278076 93.28745667091921 0.0 0.0 0.0 0.0 0.0 0.0 0.0
4711 331.7854690551758 1229.4398784637451 93.25184112737612 0.0 0.0 0.0 0.0 0.0 0.0 0.0
4720 331.7854690551758 1231.9890727996826 93.21705243219115 0.0 0.0 0.0 0.0 0.0 0.0 0.0
4744 331.7854690551758 1234.5381450653076 93.18308130360406 0.0 0.0 0.0 0.0 0.0 0.0 0.0
4751 334.3346633911133 1234.5381450653076 91.81415484549485 0.0 0.0 0.0 0.0 0.0 0.0 0.0
4759 334.3346633911133 1237.0873394012451 91.81290992794523 0.0 0.0 0.0 0.0 0.0 0.0 0.0
4768 336.8838577270508 1237.0873394012451 90.44435057566146 0.0 0.0 0.0 0.0 0.0 0.0 0.0
4775 336.8838577270508 1239.6365337371826 90.47506038618273 0.0 0.0 0.0 0.0 0.0 0.0 0.0
4801 339.4330520629883 1242.1857280731201 89.16944573466655 0.0 0.0 0.0 0.0 0.0 0.0 0.0
4808 341.9822463989258 1244.7349224090576 87.89593167394442 0.0 0.0 0.0 0.0 0.0 0.0 0.0
4816 344.5314407348633 1244.7349224090576 86.53270977811364 0.0 0.0 0.0 0.0 0.0 0.0 0.0
4824 344.5314407348633 1247.2841167449951 86.65452799454242 0.0 0.0 0.0 0.0 0.0 0.0 0.0
4832 349.62979888916016 1247.2841167449951 83.94140091598784 0.0 0.0 0.0 0.0 0.0 0.0 0.0
4840 352.17899322509766 1249.8333110809326 82.80237327724701 0.0 0.0 0.0 0.0 0.0 0.0 0.0
4848 352.17899322509766 1252.3825054168701 83.01061097116012 0.0 0.0 0.0 0.0 0.0 0.0 0.0
4856 354.72818756103516 1252.3825054168701 81.66289891389887 0.0 0.0 0.0 0.0 0.0 0.0 0.0
4864 359.82657623291016 1254.9316997528076 79.28496501372557 0.0 0.0 0.0 0.0 0.0 0.0 0.0
4873 359.82657623291016 1257.4808940887451 79.57391617532362 0.0 0.0 0.0 0.0 0.0 0.0 0.0
4880 364.92496490478516 1260.0300884246826 77.26547190703984 0.0 0.0 0.0 0.0 0.0 0.0 0.0
4890 370.02335357666016 1262.5792827606201 75.0370044117892 0.0 0.0 0.0 0.0 0.0 0.0 0.0
4896 375.12171173095703 1265.1284770965576 72.88884972995841 0.0 0.0 0.0 0.0 0.0 0.0 0.0
4905 377.67090606689453 1267.6776714324951 72.06153326238955 0.0 0.0 0.0 0.0 0.0 0.0 0.0
4911 382.76929473876953 1270.2268657684326 70.02505628150162 0.0 0.0 0.0 0.0 0.0 0.0 0.0
4919 387.86768341064453 1272.7760601043701 68.06785176231539 0.0 0.0 0.0 0.0 0.0 0.0 0.0
4927 390.41687774658203 1272.7760601043701 66.82653935346626 0.0 0.0 0.0 0.0 0.0 0.0 0.0
4935 395.51526641845703 1275.3252544403076 64.99826016985189 0.0 0.0 0.0 0.0 0.0 0.0 0.0
4943 400.6136245727539 1277.8744487762451 63.24595635103829 0.0 0.0 0.0 0.0 0.0 0.0 0.0
4951 408.2612075805664 1280.4236431121826 60.44797735418409 0.0 0.0 0.0 0.0 0.0 0.0 0.0
4959 415.9087905883789 1282.9728374481201 57.80545880503989 0.0 0.0 0.0 0.0 0.0 0.0 0.0
4968 421.0071792602539 1288.0712261199951 57.10992417424153 0.0 0.0 0.0 0.0 0.0 0.0 0.0
4975 431.2039566040039 1290.6204204559326 53.64502772511973 0.0 0.0 0.0 0.0 0.0 0.0 0.0
4983 443.94986724853516 1295.7188091278076 50.32408316219288 0.0 0.0 0.0 0.0 0.0 0.0 0.0
4991 454.14664459228516 1298.2680034637451 47.368013264850745 0.0 0.0 0.0 0.0 0.0 0.0 0.0
4999 464.34342193603516 1303.3663921356201 45.55460152909053 0.0 0.0 0.0 0.0 0.0 0.0 0.0
5007 479.63858795166016 1308.4647808074951 42.29584883532708 0.0 0.0 0.0 0.0 0.0 0.0 0.0
5015 492.38455963134766 1313.5631694793701 40.18653351593092 0.0 0.0 0.0 0.0 0.0 0.0 0.0
5023 507.6796646118164 1321.2107524871826 38.555637963753824 0.0 0.0 0.0 0.0 0.0 0.0 0.0
5031 517.8764419555664 1326.3091411590576 37.57200078138432 0.0 0.0 0.0 0.0 0.0 0.0 0.0
5039 530.6224136352539 1331.4075298309326 35.98599574995585 0.0 0.0 0.0 0.0 0.0 0.0 0.0
5047 543.3683853149414 1336.5059185028076 34.57746227592041 0.0 0.0 0.0 0.0 0.0 0.0 0.0
5056 556.1142959594727 1346.7025737762451 35.35182235300843 0.0 0.0 0.0 0.0 0.0 0.0 0.0
5063 568.8602676391602 1349.2517681121826 32.97498459990402 0.0 0.0 0.0 0.0 0.0 0.0 0.0
5071 584.1554336547852 1356.8993511199951 32.333296562174965 0.0 0.0 0.0 0.0 0.0 0.0 0.0
5079 604.5489273071289 1364.5469341278076 30.640146914753174 0.0 0.0 0.0 0.0 0.0 0.0 0.0
5087 622.3932876586914 1372.1945171356201 29.76651820385736 0.0 0.0 0.0 0.0 0.0 0.0 0.0
5095 650.4344253540039 1384.9404888153076 28.96891634699206 0.0 0.0 0.0 0.0 0.0 0.0 0.0
5103 683.5738906860352 1397.6864604949951 27.429407393792772 0.0 0.0 0.0 0.0 0.0 0.0 0.0
5111 714.1641616821289 1407.8832378387451 25.75261077164039 0.0 0.0 0.0 0.0 0.0 0.0 0.0
5120 749.8528823852539 1423.1784038543701 25.5409996288693 0.0 0.0 0.0 0.0 0.0 0.0 0.0
5127 793.1891250610352 1430.8259868621826 21.531170016974997 0.0 0.0 0.0 0.0 0.0 0.0 0.0
5135 849.2713394165039 1438.4735698699951 17.376357333212454 0.0 0.0 0.0 0.0 0.0 0.0 0.0
5143 925.7470474243164 1451.2194194793701 14.78738232027601 0.0 0.0 0.0 0.0 0.0 0.0 0.0
5151 1020.0671157836914 1469.0637798309326 13.691811858164016 0.0 0.0 0.0 0.0 0.0 0.0 0.0
5159 1114.3871841430664 1484.3589458465576 12.406831533581709 0.0 0.0 0.0 0.0 0.0 0.0 0.0
5168 1226.551612854004 1499.6541118621826 10.923853875695741 0.0 0.0 0.0 0.0 0.0 0.0 0.0
5175 1338.7160415649414 1522.5968608856201 12.164558878761227 0.0 0.0 0.0 0.0 0.0 0.0 0.0
5183 1458.5280532836914 1540.4412212371826 11.137045126319421 0.0 0.0 0.0 0.0 0.0 0.0 0.0
5191 1575.790870666504 1545.5396099090576 7.5295672345337294 0.0 0.0 0.0 0.0 0.0 0.0 0.0
5199 1733.8407974243164 1545.5396099090576 4.085367921154713 0.0 0.0 0.0 0.0 0.0 0.0 0.0
5207 1876.5954360961914 1545.5396099090576 2.755100760211292 0.0 0.0 0.0 0.0 0.0 0.0 0.0
5215 2016.8010025024414 1545.5396099090576 2.1905037758186694 0.0 0.0 0.0 0.0 0.0 0.0 0.0
5223 2159.5556411743164 1545.5396099090576 1.944612504986054 0.0 0.0 0.0 0.0 0.0 0.0 0.0
5231 2317.6056900024414 1545.5396099090576 1.8348746183443865 0.0 0.0 0.0 0.0 0.0 0.0 0.0
5239 2442.5160903930664 1545.5396099090576 1.7949232399284085 0.0 0.0 0.0 0.0 0.0 0.0 0.0
5247 2592.9181900024414 1545.5396099090576 1.7749734162598543 0.0 0.0 0.0 0.0 0.0 0.0 0.0
5255 2733.1237564086914 1545.5396099090576 1.7669191441457457 0.0 0.0 0.0 0.0 0.0 0.0 0.0
5263 2893.7228775024414 1545.5396099090576 1.7632340117902743 0.0 0.0 0.0 0.0 0.0 0.0 0.0
5271 3033.9284439086914 1545.5396099090576 1.7618487161896041 0.0 0.0 0.0 0.0 0.0 0.0 0.0
5279 3176.6830825805664 1545.5396099090576 1.7612492303267828 0.0 0.0 0.0 0.0 0.0 0.0 0.0
5287 3316.8886489868164 1545.5396099090576 1.7609989237909645 0.0 0.0 0.0 0.0 0.0 0.0 0.0
5295 3449.4465103149414 1545.5396099090576 1.7608883343719839 0.0 0.0 0.0 0.0 0.0 0.0 0.0
5303 3556.5126724243164 1545.5396099090576 1.7608333565344907 0.0 0.0 0.0 0.0 0.0 0.0 0.0
5311 3627.8898696899414 1545.5396099090576 1.7608006388979192 0.0 0.0 0.0 0.0 0.0 0.0 0.0
5319 3676.3246841430664 1550.6379985809326 3.643035299592185 0.0 0.0 0.0 0.0 0.0 0.0 0.0
5327 3714.5624771118164 1555.7362651824951 5.1589088091376425 0.0 0.0 0.0 0.0 0.0 0.0 0.0
5335 3755.3495864868164 1563.3838481903076 7.179285579204432 0.0 0.0 0.0 0.0 0.0 0.0 0.0
5343 3783.3906021118164 1578.6790142059326 12.461111425656469 0.0 0.0 0.0 0.0 0.0 0.0 0.0
5351 3806.3334732055664 1588.8757915496826 14.975821682308478 0.0 0.0 0.0 0.0 0.0 0.0 0.0
5359 3824.1777114868164 1601.6217632293701 18.72841345507385 0.0 0.0 0.0 0.0 0.0 0.0 0.0
5368 3839.4728775024414 1609.2693462371826 20.050179365537062 0.0 0.0 0.0 0.0 0.0 0.0 0.0
5375 3852.2187271118164 1622.0153179168701 23.82481580682365 0.0 0.0 0.0 0.0 0.0 0.0 0.0
5383 3872.6122817993164 1632.2120952606201 24.616810579929194 0.0 0.0 0.0 0.0 0.0 0.0 0.0
5391 3890.4567642211914 1644.9580669403076 26.7689825047906 0.0 0.0 0.0 0.0 0.0 0.0 0.0
5952 3887.9074478149414 1708.6878032684326 50.89905610889106 0.0 0.0 0.0 0.0 0.0 0.0 0.0
5960 3877.7106704711914 1708.6878032684326 55.3073261679195 0.0 0.0 0.0 0.0 0.0 0.0 0.0
5969 3867.5138931274414 1706.1386089324951 59.18731009306664 0.0 0.0 0.0 0.0 0.0 0.0 0.0
5977 3859.8664321899414 1706.1386089324951 62.78183468493991 0.0 0.0 0.0 0.0 0.0 0.0 0.0
5986 3849.6696548461914 1703.5894145965576 67.19684792703451 0.0 0.0 0.0 0.0 0.0 0.0 0.0
5992 3839.4728775024414 1701.0402202606201 71.88574462507044 0.0 0.0 0.0 0.0 0.0 0.0 0.0
6000 3829.2761001586914 1698.4910259246826 76.8294724821183 0.0 0.0 0.0 0.0 0.0 0.0 0.0
6008 3813.9809341430664 1693.3926372528076 84.66563222580577 0.0 0.0 0.0 0.0 0.0 0.0 0.0
6016 3801.2350845336914 1685.7450542449951 91.50749661082794 0.0 0.0 0.0 0.0 0.0 0.0 0.0
6024 3780.8415298461914 1678.0974712371826 103.13213424843188 0.0 0.0 0.0 0.0 0.0 0.0 0.0
6032 3752.8002700805664 1665.3514995574951 119.87465291901047 0.0 0.0 0.0 0.0 0.0 0.0 0.0
6040 3729.8576431274414 1652.6056499481201 133.7448977314993 0.0 0.0 0.0 0.0 0.0 0.0 0.0
6048 3706.9150161743164 1642.4088726043701 145.52577663622247 0.0 0.0 0.0 0.0 0.0 0.0 0.0
6056 3689.0705337524414 1637.3104839324951 152.60277186448343 0.0 0.0 0.0 0.0 0.0 0.0 0.0
6064 3671.2262954711914 1624.5645122528076 162.29469612072916 0.0 0.0 0.0 0.0 0.0 0.0 0.0
6073 3661.0295181274414 1611.8185405731201 170.1265254692584 0.0 0.0 0.0 0.0 0.0 0.0 0.0
6080 3645.7343521118164 1599.0725688934326 177.57293305268712 0.0 0.0 0.0 0.0 0.0 0.0 0.0
6089 3635.5375747680664 1581.2282085418701 186.68730294587448 0.0 0.0 0.0 0.0 0.0 0.0 0.0
6096 3625.3407974243164 1565.9330425262451 193.61684366005215 0.0 0.0 0.0 0.0 0.0 0.0 0.0
6104 3612.5949478149414 1542.9904155731201 202.71234644817304 0.0 0.0 0.0 0.0 0.0 0.0 0.0
6112 3602.3981704711914 1517.4984722137451 211.84957362520578 0.0 0.0 0.0 0.0 0.0 0.0 0.0
6120 3589.6520767211914 1492.0065288543701 218.69454645946985 0.0 0.0 0.0 0.0 0.0 0.0 0.0
6128 3574.3569107055664 1458.8670024871826 225.7964060579581 0.0 0.0 0.0 0.0 0.0 0.0 0.0
6136 3561.6110610961914 1435.9243755340576 229.11092104888502 0.0 0.0 0.0 0.0 0.0 0.0 0.0
6144 3543.7665786743164 1402.7848491668701 232.83862466370647 0.0 0.0 0.0 0.0 0.0 0.0 0.0
6153 3525.9223403930664 1372.1945171356201 234.99493452083567 0.0 0.0 0.0 0.0 0.0 0.0 0.0
6160 3500.4303970336914 1341.6041851043701 234.1690067713015 0.0 0.0 0.0 0.0 0.0 0.0 0.0
6168 3480.0368423461914 1313.5631694793701 234.55261602665684 0.0 0.0 0.0 0.0 0.0 0.0 0.0
6176 3459.6432876586914 1290.6204204559326 233.56441451723617 0.0 0.0 0.0 0.0 0.0 0.0 0.0
6184 3434.1513442993164 1265.1284770965576 231.84772534666985 0.0 0.0 0.0 0.0 0.0 0.0 0.0
6192 3408.6596450805664 1239.6365337371826 230.56382434393794 0.0 0.0 0.0 0.0 0.0 0.0 0.0
6200 3380.6183853149414 1211.5955181121826 229.53363869142407 0.0 0.0 0.0 0.0 0.0 0.0 0.0
6208 3355.1264419555664 1188.6527690887451 228.12731536397672 0.0 0.0 0.0 0.0 0.0 0.0 0.0
6216 3332.1838150024414 1163.1608257293701 228.52778407597623 0.0 0.0 0.0 0.0 0.0 0.0 0.0
6224 3299.0444107055664 1137.6688823699951 225.94178910155625 0.0 0.0 0.0 0.0 0.0 0.0 0.0
6232 3271.0031509399414 1117.2754497528076 223.94467470166143 0.0 0.0 0.0 0.0 0.0 0.0 0.0
6242 3242.9621353149414 1094.3327007293701 223.2111555099994 0.0 0.0 0.0 0.0 0.0 0.0 0.0
6247 3204.7240982055664 1068.8407573699951 220.87702363860825 0.0 0.0 0.0 0.0 0.0 0.0 0.0
6255 3169.0356216430664 1038.2504253387451 221.3311855982019 0.0 0.0 0.0 0.0 0.0 0.0 0.0
6263 3130.7975845336914 1017.8569316864014 218.0169446521818 0.0 0.0 0.0 0.0 0.0 0.0 0.0
6271 3095.1088638305664 994.9141826629639 217.01544790718611 0.0 0.0 0.0 0.0 0.0 0.0 0.0
6279 3059.4203872680664 982.1682720184326 212.9447311839429 0.0 0.0 0.0 0.0 0.0 0.0 0.0
6287 3026.2807388305664 964.3239116668701 212.19304623476341 0.0 0.0 0.0 0.0 0.0 0.0 0.0
6295 2990.5920181274414 946.4795513153076 211.14080423267825 0.0 0.0 0.0 0.0 0.0 0.0 0.0
6303 2960.0019302368164 931.1844463348389 210.45770191100092 0.0 0.0 0.0 0.0 0.0 0.0 0.0
6311 2919.2148208618164 915.8892803192139 208.10013866144965 0.0 0.0 0.0 0.0 0.0 0.0 0.0
6320 2883.5261001586914 905.6925029754639 205.42303365125434 0.0 0.0 0.0 0.0 0.0 0.0 0.0
6327 2847.8373794555664 890.3973369598389 205.29934058752514 0.0 0.0 0.0 0.0 0.0 0.0 0.0
6336 2807.0502700805664 885.2990093231201 200.75499731831593 0.0 0.0 0.0 0.0 0.0 0.0 0.0
6343 2771.3615493774414 877.6514263153076 198.99808195103623 0.0 0.0 0.0 0.0 0.0 0.0 0.0
6352 2738.2221450805664 872.5530376434326 196.97087084764797 0.0 0.0 0.0 0.0 0.0 0.0 0.0
6359 2697.4350357055664 872.5530376434326 192.78079822452133 0.0 0.0 0.0 0.0 0.0 0.0 0.0
6368 2664.2956314086914 875.1022319793701 189.13652214724908 0.0 0.0 0.0 0.0 0.0 0.0 0.0
6375 2618.4101333618164 882.7498149871826 184.04481290095492 0.0 0.0 0.0 0.0 0.0 0.0 0.0
6383 2580.1723403930664 895.4957256317139 178.40528360437082 0.0 0.0 0.0 0.0 0.0 0.0 0.0
6391 2526.6393814086914 915.8892803192139 172.31130484553745 0.0 0.0 0.0 0.0 0.0 0.0 0.0
6399 2437.4177017211914 949.0287456512451 167.16077655930712 0.0 0.0 0.0 0.0 0.0 0.0 0.0
6407 2353.2941665649414 979.6190776824951 164.70525544345077 0.0 0.0 0.0 0.0 0.0 0.0 0.0
6415 2236.0314712524414 1033.1520366668701 160.61120721169664 0.0 0.0 0.0 0.0 0.0 0.0 0.0
6423 2118.7687759399414 1073.9391460418701 161.67094863914764 0.0 0.0 0.0 0.0 0.0 0.0 0.0
6431 2001.5058364868164 1122.3738384246826 160.39289828910137 0.0 0.0 0.0 0.0 0.0 0.0 0.0
6439 1861.3002700805664 1150.4148540496826 166.15437033033186 0.0 0.0 0.0 0.0 0.0 0.0 0.0
6447 1710.898048400879 1188.6527690887451 166.94952247991245 0.0 0.0 0.0 0.0 0.0 0.0 0.0
6455 1588.5368423461914 1216.6939067840576 167.97864042082432 0.0 0.0 0.0 0.0 0.0 0.0 0.0
6463 1445.782081604004 1229.4398784637451 172.9554225088695 0.0 0.0 0.0 0.0 0.0 0.0 0.0
6471 1320.8718032836914 1229.4398784637451 177.70483816600557 0.0 0.0 0.0 0.0 0.0 0.0 0.0
6479 1195.9614028930664 1229.4398784637451 179.8922880242771 0.0 0.0 0.0 0.0 0.0 0.0 0.0
6487 1081.2477798461914 1229.4398784637451 180.86033397309473 0.0 0.0 0.0 0.0 0.0 0.0 0.0
6495 961.4357681274414 1209.0463237762451 186.4845672261531 0.0 0.0 0.0 0.0 0.0 0.0 0.0
6503 856.9189224243164 1188.6527690887451 189.6399358235779 0.0 0.0 0.0 0.0 0.0 0.0 0.0
6511 742.2052993774414 1158.0624370574951 193.35428620291776 0.0 0.0 0.0 0.0 0.0 0.0 0.0
6519 630.0408706665039 1142.7672710418701 191.38356489453696 0.0 0.0 0.0 0.0 0.0 0.0 0.0
6527 551.0159072875977 1122.3738384246826 193.48417111278792 0.0 0.0 0.0 0.0 0.0 0.0 0.0
6535 471.99100494384766 1096.8818950653076 196.1775415875888 0.0 0.0 0.0 0.0 0.0 0.0 0.0
6543 403.1628189086914 1084.1359233856201 194.62277384747114 0.0 0.0 0.0 0.0 0.0 0.0 0.0
6552 359.82657623291016 1076.4883403778076 193.78954465527715 0.0 0.0 0.0 0.0 0.0 0.0 0.0
6559 306.2935562133789 1061.1931743621826 195.13223708180846 0.0 0.0 0.0 0.0 0.0 0.0 0.0
6568 275.70325469970703 1050.9963970184326 196.30664932841677 0.0 0.0 0.0 0.0 0.0 0.0 0.0
6575 240.01456451416016 1045.8980083465576 194.68770655216832 0.0 0.0 0.0 0.0 0.0 0.0 0.0
6583 209.4242935180664 1038.2504253387451 194.94075275729318 0.0 0.0 0.0 0.0 0.0 0.0 0.0
6591 173.73560333251953 1033.1520366668701 193.66611946275276 0.0 0.0 0.0 0.0 0.0 0.0 0.0
6599 148.24369049072266 1025.5045146942139 194.6225731224015 0.0 0.0 0.0 0.0 0.0 0.0 0.0
6607 122.75177764892578 1015.3077373504639 196.4485650743107 0.0 0.0 0.0 0.0 0.0 0.0 0.0
6615 99.80904388427734 1002.5617656707764 199.27022358592842 0.0 0.0 0.0 0.0 0.0 0.0 0.0
6623 81.96471405029297 994.9141826629639 200.14513445091785 0.0 0.0 0.0 0.0 0.0 0.0 0.0
6631 66.66956329345703 987.2666606903076 201.27268271596853 0.0 0.0 0.0 0.0 0.0 0.0 0.0
6639 51.374412536621094 979.6190776824951 202.2453502650526 0.0 0.0 0.0 0.0 0.0 0.0 0.0
6647 41.177650451660156 974.5206890106201 202.831466471998 0.0 0.0 0.0 0.0 0.0 0.0 0.0
6655 36.079261779785156 971.9714946746826 203.10971380294978 0.0 0.0 0.0 0.0 0.0 0.0 0.0
6663 30.98088836669922 966.8731060028076 204.57198084476352 0.0 0.0 0.0 0.0 0.0 0.0 0.0
6671 28.43169403076172 964.3239116668701 205.2808179388623 0.0 0.0 0.0 0.0 0.0 0.0 0.0
6687 28.43169403076172 961.7747173309326 206.52384213456816 0.0 0.0 0.0 0.0 0.0 0.0 0.0
7104 30.98088836669922 961.7747173309326 207.10989157467122 0.0 0.0 0.0 0.0 0.0 0.0 0.0
7112 33.530067443847656 961.7747173309326 207.70882649901836 0.0 0.0 0.0 0.0 0.0 0.0 0.0
7120 41.177650451660156 959.2255229949951 210.9058893351907 0.0 0.0 0.0 0.0 0.0 0.0 0.0
7128 46.276023864746094 956.6763286590576 213.5112912993282 0.0 0.0 0.0 0.0 0.0 0.0 0.0
7136 53.923606872558594 954.1271343231201 217.0007940749133 0.0 0.0 0.0 0.0 0.0 0.0 0.0
7144 61.57117462158203 951.5779399871826 220.64656583128266 0.0 0.0 0.0 0.0 0.0 0.0 0.0
7152 66.66956329345703 949.0287456512451 223.49145870595845 0.0 0.0 0.0 0.0 0.0 0.0 0.0
7160 79.41551971435547 943.9303569793701 230.45683617968547 0.0 0.0 0.0 0.0 0.0 0.0 0.0
7169 84.51390838623047 938.8320293426514 234.29778069107687 0.0 0.0 0.0 0.0 0.0 0.0 0.0
7176 92.1614761352539 933.7336406707764 239.23811006014114 0.0 0.0 0.0 0.0 0.0 0.0 0.0
7184 102.35823822021484 931.1844463348389 244.74608693023282 0.0 0.0 0.0 0.0 0.0 0.0 0.0
7192 112.55500030517578 926.0860576629639 250.84926204102948 0.0 0.0 0.0 0.0 0.0 0.0 0.0
7200 122.75177764892578 923.5368633270264 256.5007945265456 0.0 0.0 0.0 0.0 0.0 0.0 0.0
7208 135.49773406982422 918.4384746551514 263.6803703571976 0.0 0.0 0.0 0.0 0.0 0.0 0.0
7216 148.24369049072266 913.3400859832764 270.59533825006423 0.0 0.0 0.0 0.0 0.0 0.0 0.0
7224 163.53882598876953 905.6925029754639 278.30944420971093 0.0 0.0 0.0 0.0 0.0 0.0 0.0
7232 173.73560333251953 903.1433086395264 283.40247477612246 0.0 0.0 0.0 0.0 0.0 0.0 0.0
7240 183.93238067626953 898.0449199676514 287.9051293482855 0.0 0.0 0.0 0.0 0.0 0.0 0.0
7248 199.2275161743164 895.4957256317139 294.93420483248 0.0 0.0 0.0 0.0 0.0 0.0 0.0
7258 206.8750991821289 890.3973369598389 297.4488838084169 0.0 0.0 0.0 0.0 0.0 0.0 0.0
7264 214.52265167236328 887.8481426239014 300.3982077221335 0.0 0.0 0.0 0.0 0.0 0.0 0.0
7271 219.62104034423828 885.2990093231201 302.0710052020678 0.0 0.0 0.0 0.0 0.0 0.0 0.0
7279 227.26862335205078 880.2006206512451 304.07818606895046 0.0 0.0 0.0 0.0 0.0 0.0 0.0
7288 232.36701202392578 877.6514263153076 305.59042689941043 0.0 0.0 0.0 0.0 0.0 0.0 0.0
7295 240.01456451416016 875.1022319793701 308.08859222489406 0.0 0.0 0.0 0.0 0.0 0.0 0.0
7304 247.66214752197266 875.1022319793701 311.258871075872 0.0 0.0 0.0 0.0 0.0 0.0 0.0
7311 252.76053619384766 872.5530376434326 312.4427249539021 0.0 0.0 0.0 0.0 0.0 0.0 0.0
7320 260.40811920166016 870.0038433074951 314.52828654955266 0.0 0.0 0.0 0.0 0.0 0.0 0.0
7327 268.05567169189453 867.4546489715576 316.48314480263673 0.0 0.0 0.0 0.0 0.0 0.0 0.0
7336 275.70325469970703 864.9054546356201 318.3136155577076 0.0 0.0 0.0 0.0 0.0 0.0 0.0
7343 283.35083770751953 862.3562602996826 320.02598206129403 0.0 0.0 0.0 0.0 0.0 0.0 0.0
7352 290.99842071533203 857.2578716278076 320.6623531866791 0.0 0.0 0.0 0.0 0.0 0.0 0.0
7359 296.0967788696289 854.7086772918701 321.392601981027 0.0 0.0 0.0 0.0 0.0 0.0 0.0
7368 303.7443618774414 852.1594829559326 322.90318998852604 0.0 0.0 0.0 0.0 0.0 0.0 0.0
7375 313.9411392211914 847.0610942840576 324.08310788022203 0.0 0.0 0.0 0.0 0.0 0.0 0.0
7383 319.0394973754883 844.5118999481201 324.64360843532086 0.0 0.0 0.0 0.0 0.0 0.0 0.0
7391 329.2362747192383 841.9627056121826 326.6714201628048 0.0 0.0 0.0 0.0 0.0 0.0 0.0
7399 336.8838577270508 839.4135112762451 327.8280863644928 0.0 0.0 0.0 0.0 0.0 0.0 0.0
7407 347.08060455322266 834.3151226043701 328.53783012228257 0.0 0.0 0.0 0.0 0.0 0.0 0.0
7415 354.72818756103516 831.7659893035889 329.56737807642264 0.0 0.0 0.0 0.0 0.0 0.0 0.0
7424 364.92496490478516 826.6676006317139 330.11001928833053 0.0 0.0 0.0 0.0 0.0 0.0 0.0
7431 372.57251739501953 824.1184062957764 331.0317223789676 0.0 0.0 0.0 0.0 0.0 0.0 0.0
7439 382.76929473876953 821.5692119598389 332.5127088106289 0.0 0.0 0.0 0.0 0.0 0.0 0.0
7447 387.86768341064453 821.5692119598389 333.7965189548581 0.0 0.0 0.0 0.0 0.0 0.0 0.0
7455 398.06446075439453 819.0200176239014 335.0362196667478 0.0 0.0 0.0 0.0 0.0 0.0 0.0
7463 408.2612075805664 819.0200176239014 337.3035902706055 0.0 0.0 0.0 0.0 0.0 0.0 0.0
7471 418.4579849243164 816.4708232879639 338.2341840778592 0.0 0.0 0.0 0.0 0.0 0.0 0.0
7479 428.6547622680664 813.9216289520264 339.0822815478631 0.0 0.0 0.0 0.0 0.0 0.0 0.0
7487 438.8515396118164 813.9216289520264 341.02150348901336 0.0 0.0 0.0 0.0 0.0 0.0 0.0
7495 449.04825592041016 811.3724346160889 341.6215194222924 0.0 0.0 0.0 0.0 0.0 0.0 0.0
7503 454.14664459228516 811.3724346160889 342.52354821334563 0.0 0.0 0.0 0.0 0.0 0.0 0.0
7511 461.79422760009766 808.8232402801514 342.57989940067205 0.0 0.0 0.0 0.0 0.0 0.0 0.0
7519 471.99100494384766 808.8232402801514 344.2294112569232 0.0 0.0 0.0 0.0 0.0 0.0 0.0
7527 482.18778228759766 808.8232402801514 345.7405813425812 0.0 0.0 0.0 0.0 0.0 0.0 0.0
7535 492.38455963134766 808.8232402801514 347.12420331554415 0.0 0.0 0.0 0.0 0.0 0.0 0.0
7543 507.6796646118164 808.8232402801514 348.9460765172567 0.0 0.0 0.0 0.0 0.0 0.0 0.0
7551 520.4256362915039 808.8232402801514 350.3054325330463 0.0 0.0 0.0 0.0 0.0 0.0 0.0
7559 543.3683853149414 808.8232402801514 352.32537576169494 0.0 0.0 0.0 0.0 0.0 0.0 0.0
7568 566.3110733032227 811.3724346160889 355.1123395429821 0.0 0.0 0.0 0.0 0.0 0.0 0.0
7576 591.8030166625977 816.4708232879639 358.60213787615066 0.0 0.0 0.0 0.0 0.0 0.0 0.0
7583 612.1965103149414 821.5692119598389 1.4081717692744036 0.0 0.0 0.0 0.0 0.0 0.0 0.0
7592 645.3360366821289 821.5692119598389 1.4917279255896432 0.0 0.0 0.0 0.0 0.0 0.0 0.0
7599 670.8279190063477 821.5692119598389 1.5436189014851465 0.0 0.0 0.0 0.0 0.0 0.0 0.0
7608 706.5166397094727 826.6676006317139 3.6488301287069334 0.0 0.0 0.0 0.0 0.0 0.0 0.0
7615 742.2052993774414 826.6676006317139 3.1756576365015263 0.0 0.0 0.0 0.0 0.0 0.0 0.0
7624 780.4431533813477 831.7659893035889 4.815454578693618 0.0 0.0 0.0 0.0 0.0 0.0 0.0
7631 823.7793960571289 834.3151226043701 4.9056080604958225 0.0 0.0 0.0 0.0 0.0 0.0 0.0
7640 867.1156997680664 834.3151226043701 3.9974493638641064 0.0 0.0 0.0 0.0 0.0 0.0 0.0
7647 920.6486587524414 834.3151226043701 3.250273806292995 0.0 0.0 0.0 0.0 0.0 0.0 0.0
7656 969.0833511352539 834.3151226043701 2.785269717271845 0.0 0.0 0.0 0.0 0.0 0.0 0.0
7664 1048.108253479004 834.3151226043701 2.3493793571256276 0.0 0.0 0.0 0.0 0.0 0.0 0.0
7672 1144.9775161743164 834.3151226043701 2.069309587451002 0.0 0.0 0.0 0.0 0.0 0.0 0.0
7679 1241.846778869629 834.3151226043701 1.922517111237994 0.0 0.0 0.0 0.0 0.0 0.0 0.0
7689 1356.560401916504 834.3151226043701 1.8387273869759468 0.0 0.0 0.0 0.0 0.0 0.0 0.0
7695 1499.3151626586914 834.3151226043701 1.7941365693816778 0.0 0.0 0.0 0.0 0.0 0.0 0.0
7704 1657.3649673461914 834.3151226043701 1.7742338010745868 0.0 0.0 0.0 0.0 0.0 0.0 0.0
7711 1800.119728088379 831.7659893035889 1.1810866598851817 0.0 0.0 0.0 0.0 0.0 0.0 0.0
7719 1930.128517150879 808.8232402801514 355.96598679367895 0.0 0.0 0.0 0.0 0.0 0.0 0.0
7727 2080.5307388305664 770.5853862762451 350.9458013384891 0.0 0.0 0.0 0.0 0.0 0.0 0.0
7736 2246.2282485961914 732.3474712371826 349.6065072746468 0.0 0.0 0.0 0.0 0.0 0.0 0.0
7744 2394.0812759399414 694.1096172332764 348.2254991896453 0.0 0.0 0.0 0.0 0.0 0.0 0.0
7752 2544.4836196899414 658.4209575653076 348.3358789884151 0.0 0.0 0.0 0.0 0.0 0.0 0.0
7760 2684.6891860961914 627.8306255340576 348.97645852606837 0.0 0.0 0.0 0.0 0.0 0.0 0.0
7769 2789.2060317993164 604.8879375457764 349.178560241079 0.0 0.0 0.0 0.0 0.0 0.0 0.0
7776 2858.0341567993164 592.1419658660889 350.00675743358784 0.0 0.0 0.0 0.0 0.0 0.0 0.0
7785 2931.9606704711914 561.5516948699951 345.41314724248355 0.0 0.0 0.0 0.0 0.0 0.0 0.0
7792 2990.5920181274414 548.8057231903076 346.8823990284074 0.0 0.0 0.0 0.0 0.0 0.0 0.0
7799 3036.4775161743164 533.5105571746826 345.77328766819494 0.0 0.0 0.0 0.0 0.0 0.0 0.0
7808 3069.6171646118164 518.2153911590576 343.5367858095325 0.0 0.0 0.0 0.0 0.0 0.0 0.0
7816 3097.6581802368164 505.46944999694824 342.1446835223418 0.0 0.0 0.0 0.0 0.0 0.0 0.0
7824 3115.5024185180664 495.27270317077637 340.5136915685351 0.0 0.0 0.0 0.0 0.0 0.0 0.0
7832 3135.8959732055664 485.07592582702637 339.5781371427754 0.0 0.0 0.0 0.0 0.0 0.0 0.0
7839 3146.0927505493164 477.42834281921387 338.02302173379775 0.0 0.0 0.0 0.0 0.0 0.0 0.0
7847 3158.8388442993164 469.7807903289795 337.14107008681776 0.0 0.0 0.0 0.0 0.0 0.0 0.0
7855 3169.0356216430664 457.034818649292 333.67817616646175 0.0 0.0 0.0 0.0 0.0 0.0 0.0
7863 3176.6830825805664 449.3872356414795 332.1379928606066 0.0 0.0 0.0 0.0 0.0 0.0 0.0
7871 3186.8798599243164 439.1904888153076 330.32208007628924 0.0 0.0 0.0 0.0 0.0 0.0 0.0
7879 3191.9782485961914 431.5429058074951 328.3975737345918 0.0 0.0 0.0 0.0 0.0 0.0 0.0
7887 3197.0766372680664 423.8953227996826 326.61542518317265 0.0 0.0 0.0 0.0 0.0 0.0 0.0
7895 3202.1750259399414 413.69857597351074 323.9656394119609 0.0 0.0 0.0 0.0 0.0 0.0 0.0
7903 3204.7240982055664 403.50179862976074 320.73207178070794 0.0 0.0 0.0 0.0 0.0 0.0 0.0
7911 3207.2734146118164 393.30502128601074 317.74445602656766 0.0 0.0 0.0 0.0 0.0 0.0 0.0
7919 3207.2734146118164 385.65746879577637 314.9337121089206 0.0 0.0 0.0 0.0 0.0 0.0 0.0
7927 3207.2734146118164 375.46069145202637 311.4360441174903 0.0 0.0 0.0 0.0 0.0 0.0 0.0
7936 3207.2734146118164 367.81310844421387 308.95297217212783 0.0 0.0 0.0 0.0 0.0 0.0 0.0
7943 3204.7240982055664 360.1655559539795 305.530493193419 0.0 0.0 0.0 0.0 0.0 0.0 0.0
7952 3199.6257095336914 349.9687786102295 300.4916123892603 0.0 0.0 0.0 0.0 0.0 0.0 0.0
7960 3189.4291763305664 337.2228374481201 292.89497318459814 0.0 0.0 0.0 0.0 0.0 0.0 0.0
7969 3181.7814712524414 329.5752544403076 287.80678980423266 0.0 0.0 0.0 0.0 0.0 0.0 0.0
7976 3174.1340103149414 319.3784770965576 282.7272180644455 0.0 0.0 0.0 0.0 0.0 0.0 0.0
7985 3166.4863052368164 306.63253593444824 277.90606029497616 0.0 0.0 0.0 0.0 0.0 0.0 0.0
7991 3153.7404556274414 298.98495292663574 271.094381186521 0.0 0.0 0.0 0.0 0.0 0.0 0.0
7999 3146.0927505493164 291.33736991882324 267.3158701900251 0.0 0.0 0.0 0.0 0.0 0.0 0.0
8007 3135.8959732055664 286.23898124694824 262.3554978476241 0.0 0.0 0.0 0.0 0.0 0.0 0.0
8015 3128.2485122680664 278.59142875671387 259.23593778782043 0.0 0.0 0.0 0.0 0.0 0.0 0.0
8023 3120.6008071899414 273.49304008483887 256.02419106508984 0.0 0.0 0.0 0.0 0.0 0.0 0.0
8031 3112.9533462524414 270.94384574890137 252.59296842703645 0.0 0.0 0.0 0.0 0.0 0.0 0.0
8039 3110.4040298461914 265.84545707702637 252.2187018623764 0.0 0.0 0.0 0.0 0.0 0.0 0.0
8047 3102.7565689086914 263.29626274108887 248.9618472936275 0.0 0.0 0.0 0.0 0.0 0.0 0.0
8055 3095.1088638305664 260.74706840515137 245.86408904598653 0.0 0.0 0.0 0.0 0.0 0.0 0.0
8063 3090.0104751586914 260.74706840515137 243.45320302269027 0.0 0.0 0.0 0.0 0.0 0.0 0.0
8072 3082.3630142211914 258.19788932800293 240.6439232056697 0.0 0.0 0.0 0.0 0.0 0.0 0.0
8079 3074.7155532836914 253.09950065612793 238.6958555589943 0.0 0.0 0.0 0.0 0.0 0.0 0.0
8088 3064.5187759399414 248.001127243042 235.86451540390078 0.0 0.0 0.0 0.0 0.0 0.0 0.0
8095 3051.7726821899414 240.3535442352295 233.08632763434184 0.0 0.0 0.0 0.0 0.0 0.0 0.0
8104 3031.3791275024414 232.70597648620605 228.00944496873706 0.0 0.0 0.0 0.0 0.0 0.0 0.0
8111 3013.5348892211914 222.50921440124512 225.36511807697713 0.0 0.0 0.0 0.0 0.0 0.0 0.0
8119 2988.0429458618164 207.21406364440918 222.62069191664244 0.0 0.0 0.0 0.0 0.0 0.0 0.0
8127 2957.4526138305664 197.01730155944824 217.47190746796826 0.0 0.0 0.0 0.0 0.0 0.0 0.0
8135 2929.4115982055664 179.1729564666748 216.70258162049572 0.0 0.0 0.0 0.0 0.0 0.0 0.0
8143 2901.3703384399414 168.97619438171387 213.45017614523277 0.0 0.0 0.0 0.0 0.0 0.0 0.0
8152 2865.6818618774414 151.13184928894043 212.05620160288646 0.0 0.0 0.0 0.0 0.0 0.0 0.0
8159 2832.5422134399414 138.385892868042 209.74852561557628 0.0 0.0 0.0 0.0 0.0 0.0 0.0
8173 2801.9518814086914 128.18912315368652 207.53591063259563 0.0 0.0 0.0 0.0 0.0 0.0 0.0