0 2350.0 1500.0 0 1650.0 1500.0 0 0.0 0.0 0.0 0.0
106 2353.952392578125 1468.37939453125 6.7664679428314685 1650.0 1500.0 0 0.0 0.0 0.0 0.0
107 2353.952392578125 1468.37939453125 6.766469900523106 1650.0 1500.0 0 0.0 0.0 0.0 0.0
138 2353.952392578125 1456.521728515625 9.53503937563741 1650.0 1500.0 0 0.0 0.0 0.0 0.0
155 2353.952392578125 1440.71142578125 13.329819187321164 1650.0 1500.0 0 0.0 0.0 0.0 0.0
172 2353.952392578125 1424.901123046875 17.21196732873787 1650.0 1500.0 0 0.0 0.0 0.0 0.0
189 2353.952392578125 1413.04345703125 20.16340096455295 1650.0 1500.0 0 0.0 0.0 0.0 0.0
206 2353.952392578125 1397.233154296875 24.15707951231812 1650.0 1500.0 0 0.0 0.0 0.0 0.0
222 2353.952392578125 1385.37548828125 27.17390597742454 1650.0 1500.0 0 0.0 0.0 0.0 0.0
239 2353.952392578125 1373.5177001953125 30.20509258831308 1650.0 1500.0 0 0.0 0.0 0.0 0.0
256 2353.952392578125 1365.612548828125 32.228593345501764 1650.0 1500.0 0 0.0 0.0 0.0 0.0
272 2353.952392578125 1361.6600341796875 33.24050624310931 1650.0 1500.0 0 0.0 0.0 0.0 0.0
313 2346.04736328125 1345.8497314453125 37.165544385703555 1650.0 1500.0 0 0.0 0.0 0.0 0.0
314 2346.04736328125 1345.8497314453125 37.165544180898195 1650.0 1500.0 0 0.0 0.0 0.0 0.0
331 2342.0947265625 1345.8497314453125 37.10720770178128 1650.0 1500.0 0 0.0 0.0 0.0 0.0
343 2338.14208984375 1337.944580078125 39.030781016434474 1650.0 1500.0 0 0.0 0.0 0.0 0.0
371 2334.189697265625 1333.9920654296875 39.92895100347792 1650.0 1500.0 0 0.0 0.0 0.0 0.0
391 2330.237060546875 1333.9920654296875 39.822799595758426 1650.0 1500.0 0 0.0 0.0 0.0 0.0
406 2326.284423828125 1330.0394287109375 40.705806440076884 1650.0 1500.0 0 0.0 0.0 0.0 0.0
439 2322.331787109375 1330.0394287109375 40.5862839104681 1650.0 1500.0 0 0.0 0.0 0.0 0.0
472 2318.37939453125 1330.0394287109375 40.468804999718 1650.0 1500.0 0 0.0 0.0 0.0 0.0
489 2314.4267578125 1330.0394287109375 40.35335270177441 1650.0 1500.0 0 0.0 0.0 0.0 0.0
506 2310.47412109375 1330.0394287109375 40.239879835420794 1650.0 1500.0 0 0.0 0.0 0.0 0.0
522 2306.521728515625 1330.0394287109375 40.12839243274473 1650.0 1500.0 0 0.0 0.0 0.0 0.0
540 2294.663818359375 1326.0869140625 40.76487877060569 1650.0 1500.0 0 0.0 0.0 0.0 0.0
572 2286.7587890625 1326.0869140625 40.52786465497016 1650.0 1500.0 0 0.0 0.0 0.0 0.0
589 2278.853515625 1326.0869140625 40.29887629903433 1650.0 1500.0 0 0.0 0.0 0.0 0.0
606 2270.948486328125 1322.13427734375 41.04752950988839 1650.0 1500.0 0 0.0 0.0 0.0 0.0
622 2259.0908203125 1322.13427734375 40.683801568634664 1650.0 1500.0 0 0.0 0.0 0.0 0.0
639 2251.185546875 1318.1817626953125 41.41856703071474 1650.0 1500.0 0 0.0 0.0 0.0 0.0
656 2247.233154296875 1314.229248046875 42.270472137282155 1650.0 1500.0 0 0.0 0.0 0.0 0.0
672 2235.37548828125 1314.229248046875 41.845711268388555 1650.0 1500.0 0 0.0 0.0 0.0 0.0
689 2227.47021484375 1314.229248046875 41.57209827983402 1650.0 1500.0 0 0.0 0.0 0.0 0.0
707 2219.5650634765625 1310.276611328125 42.27482256366065 1650.0 1500.0 0 0.0 0.0 0.0 0.0
722 2211.659912109375 1310.276611328125 41.9866941127664 1650.0 1500.0 0 0.0 0.0 0.0 0.0
739 2203.7548828125 1310.276611328125 41.70831883219253 1650.0 1500.0 0 0.0 0.0 0.0 0.0
757 2180.0394287109375 1310.276611328125 40.95256325522146 1650.0 1500.0 0 0.0 0.0 0.0 0.0
758 2180.0394287109375 1310.276611328125 40.95255816905669 1650.0 1500.0 0 0.0 0.0 0.0 0.0
788 2168.181640625 1310.276611328125 40.593571268952616 1650.0 1500.0 0 0.0 0.0 0.0 0.0
806 2152.3714599609375 1310.276611328125 40.146319063407844 1650.0 1500.0 0 0.0 0.0 0.0 0.0
822 2136.5611572265625 1310.276611328125 39.72842592796829 1650.0 1500.0 0 0.0 0.0 0.0 0.0
838 2120.7508544921875 1310.276611328125 39.337952891029175 1650.0 1500.0 0 0.0 0.0 0.0 0.0
855 2108.8931884765625 1310.276611328125 39.05976837033623 1650.0 1500.0 0 0.0 0.0 0.0 0.0
873 2093.0828857421875 1310.276611328125 38.71327315721558 1650.0 1500.0 0 0.0 0.0 0.0 0.0
889 2081.2252197265625 1310.276611328125 38.46642387304959 1650.0 1500.0 0 0.0 0.0 0.0 0.0
905 2069.367431640625 1310.276611328125 38.23196385974225 1650.0 1500.0 0 0.0 0.0 0.0 0.0
922 2053.5572509765625 1310.276611328125 37.93991548022424 1650.0 1500.0 0 0.0 0.0 0.0 0.0
939 2045.652099609375 1310.276611328125 37.79885302383596 1650.0 1500.0 0 0.0 0.0 0.0 0.0
957 2025.88916015625 1310.276611328125 37.47476770075431 1650.0 1500.0 0 0.0 0.0 0.0 0.0
973 2014.031494140625 1310.276611328125 37.29008900158831 1650.0 1500.0 0 0.0 0.0 0.0 0.0
1005 2006.1263427734375 1310.276611328125 37.17115981291252 1650.0 1500.0 0 0.0 0.0 0.0 0.0
1022 2002.173828125 1310.276611328125 37.11271518375159 1650.0 1500.0 0 0.0 0.0 0.0 0.0
1038 1998.22119140625 1314.229248046875 36.061634525822086 1650.0 1500.0 0 0.0 0.0 0.0 0.0
1071 1994.2686767578125 1314.229248046875 36.02243549022356 1650.0 1500.0 0 0.0 0.0 0.0 0.0
1138 2002.173828125 1314.229248046875 36.103714106133936 1650.0 1500.0 0 0.0 0.0 0.0 0.0
1155 2014.031494140625 1314.229248046875 36.2324154445765 1650.0 1500.0 0 0.0 0.0 0.0 0.0
1173 2057.509765625 1314.229248046875 36.81801454547204 1650.0 1500.0 0 0.0 0.0 0.0 0.0
1174 2057.509765625 1314.229248046875 36.818014509304504 1650.0 1500.0 0 0.0 0.0 0.0 0.0
1205 2081.2252197265625 1322.13427734375 34.911797275894315 1650.0 1500.0 0 0.0 0.0 0.0 0.0
1222 2112.845703125 1330.0394287109375 32.73732704150021 1650.0 1500.0 0 0.0 0.0 0.0 0.0
1238 2148.4188232421875 1337.944580078125 30.13406497362294 1650.0 1500.0 0 0.0 0.0 0.0 0.0
1256 2176.0867919921875 1349.8023681640625 26.18276421181494 1650.0 1500.0 0 0.0 0.0 0.0 0.0
1273 2215.612548828125 1357.7073974609375 22.154250433536077 1650.0 1500.0 0 0.0 0.0 0.0 0.0
1305 2231.4228515625 1365.612548828125 19.172343743318294 1650.0 1500.0 0 0.0 0.0 0.0 0.0
1324 2251.185546875 1365.612548828125 17.775321752379995 1650.0 1500.0 0 0.0 0.0 0.0 0.0
1355 2255.13818359375 1365.612548828125 17.491114100828725 1650.0 1500.0 0 0.0 0.0 0.0 0.0
1620 2251.185546875 1365.612548828125 17.770567053135238 1650.0 1500.0 0 0.0 0.0 0.0 0.0
1671 2247.233154296875 1365.612548828125 18.04535658038222 1650.0 1500.0 0 0.0 0.0 0.0 0.0
1721 2243.280517578125 1365.612548828125 18.315549317130547 1650.0 1500.0 0 0.0 0.0 0.0 0.0
1755 2239.327880859375 1365.612548828125 18.58123698313554 1650.0 1500.0 0 0.0 0.0 0.0 0.0
1774 2235.37548828125 1365.612548828125 18.84245936714234 1650.0 1500.0 0 0.0 0.0 0.0 0.0