0 2350.0 1500.0 0 1650.0 1500.0 0 0.0 0.0 0.0 0.0
1 2350.0 1500.0 0 1650.0 1500.0 0 0.0 0.0 0.0 0.0
87 2330.2373046875 1492.0948486328125 349.956523471405 1650.0 1500.0 0 0.0 0.0 0.0 0.0
101 2318.37939453125 1492.0948486328125 345.2532749809735 1650.0 1500.0 0 0.0 0.0 0.0 0.0
121 2294.6640625 1492.0948486328125 334.6054047929156 1650.0 1500.0 0 0.0 0.0 0.0 0.0
135 2266.99609375 1492.0948486328125 320.9727463874739 1650.0 1500.0 0 0.0 0.0 0.0 0.0
151 2231.4228515625 1492.0948486328125 302.85964955173347 1650.0 1500.0 0 0.0 0.0 0.0 0.0
167 2211.66015625 1492.0948486328125 293.18828983604055 1650.0 1500.0 0 0.0 0.0 0.0 0.0
186 2191.897216796875 1492.0948486328125 284.03228264832165 1650.0 1500.0 0 0.0 0.0 0.0 0.0
205 2176.0869140625 1492.0948486328125 277.15092469065723 1650.0 1500.0 0 0.0 0.0 0.0 0.0
219 2164.229248046875 1492.0948486328125 272.26977552431237 1650.0 1500.0 0 0.0 0.0 0.0 0.0
234 2148.4189453125 1488.1422119140625 267.4435748883918 1650.0 1500.0 0 0.0 0.0 0.0 0.0
251 2140.513916015625 1484.189697265625 265.7878331591991 1650.0 1500.0 0 0.0 0.0 0.0 0.0
268 2132.608642578125 1472.33203125 266.65753997250096 1650.0 1500.0 0 0.0 0.0 0.0 0.0
284 2128.65625 1468.37939453125 266.4555014164084 1650.0 1500.0 0 0.0 0.0 0.0 0.0
304 2124.70361328125 1464.4268798828125 266.2627310576773 1650.0 1500.0 0 0.0 0.0 0.0 0.0
317 2124.70361328125 1460.4742431640625 267.53342166849336 1650.0 1500.0 0 0.0 0.0 0.0 0.0
334 2124.70361328125 1456.521728515625 268.77083402321097 1650.0 1500.0 0 0.0 0.0 0.0 0.0
367 2120.7509765625 1456.521728515625 267.25154037038465 1650.0 1500.0 0 0.0 0.0 0.0 0.0
384 2116.79833984375 1456.521728515625 265.7658444391305 1650.0 1500.0 0 0.0 0.0 0.0 0.0
401 2104.940673828125 1468.37939453125 257.3447057853712 1650.0 1500.0 0 0.0 0.0 0.0 0.0
417 2100.98828125 1492.0948486328125 245.85451864358254 1650.0 1500.0 0 0.0 0.0 0.0 0.0
436 2100.98828125 1511.857666015625 236.43272111043848 1650.0 1500.0 0 0.0 0.0 0.0 0.0
451 2100.98828125 1527.66796875 228.6213735417886 1650.0 1500.0 0 0.0 0.0 0.0 0.0
467 2104.940673828125 1539.525634765625 222.87596935099998 1650.0 1500.0 0 0.0 0.0 0.0 0.0
485 2108.893310546875 1543.478271484375 221.0224834706583 1650.0 1500.0 0 0.0 0.0 0.0 0.0
501 2108.893310546875 1547.4307861328125 219.03775994592763 1650.0 1500.0 0 0.0 0.0 0.0 0.0
534 2108.893310546875 1519.7628173828125 232.57093439182955 1650.0 1500.0 0 0.0 0.0 0.0 0.0
551 2108.893310546875 1503.9525146484375 239.9224757696606 1650.0 1500.0 0 0.0 0.0 0.0 0.0
568 2108.893310546875 1492.0948486328125 245.19484957624815 1650.0 1500.0 0 0.0 0.0 0.0 0.0
601 2104.940673828125 1496.04736328125 242.55193619883983 1650.0 1500.0 0 0.0 0.0 0.0 0.0
618 2104.940673828125 1523.71533203125 228.80142375544625 1650.0 1500.0 0 0.0 0.0 0.0 0.0
634 2104.940673828125 1547.4307861328125 216.80293496838618 1650.0 1500.0 0 0.0 0.0 0.0 0.0
651 2104.940673828125 1563.2410888671875 208.92244312231736 1650.0 1500.0 0 0.0 0.0 0.0 0.0
671 2104.940673828125 1575.0987548828125 203.13861093986466 1650.0 1500.0 0 0.0 0.0 0.0 0.0
684 2104.940673828125 1579.0513916015625 201.23084091274256 1650.0 1500.0 0 0.0 0.0 0.0 0.0
717 2104.940673828125 1559.2884521484375 211.14887301605512 1650.0 1500.0 0 0.0 0.0 0.0 0.0
734 2104.940673828125 1539.525634765625 221.10347604288546 1650.0 1500.0 0 0.0 0.0 0.0 0.0
752 2104.940673828125 1531.6204833984375 225.0411117955968 1650.0 1500.0 0 0.0 0.0 0.0 0.0
767 2104.940673828125 1523.71533203125 228.93338234892673 1650.0 1500.0 0 0.0 0.0 0.0 0.0
784 2100.98828125 1523.71533203125 228.5470877212844 1650.0 1500.0 0 0.0 0.0 0.0 0.0
804 2097.03564453125 1527.66796875 226.27651161032242 1650.0 1500.0 0 0.0 0.0 0.0 0.0
818 2097.03564453125 1535.5731201171875 222.3179588164383 1650.0 1500.0 0 0.0 0.0 0.0 0.0
837 2097.03564453125 1543.478271484375 218.34490548875118 1650.0 1500.0 0 0.0 0.0 0.0 0.0
853 2097.03564453125 1547.4307861328125 216.35955611950675 1650.0 1500.0 0 0.0 0.0 0.0 0.0
901 2097.03564453125 1527.66796875 226.21508198639293 1650.0 1500.0 0 0.0 0.0 0.0 0.0
918 2097.03564453125 1519.7628173828125 230.09040577011064 1650.0 1500.0 0 0.0 0.0 0.0 0.0
967 2097.03564453125 1523.71533203125 228.14006693174707 1650.0 1500.0 0 0.0 0.0 0.0 0.0
984 2097.03564453125 1531.6204833984375 224.19495184159058 1650.0 1500.0 0 0.0 0.0 0.0 0.0
1001 2097.03564453125 1535.5731201171875 222.21650991265886 1650.0 1500.0 0 0.0 0.0 0.0 0.0
1019 2097.03564453125 1539.525634765625 220.2334760427105 1650.0 1500.0 0 0.0 0.0 0.0 0.0
1036 2097.03564453125 1531.6204833984375 224.17873164425095 1650.0 1500.0 0 0.0 0.0 0.0 0.0
1051 2093.0830078125 1503.9525146484375 236.72693233428117 1650.0 1500.0 0 0.0 0.0 0.0 0.0
1068 2089.13037109375 1484.189697265625 244.65869115624338 1650.0 1500.0 0 0.0 0.0 0.0 0.0
1088 2085.177978515625 1468.37939453125 250.25381288551142 1650.0 1500.0 0 0.0 0.0 0.0 0.0
1102 2085.177978515625 1460.4742431640625 253.4621956315965 1650.0 1500.0 0 0.0 0.0 0.0 0.0
1152 2085.177978515625 1464.4268798828125 251.82581021436545 1650.0 1500.0 0 0.0 0.0 0.0 0.0
1167 2085.177978515625 1472.33203125 248.4239179591903 1650.0 1500.0 0 0.0 0.0 0.0 0.0
1184 2085.177978515625 1476.2845458984375 246.69351577571098 1650.0 1500.0 0 0.0 0.0 0.0 0.0
1203 2085.177978515625 1484.189697265625 243.11617407469856 1650.0 1500.0 0 0.0 0.0 0.0 0.0
1252 2085.177978515625 1472.33203125 248.232986117849 1650.0 1500.0 0 0.0 0.0 0.0 0.0
1268 2089.13037109375 1452.569091796875 257.1628814602813 1650.0 1500.0 0 0.0 0.0 0.0 0.0
1285 2089.13037109375 1440.71142578125 261.44258485154575 1650.0 1500.0 0 0.0 0.0 0.0 0.0
1301 2093.0830078125 1436.7589111328125 264.2497110811354 1650.0 1500.0 0 0.0 0.0 0.0 0.0
1319 2097.03564453125 1436.7589111328125 265.7346806057804 1650.0 1500.0 0 0.0 0.0 0.0 0.0
1334 2108.893310546875 1440.71142578125 269.19574312994945 1650.0 1500.0 0 0.0 0.0 0.0 0.0
1351 2120.7509765625 1456.521728515625 268.93157745248817 1650.0 1500.0 0 0.0 0.0 0.0 0.0
1367 2132.608642578125 1484.189697265625 263.6295754538873 1650.0 1500.0 0 0.0 0.0 0.0 0.0
1384 2140.513916015625 1496.04736328125 262.2115994532221 1650.0 1500.0 0 0.0 0.0 0.0 0.0
1401 2144.466552734375 1507.9051513671875 259.0899267691164 1650.0 1500.0 0 0.0 0.0 0.0 0.0
1417 2148.4189453125 1511.857666015625 258.9232687500026 1650.0 1500.0 0 0.0 0.0 0.0 0.0
1451 2148.4189453125 1492.0948486328125 265.5510249652064 1650.0 1500.0 0 0.0 0.0 0.0 0.0
1468 2148.4189453125 1456.521728515625 275.1185330316189 1650.0 1500.0 0 0.0 0.0 0.0 0.0
1484 2148.4189453125 1440.71142578125 278.9013085295764 1650.0 1500.0 0 0.0 0.0 0.0 0.0
1505 2148.4189453125 1436.7589111328125 279.81828056173384 1650.0 1500.0 0 0.0 0.0 0.0 0.0
1518 2144.466552734375 1440.71142578125 277.1026069711572 1650.0 1500.0 0 0.0 0.0 0.0 0.0
1534 2136.561279296875 1464.4268798828125 266.2133188867039 1650.0 1500.0 0 0.0 0.0 0.0 0.0
1551 2132.608642578125 1488.1422119140625 255.56801810593657 1650.0 1500.0 0 0.0 0.0 0.0 0.0
1568 2128.65625 1503.9525146484375 247.6879328691474 1650.0 1500.0 0 0.0 0.0 0.0 0.0
1586 2124.70361328125 1511.857666015625 243.24459982361788 1650.0 1500.0 0 0.0 0.0 0.0 0.0
1602 2124.70361328125 1515.8101806640625 241.4322170644005 1650.0 1500.0 0 0.0 0.0 0.0 0.0
1619 2120.7509765625 1511.857666015625 242.3895506288854 1650.0 1500.0 0 0.0 0.0 0.0 0.0
1637 2120.7509765625 1472.33203125 257.69612772314645 1650.0 1500.0 0 0.0 0.0 0.0 0.0
1654 2124.70361328125 1436.7589111328125 270.16864271923413 1650.0 1500.0 0 0.0 0.0 0.0 0.0
1667 2128.65625 1413.04345703125 277.79041479946045 1650.0 1500.0 0 0.0 0.0 0.0 0.0
1684 2132.608642578125 1405.1383056640625 281.31782823842144 1650.0 1500.0 0 0.0 0.0 0.0 0.0
1701 2136.561279296875 1405.1383056640625 283.12902860364096 1650.0 1500.0 0 0.0 0.0 0.0 0.0
1718 2136.561279296875 1416.9959716796875 280.4341495596746 1650.0 1500.0 0 0.0 0.0 0.0 0.0
1735 2136.561279296875 1444.6639404296875 272.4652067935527 1650.0 1500.0 0 0.0 0.0 0.0 0.0
1751 2136.561279296875 1468.37939453125 264.3119361134082 1650.0 1500.0 0 0.0 0.0 0.0 0.0
1767 2136.561279296875 1488.1422119140625 256.6050576244676 1650.0 1500.0 0 0.0 0.0 0.0 0.0
1784 2132.608642578125 1500.0 250.52290015398233 1650.0 1500.0 0 0.0 0.0 0.0 0.0
1802 2132.608642578125 1503.9525146484375 248.83007893279006 1650.0 1500.0 0 0.0 0.0 0.0 0.0
1818 2128.65625 1500.0 249.4555260595386 1650.0 1500.0 0 0.0 0.0 0.0 0.0
1834 2128.65625 1472.33203125 259.7665937036655 1650.0 1500.0 0 0.0 0.0 0.0 0.0
1851 2128.65625 1452.569091796875 266.2967707033226 1650.0 1500.0 0 0.0 0.0 0.0 0.0
1868 2128.65625 1432.8062744140625 272.0403975901689 1650.0 1500.0 0 0.0 0.0 0.0 0.0
1884 2128.65625 1424.901123046875 274.2102172559529 1650.0 1500.0 0 0.0 0.0 0.0 0.0
1918 2128.65625 1428.853759765625 273.0933452603561 1650.0 1500.0 0 0.0 0.0 0.0 0.0
1934 2124.70361328125 1444.6639404296875 266.37384003874496 1650.0 1500.0 0 0.0 0.0 0.0 0.0
1953 2120.7509765625 1460.4742431640625 259.1102621504386 1650.0 1500.0 0 0.0 0.0 0.0 0.0
1970 2120.7509765625 1468.37939453125 256.00930648377056 1650.0 1500.0 0 0.0 0.0 0.0 0.0
1985 2116.79833984375 1472.33203125 253.23585511977404 1650.0 1500.0 0 0.0 0.0 0.0 0.0
2019 2116.79833984375 1448.6165771484375 261.77131765520977 1650.0 1500.0 0 0.0 0.0 0.0 0.0
2034 2116.79833984375 1413.04345703125 272.1268046902254 1650.0 1500.0 0 0.0 0.0 0.0 0.0
2051 2120.7509765625 1393.2806396484375 278.6463442459096 1650.0 1500.0 0 0.0 0.0 0.0 0.0
2067 2124.70361328125 1389.3280029296875 281.302250940023 1650.0 1500.0 0 0.0 0.0 0.0 0.0
2084 2128.65625 1389.3280029296875 283.1131427391014 1650.0 1500.0 0 0.0 0.0 0.0 0.0
2101 2128.65625 1409.0908203125 278.2895318074084 1650.0 1500.0 0 0.0 0.0 0.0 0.0
2117 2128.65625 1436.7589111328125 269.79199516944385 1650.0 1500.0 0 0.0 0.0 0.0 0.0
2135 2128.65625 1452.569091796875 264.37294459341155 1650.0 1500.0 0 0.0 0.0 0.0 0.0
2152 2128.65625 1468.37939453125 258.3730978677294 1650.0 1500.0 0 0.0 0.0 0.0 0.0
2170 2128.65625 1476.2845458984375 255.23901875967664 1650.0 1500.0 0 0.0 0.0 0.0 0.0
2203 2128.65625 1468.37939453125 258.2408506184002 1650.0 1500.0 0 0.0 0.0 0.0 0.0
2218 2128.65625 1432.8062744140625 269.3130432685225 1650.0 1500.0 0 0.0 0.0 0.0 0.0
2234 2132.608642578125 1413.04345703125 276.16450210481327 1650.0 1500.0 0 0.0 0.0 0.0 0.0
2251 2132.608642578125 1405.1383056640625 278.1033200237478 1650.0 1500.0 0 0.0 0.0 0.0 0.0
2284 2132.608642578125 1424.901123046875 272.4128454959911 1650.0 1500.0 0 0.0 0.0 0.0 0.0
2307 2128.65625 1452.569091796875 260.8989590532942 1650.0 1500.0 0 0.0 0.0 0.0 0.0
2319 2124.70361328125 1472.33203125 251.5319846689183 1650.0 1500.0 0 0.0 0.0 0.0 0.0
2336 2120.7509765625 1488.1422119140625 243.5035140544927 1650.0 1500.0 0 0.0 0.0 0.0 0.0
2352 2120.7509765625 1492.0948486328125 241.6948036295292 1650.0 1500.0 0 0.0 0.0 0.0 0.0
2369 2116.79833984375 1492.0948486328125 240.9007664116652 1650.0 1500.0 0 0.0 0.0 0.0 0.0
2385 2116.79833984375 1476.2845458984375 247.763799440784 1650.0 1500.0 0 0.0 0.0 0.0 0.0
2401 2116.79833984375 1436.7589111328125 262.0224975017524 1650.0 1500.0 0 0.0 0.0 0.0 0.0
2417 2128.65625 1401.185791015625 276.45460766691957 1650.0 1500.0 0 0.0 0.0 0.0 0.0
2439 2136.561279296875 1381.4228515625 284.04705392989337 1650.0 1500.0 0 0.0 0.0 0.0 0.0
2452 2140.513916015625 1373.5177001953125 287.2750067663342 1650.0 1500.0 0 0.0 0.0 0.0 0.0
2468 2144.466552734375 1369.565185546875 289.76741719119997 1650.0 1500.0 0 0.0 0.0 0.0 0.0
2484 2148.4189453125 1369.565185546875 291.6793809794494 1650.0 1500.0 0 0.0 0.0 0.0 0.0
2501 2148.4189453125 1381.4228515625 289.8949636712396 1650.0 1500.0 0 0.0 0.0 0.0 0.0
2523 2148.4189453125 1393.2806396484375 287.91522683615216 1650.0 1500.0 0 0.0 0.0 0.0 0.0
2534 2148.4189453125 1401.185791015625 286.50367272849485 1650.0 1500.0 0 0.0 0.0 0.0 0.0
2551 2148.4189453125 1405.1383056640625 285.7743560097722 1650.0 1500.0 0 0.0 0.0 0.0 0.0
2584 2148.4189453125 1401.185791015625 286.4808459069464 1650.0 1500.0 0 0.0 0.0 0.0 0.0
2603 2148.4189453125 1369.565185546875 290.9604749149111 1650.0 1500.0 0 0.0 0.0 0.0 0.0
2617 2152.37158203125 1349.8023681640625 295.0193363214069 1650.0 1500.0 0 0.0 0.0 0.0 0.0
2635 2152.37158203125 1341.897216796875 295.81199760484617 1650.0 1500.0 0 0.0 0.0 0.0 0.0
2668 2140.513916015625 1385.37548828125 280.4413424851885 1650.0 1500.0 0 0.0 0.0 0.0 0.0
2688 2128.65625 1424.901123046875 261.76871400509305 1650.0 1500.0 0 0.0 0.0 0.0 0.0
2705 2120.7509765625 1452.569091796875 247.62374773957094 1650.0 1500.0 0 0.0 0.0 0.0 0.0
2719 2116.79833984375 1468.37939453125 239.49337352159677 1650.0 1500.0 0 0.0 0.0 0.0 0.0
2735 2112.845947265625 1488.1422119140625 229.31795553342198 1650.0 1500.0 0 0.0 0.0 0.0 0.0
2751 2108.893310546875 1492.0948486328125 227.0259643361888 1650.0 1500.0 0 0.0 0.0 0.0 0.0
2784 2108.893310546875 1464.4268798828125 239.96183313292323 1650.0 1500.0 0 0.0 0.0 0.0 0.0
2801 2124.70361328125 1428.853759765625 258.93887706587617 1650.0 1500.0 0 0.0 0.0 0.0 0.0
2817 2128.65625 1409.0908203125 266.9114519607619 1650.0 1500.0 0 0.0 0.0 0.0 0.0
2834 2132.608642578125 1405.1383056640625 269.69675148506934 1650.0 1500.0 0 0.0 0.0 0.0 0.0
2868 2132.608642578125 1413.04345703125 267.1334599333727 1650.0 1500.0 0 0.0 0.0 0.0 0.0
2884 2132.608642578125 1432.8062744140625 259.79085853973834 1650.0 1500.0 0 0.0 0.0 0.0 0.0
2901 2128.65625 1448.6165771484375 252.11357465529045 1650.0 1500.0 0 0.0 0.0 0.0 0.0
2917 2124.70361328125 1464.4268798828125 244.1037057843476 1650.0 1500.0 0 0.0 0.0 0.0 0.0
2937 2124.70361328125 1472.33203125 240.44969196659645 1650.0 1500.0 0 0.0 0.0 0.0 0.0
2951 2120.7509765625 1472.33203125 239.69419933483988 1650.0 1500.0 0 0.0 0.0 0.0 0.0
2967 2120.7509765625 1464.4268798828125 243.2669871522624 1650.0 1500.0 0 0.0 0.0 0.0 0.0
2984 2128.65625 1420.9486083984375 261.93119709331046 1650.0 1500.0 0 0.0 0.0 0.0 0.0
3000 2148.4189453125 1373.5177001953125 281.5987174949204 1650.0 1500.0 0 0.0 0.0 0.0 0.0
3022 2156.32421875 1349.8023681640625 289.11463592149113 1650.0 1500.0 0 0.0 0.0 0.0 0.0
3037 2160.276611328125 1345.8497314453125 291.5650826302029 1650.0 1500.0 0 0.0 0.0 0.0 0.0
3068 2160.276611328125 1349.8023681640625 291.00725827030664 1650.0 1500.0 0 0.0 0.0 0.0 0.0
3088 2160.276611328125 1361.6600341796875 289.14900148552897 1650.0 1500.0 0 0.0 0.0 0.0 0.0
3106 2156.32421875 1385.37548828125 282.2938375357649 1650.0 1500.0 0 0.0 0.0 0.0 0.0
3107 2156.32421875 1385.37548828125 282.2938045603382 1650.0 1500.0 0 0.0 0.0 0.0 0.0
3134 2156.32421875 1393.2806396484375 280.50178110166354 1650.0 1500.0 0 0.0 0.0 0.0 0.0
3167 2156.32421875 1389.3280029296875 281.3706771005752 1650.0 1500.0 0 0.0 0.0 0.0 0.0
3184 2156.32421875 1361.6600341796875 286.35143702701384 1650.0 1500.0 0 0.0 0.0 0.0 0.0
3201 2160.276611328125 1345.8497314453125 290.5481106462311 1650.0 1500.0 0 0.0 0.0 0.0 0.0
3217 2160.276611328125 1337.944580078125 291.62276955198996 1650.0 1500.0 0 0.0 0.0 0.0 0.0
3239 2156.32421875 1381.4228515625 279.6267511499645 1650.0 1500.0 0 0.0 0.0 0.0 0.0
3240 2156.32421875 1381.4228515625 279.62670709656805 1650.0 1500.0 0 0.0 0.0 0.0 0.0
3268 2152.37158203125 1413.04345703125 267.93186635649937 1650.0 1500.0 0 0.0 0.0 0.0 0.0
3285 2148.4189453125 1432.8062744140625 259.1796607917274 1650.0 1500.0 0 0.0 0.0 0.0 0.0
3301 2148.4189453125 1444.6639404296875 254.42385292034095 1650.0 1500.0 0 0.0 0.0 0.0 0.0
3317 2148.4189453125 1456.521728515625 249.36890651625225 1650.0 1500.0 0 0.0 0.0 0.0 0.0
3351 2148.4189453125 1440.71142578125 255.61421762220488 1650.0 1500.0 0 0.0 0.0 0.0 0.0
3367 2148.4189453125 1413.04345703125 265.0115757525029 1650.0 1500.0 0 0.0 0.0 0.0 0.0
3384 2148.4189453125 1401.185791015625 268.72956950523763 1650.0 1500.0 0 0.0 0.0 0.0 0.0
3401 2152.37158203125 1393.2806396484375 272.6251334348174 1650.0 1500.0 0 0.0 0.0 0.0 0.0
3438 2152.37158203125 1401.185791015625 270.22958611227057 1650.0 1500.0 0 0.0 0.0 0.0 0.0
3455 2148.4189453125 1436.7589111328125 254.62034192828236 1650.0 1500.0 0 0.0 0.0 0.0 0.0
3456 2148.4189453125 1436.7589111328125 254.62036289958525 1650.0 1500.0 0 0.0 0.0 0.0 0.0
3472 2144.466552734375 1448.6165771484375 248.485038952058 1650.0 1500.0 0 0.0 0.0 0.0 0.0
3504 2144.466552734375 1452.569091796875 246.75575010774247 1650.0 1500.0 0 0.0 0.0 0.0 0.0
3518 2144.466552734375 1456.521728515625 244.9972223398891 1650.0 1500.0 0 0.0 0.0 0.0 0.0
3551 2144.466552734375 1444.6639404296875 250.01606537667845 1650.0 1500.0 0 0.0 0.0 0.0 0.0
3570 2144.466552734375 1428.853759765625 256.20952980052215 1650.0 1500.0 0 0.0 0.0 0.0 0.0
3588 2144.466552734375 1416.9959716796875 260.55334043000374 1650.0 1500.0 0 0.0 0.0 0.0 0.0
3602 2144.466552734375 1409.0908203125 263.31316648921205 1650.0 1500.0 0 0.0 0.0 0.0 0.0
3686 2144.466552734375 1413.04345703125 261.89881695533296 1650.0 1500.0 0 0.0 0.0 0.0 0.0
3706 2144.466552734375 1416.9959716796875 260.44963638084124 1650.0 1500.0 0 0.0 0.0 0.0 0.0