0 2350.0 1500.0 0 1650.0 1500.0 0 0.0 0.0 0.0 0.0
204 2350.0 1500.0 0 1650.0 1500.0 0 0.0 0.0 0.0 0.0
237 2350.0 1500.0 0 1650.0 1500.0 0 0.0 0.0 0.0 0.0
254 2350.0 1500.0 0 1650.0 1500.0 0 0.0 0.0 0.0 0.0
270 2350.0 1500.0 0 1650.0 1500.0 0 0.0 0.0 0.0 0.0
287 2350.0 1500.0 0 1650.0 1500.0 0 0.0 0.0 0.0 0.0
304 2350.0 1500.0 0 1650.0 1500.0 0 0.0 0.0 0.0 0.0
321 2350.0 1500.0 0 1650.0 1500.0 0 0.0 0.0 0.0 0.0
337 2350.0 1500.0 0 1650.0 1500.0 0 0.0 0.0 0.0 0.0
354 2350.0 1500.0 0 1650.0 1500.0 0 0.0 0.0 0.0 0.0
370 2350.0 1500.0 0 1650.0 1500.0 0 0.0 0.0 0.0 0.0
387 2350.0 1500.0 0 1650.0 1500.0 0 0.0 0.0 0.0 0.0
404 2350.0 1500.0 0 1650.0 1500.0 0 0.0 0.0 0.0 0.0
420 2350.0 1500.0 0 1650.0 1500.0 0 0.0 0.0 0.0 0.0
437 2350.0 1500.0 0 1650.0 1500.0 0 0.0 0.0 0.0 0.0
453 2338.142333984375 1492.0948486328125 359.9737258037775 1650.0 1500.0 0 0.0 0.0 0.0 0.0
470 2326.28466796875 1484.189697265625 359.9504867520185 1650.0 1500.0 0 0.0 0.0 0.0 0.0
487 2318.37939453125 1480.237060546875 359.4074295758453 1650.0 1500.0 0 0.0 0.0 0.0 0.0
503 2306.521728515625 1472.3319091796875 359.44923769428135 1650.0 1500.0 0 0.0 0.0 0.0 0.0
520 2294.6640625 1468.37939453125 357.93527140236836 1650.0 1500.0 0 0.0 0.0 0.0 0.0
537 2282.806396484375 1460.4742431640625 358.1461547414185 1650.0 1500.0 0 0.0 0.0 0.0 0.0
554 2270.948486328125 1452.569091796875 358.33277118356597 1650.0 1500.0 0 0.0 0.0 0.0 0.0
570 2259.0908203125 1444.6639404296875 358.4980376229835 1650.0 1500.0 0 0.0 0.0 0.0 0.0
587 2247.233154296875 1440.71142578125 357.07908124631444 1650.0 1500.0 0 0.0 0.0 0.0 0.0
604 2235.37548828125 1436.7587890625 355.80237781422784 1650.0 1500.0 0 0.0 0.0 0.0 0.0
622 2227.47021484375 1424.901123046875 358.78218055964754 1650.0 1500.0 0 0.0 0.0 0.0 0.0
646 2215.612548828125 1424.901123046875 355.720438438075 1650.0 1500.0 0 0.0 0.0 0.0 0.0
659 2207.70751953125 1420.9486083984375 355.49150556982033 1650.0 1500.0 0 0.0 0.0 0.0 0.0
671 2199.80224609375 1416.9959716796875 355.2795745132521 1650.0 1500.0 0 0.0 0.0 0.0 0.0
687 2187.944580078125 1416.9959716796875 352.52299954970255 1650.0 1500.0 0 0.0 0.0 0.0 0.0
704 2180.03955078125 1413.04345703125 352.5322002678356 1650.0 1500.0 0 0.0 0.0 0.0 0.0
720 2168.181884765625 1413.04345703125 350.0204399213759 1650.0 1500.0 0 0.0 0.0 0.0 0.0
737 2160.276611328125 1409.0908203125 350.21601482428923 1650.0 1500.0 0 0.0 0.0 0.0 0.0
755 2148.4189453125 1409.0908203125 347.91402107366986 1650.0 1500.0 0 0.0 0.0 0.0 0.0
770 2140.513916015625 1405.1383056640625 348.2662606774721 1650.0 1500.0 0 0.0 0.0 0.0 0.0
788 2128.6561279296875 1405.1383056640625 346.1430380899451 1650.0 1500.0 0 0.0 0.0 0.0 0.0
803 2120.7509765625 1405.1383056640625 344.81776731616867 1650.0 1500.0 0 0.0 0.0 0.0 0.0
820 2108.893310546875 1405.1383056640625 343.01507900846707 1650.0 1500.0 0 0.0 0.0 0.0 0.0
838 2097.0355224609375 1401.1856689453125 343.16847534591784 1650.0 1500.0 0 0.0 0.0 0.0 0.0
853 2085.1778564453125 1401.1856689453125 341.5208245464979 1650.0 1500.0 0 0.0 0.0 0.0 0.0
870 2073.320068359375 1397.233154296875 341.8268069324224 1650.0 1500.0 0 0.0 0.0 0.0 0.0
887 2061.46240234375 1397.233154296875 340.3060317985003 1650.0 1500.0 0 0.0 0.0 0.0 0.0
903 2049.604736328125 1397.233154296875 338.9297747641313 1650.0 1500.0 0 0.0 0.0 0.0 0.0
920 2037.7469482421875 1397.233154296875 337.6849470751948 1650.0 1500.0 0 0.0 0.0 0.0 0.0
937 2025.8892822265625 1393.2806396484375 338.3819305662748 1650.0 1500.0 0 0.0 0.0 0.0 0.0
953 2014.0316162109375 1393.2806396484375 337.18960937193293 1650.0 1500.0 0 0.0 0.0 0.0 0.0
970 2002.173828125 1393.2806396484375 336.1117293394683 1650.0 1500.0 0 0.0 0.0 0.0 0.0
987 1990.316162109375 1393.2806396484375 335.13760226124606 1650.0 1500.0 0 0.0 0.0 0.0 0.0
1003 1974.505859375 1393.2806396484375 334.00070963989214 1650.0 1500.0 0 0.0 0.0 0.0 0.0
1020 1966.6007080078125 1393.2806396484375 333.47013724654994 1650.0 1500.0 0 0.0 0.0 0.0 0.0
1037 1954.7430419921875 1393.2806396484375 332.75135433157595 1650.0 1500.0 0 0.0 0.0 0.0 0.0
1053 1946.837890625 1393.2806396484375 332.30412229068264 1650.0 1500.0 0 0.0 0.0 0.0 0.0
1070 1934.980224609375 1393.2806396484375 331.6983661630568 1650.0 1500.0 0 0.0 0.0 0.0 0.0
1087 1923.12255859375 1393.2806396484375 331.1514299957308 1650.0 1500.0 0 0.0 0.0 0.0 0.0
1104 1915.2174072265625 1393.2806396484375 330.8112122789754 1650.0 1500.0 0 0.0 0.0 0.0 0.0
1120 1903.359619140625 1393.2806396484375 330.35050050728853 1650.0 1500.0 0 0.0 0.0 0.0 0.0
1137 1895.4544677734375 1397.233154296875 328.1403781821348 1650.0 1500.0 0 0.0 0.0 0.0 0.0
1154 1887.54931640625 1401.1856689453125 326.0774803204009 1650.0 1500.0 0 0.0 0.0 0.0 0.0
1170 1879.644287109375 1405.1383056640625 324.15423828206303 1650.0 1500.0 0 0.0 0.0 0.0 0.0
1188 1871.7391357421875 1405.1383056640625 324.2836550721771 1650.0 1500.0 0 0.0 0.0 0.0 0.0
1203 1863.833984375 1409.0908203125 322.4835833304917 1650.0 1500.0 0 0.0 0.0 0.0 0.0
1221 1859.88134765625 1413.04345703125 320.62593964603474 1650.0 1500.0 0 0.0 0.0 0.0 0.0
1237 1851.9761962890625 1416.9959716796875 319.08119521729327 1650.0 1500.0 0 0.0 0.0 0.0 0.0
1254 1848.023681640625 1416.9959716796875 319.32393698657154 1650.0 1500.0 0 0.0 0.0 0.0 0.0
1270 1840.1185302734375 1420.9486083984375 317.8712599696421 1650.0 1500.0 0 0.0 0.0 0.0 0.0
1287 1840.1185302734375 1424.901123046875 315.8410143626716 1650.0 1500.0 0 0.0 0.0 0.0 0.0
1304 1836.166015625 1428.853759765625 314.24499912489875 1650.0 1500.0 0 0.0 0.0 0.0 0.0
1321 1836.166015625 1432.8062744140625 312.2417833387968 1650.0 1500.0 0 0.0 0.0 0.0 0.0
1337 1832.21337890625 1436.7587890625 310.79570550623146 1650.0 1500.0 0 0.0 0.0 0.0 0.0
1370 1832.21337890625 1440.71142578125 308.82540786690106 1650.0 1500.0 0 0.0 0.0 0.0 0.0
1387 1832.21337890625 1444.6639404296875 306.8771540257146 1650.0 1500.0 0 0.0 0.0 0.0 0.0
1454 1832.21337890625 1448.6165771484375 304.95274657866986 1650.0 1500.0 0 0.0 0.0 0.0 0.0
1470 1832.21337890625 1452.569091796875 303.05404204642207 1650.0 1500.0 0 0.0 0.0 0.0 0.0
1488 1832.21337890625 1456.521728515625 301.1826639484228 1650.0 1500.0 0 0.0 0.0 0.0 0.0
1504 1832.21337890625 1460.4742431640625 299.34029664680054 1650.0 1500.0 0 0.0 0.0 0.0 0.0
1520 1832.21337890625 1464.4268798828125 297.528100082705 1650.0 1500.0 0 0.0 0.0 0.0 0.0
1537 1832.21337890625 1468.37939453125 295.7474902954384 1650.0 1500.0 0 0.0 0.0 0.0 0.0
1554 1832.21337890625 1472.3319091796875 293.999503976318 1650.0 1500.0 0 0.0 0.0 0.0 0.0
1570 1832.21337890625 1476.2845458984375 292.2850544564257 1650.0 1500.0 0 0.0 0.0 0.0 0.0
1587 1832.21337890625 1480.237060546875 290.60501988540693 1650.0 1500.0 0 0.0 0.0 0.0 0.0
1620 1832.21337890625 1484.189697265625 288.96001232315166 1650.0 1500.0 0 0.0 0.0 0.0 0.0
2120 1832.21337890625 1476.2845458984375 292.3948197272824 1650.0 1500.0 0 0.0 0.0 0.0 0.0
2137 1832.21337890625 1460.4742431640625 299.81446352458283 1650.0 1500.0 0 0.0 0.0 0.0 0.0