0 2350.0 1500.0 0 1650.0 1500.0 0 0.0 0.0 0.0 0.0
165 2350.0 1500.0 0 1650.0 1500.0 0 0.0 0.0 0.0 0.0
182 2350.0 1500.0 0 1650.0 1500.0 0 0.0 0.0 0.0 0.0
198 2350.0 1500.0 0 1650.0 1500.0 0 0.0 0.0 0.0 0.0
215 2350.0 1500.0 0 1650.0 1500.0 0 0.0 0.0 0.0 0.0
232 2350.0 1500.0 0 1650.0 1500.0 0 0.0 0.0 0.0 0.0
248 2350.0 1500.0 0 1650.0 1500.0 0 0.0 0.0 0.0 0.0
265 2350.0 1500.0 0 1650.0 1500.0 0 0.0 0.0 0.0 0.0
282 2350.0 1500.0 0 1650.0 1500.0 0 0.0 0.0 0.0 0.0
299 2350.0 1500.0 0 1650.0 1500.0 0 0.0 0.0 0.0 0.0
315 2350.0 1500.0 0 1650.0 1500.0 0 0.0 0.0 0.0 0.0
332 2350.0 1500.0 0 1650.0 1500.0 0 0.0 0.0 0.0 0.0
348 2334.21044921875 1500.0 358.00885848730695 1650.0 1500.0 0 0.0 0.0 0.0 0.0
365 2318.421142578125 1500.0 356.25712111910264 1650.0 1500.0 0 0.0 0.0 0.0 0.0
383 2307.894775390625 1500.0 355.18739468437855 1650.0 1500.0 0 0.0 0.0 0.0 0.0
398 2292.105224609375 1500.0 353.7772913203722 1650.0 1500.0 0 0.0 0.0 0.0 0.0
415 2276.31591796875 1500.0 352.53880708875056 1650.0 1500.0 0 0.0 0.0 0.0 0.0
431 2265.78955078125 1500.0 351.7831920432021 1650.0 1500.0 0 0.0 0.0 0.0 0.0
448 2250.0 1500.0 350.7882318333084 1650.0 1500.0 0 0.0 0.0 0.0 0.0
465 2239.4736328125 1500.0 350.18137086763875 1650.0 1500.0 0 0.0 0.0 0.0 0.0
481 2223.684326171875 1500.0 349.3826184958889 1650.0 1500.0 0 0.0 0.0 0.0 0.0
498 2213.157958984375 1500.0 348.89553371400325 1650.0 1500.0 0 0.0 0.0 0.0 0.0
515 2202.631591796875 1500.0 348.44999645415385 1650.0 1500.0 0 0.0 0.0 0.0 0.0
532 2181.5791015625 1500.0 347.6990763158485 1650.0 1500.0 0 0.0 0.0 0.0 0.0
548 2171.052734375 1500.0 347.3557162322864 1650.0 1500.0 0 0.0 0.0 0.0 0.0
565 2160.5263671875 1500.0 347.04168281698435 1650.0 1500.0 0 0.0 0.0 0.0 0.0
581 2155.26318359375 1500.0 346.8916766083223 1650.0 1500.0 0 0.0 0.0 0.0 0.0
598 2144.7369384765625 1500.0 346.6173410412961 1650.0 1500.0 0 0.0 0.0 0.0 0.0
615 2139.4737548828125 1500.0 346.48631814617477 1650.0 1500.0 0 0.0 0.0 0.0 0.0
632 2128.9473876953125 1500.0 346.2466298044413 1650.0 1500.0 0 0.0 0.0 0.0 0.0
648 2123.6842041015625 1500.0 346.1321588081903 1650.0 1500.0 0 0.0 0.0 0.0 0.0
665 2113.157958984375 1500.0 345.9228099981593 1650.0 1500.0 0 0.0 0.0 0.0 0.0
682 2102.631591796875 1500.0 345.7313834280285 1650.0 1500.0 0 0.0 0.0 0.0 0.0
699 2097.368408203125 1500.0 345.639950489658 1650.0 1500.0 0 0.0 0.0 0.0 0.0
715 2086.8421630859375 1500.0 345.4727055736451 1650.0 1500.0 0 0.0 0.0 0.0 0.0
732 2076.3157958984375 1500.0 345.31975901859187 1650.0 1500.0 0 0.0 0.0 0.0 0.0
749 2065.78955078125 1500.0 345.17992452867895 1650.0 1500.0 0 0.0 0.0 0.0 0.0
765 2050.0 1500.0 344.9959759805474 1650.0 1500.0 0 0.0 0.0 0.0 0.0
782 2034.2105712890625 1500.0 344.83466987927636 1650.0 1500.0 0 0.0 0.0 0.0 0.0
809 2007.894775390625 1505.26318359375 342.4431527375083 1650.0 1500.0 0 0.0 0.0 0.0 0.0
810 2007.894775390625 1505.26318359375 342.44313802059094 1650.0 1500.0 0 0.0 0.0 0.0 0.0
831 2002.631591796875 1510.5263671875 339.94088820750574 1650.0 1500.0 0 0.0 0.0 0.0 0.0
849 1986.8421630859375 1510.5263671875 340.40191073584356 1650.0 1500.0 0 0.0 0.0 0.0 0.0
865 1971.0526123046875 1510.5263671875 340.80620981815787 1650.0 1500.0 0 0.0 0.0 0.0 0.0
882 1960.5263671875 1515.78955078125 338.60863030656054 1650.0 1500.0 0 0.0 0.0 0.0 0.0
898 1950.0 1515.78955078125 339.0429433951331 1650.0 1500.0 0 0.0 0.0 0.0 0.0
915 1939.4737548828125 1521.0526123046875 337.00274334207893 1650.0 1500.0 0 0.0 0.0 0.0 0.0
932 1928.9473876953125 1526.3157958984375 335.1464258894472 1650.0 1500.0 0 0.0 0.0 0.0 0.0
948 1923.6842041015625 1526.3157958984375 335.52711711851396 1650.0 1500.0 0 0.0 0.0 0.0 0.0
965 1913.157958984375 1531.5789794921875 333.80491498038816 1650.0 1500.0 0 0.0 0.0 0.0 0.0
981 1902.631591796875 1536.8421630859375 332.2402368465288 1650.0 1500.0 0 0.0 0.0 0.0 0.0
998 1892.1053466796875 1542.1053466796875 330.8196395406337 1650.0 1500.0 0 0.0 0.0 0.0 0.0
1015 1886.8421630859375 1547.368408203125 328.90979846321716 1650.0 1500.0 0 0.0 0.0 0.0 0.0
1032 1876.3157958984375 1547.368408203125 330.1642802392691 1650.0 1500.0 0 0.0 0.0 0.0 0.0
1048 1871.0526123046875 1547.368408203125 330.76414458455133 1650.0 1500.0 0 0.0 0.0 0.0 0.0
1065 1865.78955078125 1552.631591796875 328.8572100262715 1650.0 1500.0 0 0.0 0.0 0.0 0.0
1081 1860.5263671875 1552.631591796875 329.5139908618541 1650.0 1500.0 0 0.0 0.0 0.0 0.0
1098 1855.26318359375 1557.894775390625 327.67517382244193 1650.0 1500.0 0 0.0 0.0 0.0 0.0
1115 1850.0 1557.894775390625 328.38312014838766 1650.0 1500.0 0 0.0 0.0 0.0 0.0
1131 1844.7369384765625 1557.894775390625 329.0604154808407 1650.0 1500.0 0 0.0 0.0 0.0 0.0
1148 1839.4737548828125 1563.157958984375 327.2465218049965 1650.0 1500.0 0 0.0 0.0 0.0 0.0
1181 1834.2105712890625 1568.421142578125 325.5331110806327 1650.0 1500.0 0 0.0 0.0 0.0 0.0
1199 1828.9473876953125 1568.421142578125 326.33316440990325 1650.0 1500.0 0 0.0 0.0 0.0 0.0
1215 1823.6842041015625 1568.421142578125 327.0989627443995 1650.0 1500.0 0 0.0 0.0 0.0 0.0
1231 1818.421142578125 1573.6842041015625 325.3938303644234 1650.0 1500.0 0 0.0 0.0 0.0 0.0
1265 1813.157958984375 1578.9473876953125 323.7845333720454 1650.0 1500.0 0 0.0 0.0 0.0 0.0
1282 1807.894775390625 1578.9473876953125 324.65907068522654 1650.0 1500.0 0 0.0 0.0 0.0 0.0
1316 1802.631591796875 1578.9473876953125 325.496419831411 1650.0 1500.0 0 0.0 0.0 0.0 0.0
1365 1797.368408203125 1578.9473876953125 326.2980611847694 1650.0 1500.0 0 0.0 0.0 0.0 0.0
1481 1792.1053466796875 1578.9473876953125 327.0653293675447 1650.0 1500.0 0 0.0 0.0 0.0 0.0