0 2350.0 1500.0 0 1650.0 1500.0 0 0.0 0.0 0.0 0.0
104 2310.474365234375 1484.1898193359375 4.377504635425709 1650.0 1500.0 0 0.0 0.0 0.0 0.0
121 2306.521728515625 1472.33203125 1.9683664655718474 1650.0 1500.0 0 0.0 0.0 0.0 0.0
137 2302.569091796875 1468.3795166015625 1.695198414193385 1650.0 1500.0 0 0.0 0.0 0.0 0.0
154 2294.6640625 1460.474365234375 1.1103995880438475 1650.0 1500.0 0 0.0 0.0 0.0 0.0
171 2290.71142578125 1452.5692138671875 359.667057810972 1650.0 1500.0 0 0.0 0.0 0.0 0.0
191 2282.806396484375 1448.61669921875 0.1149229738990698 1650.0 1500.0 0 0.0 0.0 0.0 0.0
206 2278.853759765625 1436.7589111328125 357.43685094614864 1650.0 1500.0 0 0.0 0.0 0.0 0.0
224 2266.99609375 1424.9012451171875 356.0685011959365 1650.0 1500.0 0 0.0 0.0 0.0 0.0
237 2259.0908203125 1416.99609375 355.0937306592039 1650.0 1500.0 0 0.0 0.0 0.0 0.0
256 2251.185791015625 1409.0909423828125 354.0523608160611 1650.0 1500.0 0 0.0 0.0 0.0 0.0
272 2251.185791015625 1401.185791015625 351.6528117181087 1650.0 1500.0 0 0.0 0.0 0.0 0.0
287 2247.233154296875 1397.2332763671875 351.03683705590845 1650.0 1500.0 0 0.0 0.0 0.0 0.0
304 2239.328125 1389.328125 349.72276880854093 1650.0 1500.0 0 0.0 0.0 0.0 0.0
321 2231.4228515625 1385.37548828125 349.62262344373727 1650.0 1500.0 0 0.0 0.0 0.0 0.0
338 2227.47021484375 1377.470458984375 347.66327916313577 1650.0 1500.0 0 0.0 0.0 0.0 0.0
354 2219.565185546875 1377.470458984375 348.7457325997857 1650.0 1500.0 0 0.0 0.0 0.0 0.0
371 2211.66015625 1373.517822265625 348.59155072004535 1650.0 1500.0 0 0.0 0.0 0.0 0.0
387 2199.80224609375 1369.5653076171875 349.0059429195668 1650.0 1500.0 0 0.0 0.0 0.0 0.0
404 2191.897216796875 1365.6126708984375 348.8661771029017 1650.0 1500.0 0 0.0 0.0 0.0 0.0
421 2180.03955078125 1361.66015625 349.3023824970878 1650.0 1500.0 0 0.0 0.0 0.0 0.0
438 2168.181884765625 1357.70751953125 349.7732449287182 1650.0 1500.0 0 0.0 0.0 0.0 0.0
454 2156.323974609375 1357.70751953125 351.577279901654 1650.0 1500.0 0 0.0 0.0 0.0 0.0
471 2152.37158203125 1357.70751953125 352.1913228134239 1650.0 1500.0 0 0.0 0.0 0.0 0.0
488 2140.513671875 1357.70751953125 354.1555763769964 1650.0 1500.0 0 0.0 0.0 0.0 0.0
504 2132.608642578125 1357.70751953125 355.5203458359961 1650.0 1500.0 0 0.0 0.0 0.0 0.0
521 2124.70361328125 1357.70751953125 356.94208117073777 1650.0 1500.0 0 0.0 0.0 0.0 0.0
537 2120.7509765625 1357.70751953125 357.66724979484775 1650.0 1500.0 0 0.0 0.0 0.0 0.0
554 2116.79833984375 1357.70751953125 358.40694347360335 1650.0 1500.0 0 0.0 0.0 0.0 0.0
574 2112.845703125 1353.7550048828125 358.01372469935535 1650.0 1500.0 0 0.0 0.0 0.0 0.0
591 2108.893310546875 1349.8023681640625 357.6072324906137 1650.0 1500.0 0 0.0 0.0 0.0 0.0
607 2108.893310546875 1349.8023681640625 357.6072324906137 1653.9525146484375 1488.142333984375 3.093256655767277 0.0 0.0 0.0 0.0
608 2104.940673828125 1349.8023681640625 358.34578488853333 1653.9525146484375 1488.142333984375 3.093256655767277 0.0 0.0 0.0 0.0
625 2104.940673828125 1349.8023681640625 358.34578488853333 1657.905029296875 1484.189697265625 3.5843825450641873 0.0 0.0 0.0 0.0
626 2097.03564453125 1341.8973388671875 357.5277550184374 1657.905029296875 1484.189697265625 3.5843907682905183 0.0 0.0 0.0 0.0
639 2097.03564453125 1341.8973388671875 357.5277550184374 1657.905029296875 1476.2845458984375 6.293821683110252 0.0 0.0 0.0 0.0
640 2093.0830078125 1337.9447021484375 357.1050693906503 1657.905029296875 1476.2845458984375 6.293821683110252 0.0 0.0 0.0 0.0
657 2093.0830078125 1337.9447021484375 357.1050693906503 1657.905029296875 1472.33203125 7.66600117884559 0.0 0.0 0.0 0.0
658 2085.177734375 1337.9447021484375 358.5919046409117 1657.905029296875 1472.33203125 7.66600117884559 0.0 0.0 0.0 0.0
672 2085.177734375 1337.9447021484375 358.5919046409117 1661.857666015625 1468.3795166015625 8.332728922957386 0.0 0.0 0.0 0.0
673 2081.225341796875 1333.9921875 358.20482869756336 1661.857666015625 1468.3795166015625 8.332728922957386 0.0 0.0 0.0 0.0
688 2081.225341796875 1333.9921875 358.20482869756336 1661.857666015625 1472.33203125 6.969531662057818 0.0 0.0 0.0 0.0
689 2077.272705078125 1330.03955078125 357.80478587121394 1661.857666015625 1472.33203125 6.969531662057818 0.0 0.0 0.0 0.0
705 2073.320068359375 1330.03955078125 358.5472461985145 1661.857666015625 1464.4268798828125 9.76646501148548 0.0 0.0 0.0 0.0
721 2073.320068359375 1330.03955078125 358.5472461985145 1661.857666015625 1468.3795166015625 8.385189586914123 0.0 0.0 0.0 0.0
722 2065.4150390625 1330.03955078125 0.09203012768892904 1661.857666015625 1468.3795166015625 8.385189586914123 0.0 0.0 0.0 0.0
737 2065.4150390625 1330.03955078125 0.09203012768892904 1657.905029296875 1468.3795166015625 9.080883146667418 0.0 0.0 0.0 0.0
739 2061.46240234375 1330.03955078125 0.8794137964763422 1657.905029296875 1468.3795166015625 9.080883146667418 0.0 0.0 0.0 0.0
754 2061.46240234375 1330.03955078125 0.8794137964763422 1657.905029296875 1464.4268798828125 10.487390839297063 0.0 0.0 0.0 0.0
771 2053.557373046875 1330.03955078125 2.5156830638175904 1657.905029296875 1464.4268798828125 10.487390839297063 0.0 0.0 0.0 0.0
787 2049.604736328125 1330.03955078125 3.349146181634552 1657.905029296875 1464.4268798828125 10.487390839297063 0.0 0.0 0.0 0.0
804 2041.699462890625 1326.0870361328125 3.9969693870371827 1657.905029296875 1464.4268798828125 10.487390839297063 0.0 0.0 0.0 0.0
821 2041.699462890625 1322.1343994140625 2.9386409429826017 1657.905029296875 1464.4268798828125 10.487390839297063 0.0 0.0 0.0 0.0
837 2033.79443359375 1322.1343994140625 4.653239977837103 1657.905029296875 1464.4268798828125 10.487390839297063 0.0 0.0 0.0 0.0
854 2029.841796875 1318.181884765625 4.471352334740089 1657.905029296875 1464.4268798828125 10.487390839297063 0.0 0.0 0.0 0.0
872 2025.889404296875 1318.181884765625 5.340871528102809 1657.905029296875 1464.4268798828125 10.487390839297063 0.0 0.0 0.0 0.0
1055 2025.889404296875 1322.1343994140625 6.348186802795539 1657.905029296875 1464.4268798828125 10.487390839297063 0.0 0.0 0.0 0.0
1071 2025.889404296875 1326.0870361328125 7.340019274388567 1657.905029296875 1464.4268798828125 10.487390839297063 0.0 0.0 0.0 0.0
1103 2025.889404296875 1330.03955078125 8.316244042437319 1657.905029296875 1464.4268798828125 10.487390839297063 0.0 0.0 0.0 0.0
1137 2025.889404296875 1333.9921875 9.27690334479044 1657.905029296875 1464.4268798828125 10.487390839297063 0.0 0.0 0.0 0.0
1154 2021.936767578125 1337.9447021484375 11.175246928682782 1657.905029296875 1464.4268798828125 10.487390839297063 0.0 0.0 0.0 0.0
1221 2017.984130859375 1337.9447021484375 12.160115951443487 1657.905029296875 1464.4268798828125 10.487390839297063 0.0 0.0 0.0 0.0
1237 2017.984130859375 1337.9447021484375 12.160115951443487 1657.905029296875 1468.3795166015625 9.097351720667973 0.0 0.0 0.0 0.0
1239 2014.031494140625 1345.849853515625 14.916387636232201 1657.905029296875 1468.3795166015625 9.097351720667973 0.0 0.0 0.0 0.0
1255 2010.0791015625 1349.8023681640625 16.80161334687719 1657.905029296875 1468.3795166015625 9.097351720667973 0.0 0.0 0.0 0.0
1271 2002.173828125 1357.70751953125 20.536740357011496 1657.905029296875 1468.3795166015625 9.097351720667973 0.0 0.0 0.0 0.0
1287 1998.22119140625 1369.5653076171875 23.772762925852504 1657.905029296875 1468.3795166015625 9.097351720667973 0.0 0.0 0.0 0.0
1305 1998.22119140625 1369.5653076171875 23.772762925852504 1657.905029296875 1472.33203125 7.72444075314155 0.0 0.0 0.0 0.0
1308 1990.316162109375 1377.470458984375 27.3977125095644 1657.905029296875 1472.33203125 7.72444075314155 0.0 0.0 0.0 0.0
1321 1982.4111328125 1385.37548828125 30.945130701877446 1657.905029296875 1472.33203125 7.72444075314155 0.0 0.0 0.0 0.0
1337 1974.505859375 1397.2332763671875 34.854174166955204 1657.905029296875 1472.33203125 7.72444075314155 0.0 0.0 0.0 0.0
1354 1962.648193359375 1397.2332763671875 38.72344336915907 1657.905029296875 1472.33203125 7.72444075314155 0.0 0.0 0.0 0.0
1371 1958.695556640625 1397.2332763671875 40.020535325305616 1657.905029296875 1472.33203125 7.72444075314155 0.0 0.0 0.0 0.0
1392 1938.932861328125 1401.185791015625 46.87086536923945 1657.905029296875 1472.33203125 7.72444075314155 0.0 0.0 0.0 0.0
1409 1931.027587890625 1401.185791015625 49.54462646685542 1657.905029296875 1472.33203125 7.72444075314155 0.0 0.0 0.0 0.0
1439 1911.264892578125 1401.185791015625 56.2701623857682 1657.905029296875 1472.33203125 7.72444075314155 0.0 0.0 0.0 0.0
1455 1903.359619140625 1401.185791015625 58.9494856149997 1657.905029296875 1472.33203125 7.72444075314155 0.0 0.0 0.0 0.0
1472 1895.4544677734375 1401.185791015625 61.61714369786304 1657.905029296875 1472.33203125 7.72444075314155 0.0 0.0 0.0 0.0
1488 1887.54931640625 1401.185791015625 64.26760885939743 1657.905029296875 1472.33203125 7.72444075314155 0.0 0.0 0.0 0.0
1504 1875.691650390625 1401.185791015625 68.1910644413428 1657.905029296875 1472.33203125 7.72444075314155 0.0 0.0 0.0 0.0
1521 1867.7864990234375 1401.185791015625 70.77523498018078 1657.905029296875 1472.33203125 7.72444075314155 0.0 0.0 0.0 0.0
1537 1863.833984375 1401.185791015625 72.05843391459453 1657.905029296875 1472.33203125 7.72444075314155 0.0 0.0 0.0 0.0
1554 1859.88134765625 1401.185791015625 73.33259270660204 1657.905029296875 1472.33203125 7.72444075314155 0.0 0.0 0.0 0.0
1571 1851.9761962890625 1401.185791015625 75.84198616016911 1657.905029296875 1472.33203125 7.72444075314155 0.0 0.0 0.0 0.0
1587 1848.023681640625 1401.185791015625 77.08570976008946 1657.905029296875 1472.33203125 7.72444075314155 0.0 0.0 0.0 0.0
1604 1844.071044921875 1401.185791015625 78.31832297127917 1657.905029296875 1472.33203125 7.72444075314155 0.0 0.0 0.0 0.0
1621 1836.166015625 1401.185791015625 80.73679433690609 1657.905029296875 1472.33203125 7.72444075314155 0.0 0.0 0.0 0.0
1640 1832.21337890625 1397.2332763671875 82.54844854755834 1657.905029296875 1472.33203125 7.72444075314155 0.0 0.0 0.0 0.0
1654 1828.2608642578125 1397.2332763671875 83.72536031520508 1657.905029296875 1472.33203125 7.72444075314155 0.0 0.0 0.0 0.0
1687 1820.355712890625 1397.2332763671875 86.02589501624448 1657.905029296875 1472.33203125 7.72444075314155 0.0 0.0 0.0 0.0
1704 1816.403076171875 1397.2332763671875 87.16199760830577 1657.905029296875 1472.33203125 7.72444075314155 0.0 0.0 0.0 0.0
1721 1812.4505615234375 1397.2332763671875 88.2838471039322 1657.905029296875 1472.33203125 7.72444075314155 0.0 0.0 0.0 0.0
1737 1808.4979248046875 1397.2332763671875 89.39126663594834 1657.905029296875 1472.33203125 7.72444075314155 0.0 0.0 0.0 0.0
1754 1808.4979248046875 1397.2332763671875 89.39126663594834 1661.857666015625 1472.33203125 6.978223975910026 0.0 0.0 0.0 0.0
1788 1808.4979248046875 1401.185791015625 88.6468793689385 1661.857666015625 1472.33203125 6.978223975910026 0.0 0.0 0.0 0.0
1839 1808.4979248046875 1401.185791015625 88.6468793689385 1665.8101806640625 1472.33203125 6.213927428036612 0.0 0.0 0.0 0.0
1857 1808.4979248046875 1401.185791015625 88.6468793689385 1669.7628173828125 1472.33203125 5.431152519435813 0.0 0.0 0.0 0.0
1858 1808.4979248046875 1420.94873046875 85.25956731370499 1669.7628173828125 1472.33203125 5.431152519435813 0.0 0.0 0.0 0.0
1871 1808.4979248046875 1420.94873046875 85.25956731370499 1673.71533203125 1472.33203125 4.629703207331886 0.0 0.0 0.0 0.0
1887 1808.4979248046875 1420.94873046875 85.25956731370499 1673.71533203125 1468.3795166015625 5.979844668855634 0.0 0.0 0.0 0.0
1971 1808.4979248046875 1420.94873046875 85.25956731370499 1673.71533203125 1464.4268798828125 7.348018054127095 0.0 0.0 0.0 0.0
2021 1808.4979248046875 1420.94873046875 85.25956731370499 1677.66796875 1464.4268798828125 6.592654350640942 0.0 0.0 0.0 0.0
2054 1808.4979248046875 1420.94873046875 85.25956731370499 1681.6204833984375 1460.474365234375 7.21854073575588 0.0 0.0 0.0 0.0
2087 1808.4979248046875 1420.94873046875 85.25956731370499 1685.5731201171875 1456.521728515625 7.868308333331669 0.0 0.0 0.0 0.0
2089 2139.4375 1473.191017150879 86.50401717338616 1685.5731201171875 1456.521728515625 7.868308333331669 0.0 0.0 0.0 0.0
2104 2139.4375 1473.191017150879 86.50401717338616 1689.525634765625 1452.5692138671875 8.542737397692179 0.0 0.0 0.0 0.0
2106 2135.48486328125 1473.191017150879 86.25128841026338 1689.525634765625 1452.5692138671875 8.542737397692179 0.0 0.0 0.0 0.0
2121 2135.48486328125 1473.191017150879 86.25128841026338 1693.4781494140625 1452.5692138671875 7.816557130912798 0.0 0.0 0.0 0.0
2137 2135.48486328125 1473.191017150879 86.25128841026338 1697.4307861328125 1448.6165771484375 8.48901144391931 0.0 0.0 0.0 0.0
2140 2131.5322265625 1473.191017150879 85.98955252073023 1697.4307861328125 1448.6165771484375 8.48901144391931 0.0 0.0 0.0 0.0
2154 2131.5322265625 1473.191017150879 85.98955252073023 1701.38330078125 1444.6640625 9.186874728969201 0.0 0.0 0.0 0.0
2158 2131.5322265625 1477.1435317993164 87.9718873756014 1701.38330078125 1444.6640625 9.186874728969201 0.0 0.0 0.0 0.0
2204 2131.5322265625 1477.1435317993164 87.9718873756014 1705.3359375 1444.6640625 8.476544756069927 0.0 0.0 0.0 0.0
2205 2127.579833984375 1481.0961685180664 89.83052952893354 1705.3359375 1444.6640625 8.476544756069927 0.0 0.0 0.0 0.0
2225 2123.627197265625 1485.048683166504 91.75930116015479 1709.2884521484375 1444.6640625 7.748730864957935 0.0 0.0 0.0 0.0
2255 2123.627197265625 1485.048683166504 91.75930116015479 1713.2410888671875 1444.6640625 7.003099060042075 0.0 0.0 0.0 0.0
2256 2119.674560546875 1485.048683166504 91.69509699048785 1713.2410888671875 1444.6640625 7.003099060042075 0.0 0.0 0.0 0.0
2271 2115.721923828125 1485.048683166504 91.6286102812769 1713.2410888671875 1444.6640625 7.003099060042075 0.0 0.0 0.0 0.0
2287 2107.81689453125 1485.048683166504 91.48566746889628 1713.2410888671875 1444.6640625 7.003099060042075 0.0 0.0 0.0 0.0
2304 2107.81689453125 1485.048683166504 91.48566746889628 1713.2410888671875 1440.71142578125 8.384370719668368 0.0 0.0 0.0 0.0
2321 2099.91162109375 1485.048683166504 91.33204112039562 1713.2410888671875 1440.71142578125 8.384370719668368 0.0 0.0 0.0 0.0
2337 2095.959228515625 1485.048683166504 91.25246960026493 1713.2410888671875 1440.71142578125 8.384370719668368 0.0 0.0 0.0 0.0
2354 2092.006591796875 1485.048683166504 91.1700193792447 1713.2410888671875 1440.71142578125 8.384370719668368 0.0 0.0 0.0 0.0
2371 2088.053955078125 1485.048683166504 91.08463569492443 1713.2410888671875 1440.71142578125 8.384370719668368 0.0 0.0 0.0 0.0
2389 2084.1015625 1485.048683166504 90.99619445500457 1713.2410888671875 1440.71142578125 8.384370719668368 0.0 0.0 0.0 0.0
2404 2080.14892578125 1485.048683166504 90.90454570652889 1713.2410888671875 1440.71142578125 8.384370719668368 0.0 0.0 0.0 0.0
2421 2072.24365234375 1485.048683166504 90.70755742238526 1713.2410888671875 1440.71142578125 8.384370719668368 0.0 0.0 0.0 0.0
2437 2068.291259765625 1485.048683166504 90.60553996426597 1713.2410888671875 1440.71142578125 8.384370719668368 0.0 0.0 0.0 0.0
2454 2060.385986328125 1481.0961685180664 88.25500009776624 1713.2410888671875 1440.71142578125 8.384370719668368 0.0 0.0 0.0 0.0
2471 2056.43359375 1477.1435317993164 86.01945762751035 1713.2410888671875 1440.71142578125 8.384370719668368 0.0 0.0 0.0 0.0
2487 2056.43359375 1477.1435317993164 86.01945762751035 1709.2884521484375 1440.71142578125 9.080086747706275 0.0 0.0 0.0 0.0
2489 2052.48095703125 1477.1435317993164 85.74945830605014 1709.2884521484375 1440.71142578125 9.080086747706275 0.0 0.0 0.0 0.0
2504 2052.48095703125 1477.1435317993164 85.74945830605014 1709.2884521484375 1436.7589111328125 10.486542894839602 0.0 0.0 0.0 0.0
2505 2048.5283203125 1477.1435317993164 85.46983568382433 1709.2884521484375 1436.7589111328125 10.486542894839602 0.0 0.0 0.0 0.0
2521 2048.5283203125 1473.191017150879 83.50861490465059 1709.2884521484375 1436.7589111328125 10.486542894839602 0.0 0.0 0.0 0.0
2537 2044.5758056640625 1473.191017150879 83.14939458074548 1709.2884521484375 1436.7589111328125 10.486542894839602 0.0 0.0 0.0 0.0
2554 2044.5758056640625 1473.191017150879 83.14939458074548 1709.2884521484375 1432.806396484375 11.908988849967017 0.0 0.0 0.0 0.0
2558 2040.6231689453125 1473.191017150879 82.77741199809043 1709.2884521484375 1432.806396484375 11.908988849967017 0.0 0.0 0.0 0.0
2589 2040.6231689453125 1473.191017150879 82.77741199809043 1709.2884521484375 1428.853759765625 13.346743267518463 0.0 0.0 0.0 0.0
2590 2036.670654296875 1473.191017150879 82.39234448827563 1709.2884521484375 1428.853759765625 13.346743267518463 0.0 0.0 0.0 0.0
2608 2036.670654296875 1469.238380432129 80.45234573591227 1709.2884521484375 1424.9012451171875 14.798931997030166 0.0 0.0 0.0 0.0
2624 2036.670654296875 1465.2858657836914 78.52863418692169 1709.2884521484375 1424.9012451171875 14.798931997030166 0.0 0.0 0.0 0.0
2655 2036.670654296875 1465.2858657836914 78.52863418692169 1709.2884521484375 1420.9486083984375 16.264858746864604 0.0 0.0 0.0 0.0
2656 2036.670654296875 1461.3332290649414 76.62310563800662 1709.2884521484375 1420.9486083984375 16.264858746864604 0.0 0.0 0.0 0.0
2672 2036.670654296875 1461.3332290649414 76.62310563800662 1709.2884521484375 1416.99609375 17.743622768757092 0.0 0.0 0.0 0.0
2687 2036.670654296875 1457.380714416504 74.73769376474252 1709.2884521484375 1416.99609375 17.743622768757092 0.0 0.0 0.0 0.0
2704 2036.670654296875 1457.380714416504 74.73769376474252 1709.2884521484375 1413.04345703125 19.234365294598064 0.0 0.0 0.0 0.0
2737 2036.670654296875 1457.380714416504 74.73769376474252 1705.3359375 1409.0909423828125 21.12924477053369 0.0 0.0 0.0 0.0
2739 2036.670654296875 1453.428077697754 72.87416937147776 1705.3359375 1409.0909423828125 21.12924477053369 0.0 0.0 0.0 0.0
2771 2036.670654296875 1453.428077697754 72.87416937147776 1701.38330078125 1409.0909423828125 21.509546532517106 0.0 0.0 0.0 0.0
2821 2036.670654296875 1449.4755630493164 71.03422448372089 1701.38330078125 1409.0909423828125 21.509546532517106 0.0 0.0 0.0 0.0
2871 2036.670654296875 1449.4755630493164 71.03422448372089 1701.38330078125 1405.1383056640625 23.026125944498062 0.0 0.0 0.0 0.0
2904 2032.718017578125 1449.4755630493164 70.24665424998415 1701.38330078125 1405.1383056640625 23.026125944498062 0.0 0.0 0.0 0.0
2938 2032.718017578125 1449.4755630493164 70.24665424998415 1697.4307861328125 1405.1383056640625 23.35758584436593 0.0 0.0 0.0 0.0
2971 2032.718017578125 1449.4755630493164 70.24665424998415 1697.4307861328125 1401.185791015625 24.884350711919694 0.0 0.0 0.0 0.0
3007 2032.718017578125 1453.428077697754 72.10048796861611 1697.4307861328125 1401.185791015625 24.884350711919694 0.0 0.0 0.0 0.0
3024 2032.718017578125 1453.428077697754 72.10048796861611 1693.4781494140625 1401.185791015625 25.167704076040252 0.0 0.0 0.0 0.0
3055 2032.718017578125 1453.428077697754 72.10048796861611 1689.525634765625 1401.185791015625 25.443684227751476 0.0 0.0 0.0 0.0
3071 2032.718017578125 1453.428077697754 72.10048796861611 1685.5731201171875 1401.185791015625 25.712478520561945 0.0 0.0 0.0 0.0
3087 2032.718017578125 1453.428077697754 72.10048796861611 1681.6204833984375 1401.185791015625 25.97429444789367 0.0 0.0 0.0 0.0
3121 2032.718017578125 1453.428077697754 72.10048796861611 1677.66796875 1401.185791015625 26.22929311845013 0.0 0.0 0.0 0.0
3138 2032.718017578125 1453.428077697754 72.10048796861611 1673.71533203125 1401.185791015625 26.477650099629273 0.0 0.0 0.0 0.0
3187 2032.718017578125 1457.380714416504 73.97723766445995 1673.71533203125 1401.185791015625 26.477650099629273 0.0 0.0 0.0 0.0
3237 2032.718017578125 1461.3332290649414 75.87495916333819 1673.71533203125 1401.185791015625 26.477650099629273 0.0 0.0 0.0 0.0
3254 2032.718017578125 1461.3332290649414 75.87495916333819 1673.71533203125 1405.1383056640625 24.950540242004593 0.0 0.0 0.0 0.0
3271 2032.718017578125 1465.2858657836914 77.79195586932474 1673.71533203125 1405.1383056640625 24.950540242004593 0.0 0.0 0.0 0.0
3304 2032.718017578125 1469.238380432129 79.72600796545339 1673.71533203125 1405.1383056640625 24.950540242004593 0.0 0.0 0.0 0.0
3321 2032.718017578125 1469.238380432129 79.72600796545339 1669.7628173828125 1405.1383056640625 25.232169764283015 0.0 0.0 0.0 0.0
3337 2032.718017578125 1473.191017150879 81.6752269218764 1669.7628173828125 1405.1383056640625 25.232169764283015 0.0 0.0 0.0 0.0
3357 2032.718017578125 1473.191017150879 81.6752269218764 1665.8101806640625 1405.1383056640625 25.506491049662884 0.0 0.0 0.0 0.0
3376 2032.718017578125 1473.191017150879 81.6752269218764 1661.857666015625 1409.0909423828125 24.2895636755523 0.0 0.0 0.0 0.0
3377 2032.718017578125 1477.1435317993164 83.63725249625509 1661.857666015625 1409.0909423828125 24.2895636755523 0.0 0.0 0.0 0.0
3406 2032.718017578125 1485.048683166504 87.60174555602623 1661.857666015625 1409.0909423828125 24.2895636755523 0.0 0.0 0.0 0.0
3407 2032.718017578125 1485.048683166504 87.6017710256807 1661.857666015625 1409.0909423828125 24.2895636755523 0.0 0.0 0.0 0.0
3439 2032.718017578125 1489.0011978149414 89.58875588502724 1661.857666015625 1409.0909423828125 24.2895636755523 0.0 0.0 0.0 0.0
3471 2032.718017578125 1492.9538345336914 91.57934628627851 1661.857666015625 1409.0909423828125 24.2895636755523 0.0 0.0 0.0 0.0
3487 2032.718017578125 1496.906349182129 93.57108725072811 1661.857666015625 1409.0909423828125 24.2895636755523 0.0 0.0 0.0 0.0
3521 2028.7655029296875 1496.906349182129 93.57210886984512 1661.857666015625 1409.0909423828125 24.2895636755523 0.0 0.0 0.0 0.0
3671 2028.7655029296875 1496.906349182129 93.57210886984512 1661.857666015625 1405.1383056640625 25.820930945453085 0.0 0.0 0.0 0.0
3687 2028.7655029296875 1496.906349182129 93.57210886984512 1661.857666015625 1401.185791015625 27.35883822251833 0.0 0.0 0.0 0.0
3689 2028.7655029296875 1492.9538345336914 91.58155656240524 1661.857666015625 1401.185791015625 27.35883822251833 0.0 0.0 0.0 0.0
3705 2028.7655029296875 1489.0011978149414 89.59451450874201 1661.857666015625 1401.185791015625 27.35883822251833 0.0 0.0 0.0 0.0
3721 2024.81298828125 1489.0011978149414 89.45250190260441 1661.857666015625 1401.185791015625 27.35883822251833 0.0 0.0 0.0 0.0
3756 2024.81298828125 1489.0011978149414 89.45250190260441 1661.857666015625 1397.233154296875 28.902299024051615 0.0 0.0 0.0 0.0
3757 2020.8603515625 1489.0011978149414 89.30534937583184 1661.857666015625 1397.233154296875 28.902299024051615 0.0 0.0 0.0 0.0
3774 2016.9078369140625 1489.0011978149414 89.15294672143307 1661.857666015625 1397.233154296875 28.902299024051615 0.0 0.0 0.0 0.0
3788 2016.9078369140625 1489.0011978149414 89.15294672143307 1665.8101806640625 1397.233154296875 28.714019176036174 0.0 0.0 0.0 0.0
3789 2012.9552001953125 1489.0011978149414 88.99506893513387 1665.8101806640625 1397.233154296875 28.714019176036174 0.0 0.0 0.0 0.0
4121 2012.9552001953125 1492.9538345336914 90.98489013124197 1665.8101806640625 1397.233154296875 28.714019176036174 0.0 0.0 0.0 0.0
4141 2012.9552001953125 1492.9538345336914 90.98489013124197 1661.857666015625 1397.233154296875 28.89737277469277 0.0 0.0 0.0 0.0
4158 2012.9552001953125 1500.858985900879 94.96961159157468 1661.857666015625 1397.233154296875 28.89737277469277 0.0 0.0 0.0 0.0
4174 2012.9552001953125 1504.8115005493164 96.95780283483185 1661.857666015625 1397.233154296875 28.89737277469277 0.0 0.0 0.0 0.0
4191 2012.9552001953125 1508.7641372680664 98.94072350888399 1661.857666015625 1397.233154296875 28.89737277469277 0.0 0.0 0.0 0.0
4208 2012.9552001953125 1520.6218032836914 104.80989645407016 1661.857666015625 1397.233154296875 28.89737277469277 0.0 0.0 0.0 0.0
4223 2016.9078369140625 1528.526954650879 108.1628909997743 1661.857666015625 1397.233154296875 28.89737277469277 0.0 0.0 0.0 0.0
4239 2020.8603515625 1532.4794692993164 109.5289092799323 1661.857666015625 1397.233154296875 28.89737277469277 0.0 0.0 0.0 0.0
4255 2024.81298828125 1548.2897720336914 116.13279526733419 1661.857666015625 1397.233154296875 28.89737277469277 0.0 0.0 0.0 0.0
4270 2024.81298828125 1552.2424087524414 117.94657164113232 1661.857666015625 1397.233154296875 28.89737277469277 0.0 0.0 0.0 0.0
4287 2028.7655029296875 1560.1474380493164 120.5890875611008 1661.857666015625 1397.233154296875 28.89737277469277 0.0 0.0 0.0 0.0
4304 2032.718017578125 1568.052589416504 123.07362345798828 1661.857666015625 1397.233154296875 28.89737277469277 0.0 0.0 0.0 0.0
4321 2032.718017578125 1568.052589416504 123.07362345798828 1661.857666015625 1393.2806396484375 30.445156804873477 0.0 0.0 0.0 0.0
4322 2032.718017578125 1575.9577407836914 126.42029585761892 1661.857666015625 1393.2806396484375 30.445156804873477 0.0 0.0 0.0 0.0
4337 2032.718017578125 1579.9103775024414 128.06133062270885 1661.857666015625 1393.2806396484375 30.445156804873477 0.0 0.0 0.0 0.0
4354 2036.670654296875 1587.815528869629 130.07637759994523 1661.857666015625 1393.2806396484375 30.445156804873477 0.0 0.0 0.0 0.0
4387 2040.6231689453125 1587.815528869629 128.92328688036008 1661.857666015625 1393.2806396484375 30.445156804873477 0.0 0.0 0.0 0.0
4454 2040.6231689453125 1579.9103775024414 125.5438668781189 1661.857666015625 1393.2806396484375 30.445156804873477 0.0 0.0 0.0 0.0
4471 2040.6231689453125 1572.005226135254 122.04162281694585 1661.857666015625 1393.2806396484375 30.445156804873477 0.0 0.0 0.0 0.0
4487 2040.6231689453125 1564.1000747680664 118.42624590922279 1661.857666015625 1393.2806396484375 30.445156804873477 0.0 0.0 0.0 0.0
4504 2036.670654296875 1556.194923400879 115.47423685199587 1661.857666015625 1393.2806396484375 30.445156804873477 0.0 0.0 0.0 0.0
4521 2032.718017578125 1548.2897720336914 112.34434565870103 1661.857666015625 1393.2806396484375 30.445156804873477 0.0 0.0 0.0 0.0
4538 2028.7655029296875 1536.4321060180664 106.98936460789784 1661.857666015625 1393.2806396484375 30.445156804873477 0.0 0.0 0.0 0.0
4557 2028.7655029296875 1532.4794692993164 105.03754529184721 1661.857666015625 1393.2806396484375 30.445156804873477 0.0 0.0 0.0 0.0
4574 2024.81298828125 1528.526954650879 103.41702900789488 1661.857666015625 1393.2806396484375 30.445156804873477 0.0 0.0 0.0 0.0
4590 2020.8603515625 1520.6218032836914 99.66685082268248 1661.857666015625 1393.2806396484375 30.445156804873477 0.0 0.0 0.0 0.0
4608 2012.9552001953125 1512.716651916504 95.84450253965531 1661.857666015625 1393.2806396484375 30.445156804873477 0.0 0.0 0.0 0.0
4623 2012.9552001953125 1508.7641372680664 93.85280578754362 1661.857666015625 1393.2806396484375 30.445156804873477 0.0 0.0 0.0 0.0
4639 2009.002685546875 1508.7641372680664 93.86398860026884 1661.857666015625 1393.2806396484375 30.445156804873477 0.0 0.0 0.0 0.0
4654 2005.050048828125 1500.858985900879 89.75492600172515 1661.857666015625 1393.2806396484375 30.445156804873477 0.0 0.0 0.0 0.0
4670 2001.0975341796875 1496.906349182129 87.56650111209206 1661.857666015625 1393.2806396484375 30.445156804873477 0.0 0.0 0.0 0.0
4687 1997.1448974609375 1492.9538345336914 85.30999306522858 1661.857666015625 1393.2806396484375 30.445156804873477 0.0 0.0 0.0 0.0
4704 1993.1923828125 1489.0011978149414 82.98689977807038 1661.857666015625 1393.2806396484375 30.445156804873477 0.0 0.0 0.0 0.0
4737 1989.23974609375 1485.048683166504 80.59942707310995 1661.857666015625 1393.2806396484375 30.445156804873477 0.0 0.0 0.0 0.0
4754 1989.23974609375 1481.0961685180664 78.67440845602323 1661.857666015625 1393.2806396484375 30.445156804873477 0.0 0.0 0.0 0.0
4771 1985.2872314453125 1477.1435317993164 76.17870531930208 1661.857666015625 1393.2806396484375 30.445156804873477 0.0 0.0 0.0 0.0
4787 1985.2872314453125 1473.191017150879 74.2982864912284 1661.857666015625 1393.2806396484375 30.445156804873477 0.0 0.0 0.0 0.0
4804 1981.334716796875 1473.191017150879 73.61972737695163 1661.857666015625 1393.2806396484375 30.445156804873477 0.0 0.0 0.0 0.0
4821 1981.334716796875 1469.238380432129 71.77007949826458 1661.857666015625 1393.2806396484375 30.445156804873477 0.0 0.0 0.0 0.0
4855 1977.382080078125 1469.238380432129 71.00685848023215 1661.857666015625 1393.2806396484375 30.445156804873477 0.0 0.0 0.0 0.0
4871 1977.382080078125 1465.2858657836914 69.1923540710203 1661.857666015625 1393.2806396484375 30.445156804873477 0.0 0.0 0.0 0.0
4887 1977.382080078125 1461.3332290649414 67.40433571616165 1661.857666015625 1393.2806396484375 30.445156804873477 0.0 0.0 0.0 0.0
4904 1973.4295654296875 1461.3332290649414 66.49892068177519 1661.857666015625 1393.2806396484375 30.445156804873477 0.0 0.0 0.0 0.0
4938 1969.4769287109375 1457.380714416504 63.78071101342556 1661.857666015625 1393.2806396484375 30.445156804873477 0.0 0.0 0.0 0.0
4955 1969.4769287109375 1453.428077697754 62.08181960662131 1661.857666015625 1393.2806396484375 30.445156804873477 0.0 0.0 0.0 0.0
4975 1965.5244140625 1453.428077697754 61.0108852417668 1661.857666015625 1393.2806396484375 30.445156804873477 0.0 0.0 0.0 0.0
5038 1961.57177734375 1453.428077697754 59.907817160027435 1661.857666015625 1393.2806396484375 30.445156804873477 0.0 0.0 0.0 0.0
5054 1961.57177734375 1457.380714416504 61.597896169320734 1661.857666015625 1393.2806396484375 30.445156804873477 0.0 0.0 0.0 0.0
5221 1961.57177734375 1461.3332290649414 63.318809053507266 1661.857666015625 1393.2806396484375 30.445156804873477 0.0 0.0 0.0 0.0
5254 1961.57177734375 1465.2858657836914 65.06958340876554 1661.857666015625 1393.2806396484375 30.445156804873477 0.0 0.0 0.0 0.0
5271 1961.57177734375 1469.238380432129 66.84895128973096 1661.857666015625 1393.2806396484375 30.445156804873477 0.0 0.0 0.0 0.0
5321 1961.57177734375 1465.2858657836914 65.09772128030363 1661.857666015625 1393.2806396484375 30.445156804873477 0.0 0.0 0.0 0.0
5354 1961.57177734375 1461.3332290649414 63.375793277589196 1661.857666015625 1393.2806396484375 30.445156804873477 0.0 0.0 0.0 0.0
5422 1961.57177734375 1465.2858657836914 65.12753539722132 1661.857666015625 1393.2806396484375 30.445156804873477 0.0 0.0 0.0 0.0
5654 1961.57177734375 1469.238380432129 66.9078522083795 1661.857666015625 1393.2806396484375 30.445156804873477 0.0 0.0 0.0 0.0
5687 1965.5244140625 1469.238380432129 67.77360272409896 1661.857666015625 1393.2806396484375 30.445156804873477 0.0 0.0 0.0 0.0
5921 1969.4769287109375 1469.238380432129 68.61300075182209 1661.857666015625 1393.2806396484375 30.445156804873477 0.0 0.0 0.0 0.0
5937 1969.4769287109375 1473.191017150879 70.44506879483919 1661.857666015625 1393.2806396484375 30.445156804873477 0.0 0.0 0.0 0.0
5971 1969.4769287109375 1477.1435317993164 72.30142697227683 1661.857666015625 1393.2806396484375 30.445156804873477 0.0 0.0 0.0 0.0
6087 1973.4295654296875 1481.0961685180664 74.82728854943485 1661.857666015625 1393.2806396484375 30.445156804873477 0.0 0.0 0.0 0.0
6104 1973.4295654296875 1485.048683166504 76.73388452916322 1661.857666015625 1393.2806396484375 30.445156804873477 0.0 0.0 0.0 0.0
6121 1973.4295654296875 1489.0011978149414 78.65874809880756 1661.857666015625 1393.2806396484375 30.445156804873477 0.0 0.0 0.0 0.0
6157 1973.4295654296875 1489.0011978149414 78.65874809880756 1665.8101806640625 1393.2806396484375 30.299598391970846 0.0 0.0 0.0 0.0
6158 1977.382080078125 1492.9538345336914 81.03483838619138 1665.8101806640625 1393.2806396484375 30.299598391970846 0.0 0.0 0.0 0.0
6190 1981.334716796875 1492.9538345336914 81.45194368369181 1665.8101806640625 1393.2806396484375 30.299598391970846 0.0 0.0 0.0 0.0
6191 1981.334716796875 1492.9538345336914 81.45194368369181 1665.8101806640625 1397.233154296875 28.75668001419359 0.0 0.0 0.0 0.0
6253 1985.2872314453125 1492.9538345336914 81.85529360643534 1665.8101806640625 1397.233154296875 28.75668001419359 0.0 0.0 0.0 0.0
6321 1985.2872314453125 1492.9538345336914 81.85529360643534 1665.8101806640625 1401.185791015625 27.219258024114026 0.0 0.0 0.0 0.0