0 2000.0 1500.0 0 0.0 0.0 0.0 0.0 0.0 0.0 0.0
7 2000.0 1504.0648193359375 359.6717772636367 0.0 0.0 0.0 0.0 0.0 0.0 0.0
183 2004.0648193359375 1504.0648193359375 0.9925315317767058 0.0 0.0 0.0 0.0 0.0 0.0 0.0
191 2008.129638671875 1504.0648193359375 2.3198538738393495 0.0 0.0 0.0 0.0 0.0 0.0 0.0
199 2020.32421875 1504.0648193359375 6.351284623189372 0.0 0.0 0.0 0.0 0.0 0.0 0.0
207 2040.6485595703125 1504.0648193359375 13.135970630414931 0.0 0.0 0.0 0.0 0.0 0.0 0.0
215 2060.9727783203125 1504.0648193359375 19.881355051635126 0.0 0.0 0.0 0.0 0.0 0.0 0.0
223 2077.2322998046875 1504.0648193359375 25.195741604203022 0.0 0.0 0.0 0.0 0.0 0.0 0.0
231 2093.4915771484375 1504.0648193359375 30.390079454846614 0.0 0.0 0.0 0.0 0.0 0.0 0.0
239 2109.7510986328125 1504.0648193359375 35.42728827680139 0.0 0.0 0.0 0.0 0.0 0.0 0.0
247 2130.0753173828125 1504.0648193359375 41.43011212143665 0.0 0.0 0.0 0.0 0.0 0.0 0.0
255 2146.3348388671875 1504.0648193359375 46.01191716017553 0.0 0.0 0.0 0.0 0.0 0.0 0.0
263 2154.4644775390625 1504.0648193359375 48.242834083309276 0.0 0.0 0.0 0.0 0.0 0.0 0.0
271 2162.5943603515625 1508.129638671875 51.21638049125772 0.0 0.0 0.0 0.0 0.0 0.0 0.0
279 2166.6590576171875 1508.129638671875 52.27484735662955 0.0 0.0 0.0 0.0 0.0 0.0 0.0
303 2166.6590576171875 1512.194580078125 53.134812645491024 0.0 0.0 0.0 0.0 0.0 0.0 0.0
319 2166.6590576171875 1520.32421875 54.91918460900348 0.0 0.0 0.0 0.0 0.0 0.0 0.0
327 2166.6590576171875 1524.3890380859375 55.827278298622105 0.0 0.0 0.0 0.0 0.0 0.0 0.0
391 2166.6590576171875 1528.4539794921875 56.751512861820345 0.0 0.0 0.0 0.0 0.0 0.0 0.0
407 2166.6590576171875 1540.6485595703125 59.67290921146201 0.0 0.0 0.0 0.0 0.0 0.0 0.0
415 2166.6590576171875 1544.71337890625 60.66243593082601 0.0 0.0 0.0 0.0 0.0 0.0 0.0
423 2166.6590576171875 1556.907958984375 63.77872679743223 0.0 0.0 0.0 0.0 0.0 0.0 0.0
431 2166.6590576171875 1565.0377197265625 65.91919327649492 0.0 0.0 0.0 0.0 0.0 0.0 0.0
439 2170.7239990234375 1573.1673583984375 68.91671623733117 0.0 0.0 0.0 0.0 0.0 0.0 0.0
447 2174.7886962890625 1573.1673583984375 69.67433313951489 0.0 0.0 0.0 0.0 0.0 0.0 0.0
455 2174.7886962890625 1577.232177734375 70.81121204910767 0.0 0.0 0.0 0.0 0.0 0.0 0.0
559 2178.8536376953125 1577.232177734375 71.53205629117218 0.0 0.0 0.0 0.0 0.0 0.0 0.0
591 2178.8536376953125 1581.297119140625 72.69252036754142 0.0 0.0 0.0 0.0 0.0 0.0 0.0
599 2162.5943603515625 1605.686279296875 77.61233466808045 0.0 0.0 0.0 0.0 0.0 0.0 0.0
607 2130.0753173828125 1642.2698974609375 85.94152240918822 0.0 0.0 0.0 0.0 0.0 0.0 0.0
615 2089.4268798828125 1666.6590576171875 90.85758346432215 0.0 0.0 0.0 0.0 0.0 0.0 0.0
623 2044.71337890625 1686.9833984375 95.41411368722237 0.0 0.0 0.0 0.0 0.0 0.0 0.0
631 2016.2593994140625 1686.9833984375 93.7810721293564 0.0 0.0 0.0 0.0 0.0 0.0 0.0
639 2012.194580078125 1686.9833984375 93.54227551240274 0.0 0.0 0.0 0.0 0.0 0.0 0.0
647 2024.3890380859375 1658.5294189453125 85.75423896972347 0.0 0.0 0.0 0.0 0.0 0.0 0.0
655 2085.3619384765625 1601.621337890625 77.6281913422697 0.0 0.0 0.0 0.0 0.0 0.0 0.0
663 2186.9832763671875 1532.518798828125 74.236816311084 0.0 0.0 0.0 0.0 0.0 0.0 0.0
671 2325.1885986328125 1471.5458984375 76.88281054574094 0.0 0.0 0.0 0.0 0.0 0.0 0.0
679 2426.8099365234375 1439.027099609375 80.35460951473618 0.0 0.0 0.0 0.0 0.0 0.0 0.0
687 2483.7178955078125 1426.83251953125 83.19248146469579 0.0 0.0 0.0 0.0 0.0 0.0 0.0
695 2504.0421142578125 1422.7677001953125 84.17878585100482 0.0 0.0 0.0 0.0 0.0 0.0 0.0
712 2499.9774169921875 1422.7677001953125 83.71606008255759 0.0 0.0 0.0 0.0 0.0 0.0 0.0
719 2463.3936767578125 1434.9622802734375 83.26792539667491 0.0 0.0 0.0 0.0 0.0 0.0 0.0
743 2252.0211181640625 1447.1568603515625 327.35748419512606 0.0 0.0 0.0 0.0 0.0 0.0 0.0
751 2195.1131591796875 1447.1568603515625 316.91732249978384 0.0 0.0 0.0 0.0 0.0 0.0 0.0
761 2166.6590576171875 1447.1568603515625 312.36670512939577 0.0 0.0 0.0 0.0 0.0 0.0 0.0
767 2154.4644775390625 1447.1568603515625 310.5332179530937 0.0 0.0 0.0 0.0 0.0 0.0 0.0
807 2150.3997802734375 1447.1568603515625 309.93480206240076 0.0 0.0 0.0 0.0 0.0 0.0 0.0
815 2150.3997802734375 1451.2216796875 308.7078059916454 0.0 0.0 0.0 0.0 0.0 0.0 0.0
823 2146.3348388671875 1455.2864990234375 306.92946763150263 0.0 0.0 0.0 0.0 0.0 0.0 0.0
831 2142.2698974609375 1463.416259765625 303.919352931444 0.0 0.0 0.0 0.0 0.0 0.0 0.0
839 2130.0753173828125 1467.4810791015625 301.39444389067216 0.0 0.0 0.0 0.0 0.0 0.0 0.0
847 2121.9456787109375 1471.5458984375 299.3596954752343 0.0 0.0 0.0 0.0 0.0 0.0 0.0
895 2130.0753173828125 1471.5458984375 300.1252504383949 0.0 0.0 0.0 0.0 0.0 0.0 0.0
903 2138.2052001953125 1471.5458984375 300.9270932052441 0.0 0.0 0.0 0.0 0.0 0.0 0.0
911 2142.2698974609375 1471.5458984375 301.3372240536963 0.0 0.0 0.0 0.0 0.0 0.0 0.0
943 2146.3348388671875 1471.5458984375 301.7568419148395 0.0 0.0 0.0 0.0 0.0 0.0 0.0
959 2154.4644775390625 1467.4810791015625 303.96514996619715 0.0 0.0 0.0 0.0 0.0 0.0 0.0
967 2174.7886962890625 1459.3514404296875 309.34324886234265 0.0 0.0 0.0 0.0 0.0 0.0 0.0
975 2191.0482177734375 1451.2216796875 314.44543116757427 0.0 0.0 0.0 0.0 0.0 0.0 0.0
983 2207.3077392578125 1443.0919189453125 319.8333829559585 0.0 0.0 0.0 0.0 0.0 0.0 0.0
991 2223.5670166015625 1430.8973388671875 326.5080068246342 0.0 0.0 0.0 0.0 0.0 0.0 0.0
999 2235.7615966796875 1422.7677001953125 331.339213141702 0.0 0.0 0.0 0.0 0.0 0.0 0.0
1007 2239.8265380859375 1422.7677001953125 332.35562442958735 0.0 0.0 0.0 0.0 0.0 0.0 0.0
1023 2239.8265380859375 1418.7027587890625 333.23431018694424 0.0 0.0 0.0 0.0 0.0 0.0 0.0
1055 2243.8914794921875 1418.7027587890625 334.28018892127693 0.0 0.0 0.0 0.0 0.0 0.0 0.0
1071 2247.9561767578125 1418.7027587890625 335.3417479900744 0.0 0.0 0.0 0.0 0.0 0.0 0.0
1085 2252.0211181640625 1418.7027587890625 336.41896516193077 0.0 0.0 0.0 0.0 0.0 0.0 0.0
1087 2256.0860595703125 1414.637939453125 338.3071010933759 0.0 0.0 0.0 0.0 0.0 0.0 0.0
1095 2264.2156982421875 1410.5731201171875 341.3201484381045 0.0 0.0 0.0 0.0 0.0 0.0 0.0
1103 2268.2806396484375 1410.5731201171875 342.4780262386514 0.0 0.0 0.0 0.0 0.0 0.0 0.0
1111 2272.3453369140625 1406.5081787109375 344.3222107244443 0.0 0.0 0.0 0.0 0.0 0.0 0.0
1119 2276.4102783203125 1406.5081787109375 345.51563482704455 0.0 0.0 0.0 0.0 0.0 0.0 0.0
1143 2280.4749755859375 1406.5081787109375 346.7221766694338 0.0 0.0 0.0 0.0 0.0 0.0 0.0
1151 2288.6048583984375 1422.7677001953125 346.6731382449602 0.0 0.0 0.0 0.0 0.0 0.0 0.0
1159 2296.7344970703125 1430.8973388671875 347.9345571672861 0.0 0.0 0.0 0.0 0.0 0.0 0.0
1167 2300.7994384765625 1439.027099609375 347.97903978864446 0.0 0.0 0.0 0.0 0.0 0.0 0.0
1175 2300.7994384765625 1447.1568603515625 346.7517714044533 0.0 0.0 0.0 0.0 0.0 0.0 0.0
1183 2304.8641357421875 1451.2216796875 347.3644087018995 0.0 0.0 0.0 0.0 0.0 0.0 0.0
1191 2308.9290771484375 1455.2864990234375 347.99708992115325 0.0 0.0 0.0 0.0 0.0 0.0 0.0
1199 2308.9290771484375 1467.4810791015625 346.11593938487147 0.0 0.0 0.0 0.0 0.0 0.0 0.0
1207 2312.9940185546875 1483.740478515625 344.67159143055636 0.0 0.0 0.0 0.0 0.0 0.0 0.0
1215 2312.9940185546875 1504.0648193359375 341.01317856441693 0.0 0.0 0.0 0.0 0.0 0.0 0.0
1223 2317.0587158203125 1528.4539794921875 337.27654595762726 0.0 0.0 0.0 0.0 0.0 0.0 0.0
1231 2321.1236572265625 1556.907958984375 331.9711984962047 0.0 0.0 0.0 0.0 0.0 0.0 0.0
1239 2325.1885986328125 1581.297119140625 326.9790184539763 0.0 0.0 0.0 0.0 0.0 0.0 0.0
1247 2325.1885986328125 1605.686279296875 320.45668436232336 0.0 0.0 0.0 0.0 0.0 0.0 0.0
1255 2333.3182373046875 1613.81591796875 319.8686176741795 0.0 0.0 0.0 0.0 0.0 0.0 0.0
1263 2337.3831787109375 1621.9456787109375 318.4135795997304 0.0 0.0 0.0 0.0 0.0 0.0 0.0
1271 2337.3831787109375 1626.010498046875 317.2856753798337 0.0 0.0 0.0 0.0 0.0 0.0 0.0
1279 2337.3831787109375 1630.0753173828125 316.14306428525333 0.0 0.0 0.0 0.0 0.0 0.0 0.0
1287 2341.4478759765625 1630.0753173828125 316.883982235547 0.0 0.0 0.0 0.0 0.0 0.0 0.0
1296 2345.5128173828125 1634.1402587890625 316.47858184960717 0.0 0.0 0.0 0.0 0.0 0.0 0.0
1312 2345.5128173828125 1638.205078125 315.3257168601448 0.0 0.0 0.0 0.0 0.0 0.0 0.0
1328 2349.5777587890625 1642.2698974609375 314.86791226554305 0.0 0.0 0.0 0.0 0.0 0.0 0.0
1335 2349.5777587890625 1646.3348388671875 313.69528325605506 0.0 0.0 0.0 0.0 0.0 0.0 0.0
1399 2353.6424560546875 1646.3348388671875 314.3861522641167 0.0 0.0 0.0 0.0 0.0 0.0 0.0
1407 2357.7073974609375 1646.3348388671875 315.09129259896804 0.0 0.0 0.0 0.0 0.0 0.0 0.0
1415 2361.7723388671875 1638.205078125 318.0917477776226 0.0 0.0 0.0 0.0 0.0 0.0 0.0
1423 2365.8370361328125 1638.205078125 318.87152690311507 0.0 0.0 0.0 0.0 0.0 0.0 0.0
1431 2378.0316162109375 1634.1402587890625 322.47270557682964 0.0 0.0 0.0 0.0 0.0 0.0 0.0
1439 2386.1614990234375 1626.010498046875 326.30150972142866 0.0 0.0 0.0 0.0 0.0 0.0 0.0
1447 2394.2911376953125 1626.010498046875 328.1995772414534 0.0 0.0 0.0 0.0 0.0 0.0 0.0
1455 2406.4857177734375 1626.010498046875 331.19501793227175 0.0 0.0 0.0 0.0 0.0 0.0 0.0
1463 2414.6153564453125 1626.010498046875 333.255984111579 0.0 0.0 0.0 0.0 0.0 0.0 0.0
1471 2430.8748779296875 1626.010498046875 337.63777608175315 0.0 0.0 0.0 0.0 0.0 0.0 0.0
1567 2434.9395751953125 1626.010498046875 338.7474188021231 0.0 0.0 0.0 0.0 0.0 0.0 0.0
1583 2434.9395751953125 1621.9456787109375 339.5082809079185 0.0 0.0 0.0 0.0 0.0 0.0 0.0
1591 2439.0045166015625 1621.9456787109375 340.6430607907658 0.0 0.0 0.0 0.0 0.0 0.0 0.0
1599 2443.0694580078125 1617.880859375 342.5027463072246 0.0 0.0 0.0 0.0 0.0 0.0 0.0
1607 2447.1341552734375 1617.880859375 343.6749054737056 0.0 0.0 0.0 0.0 0.0 0.0 0.0
1623 2455.2640380859375 1613.81591796875 346.7035570023477 0.0 0.0 0.0 0.0 0.0 0.0 0.0
1631 2459.3287353515625 1613.81591796875 347.9226704129552 0.0 0.0 0.0 0.0 0.0 0.0 0.0
1639 2467.4586181640625 1613.81591796875 350.4105299541944 0.0 0.0 0.0 0.0 0.0 0.0 0.0
1647 2475.5882568359375 1613.81591796875 352.9432345746268 0.0 0.0 0.0 0.0 0.0 0.0 0.0
1655 2479.6531982421875 1613.81591796875 354.21970538723974 0.0 0.0 0.0 0.0 0.0 0.0 0.0
1695 2479.6531982421875 1617.880859375 353.7578379877173 0.0 0.0 0.0 0.0 0.0 0.0 0.0
1703 2479.6531982421875 1621.9456787109375 353.28553849992954 0.0 0.0 0.0 0.0 0.0 0.0 0.0
1711 2479.6531982421875 1630.0753173828125 352.2973511213851 0.0 0.0 0.0 0.0 0.0 0.0 0.0
1727 2483.7178955078125 1630.0753173828125 353.56849414120137 0.0 0.0 0.0 0.0 0.0 0.0 0.0
1735 2487.7828369140625 1630.0753173828125 354.849859236248 0.0 0.0 0.0 0.0 0.0 0.0 0.0
1743 2491.8477783203125 1630.0753173828125 356.14075811262376 0.0 0.0 0.0 0.0 0.0 0.0 0.0
1767 2512.1719970703125 1613.81591796875 3.765331337385078 0.0 0.0 0.0 0.0 0.0 0.0 0.0
1775 2512.1719970703125 1605.686279296875 4.2117790130037065 0.0 0.0 0.0 0.0 0.0 0.0 0.0
1783 2512.1719970703125 1597.5565185546875 4.638358597262027 0.0 0.0 0.0 0.0 0.0 0.0 0.0
1791 2512.1719970703125 1585.3619384765625 5.236289695693131 0.0 0.0 0.0 0.0 0.0 0.0 0.0
1799 2512.1719970703125 1577.232177734375 5.617123956030355 0.0 0.0 0.0 0.0 0.0 0.0 0.0
1807 2512.1719970703125 1569.1025390625 5.980938889231766 0.0 0.0 0.0 0.0 0.0 0.0 0.0
1815 2512.1719970703125 1560.9727783203125 6.3284227825731705 0.0 0.0 0.0 0.0 0.0 0.0 0.0
1823 2516.2366943359375 1552.8431396484375 7.947130784132014 0.0 0.0 0.0 0.0 0.0 0.0 0.0
1831 2520.3016357421875 1544.71337890625 9.496152280181548 0.0 0.0 0.0 0.0 0.0 0.0 0.0
1839 2528.4312744140625 1532.518798828125 12.303250579374492 0.0 0.0 0.0 0.0 0.0 0.0 0.0
1848 2536.5611572265625 1520.32421875 14.924656176766689 0.0 0.0 0.0 0.0 0.0 0.0 0.0
1855 2556.8853759765625 1500.0 20.81402293534194 0.0 0.0 0.0 0.0 0.0 0.0 0.0
1864 2577.2095947265625 1491.8702392578125 26.804057804088757 0.0 0.0 0.0 0.0 0.0 0.0 0.0
1871 2593.4691162109375 1479.6756591796875 30.790181516028895 0.0 0.0 0.0 0.0 0.0 0.0 0.0
1879 2601.5987548828125 1471.5458984375 32.48224839612607 0.0 0.0 0.0 0.0 0.0 0.0 0.0
1887 2609.7286376953125 1467.4810791015625 34.53201577939723 0.0 0.0 0.0 0.0 0.0 0.0 0.0
1896 2609.7286376953125 1463.416259765625 34.06099937812064 0.0 0.0 0.0 0.0 0.0 0.0 0.0
1975 2613.7933349609375 1463.416259765625 35.31967396616426 0.0 0.0 0.0 0.0 0.0 0.0 0.0
1991 2617.8582763671875 1467.4810791015625 37.1001087968134 0.0 0.0 0.0 0.0 0.0 0.0 0.0
1999 2625.9879150390625 1479.6756591796875 41.388807799217716 0.0 0.0 0.0 0.0 0.0 0.0 0.0
2007 2625.9879150390625 1483.740478515625 42.03127791246453 0.0 0.0 0.0 0.0 0.0 0.0 0.0
2015 2634.1175537109375 1487.805419921875 45.04941903212307 0.0 0.0 0.0 0.0 0.0 0.0 0.0
2023 2634.1175537109375 1495.93505859375 46.51689859884186 0.0 0.0 0.0 0.0 0.0 0.0 0.0
2031 2638.1824951171875 1500.0 48.40101594947987 0.0 0.0 0.0 0.0 0.0 0.0 0.0
2039 2642.2474365234375 1508.129638671875 51.12260437824182 0.0 0.0 0.0 0.0 0.0 0.0 0.0
2047 2646.3121337890625 1512.194580078125 53.028147115484956 0.0 0.0 0.0 0.0 0.0 0.0 0.0
2055 2650.3770751953125 1516.2593994140625 54.93900267088509 0.0 0.0 0.0 0.0 0.0 0.0 0.0
2063 2654.4420166015625 1520.32421875 56.85299916116378 0.0 0.0 0.0 0.0 0.0 0.0 0.0
2071 2654.4420166015625 1524.3890380859375 57.79506331966087 0.0 0.0 0.0 0.0 0.0 0.0 0.0
2080 2658.5067138671875 1536.5836181640625 61.72288701235158 0.0 0.0 0.0 0.0 0.0 0.0 0.0
2087 2662.5716552734375 1544.71337890625 64.6801889083626 0.0 0.0 0.0 0.0 0.0 0.0 0.0
2096 2670.7012939453125 1552.8431396484375 68.4567541313964 0.0 0.0 0.0 0.0 0.0 0.0 0.0
2103 2674.7662353515625 1560.9727783203125 71.47060435580806 0.0 0.0 0.0 0.0 0.0 0.0 0.0
2112 2678.8311767578125 1573.1673583984375 75.69607713568075 0.0 0.0 0.0 0.0 0.0 0.0 0.0
2119 2686.9608154296875 1581.297119140625 79.28325372444834 0.0 0.0 0.0 0.0 0.0 0.0 0.0
2129 2686.9608154296875 1585.3619384765625 80.52795002181307 0.0 0.0 0.0 0.0 0.0 0.0 0.0
2135 2699.1553955078125 1593.49169921875 84.42755281737789 0.0 0.0 0.0 0.0 0.0 0.0 0.0
2143 2707.2850341796875 1601.621337890625 87.77616118511645 0.0 0.0 0.0 0.0 0.0 0.0 0.0
2151 2715.4149169921875 1601.621337890625 88.48682254077232 0.0 0.0 0.0 0.0 0.0 0.0 0.0
2160 2723.5445556640625 1609.7510986328125 91.7000497268782 0.0 0.0 0.0 0.0 0.0 0.0 0.0
2167 2731.6741943359375 1609.7510986328125 92.23821441750607 0.0 0.0 0.0 0.0 0.0 0.0 0.0
2175 2735.7391357421875 1613.81591796875 93.80478530611049 0.0 0.0 0.0 0.0 0.0 0.0 0.0
2199 2735.7391357421875 1617.880859375 95.14368473298146 0.0 0.0 0.0 0.0 0.0 0.0 0.0
2215 2743.8687744140625 1630.0753173828125 99.40071121598027 0.0 0.0 0.0 0.0 0.0 0.0 0.0
2223 2751.9984130859375 1646.3348388671875 104.77244558924644 0.0 0.0 0.0 0.0 0.0 0.0 0.0
2231 2756.0633544921875 1658.5294189453125 108.70355649003662 0.0 0.0 0.0 0.0 0.0 0.0 0.0
2239 2764.1929931640625 1666.6590576171875 111.04367646639037 0.0 0.0 0.0 0.0 0.0 0.0 0.0
2247 2768.2579345703125 1678.8536376953125 114.77230856260428 0.0 0.0 0.0 0.0 0.0 0.0 0.0
2255 2776.3875732421875 1678.8536376953125 114.27547060476371 0.0 0.0 0.0 0.0 0.0 0.0 0.0
2263 2780.4525146484375 1682.9185791015625 115.32876727419642 0.0 0.0 0.0 0.0 0.0 0.0 0.0
2271 2784.5174560546875 1682.9185791015625 115.06208984962853 0.0 0.0 0.0 0.0 0.0 0.0 0.0
2311 2784.5174560546875 1686.9833984375 116.38301773714471 0.0 0.0 0.0 0.0 0.0 0.0 0.0
2319 2792.6470947265625 1691.0482177734375 117.07394722783948 0.0 0.0 0.0 0.0 0.0 0.0 0.0
2327 2796.7120361328125 1699.177978515625 119.31782670937184 0.0 0.0 0.0 0.0 0.0 0.0 0.0
2335 2804.8416748046875 1707.3076171875 121.09272858211716 0.0 0.0 0.0 0.0 0.0 0.0 0.0
2343 2808.9066162109375 1715.4373779296875 123.1939834878809 0.0 0.0 0.0 0.0 0.0 0.0 0.0
2351 2817.0362548828125 1723.567138671875 124.7488486088073 0.0 0.0 0.0 0.0 0.0 0.0 0.0
2368 2829.2308349609375 1739.8265380859375 128.01364042100727 0.0 0.0 0.0 0.0 0.0 0.0 0.0
2376 2837.3604736328125 1743.891357421875 128.12674340187957 0.0 0.0 0.0 0.0 0.0 0.0 0.0
2383 2841.4254150390625 1747.9561767578125 128.77918250947044 0.0 0.0 0.0 0.0 0.0 0.0 0.0
2391 2845.4901123046875 1752.0211181640625 129.411756020165 0.0 0.0 0.0 0.0 0.0 0.0 0.0
2407 2849.5550537109375 1752.0211181640625 128.83671583216858 0.0 0.0 0.0 0.0 0.0 0.0 0.0
2415 2853.6199951171875 1760.1507568359375 130.63766436738496 0.0 0.0 0.0 0.0 0.0 0.0 0.0
2423 2861.7496337890625 1772.3453369140625 132.86546639513404 0.0 0.0 0.0 0.0 0.0 0.0 0.0
2431 2869.8792724609375 1780.47509765625 133.84723609312016 0.0 0.0 0.0 0.0 0.0 0.0 0.0
2439 2886.1387939453125 1800.79931640625 136.5918147769758 0.0 0.0 0.0 0.0 0.0 0.0 0.0
2447 2902.3983154296875 1817.058837890625 138.01255284409888 0.0 0.0 0.0 0.0 0.0 0.0 0.0
2455 2918.6575927734375 1833.3182373046875 139.26804737698137 0.0 0.0 0.0 0.0 0.0 0.0 0.0
2463 2930.8521728515625 1845.5128173828125 140.1247591670156 0.0 0.0 0.0 0.0 0.0 0.0 0.0
2471 2947.1116943359375 1857.7073974609375 140.17203425258666 0.0 0.0 0.0 0.0 0.0 0.0 0.0
2480 2959.3062744140625 1865.8370361328125 139.9538401323113 0.0 0.0 0.0 0.0 0.0 0.0 0.0
2487 2967.4359130859375 1869.9019775390625 139.46971360719004 0.0 0.0 0.0 0.0 0.0 0.0 0.0
2496 2967.4359130859375 1873.966796875 140.55309932447614 0.0 0.0 0.0 0.0 0.0 0.0 0.0
2519 2971.5008544921875 1873.966796875 139.75624058122324 0.0 0.0 0.0 0.0 0.0 0.0 0.0
2527 2975.5655517578125 1882.0965576171875 141.08591570229908 0.0 0.0 0.0 0.0 0.0 0.0 0.0
2535 2975.5655517578125 1890.2261962890625 143.17645360421568 0.0 0.0 0.0 0.0 0.0 0.0 0.0
2543 2983.6954345703125 1902.4207763671875 144.48336009115667 0.0 0.0 0.0 0.0 0.0 0.0 0.0
2551 2987.7601318359375 1910.550537109375 145.59505955591706 0.0 0.0 0.0 0.0 0.0 0.0 0.0
2559 2987.7601318359375 1922.7451171875 148.47938230137885 0.0 0.0 0.0 0.0 0.0 0.0 0.0
2567 2991.8250732421875 1930.874755859375 149.40155977650812 0.0 0.0 0.0 0.0 0.0 0.0 0.0
2575 2991.8250732421875 1934.939697265625 150.33134592708745 0.0 0.0 0.0 0.0 0.0 0.0 0.0
2583 2991.8250732421875 1939.0045166015625 151.2452852817457 0.0 0.0 0.0 0.0 0.0 0.0 0.0
2615 2991.8250732421875 1943.0693359375 152.14341071168843 0.0 0.0 0.0 0.0 0.0 0.0 0.0
2623 2999.9547119140625 1947.13427734375 151.06831886737416 0.0 0.0 0.0 0.0 0.0 0.0 0.0
2631 2999.9547119140625 1955.263916015625 152.84006605201557 0.0 0.0 0.0 0.0 0.0 0.0 0.0
2639 3008.0845947265625 1959.328857421875 151.73223004171047 0.0 0.0 0.0 0.0 0.0 0.0 0.0
2647 3012.1492919921875 1971.5233154296875 153.33179431755528 0.0 0.0 0.0 0.0 0.0 0.0 0.0
2655 3020.2791748046875 1975.5882568359375 152.20090477189194 0.0 0.0 0.0 0.0 0.0 0.0 0.0
2663 3020.2791748046875 1983.7178955078125 153.93324160417976 0.0 0.0 0.0 0.0 0.0 0.0 0.0
2671 3024.3438720703125 1987.7828369140625 153.7643323637952 0.0 0.0 0.0 0.0 0.0 0.0 0.0
2687 3024.3438720703125 1991.84765625 154.6179166657595 0.0 0.0 0.0 0.0 0.0 0.0 0.0
2695 3024.3438720703125 1995.9124755859375 155.45606379642933 0.0 0.0 0.0 0.0 0.0 0.0 0.0
2735 3028.4088134765625 1995.9124755859375 154.40825401030278 0.0 0.0 0.0 0.0 0.0 0.0 0.0
2743 3028.4088134765625 1999.9774169921875 155.25019725824063 0.0 0.0 0.0 0.0 0.0 0.0 0.0
2751 3032.4737548828125 2008.1070556640625 155.84305194632924 0.0 0.0 0.0 0.0 0.0 0.0 0.0
2759 3036.5384521484375 2020.3016357421875 157.17286600609307 0.0 0.0 0.0 0.0 0.0 0.0 0.0
2784 3024.3438720703125 2060.9501953125 166.9423746631648 0.0 0.0 0.0 0.0 0.0 0.0 0.0
2807 3044.6683349609375 2036.56103515625 156.58653775513068 0.0 0.0 0.0 0.0 0.0 0.0 0.0
2815 3109.7059326171875 1987.7828369140625 131.33726166507506 0.0 0.0 0.0 0.0 0.0 0.0 0.0
2823 3219.4571533203125 1918.68017578125 106.03761903526049 0.0 0.0 0.0 0.0 0.0 0.0 0.0
2831 3337.3380126953125 1869.9019775390625 95.49996526640916 0.0 0.0 0.0 0.0 0.0 0.0 0.0
2839 3426.7647705078125 1853.642578125 94.77319553369966 0.0 0.0 0.0 0.0 0.0 0.0 0.0
2847 3475.5430908203125 1845.5128173828125 94.65414030490678 0.0 0.0 0.0 0.0 0.0 0.0 0.0
2855 3499.9322509765625 1845.5128173828125 95.77457595942576 0.0 0.0 0.0 0.0 0.0 0.0 0.0
2863 3503.9971923828125 1861.772216796875 101.25116790046468 0.0 0.0 0.0 0.0 0.0 0.0 0.0
2871 3499.9322509765625 1882.0965576171875 108.12097993666094 0.0 0.0 0.0 0.0 0.0 0.0 0.0
2879 3475.5430908203125 1926.8099365234375 125.20620922374053 0.0 0.0 0.0 0.0 0.0 0.0 0.0
2887 3443.0242919921875 1955.263916015625 139.36372945727874 0.0 0.0 0.0 0.0 0.0 0.0 0.0
2895 3398.3109130859375 1975.5882568359375 155.4610465404558 0.0 0.0 0.0 0.0 0.0 0.0 0.0
2903 3357.6622314453125 1983.7178955078125 169.01933767699106 0.0 0.0 0.0 0.0 0.0 0.0 0.0
2911 3329.2081298828125 1983.7178955078125 178.1901393848935 0.0 0.0 0.0 0.0 0.0 0.0 0.0
2943 3341.4027099609375 1971.5233154296875 172.94553702037294 0.0 0.0 0.0 0.0 0.0 0.0 0.0
2951 3361.7271728515625 1971.5233154296875 166.89267141807693 0.0 0.0 0.0 0.0 0.0 0.0 0.0
2959 3369.8568115234375 1967.45849609375 163.86893824486398 0.0 0.0 0.0 0.0 0.0 0.0 0.0
3023 3373.9217529296875 1967.45849609375 162.70829882413506 0.0 0.0 0.0 0.0 0.0 0.0 0.0
3031 3373.9217529296875 1963.3936767578125 161.99678633431358 0.0 0.0 0.0 0.0 0.0 0.0 0.0
3071 3377.9864501953125 1963.3936767578125 160.85933509728937 0.0 0.0 0.0 0.0 0.0 0.0 0.0
3087 3377.9864501953125 1967.45849609375 161.57925532790347 0.0 0.0 0.0 0.0 0.0 0.0 0.0
3095 3373.9217529296875 1979.653076171875 164.73240039864677 0.0 0.0 0.0 0.0 0.0 0.0 0.0
3103 3373.9217529296875 1987.7828369140625 165.9915797950696 0.0 0.0 0.0 0.0 0.0 0.0 0.0
3111 3373.9217529296875 1999.9774169921875 167.76808664916837 0.0 0.0 0.0 0.0 0.0 0.0 0.0
3119 3373.9217529296875 2004.042236328125 168.34784093298492 0.0 0.0 0.0 0.0 0.0 0.0 0.0
3127 3373.9217529296875 2012.1719970703125 169.45967494258224 0.0 0.0 0.0 0.0 0.0 0.0 0.0
3135 3373.9217529296875 2024.3665771484375 171.0257257622496 0.0 0.0 0.0 0.0 0.0 0.0 0.0
3143 3373.9217529296875 2036.56103515625 172.4951138922425 0.0 0.0 0.0 0.0 0.0 0.0 0.0
3151 3373.9217529296875 2048.755615234375 173.87298345250713 0.0 0.0 0.0 0.0 0.0 0.0 0.0
3159 3373.9217529296875 2065.01513671875 175.5595115768279 0.0 0.0 0.0 0.0 0.0 0.0 0.0
3167 3373.9217529296875 2081.2745361328125 177.1064238396848 0.0 0.0 0.0 0.0 0.0 0.0 0.0
3175 3373.9217529296875 2097.533935546875 178.52439471464794 0.0 0.0 0.0 0.0 0.0 0.0 0.0
3183 3369.8568115234375 2109.728515625 180.7544400669983 0.0 0.0 0.0 0.0 0.0 0.0 0.0
3191 3369.8568115234375 2121.923095703125 181.60562657595398 0.0 0.0 0.0 0.0 0.0 0.0 0.0
3207 3369.8568115234375 2125.9879150390625 181.882945359426 0.0 0.0 0.0 0.0 0.0 0.0 0.0
3215 3377.9864501953125 2125.9879150390625 179.25992710755747 0.0 0.0 0.0 0.0 0.0 0.0 0.0
3223 3390.1810302734375 2125.9879150390625 175.4009346473204 0.0 0.0 0.0 0.0 0.0 0.0 0.0
3231 3414.5701904296875 2130.0528564453125 168.60332312219555 0.0 0.0 0.0 0.0 0.0 0.0 0.0
3239 3443.0242919921875 2134.11767578125 161.30697849813066 0.0 0.0 0.0 0.0 0.0 0.0 0.0
3247 3475.5430908203125 2142.247314453125 154.59532491495708 0.0 0.0 0.0 0.0 0.0 0.0 0.0
3255 3503.9971923828125 2154.44189453125 150.46919044489528 0.0 0.0 0.0 0.0 0.0 0.0 0.0
3263 3536.5159912109375 2162.5716552734375 145.2971273056432 0.0 0.0 0.0 0.0 0.0 0.0 0.0
3271 3564.9698486328125 2178.8310546875 143.40868225327316 0.0 0.0 0.0 0.0 0.0 0.0 0.0
3279 3589.3590087890625 2191.025634765625 141.62057097291546 0.0 0.0 0.0 0.0 0.0 0.0 0.0
3287 3605.6185302734375 2203.22021484375 141.50979020383778 0.0 0.0 0.0 0.0 0.0 0.0 0.0
3295 3609.6834716796875 2207.2850341796875 141.74179559766952 0.0 0.0 0.0 0.0 0.0 0.0 0.0
3311 3609.6834716796875 2211.3499755859375 142.79262005047042 0.0 0.0 0.0 0.0 0.0 0.0 0.0
3319 3609.6834716796875 2215.414794921875 143.82785370705471 0.0 0.0 0.0 0.0 0.0 0.0 0.0
3503 3609.6834716796875 2219.479736328125 144.84742600192118 0.0 0.0 0.0 0.0 0.0 0.0 0.0
3519 3609.6834716796875 2223.54443359375 145.85117445536724 0.0 0.0 0.0 0.0 0.0 0.0 0.0
3543 3609.6834716796875 2227.609375 146.8391781157742 0.0 0.0 0.0 0.0 0.0 0.0 0.0
3559 3609.6834716796875 2231.67431640625 147.81131270466216 0.0 0.0 0.0 0.0 0.0 0.0 0.0
3567 3613.7481689453125 2231.67431640625 146.8848403727128 0.0 0.0 0.0 0.0 0.0 0.0 0.0
3575 3617.8131103515625 2231.67431640625 145.97410720598273 0.0 0.0 0.0 0.0 0.0 0.0 0.0
3583 3617.8131103515625 2235.739013671875 146.96009234681367 0.0 0.0 0.0 0.0 0.0 0.0 0.0
3615 3617.8131103515625 2239.803955078125 147.93027222789334 0.0 0.0 0.0 0.0 0.0 0.0 0.0
3663 3621.8780517578125 2235.739013671875 146.0174032008702 0.0 0.0 0.0 0.0 0.0 0.0 0.0
3703 3621.8780517578125 2243.868896484375 147.9571613533518 0.0 0.0 0.0 0.0 0.0 0.0 0.0
3711 3621.8780517578125 2247.93359375 148.91097998256765 0.0 0.0 0.0 0.0 0.0 0.0 0.0
3719 3621.8780517578125 2251.99853515625 149.84901696427048 0.0 0.0 0.0 0.0 0.0 0.0 0.0
3735 3617.8131103515625 2251.99853515625 150.84146293456934 0.0 0.0 0.0 0.0 0.0 0.0 0.0
3767 3617.8131103515625 2243.868896484375 148.93428796789638 0.0 0.0 0.0 0.0 0.0 0.0 0.0