0 2350.0 1500.0 0 1650.0 1500.0 0 0.0 0.0 0.0 0.0
152 2350.0 1500.0 0 1681.578857421875 1515.7894287109375 338.9588758019712 0.0 0.0 0.0 0.0
169 2350.0 1500.0 0 1692.105224609375 1515.7894287109375 331.7574547647838 0.0 0.0 0.0 0.0
185 2350.0 1500.0 0 1707.8946533203125 1515.7894287109375 321.6117182011486 0.0 0.0 0.0 0.0
201 2350.0 1500.0 0 1723.6842041015625 1515.7894287109375 312.37408190547046 0.0 0.0 0.0 0.0
216 2350.0 1500.0 0 1739.4736328125 1515.7894287109375 304.147184502828 0.0 0.0 0.0 0.0
242 2350.0 1500.0 0 1750.0 1515.7894287109375 299.1366952316148 0.0 0.0 0.0 0.0
251 2350.0 1500.0 0 1765.7894287109375 1515.7894287109375 292.6045009745294 0.0 0.0 0.0 0.0
265 2350.0 1500.0 0 1776.3157958984375 1515.7894287109375 288.6795358129682 0.0 0.0 0.0 0.0
283 2350.0 1500.0 0 1786.842041015625 1515.7894287109375 285.15194627934716 0.0 0.0 0.0 0.0
300 2350.0 1500.0 0 1802.631591796875 1515.7894287109375 280.6473148133931 0.0 0.0 0.0 0.0
316 2350.0 1500.0 0 1813.1578369140625 1515.7894287109375 277.9678863557227 0.0 0.0 0.0 0.0
333 2350.0 1500.0 0 1823.6842041015625 1515.7894287109375 275.58024138871593 0.0 0.0 0.0 0.0
350 2350.0 1500.0 0 1834.21044921875 1515.7894287109375 273.4556270967187 0.0 0.0 0.0 0.0
372 2350.0 1500.0 0 1844.73681640625 1515.7894287109375 271.5672632273151 0.0 0.0 0.0 0.0
382 2350.0 1500.0 0 1850.0 1515.7894287109375 270.67908618905227 0.0 0.0 0.0 0.0
416 2350.0 1500.0 0 1855.26318359375 1515.7894287109375 269.8436497853505 0.0 0.0 0.0 0.0
432 2350.0 1500.0 0 1860.5262451171875 1515.7894287109375 269.0580956949799 0.0 0.0 0.0 0.0
449 2350.0 1500.0 0 1865.7894287109375 1515.7894287109375 268.31941780928264 0.0 0.0 0.0 0.0
466 2350.0 1500.0 0 1871.0526123046875 1515.7894287109375 267.62500585278315 0.0 0.0 0.0 0.0
517 2350.0 1500.0 0 1876.3157958984375 1515.7894287109375 266.9722700423975 0.0 0.0 0.0 0.0
537 2350.0 1500.0 0 1886.842041015625 1515.7894287109375 265.8149244036154 0.0 0.0 0.0 0.0
538 2350.0 1500.0 0 1886.842041015625 1515.7894287109375 265.81494762385313 0.0 0.0 0.0 0.0
552 2350.0 1500.0 0 1892.105224609375 1515.7894287109375 265.2712031200028 0.0 0.0 0.0 0.0
583 2350.0 1500.0 0 1897.368408203125 1515.7894287109375 264.76031855820065 0.0 0.0 0.0 0.0
599 2350.0 1500.0 0 1897.368408203125 1521.0526123046875 268.40738274753426 0.0 0.0 0.0 0.0
616 2350.0 1500.0 0 1902.631591796875 1521.0526123046875 267.7076829377939 0.0 0.0 0.0 0.0
632 2350.0 1500.0 0 1907.8946533203125 1521.0526123046875 267.0499749153664 0.0 0.0 0.0 0.0
649 2350.0 1500.0 0 1913.1578369140625 1521.0526123046875 266.43182549616563 0.0 0.0 0.0 0.0
665 2350.0 1500.0 0 1918.4210205078125 1521.0526123046875 265.8508744397386 0.0 0.0 0.0 0.0
682 2350.0 1500.0 0 1923.6842041015625 1521.0526123046875 265.30493606772706 0.0 0.0 0.0 0.0
732 2350.0 1500.0 0 1928.9473876953125 1521.0526123046875 264.7919478009833 0.0 0.0 0.0 0.0
765 2350.0 1500.0 0 1934.21044921875 1521.0526123046875 264.3100198101952 0.0 0.0 0.0 0.0
782 2350.0 1500.0 0 1939.4736328125 1521.0526123046875 263.85722695355383 0.0 0.0 0.0 0.0
799 2350.0 1500.0 0 1944.73681640625 1521.0526123046875 263.4319157294549 0.0 0.0 0.0 0.0
832 2350.0 1500.0 0 1950.0 1521.0526123046875 263.03232341792506 0.0 0.0 0.0 0.0
916 2350.0 1500.0 0 1955.26318359375 1521.0526123046875 262.6569694915017 0.0 0.0 0.0 0.0
967 2350.0 1500.0 0 1960.5262451171875 1521.0526123046875 262.30440644538817 0.0 0.0 0.0 0.0
1352 2350.0 1500.0 0 1960.5262451171875 1521.0526123046875 262.30440644538817 0.0 0.0 0.0 0.0
1353 2350.0 1500.0 0 1960.5262451171875 1521.0526123046875 262.30440644538817 0.0 0.0 0.0 0.0
1410 2350.0 1500.0 0 1960.5262451171875 1521.0526123046875 262.30440644538817 0.0 0.0 0.0 0.0
1412 2350.0 1500.0 0.0 1960.5262451171875 1521.0526123046875 262.30440644538817 0.0 0.0 0.0 0.0
1417 2376.315673828125 1457.8946533203125 356.86665645051704 1960.5262451171875 1521.0526123046875 262.30440644538817 0.0 0.0 0.0 0.0
1432 2397.368408203125 1431.578857421875 356.21589035401445 1960.5262451171875 1521.0526123046875 262.30440644538817 0.0 0.0 0.0 0.0
1449 2418.4208984375 1410.5262451171875 356.6942404052333 1960.5262451171875 1521.0526123046875 262.30440644538817 0.0 0.0 0.0 0.0
1465 2428.947265625 1394.73681640625 355.8076610296551 1960.5262451171875 1521.0526123046875 262.30440644538817 0.0 0.0 0.0 0.0
1482 2434.21044921875 1384.21044921875 354.8289868529384 1960.5262451171875 1521.0526123046875 262.30440644538817 0.0 0.0 0.0 0.0
1499 2444.73681640625 1384.21044921875 357.4874660865951 1960.5262451171875 1521.0526123046875 262.30440644538817 0.0 0.0 0.0 0.0
1515 2455.26318359375 1384.21044921875 0.03262261472467287 1960.5262451171875 1521.0526123046875 262.30440644538817 0.0 0.0 0.0 0.0
1549 2460.526123046875 1384.21044921875 1.2762906776112217 1960.5262451171875 1521.0526123046875 262.30440644538817 0.0 0.0 0.0 0.0
1566 2465.789306640625 1389.4736328125 3.8441671866059437 1960.5262451171875 1521.0526123046875 262.30440644538817 0.0 0.0 0.0 0.0
1582 2476.315673828125 1405.2630615234375 10.42333852212569 1960.5262451171875 1521.0526123046875 262.30440644538817 0.0 0.0 0.0 0.0
1599 2481.578857421875 1415.7894287109375 14.491326979366086 1960.5262451171875 1521.0526123046875 262.30440644538817 0.0 0.0 0.0 0.0
1615 2497.368408203125 1426.3157958984375 20.066176024624866 1960.5262451171875 1521.0526123046875 262.30440644538817 0.0 0.0 0.0 0.0
1632 2502.631591796875 1436.842041015625 24.116072951133816 1960.5262451171875 1521.0526123046875 262.30440644538817 0.0 0.0 0.0 0.0
1649 2523.68408203125 1436.842041015625 26.366025111067785 1960.5262451171875 1521.0526123046875 262.30440644538817 0.0 0.0 0.0 0.0
1665 2534.21044921875 1436.842041015625 27.42647426885395 1960.5262451171875 1521.0526123046875 262.30440644538817 0.0 0.0 0.0 0.0
1685 2550.0 1436.842041015625 28.88382861113108 1960.5262451171875 1521.0526123046875 262.30440644538817 0.0 0.0 0.0 0.0
1702 2576.315673828125 1436.842041015625 30.989012567359154 1960.5262451171875 1521.0526123046875 262.30440644538817 0.0 0.0 0.0 0.0
1719 2634.21044921875 1389.4736328125 22.99662260177911 1960.5262451171875 1521.0526123046875 262.30440644538817 0.0 0.0 0.0 0.0
1720 2634.21044921875 1389.4736328125 22.996606928196556 1960.5262451171875 1521.0526123046875 262.30440644538817 0.0 0.0 0.0 0.0
1751 2702.631591796875 1342.105224609375 18.545819140465255 1960.5262451171875 1521.0526123046875 262.30440644538817 0.0 0.0 0.0 0.0
1768 2734.21044921875 1321.0526123046875 17.07914840333833 1960.5262451171875 1521.0526123046875 262.30440644538817 0.0 0.0 0.0 0.0
1784 2771.052490234375 1310.5262451171875 19.2011113016995 1960.5262451171875 1521.0526123046875 262.30440644538817 0.0 0.0 0.0 0.0
1799 2813.15771484375 1294.73681640625 20.182706372935826 1960.5262451171875 1521.0526123046875 262.30440644538817 0.0 0.0 0.0 0.0
1815 2839.4736328125 1289.4736328125 21.967067262839038 1960.5262451171875 1521.0526123046875 262.30440644538817 0.0 0.0 0.0 0.0
1832 2865.789306640625 1289.4736328125 24.98763875196964 1960.5262451171875 1521.0526123046875 262.30440644538817 0.0 0.0 0.0 0.0
1849 2902.631591796875 1289.4736328125 28.47703419989506 1960.5262451171875 1521.0526123046875 262.30440644538817 0.0 0.0 0.0 0.0
1870 2923.68408203125 1289.4736328125 30.252055964646203 1960.5262451171875 1521.0526123046875 262.30440644538817 0.0 0.0 0.0 0.0
1882 2950.0 1300.0 35.28922963366898 1960.5262451171875 1521.0526123046875 262.30440644538817 0.0 0.0 0.0 0.0
1898 2965.789306640625 1310.5262451171875 39.39309611765766 1960.5262451171875 1521.0526123046875 262.30440644538817 0.0 0.0 0.0 0.0
1915 2976.315673828125 1331.578857421875 46.54995612527628 1960.5262451171875 1521.0526123046875 262.30440644538817 0.0 0.0 0.0 0.0
1933 2986.842041015625 1342.105224609375 49.82935744432142 1960.5262451171875 1521.0526123046875 262.30440644538817 0.0 0.0 0.0 0.0
1949 2997.368408203125 1357.8946533203125 54.565088098135675 1960.5262451171875 1521.0526123046875 262.30440644538817 0.0 0.0 0.0 0.0
1965 3007.89453125 1363.1578369140625 55.63830143992696 1960.5262451171875 1521.0526123046875 262.30440644538817 0.0 0.0 0.0 0.0
1982 3018.4208984375 1368.4210205078125 56.64249217959251 1960.5262451171875 1521.0526123046875 262.30440644538817 0.0 0.0 0.0 0.0
1999 3023.68408203125 1368.4210205078125 56.26669670835099 1960.5262451171875 1521.0526123046875 262.30440644538817 0.0 0.0 0.0 0.0
2015 3034.21044921875 1368.4210205078125 55.55918756379944 1960.5262451171875 1521.0526123046875 262.30440644538817 0.0 0.0 0.0 0.0
2032 3050.0 1368.4210205078125 54.58881184862969 1960.5262451171875 1521.0526123046875 262.30440644538817 0.0 0.0 0.0 0.0
2049 3065.789306640625 1352.631591796875 48.716801882506374 1960.5262451171875 1521.0526123046875 262.30440644538817 0.0 0.0 0.0 0.0
2065 3081.578857421875 1336.842041015625 43.34400457180425 1960.5262451171875 1521.0526123046875 262.30440644538817 0.0 0.0 0.0 0.0
2082 3102.631591796875 1315.7894287109375 37.03566018199601 1960.5262451171875 1521.0526123046875 262.30440644538817 0.0 0.0 0.0 0.0
2102 3123.68408203125 1300.0 33.09739189065368 1960.5262451171875 1521.0526123046875 262.30440644538817 0.0 0.0 0.0 0.0
2118 3144.73681640625 1284.21044921875 29.659513094465098 1960.5262451171875 1521.0526123046875 262.30440644538817 0.0 0.0 0.0 0.0
2136 3192.105224609375 1273.6842041015625 30.150716587945197 1960.5262451171875 1521.0526123046875 262.30440644538817 0.0 0.0 0.0 0.0
2152 3218.4208984375 1263.1578369140625 29.042715004390118 1960.5262451171875 1521.0526123046875 262.30440644538817 0.0 0.0 0.0 0.0
2168 3234.21044921875 1263.1578369140625 30.363581725596532 1960.5262451171875 1521.0526123046875 262.30440644538817 0.0 0.0 0.0 0.0
2183 3255.26318359375 1263.1578369140625 31.930857628128237 1960.5262451171875 1521.0526123046875 262.30440644538817 0.0 0.0 0.0 0.0
2199 3271.052490234375 1268.4210205078125 34.647669292117385 1960.5262451171875 1521.0526123046875 262.30440644538817 0.0 0.0 0.0 0.0
2216 3286.842041015625 1284.21044921875 40.47699234667769 1960.5262451171875 1521.0526123046875 262.30440644538817 0.0 0.0 0.0 0.0
2232 3297.368408203125 1289.4736328125 42.42011014427088 1960.5262451171875 1521.0526123046875 262.30440644538817 0.0 0.0 0.0 0.0
2249 3302.631591796875 1305.2630615234375 47.77193014111221 1960.5262451171875 1521.0526123046875 262.30440644538817 0.0 0.0 0.0 0.0
2265 3318.4208984375 1315.7894287109375 50.7807729539099 1960.5262451171875 1521.0526123046875 262.30440644538817 0.0 0.0 0.0 0.0
2282 3323.68408203125 1326.3157958984375 54.064866868447666 1960.5262451171875 1521.0526123046875 262.30440644538817 0.0 0.0 0.0 0.0
2299 3328.947265625 1331.578857421875 55.499503547618374 1960.5262451171875 1521.0526123046875 262.30440644538817 0.0 0.0 0.0 0.0
2315 3334.21044921875 1336.842041015625 56.88216421484107 1960.5262451171875 1521.0526123046875 262.30440644538817 0.0 0.0 0.0 0.0
2332 3350.0 1336.842041015625 55.7984803817461 1960.5262451171875 1521.0526123046875 262.30440644538817 0.0 0.0 0.0 0.0
2349 3355.26318359375 1336.842041015625 55.44819349594056 1960.5262451171875 1521.0526123046875 262.30440644538817 0.0 0.0 0.0 0.0
2365 3371.052490234375 1331.578857421875 52.840566224830866 1960.5262451171875 1521.0526123046875 262.30440644538817 0.0 0.0 0.0 0.0
2382 3386.842041015625 1310.5262451171875 45.43539525708749 1960.5262451171875 1521.0526123046875 262.30440644538817 0.0 0.0 0.0 0.0
2399 3402.631591796875 1300.0 42.01781488157154 1960.5262451171875 1521.0526123046875 262.30440644538817 0.0 0.0 0.0 0.0
2415 3423.68408203125 1284.21044921875 37.46415280563983 1960.5262451171875 1521.0526123046875 262.30440644538817 0.0 0.0 0.0 0.0
2432 3444.73681640625 1273.6842041015625 35.04790421710305 1960.5262451171875 1521.0526123046875 262.30440644538817 0.0 0.0 0.0 0.0
2449 3465.789306640625 1263.1578369140625 32.92196274306566 1960.5262451171875 1521.0526123046875 262.30440644538817 0.0 0.0 0.0 0.0
2465 3476.315673828125 1257.8946533203125 31.927580069139182 1960.5262451171875 1521.0526123046875 262.30440644538817 0.0 0.0 0.0 0.0
2482 3497.368408203125 1257.8946533203125 33.321679552621404 1960.5262451171875 1521.0526123046875 262.30440644538817 0.0 0.0 0.0 0.0
2501 3507.89453125 1257.8946533203125 33.977713476987105 1960.5262451171875 1521.0526123046875 262.30440644538817 0.0 0.0 0.0 0.0
2518 3518.4208984375 1257.8946533203125 34.59510362525455 1960.5262451171875 1521.0526123046875 262.30440644538817 0.0 0.0 0.0 0.0
2535 3528.947265625 1257.8946533203125 35.17608243944616 1960.5262451171875 1521.0526123046875 262.30440644538817 0.0 0.0 0.0 0.0
2536 3528.947265625 1257.8946533203125 35.17608327967646 1960.5262451171875 1521.0526123046875 262.30440644538817 0.0 0.0 0.0 0.0
2552 3528.947265625 1263.1578369140625 36.98208134304673 1960.5262451171875 1521.0526123046875 262.30440644538817 0.0 0.0 0.0 0.0
2567 3534.21044921875 1268.4210205078125 38.96620593836104 1960.5262451171875 1521.0526123046875 262.30440644538817 0.0 0.0 0.0 0.0
2583 3539.4736328125 1273.6842041015625 40.89394794930968 1960.5262451171875 1521.0526123046875 262.30440644538817 0.0 0.0 0.0 0.0
2600 3544.73681640625 1278.947265625 42.76484214738909 1960.5262451171875 1521.0526123046875 262.30440644538817 0.0 0.0 0.0 0.0
2615 3550.0 1284.21044921875 44.57883271540295 1960.5262451171875 1521.0526123046875 262.30440644538817 0.0 0.0 0.0 0.0
2632 3555.26318359375 1284.21044921875 44.571997801681604 1960.5262451171875 1521.0526123046875 262.30440644538817 0.0 0.0 0.0 0.0
2667 3565.789306640625 1284.21044921875 44.559118576937195 1960.5262451171875 1521.0526123046875 262.30440644538817 0.0 0.0 0.0 0.0
2682 3581.578857421875 1273.6842041015625 41.220059971283206 1960.5262451171875 1521.0526123046875 262.30440644538817 0.0 0.0 0.0 0.0
2699 3602.631591796875 1268.4210205078125 39.96250226746379 1960.5262451171875 1521.0526123046875 262.30440644538817 0.0 0.0 0.0 0.0
2716 3613.15771484375 1257.8946533203125 36.827910296704445 1960.5262451171875 1521.0526123046875 262.30440644538817 0.0 0.0 0.0 0.0
2732 3628.947265625 1252.631591796875 35.836469807713144 1960.5262451171875 1521.0526123046875 262.30440644538817 0.0 0.0 0.0 0.0
2750 3644.73681640625 1247.368408203125 34.934424803805726 1960.5262451171875 1521.0526123046875 262.30440644538817 0.0 0.0 0.0 0.0
2765 3655.26318359375 1247.368408203125 35.49537357865866 1960.5262451171875 1521.0526123046875 262.30440644538817 0.0 0.0 0.0 0.0
2782 3665.789306640625 1247.368408203125 36.02311490036713 1960.5262451171875 1521.0526123046875 262.30440644538817 0.0 0.0 0.0 0.0
2799 3671.052490234375 1247.368408203125 36.27895289067604 1960.5262451171875 1521.0526123046875 262.30440644538817 0.0 0.0 0.0 0.0
2816 3681.578857421875 1252.631591796875 38.46441534256897 1960.5262451171875 1521.0526123046875 262.30440644538817 0.0 0.0 0.0 0.0
2832 3681.578857421875 1257.8946533203125 40.28082032440703 1960.5262451171875 1521.0526123046875 262.30440644538817 0.0 0.0 0.0 0.0
2849 3686.842041015625 1257.8946533203125 40.40625188301004 1960.5262451171875 1521.0526123046875 262.30440644538817 0.0 0.0 0.0 0.0
2865 3692.105224609375 1263.1578369140625 42.291767569206996 1960.5262451171875 1521.0526123046875 262.30440644538817 0.0 0.0 0.0 0.0
2882 3692.105224609375 1268.4210205078125 44.11282426070976 1960.5262451171875 1521.0526123046875 262.30440644538817 0.0 0.0 0.0 0.0