0 2350.0 1500.0 0 1650.0 1500.0 0 0.0 0.0 0.0 0.0
295 2350.0 1500.0 0 1650.0 1500.0 0 0.0 0.0 0.0 0.0
312 2350.0 1500.0 0 1650.0 1500.0 0 0.0 0.0 0.0 0.0
329 2350.0 1500.0 0 1650.0 1500.0 0 0.0 0.0 0.0 0.0
361 2350.0 1500.0 0 1650.0 1500.0 0 0.0 0.0 0.0 0.0
378 2350.0 1500.0 0 1650.0 1500.0 0 0.0 0.0 0.0 0.0
401 2350.0 1500.0 0 1650.0 1500.0 0 0.0 0.0 0.0 0.0
412 2350.0 1500.0 0 1650.0 1500.0 0 0.0 0.0 0.0 0.0
428 2350.0 1500.0 0 1650.0 1500.0 0 0.0 0.0 0.0 0.0
478 2350.0 1500.0 0 1650.0 1500.0 0 0.0 0.0 0.0 0.0
495 2350.0 1500.0 0 1650.0 1500.0 0 0.0 0.0 0.0 0.0
562 2350.0 1500.0 0 1650.0 1500.0 0 0.0 0.0 0.0 0.0
578 2350.0 1500.0 0 1650.0 1500.0 0 0.0 0.0 0.0 0.0
598 2350.0 1500.0 0 1650.0 1500.0 0 0.0 0.0 0.0 0.0
614 2350.0 1500.0 0 1650.0 1500.0 0 0.0 0.0 0.0 0.0
631 2350.0 1500.0 0 1650.0 1500.0 0 0.0 0.0 0.0 0.0
647 2350.0 1500.0 0 1650.0 1500.0 0 0.0 0.0 0.0 0.0
648 2350.0 1500.0 0 1650.0 1500.0 0 0.0 0.0 0.0 0.0
679 2350.0 1500.0 0 1650.0 1500.0 0 0.0 0.0 0.0 0.0
695 2350.0 1500.0 0 1650.0 1500.0 0 0.0 0.0 0.0 0.0
712 2350.0 1500.0 0 1650.0 1500.0 0 0.0 0.0 0.0 0.0
728 2350.0 1500.0 0 1650.0 1500.0 0 0.0 0.0 0.0 0.0
745 2353.95263671875 1507.905029296875 2.4413484803244785 1650.0 1500.0 0 0.0 0.0 0.0 0.0
762 2357.9052734375 1511.857666015625 3.0089283768876953 1650.0 1500.0 0 0.0 0.0 0.0 0.0
778 2361.85791015625 1519.7628173828125 5.236117011038246 1650.0 1500.0 0 0.0 0.0 0.0 0.0
795 2361.85791015625 1523.71533203125 6.974786750634792 1650.0 1500.0 0 0.0 0.0 0.0 0.0
812 2365.810302734375 1527.66796875 7.308905602039772 1650.0 1500.0 0 0.0 0.0 0.0 0.0
828 2369.762939453125 1535.5731201171875 9.221516204851184 1650.0 1500.0 0 0.0 0.0 0.0 0.0
845 2369.762939453125 1547.4307861328125 13.902372811179248 1650.0 1500.0 0 0.0 0.0 0.0 0.0
862 2369.762939453125 1551.38330078125 15.418569265450259 1650.0 1500.0 0 0.0 0.0 0.0 0.0
878 2369.762939453125 1567.193603515625 20.848047982766303 1650.0 1500.0 0 0.0 0.0 0.0 0.0
895 2369.762939453125 1571.146240234375 22.162781487718632 1650.0 1500.0 0 0.0 0.0 0.0 0.0
912 2369.762939453125 1575.0987548828125 23.437235351712047 1650.0 1500.0 0 0.0 0.0 0.0 0.0
928 2369.762939453125 1583.00390625 25.832087829218523 1650.0 1500.0 0 0.0 0.0 0.0 0.0
945 2365.810302734375 1590.9090576171875 29.911231996738593 1650.0 1500.0 0 0.0 0.0 0.0 0.0
962 2361.85791015625 1594.861572265625 32.877018454594975 1650.0 1500.0 0 0.0 0.0 0.0 0.0
996 2361.85791015625 1598.814208984375 33.802743001619746 1650.0 1500.0 0 0.0 0.0 0.0 0.0
1014 2357.9052734375 1598.814208984375 35.856644400991 1650.0 1500.0 0 0.0 0.0 0.0 0.0
1028 2357.9052734375 1602.7667236328125 36.679719879185996 1650.0 1500.0 0 0.0 0.0 0.0 0.0
1161 2357.9052734375 1606.7193603515625 37.474067087213456 1650.0 1500.0 0 0.0 0.0 0.0 0.0
1178 2357.9052734375 1610.671875 38.24057395070909 1650.0 1500.0 0 0.0 0.0 0.0 0.0
1211 2357.9052734375 1618.5770263671875 39.66917629234666 1650.0 1500.0 0 0.0 0.0 0.0 0.0
1228 2357.9052734375 1622.529541015625 40.35810982607799 1650.0 1500.0 0 0.0 0.0 0.0 0.0
1245 2357.9052734375 1626.482177734375 41.022492282076485 1650.0 1500.0 0 0.0 0.0 0.0 0.0
1262 2357.9052734375 1630.4346923828125 41.66305732953225 1650.0 1500.0 0 0.0 0.0 0.0 0.0
1278 2361.85791015625 1642.29248046875 41.4782535879051 1650.0 1500.0 0 0.0 0.0 0.0 0.0
1295 2373.715576171875 1646.2449951171875 36.14020059588432 1650.0 1500.0 0 0.0 0.0 0.0 0.0
1312 2397.430908203125 1662.0552978515625 28.892908455093675 1650.0 1500.0 0 0.0 0.0 0.0 0.0
1328 2417.19384765625 1669.96044921875 22.485465343899875 1650.0 1500.0 0 0.0 0.0 0.0 0.0
1345 2448.814453125 1685.770751953125 15.495900338982665 1650.0 1500.0 0 0.0 0.0 0.0 0.0
1362 2476.482421875 1701.5809326171875 11.388006696504817 1650.0 1500.0 0 0.0 0.0 0.0 0.0
1379 2516.008056640625 1721.3438720703125 6.439701279413214 1650.0 1500.0 0 0.0 0.0 0.0 0.0
1398 2551.5810546875 1741.106689453125 3.879927342796975 1650.0 1500.0 0 0.0 0.0 0.0 0.0
1415 2591.10693359375 1760.8695068359375 1.1875113813384388 1650.0 1500.0 0 0.0 0.0 0.0 0.0
1431 2670.158203125 1808.30029296875 0.32441081909161085 1650.0 1500.0 0 0.0 0.0 0.0 0.0
1432 2670.158203125 1808.30029296875 0.32438865817573515 1650.0 1500.0 0 0.0 0.0 0.0 0.0
1447 2705.7314453125 1835.96826171875 2.1508982380235295 1650.0 1500.0 0 0.0 0.0 0.0 0.0
1462 2741.304443359375 1859.6837158203125 2.135022249288994 1650.0 1500.0 0 0.0 0.0 0.0 0.0
1478 2772.925048828125 1891.3043212890625 5.567972628808519 1650.0 1500.0 0 0.0 0.0 0.0 0.0
1495 2808.498046875 1918.9722900390625 5.787012339095924 1650.0 1500.0 0 0.0 0.0 0.0 0.0
1512 2848.02392578125 1958.4979248046875 8.485540613917863 1650.0 1500.0 0 0.0 0.0 0.0 0.0
1528 2879.644287109375 1986.1658935546875 8.808991910764007 1650.0 1500.0 0 0.0 0.0 0.0 0.0
1545 2915.217529296875 2013.8338623046875 8.033854156109044 1650.0 1500.0 0 0.0 0.0 0.0 0.0
1562 2946.838134765625 2037.5494384765625 7.26319938498159 1650.0 1500.0 0 0.0 0.0 0.0 0.0
1579 2978.45849609375 2065.2174072265625 7.943587210914359 1650.0 1500.0 0 0.0 0.0 0.0 0.0
1595 3014.03173828125 2088.9327392578125 6.2158955002371385 1650.0 1500.0 0 0.0 0.0 0.0 0.0
1612 3037.7470703125 2104.7430419921875 5.315722674576193 1650.0 1500.0 0 0.0 0.0 0.0 0.0
1628 3069.36767578125 2124.5059814453125 4.002292611854358 1650.0 1500.0 0 0.0 0.0 0.0 0.0
1645 3097.03564453125 2144.2686767578125 3.9878327259467596 1650.0 1500.0 0 0.0 0.0 0.0 0.0
1662 3124.70361328125 2160.0789794921875 2.5980520747623927 1650.0 1500.0 0 0.0 0.0 0.0 0.0
1678 3152.37158203125 2175.8892822265625 1.5389000565358515 1650.0 1500.0 0 0.0 0.0 0.0 0.0
1695 3180.03955078125 2191.6995849609375 0.7319477716734468 1650.0 1500.0 0 0.0 0.0 0.0 0.0
1712 3211.66015625 2203.5572509765625 357.8092235884572 1650.0 1500.0 0 0.0 0.0 0.0 0.0
1728 3243.28076171875 2219.3675537109375 357.07829145905436 1650.0 1500.0 0 0.0 0.0 0.0 0.0
1745 3274.9013671875 2235.1778564453125 356.5356620404696 1650.0 1500.0 0 0.0 0.0 0.0 0.0
1762 3306.521728515625 2250.9881591796875 356.13288535708114 1650.0 1500.0 0 0.0 0.0 0.0 0.0
1779 3342.094970703125 2266.7984619140625 355.09248400997166 1650.0 1500.0 0 0.0 0.0 0.0 0.0
1798 3369.762939453125 2282.6085205078125 355.8213517044795 1650.0 1500.0 0 0.0 0.0 0.0 0.0
1814 3397.430908203125 2298.4188232421875 356.3766602340724 1650.0 1500.0 0 0.0 0.0 0.0 0.0
1831 3429.051513671875 2314.2291259765625 356.0147991580798 1650.0 1500.0 0 0.0 0.0 0.0 0.0
1847 3488.340087890625 2349.8023681640625 357.3717562703145 1650.0 1500.0 0 0.0 0.0 0.0 0.0
1848 3488.340087890625 2349.8023681640625 357.37175684153914 1650.0 1500.0 0 0.0 0.0 0.0 0.0
1863 3512.055419921875 2361.6600341796875 356.8761675200605 1650.0 1500.0 0 0.0 0.0 0.0 0.0
1879 3531.818359375 2377.4703369140625 358.8991656455174 1650.0 1500.0 0 0.0 0.0 0.0 0.0
1895 3547.628662109375 2393.2806396484375 1.4960097690271112 1650.0 1500.0 0 0.0 0.0 0.0 0.0
1912 3559.486328125 2397.2330322265625 359.90641232199283 1650.0 1500.0 0 0.0 0.0 0.0 0.0
1928 3571.343994140625 2409.0909423828125 1.8041274748961484 1650.0 1500.0 0 0.0 0.0 0.0 0.0
1946 3583.20166015625 2416.9959716796875 1.8400460406567163 1650.0 1500.0 0 0.0 0.0 0.0 0.0
1963 3587.154296875 2424.9012451171875 4.151036399767733 1650.0 1500.0 0 0.0 0.0 0.0 0.0
1979 3591.10693359375 2432.8062744140625 6.295436221411322 1650.0 1500.0 0 0.0 0.0 0.0 0.0
1995 3599.011962890625 2436.7589111328125 5.395911863366891 1650.0 1500.0 0 0.0 0.0 0.0 0.0
2012 3606.9169921875 2444.6639404296875 6.186348995039367 1650.0 1500.0 0 0.0 0.0 0.0 0.0
2028 3610.86962890625 2452.5692138671875 8.182000831910528 1650.0 1500.0 0 0.0 0.0 0.0 0.0
2045 3614.822265625 2464.4268798828125 11.532223567677022 1650.0 1500.0 0 0.0 0.0 0.0 0.0
2062 3626.679931640625 2476.2845458984375 11.797235293140261 1650.0 1500.0 0 0.0 0.0 0.0 0.0
2078 3630.632568359375 2488.1422119140625 14.790261512094958 1650.0 1500.0 0 0.0 0.0 0.0 0.0
2095 3638.53759765625 2496.0474853515625 14.65357190621063 1650.0 1500.0 0 0.0 0.0 0.0 0.0
2113 3642.490234375 2511.8575439453125 18.63701171523354 1650.0 1500.0 0 0.0 0.0 0.0 0.0
2128 3650.395263671875 2515.8101806640625 16.789116062183837 1650.0 1500.0 0 0.0 0.0 0.0 0.0
2145 3654.347900390625 2527.6678466796875 19.274827763925032 1650.0 1500.0 0 0.0 0.0 0.0 0.0
2162 3662.253173828125 2531.6204833984375 17.37934330578304 1650.0 1500.0 0 0.0 0.0 0.0 0.0
2181 3666.20556640625 2539.5255126953125 18.524707945397267 1650.0 1500.0 0 0.0 0.0 0.0 0.0
2198 3666.20556640625 2551.3834228515625 22.444983290886313 1650.0 1500.0 0 0.0 0.0 0.0 0.0
2215 3674.11083984375 2571.1461181640625 24.879049045114556 1650.0 1500.0 0 0.0 0.0 0.0 0.0
2231 3678.063232421875 2575.0987548828125 24.28570060084479 1650.0 1500.0 0 0.0 0.0 0.0 0.0
2246 3682.015869140625 2586.9564208984375 25.98531346710712 1650.0 1500.0 0 0.0 0.0 0.0 0.0
2263 3685.968505859375 2594.8616943359375 26.452355958732795 1650.0 1500.0 0 0.0 0.0 0.0 0.0
2278 3685.968505859375 2598.8140869140625 27.59138801087036 1650.0 1500.0 0 0.0 0.0 0.0 0.0
2295 3689.921142578125 2602.7667236328125 26.859860471694276 1650.0 1500.0 0 0.0 0.0 0.0 0.0
2312 3693.87353515625 2606.7193603515625 26.16555392316502 1650.0 1500.0 0 0.0 0.0 0.0 0.0
2428 3689.921142578125 2606.7193603515625 28.085151902201687 1650.0 1500.0 0 0.0 0.0 0.0 0.0
2445 3685.968505859375 2606.7193603515625 30.042086043672896 1650.0 1500.0 0 0.0 0.0 0.0 0.0
2461 3678.063232421875 2606.7193603515625 34.09808240777187 1650.0 1500.0 0 0.0 0.0 0.0 0.0
2478 3670.158203125 2606.7193603515625 38.27697679710235 1650.0 1500.0 0 0.0 0.0 0.0 0.0
2495 3666.20556640625 2606.7193603515625 40.39187400872149 1650.0 1500.0 0 0.0 0.0 0.0 0.0
2528 3662.253173828125 2606.7193603515625 42.53081397786417 1650.0 1500.0 0 0.0 0.0 0.0 0.0
2798 3666.20556640625 2602.7667236328125 39.710937120973085 1650.0 1500.0 0 0.0 0.0 0.0 0.0
2799 3666.20556640625 2602.7667236328125 39.71100280567052 1650.0 1500.0 0 0.0 0.0 0.0 0.0
2812 3670.158203125 2598.8140869140625 36.824330688686416 1650.0 1500.0 0 0.0 0.0 0.0 0.0
2828 3674.11083984375 2594.8616943359375 33.87720458461456 1650.0 1500.0 0 0.0 0.0 0.0 0.0
2845 3678.063232421875 2594.8616943359375 31.88738131281309 1650.0 1500.0 0 0.0 0.0 0.0 0.0
2862 3678.063232421875 2590.9090576171875 30.858953688641662 1650.0 1500.0 0 0.0 0.0 0.0 0.0
2895 3678.063232421875 2586.9564208984375 29.794117252490253 1650.0 1500.0 0 0.0 0.0 0.0 0.0
2912 3678.063232421875 2583.0037841796875 28.691869316716918 1650.0 1500.0 0 0.0 0.0 0.0 0.0
2928 3678.063232421875 2575.0987548828125 26.32969165045239 1650.0 1500.0 0 0.0 0.0 0.0 0.0
2945 3678.063232421875 2571.1461181640625 25.108890384361132 1650.0 1500.0 0 0.0 0.0 0.0 0.0
2964 3678.063232421875 2567.1937255859375 23.847542704975353 1650.0 1500.0 0 0.0 0.0 0.0 0.0
2981 3678.063232421875 2563.2410888671875 22.54488093720721 1650.0 1500.0 0 0.0 0.0 0.0 0.0
2998 3678.063232421875 2559.2884521484375 21.200237811086026 1650.0 1500.0 0 0.0 0.0 0.0 0.0
3014 3678.063232421875 2555.3358154296875 19.813043660230733 1650.0 1500.0 0 0.0 0.0 0.0 0.0
3031 3670.158203125 2551.3834228515625 22.079040698948745 1650.0 1500.0 0 0.0 0.0 0.0 0.0
3046 3670.158203125 2547.4307861328125 20.71959593230983 1650.0 1500.0 0 0.0 0.0 0.0 0.0
3062 3666.20556640625 2547.4307861328125 22.52137807281622 1650.0 1500.0 0 0.0 0.0 0.0 0.0
3095 3666.20556640625 2543.4781494140625 21.17597275495862 1650.0 1500.0 0 0.0 0.0 0.0 0.0
3211 3666.20556640625 2539.5255126953125 19.788173835991074 1650.0 1500.0 0 0.0 0.0 0.0 0.0
3228 3666.20556640625 2535.5731201171875 18.357483637858707 1650.0 1500.0 0 0.0 0.0 0.0 0.0
3245 3674.11083984375 2531.6204833984375 13.629359885905075 1650.0 1500.0 0 0.0 0.0 0.0 0.0
3263 3682.015869140625 2527.6678466796875 9.041275179561978 1650.0 1500.0 0 0.0 0.0 0.0 0.0
3278 3693.87353515625 2523.7154541015625 3.386450778248104 1650.0 1500.0 0 0.0 0.0 0.0 0.0
3295 3709.683837890625 2519.7628173828125 357.14801358987916 1650.0 1500.0 0 0.0 0.0 0.0 0.0
3312 3725.494140625 2511.8575439453125 349.7487463937111 1650.0 1500.0 0 0.0 0.0 0.0 0.0
3328 3745.257080078125 2511.8575439453125 346.3261950829922 1650.0 1500.0 0 0.0 0.0 0.0 0.0
3345 3757.11474609375 2511.8575439453125 344.4792172584052 1650.0 1500.0 0 0.0 0.0 0.0 0.0
3364 3765.019775390625 2511.8575439453125 343.33368179926055 1650.0 1500.0 0 0.0 0.0 0.0 0.0
3381 3776.877685546875 2511.8575439453125 341.7896880469437 1650.0 1500.0 0 0.0 0.0 0.0 0.0
3398 3784.78271484375 2511.8575439453125 340.83283649582177 1650.0 1500.0 0 0.0 0.0 0.0 0.0
3429 3792.687744140625 2519.7628173828125 343.92900009227253 1650.0 1500.0 0 0.0 0.0 0.0 0.0
3430 3792.687744140625 2519.7628173828125 343.92898472800493 1650.0 1500.0 0 0.0 0.0 0.0 0.0
3446 3796.640380859375 2519.7628173828125 343.3554347003868 1650.0 1500.0 0 0.0 0.0 0.0 0.0
3462 3800.593017578125 2527.6678466796875 346.871344285351 1650.0 1500.0 0 0.0 0.0 0.0 0.0
3478 3800.593017578125 2531.6204833984375 348.9538314016067 1650.0 1500.0 0 0.0 0.0 0.0 0.0
3528 3800.593017578125 2535.5731201171875 351.0069038644276 1650.0 1500.0 0 0.0 0.0 0.0 0.0
3545 3800.593017578125 2543.4781494140625 354.98693072013054 1650.0 1500.0 0 0.0 0.0 0.0 0.0
3562 3800.593017578125 2551.3834228515625 358.82468367763823 1650.0 1500.0 0 0.0 0.0 0.0 0.0
3578 3800.593017578125 2555.3358154296875 0.7043410787349842 1650.0 1500.0 0 0.0 0.0 0.0 0.0
3595 3800.593017578125 2563.2410888671875 4.308815076976373 1650.0 1500.0 0 0.0 0.0 0.0 0.0
3612 3800.593017578125 2571.1461181640625 7.749837877956423 1650.0 1500.0 0 0.0 0.0 0.0 0.0
3628 3792.687744140625 2579.0513916015625 14.050948690019823 1650.0 1500.0 0 0.0 0.0 0.0 0.0
3646 3784.78271484375 2590.9090576171875 21.628343441186075 1650.0 1500.0 0 0.0 0.0 0.0 0.0
3662 3776.877685546875 2598.8140869140625 27.733012285451196 1650.0 1500.0 0 0.0 0.0 0.0 0.0
3678 3765.019775390625 2598.8140869140625 33.80944168915505 1650.0 1500.0 0 0.0 0.0 0.0 0.0
3695 3765.019775390625 2602.7667236328125 34.70326663813785 1650.0 1500.0 0 0.0 0.0 0.0 0.0
3745 3761.0673828125 2602.7667236328125 36.77038500276066 1650.0 1500.0 0 0.0 0.0 0.0 0.0
3798 3757.11474609375 2602.7667236328125 38.86625749161999 1650.0 1500.0 0 0.0 0.0 0.0 0.0
3814 3753.162109375 2602.7667236328125 40.98817378745616 1650.0 1500.0 0 0.0 0.0 0.0 0.0
3830 3749.20947265625 2602.7667236328125 43.13352229254315 1650.0 1500.0 0 0.0 0.0 0.0 0.0
3846 3745.257080078125 2602.7667236328125 45.29939018140297 1650.0 1500.0 0 0.0 0.0 0.0 0.0
4328 3749.20947265625 2602.7667236328125 43.15391531308177 1650.0 1500.0 0 0.0 0.0 0.0 0.0
4361 3753.162109375 2602.7667236328125 41.031488199550836 1650.0 1500.0 0 0.0 0.0 0.0 0.0
4378 3757.11474609375 2602.7667236328125 38.93469320301688 1650.0 1500.0 0 0.0 0.0 0.0 0.0
4395 3765.019775390625 2602.7667236328125 34.85489889711627 1650.0 1500.0 0 0.0 0.0 0.0 0.0
4428 3768.972412109375 2602.7667236328125 32.848689145436964 1650.0 1500.0 0 0.0 0.0 0.0 0.0
4445 3772.925048828125 2602.7667236328125 30.876574880302286 1650.0 1500.0 0 0.0 0.0 0.0 0.0
4463 3776.877685546875 2602.7667236328125 28.940390071029896 1650.0 1500.0 0 0.0 0.0 0.0 0.0
4511 3780.830078125 2602.7667236328125 27.041601501902875 1650.0 1500.0 0 0.0 0.0 0.0 0.0
4745 3780.830078125 2598.8140869140625 25.84481267572508 1650.0 1500.0 0 0.0 0.0 0.0 0.0