0 1982.3931560516357 630.2920227050781 210.95702413436194 3540.0 1400.0 0 655.1361255645752 2228.461284160614 345.70979414633774 10.0
10 1991.0636882781982 630.2920227050781 214.15796696899417 3540.0 1400.0 0 655.1361255645752 2228.461284160614 345.70979414633774 10.0
27 1995.3988933563232 625.9567565917969 214.13106515662213 3540.0 1400.0 0 655.1361255645752 2228.461284160614 345.70979414633774 10.0
43 2004.0694255828857 625.9567565917969 217.15700497096572 3540.0 1400.0 0 655.1361255645752 2228.461284160614 345.70979414633774 10.0
60 2012.7399578094482 621.6214904785156 218.36766853755935 3540.0 1400.0 0 655.1361255645752 2228.461284160614 345.70979414633774 10.0
77 2017.0752849578857 621.6214904785156 219.79971291615385 3540.0 1400.0 0 655.1361255645752 2228.461284160614 345.70979414633774 10.0
93 2025.7456951141357 621.6214904785156 222.4941022309091 3540.0 1400.0 0 655.1361255645752 2228.461284160614 345.70979414633774 10.0
110 2034.4162273406982 617.2862854003906 223.27606548440056 3540.0 1400.0 0 655.1361255645752 2228.461284160614 345.70979414633774 10.0
134 2038.7515544891357 617.2862854003906 224.5557495477432 3540.0 1400.0 0 655.1361255645752 2228.461284160614 345.70979414633774 10.0
143 2043.0867595672607 617.2862854003906 225.79422526702348 3540.0 1400.0 0 655.1361255645752 2228.461284160614 345.70979414633774 10.0
160 2047.4220867156982 617.2862854003906 226.9923746864543 3540.0 1400.0 0 655.1361255645752 2228.461284160614 345.70979414633774 10.0
177 2051.7572917938232 617.2862854003906 228.15095194379535 3540.0 1400.0 0 655.1361255645752 2228.461284160614 345.70979414633774 10.0
193 2056.0926189422607 617.2862854003906 229.2708967869109 3540.0 1400.0 0 655.1361255645752 2228.461284160614 345.70979414633774 10.0
227 2060.4278240203857 617.2862854003906 230.3530326079006 3540.0 1400.0 0 655.1361255645752 2228.461284160614 345.70979414633774 10.0
243 2064.7630290985107 617.2862854003906 231.39832354719329 3540.0 1400.0 0 655.1361255645752 2228.461284160614 345.70979414633774 10.0
277 2069.0983562469482 617.2862854003906 232.40774288648907 3540.0 1400.0 0 655.1361255645752 2228.461284160614 345.70979414633774 10.0
293 2073.4336833953857 617.2862854003906 233.38218245329045 3540.0 1400.0 0 655.1361255645752 2228.461284160614 345.70979414633774 10.0
327 2073.4336833953857 621.6214904785156 235.48089797488825 3540.0 1400.0 0 655.1361255645752 2228.461284160614 345.70979414633774 10.0
343 2077.7688884735107 621.6214904785156 236.3472380735384 3540.0 1400.0 0 655.1361255645752 2228.461284160614 345.70979414633774 10.0
361 2077.7688884735107 625.9567565917969 238.4902750354064 3540.0 1400.0 0 655.1361255645752 2228.461284160614 345.70979414633774 10.0
410 2077.7688884735107 630.2920227050781 240.66160544931165 3540.0 1400.0 0 655.1361255645752 2228.461284160614 345.70979414633774 10.0
526 2082.1040935516357 630.2920227050781 241.34084712138878 3540.0 1400.0 0 655.1361255645752 2228.461284160614 345.70979414633774 10.0
660 2077.7688884735107 634.6272888183594 242.91896155023898 3540.0 1400.0 0 655.1361255645752 2228.461284160614 345.70979414633774 10.0
677 2073.4336833953857 634.6272888183594 242.27536584841602 3540.0 1400.0 0 655.1361255645752 2228.461284160614 345.70979414633774 10.0
693 2064.7630290985107 634.6272888183594 240.88187193959982 3540.0 1400.0 0 655.1361255645752 2228.461284160614 345.70979414633774 10.0
710 2051.7572917938232 634.6272888183594 238.52484366269923 3540.0 1400.0 0 655.1361255645752 2228.461284160614 345.70979414633774 10.0
727 2043.0867595672607 638.9625549316406 239.15246692225094 3540.0 1400.0 0 655.1361255645752 2228.461284160614 345.70979414633774 10.0
743 2034.4162273406982 638.9625549316406 237.50530212379658 3540.0 1400.0 0 655.1361255645752 2228.461284160614 345.70979414633774 10.0
760 2025.7456951141357 638.9625549316406 235.72673470036852 3540.0 1400.0 0 655.1361255645752 2228.461284160614 345.70979414633774 10.0
777 2021.4104900360107 643.2978210449219 237.00632778683018 3540.0 1400.0 0 655.1361255645752 2228.461284160614 345.70979414633774 10.0
794 2017.0752849578857 643.2978210449219 236.13206366052597 3540.0 1400.0 0 655.1361255645752 2228.461284160614 345.70979414633774 10.0
810 2012.7399578094482 643.2978210449219 235.22446844033576 3540.0 1400.0 0 655.1361255645752 2228.461284160614 345.70979414633774 10.0
827 2008.4047527313232 643.2978210449219 234.28262367217468 3540.0 1400.0 0 655.1361255645752 2228.461284160614 345.70979414633774 10.0
860 2004.0694255828857 647.6330871582031 235.4829168116974 3540.0 1400.0 0 655.1361255645752 2228.461284160614 345.70979414633774 10.0
993 2008.4047527313232 647.6330871582031 236.34920711371393 3540.0 1400.0 0 655.1361255645752 2228.461284160614 345.70979414633774 10.0
1027 2012.7399578094482 647.6330871582031 237.1845999122022 3540.0 1400.0 0 655.1361255645752 2228.461284160614 345.70979414633774 10.0
1077 2012.7399578094482 651.9683532714844 239.33905371897794 3540.0 1400.0 0 655.1361255645752 2228.461284160614 345.70979414633774 10.0
1093 2017.0752849578857 651.9683532714844 240.06658097503387 3540.0 1400.0 0 655.1361255645752 2228.461284160614 345.70979414633774 10.0
1193 2021.4104900360107 651.9683532714844 240.76759339069548 3540.0 1400.0 0 655.1361255645752 2228.461284160614 345.70979414633774 10.0
1227 2021.4104900360107 656.3036193847656 242.9655226990521 3540.0 1400.0 0 655.1361255645752 2228.461284160614 345.70979414633774 10.0
1277 2030.0810222625732 660.6388854980469 246.18161813470107 3540.0 1400.0 0 655.1361255645752 2228.461284160614 345.70979414633774 10.0
1294 2034.4162273406982 660.6388854980469 246.65609047251755 3540.0 1400.0 0 655.1361255645752 2228.461284160614 345.70979414633774 10.0
1327 2038.7515544891357 660.6388854980469 247.11276371867348 3540.0 1400.0 0 655.1361255645752 2228.461284160614 345.70979414633774 10.0
1360 2043.0867595672607 660.6388854980469 247.5522236733815 3540.0 1400.0 0 655.1361255645752 2228.461284160614 345.70979414633774 10.0
1377 2043.0867595672607 664.9741516113281 249.8080908439287 3540.0 1400.0 0 655.1361255645752 2228.461284160614 345.70979414633774 10.0
1410 2047.4220867156982 664.9741516113281 250.1457824455374 3540.0 1400.0 0 655.1361255645752 2228.461284160614 345.70979414633774 10.0
1427 2051.7572917938232 664.9741516113281 250.47066172929686 3540.0 1400.0 0 655.1361255645752 2228.461284160614 345.70979414633774 10.0
1460 2056.0926189422607 669.3093566894531 252.96870894098987 3540.0 1400.0 0 655.1361255645752 2228.461284160614 345.70979414633774 10.0
1477 2064.7630290985107 669.3093566894531 253.38768209022365 3540.0 1400.0 0 655.1361255645752 2228.461284160614 345.70979414633774 10.0
1510 2069.0983562469482 673.6446228027344 255.7822702764546 3540.0 1400.0 0 655.1361255645752 2228.461284160614 345.70979414633774 10.0
1527 2073.4336833953857 673.6446228027344 255.89225045001768 3540.0 1400.0 0 655.1361255645752 2228.461284160614 345.70979414633774 10.0
1543 2077.7688884735107 673.6446228027344 255.9980042412825 3540.0 1400.0 0 655.1361255645752 2228.461284160614 345.70979414633774 10.0
1560 2082.1040935516357 673.6446228027344 256.09969905726143 3540.0 1400.0 0 655.1361255645752 2228.461284160614 345.70979414633774 10.0
1577 2086.4392986297607 677.9798889160156 258.39308481720184 3540.0 1400.0 0 655.1361255645752 2228.461284160614 345.70979414633774 10.0
1593 2090.7747478485107 677.9798889160156 258.4030969064344 3540.0 1400.0 0 655.1361255645752 2228.461284160614 345.70979414633774 10.0
1611 2095.1099529266357 682.3151550292969 260.6069420345134 3540.0 1400.0 0 655.1361255645752 2228.461284160614 345.70979414633774 10.0
1627 2099.4451580047607 682.3151550292969 260.5321292602795 3540.0 1400.0 0 655.1361255645752 2228.461284160614 345.70979414633774 10.0
1643 2103.7803630828857 686.6504211425781 262.65038841953367 3540.0 1400.0 0 655.1361255645752 2228.461284160614 345.70979414633774 10.0
1727 2108.1155681610107 686.6504211425781 262.4974094615227 3540.0 1400.0 0 655.1361255645752 2228.461284160614 345.70979414633774 10.0
1843 2112.4510173797607 686.6504211425781 262.35026126072427 3540.0 1400.0 0 655.1361255645752 2228.461284160614 345.70979414633774 10.0
2010 2108.1155681610107 686.6504211425781 262.50348325262433 3540.0 1400.0 0 655.1361255645752 2228.461284160614 345.70979414633774 10.0
2043 2103.7803630828857 686.6504211425781 262.66303939936165 3540.0 1400.0 0 655.1361255645752 2228.461284160614 345.70979414633774 10.0
2060 2095.1099529266357 686.6504211425781 263.0097256815351 3540.0 1400.0 0 655.1361255645752 2228.461284160614 345.70979414633774 10.0
2077 2090.7747478485107 686.6504211425781 263.19025648193696 3540.0 1400.0 0 655.1361255645752 2228.461284160614 345.70979414633774 10.0
2093 2086.4392986297607 686.6504211425781 263.378222442436 3540.0 1400.0 0 655.1361255645752 2228.461284160614 345.70979414633774 10.0
2110 2082.1040935516357 686.6504211425781 263.5739982452161 3540.0 1400.0 0 655.1361255645752 2228.461284160614 345.70979414633774 10.0
2127 2077.7688884735107 682.3151550292969 261.4031637904277 3540.0 1400.0 0 655.1361255645752 2228.461284160614 345.70979414633774 10.0
2143 2073.4336833953857 682.3151550292969 261.517182848015 3540.0 1400.0 0 655.1361255645752 2228.461284160614 345.70979414633774 10.0
2160 2069.0983562469482 682.3151550292969 261.63592850167487 3540.0 1400.0 0 655.1361255645752 2228.461284160614 345.70979414633774 10.0
2177 2064.7630290985107 682.3151550292969 261.75957700083455 3540.0 1400.0 0 655.1361255645752 2228.461284160614 345.70979414633774 10.0
2193 2064.7630290985107 677.9798889160156 259.47680386433274 3540.0 1400.0 0 655.1361255645752 2228.461284160614 345.70979414633774 10.0
2210 2060.4278240203857 677.9798889160156 259.51094316612966 3540.0 1400.0 0 655.1361255645752 2228.461284160614 345.70979414633774 10.0
2243 2056.0926189422607 677.9798889160156 259.54652204684925 3540.0 1400.0 0 655.1361255645752 2228.461284160614 345.70979414633774 10.0
2527 2060.4278240203857 677.9798889160156 259.5123166129373 3540.0 1400.0 0 655.1361255645752 2228.461284160614 345.70979414633774 10.0
2577 2064.7630290985107 677.9798889160156 259.47943160332926 3540.0 1400.0 0 655.1361255645752 2228.461284160614 345.70979414633774 10.0
2927 2069.0983562469482 677.9798889160156 259.4478144276082 3540.0 1400.0 0 655.1361255645752 2228.461284160614 345.70979414633774 10.0
2928 2069.0983562469482 677.9798889160156 259.4478144276082 3540.0 1400.0 0 655.1361255645752 2228.461284160614 345.70979414633774 9.902171344212377
3010 2069.0983562469482 682.3151550292969 261.7275447793566 3540.0 1400.0 0 655.1361255645752 2228.461284160614 345.70979414633774 9.902171344212377
3011 2069.0983562469482 682.3151550292969 261.7275447793566 3540.0 1400.0 0 655.1361255645752 2228.461284160614 345.70979414633774 10.27542974621008
3043 2073.4336833953857 686.6504211425781 263.7966112382691 3540.0 1400.0 0 655.1361255645752 2228.461284160614 345.70979414633774 10.27542974621008
3060 2073.4336833953857 686.6504211425781 263.7966112382691 3540.0 1400.0 0 655.1361255645752 2228.461284160614 345.70979414633774 10.64801813064878
3077 2073.4336833953857 686.6504211425781 263.7966112382691 3540.0 1400.0 0 655.1361255645752 2228.461284160614 345.70979414633774 11.019927798954768
3093 2073.4336833953857 686.6504211425781 263.7966112382691 3540.0 1400.0 0 655.1361255645752 2228.461284160614 345.70979414633774 11.76155205998225
3110 2073.4336833953857 686.6504211425781 263.7966112382691 3540.0 1400.0 0 655.1361255645752 2228.461284160614 345.70979414633774 12.194020722172695
3127 2073.4336833953857 686.6504211425781 263.7966112382691 3540.0 1400.0 0 655.1361255645752 2228.461284160614 345.70979414633774 12.9355243697089
3150 2073.4336833953857 690.9856872558594 266.0605558035386 3540.0 1400.0 0 655.1361255645752 2228.461284160614 345.70979414633774 12.9355243697089
3151 2073.4336833953857 690.9856872558594 266.0605558035386 3540.0 1400.0 0 655.1361255645752 2228.461284160614 345.70979414633774 13.375591612263179
3161 2077.7688884735107 690.9856872558594 265.7775149807021 3540.0 1400.0 0 655.1361255645752 2228.461284160614 345.70979414633774 13.375591612263179
3162 2077.7688884735107 690.9856872558594 265.7775149807021 3540.0 1400.0 0 655.1361255645752 2228.461284160614 345.70979414633774 14.116329196618722
3177 2077.7688884735107 695.3209533691406 268.03002761333755 3540.0 1400.0 0 655.1361255645752 2228.461284160614 345.70979414633774 14.116329196618722
3178 2077.7688884735107 695.3209533691406 268.03002761333755 3540.0 1400.0 0 655.1361255645752 2228.461284160614 345.70979414633774 14.643186399357262
3194 2077.7688884735107 695.3209533691406 268.03002761333755 3540.0 1400.0 0 655.1361255645752 2228.461284160614 345.70979414633774 15.015656863496815
3210 2082.1040935516357 695.3209533691406 267.67225401779547 3540.0 1400.0 0 655.1361255645752 2228.461284160614 345.70979414633774 15.015656863496815
3211 2082.1040935516357 695.3209533691406 267.67225401779547 3540.0 1400.0 0 655.1361255645752 2228.461284160614 345.70979414633774 15.844793062909616
3227 2082.1040935516357 699.6562194824219 269.91130470480033 3540.0 1400.0 0 655.1361255645752 2228.461284160614 345.70979414633774 15.844793062909616
3228 2082.1040935516357 699.6562194824219 269.91130470480033 3540.0 1400.0 0 655.1361255645752 2228.461284160614 345.70979414633774 16.307088027892632
3244 2086.4392986297607 703.9914855957031 271.6235025829891 3540.0 1400.0 0 655.1361255645752 2228.461284160614 345.70979414633774 16.307088027892632
3245 2086.4392986297607 703.9914855957031 271.6235025829891 3540.0 1400.0 0 655.1361255645752 2228.461284160614 345.70979414633774 16.773940617974063
3260 2086.4392986297607 703.9914855957031 271.6235025829891 3540.0 1400.0 0 655.1361255645752 2228.461284160614 345.70979414633774 17.245366443246326
3277 2086.4392986297607 703.9914855957031 271.6235025829891 3540.0 1400.0 0 655.1361255645752 2228.461284160614 345.70979414633774 17.619954375464317
3294 2086.4392986297607 708.3267517089844 273.8268823556525 3540.0 1400.0 0 655.1361255645752 2228.461284160614 345.70979414633774 17.619954375464317
3295 2086.4392986297607 708.3267517089844 273.8268823556525 3540.0 1400.0 0 655.1361255645752 2228.461284160614 345.70979414633774 18.47107408754482
3310 2090.7747478485107 708.3267517089844 273.25160221263866 3540.0 1400.0 0 655.1361255645752 2228.461284160614 345.70979414633774 18.47107408754482
3311 2090.7747478485107 708.3267517089844 273.25160221263866 3540.0 1400.0 0 655.1361255645752 2228.461284160614 345.70979414633774 19.06438112650835
3327 2095.1099529266357 712.6619567871094 274.80902735762834 3540.0 1400.0 0 655.1361255645752 2228.461284160614 345.70979414633774 19.06438112650835
3328 2095.1099529266357 712.6619567871094 274.80902735762834 3540.0 1400.0 0 655.1361255645752 2228.461284160614 345.70979414633774 19.554899004345316
3343 2095.1099529266357 716.9972229003906 276.97622940595863 3540.0 1400.0 0 655.1361255645752 2228.461284160614 345.70979414633774 19.554899004345316
3360 2099.4451580047607 716.9972229003906 276.284894845267 3540.0 1400.0 0 655.1361255645752 2228.461284160614 345.70979414633774 19.554899004345316
3361 2099.4451580047607 716.9972229003906 276.284894845267 3540.0 1400.0 0 655.1361255645752 2228.461284160614 345.70979414633774 20.04990969549698
3377 2099.4451580047607 721.3324890136719 278.4331353092461 3540.0 1400.0 0 655.1361255645752 2228.461284160614 345.70979414633774 20.04990969549698
3378 2099.4451580047607 721.3324890136719 278.4331353092461 3540.0 1400.0 0 655.1361255645752 2228.461284160614 345.70979414633774 20.549421855010053
3402 2116.7862224578857 721.3324890136719 275.7484795753343 3540.0 1400.0 0 655.1361255645752 2228.461284160614 345.70979414633774 22.18339270335133
3410 2125.4566326141357 725.6677551269531 276.52037372514894 3540.0 1400.0 0 655.1361255645752 2228.461284160614 345.70979414633774 22.18339270335133
3411 2125.4566326141357 725.6677551269531 276.52037372514894 3540.0 1400.0 0 655.1361255645752 2228.461284160614 345.70979414633774 22.693139400804853
3428 2134.1272869110107 725.6677551269531 275.21881051582244 3540.0 1400.0 0 655.1361255645752 2228.461284160614 345.70979414633774 22.693139400804853
3429 2134.1272869110107 725.6677551269531 275.21881051582244 3540.0 1400.0 0 655.1361255645752 2228.461284160614 345.70979414633774 23.438393788288636
3445 2138.4624919891357 730.0030212402344 276.6829320237688 3540.0 1400.0 0 655.1361255645752 2228.461284160614 345.70979414633774 23.438393788288636
3447 2138.4624919891357 730.0030212402344 276.6829320237688 3540.0 1400.0 0 655.1361255645752 2228.461284160614 345.70979414633774 23.952834150690194
3461 2142.7976970672607 734.3382873535156 278.07659281456915 3540.0 1400.0 0 655.1361255645752 2228.461284160614 345.70979414633774 23.952834150690194
3462 2142.7976970672607 734.3382873535156 278.07659281456915 3540.0 1400.0 0 655.1361255645752 2228.461284160614 345.70979414633774 24.32288386524408
3477 2147.1331462860107 738.6735534667969 279.40247812241205 3540.0 1400.0 0 655.1361255645752 2228.461284160614 345.70979414633774 24.32288386524408
3478 2147.1331462860107 738.6735534667969 279.40247812241205 3540.0 1400.0 0 655.1361255645752 2228.461284160614 345.70979414633774 24.84147724498405
3493 2147.1331462860107 738.6735534667969 279.40247812241205 3540.0 1400.0 0 655.1361255645752 2228.461284160614 345.70979414633774 24.99388307801604
3510 2151.4683513641357 738.6735534667969 278.6229846110557 3540.0 1400.0 0 655.1361255645752 2228.461284160614 345.70979414633774 24.99388307801604
3511 2151.4683513641357 738.6735534667969 278.6229846110557 3540.0 1400.0 0 655.1361255645752 2228.461284160614 345.70979414633774 25.364037386416612
3527 2155.8035564422607 743.0088195800781 279.9221768609565 3540.0 1400.0 0 655.1361255645752 2228.461284160614 345.70979414633774 25.364037386416612
3528 2155.8035564422607 743.0088195800781 279.9221768609565 3540.0 1400.0 0 655.1361255645752 2228.461284160614 345.70979414633774 25.89049878490215
3543 2155.8035564422607 747.3440856933594 282.0178944483096 3540.0 1400.0 0 655.1361255645752 2228.461284160614 345.70979414633774 25.89049878490215
3544 2155.8035564422607 747.3440856933594 282.0178944483096 3540.0 1400.0 0 655.1361255645752 2228.461284160614 345.70979414633774 26.05087332393265
3560 2160.1387615203857 747.3440856933594 281.1447651047223 3540.0 1400.0 0 655.1361255645752 2228.461284160614 345.70979414633774 26.05087332393265
3561 2160.1387615203857 747.3440856933594 281.1447651047223 3540.0 1400.0 0 655.1361255645752 2228.461284160614 345.70979414633774 26.420830513462192
3577 2164.4739665985107 751.6793518066406 282.3192022965245 3540.0 1400.0 0 655.1361255645752 2228.461284160614 345.70979414633774 26.420830513462192
3578 2164.4739665985107 751.6793518066406 282.3192022965245 3540.0 1400.0 0 655.1361255645752 2228.461284160614 345.70979414633774 26.954991688503867
3593 2168.8094158172607 756.0145568847656 283.43480528561906 3540.0 1400.0 0 655.1361255645752 2228.461284160614 345.70979414633774 26.954991688503867
3594 2168.8094158172607 756.0145568847656 283.43480528561906 3540.0 1400.0 0 655.1361255645752 2228.461284160614 345.70979414633774 27.123442640132907
3610 2168.8094158172607 756.0145568847656 283.43480528561906 3540.0 1400.0 0 655.1361255645752 2228.461284160614 345.70979414633774 27.49290909753222
3627 2173.1446208953857 760.3498229980469 284.49424216157973 3540.0 1400.0 0 655.1361255645752 2228.461284160614 345.70979414633774 27.49290909753222
3628 2173.1446208953857 760.3498229980469 284.49424216157973 3540.0 1400.0 0 655.1361255645752 2228.461284160614 345.70979414633774 28.21116767050711
3656 2181.8150310516357 764.6850891113281 284.5535276198814 3540.0 1400.0 0 655.1361255645752 2228.461284160614 345.70979414633774 28.21116767050711
3657 2181.8150310516357 764.6850891113281 284.55349684889336 3540.0 1400.0 0 655.1361255645752 2228.461284160614 345.70979414633774 29.31357157551014
3658 2181.8150310516357 764.6850891113281 284.55349684889336 3540.0 1400.0 0 655.1361255645752 2228.461284160614 345.70979414633774 29.31357157551014
3672 2181.8150310516357 769.0203552246094 286.5706855222253 3540.0 1400.0 0 655.1361255645752 2228.461284160614 345.70979414633774 29.31357157551014
3673 2181.8150310516357 769.0203552246094 286.5706855222253 3540.0 1400.0 0 655.1361255645752 2228.461284160614 345.70979414633774 29.500831783346314
3688 2186.1504802703857 769.0203552246094 285.53846337483424 3540.0 1400.0 0 655.1361255645752 2228.461284160614 345.70979414633774 29.87010850590002
3703 2186.1504802703857 769.0203552246094 285.53846337483424 3540.0 1400.0 0 655.1361255645752 2228.461284160614 345.70979414633774 30.625780469325093
3727 2190.4856853485107 773.3556213378906 286.49102201860904 3540.0 1400.0 0 655.1361255645752 2228.461284160614 345.70979414633774 30.625780469325093
3744 2194.8208904266357 777.6908874511719 287.39483206890407 3540.0 1400.0 0 655.1361255645752 2228.461284160614 345.70979414633774 31.395851734790995
3760 2199.1560955047607 777.6908874511719 286.3345083294448 3540.0 1400.0 0 655.1361255645752 2228.461284160614 345.70979414633774 31.395851734790995
3761 2199.1560955047607 777.6908874511719 286.3345083294448 3540.0 1400.0 0 655.1361255645752 2228.461284160614 345.70979414633774 31.971058159793074
3777 2199.1560955047607 782.0261535644531 288.3181638385358 3540.0 1400.0 0 655.1361255645752 2228.461284160614 345.70979414633774 31.971058159793074
3778 2199.1560955047607 782.0261535644531 288.3181638385358 3540.0 1400.0 0 655.1361255645752 2228.461284160614 345.70979414633774 32.180470149672715
3794 2207.8267498016357 786.3614196777344 288.06475859952593 3540.0 1400.0 0 655.1361255645752 2228.461284160614 345.70979414633774 32.54948971846221
3810 2212.1619548797607 790.6966857910156 288.8875154094694 3540.0 1400.0 0 655.1361255645752 2228.461284160614 345.70979414633774 32.54948971846221
3811 2212.1619548797607 790.6966857910156 288.8875154094694 3540.0 1400.0 0 655.1361255645752 2228.461284160614 345.70979414633774 32.76322243743414
3827 2216.4971599578857 795.0319519042969 289.66766288299084 3540.0 1400.0 0 655.1361255645752 2228.461284160614 345.70979414633774 32.76322243743414
3828 2216.4971599578857 795.0319519042969 289.66766288299084 3540.0 1400.0 0 655.1361255645752 2228.461284160614 345.70979414633774 33.34911817969902
3843 2220.8323650360107 799.3671569824219 290.40729342009524 3540.0 1400.0 0 655.1361255645752 2228.461284160614 345.70979414633774 33.34911817969902
3844 2220.8323650360107 799.3671569824219 290.40729342009524 3540.0 1400.0 0 655.1361255645752 2228.461284160614 345.70979414633774 33.5699900385348
3860 2238.1734294891357 808.0376892089844 289.62340551572225 3540.0 1400.0 0 655.1361255645752 2228.461284160614 345.70979414633774 33.5699900385348
3861 2238.1734294891357 808.0376892089844 289.62340551572225 3540.0 1400.0 0 655.1361255645752 2228.461284160614 345.70979414633774 34.89370816422576
3878 2246.8440837860107 812.3729553222656 289.2634353610197 3540.0 1400.0 0 655.1361255645752 2228.461284160614 345.70979414633774 34.89370816422576
3879 2246.8440837860107 812.3729553222656 289.2634353610197 3540.0 1400.0 0 655.1361255645752 2228.461284160614 345.70979414633774 35.25454883387181
3893 2255.5144939422607 821.0434875488281 290.7096824178003 3540.0 1400.0 0 655.1361255645752 2228.461284160614 345.70979414633774 35.25454883387181
3894 2255.5144939422607 821.0434875488281 290.7096824178003 3540.0 1400.0 0 655.1361255645752 2228.461284160614 345.70979414633774 35.846125387203074
3910 2264.1851482391357 825.3787536621094 290.26109480116895 3540.0 1400.0 0 655.1361255645752 2228.461284160614 345.70979414633774 35.846125387203074
3911 2264.1851482391357 825.3787536621094 290.26109480116895 3540.0 1400.0 0 655.1361255645752 2228.461284160614 345.70979414633774 36.2024310746952
3927 2268.5203533172607 834.0492858886719 292.76163740416985 3540.0 1400.0 0 655.1361255645752 2228.461284160614 345.70979414633774 36.2024310746952
3928 2268.5203533172607 834.0492858886719 292.76163740416985 3540.0 1400.0 0 655.1361255645752 2228.461284160614 345.70979414633774 36.440227376085545
3944 2272.8555583953857 838.3845520019531 293.3395542266254 3540.0 1400.0 0 655.1361255645752 2228.461284160614 345.70979414633774 36.440227376085545
3960 2277.1907634735107 847.0550231933594 295.61524317322886 3540.0 1400.0 0 655.1361255645752 2228.461284160614 345.70979414633774 36.440227376085545
3977 2285.8614177703857 851.3902893066406 294.7684552444226 3540.0 1400.0 0 655.1361255645752 2228.461284160614 345.70979414633774 36.440227376085545
3978 2285.8614177703857 851.3902893066406 294.7684552444226 3540.0 1400.0 0 655.1361255645752 2228.461284160614 345.70979414633774 36.681001057348226
3994 2290.1966228485107 860.0608215332031 296.9380494535934 3540.0 1400.0 0 655.1361255645752 2228.461284160614 345.70979414633774 36.681001057348226
4010 2298.8670330047607 868.7313537597656 297.6170566517052 3540.0 1400.0 0 655.1361255645752 2228.461284160614 345.70979414633774 36.681001057348226
4011 2298.8670330047607 868.7313537597656 297.6170566517052 3540.0 1400.0 0 655.1361255645752 2228.461284160614 345.70979414633774 36.924796269714534
4027 2307.5376873016357 877.4018859863281 298.22751290732765 3540.0 1400.0 0 655.1361255645752 2228.461284160614 345.70979414633774 36.924796269714534
4028 2307.5376873016357 877.4018859863281 298.22751290732765 3540.0 1400.0 0 655.1361255645752 2228.461284160614 345.70979414633774 37.28173856654939
4044 2316.2080974578857 886.0723571777344 298.77640402321316 3540.0 1400.0 0 655.1361255645752 2228.461284160614 345.70979414633774 37.52976575545523
4060 2329.2139568328857 894.7428894042969 297.96959476099823 3540.0 1400.0 0 655.1361255645752 2228.461284160614 345.70979414633774 37.52976575545523
4077 2337.8843669891357 899.0781555175781 296.9333437234762 3540.0 1400.0 0 655.1361255645752 2228.461284160614 345.70979414633774 37.52976575545523
4078 2337.8843669891357 899.0781555175781 296.9333437234762 3540.0 1400.0 0 655.1361255645752 2228.461284160614 345.70979414633774 38.13698821440704
4094 2346.5550212860107 907.7486877441406 297.6127282190638 3540.0 1400.0 0 655.1361255645752 2228.461284160614 345.70979414633774 38.39236308226026
4110 2359.5608806610107 916.4192199707031 296.9516190498837 3540.0 1400.0 0 655.1361255645752 2228.461284160614 345.70979414633774 38.39236308226026
4127 2368.2312908172607 920.7544860839844 295.9971998886939 3540.0 1400.0 0 655.1361255645752 2228.461284160614 345.70979414633774 38.39236308226026
4144 2381.2371501922607 929.4250183105469 295.53857108791226 3540.0 1400.0 0 655.1361255645752 2228.461284160614 345.70979414633774 38.39236308226026
4145 2381.2371501922607 929.4250183105469 295.53857108791226 3540.0 1400.0 0 655.1361255645752 2228.461284160614 345.70979414633774 39.00593559047496
4161 2389.9075603485107 933.7602233886719 294.69805771168456 3540.0 1400.0 0 655.1361255645752 2228.461284160614 345.70979414633774 39.00593559047496
4177 2402.9134197235107 938.0955505371094 292.7494186902399 3540.0 1400.0 0 655.1361255645752 2228.461284160614 345.70979414633774 39.00593559047496
4178 2402.9134197235107 938.0955505371094 292.7494186902399 3540.0 1400.0 0 655.1361255645752 2228.461284160614 345.70979414633774 39.62149602649828
4194 2411.5838298797607 942.4307556152344 292.13487282167125 3540.0 1400.0 0 655.1361255645752 2228.461284160614 345.70979414633774 39.62149602649828
4211 2420.2544841766357 951.1012878417969 293.29565834051834 3540.0 1400.0 0 655.1361255645752 2228.461284160614 345.70979414633774 39.62149602649828
4212 2420.2544841766357 951.1012878417969 293.29565834051834 3540.0 1400.0 0 655.1361255645752 2228.461284160614 345.70979414633774 40.23889138013283
4227 2433.2600994110107 955.4364929199219 291.4991680449237 3540.0 1400.0 0 655.1361255645752 2228.461284160614 345.70979414633774 40.23889138013283
4228 2433.2600994110107 955.4364929199219 291.4991680449237 3540.0 1400.0 0 655.1361255645752 2228.461284160614 345.70979414633774 40.58599844138354
4244 2441.9307537078857 955.4364929199219 289.17992838351074 3540.0 1400.0 0 655.1361255645752 2228.461284160614 345.70979414633774 40.8580056697831
4261 2454.9366130828857 959.7718200683594 287.8341647730882 3540.0 1400.0 0 655.1361255645752 2228.461284160614 345.70979414633774 40.8580056697831
4262 2454.9366130828857 959.7718200683594 287.8341647730882 3540.0 1400.0 0 655.1361255645752 2228.461284160614 345.70979414633774 41.478677382734645
4278 2463.6070232391357 959.7718200683594 285.75424508134626 3540.0 1400.0 0 655.1361255645752 2228.461284160614 345.70979414633774 41.478677382734645
4293 2476.6128826141357 959.7718200683594 282.9371996743297 3540.0 1400.0 0 655.1361255645752 2228.461284160614 345.70979414633774 41.478677382734645
4294 2476.6128826141357 959.7718200683594 282.9371996743297 3540.0 1400.0 0 655.1361255645752 2228.461284160614 345.70979414633774 42.384225132803294
4310 2489.6184978485107 959.7718200683594 280.3995931762945 3540.0 1400.0 0 655.1361255645752 2228.461284160614 345.70979414633774 42.384225132803294
4311 2489.6184978485107 959.7718200683594 280.3995931762945 3540.0 1400.0 0 655.1361255645752 2228.461284160614 345.70979414633774 43.01160264881969
4327 2506.9595623016357 942.4307556152344 269.6348645596229 3540.0 1400.0 0 655.1361255645752 2228.461284160614 345.70979414633774 43.01160264881969
4329 2506.9595623016357 942.4307556152344 269.6348645596229 3540.0 1400.0 0 655.1361255645752 2228.461284160614 345.70979414633774 43.348738034594135
4343 2519.9654216766357 916.4192199707031 256.1305175267546 3540.0 1400.0 0 655.1361255645752 2228.461284160614 345.70979414633774 43.348738034594135
4344 2519.9654216766357 916.4192199707031 256.1305175267546 3540.0 1400.0 0 655.1361255645752 2228.461284160614 345.70979414633774 43.93485704457504
4360 2528.6358318328857 894.7428894042969 245.94838258351263 3540.0 1400.0 0 655.1361255645752 2228.461284160614 345.70979414633774 43.93485704457504
4361 2528.6358318328857 894.7428894042969 245.94838258351263 3540.0 1400.0 0 655.1361255645752 2228.461284160614 345.70979414633774 44.5681488901634
4377 2541.6416912078857 868.7313537597656 235.91402238290203 3540.0 1400.0 0 655.1361255645752 2228.461284160614 345.70979414633774 44.5681488901634
4378 2541.6416912078857 868.7313537597656 235.91402238290203 3540.0 1400.0 0 655.1361255645752 2228.461284160614 345.70979414633774 45.20217740490068
4394 2545.9768962860107 842.7197570800781 225.62190192674848 3540.0 1400.0 0 655.1361255645752 2228.461284160614 345.70979414633774 45.50816426213163
4411 2554.6475505828857 816.7082214355469 218.15238248791175 3540.0 1400.0 0 655.1361255645752 2228.461284160614 345.70979414633774 46.14651379290717
4427 2558.9827556610107 799.3671569824219 213.34815405372422 3540.0 1400.0 0 655.1361255645752 2228.461284160614 345.70979414633774 46.14651379290717
4428 2558.9827556610107 799.3671569824219 213.34815405372422 3540.0 1400.0 0 655.1361255645752 2228.461284160614 345.70979414633774 46.78521805881462
4444 2558.9827556610107 786.3614196777344 208.9182920571322 3540.0 1400.0 0 655.1361255645752 2228.461284160614 345.70979414633774 47.10221238688945
4460 2563.3179607391357 773.3556213378906 206.51682252276083 3540.0 1400.0 0 655.1361255645752 2228.461284160614 345.70979414633774 47.10221238688945
4468 2563.3179607391357 773.3556213378906 206.51682252276083 3540.0 1400.0 0 655.1361255645752 2228.461284160614 345.70979414633774 47.422817679307286
4477 2563.3179607391357 760.3498229980469 202.68219296668642 3540.0 1400.0 0 655.1361255645752 2228.461284160614 345.70979414633774 47.422817679307286
4478 2563.3179607391357 760.3498229980469 202.68219296668642 3540.0 1400.0 0 655.1361255645752 2228.461284160614 345.70979414633774 48.396807606617415
4494 2563.3179607391357 751.6793518066406 200.2873060231975 3540.0 1400.0 0 655.1361255645752 2228.461284160614 345.70979414633774 48.396807606617415
4495 2563.3179607391357 751.6793518066406 200.2873060231975 3540.0 1400.0 0 655.1361255645752 2228.461284160614 345.70979414633774 48.714933333532315
4510 2563.3179607391357 747.3440856933594 199.12962436193772 3540.0 1400.0 0 655.1361255645752 2228.461284160614 345.70979414633774 48.714933333532315
4511 2563.3179607391357 747.3440856933594 199.12962436193772 3540.0 1400.0 0 655.1361255645752 2228.461284160614 345.70979414633774 49.69545202791329
4527 2563.3179607391357 738.6735534667969 196.9642021553961 3540.0 1400.0 0 655.1361255645752 2228.461284160614 345.70979414633774 49.69545202791329
4528 2563.3179607391357 738.6735534667969 196.9642021553961 3540.0 1400.0 0 655.1361255645752 2228.461284160614 345.70979414633774 50.03395814529375
4543 2563.3179607391357 730.0030212402344 194.942092096346 3540.0 1400.0 0 655.1361255645752 2228.461284160614 345.70979414633774 50.03395814529375
4544 2563.3179607391357 730.0030212402344 194.942092096346 3540.0 1400.0 0 655.1361255645752 2228.461284160614 345.70979414633774 50.685868958819015
4560 2558.9827556610107 721.3324890136719 191.0875652039253 3540.0 1400.0 0 655.1361255645752 2228.461284160614 345.70979414633774 50.685868958819015
4561 2558.9827556610107 721.3324890136719 191.0875652039253 3540.0 1400.0 0 655.1361255645752 2228.461284160614 345.70979414633774 51.031408654136555
4577 2558.9827556610107 716.9972229003906 190.24761922254672 3540.0 1400.0 0 655.1361255645752 2228.461284160614 345.70979414633774 51.031408654136555
4578 2558.9827556610107 716.9972229003906 190.24761922254672 3540.0 1400.0 0 655.1361255645752 2228.461284160614 345.70979414633774 51.33698346839867
4594 2554.6475505828857 712.6619567871094 187.3527347007235 3540.0 1400.0 0 655.1361255645752 2228.461284160614 345.70979414633774 52.03822190137498
4610 2550.3121013641357 708.3267517089844 184.5317351321013 3540.0 1400.0 0 655.1361255645752 2228.461284160614 345.70979414633774 52.03822190137498
4611 2550.3121013641357 708.3267517089844 184.5317351321013 3540.0 1400.0 0 655.1361255645752 2228.461284160614 345.70979414633774 52.33899554227321
4627 2550.3121013641357 703.9914855957031 183.93033209261964 3540.0 1400.0 0 655.1361255645752 2228.461284160614 345.70979414633774 52.33899554227321
4628 2550.3121013641357 703.9914855957031 183.93033209261964 3540.0 1400.0 0 655.1361255645752 2228.461284160614 345.70979414633774 52.99099872698014
4643 2545.9768962860107 703.9914855957031 181.70633989202116 3540.0 1400.0 0 655.1361255645752 2228.461284160614 345.70979414633774 52.99099872698014
4663 2537.3064861297607 699.6562194824219 176.8569061611239 3540.0 1400.0 0 655.1361255645752 2228.461284160614 345.70979414633774 53.641590414765574
4677 2532.9712810516357 699.6562194824219 174.58616467422547 3540.0 1400.0 0 655.1361255645752 2228.461284160614 345.70979414633774 53.641590414765574
4678 2532.9712810516357 699.6562194824219 174.58616467422547 3540.0 1400.0 0 655.1361255645752 2228.461284160614 345.70979414633774 54.00306615276668
4694 2528.6358318328857 695.3209533691406 172.16737422592632 3540.0 1400.0 0 655.1361255645752 2228.461284160614 345.70979414633774 54.00306615276668
4710 2524.3006267547607 695.3209533691406 169.88493956815856 3540.0 1400.0 0 655.1361255645752 2228.461284160614 345.70979414633774 54.00306615276668
4711 2524.3006267547607 695.3209533691406 169.88493956815856 3540.0 1400.0 0 655.1361255645752 2228.461284160614 345.70979414633774 54.654876895544476
4727 2515.6302165985107 695.3209533691406 165.32310522617212 3540.0 1400.0 0 655.1361255645752 2228.461284160614 345.70979414633774 54.654876895544476
4728 2515.6302165985107 695.3209533691406 165.32310522617212 3540.0 1400.0 0 655.1361255645752 2228.461284160614 345.70979414633774 55.02277877423643
4744 2511.2947673797607 690.9856872558594 163.26463416788482 3540.0 1400.0 0 655.1361255645752 2228.461284160614 345.70979414633774 55.39434417516975
4760 2506.9595623016357 686.6504211425781 161.29308569682308 3540.0 1400.0 0 655.1361255645752 2228.461284160614 345.70979414633774 55.39434417516975
4762 2506.9595623016357 686.6504211425781 161.29308569682308 3540.0 1400.0 0 655.1361255645752 2228.461284160614 345.70979414633774 55.675369013843124
4777 2498.2891521453857 686.6504211425781 156.82080703517107 3540.0 1400.0 0 655.1361255645752 2228.461284160614 345.70979414633774 55.675369013843124
4794 2493.9539470672607 682.3151550292969 155.13497346528698 3540.0 1400.0 0 655.1361255645752 2228.461284160614 345.70979414633774 56.42737917463256
4810 2489.6184978485107 682.3151550292969 152.93722877553483 3540.0 1400.0 0 655.1361255645752 2228.461284160614 345.70979414633774 56.42737917463256
4811 2489.6184978485107 682.3151550292969 152.93722877553483 3540.0 1400.0 0 655.1361255645752 2228.461284160614 345.70979414633774 56.70251922828453
4827 2480.9480876922607 677.9798889160156 149.37943064324492 3540.0 1400.0 0 655.1361255645752 2228.461284160614 345.70979414633774 56.70251922828453
4828 2480.9480876922607 677.9798889160156 149.37943064324492 3540.0 1400.0 0 655.1361255645752 2228.461284160614 345.70979414633774 57.08280868768895
4844 2476.6128826141357 673.6446228027344 148.04629677482438 3540.0 1400.0 0 655.1361255645752 2228.461284160614 345.70979414633774 57.735723638350066
4860 2467.9422283172607 673.6446228027344 143.89729069812955 3540.0 1400.0 0 655.1361255645752 2228.461284160614 345.70979414633774 57.735723638350066
4877 2463.6070232391357 669.3093566894531 142.8366598444225 3540.0 1400.0 0 655.1361255645752 2228.461284160614 345.70979414633774 57.735723638350066
4878 2463.6070232391357 669.3093566894531 142.8366598444225 3540.0 1400.0 0 655.1361255645752 2228.461284160614 345.70979414633774 58.38597627084232
4894 2454.9366130828857 669.3093566894531 138.87165326521773 3540.0 1400.0 0 655.1361255645752 2228.461284160614 345.70979414633774 59.16627294888622
4913 2450.6011638641357 664.9741516113281 138.06804459469686 3540.0 1400.0 0 655.1361255645752 2228.461284160614 345.70979414633774 59.16627294888622
4927 2441.9307537078857 660.6388854980469 135.49417650703896 3540.0 1400.0 0 655.1361255645752 2228.461284160614 345.70979414633774 59.16627294888622
4928 2441.9307537078857 660.6388854980469 135.49417650703896 3540.0 1400.0 0 655.1361255645752 2228.461284160614 345.70979414633774 59.817747714216694
4944 2441.9307537078857 656.3036193847656 136.70209014200213 3540.0 1400.0 0 655.1361255645752 2228.461284160614 345.70979414633774 60.46600674143457
4960 2433.2600994110107 656.3036193847656 132.9907034727243 3540.0 1400.0 0 655.1361255645752 2228.461284160614 345.70979414633774 60.46600674143457
4961 2433.2600994110107 656.3036193847656 132.9907034727243 3540.0 1400.0 0 655.1361255645752 2228.461284160614 345.70979414633774 60.865259661413745
4977 2428.9248943328857 651.9683532714844 132.49464739098613 3540.0 1400.0 0 655.1361255645752 2228.461284160614 345.70979414633774 60.865259661413745
4978 2428.9248943328857 651.9683532714844 132.49464739098613 3540.0 1400.0 0 655.1361255645752 2228.461284160614 345.70979414633774 61.67414699166892
4994 2420.2544841766357 647.6330871582031 130.32843233927952 3540.0 1400.0 0 655.1361255645752 2228.461284160614 345.70979414633774 61.67414699166892
4995 2420.2544841766357 647.6330871582031 130.32843233927952 3540.0 1400.0 0 655.1361255645752 2228.461284160614 345.70979414633774 62.3239556537701
5012 2415.9190349578857 643.2978210449219 129.97303109882836 3540.0 1400.0 0 655.1361255645752 2228.461284160614 345.70979414633774 62.3239556537701
5013 2415.9190349578857 643.2978210449219 129.97303109882836 3540.0 1400.0 0 655.1361255645752 2228.461284160614 345.70979414633774 62.73511726862591
5027 2411.5838298797607 634.6272888183594 130.95837415970107 3540.0 1400.0 0 655.1361255645752 2228.461284160614 345.70979414633774 62.73511726862591
5028 2411.5838298797607 634.6272888183594 130.95837415970107 3540.0 1400.0 0 655.1361255645752 2228.461284160614 345.70979414633774 62.96990216808774
5044 2407.2486248016357 630.2920227050781 130.569733640621 3540.0 1400.0 0 655.1361255645752 2228.461284160614 345.70979414633774 63.798308604545014
5060 2402.9134197235107 625.9567565917969 130.20172209501806 3540.0 1400.0 0 655.1361255645752 2228.461284160614 345.70979414633774 63.798308604545014
5061 2402.9134197235107 625.9567565917969 130.20172209501806 3540.0 1400.0 0 655.1361255645752 2228.461284160614 345.70979414633774 64.44268173927316
5078 2398.5782146453857 621.6214904785156 129.85321530454377 3540.0 1400.0 0 655.1361255645752 2228.461284160614 345.70979414633774 64.44268173927316
5079 2398.5782146453857 621.6214904785156 129.85321530454377 3540.0 1400.0 0 655.1361255645752 2228.461284160614 345.70979414633774 65.08268576259348
5094 2394.2427654266357 617.2862854003906 129.5229966937082 3540.0 1400.0 0 655.1361255645752 2228.461284160614 345.70979414633774 65.50397772858776
5110 2389.9075603485107 617.2862854003906 127.79648638401267 3540.0 1400.0 0 655.1361255645752 2228.461284160614 345.70979414633774 65.50397772858776
5111 2389.9075603485107 617.2862854003906 127.79648638401267 3540.0 1400.0 0 655.1361255645752 2228.461284160614 345.70979414633774 65.9284550157094
5127 2385.5723552703857 612.9510192871094 127.57576944881981 3540.0 1400.0 0 655.1361255645752 2228.461284160614 345.70979414633774 65.9284550157094
5129 2385.5723552703857 612.9510192871094 127.57576944881981 3540.0 1400.0 0 655.1361255645752 2228.461284160614 345.70979414633774 66.56559629659745
5144 2381.2371501922607 612.9510192871094 125.8996236853771 3540.0 1400.0 0 655.1361255645752 2228.461284160614 345.70979414633774 66.56559629659745
5145 2381.2371501922607 612.9510192871094 125.8996236853771 3540.0 1400.0 0 655.1361255645752 2228.461284160614 345.70979414633774 66.99394625183959
5164 2381.2371501922607 612.9510192871094 125.8996236853771 3540.0 1400.0 0 655.1361255645752 2228.461284160614 345.70979414633774 67.62681444990483
5177 2372.5664958953857 608.6157531738281 124.23632225026762 3540.0 1400.0 0 655.1361255645752 2228.461284160614 345.70979414633774 67.62681444990483
5178 2372.5664958953857 608.6157531738281 124.23632225026762 3540.0 1400.0 0 655.1361255645752 2228.461284160614 345.70979414633774 68.0587380509578
5194 2368.2312908172607 608.6157531738281 122.65075474445189 3540.0 1400.0 0 655.1361255645752 2228.461284160614 345.70979414633774 68.68689914937102
5227 2359.5608806610107 608.6157531738281 119.65457670457857 3540.0 1400.0 0 655.1361255645752 2228.461284160614 345.70979414633774 68.68689914937102
5228 2359.5608806610107 608.6157531738281 119.65457670457857 3540.0 1400.0 0 655.1361255645752 2228.461284160614 345.70979414633774 69.12209084620434
5244 2359.5608806610107 608.6157531738281 119.65457670457857 3540.0 1400.0 0 655.1361255645752 2228.461284160614 345.70979414633774 69.56017694274863
5260 2350.8902263641357 608.6157531738281 116.83182876794507 3540.0 1400.0 0 655.1361255645752 2228.461284160614 345.70979414633774 69.56017694274863
5262 2350.8902263641357 608.6157531738281 116.83182876794507 3540.0 1400.0 0 655.1361255645752 2228.461284160614 345.70979414633774 70.18327193224786
5277 2346.5550212860107 608.6157531738281 115.46414315635383 3540.0 1400.0 0 655.1361255645752 2228.461284160614 345.70979414633774 70.18327193224786
5278 2346.5550212860107 608.6157531738281 115.46414315635383 3540.0 1400.0 0 655.1361255645752 2228.461284160614 345.70979414633774 70.62419426599695
5294 2342.2198162078857 608.6157531738281 114.13913643475547 3540.0 1400.0 0 655.1361255645752 2228.461284160614 345.70979414633774 70.62419426599695
5311 2337.8843669891357 608.6157531738281 112.85598840297047 3540.0 1400.0 0 655.1361255645752 2228.461284160614 345.70979414633774 70.62419426599695
5312 2337.8843669891357 608.6157531738281 112.85598840297047 3540.0 1400.0 0 655.1361255645752 2228.461284160614 345.70979414633774 71.24156815725462
5327 2333.5491619110107 608.6157531738281 111.61416842376406 3540.0 1400.0 0 655.1361255645752 2228.461284160614 345.70979414633774 71.24156815725462
5344 2329.2139568328857 608.6157531738281 110.41277281237006 3540.0 1400.0 0 655.1361255645752 2228.461284160614 345.70979414633774 71.85314365787724
5360 2324.8787517547607 608.6157531738281 109.25095829950266 3540.0 1400.0 0 655.1361255645752 2228.461284160614 345.70979414633774 71.85314365787724
5377 2316.2080974578857 608.6157531738281 107.07762148911576 3540.0 1400.0 0 655.1361255645752 2228.461284160614 345.70979414633774 71.85314365787724
5378 2316.2080974578857 608.6157531738281 107.07762148911576 3540.0 1400.0 0 655.1361255645752 2228.461284160614 345.70979414633774 72.29627257831254
5405 2307.5376873016357 612.9510192871094 103.10718294192577 3540.0 1400.0 0 655.1361255645752 2228.461284160614 345.70979414633774 72.29627257831254
5416 2303.2024822235107 617.2862854003906 100.14598222816403 3540.0 1400.0 0 655.1361255645752 2228.461284160614 345.70979414633774 72.29627257831254
5417 2303.2024822235107 617.2862854003906 100.14598222816403 3540.0 1400.0 0 655.1361255645752 2228.461284160614 345.70979414633774 72.74193104477047
5427 2294.5318279266357 621.6214904785156 96.56784063108245 3540.0 1400.0 0 655.1361255645752 2228.461284160614 345.70979414633774 72.74193104477047
5428 2294.5318279266357 621.6214904785156 96.56784063108245 3540.0 1400.0 0 655.1361255645752 2228.461284160614 345.70979414633774 73.19011170374915
5444 2285.8614177703857 625.9567565917969 93.2095620688429 3540.0 1400.0 0 655.1361255645752 2228.461284160614 345.70979414633774 73.19011170374915
5461 2277.1907634735107 634.6272888183594 87.95932707422622 3540.0 1400.0 0 655.1361255645752 2228.461284160614 345.70979414633774 73.19011170374915
5465 2277.1907634735107 634.6272888183594 87.95932707422622 3540.0 1400.0 0 655.1361255645752 2228.461284160614 345.70979414633774 73.34670151623794
5478 2268.5203533172607 638.9625549316406 85.17235938532161 3540.0 1400.0 0 655.1361255645752 2228.461284160614 345.70979414633774 73.34670151623794
5479 2268.5203533172607 638.9625549316406 85.17235938532161 3540.0 1400.0 0 655.1361255645752 2228.461284160614 345.70979414633774 73.79424439984473
5494 2259.8496990203857 643.2978210449219 82.58172684339587 3540.0 1400.0 0 655.1361255645752 2228.461284160614 345.70979414633774 73.79424439984473
5510 2251.1792888641357 651.9683532714844 78.05979528090967 3540.0 1400.0 0 655.1361255645752 2228.461284160614 345.70979414633774 73.79424439984473
5512 2251.1792888641357 651.9683532714844 78.05979528090967 3540.0 1400.0 0 655.1361255645752 2228.461284160614 345.70979414633774 74.24418515506568
5527 2242.5086345672607 651.9683532714844 78.10364697346989 3540.0 1400.0 0 655.1361255645752 2228.461284160614 345.70979414633774 74.24418515506568
5544 2233.8382244110107 656.3036193847656 76.03198226987945 3540.0 1400.0 0 655.1361255645752 2228.461284160614 345.70979414633774 74.24418515506568
5545 2233.8382244110107 656.3036193847656 76.03198226987945 3540.0 1400.0 0 655.1361255645752 2228.461284160614 345.70979414633774 74.69646163211462
5560 2225.1678142547607 660.6388854980469 74.11741465044105 3540.0 1400.0 0 655.1361255645752 2228.461284160614 345.70979414633774 74.69646163211462
5577 2220.8323650360107 664.9741516113281 72.10959819674639 3540.0 1400.0 0 655.1361255645752 2228.461284160614 345.70979414633774 74.69646163211462
5578 2220.8323650360107 664.9741516113281 72.10959819674639 3540.0 1400.0 0 655.1361255645752 2228.461284160614 345.70979414633774 75.15106093242434
5594 2212.1619548797607 664.9741516113281 72.59168944705795 3540.0 1400.0 0 655.1361255645752 2228.461284160614 345.70979414633774 75.15106093242434
5595 2212.1619548797607 664.9741516113281 72.59168944705795 3540.0 1400.0 0 655.1361255645752 2228.461284160614 345.70979414633774 75.29264308536108
5610 2203.4913005828857 669.3093566894531 70.94228616922908 3540.0 1400.0 0 655.1361255645752 2228.461284160614 345.70979414633774 75.29264308536108
5611 2203.4913005828857 669.3093566894531 70.94228616922908 3540.0 1400.0 0 655.1361255645752 2228.461284160614 345.70979414633774 75.7462248252192
5627 2194.8208904266357 673.6446228027344 69.4216149719918 3540.0 1400.0 0 655.1361255645752 2228.461284160614 345.70979414633774 75.7462248252192
5644 2190.4856853485107 673.6446228027344 69.77392244639094 3540.0 1400.0 0 655.1361255645752 2228.461284160614 345.70979414633774 75.7462248252192
5645 2190.4856853485107 673.6446228027344 69.77392244639094 3540.0 1400.0 0 655.1361255645752 2228.461284160614 345.70979414633774 76.20198413301387
5668 2181.8150310516357 677.9798889160156 68.34510133398902 3540.0 1400.0 0 655.1361255645752 2228.461284160614 345.70979414633774 76.65989156489218
5677 2177.4798259735107 682.3151550292969 66.5898417719439 3540.0 1400.0 0 655.1361255645752 2228.461284160614 345.70979414633774 76.65989156489218
5694 2173.1446208953857 682.3151550292969 67.04897078901735 3540.0 1400.0 0 655.1361255645752 2228.461284160614 345.70979414633774 76.65989156489218
5695 2173.1446208953857 682.3151550292969 67.04897078901735 3540.0 1400.0 0 655.1361255645752 2228.461284160614 345.70979414633774 77.11987747758519
5710 2164.4739665985107 686.6504211425781 65.83607342471964 3540.0 1400.0 0 655.1361255645752 2228.461284160614 345.70979414633774 77.11987747758519
5727 2160.1387615203857 686.6504211425781 66.32349808340643 3540.0 1400.0 0 655.1361255645752 2228.461284160614 345.70979414633774 77.11987747758519
5728 2160.1387615203857 686.6504211425781 66.32349808340643 3540.0 1400.0 0 655.1361255645752 2228.461284160614 345.70979414633774 77.58192243761266
5744 2155.8035564422607 686.6504211425781 66.79263723207777 3540.0 1400.0 0 655.1361255645752 2228.461284160614 345.70979414633774 77.58192243761266
5760 2151.4683513641357 690.9856872558594 65.10805783488598 3540.0 1400.0 0 655.1361255645752 2228.461284160614 345.70979414633774 77.58192243761266
5762 2151.4683513641357 690.9856872558594 65.10805783488598 3540.0 1400.0 0 655.1361255645752 2228.461284160614 345.70979414633774 78.04595362060059
5777 2147.1331462860107 690.9856872558594 65.62270433208386 3540.0 1400.0 0 655.1361255645752 2228.461284160614 345.70979414633774 78.04595362060059
5794 2142.7976970672607 695.3209533691406 63.99212313575032 3540.0 1400.0 0 655.1361255645752 2228.461284160614 345.70979414633774 78.04595362060059
5795 2142.7976970672607 695.3209533691406 63.99212313575032 3540.0 1400.0 0 655.1361255645752 2228.461284160614 345.70979414633774 78.51194889757733
5810 2138.4624919891357 695.3209533691406 64.54835181875481 3540.0 1400.0 0 655.1361255645752 2228.461284160614 345.70979414633774 78.51194889757733
5827 2134.1272869110107 695.3209533691406 65.08388857399262 3540.0 1400.0 0 655.1361255645752 2228.461284160614 345.70979414633774 78.51194889757733
5828 2134.1272869110107 695.3209533691406 65.08388857399262 3540.0 1400.0 0 655.1361255645752 2228.461284160614 345.70979414633774 78.9798323280998
5844 2129.7920818328857 699.6562194824219 63.47835002293854 3540.0 1400.0 0 655.1361255645752 2228.461284160614 345.70979414633774 78.9798323280998
5860 2125.4566326141357 699.6562194824219 64.0536945082323 3540.0 1400.0 0 655.1361255645752 2228.461284160614 345.70979414633774 78.9798323280998
5861 2125.4566326141357 699.6562194824219 64.0536945082323 3540.0 1400.0 0 655.1361255645752 2228.461284160614 345.70979414633774 79.44957914074143
5894 2121.1214275360107 703.9914855957031 62.49636985653109 3540.0 1400.0 0 655.1361255645752 2228.461284160614 345.70979414633774 79.44957914074143
5895 2121.1214275360107 703.9914855957031 62.49636985653109 3540.0 1400.0 0 655.1361255645752 2228.461284160614 345.70979414633774 79.92111036360626
5921 2116.7862224578857 703.9914855957031 63.10807972833649 3540.0 1400.0 0 655.1361255645752 2228.461284160614 345.70979414633774 79.92111036360626
5944 2116.7862224578857 703.9914855957031 63.10807972833649 3540.0 1400.0 0 655.1361255645752 2228.461284160614 345.70979414633774 80.39439865432286
5961 2112.4510173797607 708.3267517089844 61.59542345629535 3540.0 1400.0 0 655.1361255645752 2228.461284160614 345.70979414633774 80.39439865432286
5962 2112.4510173797607 708.3267517089844 61.59542345629535 3540.0 1400.0 0 655.1361255645752 2228.461284160614 345.70979414633774 80.86936211404787
5977 2108.1155681610107 708.3267517089844 62.24040482371987 3540.0 1400.0 0 655.1361255645752 2228.461284160614 345.70979414633774 80.86936211404787
5978 2108.1155681610107 708.3267517089844 62.24040482371987 3540.0 1400.0 0 655.1361255645752 2228.461284160614 345.70979414633774 81.34595747732374
5994 2108.1155681610107 712.6619567871094 60.07645793817264 3540.0 1400.0 0 655.1361255645752 2228.461284160614 345.70979414633774 81.34595747732374
6027 2103.7803630828857 712.6619567871094 60.77709976651602 3540.0 1400.0 0 655.1361255645752 2228.461284160614 345.70979414633774 81.34595747732374
6028 2103.7803630828857 712.6619567871094 60.77709976651602 3540.0 1400.0 0 655.1361255645752 2228.461284160614 345.70979414633774 81.82414036993953
6045 2103.7803630828857 716.9972229003906 58.63213595173531 3540.0 1400.0 0 655.1361255645752 2228.461284160614 345.70979414633774 81.82414036993953
6060 2099.4451580047607 716.9972229003906 59.38534177449148 3540.0 1400.0 0 655.1361255645752 2228.461284160614 345.70979414633774 81.82414036993953
6061 2099.4451580047607 716.9972229003906 59.38534177449148 3540.0 1400.0 0 655.1361255645752 2228.461284160614 345.70979414633774 82.30382474226786
6094 2095.1099529266357 716.9972229003906 60.11117727990563 3540.0 1400.0 0 655.1361255645752 2228.461284160614 345.70979414633774 82.30382474226786
6095 2095.1099529266357 716.9972229003906 60.11117727990563 3540.0 1400.0 0 655.1361255645752 2228.461284160614 345.70979414633774 82.78497726024574
6127 2095.1099529266357 716.9972229003906 60.11117727990563 3540.0 1400.0 0 655.1361255645752 2228.461284160614 345.70979414633774 82.70144640499859
6528 2095.1099529266357 716.9972229003906 60.11117727990563 3540.0 1400.0 0 655.1361255645752 2228.461284160614 345.70979414633774 82.70144640499859
6545 2095.1099529266357 716.9972229003906 60.11117727990563 3540.0 1400.0 0 655.1361255645752 2228.461284160614 345.70979414633774 82.70144640499859
6560 2095.1099529266357 716.9972229003906 60.11117727990563 3540.0 1400.0 0 655.1361255645752 2228.461284160614 345.70979414633774 82.70144640499859
6577 2095.1099529266357 716.9972229003906 60.11117727990563 3540.0 1400.0 0 655.1361255645752 2228.461284160614 345.70979414633774 82.70144640499859
6594 2095.1099529266357 716.9972229003906 60.11117727990563 3540.0 1400.0 0 655.1361255645752 2228.461284160614 345.70979414633774 82.70144640499859
6611 2095.1099529266357 716.9972229003906 60.11117727990563 3540.0 1400.0 0 655.1361255645752 2228.461284160614 345.70979414633774 82.70144640499859
6627 2095.1099529266357 716.9972229003906 60.11117727990563 3540.0 1400.0 0 655.1361255645752 2228.461284160614 345.70979414633774 82.70144640499859
6644 2095.1099529266357 716.9972229003906 60.11117727990563 3540.0 1400.0 0 655.1361255645752 2228.461284160614 345.70979414633774 82.70144640499859
6661 2095.1099529266357 716.9972229003906 60.11117727990563 3540.0 1400.0 0 655.1361255645752 2228.461284160614 345.70979414633774 82.70144640499859
6677 2141.235420227051 694.6422348022461 56.764182701781095 3540.0 1400.0 0 655.1361255645752 2228.461284160614 345.70979414633774 82.70144640499859
6697 2132.564765930176 698.9775009155273 53.65473515003086 3540.0 1400.0 0 655.1361255645752 2228.461284160614 345.70979414633774 82.70144640499859
6711 2123.894355773926 703.3127059936523 50.77357779467647 3540.0 1400.0 0 655.1361255645752 2228.461284160614 345.70979414633774 82.70144640499859
6728 2115.223701477051 707.6479721069336 48.109832262602 3540.0 1400.0 0 655.1361255645752 2228.461284160614 345.70979414633774 82.70144640499859
6744 2106.553291320801 707.6479721069336 47.892412900631626 3540.0 1400.0 0 655.1361255645752 2228.461284160614 345.70979414633774 82.70144640499859
6760 2102.2179641723633 707.6479721069336 47.78811658970275 3540.0 1400.0 0 655.1361255645752 2228.461284160614 345.70979414633774 82.70144640499859
6777 2097.8827590942383 707.6479721069336 47.68805946519379 3540.0 1400.0 0 655.1361255645752 2228.461284160614 345.70979414633774 82.70144640499859
6794 2093.547431945801 707.6479721069336 47.5920770787088 3540.0 1400.0 0 655.1361255645752 2228.461284160614 345.70979414633774 82.70144640499859
6827 2089.212226867676 707.6479721069336 47.49998791194693 3540.0 1400.0 0 655.1361255645752 2228.461284160614 345.70979414633774 82.70144640499859
6844 2084.8768997192383 707.6479721069336 47.41164004640652 3540.0 1400.0 0 655.1361255645752 2228.461284160614 345.70979414633774 82.70144640499859
6861 2080.5416946411133 707.6479721069336 47.32687937371466 3540.0 1400.0 0 655.1361255645752 2228.461284160614 345.70979414633774 82.70144640499859
6877 2071.871162414551 707.6479721069336 47.170620211874365 3540.0 1400.0 0 655.1361255645752 2228.461284160614 345.70979414633774 82.70144640499859
6894 2067.535957336426 707.6479721069336 47.095675349508866 3540.0 1400.0 0 655.1361255645752 2228.461284160614 345.70979414633774 82.70144640499859
6912 2058.8654251098633 707.6479721069336 46.95748652559254 3540.0 1400.0 0 655.1361255645752 2228.461284160614 345.70979414633774 82.70144640499859
6927 2050.194892883301 707.6479721069336 46.830094714896546 3540.0 1400.0 0 655.1361255645752 2228.461284160614 345.70979414633774 82.70144640499859
6944 2045.8595657348633 707.6479721069336 46.769004843848705 3540.0 1400.0 0 655.1361255645752 2228.461284160614 345.70979414633774 82.70144640499859
6960 2037.1890335083008 707.6479721069336 46.65633944119773 3540.0 1400.0 0 655.1361255645752 2228.461284160614 345.70979414633774 82.70144640499859
6977 2028.5185012817383 707.6479721069336 46.55249606308527 3540.0 1400.0 0 655.1361255645752 2228.461284160614 345.70979414633774 82.70144640499859
6994 2019.8480911254883 707.6479721069336 46.45676790154957 3540.0 1400.0 0 655.1361255645752 2228.461284160614 345.70979414633774 82.70144640499859
7011 2011.1775588989258 707.6479721069336 46.368513716023216 3540.0 1400.0 0 655.1361255645752 2228.461284160614 345.70979414633774 82.70144640499859
7028 2006.8422317504883 711.9832382202148 43.99522891027718 3540.0 1400.0 0 655.1361255645752 2228.461284160614 345.70979414633774 82.70144640499859
7044 1998.1716995239258 716.3185043334961 41.86310305013157 3540.0 1400.0 0 655.1361255645752 2228.461284160614 345.70979414633774 82.70144640499859
7061 1993.8364944458008 720.6537704467773 39.683544056630836 3540.0 1400.0 0 655.1361255645752 2228.461284160614 345.70979414633774 82.70144640499859
7077 1989.5011672973633 720.6537704467773 39.91284720945018 3540.0 1400.0 0 655.1361255645752 2228.461284160614 345.70979414633774 82.70144640499859
7094 1980.8306350708008 724.9890365600586 38.11238661918398 3540.0 1400.0 0 655.1361255645752 2228.461284160614 345.70979414633774 82.70144640499859
7115 1976.4954299926758 729.3243026733398 36.10310934901153 3540.0 1400.0 0 655.1361255645752 2228.461284160614 345.70979414633774 82.70144640499859
7127 1967.8248977661133 729.3243026733398 36.82191918859732 3540.0 1400.0 0 655.1361255645752 2228.461284160614 345.70979414633774 82.70144640499859
7144 1963.4896926879883 733.6595687866211 34.87301211905353 3540.0 1400.0 0 655.1361255645752 2228.461284160614 345.70979414633774 82.70144640499859
7161 1954.8191604614258 737.9948348999023 33.49154205472777 3540.0 1400.0 0 655.1361255645752 2228.461284160614 345.70979414633774 82.70144640499859
7177 1946.1486282348633 737.9948348999023 34.41185703804982 3540.0 1400.0 0 655.1361255645752 2228.461284160614 345.70979414633774 82.70144640499859
7194 1941.8133010864258 746.6653060913086 30.342448332903246 3540.0 1400.0 0 655.1361255645752 2228.461284160614 345.70979414633774 82.70144640499859
7211 1933.1428909301758 751.0005722045898 29.344648924203085 3540.0 1400.0 0 655.1361255645752 2228.461284160614 345.70979414633774 82.70144640499859
7227 1924.4723587036133 755.3358383178711 28.432067257827725 3540.0 1400.0 0 655.1361255645752 2228.461284160614 345.70979414633774 82.70144640499859
7244 1915.8018264770508 759.6711044311523 27.597599817523502 3540.0 1400.0 0 655.1361255645752 2228.461284160614 345.70979414633774 82.70144640499859
7260 1907.1312942504883 764.0063705444336 26.834687047506804 3540.0 1400.0 0 655.1361255645752 2228.461284160614 345.70979414633774 82.70144640499859
7277 1898.4607620239258 772.6769027709961 24.06696613635478 3540.0 1400.0 0 655.1361255645752 2228.461284160614 345.70979414633774 82.70144640499859
7294 1889.7902297973633 772.6769027709961 25.699623190386546 3540.0 1400.0 0 655.1361255645752 2228.461284160614 345.70979414633774 82.70144640499859
7310 1876.7844924926758 781.3474349975586 23.84664100291073 3540.0 1400.0 0 655.1361255645752 2228.461284160614 345.70979414633774 82.70144640499859
7327 1868.1139602661133 785.6827011108398 23.406761087442618 3540.0 1400.0 0 655.1361255645752 2228.461284160614 345.70979414633774 82.70144640499859
7344 1859.4434280395508 790.0179061889648 23.0048983400535 3540.0 1400.0 0 655.1361255645752 2228.461284160614 345.70979414633774 82.70144640499859
7361 1850.7728958129883 794.3531723022461 22.637752100933653 3540.0 1400.0 0 655.1361255645752 2228.461284160614 345.70979414633774 82.70144640499859
7377 1837.7671585083008 798.6884384155273 23.140627053508297 3540.0 1400.0 0 655.1361255645752 2228.461284160614 345.70979414633774 82.70144640499859
7394 1829.0966262817383 798.6884384155273 24.84164899353172 3540.0 1400.0 0 655.1361255645752 2228.461284160614 345.70979414633774 82.70144640499859
7410 1820.4260940551758 803.0237045288086 24.315888281817934 3540.0 1400.0 0 655.1361255645752 2228.461284160614 345.70979414633774 82.70144640499859
7428 1811.7555618286133 803.0237045288086 25.930110031727537 3540.0 1400.0 0 655.1361255645752 2228.461284160614 345.70979414633774 82.70144640499859
7444 1798.7498245239258 807.3589706420898 26.043946057409897 3540.0 1400.0 0 655.1361255645752 2228.461284160614 345.70979414633774 82.70144640499859
7460 1790.0792922973633 811.6942367553711 25.41457972631588 3540.0 1400.0 0 655.1361255645752 2228.461284160614 345.70979414633774 82.70144640499859
7477 1781.4087600708008 816.0295028686523 24.839434937258233 3540.0 1400.0 0 655.1361255645752 2228.461284160614 345.70979414633774 82.70144640499859
7497 1772.7382278442383 816.0295028686523 26.414809613204767 3540.0 1400.0 0 655.1361255645752 2228.461284160614 345.70979414633774 82.70144640499859
7510 1764.0676956176758 820.3647689819336 25.75354907745384 3540.0 1400.0 0 655.1361255645752 2228.461284160614 345.70979414633774 82.70144640499859
7527 1755.3971633911133 820.3647689819336 27.26085176847556 3540.0 1400.0 0 655.1361255645752 2228.461284160614 345.70979414633774 82.70144640499859
7544 1746.7266311645508 820.3647689819336 28.655234336990333 3540.0 1400.0 0 655.1361255645752 2228.461284160614 345.70979414633774 82.70144640499859
7562 1733.7208938598633 820.3647689819336 30.5187435451453 3540.0 1400.0 0 655.1361255645752 2228.461284160614 345.70979414633774 82.70144640499859
7577 1725.0503616333008 824.7000350952148 29.50594268249833 3540.0 1400.0 0 655.1361255645752 2228.461284160614 345.70979414633774 82.70144640499859
7594 1720.7150344848633 824.7000350952148 30.142451861870825 3540.0 1400.0 0 655.1361255645752 2228.461284160614 345.70979414633774 82.70144640499859
7610 1712.0446243286133 824.7000350952148 31.318900145963255 3540.0 1400.0 0 655.1361255645752 2228.461284160614 345.70979414633774 82.70144640499859
7627 1703.3740921020508 824.7000350952148 32.40569767631675 3540.0 1400.0 0 655.1361255645752 2228.461284160614 345.70979414633774 82.70144640499859
7644 1694.7035598754883 824.7000350952148 33.409347424854815 3540.0 1400.0 0 655.1361255645752 2228.461284160614 345.70979414633774 82.70144640499859
7660 1681.6977005004883 824.7000350952148 34.747897311726746 3540.0 1400.0 0 655.1361255645752 2228.461284160614 345.70979414633774 82.70144640499859
7678 1673.0271682739258 824.7000350952148 35.57143349868963 3540.0 1400.0 0 655.1361255645752 2228.461284160614 345.70979414633774 82.70144640499859
7694 1664.3567581176758 824.7000350952148 36.33136762787811 3540.0 1400.0 0 655.1361255645752 2228.461284160614 345.70979414633774 82.70144640499859
7710 1655.6862258911133 824.7000350952148 37.03252274486928 3540.0 1400.0 0 655.1361255645752 2228.461284160614 345.70979414633774 82.70144640499859
7728 1647.0156936645508 824.7000350952148 37.67932182514906 3540.0 1400.0 0 655.1361255645752 2228.461284160614 345.70979414633774 82.70144640499859
7744 1638.3451614379883 824.7000350952148 38.27594537037757 3540.0 1400.0 0 655.1361255645752 2228.461284160614 345.70979414633774 82.70144640499859
7760 1634.0098342895508 824.7000350952148 38.56221612719375 3540.0 1400.0 0 655.1361255645752 2228.461284160614 345.70979414633774 82.70144640499859
7777 1625.3394241333008 824.7000350952148 39.09022521109969 3540.0 1400.0 0 655.1361255645752 2228.461284160614 345.70979414633774 82.70144640499859
7794 1621.0040969848633 833.3705062866211 34.75489776047513 3540.0 1400.0 0 655.1361255645752 2228.461284160614 345.70979414633774 82.70144640499859
7810 1607.9983596801758 837.7057723999023 33.82720381562066 3540.0 1400.0 0 655.1361255645752 2228.461284160614 345.70979414633774 82.70144640499859
7827 1599.3278274536133 842.0410385131836 32.53377678544527 3540.0 1400.0 0 655.1361255645752 2228.461284160614 345.70979414633774 82.70144640499859
7844 1586.3219680786133 850.7115707397461 29.801719164008773 3540.0 1400.0 0 655.1361255645752 2228.461284160614 345.70979414633774 82.70144640499859
7860 1577.6515579223633 855.0468368530273 28.850053462344647 3540.0 1400.0 0 655.1361255645752 2228.461284160614 345.70979414633774 82.70144640499859
7877 1564.6456985473633 863.7173690795898 26.589224942293555 3540.0 1400.0 0 655.1361255645752 2228.461284160614 345.70979414633774 82.70144640499859
7894 1551.6399612426758 868.0526351928711 26.625158850104214 3540.0 1400.0 0 655.1361255645752 2228.461284160614 345.70979414633774 82.70144640499859
7910 1538.6341018676758 876.7231063842773 24.651995114472783 3540.0 1400.0 0 655.1361255645752 2228.461284160614 345.70979414633774 82.70144640499859
7927 1529.9636917114258 881.0583724975586 24.142587761528375 3540.0 1400.0 0 655.1361255645752 2228.461284160614 345.70979414633774 82.70144640499859
7944 1521.2931594848633 885.3936386108398 23.67714954204564 3540.0 1400.0 0 655.1361255645752 2228.461284160614 345.70979414633774 82.70144640499859
7960 1512.6226272583008 894.0641708374023 21.22506745210316 3540.0 1400.0 0 655.1361255645752 2228.461284160614 345.70979414633774 82.70144640499859
7977 1503.9520950317383 898.3994369506836 21.011886532301986 3540.0 1400.0 0 655.1361255645752 2228.461284160614 345.70979414633774 82.70144640499859
7994 1490.9463577270508 907.0699691772461 19.772201897516112 3540.0 1400.0 0 655.1361255645752 2228.461284160614 345.70979414633774 82.70144640499859
8010 1486.6110305786133 911.4052352905273 18.689682644172564 3540.0 1400.0 0 655.1361255645752 2228.461284160614 345.70979414633774 82.70144640499859
8027 1477.9404983520508 920.0757064819336 16.746798550277987 3540.0 1400.0 0 655.1361255645752 2228.461284160614 345.70979414633774 82.70144640499859
8044 1473.6052932739258 924.4109725952148 15.828419211238213 3540.0 1400.0 0 655.1361255645752 2228.461284160614 345.70979414633774 82.70144640499859
8060 1464.9347610473633 928.7462387084961 16.082507580687178 3540.0 1400.0 0 655.1361255645752 2228.461284160614 345.70979414633774 82.70144640499859
8077 1460.5994338989258 937.4167709350586 13.253809300780262 3540.0 1400.0 0 655.1361255645752 2228.461284160614 345.70979414633774 82.70144640499859
8094 1460.5994338989258 941.7520370483398 11.24109753076604 3540.0 1400.0 0 655.1361255645752 2228.461284160614 345.70979414633774 82.70144640499859
8110 1456.2642288208008 941.7520370483398 12.556414705860647 3540.0 1400.0 0 655.1361255645752 2228.461284160614 345.70979414633774 82.70144640499859
8144 1456.2642288208008 946.0873031616211 10.560001610722878 3540.0 1400.0 0 655.1361255645752 2228.461284160614 345.70979414633774 82.70144640499859
8178 1456.2642288208008 950.4225692749023 8.611886699076564 3540.0 1400.0 0 655.1361255645752 2228.461284160614 345.70979414633774 82.70144640499859
8244 1451.9289016723633 950.4225692749023 10.016521776847043 3540.0 1400.0 0 655.1361255645752 2228.461284160614 345.70979414633774 82.70144640499859
8277 1451.9289016723633 954.7578353881836 8.081919395255 3540.0 1400.0 0 655.1361255645752 2228.461284160614 345.70979414633774 82.70144640499859
8327 1451.9289016723633 959.0930404663086 6.19679942529973 3540.0 1400.0 0 655.1361255645752 2228.461284160614 345.70979414633774 82.70144640499859
8328 1451.9289016723633 959.0930404663086 6.19679942529973 3540.0 1400.0 0 657.8889999389648 2215.269468307495 302.26642139286764 82.70144640499859
8344 1451.9289016723633 959.0930404663086 6.19679942529973 3540.0 1400.0 0 657.8889999389648 2189.25799369812 244.9711186074312 82.70144640499859
8360 1451.9289016723633 959.0930404663086 6.19679942529973 3540.0 1400.0 0 657.8889999389648 2167.58172416687 221.86194550668307 82.70144640499859
8377 1451.9289016723633 959.0930404663086 6.19679942529973 3540.0 1400.0 0 657.8889999389648 2150.240659713745 211.35808229815441 82.70144640499859
8394 1451.9289016723633 963.4283676147461 4.361734576262478 3540.0 1400.0 0 657.8889999389648 2150.240659713745 211.35808229815441 82.70144640499859
8395 1451.9289016723633 963.4283676147461 4.361734576262478 3540.0 1400.0 0 653.5537338256836 2128.564390182495 198.96734757865755 82.70144640499859
8410 1451.9289016723633 963.4283676147461 4.361734576262478 3540.0 1400.0 0 644.8832015991211 2111.22332572937 186.10251567737555 82.70144640499859
8430 1451.9289016723633 963.4283676147461 4.361734576262478 3540.0 1400.0 0 644.8832015991211 2098.21746635437 190.24101082370748 82.70144640499859
8445 1451.9289016723633 963.4283676147461 4.361734576262478 3540.0 1400.0 0 636.2127304077148 2076.54119682312 182.88136600636034 82.70144640499859
8462 1451.9289016723633 963.4283676147461 4.361734576262478 3540.0 1400.0 0 636.2127304077148 2063.53533744812 188.18530437230635 82.70144640499859
8477 1451.9289016723633 963.4283676147461 4.361734576262478 3540.0 1400.0 0 631.8774642944336 2046.1945171356201 186.11056108921707 82.70144640499859
8494 1451.9289016723633 967.7635726928711 2.5772492026280247 3540.0 1400.0 0 631.8774642944336 2046.1945171356201 186.11056108921707 82.70144640499859
8495 1451.9289016723633 967.7635726928711 2.5772492026280247 3540.0 1400.0 0 631.8774642944336 2033.1886577606201 190.24622373120775 82.70144640499859
8510 1451.9289016723633 967.7635726928711 2.5772492026280247 3540.0 1400.0 0 627.5421981811523 2020.1827983856201 186.05047821777066 82.70144640499859
8527 1447.5936965942383 967.7635726928711 4.176388650058186 3540.0 1400.0 0 627.5421981811523 2020.1827983856201 186.05047821777066 82.70144640499859
8528 1447.5936965942383 967.7635726928711 4.176388650058186 3540.0 1400.0 0 627.5421981811523 2011.5122661590576 189.20089902988917 82.70144640499859
8544 1447.5936965942383 967.7635726928711 4.176388650058186 3540.0 1400.0 0 627.5421981811523 2002.8418560028076 191.48706080071503 82.70144640499859
8560 1447.5936965942383 972.0988998413086 2.3970365487523395 3540.0 1400.0 0 627.5421981811523 2002.8418560028076 191.48706080071503 82.70144640499859
8577 1443.2584915161133 972.0988998413086 4.001744643408443 3540.0 1400.0 0 627.5421981811523 2002.8418560028076 191.48706080071503 82.70144640499859
8627 1438.9231643676758 972.0988998413086 5.556382267821988 3540.0 1400.0 0 627.5421981811523 2002.8418560028076 191.48706080071503 82.70144640499859
8644 1438.9231643676758 976.4341049194336 3.7387907628699963 3540.0 1400.0 0 627.5421981811523 2002.8418560028076 191.48706080071503 82.70144640499859
8694 1434.5879592895508 976.4341049194336 5.3016532371058815 3540.0 1400.0 0 627.5421981811523 2002.8418560028076 191.48706080071503 82.70144640499859
8710 1434.5879592895508 976.4341049194336 5.3016532371058815 3540.0 1400.0 0 627.5421981811523 2007.1770610809326 190.07774820310885 82.70144640499859
8727 1430.2526321411133 980.7694320678711 5.020517769062138 3540.0 1400.0 0 627.5421981811523 2007.1770610809326 190.07774820310885 82.70144640499859
8728 1430.2526321411133 980.7694320678711 5.020517769062138 3540.0 1400.0 0 627.5421981811523 2011.5122661590576 188.34145502823287 82.70144640499859
8744 1430.2526321411133 980.7694320678711 5.020517769062138 3540.0 1400.0 0 627.5421981811523 2015.8475933074951 186.2045373141571 82.70144640499859
8760 1425.9174270629883 980.7694320678711 6.542709775036343 3540.0 1400.0 0 627.5421981811523 2015.8475933074951 186.2045373141571 82.70144640499859
8762 1425.9174270629883 980.7694320678711 6.542709775036343 3540.0 1400.0 0 627.5421981811523 2020.1827983856201 183.57999878252468 82.70144640499859
8777 1421.5820999145508 985.1046371459961 6.1917012972895975 3540.0 1400.0 0 627.5421981811523 2020.1827983856201 183.57999878252468 82.70144640499859
8778 1421.5820999145508 985.1046371459961 6.1917012972895975 3540.0 1400.0 0 627.5421981811523 2024.5181255340576 180.36520028984603 82.70144640499859
8794 1417.2468948364258 993.7751693725586 4.134696740184296 3540.0 1400.0 0 627.5421981811523 2024.5181255340576 180.36520028984603 82.70144640499859
8801 1417.2468948364258 993.7751693725586 4.134696740184296 3540.0 1400.0 0 627.5421981811523 2028.8534526824951 176.44387746744508 82.70144640499859
8811 1412.9115676879883 993.7751693725586 5.6851194441183 3540.0 1400.0 0 627.5421981811523 2028.8534526824951 176.44387746744508 82.70144640499859
8812 1412.9115676879883 993.7751693725586 5.6851194441183 3540.0 1400.0 0 627.5421981811523 2033.1886577606201 171.6903782228515 82.70144640499859
8827 1408.5763626098633 1002.4457015991211 3.6690607799860686 3540.0 1400.0 0 627.5421981811523 2033.1886577606201 171.6903782228515 82.70144640499859
8844 1404.2411575317383 1006.7809066772461 3.4801067316078047 3540.0 1400.0 0 627.5421981811523 2033.1886577606201 171.6903782228515 82.70144640499859
8861 1399.9058303833008 1015.4514389038086 1.6438079638478769 3540.0 1400.0 0 627.5421981811523 2033.1886577606201 171.6903782228515 82.70144640499859
8862 1399.9058303833008 1015.4514389038086 1.6438079638478769 3540.0 1400.0 0 627.5421981811523 2037.5238628387451 165.979986154369 82.70144640499859
8878 1395.5706253051758 1019.7867660522461 1.5693070985800546 3540.0 1400.0 0 627.5421981811523 2037.5238628387451 165.979986154369 82.70144640499859
8879 1395.5706253051758 1019.7867660522461 1.5693070985800546 3540.0 1400.0 0 627.5421981811523 2041.8590679168701 159.20640707461808 82.70144640499859
8894 1386.9000930786133 1024.121971130371 3.041669629915475 3540.0 1400.0 0 627.5421981811523 2041.8590679168701 159.20640707461808 82.70144640499859
8910 1386.9000930786133 1028.4572982788086 1.2945287750607122 3540.0 1400.0 0 627.5421981811523 2041.8590679168701 159.20640707461808 82.70144640499859
8911 1386.9000930786133 1028.4572982788086 1.2945287750607122 3540.0 1400.0 0 627.5421981811523 2046.1945171356201 151.3123216284373 82.70144640499859
8931 1378.2295608520508 1037.1277084350586 1.1910869444687933 3540.0 1400.0 0 627.5421981811523 2050.529722213745 142.3237997026726 82.70144640499859
8944 1378.2295608520508 1041.463035583496 359.4977975178331 3540.0 1400.0 0 627.5421981811523 2050.529722213745 142.3237997026726 82.70144640499859
8945 1378.2295608520508 1041.463035583496 359.4977975178331 3540.0 1400.0 0 627.5421981811523 2054.86492729187 132.38170689753883 82.70144640499859
8960 1369.5590286254883 1050.1335678100586 359.58673386968223 3540.0 1400.0 0 627.5421981811523 2054.86492729187 132.38170689753883 82.70144640499859
8961 1369.5590286254883 1050.1335678100586 359.58673386968223 3540.0 1400.0 0 627.5421981811523 2059.200132369995 121.7519171767587 82.70144640499859
8977 1365.2237014770508 1054.4687728881836 359.6287348034916 3540.0 1400.0 0 627.5421981811523 2059.200132369995 121.7519171767587 82.70144640499859
8978 1365.2237014770508 1054.4687728881836 359.6287348034916 3540.0 1400.0 0 627.5421981811523 2063.53533744812 110.79927421393842 82.70144640499859
8994 1356.5532913208008 1063.139305114746 359.7035488518487 3540.0 1400.0 0 627.5421981811523 2063.53533744812 110.79927421393842 82.70144640499859
8995 1356.5532913208008 1063.139305114746 359.7035488518487 3540.0 1400.0 0 627.5421981811523 2067.87078666687 99.92428600414331 82.70144640499859
9010 1352.2179641723633 1071.8098373413086 358.179694018699 3540.0 1400.0 0 627.5421981811523 2067.87078666687 99.92428600414331 82.70144640499859
9011 1352.2179641723633 1071.8098373413086 358.179694018699 3540.0 1400.0 0 627.5421981811523 2072.205991744995 89.49676704584607 82.70144640499859
9027 1343.5474319458008 1080.480369567871 358.4097294162019 3540.0 1400.0 0 627.5421981811523 2072.205991744995 89.49676704584607 82.70144640499859
9028 1343.5474319458008 1080.480369567871 358.4097294162019 3540.0 1400.0 0 627.5421981811523 2076.54119682312 79.79633622101375 82.70144640499859
9044 1334.8768997192383 1089.1509017944336 358.615139126313 3540.0 1400.0 0 627.5421981811523 2076.54119682312 79.79633622101375 82.70144640499859
9060 1330.5416946411133 1093.4861068725586 358.7120349417472 3540.0 1400.0 0 627.5421981811523 2076.54119682312 79.79633622101375 82.70144640499859
9078 1321.8711624145508 1097.821434020996 0.42192492289200345 3540.0 1400.0 0 627.5421981811523 2076.54119682312 79.79633622101375 82.70144640499859
9080 1321.8711624145508 1097.821434020996 0.42192492289200345 3540.0 1400.0 0 627.5421981811523 2080.876401901245 70.99692609089621 82.70144640499859
9094 1313.2006301879883 1102.156639099121 1.9900392123621486 3540.0 1400.0 0 627.5421981811523 2080.876401901245 70.99692609089621 82.70144640499859
9110 1304.5300979614258 1106.4919662475586 3.427104737265097 3540.0 1400.0 0 627.5421981811523 2080.876401901245 70.99692609089621 82.70144640499859
9111 1304.5300979614258 1106.4919662475586 3.427104737265097 3540.0 1400.0 0 627.5421981811523 2085.211851119995 63.172142646850176 82.70144640499859
9127 1300.1948928833008 1106.4919662475586 4.999767454266987 3540.0 1400.0 0 627.5421981811523 2085.211851119995 63.172142646850176 82.70144640499859
9144 1291.5243606567383 1106.4919662475586 7.951067042317447 3540.0 1400.0 0 627.5421981811523 2085.211851119995 63.172142646850176 82.70144640499859
9145 1291.5243606567383 1106.4919662475586 7.951067042317447 3540.0 1400.0 0 627.5421981811523 2089.54705619812 56.32073099633524 82.70144640499859
9181 1291.5243606567383 1106.4919662475586 7.951067042317447 3540.0 1400.0 0 627.5421981811523 2093.882261276245 50.38933513262535 82.70144640499859
9194 1334.8768997192383 1071.8098373413086 9.474963942708769 3540.0 1400.0 0 627.5421981811523 2093.882261276245 50.38933513262535 82.70144640499859
9195 1334.8768997192383 1071.8098373413086 9.474963942708769 3540.0 1400.0 0 627.5421981811523 2098.21746635437 45.29774056805178 82.70144640499859
9210 1477.9404983520508 998.1103744506836 212.3966242848478 3540.0 1400.0 0 627.5421981811523 2098.21746635437 45.29774056805178 82.70144640499859
9211 1477.9404983520508 998.1103744506836 212.3966242848478 3540.0 1400.0 0 623.2069320678711 2098.21746635437 54.087942188445766 82.70144640499859
9227 1686.0330276489258 898.3994369506836 203.60741989167974 3540.0 1400.0 0 623.2069320678711 2098.21746635437 54.087942188445766 82.70144640499859
9228 1686.0330276489258 898.3994369506836 203.60741989167974 3540.0 1400.0 0 618.8716659545898 2098.21746635437 61.90310656051449 82.70144640499859
9244 1937.4780960083008 790.0179061889648 202.44447014184567 3540.0 1400.0 0 618.8716659545898 2098.21746635437 61.90310656051449 82.70144640499859
9260 2197.593818664551 681.6364364624023 202.63796860033523 3540.0 1400.0 0 618.8716659545898 2098.21746635437 61.90310656051449 82.70144640499859
9277 2436.033027648926 590.5959701538086 203.91769645820065 3540.0 1400.0 0 618.8716659545898 2098.21746635437 61.90310656051449 82.70144640499859
9294 2626.784492492676 547.2433700561523 209.572211102847 3540.0 1400.0 0 618.8716659545898 2098.21746635437 61.90310656051449 82.70144640499859
9310 2765.512763977051 538.5728378295898 216.59363854666617 3540.0 1400.0 0 618.8716659545898 2098.21746635437 61.90310656051449 82.70144640499859
9328 2869.558906555176 542.9081039428711 222.20537771884884 3540.0 1400.0 0 618.8716659545898 2098.21746635437 61.90310656051449 82.70144640499859
9344 2938.923164367676 564.5844345092773 230.6954501770594 3540.0 1400.0 0 618.8716659545898 2098.21746635437 61.90310656051449 82.70144640499859
9360 2995.281562805176 599.2665023803711 240.95885906301743 3540.0 1400.0 0 618.8716659545898 2098.21746635437 61.90310656051449 82.70144640499859
9377 3034.298896789551 633.9485702514648 249.6828686344602 3540.0 1400.0 0 618.8716659545898 2098.21746635437 61.90310656051449 82.70144640499859
9394 3068.981025695801 664.2953720092773 254.89293670214192 3540.0 1400.0 0 618.8716659545898 2098.21746635437 61.90310656051449 82.70144640499859
9410 3112.333564758301 694.6422348022461 256.74349543820125 3540.0 1400.0 0 618.8716659545898 2098.21746635437 61.90310656051449 82.70144640499859
9435 3259.732490539551 720.6537704467773 244.00066173556615 3540.0 1400.0 0 618.8716659545898 2098.21746635437 61.90310656051449 82.70144640499859
9461 3372.449287414551 716.3185043334961 233.04412695914172 3540.0 1400.0 0 618.8716659545898 2098.21746635437 61.90310656051449 82.70144640499859
9477 3493.836494445801 672.9659042358398 217.74980697239155 3540.0 1400.0 0 618.8716659545898 2098.21746635437 61.90310656051449 82.70144640499859
9494 3610.888496398926 603.6017684936523 204.5536010304798 3540.0 1400.0 0 618.8716659545898 2098.21746635437 61.90310656051449 82.70144640499859
9510 3719.270088195801 508.22603607177734 192.49038512034986 3540.0 1400.0 0 618.8716659545898 2098.21746635437 61.90310656051449 82.70144640499859
9527 3818.981025695801 404.17977142333984 184.65715604916556 3540.0 1400.0 0 618.8716659545898 2098.21746635437 61.90310656051449 82.70144640499859
9544 3910.021553039551 308.80406951904297 181.4679874512545 3540.0 1400.0 0 618.8716659545898 2098.21746635437 61.90310656051449 82.70144640499859
9561 3983.720771789551 230.76937103271484 180.04581917417377 3540.0 1400.0 0 618.8716659545898 2098.21746635437 61.90310656051449 82.70144640499859
9577 4035.743965148926 178.74625396728516 180.16391874473135 3540.0 1400.0 0 618.8716659545898 2098.21746635437 61.90310656051449 82.70144640499859
9594 4074.761299133301 148.3994369506836 182.5381465141253 3540.0 1400.0 0 618.8716659545898 2098.21746635437 61.90310656051449 82.70144640499859
9610 4096.437568664551 139.72891998291016 186.39530906372823 3540.0 1400.0 0 618.8716659545898 2098.21746635437 61.90310656051449 82.70144640499859
9627 4109.443428039551 139.72891998291016 190.55620511880065 3540.0 1400.0 0 618.8716659545898 2098.21746635437 61.90310656051449 82.70144640499859
9644 4118.113838195801 139.72891998291016 193.14533866488512 3540.0 1400.0 0 618.8716659545898 2098.21746635437 61.90310656051449 82.70144640499859
9660 4122.449287414551 165.74047088623047 207.94842380312554 3540.0 1400.0 0 618.8716659545898 2098.21746635437 61.90310656051449 82.70144640499859
9685 4178.807685852051 235.1046371459961 239.48635891028067 3540.0 1400.0 0 618.8716659545898 2098.21746635437 61.90310656051449 82.70144640499859
9686 4178.807685852051 235.1046371459961 239.48635482104004 3540.0 1400.0 0 618.8716659545898 2098.21746635437 61.90310656051449 82.70144640499859
9710 4243.836494445801 265.4514694213867 243.9621721671699 3540.0 1400.0 0 618.8716659545898 2098.21746635437 61.90310656051449 82.70144640499859