0 2350.0 1500.0 0 1650.0 1500.0 0 0.0 0.0 0.0 0.0
208 2350.0 1500.0 0 1650.0 1500.0 0 0.0 0.0 0.0 0.0
226 2350.0 1500.0 0 1650.0 1500.0 0 0.0 0.0 0.0 0.0
243 2350.0 1500.0 0 1650.0 1500.0 0 0.0 0.0 0.0 0.0
259 2350.0 1500.0 0 1650.0 1500.0 0 0.0 0.0 0.0 0.0
276 2350.0 1500.0 0 1650.0 1500.0 0 0.0 0.0 0.0 0.0
293 2350.0 1500.0 0 1650.0 1500.0 0 0.0 0.0 0.0 0.0
309 2344.73681640625 1494.73681640625 357.06045405967416 1650.0 1500.0 0 0.0 0.0 0.0 0.0
327 2339.4736328125 1489.4736328125 354.2747528497667 1650.0 1500.0 0 0.0 0.0 0.0 0.0
343 2334.21044921875 1489.4736328125 351.2826515706701 1650.0 1500.0 0 0.0 0.0 0.0 0.0
359 2328.947265625 1484.2105712890625 348.8168195459572 1650.0 1500.0 0 0.0 0.0 0.0 0.0
377 2323.68408203125 1484.2105712890625 345.8738132232727 1650.0 1500.0 0 0.0 0.0 0.0 0.0
393 2318.421142578125 1478.9473876953125 343.72679376795566 1650.0 1500.0 0 0.0 0.0 0.0 0.0
409 2302.631591796875 1478.9473876953125 335.3796012422303 1650.0 1500.0 0 0.0 0.0 0.0 0.0
425 2297.368408203125 1473.6842041015625 333.893365030117 1650.0 1500.0 0 0.0 0.0 0.0 0.0
442 2286.842041015625 1473.6842041015625 328.65620345793644 1650.0 1500.0 0 0.0 0.0 0.0 0.0
459 2281.578857421875 1468.4210205078125 327.6158338311194 1650.0 1500.0 0 0.0 0.0 0.0 0.0
476 2276.315673828125 1468.4210205078125 325.0982315649374 1650.0 1500.0 0 0.0 0.0 0.0 0.0
492 2271.052734375 1468.4210205078125 322.6538307478359 1650.0 1500.0 0 0.0 0.0 0.0 0.0
509 2265.78955078125 1463.1578369140625 322.0215485823261 1650.0 1500.0 0 0.0 0.0 0.0 0.0
527 2260.5263671875 1463.1578369140625 319.6722202803811 1650.0 1500.0 0 0.0 0.0 0.0 0.0
574 2255.26318359375 1463.1578369140625 317.39972377275575 1650.0 1500.0 0 0.0 0.0 0.0 0.0
624 2250.0 1463.1578369140625 315.20478449133157 1650.0 1500.0 0 0.0 0.0 0.0 0.0
643 2244.73681640625 1463.1578369140625 313.0878055127754 1650.0 1500.0 0 0.0 0.0 0.0 0.0
675 2239.4736328125 1463.1578369140625 311.04855497410017 1650.0 1500.0 0 0.0 0.0 0.0 0.0
758 2234.21044921875 1463.1578369140625 309.0865770874095 1650.0 1500.0 0 0.0 0.0 0.0 0.0
777 2228.947265625 1463.1578369140625 307.2010784067306 1650.0 1500.0 0 0.0 0.0 0.0 0.0
792 2223.68408203125 1463.1578369140625 305.39083543679243 1650.0 1500.0 0 0.0 0.0 0.0 0.0
810 2213.157958984375 1463.1578369140625 302.055792776736 1650.0 1500.0 0 0.0 0.0 0.0 0.0
826 2207.894775390625 1463.1578369140625 300.4595870627337 1650.0 1500.0 0 0.0 0.0 0.0 0.0
844 2202.631591796875 1457.894775390625 301.3558443552156 1650.0 1500.0 0 0.0 0.0 0.0 0.0
859 2197.368408203125 1457.894775390625 299.7896276059712 1650.0 1500.0 0 0.0 0.0 0.0 0.0
876 2192.105224609375 1452.631591796875 300.73140913665884 1650.0 1500.0 0 0.0 0.0 0.0 0.0
893 2186.842041015625 1447.368408203125 301.6093108075788 1650.0 1500.0 0 0.0 0.0 0.0 0.0
909 2181.578857421875 1442.105224609375 302.427521320845 1650.0 1500.0 0 0.0 0.0 0.0 0.0
926 2171.052734375 1436.8421630859375 301.6532809530448 1650.0 1500.0 0 0.0 0.0 0.0 0.0
942 2165.78955078125 1436.8421630859375 300.07432933149335 1650.0 1500.0 0 0.0 0.0 0.0 0.0
960 2160.5263671875 1436.8421630859375 298.56368696127424 1650.0 1500.0 0 0.0 0.0 0.0 0.0
979 2150.0 1436.8421630859375 295.79698723292654 1650.0 1500.0 0 0.0 0.0 0.0 0.0
1024 2144.73681640625 1436.8421630859375 294.4761587353833 1650.0 1500.0 0 0.0 0.0 0.0 0.0
1045 2139.4736328125 1431.5789794921875 295.77374062881483 1650.0 1500.0 0 0.0 0.0 0.0 0.0
1046 2139.4736328125 1431.5789794921875 295.7737848117827 1650.0 1500.0 0 0.0 0.0 0.0 0.0
1074 2134.21044921875 1431.5789794921875 294.4540041931528 1650.0 1500.0 0 0.0 0.0 0.0 0.0
1093 2128.947265625 1431.5789794921875 293.1941479200576 1650.0 1500.0 0 0.0 0.0 0.0 0.0
1125 2123.68408203125 1431.5789794921875 291.99204824368854 1650.0 1500.0 0 0.0 0.0 0.0 0.0
1275 2118.421142578125 1431.5789794921875 290.8455349633434 1650.0 1500.0 0 0.0 0.0 0.0 0.0
1295 2102.631591796875 1431.5789794921875 287.8469977738813 1650.0 1500.0 0 0.0 0.0 0.0 0.0
1311 2097.368408203125 1431.5789794921875 286.8952821655396 1650.0 1500.0 0 0.0 0.0 0.0 0.0
1328 2092.105224609375 1431.5789794921875 285.98892495072414 1650.0 1500.0 0 0.0 0.0 0.0 0.0
1345 2081.578857421875 1431.5789794921875 284.3420727822473 1650.0 1500.0 0 0.0 0.0 0.0 0.0
1361 2076.315673828125 1431.5789794921875 283.5585193479159 1650.0 1500.0 0 0.0 0.0 0.0 0.0
1378 2071.052734375 1431.5789794921875 282.8128944710659 1650.0 1500.0 0 0.0 0.0 0.0 0.0
1410 2065.78955078125 1431.5789794921875 282.1035151386123 1650.0 1500.0 0 0.0 0.0 0.0 0.0
1428 2055.26318359375 1431.5789794921875 280.8165247514981 1650.0 1500.0 0 0.0 0.0 0.0 0.0
1429 2055.26318359375 1431.5789794921875 280.81653238296917 1650.0 1500.0 0 0.0 0.0 0.0 0.0
1476 2050.0 1431.5789794921875 280.2045908904829 1650.0 1500.0 0 0.0 0.0 0.0 0.0
1493 2044.73681640625 1431.5789794921875 279.62263704201894 1650.0 1500.0 0 0.0 0.0 0.0 0.0
1512 2039.4736328125 1431.5789794921875 279.069322672922 1650.0 1500.0 0 0.0 0.0 0.0 0.0
1528 2034.2105712890625 1431.5789794921875 278.5432734216448 1650.0 1500.0 0 0.0 0.0 0.0 0.0
1545 2028.9473876953125 1431.5789794921875 278.04309859940224 1650.0 1500.0 0 0.0 0.0 0.0 0.0
1577 2018.4210205078125 1431.5789794921875 277.1369083507151 1650.0 1500.0 0 0.0 0.0 0.0 0.0
1578 2018.4210205078125 1431.5789794921875 277.1369078180493 1650.0 1500.0 0 0.0 0.0 0.0 0.0
1595 2013.1578369140625 1431.5789794921875 276.70623149780397 1650.0 1500.0 0 0.0 0.0 0.0 0.0
1612 2007.894775390625 1431.5789794921875 276.29691883288086 1650.0 1500.0 0 0.0 0.0 0.0 0.0
1629 2002.631591796875 1431.5789794921875 275.90781814936236 1650.0 1500.0 0 0.0 0.0 0.0 0.0
1644 1997.368408203125 1431.5789794921875 275.5380385103935 1650.0 1500.0 0 0.0 0.0 0.0 0.0
1677 1992.105224609375 1431.5789794921875 275.1865985709916 1650.0 1500.0 0 0.0 0.0 0.0 0.0
1695 1981.5789794921875 1431.5789794921875 274.55032230235656 1650.0 1500.0 0 0.0 0.0 0.0 0.0
1711 1976.3157958984375 1431.5789794921875 274.2480189893107 1650.0 1500.0 0 0.0 0.0 0.0 0.0
1728 1971.0526123046875 1431.5789794921875 273.96073650868107 1650.0 1500.0 0 0.0 0.0 0.0 0.0
1745 1965.7894287109375 1431.5789794921875 273.687767726305 1650.0 1500.0 0 0.0 0.0 0.0 0.0
1761 1960.5262451171875 1431.5789794921875 273.4284164247375 1650.0 1500.0 0 0.0 0.0 0.0 0.0
1793 1955.26318359375 1431.5789794921875 273.18198332208505 1650.0 1500.0 0 0.0 0.0 0.0 0.0
1910 1950.0 1431.5789794921875 272.9477778079938 1650.0 1500.0 0 0.0 0.0 0.0 0.0
1928 1944.73681640625 1431.5789794921875 272.72531528355836 1650.0 1500.0 0 0.0 0.0 0.0 0.0
1944 1939.4736328125 1431.5789794921875 272.5139278765147 1650.0 1500.0 0 0.0 0.0 0.0 0.0
1961 1934.2105712890625 1436.8421630859375 269.4480626238312 1650.0 1500.0 0 0.0 0.0 0.0 0.0
1978 1928.9473876953125 1436.8421630859375 269.4003265238443 1650.0 1500.0 0 0.0 0.0 0.0 0.0
1994 1923.6842041015625 1436.8421630859375 269.35495400457506 1650.0 1500.0 0 0.0 0.0 0.0 0.0
2011 1918.4210205078125 1442.105224609375 266.44866247807965 1650.0 1500.0 0 0.0 0.0 0.0 0.0
2028 1913.1578369140625 1442.105224609375 266.55080382353924 1650.0 1500.0 0 0.0 0.0 0.0 0.0
2060 1907.894775390625 1447.368408203125 263.79234722883115 1650.0 1500.0 0 0.0 0.0 0.0 0.0
2077 1902.631591796875 1452.631591796875 261.1848575282131 1650.0 1500.0 0 0.0 0.0 0.0 0.0
2110 1897.368408203125 1457.894775390625 258.72467156382993 1650.0 1500.0 0 0.0 0.0 0.0 0.0
2128 1892.105224609375 1457.894775390625 259.2109064027147 1650.0 1500.0 0 0.0 0.0 0.0 0.0
2159 1892.105224609375 1463.1578369140625 256.263511785251 1650.0 1500.0 0 0.0 0.0 0.0 0.0
2177 1886.842041015625 1463.1578369140625 256.8708106529628 1650.0 1500.0 0 0.0 0.0 0.0 0.0
2541 1886.842041015625 1452.631591796875 262.88193475303035 1650.0 1500.0 0 0.0 0.0 0.0 0.0
2542 1886.842041015625 1452.631591796875 262.88192185881485 1650.0 1500.0 0 0.0 0.0 0.0 0.0
2560 1892.105224609375 1452.631591796875 262.5709158397354 1650.0 1500.0 0 0.0 0.0 0.0 0.0
2591 1892.105224609375 1447.368408203125 265.5829335196376 1650.0 1500.0 0 0.0 0.0 0.0 0.0
2724 1897.368408203125 1447.368408203125 265.4214671622395 1650.0 1500.0 0 0.0 0.0 0.0 0.0
2742 1902.631591796875 1447.368408203125 265.2509952357386 1650.0 1500.0 0 0.0 0.0 0.0 0.0
2759 1907.894775390625 1447.368408203125 265.071107015408 1650.0 1500.0 0 0.0 0.0 0.0 0.0
2774 1913.1578369140625 1447.368408203125 264.8812211571548 1650.0 1500.0 0 0.0 0.0 0.0 0.0
2792 1918.4210205078125 1447.368408203125 264.6807890545963 1650.0 1500.0 0 0.0 0.0 0.0 0.0
2809 1923.6842041015625 1447.368408203125 264.46930788689673 1650.0 1500.0 0 0.0 0.0 0.0 0.0
2857 1928.9473876953125 1447.368408203125 264.24608876706213 1650.0 1500.0 0 0.0 0.0 0.0 0.0
2891 1934.2105712890625 1447.368408203125 264.0105356419151 1650.0 1500.0 0 0.0 0.0 0.0 0.0
2907 1939.4736328125 1447.368408203125 263.7619002291947 1650.0 1500.0 0 0.0 0.0 0.0 0.0
2925 1944.73681640625 1442.105224609375 266.68091083555146 1650.0 1500.0 0 0.0 0.0 0.0 0.0
2941 1950.0 1442.105224609375 266.58032633900024 1650.0 1500.0 0 0.0 0.0 0.0 0.0
2957 1955.26318359375 1442.105224609375 266.4741515442655 1650.0 1500.0 0 0.0 0.0 0.0 0.0
2975 1960.5262451171875 1442.105224609375 266.36206465169846 1650.0 1500.0 0 0.0 0.0 0.0 0.0
2991 1965.7894287109375 1442.105224609375 266.2437591625971 1650.0 1500.0 0 0.0 0.0 0.0 0.0
3008 1971.0526123046875 1436.8421630859375 269.30200643341766 1650.0 1500.0 0 0.0 0.0 0.0 0.0
3024 1976.3157958984375 1436.8421630859375 269.34696482792504 1650.0 1500.0 0 0.0 0.0 0.0 0.0
3043 1981.5789794921875 1436.8421630859375 269.39442129650195 1650.0 1500.0 0 0.0 0.0 0.0 0.0
3074 1986.842041015625 1431.5789794921875 272.6197564717048 1650.0 1500.0 0 0.0 0.0 0.0 0.0
3124 1992.105224609375 1431.5789794921875 272.8487323706862 1650.0 1500.0 0 0.0 0.0 0.0 0.0
3143 1997.368408203125 1431.5789794921875 273.0903826560798 1650.0 1500.0 0 0.0 0.0 0.0 0.0
3160 2002.631591796875 1426.3157958984375 276.4973742413742 1650.0 1500.0 0 0.0 0.0 0.0 0.0
3176 2007.894775390625 1421.0526123046875 280.0573365466211 1650.0 1500.0 0 0.0 0.0 0.0 0.0
3193 2013.1578369140625 1421.0526123046875 280.6945269209866 1650.0 1500.0 0 0.0 0.0 0.0 0.0
3209 2018.4210205078125 1415.7894287109375 284.4233433090776 1650.0 1500.0 0 0.0 0.0 0.0 0.0
3227 2023.6842041015625 1415.7894287109375 285.2947378959651 1650.0 1500.0 0 0.0 0.0 0.0 0.0
3242 2028.9473876953125 1410.5263671875 289.18286603382114 1650.0 1500.0 0 0.0 0.0 0.0 0.0
3259 2034.2105712890625 1410.5263671875 290.3029089184837 1650.0 1500.0 0 0.0 0.0 0.0 0.0
3276 2039.4736328125 1410.5263671875 291.48024655316704 1650.0 1500.0 0 0.0 0.0 0.0 0.0
3292 2044.73681640625 1410.5263671875 292.7172609259485 1650.0 1500.0 0 0.0 0.0 0.0 0.0
3310 2055.26318359375 1410.5263671875 295.4515902932578 1650.0 1500.0 0 0.0 0.0 0.0 0.0
3326 2060.5263671875 1410.5263671875 296.88517876940307 1650.0 1500.0 0 0.0 0.0 0.0 0.0
3343 2071.052734375 1410.5263671875 300.04136315484186 1650.0 1500.0 0 0.0 0.0 0.0 0.0
3360 2076.315673828125 1410.5263671875 301.69213029761386 1650.0 1500.0 0 0.0 0.0 0.0 0.0
3375 2081.578857421875 1410.5263671875 303.41825618946075 1650.0 1500.0 0 0.0 0.0 0.0 0.0
3394 2092.105224609375 1410.5263671875 307.1904394983879 1650.0 1500.0 0 0.0 0.0 0.0 0.0
3409 2097.368408203125 1410.5263671875 309.1551206425237 1650.0 1500.0 0 0.0 0.0 0.0 0.0
3425 2102.631591796875 1410.5263671875 311.20017799511857 1650.0 1500.0 0 0.0 0.0 0.0 0.0
3444 2107.894775390625 1410.5263671875 313.326099201421 1650.0 1500.0 0 0.0 0.0 0.0 0.0
3474 2113.157958984375 1410.5263671875 315.53277652817246 1650.0 1500.0 0 0.0 0.0 0.0 0.0
3492 2118.421142578125 1410.5263671875 317.8197425125039 1650.0 1500.0 0 0.0 0.0 0.0 0.0
3509 2123.68408203125 1410.5263671875 320.1857671195062 1650.0 1500.0 0 0.0 0.0 0.0 0.0
3526 2128.947265625 1410.5263671875 322.6294822821983 1650.0 1500.0 0 0.0 0.0 0.0 0.0
3543 2134.21044921875 1410.5263671875 325.14861883470155 1650.0 1500.0 0 0.0 0.0 0.0 0.0
3559 2139.4736328125 1410.5263671875 327.7401632150715 1650.0 1500.0 0 0.0 0.0 0.0 0.0
3576 2139.4736328125 1415.7894287109375 326.1261966038021 1650.0 1500.0 0 0.0 0.0 0.0 0.0
3593 2144.73681640625 1415.7894287109375 328.74432387091895 1650.0 1500.0 0 0.0 0.0 0.0 0.0
3610 2150.0 1415.7894287109375 331.42972996070034 1650.0 1500.0 0 0.0 0.0 0.0 0.0
3627 2155.26318359375 1415.7894287109375 334.17794457314324 1650.0 1500.0 0 0.0 0.0 0.0 0.0
3642 2155.26318359375 1421.0526123046875 332.8744153707852 1650.0 1500.0 0 0.0 0.0 0.0 0.0
3659 2160.5263671875 1421.0526123046875 335.653654679096 1650.0 1500.0 0 0.0 0.0 0.0 0.0
3675 2165.78955078125 1426.3157958984375 337.38024920319134 1650.0 1500.0 0 0.0 0.0 0.0 0.0
3692 2171.052734375 1426.3157958984375 340.24436236480176 1650.0 1500.0 0 0.0 0.0 0.0 0.0
3710 2171.052734375 1431.5789794921875 339.2508667062141 1650.0 1500.0 0 0.0 0.0 0.0 0.0
3725 2176.315673828125 1431.5789794921875 342.144621717567 1650.0 1500.0 0 0.0 0.0 0.0 0.0
3758 2176.315673828125 1436.8421630859375 341.2510586895202 1650.0 1500.0 0 0.0 0.0 0.0 0.0
4041 2181.578857421875 1442.105224609375 343.375680103807 1650.0 1500.0 0 0.0 0.0 0.0 0.0
4059 2181.578857421875 1447.368408203125 342.5475251837986 1650.0 1500.0 0 0.0 0.0 0.0 0.0
4076 2186.842041015625 1447.368408203125 345.486050201658 1650.0 1500.0 0 0.0 0.0 0.0 0.0
4092 2192.105224609375 1452.631591796875 347.89553238810197 1650.0 1500.0 0 0.0 0.0 0.0 0.0
4110 2197.368408203125 1452.631591796875 350.88484026639276 1650.0 1500.0 0 0.0 0.0 0.0 0.0
4125 2202.631591796875 1452.631591796875 353.8909934817167 1650.0 1500.0 0 0.0 0.0 0.0 0.0
4192 2207.894775390625 1452.631591796875 356.90576603123446 1650.0 1500.0 0 0.0 0.0 0.0 0.0
4275 2213.157958984375 1452.631591796875 359.92079282894326 1650.0 1500.0 0 0.0 0.0 0.0 0.0
4292 2213.157958984375 1457.894775390625 0.00013824732340594892 1650.0 1500.0 0 0.0 0.0 0.0 0.0
4309 2218.421142578125 1457.894775390625 3.0067063077608793 1650.0 1500.0 0 0.0 0.0 0.0 0.0