0 2000.0 1500.0 0 0.0 0.0 0.0 0.0 0.0 0.0 0.0
99 2000.0 1500.0 0 0.0 0.0 0.0 0.0 0.0 0.0 0.0
111 2000.0 1500.0 0 0.0 0.0 0.0 0.0 0.0 0.0 0.0
123 2000.0 1500.0 0 0.0 0.0 0.0 0.0 0.0 0.0 0.0
136 2000.0 1500.0 0 0.0 0.0 0.0 0.0 0.0 0.0 0.0
152 2000.0 1500.0 0 0.0 0.0 0.0 0.0 0.0 0.0 0.0
161 1997.00927734375 1473.0836181640625 354.28513355221827 0.0 0.0 0.0 0.0 0.0 0.0 0.0
175 1997.00927734375 1449.1580810546875 351.33771036957813 0.0 0.0 0.0 0.0 0.0 0.0 0.0
186 1997.00927734375 1434.20458984375 349.7288121201959 0.0 0.0 0.0 0.0 0.0 0.0 0.0
200 1994.0186767578125 1422.24169921875 347.0752871049206 0.0 0.0 0.0 0.0 0.0 0.0 0.0
211 1994.0186767578125 1416.2603759765625 346.6133597368995 0.0 0.0 0.0 0.0 0.0 0.0 0.0
237 1994.0186767578125 1413.2696533203125 346.3889627646137 0.0 0.0 0.0 0.0 0.0 0.0 0.0
299 1994.0186767578125 1419.2510986328125 346.8656718229567 0.0 0.0 0.0 0.0 0.0 0.0 0.0
311 1994.0186767578125 1437.1953125 348.59946275599634 0.0 0.0 0.0 0.0 0.0 0.0 0.0
323 1994.0186767578125 1458.130126953125 351.1377758779177 0.0 0.0 0.0 0.0 0.0 0.0 0.0
337 1994.0186767578125 1485.0465087890625 355.53604504036764 0.0 0.0 0.0 0.0 0.0 0.0 0.0
350 1994.0186767578125 1517.9442138671875 3.284397060003812 0.0 0.0 0.0 0.0 0.0 0.0 0.0
361 1994.0186767578125 1550.8419189453125 14.120594572542267 0.0 0.0 0.0 0.0 0.0 0.0 0.0
375 1994.0186767578125 1574.7674560546875 23.733914949395214 0.0 0.0 0.0 0.0 0.0 0.0 0.0
386 1994.0186767578125 1595.702392578125 33.4469547539101 0.0 0.0 0.0 0.0 0.0 0.0 0.0
400 1994.0186767578125 1601.683837890625 36.3041926417077 0.0 0.0 0.0 0.0 0.0 0.0 0.0
411 1994.0186767578125 1604.674560546875 37.75492053343481 0.0 0.0 0.0 0.0 0.0 0.0 0.0
737 1997.00927734375 1604.674560546875 38.605411753755284 0.0 0.0 0.0 0.0 0.0 0.0 0.0
1576 1997.00927734375 1601.683837890625 37.16379167197857 0.0 0.0 0.0 0.0 0.0 0.0 0.0
1589 1997.00927734375 1586.7303466796875 30.50440065352813 0.0 0.0 0.0 0.0 0.0 0.0 0.0
1600 1997.00927734375 1571.77685546875 24.43961075867776 0.0 0.0 0.0 0.0 0.0 0.0 0.0
1612 1997.00927734375 1547.8511962890625 16.184400330370423 0.0 0.0 0.0 0.0 0.0 0.0 0.0
1625 1997.00927734375 1523.925537109375 9.291338869755556 0.0 0.0 0.0 0.0 0.0 0.0 0.0
1637 1997.00927734375 1485.0465087890625 0.9542026684748777 0.0 0.0 0.0 0.0 0.0 0.0 0.0
1651 2005.9814453125 1437.1953125 357.2052023621693 0.0 0.0 0.0 0.0 0.0 0.0 0.0
1663 2011.962890625 1404.297607421875 355.1894070084346 0.0 0.0 0.0 0.0 0.0 0.0 0.0
1676 2014.95361328125 1383.3626708984375 353.7598964548348 0.0 0.0 0.0 0.0 0.0 0.0 0.0
1688 2014.95361328125 1374.3905029296875 352.550359324928 0.0 0.0 0.0 0.0 0.0 0.0 0.0
1700 2020.934814453125 1368.4091796875 354.8648902624911 0.0 0.0 0.0 0.0 0.0 0.0 0.0
1776 2020.934814453125 1371.39990234375 355.34777849492997 0.0 0.0 0.0 0.0 0.0 0.0 0.0
1788 2020.934814453125 1389.343994140625 358.8337026873897 0.0 0.0 0.0 0.0 0.0 0.0 0.0
1802 2020.934814453125 1428.22314453125 10.478105969727451 0.0 0.0 0.0 0.0 0.0 0.0 0.0
1812 2020.934814453125 1467.102294921875 27.165600703564436 0.0 0.0 0.0 0.0 0.0 0.0 0.0
1826 2020.934814453125 1505.9813232421875 48.24383785024045 0.0 0.0 0.0 0.0 0.0 0.0 0.0
1838 2017.9443359375 1538.8790283203125 67.14744573231539 0.0 0.0 0.0 0.0 0.0 0.0 0.0
1850 2011.962890625 1565.79541015625 82.94492766015924 0.0 0.0 0.0 0.0 0.0 0.0 0.0
1863 2011.962890625 1580.7489013671875 90.81371800802344 0.0 0.0 0.0 0.0 0.0 0.0 0.0
1876 2008.97216796875 1586.7303466796875 94.60085067041888 0.0 0.0 0.0 0.0 0.0 0.0 0.0
1888 2008.97216796875 1592.711669921875 97.56854417185068 0.0 0.0 0.0 0.0 0.0 0.0 0.0
1963 2005.9814453125 1592.711669921875 98.40547073570568 0.0 0.0 0.0 0.0 0.0 0.0 0.0