0 2000.0 1500.0 0 0.0 0.0 0.0 0.0 0.0 0.0 0.0
63 2002.6160888671875 1497.3839111328125 0.5711253547039803 0.0 0.0 0.0 0.0 0.0 0.0 0.0
79 2005.232177734375 1497.3839111328125 1.1698767536382206 0.0 0.0 0.0 0.0 0.0 0.0 0.0
95 2007.8482666015625 1494.767822265625 1.7282331463372458 0.0 0.0 0.0 0.0 0.0 0.0 0.0
103 2010.46435546875 1494.767822265625 2.3261792961059484 0.0 0.0 0.0 0.0 0.0 0.0 0.0
111 2013.0804443359375 1494.767822265625 2.9235980418707754 0.0 0.0 0.0 0.0 0.0 0.0 0.0
119 2018.3126220703125 1494.767822265625 4.11604017221147 0.0 0.0 0.0 0.0 0.0 0.0 0.0
127 2020.9287109375 1494.767822265625 4.711538647511716 0.0 0.0 0.0 0.0 0.0 0.0 0.0
135 2028.7769775390625 1494.767822265625 6.4907802357681845 0.0 0.0 0.0 0.0 0.0 0.0 0.0
143 2031.39306640625 1494.767822265625 7.082817183508936 0.0 0.0 0.0 0.0 0.0 0.0 0.0
151 2036.625244140625 1492.1517333984375 8.156368950203642 0.0 0.0 0.0 0.0 0.0 0.0 0.0
159 2039.2413330078125 1492.1517333984375 8.74538798797279 0.0 0.0 0.0 0.0 0.0 0.0 0.0
167 2044.4735107421875 1492.1517333984375 9.918609449093793 0.0 0.0 0.0 0.0 0.0 0.0 0.0
175 2049.7056884765625 1489.53564453125 10.951678498558152 0.0 0.0 0.0 0.0 0.0 0.0 0.0
183 2052.3216552734375 1489.53564453125 11.53447634546795 0.0 0.0 0.0 0.0 0.0 0.0 0.0
191 2060.1700439453125 1489.53564453125 13.269551632261908 0.0 0.0 0.0 0.0 0.0 0.0 0.0
199 2065.4022216796875 1489.53564453125 14.419558035164584 0.0 0.0 0.0 0.0 0.0 0.0 0.0
207 2068.0181884765625 1489.53564453125 14.992756214049976 0.0 0.0 0.0 0.0 0.0 0.0 0.0
215 2070.6343994140625 1489.53564453125 15.56423571852416 0.0 0.0 0.0 0.0 0.0 0.0 0.0
223 2075.8665771484375 1489.53564453125 16.699750071634398 0.0 0.0 0.0 0.0 0.0 0.0 0.0
231 2078.4825439453125 1489.53564453125 17.2655023228497 0.0 0.0 0.0 0.0 0.0 0.0 0.0
239 2081.0987548828125 1489.53564453125 17.829340729452298 0.0 0.0 0.0 0.0 0.0 0.0 0.0
247 2083.7147216796875 1489.53564453125 18.39108988362503 0.0 0.0 0.0 0.0 0.0 0.0 0.0
255 2086.3309326171875 1489.53564453125 18.950802827759034 0.0 0.0 0.0 0.0 0.0 0.0 0.0
263 2088.9468994140625 1489.53564453125 19.508348831923342 0.0 0.0 0.0 0.0 0.0 0.0 0.0
271 2094.1790771484375 1489.53564453125 20.61482390059429 0.0 0.0 0.0 0.0 0.0 0.0 0.0
287 2099.4112548828125 1489.53564453125 21.71222467989999 0.0 0.0 0.0 0.0 0.0 0.0 0.0
295 2104.6434326171875 1489.53564453125 22.80021427791472 0.0 0.0 0.0 0.0 0.0 0.0 0.0
303 2107.2596435546875 1489.53564453125 23.34179196225962 0.0 0.0 0.0 0.0 0.0 0.0 0.0
311 2112.4918212890625 1489.53564453125 24.415111204361715 0.0 0.0 0.0 0.0 0.0 0.0 0.0
319 2117.7239990234375 1489.53564453125 25.478318086323526 0.0 0.0 0.0 0.0 0.0 0.0 0.0
327 2120.3399658203125 1492.1517333984375 26.291054876965234 0.0 0.0 0.0 0.0 0.0 0.0 0.0
335 2122.9561767578125 1492.1517333984375 26.81602338266427 0.0 0.0 0.0 0.0 0.0 0.0 0.0
343 2125.5721435546875 1492.1517333984375 27.33829354257219 0.0 0.0 0.0 0.0 0.0 0.0 0.0
351 2128.1883544921875 1492.1517333984375 27.857920621734905 0.0 0.0 0.0 0.0 0.0 0.0 0.0
359 2130.8043212890625 1494.767822265625 28.68006676573922 0.0 0.0 0.0 0.0 0.0 0.0 0.0
367 2133.4205322265625 1494.767822265625 29.192566201131733 0.0 0.0 0.0 0.0 0.0 0.0 0.0
375 2136.0364990234375 1497.3839111328125 30.01934642208974 0.0 0.0 0.0 0.0 0.0 0.0 0.0
392 2141.2686767578125 1500.0 31.350796174414967 0.0 0.0 0.0 0.0 0.0 0.0 0.0
407 2143.8848876953125 1502.6160888671875 32.18417262269615 0.0 0.0 0.0 0.0 0.0 0.0 0.0
415 2143.8848876953125 1505.232177734375 32.52492193918943 0.0 0.0 0.0 0.0 0.0 0.0 0.0
423 2149.1170654296875 1507.8482666015625 33.84809228347436 0.0 0.0 0.0 0.0 0.0 0.0 0.0
431 2151.7330322265625 1510.46435546875 34.68750360026645 0.0 0.0 0.0 0.0 0.0 0.0 0.0
439 2151.7330322265625 1513.0804443359375 35.04967110093645 0.0 0.0 0.0 0.0 0.0 0.0 0.0
447 2154.3492431640625 1515.696533203125 35.89149635241715 0.0 0.0 0.0 0.0 0.0 0.0 0.0
455 2154.3492431640625 1520.9287109375 36.642129715625956 0.0 0.0 0.0 0.0 0.0 0.0 0.0
463 2156.9652099609375 1523.5447998046875 37.4864765882923 0.0 0.0 0.0 0.0 0.0 0.0 0.0
471 2159.5814208984375 1526.160888671875 38.33193844153236 0.0 0.0 0.0 0.0 0.0 0.0 0.0
479 2159.5814208984375 1531.39306640625 39.12235248174092 0.0 0.0 0.0 0.0 0.0 0.0 0.0
487 2162.1973876953125 1534.0091552734375 39.969378944175 0.0 0.0 0.0 0.0 0.0 0.0 0.0
495 2162.1973876953125 1536.625244140625 40.37434462301779 0.0 0.0 0.0 0.0 0.0 0.0 0.0
503 2164.8135986328125 1544.4735107421875 42.05818139847721 0.0 0.0 0.0 0.0 0.0 0.0 0.0
511 2167.4295654296875 1544.4735107421875 42.48528581807915 0.0 0.0 0.0 0.0 0.0 0.0 0.0
519 2167.4295654296875 1549.7056884765625 43.339922524636016 0.0 0.0 0.0 0.0 0.0 0.0 0.0
527 2167.4295654296875 1552.32177734375 43.770381611319536 0.0 0.0 0.0 0.0 0.0 0.0 0.0
543 2167.4295654296875 1554.9378662109375 44.203968929161185 0.0 0.0 0.0 0.0 0.0 0.0 0.0
559 2167.4295654296875 1557.553955078125 44.64071035692352 0.0 0.0 0.0 0.0 0.0 0.0 0.0
583 2167.4295654296875 1560.1700439453125 45.08061264955919 0.0 0.0 0.0 0.0 0.0 0.0 0.0
591 2167.4295654296875 1562.7861328125 45.52364103460098 0.0 0.0 0.0 0.0 0.0 0.0 0.0
607 2167.4295654296875 1565.4022216796875 45.96980434730135 0.0 0.0 0.0 0.0 0.0 0.0 0.0
631 2170.0457763671875 1568.018310546875 46.81599024893648 0.0 0.0 0.0 0.0 0.0 0.0 0.0
663 2170.0457763671875 1570.6343994140625 47.27114457476262 0.0 0.0 0.0 0.0 0.0 0.0 0.0
951 2170.0457763671875 1565.4022216796875 46.373176062423745 0.0 0.0 0.0 0.0 0.0 0.0 0.0
959 2170.0457763671875 1562.7861328125 45.92730691265486 0.0 0.0 0.0 0.0 0.0 0.0 0.0
967 2170.0457763671875 1560.1700439453125 45.484568363142756 0.0 0.0 0.0 0.0 0.0 0.0 0.0
975 2170.0457763671875 1557.553955078125 45.044930079477886 0.0 0.0 0.0 0.0 0.0 0.0 0.0
991 2170.0457763671875 1552.32177734375 44.17808322715472 0.0 0.0 0.0 0.0 0.0 0.0 0.0
1007 2170.0457763671875 1549.7056884765625 43.747790493348475 0.0 0.0 0.0 0.0 0.0 0.0 0.0
1015 2170.0457763671875 1547.089599609375 43.32062892815546 0.0 0.0 0.0 0.0 0.0 0.0 0.0
1031 2167.4295654296875 1544.4735107421875 42.47249125994127 0.0 0.0 0.0 0.0 0.0 0.0 0.0
1055 2167.4295654296875 1541.857421875 42.054734083228645 0.0 0.0 0.0 0.0 0.0 0.0 0.0
1063 2164.8135986328125 1539.2413330078125 41.2069593712663 0.0 0.0 0.0 0.0 0.0 0.0 0.0
1071 2162.1973876953125 1539.2413330078125 40.767383458314065 0.0 0.0 0.0 0.0 0.0 0.0 0.0
1079 2162.1973876953125 1536.625244140625 40.36252820302774 0.0 0.0 0.0 0.0 0.0 0.0 0.0
1087 2159.5814208984375 1536.625244140625 39.91699024228674 0.0 0.0 0.0 0.0 0.0 0.0 0.0
1095 2154.3492431640625 1531.39306640625 38.22615933828897 0.0 0.0 0.0 0.0 0.0 0.0 0.0
1103 2151.7330322265625 1531.39306640625 37.76583060214945 0.0 0.0 0.0 0.0 0.0 0.0 0.0
1111 2146.5008544921875 1528.7769775390625 36.45397306997156 0.0 0.0 0.0 0.0 0.0 0.0 0.0
1127 2143.8848876953125 1528.7769775390625 35.981931092959755 0.0 0.0 0.0 0.0 0.0 0.0 0.0
1135 2138.6527099609375 1526.160888671875 34.66199122624255 0.0 0.0 0.0 0.0 0.0 0.0 0.0
1143 2133.4205322265625 1523.5447998046875 33.33690847320055 0.0 0.0 0.0 0.0 0.0 0.0 0.0
1151 2130.8043212890625 1523.5447998046875 32.84529343530972 0.0 0.0 0.0 0.0 0.0 0.0 0.0
1159 2122.9561767578125 1520.9287109375 31.010417234608397 0.0 0.0 0.0 0.0 0.0 0.0 0.0
1167 2120.3399658203125 1520.9287109375 30.505171631225345 0.0 0.0 0.0 0.0 0.0 0.0 0.0
1175 2117.7239990234375 1518.3126220703125 29.679544924841153 0.0 0.0 0.0 0.0 0.0 0.0 0.0
1183 2115.1077880859375 1518.3126220703125 29.166896585123915 0.0 0.0 0.0 0.0 0.0 0.0 0.0
1207 2109.8756103515625 1518.3126220703125 28.13053203864269 0.0 0.0 0.0 0.0 0.0 0.0 0.0
1223 2109.8756103515625 1515.696533203125 27.831286419030214 0.0 0.0 0.0 0.0 0.0 0.0 0.0
1239 2104.6434326171875 1515.696533203125 26.78098719668364 0.0 0.0 0.0 0.0 0.0 0.0 0.0
1255 2102.0274658203125 1513.0804443359375 25.969623469622533 0.0 0.0 0.0 0.0 0.0 0.0 0.0
1263 2099.4112548828125 1513.0804443359375 25.43782256714075 0.0 0.0 0.0 0.0 0.0 0.0 0.0
1271 2094.1790771484375 1510.46435546875 24.09674428310226 0.0 0.0 0.0 0.0 0.0 0.0 0.0
1279 2091.5631103515625 1510.46435546875 23.556183633545686 0.0 0.0 0.0 0.0 0.0 0.0 0.0
1287 2086.3309326171875 1510.46435546875 22.46524774515521 0.0 0.0 0.0 0.0 0.0 0.0 0.0
1295 2081.0987548828125 1507.8482666015625 21.126407418696843 0.0 0.0 0.0 0.0 0.0 0.0 0.0
1303 2075.8665771484375 1507.8482666015625 20.01516034508532 0.0 0.0 0.0 0.0 0.0 0.0 0.0
1312 2073.2503662109375 1507.8482666015625 19.45735604493474 0.0 0.0 0.0 0.0 0.0 0.0 0.0
1319 2068.0181884765625 1507.8482666015625 18.333329894711795 0.0 0.0 0.0 0.0 0.0 0.0 0.0
1328 2062.7860107421875 1507.8482666015625 17.201264643714367 0.0 0.0 0.0 0.0 0.0 0.0 0.0
1335 2060.1700439453125 1507.8482666015625 16.633349050894367 0.0 0.0 0.0 0.0 0.0 0.0 0.0
1343 2057.5538330078125 1507.8482666015625 16.06349497695028 0.0 0.0 0.0 0.0 0.0 0.0 0.0
1351 2052.3216552734375 1507.8482666015625 14.916503296733467 0.0 0.0 0.0 0.0 0.0 0.0 0.0
1360 2049.7056884765625 1507.8482666015625 14.341342832900295 0.0 0.0 0.0 0.0 0.0 0.0 0.0
1375 2044.4735107421875 1507.8482666015625 13.184263904755625 0.0 0.0 0.0 0.0 0.0 0.0 0.0
1383 2039.2413330078125 1507.8482666015625 12.021000327365002 0.0 0.0 0.0 0.0 0.0 0.0 0.0
1391 2034.0091552734375 1507.8482666015625 10.852012647983997 0.0 0.0 0.0 0.0 0.0 0.0 0.0
1399 2026.160888671875 1507.8482666015625 9.086797772901534 0.0 0.0 0.0 0.0 0.0 0.0 0.0
1407 2020.9287109375 1507.8482666015625 7.90552823544931 0.0 0.0 0.0 0.0 0.0 0.0 0.0
1415 2013.0804443359375 1507.8482666015625 6.124603478789112 0.0 0.0 0.0 0.0 0.0 0.0 0.0
1423 2005.232177734375 1507.8482666015625 4.336521095100181 0.0 0.0 0.0 0.0 0.0 0.0 0.0
1431 2000.0 1510.46435546875 3.197523865488648 0.0 0.0 0.0 0.0 0.0 0.0 0.0
1439 1994.767822265625 1510.46435546875 2.0010947269563104 0.0 0.0 0.0 0.0 0.0 0.0 0.0
1447 1989.5355224609375 1510.46435546875 0.8030965638725007 0.0 0.0 0.0 0.0 0.0 0.0 0.0
1455 1981.687255859375 1513.0804443359375 -0.9842990491865891 0.0 0.0 0.0 0.0 0.0 0.0 0.0
1463 1979.0711669921875 1513.0804443359375 -1.5839887858963806 0.0 0.0 0.0 0.0 0.0 0.0 0.0
1471 1976.455078125 1513.0804443359375 357.8162982156683 0.0 0.0 0.0 0.0 0.0 0.0 0.0
1479 1973.8389892578125 1513.0804443359375 357.2165952535377 0.0 0.0 0.0 0.0 0.0 0.0 0.0
1503 1971.222900390625 1513.0804443359375 356.6170051469056 0.0 0.0 0.0 0.0 0.0 0.0 0.0
1559 1968.6068115234375 1515.696533203125 355.9976938597277 0.0 0.0 0.0 0.0 0.0 0.0 0.0
1583 1965.99072265625 1515.696533203125 355.39853159244547 0.0 0.0 0.0 0.0 0.0 0.0 0.0