0 2000.0 1500.0 0 0.0 0.0 0.0 0.0 0.0 0.0 0.0
205 2015.810302734375 1484.1898193359375 3.5196645689413515 0.0 0.0 0.0 0.0 0.0 0.0 0.0
222 2019.762939453125 1484.1898193359375 4.600219061195617 0.0 0.0 0.0 0.0 0.0 0.0 0.0
238 2023.715576171875 1484.1898193359375 5.676341775097086 0.0 0.0 0.0 0.0 0.0 0.0 0.0
255 2035.5732421875 1480.2371826171875 8.564694764186811 0.0 0.0 0.0 0.0 0.0 0.0 0.0
272 2043.478271484375 1472.33203125 10.020196854741329 0.0 0.0 0.0 0.0 0.0 0.0 0.0
288 2055.3359375 1468.3795166015625 12.75722670112846 0.0 0.0 0.0 0.0 0.0 0.0 0.0
305 2067.193603515625 1464.4268798828125 15.391622654091208 0.0 0.0 0.0 0.0 0.0 0.0 0.0
325 2075.098876953125 1460.474365234375 16.954679521599203 0.0 0.0 0.0 0.0 0.0 0.0 0.0
342 2083.00390625 1456.5218505859375 18.466722680222247 0.0 0.0 0.0 0.0 0.0 0.0 0.0
359 2098.814208984375 1452.5692138671875 21.795628128130637 0.0 0.0 0.0 0.0 0.0 0.0 0.0
375 2110.671875 1452.5692138671875 24.610907597205056 0.0 0.0 0.0 0.0 0.0 0.0 0.0
391 2114.62451171875 1448.61669921875 24.958054438648553 0.0 0.0 0.0 0.0 0.0 0.0 0.0
406 2126.482177734375 1448.61669921875 27.675875572973098 0.0 0.0 0.0 0.0 0.0 0.0 0.0
422 2134.387451171875 1448.61669921875 29.44751514515505 0.0 0.0 0.0 0.0 0.0 0.0 0.0
438 2146.2451171875 1448.61669921875 32.01418150514323 0.0 0.0 0.0 0.0 0.0 0.0 0.0
455 2154.150146484375 1444.6640625 32.98857820794798 0.0 0.0 0.0 0.0 0.0 0.0 0.0
472 2169.96044921875 1444.6640625 36.19859191855047 0.0 0.0 0.0 0.0 0.0 0.0 0.0
488 2177.86572265625 1444.6640625 37.76105264191009 0.0 0.0 0.0 0.0 0.0 0.0 0.0
505 2185.770751953125 1444.6640625 39.28148184889949 0.0 0.0 0.0 0.0 0.0 0.0 0.0
522 2193.676025390625 1444.6640625 40.760139873433154 0.0 0.0 0.0 0.0 0.0 0.0 0.0
538 2201.5810546875 1444.6640625 42.19718367732423 0.0 0.0 0.0 0.0 0.0 0.0 0.0
555 2209.486328125 1444.6640625 43.592984895506035 0.0 0.0 0.0 0.0 0.0 0.0 0.0
572 2213.438720703125 1444.6640625 44.280462346245805 0.0 0.0 0.0 0.0 0.0 0.0 0.0
588 2221.343994140625 1444.6640625 45.615031076072725 0.0 0.0 0.0 0.0 0.0 0.0 0.0
605 2225.29638671875 1444.6640625 46.27211016933554 0.0 0.0 0.0 0.0 0.0 0.0 0.0
622 2229.2490234375 1448.61669921875 47.80956505782049 0.0 0.0 0.0 0.0 0.0 0.0 0.0
688 2229.2490234375 1452.5692138671875 48.72378205091623 0.0 0.0 0.0 0.0 0.0 0.0 0.0
772 2229.2490234375 1456.5218505859375 49.64789529053973 0.0 0.0 0.0 0.0 0.0 0.0 0.0
871 2229.2490234375 1452.5692138671875 48.73357389630337 0.0 0.0 0.0 0.0 0.0 0.0 0.0
890 2229.2490234375 1448.61669921875 47.82913368979401 0.0 0.0 0.0 0.0 0.0 0.0 0.0
905 2229.2490234375 1440.7115478515625 46.05996621501947 0.0 0.0 0.0 0.0 0.0 0.0 0.0
922 2229.2490234375 1428.853759765625 43.49699184502866 0.0 0.0 0.0 0.0 0.0 0.0 0.0
938 2229.2490234375 1420.94873046875 41.830101077801615 0.0 0.0 0.0 0.0 0.0 0.0 0.0
955 2229.2490234375 1413.0435791015625 40.204943313526115 0.0 0.0 0.0 0.0 0.0 0.0 0.0
972 2225.29638671875 1409.0909423828125 38.6439365583327 0.0 0.0 0.0 0.0 0.0 0.0 0.0
990 2221.343994140625 1401.185791015625 36.322860568239264 0.0 0.0 0.0 0.0 0.0 0.0 0.0
1005 2221.343994140625 1397.2332763671875 35.57336849386313 0.0 0.0 0.0 0.0 0.0 0.0 0.0
1021 2217.391357421875 1393.2806396484375 34.01560702632991 0.0 0.0 0.0 0.0 0.0 0.0 0.0
1054 2217.391357421875 1389.328125 33.29885923439446 0.0 0.0 0.0 0.0 0.0 0.0 0.0
1063 2217.391357421875 1385.3756103515625 32.59251147528029 0.0 0.0 0.0 0.0 0.0 0.0 0.0
1088 2217.391357421875 1381.4229736328125 31.896520302289012 0.0 0.0 0.0 0.0 0.0 0.0 0.0
1105 2217.391357421875 1377.470458984375 31.210848279063846 0.0 0.0 0.0 0.0 0.0 0.0 0.0
1158 2221.343994140625 1377.470458984375 32.065540097937365 0.0 0.0 0.0 0.0 0.0 0.0 0.0
1174 2225.29638671875 1377.470458984375 32.90981758323027 0.0 0.0 0.0 0.0 0.0 0.0 0.0
1190 2233.20166015625 1377.470458984375 34.55703438215809 0.0 0.0 0.0 0.0 0.0 0.0 0.0
1206 2245.059326171875 1377.470458984375 36.93456553849459 0.0 0.0 0.0 0.0 0.0 0.0 0.0
1221 2256.9169921875 1381.4229736328125 39.99604367162474 0.0 0.0 0.0 0.0 0.0 0.0 0.0
1238 2268.774658203125 1385.3756103515625 42.96630948363832 0.0 0.0 0.0 0.0 0.0 0.0 0.0
1255 2276.679931640625 1385.3756103515625 44.33971441131809 0.0 0.0 0.0 0.0 0.0 0.0 0.0
1272 2288.53759765625 1389.328125 47.16732868594777 0.0 0.0 0.0 0.0 0.0 0.0 0.0
1288 2292.490234375 1393.2806396484375 48.7003488497092 0.0 0.0 0.0 0.0 0.0 0.0 0.0
1305 2296.442626953125 1393.2806396484375 49.309514351695064 0.0 0.0 0.0 0.0 0.0 0.0 0.0
1322 2304.347900390625 1397.2332763671875 51.40242321331144 0.0 0.0 0.0 0.0 0.0 0.0 0.0
1338 2308.300537109375 1401.185791015625 52.90965459800928 0.0 0.0 0.0 0.0 0.0 0.0 0.0
1540 2308.300537109375 1397.2332763671875 51.96194373566064 0.0 0.0 0.0 0.0 0.0 0.0 0.0
1558 2300.395263671875 1389.328125 48.89676419121236 0.0 0.0 0.0 0.0 0.0 0.0 0.0
1559 2300.395263671875 1389.328125 48.896753063507575 0.0 0.0 0.0 0.0 0.0 0.0 0.0
1589 2296.442626953125 1381.4229736328125 46.46372690916868 0.0 0.0 0.0 0.0 0.0 0.0 0.0
1605 2292.490234375 1373.517822265625 44.05058047099927 0.0 0.0 0.0 0.0 0.0 0.0 0.0
1621 2288.53759765625 1369.5653076171875 42.494620437884265 0.0 0.0 0.0 0.0 0.0 0.0 0.0
1655 2288.53759765625 1361.66015625 40.85265950569974 0.0 0.0 0.0 0.0 0.0 0.0 0.0
1672 2284.5849609375 1357.70751953125 39.291994729245694 0.0 0.0 0.0 0.0 0.0 0.0 0.0
1688 2280.632568359375 1353.7550048828125 37.73085614166838 0.0 0.0 0.0 0.0 0.0 0.0 0.0
1705 2276.679931640625 1349.802490234375 36.170314110713356 0.0 0.0 0.0 0.0 0.0 0.0 0.0
1722 2272.727294921875 1341.8973388671875 33.88702920097602 0.0 0.0 0.0 0.0 0.0 0.0 0.0
1738 2272.727294921875 1333.9921875 32.47762243826585 0.0 0.0 0.0 0.0 0.0 0.0 0.0
1755 2268.774658203125 1330.03955078125 30.92765792054619 0.0 0.0 0.0 0.0 0.0 0.0 0.0
1788 2268.774658203125 1326.0870361328125 30.25648190960262 0.0 0.0 0.0 0.0 0.0 0.0 0.0
1805 2268.774658203125 1322.1343994140625 29.59545798333062 0.0 0.0 0.0 0.0 0.0 0.0 0.0
1822 2268.774658203125 1318.181884765625 28.94454133539645 0.0 0.0 0.0 0.0 0.0 0.0 0.0
1855 2268.774658203125 1314.2293701171875 28.303597818893905 0.0 0.0 0.0 0.0 0.0 0.0 0.0
1905 2272.727294921875 1314.2293701171875 29.19223150352768 0.0 0.0 0.0 0.0 0.0 0.0 0.0
1925 2280.632568359375 1314.2293701171875 30.929204010307053 0.0 0.0 0.0 0.0 0.0 0.0 0.0
1941 2288.53759765625 1314.2293701171875 32.62502023724774 0.0 0.0 0.0 0.0 0.0 0.0 0.0
1959 2316.20556640625 1314.2293701171875 38.07133525148935 0.0 0.0 0.0 0.0 0.0 0.0 0.0
1974 2328.063232421875 1314.2293701171875 40.30888596000288 0.0 0.0 0.0 0.0 0.0 0.0 0.0
1989 2343.87353515625 1314.2293701171875 43.12896504753535 0.0 0.0 0.0 0.0 0.0 0.0 0.0
2005 2351.77880859375 1314.2293701171875 44.497564970092 0.0 0.0 0.0 0.0 0.0 0.0 0.0
2022 2359.683837890625 1314.2293701171875 45.825605943165996 0.0 0.0 0.0 0.0 0.0 0.0 0.0
2039 2363.636474609375 1314.2293701171875 46.479498614405806 0.0 0.0 0.0 0.0 0.0 0.0 0.0
2105 2367.5888671875 1310.2767333984375 46.250259760929794 0.0 0.0 0.0 0.0 0.0 0.0 0.0