0 2056.16357421875 1724.654052734375 308.53669917977595 0.0 0.0 0.0 0.0 0.0 0.0 0.0
56 1961.2333641052246 1630.897232055664 310.23983267690835 0.0 0.0 0.0 0.0 0.0 0.0 0.0
78 1961.2333641052246 1611.074722290039 314.8184882752895 0.0 0.0 0.0 0.0 0.0 0.0 0.0
90 1961.2333641052246 1587.9486236572266 319.4880258367431 0.0 0.0 0.0 0.0 0.0 0.0 0.0
108 1961.2333641052246 1561.5186920166016 324.04115716059255 0.0 0.0 0.0 0.0 0.0 0.0 0.0
124 1961.2333641052246 1531.7850494384766 328.3076303445107 0.0 0.0 0.0 0.0 0.0 0.0 0.0
141 1961.2333641052246 1488.836441040039 333.05665332772764 0.0 0.0 0.0 0.0 0.0 0.0 0.0
158 1961.2333641052246 1442.5841217041016 336.9075586661727 0.0 0.0 0.0 0.0 0.0 0.0 0.0
184 1961.2333641052246 1369.9019927978516 340.88381997614636 0.0 0.0 0.0 0.0 0.0 0.0 0.0
191 1961.2333641052246 1300.523452758789 343.40958715123884 0.0 0.0 0.0 0.0 0.0 0.0 0.0
207 1967.8407859802246 1224.5374908447266 346.9674846511841 0.0 0.0 0.0 0.0 0.0 0.0 0.0
224 1971.1444969177246 1141.9440460205078 348.3721307734603 0.0 0.0 0.0 0.0 0.0 0.0 0.0
241 1971.1444969177246 1082.476821899414 348.3856670662143 0.0 0.0 0.0 0.0 0.0 0.0 0.0
258 1977.752040863037 1009.7945709228516 350.19788812446296 0.0 0.0 0.0 0.0 0.0 0.0 0.0
274 1977.752040863037 950.3272857666016 349.65998902528565 0.0 0.0 0.0 0.0 0.0 0.0 0.0
291 1981.055751800537 910.6824493408203 350.4502033006919 0.0 0.0 0.0 0.0 0.0 0.0 0.0
308 1981.055751800537 874.3413238525391 350.0249710498026 0.0 0.0 0.0 0.0 0.0 0.0 0.0
325 1984.359462738037 847.9114532470703 350.91994119818764 0.0 0.0 0.0 0.0 0.0 0.0 0.0
341 1984.359462738037 838.0002593994141 350.7515973298517 0.0 0.0 0.0 0.0 0.0 0.0 0.0
357 1984.359462738037 831.3927764892578 350.6444880752894 0.0 0.0 0.0 0.0 0.0 0.0 0.0
374 1984.359462738037 828.0890045166016 350.59221090960943 0.0 0.0 0.0 0.0 0.0 0.0 0.0
413 1984.359462738037 828.0890045166016 350.592236498749 0.0 0.0 0.0 0.0 0.0 0.0 0.0
692 1984.359462738037 834.6964874267578 350.70208773885616 0.0 0.0 0.0 0.0 0.0 0.0 0.0
708 1984.359462738037 854.5189361572266 351.0871615469972 0.0 0.0 0.0 0.0 0.0 0.0 0.0
725 1984.359462738037 890.8600616455078 352.0464464490843 0.0 0.0 0.0 0.0 0.0 0.0 0.0
742 1984.359462738037 956.9347686767578 355.39584499594895 0.0 0.0 0.0 0.0 0.0 0.0 0.0
760 1981.055751800537 1046.1356964111328 4.259623978017558 0.0 0.0 0.0 0.0 0.0 0.0 0.0
776 1971.1444969177246 1165.0702056884766 52.760251294181586 0.0 0.0 0.0 0.0 0.0 0.0 0.0
815 1957.9296531677246 1313.7384185791016 117.28210645518882 0.0 0.0 0.0 0.0 0.0 0.0 0.0
826 1954.625820159912 1356.687026977539 129.66259994279386 0.0 0.0 0.0 0.0 0.0 0.0 0.0
843 1954.625820159912 1383.116958618164 135.6395419378612 0.0 0.0 0.0 0.0 0.0 0.0 0.0
859 1954.625820159912 1396.331802368164 138.39730460835872 0.0 0.0 0.0 0.0 0.0 0.0 0.0
876 1954.625820159912 1402.9393463134766 139.72036178629116 0.0 0.0 0.0 0.0 0.0 0.0 0.0
893 1954.625820159912 1406.2430572509766 140.36814475448088 0.0 0.0 0.0 0.0 0.0 0.0 0.0
910 1954.625820159912 1409.5467681884766 141.00243123128212 0.0 0.0 0.0 0.0 0.0 0.0 0.0
942 1954.625820159912 1412.8504791259766 141.6233956612202 0.0 0.0 0.0 0.0 0.0 0.0 0.0