0 2000.0 1500.0 0 0.0 0.0 0.0 0.0 0.0 0.0 0.0
63 1996.458984375 1500.0 358.40201236364476 0.0 0.0 0.0 0.0 0.0 0.0 0.0
79 1996.458984375 1492.917724609375 356.87600211234496 0.0 0.0 0.0 0.0 0.0 0.0 0.0
99 1996.458984375 1478.753173828125 354.1361860180723 0.0 0.0 0.0 0.0 0.0 0.0 0.0
116 1996.458984375 1453.965087890625 350.1552418530927 0.0 0.0 0.0 0.0 0.0 0.0 0.0
135 1996.458984375 1436.2593994140625 347.68199637237785 0.0 0.0 0.0 0.0 0.0 0.0 0.0
152 1996.458984375 1422.0948486328125 345.9166364829419 0.0 0.0 0.0 0.0 0.0 0.0 0.0
217 1996.458984375 1400.847900390625 343.67705037874 0.0 0.0 0.0 0.0 0.0 0.0 0.0
408 2000.0 1400.847900390625 345.4153597636523 0.0 0.0 0.0 0.0 0.0 0.0 0.0
428 2014.164794921875 1400.847900390625 352.1358791540075 0.0 0.0 0.0 0.0 0.0 0.0 0.0
446 2038.95263671875 1397.3067626953125 2.079144534860582 0.0 0.0 0.0 0.0 0.0 0.0 0.0
461 2063.74072265625 1393.765625 10.709411676636421 0.0 0.0 0.0 0.0 0.0 0.0 0.0
479 2099.152099609375 1383.1422119140625 18.930795872853743 0.0 0.0 0.0 0.0 0.0 0.0 0.0
494 2131.0224609375 1376.0599365234375 25.542550047456317 0.0 0.0 0.0 0.0 0.0 0.0 0.0
512 2152.269287109375 1372.518798828125 29.70676657312174 0.0 0.0 0.0 0.0 0.0 0.0 0.0
534 2173.516357421875 1368.9776611328125 33.24157252568288 0.0 0.0 0.0 0.0 0.0 0.0 0.0
555 2180.5986328125 1368.9776611328125 34.854691778068805 0.0 0.0 0.0 0.0 0.0 0.0 0.0
568 2184.1396484375 1365.4365234375 34.095547325917245 0.0 0.0 0.0 0.0 0.0 0.0 0.0
591 2187.680908203125 1365.4365234375 34.90072950543506 0.0 0.0 0.0 0.0 0.0 0.0 0.0
1971 2189.70703125 1361.258529663086 33.37043972265628 0.0 0.0 0.0 0.0 0.0 0.0 0.0
1988 2189.70703125 1357.717269897461 31.863745142648334 0.0 0.0 0.0 0.0 0.0 0.0 0.0
2005 2189.70703125 1343.552719116211 26.21908376481 0.0 0.0 0.0 0.0 0.0 0.0 0.0
2022 2189.70703125 1322.305892944336 18.65570074558417 0.0 0.0 0.0 0.0 0.0 0.0 0.0
2040 2175.54248046875 1304.600082397461 7.775984059729716 0.0 0.0 0.0 0.0 0.0 0.0 0.0
2057 2164.9189453125 1283.353256225586 358.4369776821106 0.0 0.0 0.0 0.0 0.0 0.0 0.0
2075 2154.29541015625 1258.5652923583984 349.8066678379326 0.0 0.0 0.0 0.0 0.0 0.0 0.0
2091 2147.213134765625 1233.7772064208984 344.017253064462 0.0 0.0 0.0 0.0 0.0 0.0 0.0
2109 2136.58984375 1208.989242553711 337.752625385 0.0 0.0 0.0 0.0 0.0 0.0 0.0
2126 2133.048583984375 1194.8245697021484 335.68572734064816 0.0 0.0 0.0 0.0 0.0 0.0 0.0
2148 2125.96630859375 1180.6600189208984 332.2723878095227 0.0 0.0 0.0 0.0 0.0 0.0 0.0
2168 2122.42529296875 1177.118881225586 330.5908495085031 0.0 0.0 0.0 0.0 0.0 0.0 0.0
2178 2122.42529296875 1173.5777435302734 330.6692592207615 0.0 0.0 0.0 0.0 0.0 0.0 0.0
2200 2118.884033203125 1170.036605834961 329.03816172031577 0.0 0.0 0.0 0.0 0.0 0.0 0.0
2302 2122.42529296875 1170.036605834961 330.8009653192673 0.0 0.0 0.0 0.0 0.0 0.0 0.0
2321 2129.507568359375 1170.036605834961 334.3306342980533 0.0 0.0 0.0 0.0 0.0 0.0 0.0
2338 2147.213134765625 1170.036605834961 343.0546955520314 0.0 0.0 0.0 0.0 0.0 0.0 0.0
2354 2172.001220703125 1170.036605834961 354.62925482035513 0.0 0.0 0.0 0.0 0.0 0.0 0.0
2371 2196.789306640625 1170.036605834961 5.166215629136566 0.0 0.0 0.0 0.0 0.0 0.0 0.0
2388 2218.0361328125 1170.036605834961 13.292372413560507 0.0 0.0 0.0 0.0 0.0 0.0 0.0
2406 2242.82421875 1166.4954681396484 20.407794204335325 0.0 0.0 0.0 0.0 0.0 0.0 0.0
2423 2260.52978515625 1162.954330444336 24.545356169084492 0.0 0.0 0.0 0.0 0.0 0.0 0.0
2440 2274.694580078125 1159.4131927490234 27.26151423129197 0.0 0.0 0.0 0.0 0.0 0.0 0.0
2456 2285.31787109375 1152.330795288086 27.487662711535016 0.0 0.0 0.0 0.0 0.0 0.0 0.0
2474 2295.94140625 1148.7896575927734 29.004590710879683 0.0 0.0 0.0 0.0 0.0 0.0 0.0
2491 2303.023681640625 1148.7896575927734 30.89144662141414 0.0 0.0 0.0 0.0 0.0 0.0 0.0
2509 2310.10595703125 1148.7896575927734 32.68410902917514 0.0 0.0 0.0 0.0 0.0 0.0 0.0
2527 2317.188232421875 1145.248519897461 32.939425704568116 0.0 0.0 0.0 0.0 0.0 0.0 0.0
2544 2320.7294921875 1145.248519897461 33.80577468354517 0.0 0.0 0.0 0.0 0.0 0.0 0.0
3837 2320.130859375 1139.7371520996094 32.26589976719302 0.0 0.0 0.0 0.0 0.0 0.0 0.0
3854 2320.130859375 1125.5726013183594 26.51188708800447 0.0 0.0 0.0 0.0 0.0 0.0 0.0
3872 2316.589599609375 1107.8668518066406 18.824601780336273 0.0 0.0 0.0 0.0 0.0 0.0 0.0
3890 2305.96630859375 1086.6199035644531 8.168108322791994 0.0 0.0 0.0 0.0 0.0 0.0 0.0
3907 2281.17822265625 1058.2908020019531 351.4935011522373 0.0 0.0 0.0 0.0 0.0 0.0 0.0
3923 2259.931396484375 1029.9615783691406 339.2663213088475 0.0 0.0 0.0 0.0 0.0 0.0 0.0
3940 2245.766845703125 1005.1736145019531 332.38454056875713 0.0 0.0 0.0 0.0 0.0 0.0 0.0
3958 2217.4375 980.3855285644531 321.0516335110961 0.0 0.0 0.0 0.0 0.0 0.0 0.0
3975 2199.73193359375 959.1387023925781 315.84611712914847 0.0 0.0 0.0 0.0 0.0 0.0 0.0
3991 2189.1083984375 944.9740905761719 313.33284836135084 0.0 0.0 0.0 0.0 0.0 0.0 0.0
4008 2185.5673828125 934.3506164550781 313.5456228610291 0.0 0.0 0.0 0.0 0.0 0.0 0.0
4025 2178.485107421875 930.8094787597656 310.9259561166311 0.0 0.0 0.0 0.0 0.0 0.0 0.0
4050 2178.485107421875 927.2683410644531 311.61924876256444 0.0 0.0 0.0 0.0 0.0 0.0 0.0
4065 2178.485107421875 923.7272033691406 312.29275712830514 0.0 0.0 0.0 0.0 0.0 0.0 0.0
4081 2178.485107421875 920.1860656738281 312.9469981315813 0.0 0.0 0.0 0.0 0.0 0.0 0.0
4144 2182.026123046875 920.1860656738281 314.65620638843035 0.0 0.0 0.0 0.0 0.0 0.0 0.0
4163 2203.27294921875 920.1860656738281 325.4717357612123 0.0 0.0 0.0 0.0 0.0 0.0 0.0
4185 2228.06103515625 916.6449279785156 338.1038272410489 0.0 0.0 0.0 0.0 0.0 0.0 0.0
4201 2263.472412109375 913.1037292480469 354.6669836555483 0.0 0.0 0.0 0.0 0.0 0.0 0.0
4217 2302.425048828125 909.5625915527344 9.947866058506648 0.0 0.0 0.0 0.0 0.0 0.0 0.0
4234 2323.672119140625 906.0214538574219 16.737176096546754 0.0 0.0 0.0 0.0 0.0 0.0 0.0
4250 2341.377685546875 902.4803161621094 21.538242161758035 0.0 0.0 0.0 0.0 0.0 0.0 0.0
4267 2359.08349609375 898.9391784667969 25.745105570421188 0.0 0.0 0.0 0.0 0.0 0.0 0.0
4285 2369.70703125 898.9391784667969 28.88273955072075 0.0 0.0 0.0 0.0 0.0 0.0 0.0
4305 2373.248046875 898.9391784667969 29.90160413429213 0.0 0.0 0.0 0.0 0.0 0.0 0.0
4318 2383.87158203125 898.9391784667969 32.73345479164568 0.0 0.0 0.0 0.0 0.0 0.0 0.0
4335 2387.41259765625 898.9391784667969 33.652100419258154 0.0 0.0 0.0 0.0 0.0 0.0 0.0
4354 2394.494873046875 898.9391784667969 35.393832500126834 0.0 0.0 0.0 0.0 0.0 0.0 0.0
4369 2401.5771484375 898.9391784667969 37.04325085815863 0.0 0.0 0.0 0.0 0.0 0.0 0.0
4387 2408.659423828125 898.9391784667969 38.60412868089112 0.0 0.0 0.0 0.0 0.0 0.0 0.0
4402 2412.20068359375 898.9391784667969 39.36277922406629 0.0 0.0 0.0 0.0 0.0 0.0 0.0
4421 2415.74169921875 895.3980407714844 38.51110273994793 0.0 0.0 0.0 0.0 0.0 0.0 0.0
5392 2415.74169921875 891.8568725585938 36.89898478156998 0.0 0.0 0.0 0.0 0.0 0.0 0.0
5409 2415.74169921875 888.315673828125 35.31042927712605 0.0 0.0 0.0 0.0 0.0 0.0 0.0
5429 2415.74169921875 881.2333984375 32.23071743931139 0.0 0.0 0.0 0.0 0.0 0.0 0.0
5446 2415.74169921875 874.151123046875 29.25471805423429 0.0 0.0 0.0 0.0 0.0 0.0 0.0
5464 2408.659423828125 856.4453735351562 20.17540265208499 0.0 0.0 0.0 0.0 0.0 0.0 0.0
5479 2394.494873046875 845.8219604492188 11.074992114516128 0.0 0.0 0.0 0.0 0.0 0.0 0.0
5496 2373.248046875 828.1162109375 357.37474402482155 0.0 0.0 0.0 0.0 0.0 0.0 0.0
5515 2355.542236328125 810.4104614257812 346.5123052122381 0.0 0.0 0.0 0.0 0.0 0.0 0.0
5530 2334.29541015625 796.2459106445312 335.40649084297183 0.0 0.0 0.0 0.0 0.0 0.0 0.0
5547 2320.130859375 782.081298828125 328.8386304798248 0.0 0.0 0.0 0.0 0.0 0.0 0.0
5564 2302.425048828125 771.4578857421875 321.19747683721937 0.0 0.0 0.0 0.0 0.0 0.0 0.0
5582 2284.719482421875 760.8344116210938 314.4736170463792 0.0 0.0 0.0 0.0 0.0 0.0 0.0
5600 2274.095947265625 750.2109985351562 311.53810720866386 0.0 0.0 0.0 0.0 0.0 0.0 0.0
5617 2270.554931640625 743.1287231445312 311.2742806335541 0.0 0.0 0.0 0.0 0.0 0.0 0.0
5634 2270.554931640625 739.5875244140625 311.95757067467787 0.0 0.0 0.0 0.0 0.0 0.0 0.0
5652 2270.554931640625 736.04638671875 312.62143708865074 0.0 0.0 0.0 0.0 0.0 0.0 0.0
5672 2270.554931640625 732.5052490234375 313.26624895318844 0.0 0.0 0.0 0.0 0.0 0.0 0.0
5696 2274.095947265625 728.964111328125 315.5615520345351 0.0 0.0 0.0 0.0 0.0 0.0 0.0
5713 2291.8017578125 721.8818359375 325.122950194615 0.0 0.0 0.0 0.0 0.0 0.0 0.0
5732 2316.589599609375 718.3406982421875 337.7707696544152 0.0 0.0 0.0 0.0 0.0 0.0 0.0
5747 2344.9189453125 714.799560546875 351.2183535330483 0.0 0.0 0.0 0.0 0.0 0.0 0.0
5765 2376.789306640625 711.2583618164062 4.491508415931591 0.0 0.0 0.0 0.0 0.0 0.0 0.0
5781 2415.74169921875 704.1760864257812 16.78525034033867 0.0 0.0 0.0 0.0 0.0 0.0 0.0
5798 2458.235595703125 700.6349487304688 28.160076908991144 0.0 0.0 0.0 0.0 0.0 0.0 0.0
5815 2490.10595703125 697.0938110351562 34.62411729150791 0.0 0.0 0.0 0.0 0.0 0.0 0.0
5836 2511.352783203125 693.5526733398438 37.81723281662272 0.0 0.0 0.0 0.0 0.0 0.0 0.0
5851 2529.05859375 693.5526733398438 41.32807045320216 0.0 0.0 0.0 0.0 0.0 0.0 0.0
5867 2539.681884765625 690.0115356445312 41.72278387350249 0.0 0.0 0.0 0.0 0.0 0.0 0.0
5886 2550.305419921875 690.0115356445312 43.62567113239646 0.0 0.0 0.0 0.0 0.0 0.0 0.0
5901 2553.846435546875 686.4703369140625 42.603580144646855 0.0 0.0 0.0 0.0 0.0 0.0 0.0
5918 2560.9287109375 686.4703369140625 43.858218312040535 0.0 0.0 0.0 0.0 0.0 0.0 0.0
5936 2568.010986328125 686.4703369140625 45.042276381939686 0.0 0.0 0.0 0.0 0.0 0.0 0.0
5953 2585.716796875 682.92919921875 46.11729660217148 0.0 0.0 0.0 0.0 0.0 0.0 0.0
5970 2589.258056640625 682.92919921875 46.66068881792455 0.0 0.0 0.0 0.0 0.0 0.0 0.0