0 2350.0 1500.0 0 1650.0 1500.0 0 0.0 0.0 0.0 0.0
88 2350.0 1500.0 0 1650.0 1500.0 0 0.0 0.0 0.0 0.0
104 2350.0 1500.0 0 1650.0 1500.0 0 0.0 0.0 0.0 0.0
121 2350.0 1500.0 0 1650.0 1500.0 0 0.0 0.0 0.0 0.0
138 2350.0 1500.0 0 1650.0 1500.0 0 0.0 0.0 0.0 0.0
154 2350.0 1500.0 0 1650.0 1500.0 0 0.0 0.0 0.0 0.0
171 2323.68408203125 1463.157958984375 2.8119341816264978 1650.0 1500.0 0 0.0 0.0 0.0 0.0
187 2307.894775390625 1436.8421630859375 5.253063734279635 1650.0 1500.0 0 0.0 0.0 0.0 0.0
204 2286.842041015625 1410.5263671875 5.681949946381678 1650.0 1500.0 0 0.0 0.0 0.0 0.0
221 2265.789306640625 1384.2105712890625 6.017413564371168 1650.0 1500.0 0 0.0 0.0 0.0 0.0
237 2250.0 1357.894775390625 7.815098838894187 1650.0 1500.0 0 0.0 0.0 0.0 0.0
255 2234.21044921875 1331.5789794921875 9.250622716724479 1650.0 1500.0 0 0.0 0.0 0.0 0.0
271 2223.68408203125 1310.5263671875 10.885381780518856 1650.0 1500.0 0 0.0 0.0 0.0 0.0
288 2207.894775390625 1289.4737548828125 10.550663941150901 1650.0 1500.0 0 0.0 0.0 0.0 0.0
304 2197.368408203125 1268.421142578125 11.975339852659147 1650.0 1500.0 0 0.0 0.0 0.0 0.0
324 2192.105224609375 1257.894775390625 12.62487148779553 1650.0 1500.0 0 0.0 0.0 0.0 0.0
338 2186.842041015625 1242.1053466796875 14.404151755460703 1650.0 1500.0 0 0.0 0.0 0.0 0.0
354 2181.578857421875 1242.1053466796875 12.326182436733973 1650.0 1500.0 0 0.0 0.0 0.0 0.0
371 2171.052490234375 1236.8421630859375 9.766864506777324 1650.0 1500.0 0 0.0 0.0 0.0 0.0
387 2165.789306640625 1231.5789794921875 9.253571873913131 1650.0 1500.0 0 0.0 0.0 0.0 0.0
421 2160.5263671875 1226.3157958984375 8.769832170226778 1650.0 1500.0 0 0.0 0.0 0.0 0.0
537 2155.26318359375 1226.3157958984375 6.833419128201683 1650.0 1500.0 0 0.0 0.0 0.0 0.0
587 2155.26318359375 1221.052734375 8.352120246122865 1650.0 1500.0 0 0.0 0.0 0.0 0.0
687 2155.26318359375 1226.3157958984375 6.779651109244412 1650.0 1500.0 0 0.0 0.0 0.0 0.0
705 2155.26318359375 1236.8421630859375 3.411241036398792 1650.0 1500.0 0 0.0 0.0 0.0 0.0
721 2160.5263671875 1268.421142578125 352.9135623088681 1650.0 1500.0 0 0.0 0.0 0.0 0.0
740 2171.052490234375 1315.78955078125 332.3806888177596 1650.0 1500.0 0 0.0 0.0 0.0 0.0
754 2186.842041015625 1373.6842041015625 302.66031443929796 1650.0 1500.0 0 0.0 0.0 0.0 0.0
771 2197.368408203125 1431.5789794921875 277.2953927406061 1650.0 1500.0 0 0.0 0.0 0.0 0.0
787 2207.894775390625 1510.5263671875 254.43908799294576 1650.0 1500.0 0 0.0 0.0 0.0 0.0
804 2218.4208984375 1573.6842041015625 241.48195985959933 1650.0 1500.0 0 0.0 0.0 0.0 0.0
821 2223.68408203125 1636.8421630859375 234.51130398017497 1650.0 1500.0 0 0.0 0.0 0.0 0.0
837 2228.947265625 1700.0 229.91528170224512 1650.0 1500.0 0 0.0 0.0 0.0 0.0
854 2234.21044921875 1747.368408203125 226.98823054846167 1650.0 1500.0 0 0.0 0.0 0.0 0.0
871 2239.4736328125 1784.2105712890625 224.81880646632266 1650.0 1500.0 0 0.0 0.0 0.0 0.0
888 2239.4736328125 1810.5263671875 225.00867707743834 1650.0 1500.0 0 0.0 0.0 0.0 0.0
904 2244.73681640625 1821.052734375 222.7879660185958 1650.0 1500.0 0 0.0 0.0 0.0 0.0
921 2244.73681640625 1831.5789794921875 223.0355041116947 1650.0 1500.0 0 0.0 0.0 0.0 0.0
937 2244.73681640625 1836.8421630859375 223.15414460655776 1650.0 1500.0 0 0.0 0.0 0.0 0.0
1054 2250.0 1836.8421630859375 220.6708173667248 1650.0 1500.0 0 0.0 0.0 0.0 0.0
1121 2255.26318359375 1836.8421630859375 218.1995782717073 1650.0 1500.0 0 0.0 0.0 0.0 0.0
1187 2260.5263671875 1842.1053466796875 216.16289179207854 1650.0 1500.0 0 0.0 0.0 0.0 0.0
1204 2260.5263671875 1847.368408203125 216.56634924810032 1650.0 1500.0 0 0.0 0.0 0.0 0.0
1221 2260.5263671875 1852.631591796875 216.9531933335478 1650.0 1500.0 0 0.0 0.0 0.0 0.0
1237 2260.5263671875 1863.157958984375 217.66563878016927 1650.0 1500.0 0 0.0 0.0 0.0 0.0
1254 2260.5263671875 1878.9473876953125 218.61203097311804 1650.0 1500.0 0 0.0 0.0 0.0 0.0
1271 2260.5263671875 1894.7369384765625 219.44979293145738 1650.0 1500.0 0 0.0 0.0 0.0 0.0
1289 2260.5263671875 1921.052734375 220.59767926124573 1650.0 1500.0 0 0.0 0.0 0.0 0.0
1304 2260.5263671875 1947.368408203125 221.54106398771717 1650.0 1500.0 0 0.0 0.0 0.0 0.0
1321 2260.5263671875 1994.7369384765625 222.76203188763492 1650.0 1500.0 0 0.0 0.0 0.0 0.0
1337 2260.5263671875 2036.8421630859375 223.5672968908051 1650.0 1500.0 0 0.0 0.0 0.0 0.0
1354 2260.5263671875 2078.9473876953125 224.16473918166574 1650.0 1500.0 0 0.0 0.0 0.0 0.0
1372 2265.789306640625 2115.78955078125 222.65715863660665 1650.0 1500.0 0 0.0 0.0 0.0 0.0
1389 2271.052490234375 2147.3685302734375 221.35292179948334 1650.0 1500.0 0 0.0 0.0 0.0 0.0
1404 2281.578857421875 2184.2105712890625 218.61368432552206 1650.0 1500.0 0 0.0 0.0 0.0 0.0
1421 2286.842041015625 2210.5262451171875 217.88000205876074 1650.0 1500.0 0 0.0 0.0 0.0 0.0
1437 2302.631591796875 2236.8421630859375 213.29282462368025 1650.0 1500.0 0 0.0 0.0 0.0 0.0
1458 2307.894775390625 2257.8948974609375 213.07262934963597 1650.0 1500.0 0 0.0 0.0 0.0 0.0
1475 2318.4208984375 2268.4210205078125 209.67465273566498 1650.0 1500.0 0 0.0 0.0 0.0 0.0
1487 2328.947265625 2278.9473876953125 206.61208912009369 1650.0 1500.0 0 0.0 0.0 0.0 0.0
1504 2334.21044921875 2284.2105712890625 205.16225965333496 1650.0 1500.0 0 0.0 0.0 0.0 0.0
1521 2344.73681640625 2289.4737548828125 201.6375958574361 1650.0 1500.0 0 0.0 0.0 0.0 0.0
1537 2350.0 2294.7369384765625 200.45631909341196 1650.0 1500.0 0 0.0 0.0 0.0 0.0
1554 2355.26318359375 2300.0001220703125 199.3400677713637 1650.0 1500.0 0 0.0 0.0 0.0 0.0
1571 2360.5263671875 2300.0001220703125 197.15346966025083 1650.0 1500.0 0 0.0 0.0 0.0 0.0
1587 2365.789306640625 2300.0001220703125 195.0132336007098 1650.0 1500.0 0 0.0 0.0 0.0 0.0
1621 2371.052490234375 2300.0001220703125 192.92107017849236 1650.0 1500.0 0 0.0 0.0 0.0 0.0
1788 2360.5263671875 2300.0001220703125 197.30356538737624 1650.0 1500.0 0 0.0 0.0 0.0 0.0
1804 2344.73681640625 2300.0001220703125 204.27387933641535 1650.0 1500.0 0 0.0 0.0 0.0 0.0
1821 2323.68408203125 2300.0001220703125 214.0825957275266 1650.0 1500.0 0 0.0 0.0 0.0 0.0
1837 2292.105224609375 2300.0001220703125 229.18942588258696 1650.0 1500.0 0 0.0 0.0 0.0 0.0
1854 2244.73681640625 2300.0001220703125 250.11081775580467 1650.0 1500.0 0 0.0 0.0 0.0 0.0
1871 2186.842041015625 2300.0001220703125 270.1522960843763 1650.0 1500.0 0 0.0 0.0 0.0 0.0
1887 2123.6842041015625 2300.0001220703125 285.47498539631545 1650.0 1500.0 0 0.0 0.0 0.0 0.0
1904 2060.5262451171875 2300.0001220703125 295.80145445480036 1650.0 1500.0 0 0.0 0.0 0.0 0.0
1921 1986.842041015625 2294.7369384765625 304.9222588591109 1650.0 1500.0 0 0.0 0.0 0.0 0.0
1938 1907.8946533203125 2294.7369384765625 309.24670591088795 1650.0 1500.0 0 0.0 0.0 0.0 0.0
1954 1818.4210205078125 2294.7369384765625 312.06702916880306 1650.0 1500.0 0 0.0 0.0 0.0 0.0
1971 1755.2630615234375 2294.7369384765625 313.37522221648294 1650.0 1500.0 0 0.0 0.0 0.0 0.0
1987 1676.315673828125 2294.7369384765625 314.36484854582454 1650.0 1500.0 0 0.0 0.0 0.0 0.0
2004 1628.947265625 2294.7369384765625 314.79156775177836 1650.0 1500.0 0 0.0 0.0 0.0 0.0
2021 1576.315673828125 2294.7369384765625 315.1219484361348 1650.0 1500.0 0 0.0 0.0 0.0 0.0
2037 1528.947265625 2294.7369384765625 315.33564859438223 1650.0 1500.0 0 0.0 0.0 0.0 0.0
2054 1481.578857421875 2294.7369384765625 315.48922394806425 1650.0 1500.0 0 0.0 0.0 0.0 0.0
2071 1455.2630615234375 2294.7369384765625 315.55930309307234 1650.0 1500.0 0 0.0 0.0 0.0 0.0
2088 1434.21044921875 2294.7369384765625 315.60705676409316 1650.0 1500.0 0 0.0 0.0 0.0 0.0
2104 1418.4210205078125 2300.0001220703125 313.43512826443634 1650.0 1500.0 0 0.0 0.0 0.0 0.0
2121 1407.8946533203125 2300.0001220703125 313.63091625422476 1650.0 1500.0 0 0.0 0.0 0.0 0.0
2137 1402.6314697265625 2300.0001220703125 313.72476777734033 1650.0 1500.0 0 0.0 0.0 0.0 0.0
2154 1397.368408203125 2300.0001220703125 313.81470529062597 1650.0 1500.0 0 0.0 0.0 0.0 0.0
2187 1392.105224609375 2305.2633056640625 311.5180865754191 1650.0 1500.0 0 0.0 0.0 0.0 0.0
2291 1386.842041015625 2305.2633056640625 311.69987521392466 1650.0 1500.0 0 0.0 0.0 0.0 0.0
2304 1381.578857421875 2305.2633056640625 311.874135475598 1650.0 1500.0 0 0.0 0.0 0.0 0.0
2321 1376.315673828125 2305.2633056640625 312.0411329493048 1650.0 1500.0 0 0.0 0.0 0.0 0.0
2338 1355.2630615234375 2305.2633056640625 312.61010112664735 1650.0 1500.0 0 0.0 0.0 0.0 0.0
2354 1313.1578369140625 2294.7369384765625 317.15583680463726 1650.0 1500.0 0 0.0 0.0 0.0 0.0
2371 1228.947265625 2257.8948974609375 326.7887183975628 1650.0 1500.0 0 0.0 0.0 0.0 0.0
2387 1118.4210205078125 2184.2105712890625 338.7199249325375 1650.0 1500.0 0 0.0 0.0 0.0 0.0
2404 997.3683471679688 2115.78955078125 342.26962171347424 1650.0 1500.0 0 0.0 0.0 0.0 0.0
2421 876.3157348632812 2036.8421630859375 345.9297416390553 1650.0 1500.0 0 0.0 0.0 0.0 0.0
2437 755.2631225585938 1963.157958984375 346.6204639879471 1650.0 1500.0 0 0.0 0.0 0.0 0.0
2454 671.0525512695312 1915.78955078125 346.00708107661126 1650.0 1500.0 0 0.0 0.0 0.0 0.0
2474 586.842041015625 1878.9473876953125 343.20264500925873 1650.0 1500.0 0 0.0 0.0 0.0 0.0
2490 544.7367858886719 1852.631591796875 344.56532928395836 1650.0 1500.0 0 0.0 0.0 0.0 0.0
2504 518.4209899902344 1836.8421630859375 345.02660269314663 1650.0 1500.0 0 0.0 0.0 0.0 0.0
2523 507.8946838378906 1831.5789794921875 344.7978956144756 1650.0 1500.0 0 0.0 0.0 0.0 0.0
2538 507.8946838378906 1826.3157958984375 346.9340023879249 1650.0 1500.0 0 0.0 0.0 0.0 0.0
2621 513.1578369140625 1826.3157958984375 348.2694295916144 1650.0 1500.0 0 0.0 0.0 0.0 0.0
2671 518.4209899902344 1826.3157958984375 349.6554392609047 1650.0 1500.0 0 0.0 0.0 0.0 0.0
2691 523.6841430664062 1826.3157958984375 351.0929833608784 1650.0 1500.0 0 0.0 0.0 0.0 0.0
2707 528.9472961425781 1826.3157958984375 352.5829984162483 1650.0 1500.0 0 0.0 0.0 0.0 0.0
2724 544.7367858886719 1821.052734375 359.56860849198284 1650.0 1500.0 0 0.0 0.0 0.0 0.0
2741 576.3157348632812 1800.0 17.764455033650904 1650.0 1500.0 0 0.0 0.0 0.0 0.0
2757 623.6841430664062 1778.9473876953125 41.56585154054483 1650.0 1500.0 0 0.0 0.0 0.0 0.0
2774 681.578857421875 1747.368408203125 63.65582168181055 1650.0 1500.0 0 0.0 0.0 0.0 0.0
2790 734.21044921875 1705.26318359375 75.53686949069504 1650.0 1500.0 0 0.0 0.0 0.0 0.0
2807 781.578857421875 1657.894775390625 80.9936194453245 1650.0 1500.0 0 0.0 0.0 0.0 0.0
2825 865.7894287109375 1531.5789794921875 80.20211548813313 1650.0 1500.0 0 0.0 0.0 0.0 0.0
2826 865.7894287109375 1531.5789794921875 80.20210993694536 1650.0 1500.0 0 0.0 0.0 0.0 0.0
2856 897.3683471679688 1452.631591796875 75.03872254320476 1650.0 1500.0 0 0.0 0.0 0.0 0.0
2874 913.1578369140625 1368.421142578125 67.36627738710933 1650.0 1500.0 0 0.0 0.0 0.0 0.0
2890 923.6841430664062 1289.4737548828125 61.858388832367154 1650.0 1500.0 0 0.0 0.0 0.0 0.0
2907 928.9473266601562 1221.052734375 57.67260448007164 1650.0 1500.0 0 0.0 0.0 0.0 0.0
2924 928.9473266601562 1152.631591796875 53.41807339695106 1650.0 1500.0 0 0.0 0.0 0.0 0.0
2940 928.9473266601562 1105.26318359375 51.299213702580744 1650.0 1500.0 0 0.0 0.0 0.0 0.0
2958 928.9473266601562 1052.6316528320312 49.65730896836402 1650.0 1500.0 0 0.0 0.0 0.0 0.0
2959 928.9473266601562 1052.6316528320312 49.65730513823877 1650.0 1500.0 0 0.0 0.0 0.0 0.0
2974 928.9473266601562 1042.1052856445312 49.35520054669223 1650.0 1500.0 0 0.0 0.0 0.0 0.0
3006 928.9473266601562 1036.8421630859375 49.210444179110425 1650.0 1500.0 0 0.0 0.0 0.0 0.0
3023 923.6841430664062 1036.8421630859375 46.71700974883407 1650.0 1500.0 0 0.0 0.0 0.0 0.0
3040 918.4209594726562 1036.8421630859375 44.22437295159256 1650.0 1500.0 0 0.0 0.0 0.0 0.0
3058 907.8946533203125 1036.8421630859375 39.26559886733162 1650.0 1500.0 0 0.0 0.0 0.0 0.0
3091 897.3683471679688 1036.8421630859375 34.37410217872559 1650.0 1500.0 0 0.0 0.0 0.0 0.0
3092 897.3683471679688 1036.8421630859375 34.374116704351536 1650.0 1500.0 0 0.0 0.0 0.0 0.0
3108 892.105224609375 1036.8421630859375 31.953813122305746 1650.0 1500.0 0 0.0 0.0 0.0 0.0
3157 886.842041015625 1036.8421630859375 29.56065932348531 1650.0 1500.0 0 0.0 0.0 0.0 0.0
3190 881.578857421875 1036.8421630859375 27.198461883701555 1650.0 1500.0 0 0.0 0.0 0.0 0.0
3225 876.3157348632812 1036.8421630859375 24.870691398096483 1650.0 1500.0 0 0.0 0.0 0.0 0.0
3340 886.842041015625 1036.8421630859375 29.663654238689958 1650.0 1500.0 0 0.0 0.0 0.0 0.0
3358 913.1578369140625 1036.8421630859375 42.20226484942208 1650.0 1500.0 0 0.0 0.0 0.0 0.0
3374 997.3683471679688 1036.8421630859375 78.2267337551529 1650.0 1500.0 0 0.0 0.0 0.0 0.0
3392 1139.4736328125 1042.1052856445312 110.76993680321036 1650.0 1500.0 0 0.0 0.0 0.0 0.0
3407 1328.947265625 1052.6316528320312 128.10946529738428 1650.0 1500.0 0 0.0 0.0 0.0 0.0
3423 1507.8946533203125 1073.6842651367188 136.78143723424992 1650.0 1500.0 0 0.0 0.0 0.0 0.0
3440 1634.21044921875 1078.9473876953125 137.54075861629028 1650.0 1500.0 0 0.0 0.0 0.0 0.0
3457 1728.947265625 1068.4210815429688 134.01601921471786 1650.0 1500.0 0 0.0 0.0 0.0 0.0
3473 1786.842041015625 1031.5789794921875 123.0332699530938 1650.0 1500.0 0 0.0 0.0 0.0 0.0
3491 1818.4210205078125 978.9473876953125 107.87212758570715 1650.0 1500.0 0 0.0 0.0 0.0 0.0
3507 1834.21044921875 942.1052856445312 98.50365950555783 1650.0 1500.0 0 0.0 0.0 0.0 0.0
3523 1839.4736328125 910.5263671875 89.8754055131439 1650.0 1500.0 0 0.0 0.0 0.0 0.0
3540 1839.4736328125 889.4737548828125 83.74351543620276 1650.0 1500.0 0 0.0 0.0 0.0 0.0
3556 1839.4736328125 868.4210815429688 78.37838476834258 1650.0 1500.0 0 0.0 0.0 0.0 0.0
3573 1834.21044921875 852.6316528320312 72.76431012862565 1650.0 1500.0 0 0.0 0.0 0.0 0.0
3589 1823.6842041015625 842.1052856445312 66.3370554066463 1650.0 1500.0 0 0.0 0.0 0.0 0.0
3607 1813.1578369140625 836.8421630859375 60.86792946184448 1650.0 1500.0 0 0.0 0.0 0.0 0.0
3623 1807.8946533203125 831.5789794921875 57.908971891469946 1650.0 1500.0 0 0.0 0.0 0.0 0.0
3639 1802.6314697265625 831.5789794921875 55.449994047391215 1650.0 1500.0 0 0.0 0.0 0.0 0.0
3656 1797.368408203125 826.3158569335938 52.67854158098686 1650.0 1500.0 0 0.0 0.0 0.0 0.0
3688 1792.105224609375 826.3158569335938 50.19190998796387 1650.0 1500.0 0 0.0 0.0 0.0 0.0
3788 1844.73681640625 857.894775390625 80.60989717018367 1650.0 1500.0 0 0.0 0.0 0.0 0.0
3805 1934.21044921875 915.7894897460938 121.19118392906245 1650.0 1500.0 0 0.0 0.0 0.0 0.0
3821 2028.947265625 984.2105712890625 145.98833354957029 1650.0 1500.0 0 0.0 0.0 0.0 0.0
3838 2076.315673828125 1047.3684692382812 162.7641072907396 1650.0 1500.0 0 0.0 0.0 0.0 0.0
3856 2113.1578369140625 1089.4737548828125 169.65669263066286 1650.0 1500.0 0 0.0 0.0 0.0 0.0
3872 2139.4736328125 1121.052734375 173.79998808845056 1650.0 1500.0 0 0.0 0.0 0.0 0.0
3888 2160.5263671875 1157.894775390625 179.5476552719863 1650.0 1500.0 0 0.0 0.0 0.0 0.0
3905 2181.578857421875 1178.9473876953125 179.81110166116383 1650.0 1500.0 0 0.0 0.0 0.0 0.0
3922 2192.105224609375 1189.4737548828125 179.9283453272754 1650.0 1500.0 0 0.0 0.0 0.0 0.0
3938 2197.368408203125 1194.7369384765625 179.983601030795 1650.0 1500.0 0 0.0 0.0 0.0 0.0
3955 2202.631591796875 1200.0 180.03560104459183 1650.0 1500.0 0 0.0 0.0 0.0 0.0
3972 2202.631591796875 1205.26318359375 181.77104362238998 1650.0 1500.0 0 0.0 0.0 0.0 0.0
3988 2202.631591796875 1210.5263671875 183.45315234850537 1650.0 1500.0 0 0.0 0.0 0.0 0.0
4004 2202.631591796875 1215.78955078125 185.0822337998297 1650.0 1500.0 0 0.0 0.0 0.0 0.0
4022 2202.631591796875 1221.052734375 186.65877358151639 1650.0 1500.0 0 0.0 0.0 0.0 0.0
4121 2207.894775390625 1221.052734375 184.77994420783043 1650.0 1500.0 0 0.0 0.0 0.0 0.0
4154 2213.15771484375 1221.052734375 182.9543685661282 1650.0 1500.0 0 0.0 0.0 0.0 0.0