0 2000.0 1500.0 0 0.0 0.0 0.0 0.0 0.0 0.0 0.0
124 2000.0 1500.0 0 0.0 0.0 0.0 0.0 0.0 0.0 0.0
143 2000.0 1500.0 0 0.0 0.0 0.0 0.0 0.0 0.0 0.0
161 1974.481689453125 1488.6585693359375 348.7979636027431 0.0 0.0 0.0 0.0 0.0 0.0 0.0
176 1948.96337890625 1485.8231201171875 337.5399522495018 0.0 0.0 0.0 0.0 0.0 0.0 0.0
193 1934.7864990234375 1482.98779296875 332.14307024962767 0.0 0.0 0.0 0.0 0.0 0.0 0.0
209 1934.7864990234375 1482.98779296875 332.1430283166994 0.0 0.0 0.0 0.0 0.0 0.0 0.0
282 1937.621826171875 1482.98779296875 333.41139303234166 0.0 0.0 0.0 0.0 0.0 0.0 0.0
293 1954.6341552734375 1482.98779296875 341.68850840795585 0.0 0.0 0.0 0.0 0.0 0.0 0.0
310 1960.3048095703125 1482.98779296875 344.49843885421535 0.0 0.0 0.0 0.0 0.0 0.0 0.0
327 1965.9755859375 1482.98779296875 347.3621305466963 0.0 0.0 0.0 0.0 0.0 0.0 0.0
343 1971.6463623046875 1480.1524658203125 350.6966790239852 0.0 0.0 0.0 0.0 0.0 0.0 0.0
361 1977.3170166015625 1480.1524658203125 353.6529321699938 0.0 0.0 0.0 0.0 0.0 0.0 0.0
376 1985.8231201171875 1482.98779296875 357.92323305749267 0.0 0.0 0.0 0.0 0.0 0.0 0.0
394 1997.1646728515625 1482.98779296875 3.9935106879362365 0.0 0.0 0.0 0.0 0.0 0.0 0.0
443 1991.493896484375 1482.98779296875 0.9742925878175015 0.0 0.0 0.0 0.0 0.0 0.0 0.0
459 1982.98779296875 1482.98779296875 356.4919913318229 0.0 0.0 0.0 0.0 0.0 0.0 0.0
476 1971.6463623046875 1482.98779296875 350.65144199074706 0.0 0.0 0.0 0.0 0.0 0.0 0.0
495 1951.7987060546875 1480.1524658203125 341.6364298071251 0.0 0.0 0.0 0.0 0.0 0.0 0.0
510 1948.96337890625 1480.1524658203125 340.2777819787358 0.0 0.0 0.0 0.0 0.0 0.0 0.0
547 1948.96337890625 1480.1524658203125 340.2777586640331 0.0 0.0 0.0 0.0 0.0 0.0 0.0
560 1951.7987060546875 1480.1524658203125 341.6521825784709 0.0 0.0 0.0 0.0 0.0 0.0 0.0
576 1963.1402587890625 1480.1524658203125 347.3876652753875 0.0 0.0 0.0 0.0 0.0 0.0 0.0
593 1988.6585693359375 1480.1524658203125 1.1014094822517677 0.0 0.0 0.0 0.0 0.0 0.0 0.0
610 1997.1646728515625 1480.1524658203125 5.654576068193137 0.0 0.0 0.0 0.0 0.0 0.0 0.0
627 2005.6707763671875 1480.1524658203125 10.199648565543384 0.0 0.0 0.0 0.0 0.0 0.0 0.0
643 2005.6707763671875 1480.1524658203125 10.199672340540474 0.0 0.0 0.0 0.0 0.0 0.0 0.0
693 1997.1646728515625 1480.1524658203125 5.6465403285275215 0.0 0.0 0.0 0.0 0.0 0.0 0.0
710 1980.1524658203125 1480.1524658203125 356.6497519807245 0.0 0.0 0.0 0.0 0.0 0.0 0.0
727 1971.6463623046875 1477.3170166015625 352.60145404172033 0.0 0.0 0.0 0.0 0.0 0.0 0.0
743 1965.9755859375 1477.3170166015625 349.6992184477501 0.0 0.0 0.0 0.0 0.0 0.0 0.0
793 1965.9755859375 1477.3170166015625 349.69921361647715 0.0 0.0 0.0 0.0 0.0 0.0 0.0
810 1977.3170166015625 1480.1524658203125 355.35956520344854 0.0 0.0 0.0 0.0 0.0 0.0 0.0
827 1994.329345703125 1482.98779296875 4.429989951598202 0.0 0.0 0.0 0.0 0.0 0.0 0.0
843 2005.6707763671875 1482.98779296875 10.492980418061904 0.0 0.0 0.0 0.0 0.0 0.0 0.0
861 2011.341552734375 1482.98779296875 13.505425375515586 0.0 0.0 0.0 0.0 0.0 0.0 0.0
877 2011.341552734375 1482.98779296875 13.505443748815878 0.0 0.0 0.0 0.0 0.0 0.0 0.0