0 2000.0 1500.0 0 0.0 0.0 0.0 0.0 0.0 0.0 0.0
1 2515.9574279785156 1175.5320053100586 89.7288108105638 0.0 0.0 0.0 0.0 0.0 0.0 0.0
1886 2502.383628845215 1313.4390106201172 88.40133207789003 0.0 0.0 0.0 0.0 0.0 0.0 0.0
1897 2515.681480407715 1300.1410369873047 83.92293863032404 0.0 0.0 0.0 0.0 0.0 0.0 0.0
1914 2542.277183532715 1273.5453338623047 76.0904193218032 0.0 0.0 0.0 0.0 0.0 0.0 0.0
1931 2574.192222595215 1246.9496307373047 69.61754253378261 0.0 0.0 0.0 0.0 0.0 0.0 0.0
1947 2611.426109313965 1212.3751678466797 62.66030852482095 0.0 0.0 0.0 0.0 0.0 0.0 0.0
1964 2643.341148376465 1175.141098022461 55.98478424791145 0.0 0.0 0.0 0.0 0.0 0.0 0.0
1981 2664.61775970459 1127.268783569336 46.93124801879055 0.0 0.0 0.0 0.0 0.0 0.0 0.0
1998 2677.91561126709 1092.6942596435547 41.05641313087003 0.0 0.0 0.0 0.0 0.0 0.0 0.0
2014 2677.91561126709 1068.7581024169922 35.64541044792303 0.0 0.0 0.0 0.0 0.0 0.0 0.0
2031 2677.91561126709 1055.4602508544922 32.79149635481932 0.0 0.0 0.0 0.0 0.0 0.0 0.0
2047 2677.91561126709 1044.8219451904297 30.6039070013857 0.0 0.0 0.0 0.0 0.0 0.0 0.0
2064 2675.25594329834 1031.5240936279297 27.387131386121162 0.0 0.0 0.0 0.0 0.0 0.0 0.0
2082 2669.936851501465 1020.8857879638672 24.115906903235732 0.0 0.0 0.0 0.0 0.0 0.0 0.0
2097 2669.936851501465 1015.5666351318359 23.194885309081535 0.0 0.0 0.0 0.0 0.0 0.0 0.0
2114 2669.936851501465 1012.9070281982422 22.7399228283301 0.0 0.0 0.0 0.0 0.0 0.0 0.0
2551 2669.936851501465 1015.5666351318359 23.200428480347206 0.0 0.0 0.0 0.0 0.0 0.0 0.0
2563 2675.25594329834 1026.2049407958984 26.54602663121034 0.0 0.0 0.0 0.0 0.0 0.0 0.0
2581 2728.44734954834 1092.6942596435547 53.70752665253264 0.0 0.0 0.0 0.0 0.0 0.0 0.0
2597 2755.043296813965 1132.587875366211 67.86657934630507 0.0 0.0 0.0 0.0 0.0 0.0 0.0
2613 2805.575035095215 1228.3325653076172 94.06088516615881 0.0 0.0 0.0 0.0 0.0 0.0 0.0
2630 2829.51131439209 1262.9070281982422 101.42321409927237 0.0 0.0 0.0 0.0 0.0 0.0 0.0
2647 2834.830406188965 1268.2262420654297 102.32871977389004 0.0 0.0 0.0 0.0 0.0 0.0 0.0
2760 2834.830406188965 1260.2474822998047 99.97091904923707 0.0 0.0 0.0 0.0 0.0 0.0 0.0
2780 2832.17098236084 1228.3325653076172 90.19505584445415 0.0 0.0 0.0 0.0 0.0 0.0 0.0
2797 2818.872886657715 1185.7794036865234 76.44949328572746 0.0 0.0 0.0 0.0 0.0 0.0 0.0
2814 2800.25594329834 1148.5453338623047 63.44432249936237 0.0 0.0 0.0 0.0 0.0 0.0 0.0
2830 2778.979331970215 1095.3538665771484 45.55095437221636 0.0 0.0 0.0 0.0 0.0 0.0 0.0
2847 2763.021812438965 1068.7581024169922 35.99087948578542 0.0 0.0 0.0 0.0 0.0 0.0 0.0
2864 2760.36238861084 1066.0985565185547 34.80715484163668 0.0 0.0 0.0 0.0 0.0 0.0 0.0
2881 2757.70272064209 1060.7794036865234 33.050478279977575 0.0 0.0 0.0 0.0 0.0 0.0 0.0
3006 2760.36238861084 1071.417709350586 36.04846595676539 0.0 0.0 0.0 0.0 0.0 0.0 0.0
3014 2771.00057220459 1092.6942596435547 43.445668867938984 0.0 0.0 0.0 0.0 0.0 0.0 0.0
3032 2802.91561126709 1140.566635131836 61.21137396944772 0.0 0.0 0.0 0.0 0.0 0.0 0.0
3047 2840.14949798584 1196.417709350586 79.20578370331944 0.0 0.0 0.0 0.0 0.0 0.0 0.0
3064 2882.70272064209 1252.2687225341797 93.31316873870439 0.0 0.0 0.0 0.0 0.0 0.0 0.0
3080 2919.936851501465 1292.1623992919922 100.84776462675256 0.0 0.0 0.0 0.0 0.0 0.0 0.0
3097 2930.575035095215 1302.8007049560547 102.63548961467514 0.0 0.0 0.0 0.0 0.0 0.0 0.0
3113 2933.234703063965 1305.4602508544922 103.07395278860535 0.0 0.0 0.0 0.0 0.0 0.0 0.0
3182 2933.234703063965 1302.8007049560547 102.30062296425461 0.0 0.0 0.0 0.0 0.0 0.0 0.0
3198 2927.91561126709 1284.1836395263672 97.20305528465704 0.0 0.0 0.0 0.0 0.0 0.0 0.0
3213 2919.936851501465 1273.5453338623047 94.60619394378584 0.0 0.0 0.0 0.0 0.0 0.0 0.0
3230 2888.021812438965 1225.6730194091797 79.26154716677794 0.0 0.0 0.0 0.0 0.0 0.0 0.0
3246 2848.128257751465 1183.1197967529297 62.50269851675853 0.0 0.0 0.0 0.0 0.0 0.0 0.0
3263 2808.234703063965 1132.587875366211 41.7941970093497 0.0 0.0 0.0 0.0 0.0 0.0 0.0
3281 2760.36238861084 1084.715560913086 20.65948829951865 0.0 0.0 0.0 0.0 0.0 0.0 0.0
3296 2723.128257751465 1058.1197967529297 6.86990636014464 0.0 0.0 0.0 0.0 0.0 0.0 0.0
3313 2675.25594329834 1026.2049407958984 351.35171334966856 0.0 0.0 0.0 0.0 0.0 0.0 0.0
3331 2648.66024017334 1007.5878753662109 343.6378955899587 0.0 0.0 0.0 0.0 0.0 0.0 0.0
3346 2627.383628845215 1002.2687835693359 337.44421535165486 0.0 0.0 0.0 0.0 0.0 0.0 0.0
3364 2622.06453704834 999.6091766357422 336.0181169655532 0.0 0.0 0.0 0.0 0.0 0.0 0.0
3766 2624.723960876465 1018.2261810302734 335.3666093004475 0.0 0.0 0.0 0.0 0.0 0.0 0.0
3779 2643.341148376465 1047.4814910888672 339.4824535859916 0.0 0.0 0.0 0.0 0.0 0.0 0.0
3797 2723.128257751465 1132.587875366211 16.44223010496418 0.0 0.0 0.0 0.0 0.0 0.0 0.0
3813 2755.043296813965 1153.864486694336 28.556312105431672 0.0 0.0 0.0 0.0 0.0 0.0 0.0
3831 2816.21346282959 1209.7156219482422 53.61712698970931 0.0 0.0 0.0 0.0 0.0 0.0 0.0
3847 2840.14949798584 1230.9921112060547 62.30248501441682 0.0 0.0 0.0 0.0 0.0 0.0 0.0
3862 2842.80916595459 1238.9708709716797 64.94504778263669 0.0 0.0 0.0 0.0 0.0 0.0 0.0
3966 2842.80916595459 1236.3113250732422 64.13917955748154 0.0 0.0 0.0 0.0 0.0 0.0 0.0
3980 2840.14949798584 1225.6730194091797 60.69976582772584 0.0 0.0 0.0 0.0 0.0 0.0 0.0
3996 2829.51131439209 1201.7368621826172 52.44269983212804 0.0 0.0 0.0 0.0 0.0 0.0 0.0
4013 2816.21346282959 1175.141098022461 43.18887880866899 0.0 0.0 0.0 0.0 0.0 0.0 0.0
4029 2789.61775970459 1132.587875366211 28.145843296474162 0.0 0.0 0.0 0.0 0.0 0.0 0.0
4046 2755.043296813965 1084.715560913086 12.14965093589825 0.0 0.0 0.0 0.0 0.0 0.0 0.0
4063 2733.76668548584 1060.7794036865234 3.8023355009703437 0.0 0.0 0.0 0.0 0.0 0.0 0.0
4079 2728.44734954834 1052.8006439208984 1.6485652505870974 0.0 0.0 0.0 0.0 0.0 0.0 0.0
4174 2728.44734954834 1058.1197967529297 2.001889072137942 0.0 0.0 0.0 0.0 0.0 0.0 0.0
4181 2744.40486907959 1074.0772552490234 8.37393370667867 0.0 0.0 0.0 0.0 0.0 0.0 0.0
4196 2760.36238861084 1092.6942596435547 15.45432503928214 0.0 0.0 0.0 0.0 0.0 0.0 0.0
4213 2824.192222595215 1151.2049407958984 43.28875033924645 0.0 0.0 0.0 0.0 0.0 0.0 0.0
4230 2914.61775970459 1215.0347137451172 69.16131056710151 0.0 0.0 0.0 0.0 0.0 0.0 0.0
4246 2941.21346282959 1236.3113250732422 76.3673590150577 0.0 0.0 0.0 0.0 0.0 0.0 0.0
4263 2946.532554626465 1238.9708709716797 77.2776733526551 0.0 0.0 0.0 0.0 0.0 0.0 0.0
4361 2946.532554626465 1238.9708709716797 77.27767975294668 0.0 0.0 0.0 0.0 0.0 0.0 0.0
4365 2946.532554626465 1230.9921112060547 74.77568679006455 0.0 0.0 0.0 0.0 0.0 0.0 0.0