0 2000.0 1500.0 0 0.0 0.0 0.0 0.0 0.0 0.0 0.0
157 2000.0 1500.0 0 0.0 0.0 0.0 0.0 0.0 0.0 0.0
318 2000.0 1500.0 0 0.0 0.0 0.0 0.0 0.0 0.0 0.0
441 2000.0 1500.0 0 0.0 0.0 0.0 0.0 0.0 0.0 0.0
496 1939.313232421875 1426.537109375 359.7450932726987 0.0 0.0 0.0 0.0 0.0 0.0 0.0
690 1814.745849609375 1378.6265869140625 343.9279677906159 0.0 0.0 0.0 0.0 0.0 0.0 0.0
858 1639.07373046875 1308.357666015625 335.8212608179996 0.0 0.0 0.0 0.0 0.0 0.0 0.0
971 1469.7896728515625 1250.864990234375 330.95100445396844 0.0 0.0 0.0 0.0 0.0 0.0 0.0
1111 1310.087890625 1206.1485595703125 327.2537987022431 0.0 0.0 0.0 0.0 0.0 0.0 0.0
1202 1239.8189697265625 1180.59619140625 327.9219812395725 0.0 0.0 0.0 0.0 0.0 0.0 0.0
1353 1175.938232421875 1142.2677001953125 332.5825800686931 0.0 0.0 0.0 0.0 0.0 0.0 0.0
1501 1143.9979248046875 1091.1631469726562 344.0828234944603 0.0 0.0 0.0 0.0 0.0 0.0 0.0
1634 1118.445556640625 1036.864501953125 354.01928068152927 0.0 0.0 0.0 0.0 0.0 0.0 0.0
1716 1099.2813720703125 998.5360717773438 358.90493782604796 0.0 0.0 0.0 0.0 0.0 0.0 0.0
1827 1076.923095703125 953.8195190429688 2.9267045620268846 0.0 0.0 0.0 0.0 0.0 0.0 0.0
2008 1038.5946044921875 880.3566284179688 6.442687909639403 0.0 0.0 0.0 0.0 0.0 0.0 0.0
2206 1000.2661743164062 806.893798828125 8.50663608322742 0.0 0.0 0.0 0.0 0.0 0.0 0.0
2316 977.9078979492188 758.9832153320312 10.20107726129936 0.0 0.0 0.0 0.0 0.0 0.0 0.0
2438 968.3258056640625 730.2368774414062 12.31650008527322 0.0 0.0 0.0 0.0 0.0 0.0 0.0
2542 968.3258056640625 727.0428466796875 12.998326858784822 0.0 0.0 0.0 0.0 0.0 0.0 0.0
2743 965.1317749023438 714.2666625976562 14.195768624966263 0.0 0.0 0.0 0.0 0.0 0.0 0.0
2832 949.1615600585938 679.1322631835938 14.28231584571563 0.0 0.0 0.0 0.0 0.0 0.0 0.0
2905 936.3854370117188 659.9680786132812 12.814941809520235 0.0 0.0 0.0 0.0 0.0 0.0 0.0
3111 888.474853515625 548.1767272949219 14.3280754726473 0.0 0.0 0.0 0.0 0.0 0.0 0.0
3204 869.3106079101562 497.0721130371094 15.629116986928864 0.0 0.0 0.0 0.0 0.0 0.0 0.0
3305 840.5642700195312 452.3555908203125 12.714716544370162 0.0 0.0 0.0 0.0 0.0 0.0 0.0
3408 821.4000244140625 429.997314453125 9.860804891495206 0.0 0.0 0.0 0.0 0.0 0.0 0.0
3502 818.2059936523438 426.80328369140625 9.280588985062536 0.0 0.0 0.0 0.0 0.0 0.0 0.0
3618 818.2059936523438 423.6092529296875 10.033821154142856 0.0 0.0 0.0 0.0 0.0 0.0 0.0
3714 862.9225463867188 404.4450378417969 33.26808993730958 0.0 0.0 0.0 0.0 0.0 0.0 0.0
3807 898.0569458007812 394.8629150390625 49.46272044231614 0.0 0.0 0.0 0.0 0.0 0.0 0.0
3913 945.967529296875 388.4748229980469 68.57317663796243 0.0 0.0 0.0 0.0 0.0 0.0 0.0
4016 1009.8482666015625 378.8927307128906 86.4571320309496 0.0 0.0 0.0 0.0 0.0 0.0 0.0
4163 1108.8634033203125 350.1463928222656 98.74657469134934 0.0 0.0 0.0 0.0 0.0 0.0 0.0
4288 1214.2667236328125 315.011962890625 104.48180617110046 0.0 0.0 0.0 0.0 0.0 0.0 0.0
4381 1258.9832763671875 299.0417785644531 105.87734119736962 0.0 0.0 0.0 0.0 0.0 0.0 0.0
4482 1297.3116455078125 276.6835174560547 103.92233962562642 0.0 0.0 0.0 0.0 0.0 0.0 0.0
4582 1326.0579833984375 263.90736389160156 104.15555071739686 0.0 0.0 0.0 0.0 0.0 0.0 0.0
4680 1345.2222900390625 257.519287109375 105.09231452159244 0.0 0.0 0.0 0.0 0.0 0.0 0.0
4778 1373.9686279296875 254.32525634765625 108.5309365372041 0.0 0.0 0.0 0.0 0.0 0.0 0.0
5049 1466.595703125 257.519287109375 118.4003105750428 0.0 0.0 0.0 0.0 0.0 0.0 0.0
5303 1559.2227783203125 340.56427001953125 145.42415133348584 0.0 0.0 0.0 0.0 0.0 0.0 0.0
5426 1594.357177734375 433.1913757324219 169.38618894075717 0.0 0.0 0.0 0.0 0.0 0.0 0.0
5727 1613.5213623046875 576.9230651855469 192.68241203938874 0.0 0.0 0.0 0.0 0.0 0.0 0.0
5819 1613.5213623046875 640.8038330078125 201.87747887141947 0.0 0.0 0.0 0.0 0.0 0.0 0.0
5954 1600.7452392578125 749.401123046875 213.34756582642524 0.0 0.0 0.0 0.0 0.0 0.0 0.0
6069 1597.55126953125 854.8043823242188 216.8349781249995 0.0 0.0 0.0 0.0 0.0 0.0 0.0
6190 1597.55126953125 972.9837646484375 217.9150278577876 0.0 0.0 0.0 0.0 0.0 0.0 0.0
6435 1607.13330078125 1135.879638671875 216.58349682743903 0.0 0.0 0.0 0.0 0.0 0.0 0.0
6567 1610.327392578125 1202.9544677734375 216.4672841010356 0.0 0.0 0.0 0.0 0.0 0.0 0.0
6691 1613.5213623046875 1273.2232666015625 216.4374767000483 0.0 0.0 0.0 0.0 0.0 0.0 0.0
6812 1616.7154541015625 1407.3729248046875 217.07089631222016 0.0 0.0 0.0 0.0 0.0 0.0 0.0
6934 1619.9095458984375 1484.02978515625 216.88663449205444 0.0 0.0 0.0 0.0 0.0 0.0 0.0
7134 1626.297607421875 1490.4178466796875 214.05330926732734 0.0 0.0 0.0 0.0 0.0 0.0 0.0
7222 1651.849853515625 1512.776123046875 204.65017793739744 0.0 0.0 0.0 0.0 0.0 0.0 0.0
7329 1709.342529296875 1547.9105224609375 188.83366310644317 0.0 0.0 0.0 0.0 0.0 0.0 0.0
7478 1846.6861572265625 1560.686767578125 159.22443713774945 0.0 0.0 0.0 0.0 0.0 0.0 0.0
7588 1955.283447265625 1551.1046142578125 142.2781913414303 0.0 0.0 0.0 0.0 0.0 0.0 0.0
7691 2054.298583984375 1503.1939697265625 123.40608093648515 0.0 0.0 0.0 0.0 0.0 0.0 0.0
7838 2137.3436279296875 1468.0595703125 115.88692725816867 0.0 0.0 0.0 0.0 0.0 0.0 0.0
7921 2159.7017822265625 1461.6715087890625 115.41790754980275 0.0 0.0 0.0 0.0 0.0 0.0 0.0
8062 2182.0601806640625 1448.8953857421875 112.533696091579 0.0 0.0 0.0 0.0 0.0 0.0 0.0
8180 2220.3885498046875 1420.1490478515625 106.6634132759221 0.0 0.0 0.0 0.0 0.0 0.0 0.0
8292 2245.9407958984375 1410.56689453125 106.99678797678251 0.0 0.0 0.0 0.0 0.0 0.0 0.0
8391 2268.2991943359375 1404.1788330078125 107.99399802377633 0.0 0.0 0.0 0.0 0.0 0.0 0.0
8499 2297.0455322265625 1394.5968017578125 108.51857390012378 0.0 0.0 0.0 0.0 0.0 0.0 0.0
8641 2354.5382080078125 1362.6563720703125 105.44265942888842 0.0 0.0 0.0 0.0 0.0 0.0 0.0
8734 2402.4488525390625 1311.5517578125 96.78472647787834 0.0 0.0 0.0 0.0 0.0 0.0 0.0
8879 2472.7176513671875 1212.53662109375 85.38877271947626 0.0 0.0 0.0 0.0 0.0 0.0 0.0
9001 2504.6580810546875 1164.6259765625 81.22017802582445 0.0 0.0 0.0 0.0 0.0 0.0 0.0
9112 2533.4044189453125 1132.6856689453125 81.15524335810517 0.0 0.0 0.0 0.0 0.0 0.0 0.0
9195 2536.5982666015625 1126.297607421875 80.27140796925852 0.0 0.0 0.0 0.0 0.0 0.0 0.0
9343 2558.9566650390625 1107.1333618164062 81.89407381577877 0.0 0.0 0.0 0.0 0.0 0.0 0.0
9431 2581.3148193359375 1078.3870239257812 80.70576737943486 0.0 0.0 0.0 0.0 0.0 0.0 0.0
9531 2594.0909423828125 1052.834716796875 77.76221556344285 0.0 0.0 0.0 0.0 0.0 0.0 0.0
9634 2613.2552490234375 1027.2824096679688 77.3560973508325 0.0 0.0 0.0 0.0 0.0 0.0 0.0
9767 2622.8372802734375 1004.9241333007812 74.77358238240288 0.0 0.0 0.0 0.0 0.0 0.0 0.0
9971 2654.7777099609375 963.401611328125 75.32360642027305 0.0 0.0 0.0 0.0 0.0 0.0 0.0
10115 2696.3001708984375 918.6851196289062 77.55827905043935 0.0 0.0 0.0 0.0 0.0 0.0 0.0
10289 2712.2703857421875 902.7149047851562 78.5930684218722 0.0 0.0 0.0 0.0 0.0 0.0 0.0
10432 2785.7332763671875 765.3712768554688 72.0605886235387 0.0 0.0 0.0 0.0 0.0 0.0 0.0
10465 2785.7332763671875 762.17724609375 71.23058189388445 0.0 0.0 0.0 0.0 0.0 0.0 0.0
10555 2792.1214599609375 746.2070922851562 69.903719477052 0.0 0.0 0.0 0.0 0.0 0.0 0.0
10664 2827.2557373046875 688.7144165039062 70.09156702409831 0.0 0.0 0.0 0.0 0.0 0.0 0.0
10734 2843.2259521484375 659.9680786132812 69.64441565380383 0.0 0.0 0.0 0.0 0.0 0.0 0.0
10899 2878.3604736328125 605.66943359375 70.44294391915594 0.0 0.0 0.0 0.0 0.0 0.0 0.0
11085 2903.9127197265625 557.7588500976562 69.37553614995943 0.0 0.0 0.0 0.0 0.0 0.0 0.0
11209 2951.8233642578125 455.54962158203125 66.79458587666454 0.0 0.0 0.0 0.0 0.0 0.0 0.0
11311 2967.7933349609375 401.2509765625 63.09216458279428 0.0 0.0 0.0 0.0 0.0 0.0 0.0
11444 2967.7933349609375 398.05694580078125 62.472199449374386 0.0 0.0 0.0 0.0 0.0 0.0 0.0