0 2000.0 1500.0 0 0.0 0.0 0.0 0.0 0.0 0.0 0.0
232 2000.0 1500.0 0 0.0 0.0 0.0 0.0 0.0 0.0 0.0
241 2000.0 1500.0 0 0.0 0.0 0.0 0.0 0.0 0.0 0.0
251 2000.0 1500.0 0 0.0 0.0 0.0 0.0 0.0 0.0 0.0
256 2006.9542236328125 1493.045654296875 2.0047515740884734 0.0 0.0 0.0 0.0 0.0 0.0 0.0
269 2020.86279296875 1486.0914306640625 6.856847048619706 0.0 0.0 0.0 0.0 0.0 0.0 0.0
274 2031.294189453125 1479.13720703125 9.78188431612152 0.0 0.0 0.0 0.0 0.0 0.0 0.0
285 2045.20263671875 1472.1829833984375 13.802160428084896 0.0 0.0 0.0 0.0 0.0 0.0 0.0
288 2055.634033203125 1468.705810546875 17.06057343494755 0.0 0.0 0.0 0.0 0.0 0.0 0.0
303 2059.111083984375 1465.2286376953125 17.39576119601186 0.0 0.0 0.0 0.0 0.0 0.0 0.0
307 2076.496826171875 1458.2744140625 21.754057544223606 0.0 0.0 0.0 0.0 0.0 0.0 0.0
319 2079.973876953125 1454.79736328125 21.887884601822066 0.0 0.0 0.0 0.0 0.0 0.0 0.0
323 2083.450927734375 1451.3201904296875 22.01592431775655 0.0 0.0 0.0 0.0 0.0 0.0 0.0
335 2093.88232421875 1447.843017578125 24.618762241168753 0.0 0.0 0.0 0.0 0.0 0.0 0.0
339 2097.359619140625 1447.843017578125 25.885764868567186 0.0 0.0 0.0 0.0 0.0 0.0 0.0
350 2100.836669921875 1444.365966796875 25.841564763146295 0.0 0.0 0.0 0.0 0.0 0.0 0.0
353 2107.791015625 1444.365966796875 28.264772218146682 0.0 0.0 0.0 0.0 0.0 0.0 0.0
369 2111.26806640625 1440.8887939453125 28.118093750472646 0.0 0.0 0.0 0.0 0.0 0.0 0.0
373 2114.7451171875 1440.8887939453125 29.30442132796817 0.0 0.0 0.0 0.0 0.0 0.0 0.0
385 2118.222412109375 1440.8887939453125 30.462553620838975 0.0 0.0 0.0 0.0 0.0 0.0 0.0
388 2121.699462890625 1437.41162109375 30.221447400271636 0.0 0.0 0.0 0.0 0.0 0.0 0.0
400 2125.176513671875 1437.41162109375 31.357361562796143 0.0 0.0 0.0 0.0 0.0 0.0 0.0
403 2128.65380859375 1437.41162109375 32.465515244336295 0.0 0.0 0.0 0.0 0.0 0.0 0.0
418 2132.130859375 1433.9345703125 32.13864174355086 0.0 0.0 0.0 0.0 0.0 0.0 0.0
420 2135.60791015625 1433.9345703125 33.227309947290216 0.0 0.0 0.0 0.0 0.0 0.0 0.0
435 2139.0849609375 1433.9345703125 34.288731393932295 0.0 0.0 0.0 0.0 0.0 0.0 0.0
438 2142.562255859375 1433.9345703125 35.32323350718952 0.0 0.0 0.0 0.0 0.0 0.0 0.0
451 2149.516357421875 1430.4573974609375 35.85171672907435 0.0 0.0 0.0 0.0 0.0 0.0 0.0
454 2152.99365234375 1430.4573974609375 36.84583426339262 0.0 0.0 0.0 0.0 0.0 0.0 0.0
469 2159.94775390625 1426.9803466796875 37.273824335355464 0.0 0.0 0.0 0.0 0.0 0.0 0.0
474 2163.425048828125 1426.9803466796875 38.23073977178972 0.0 0.0 0.0 0.0 0.0 0.0 0.0
485 2170.379150390625 1423.503173828125 38.56696142013229 0.0 0.0 0.0 0.0 0.0 0.0 0.0
490 2177.33349609375 1423.503173828125 40.36390070232316 0.0 0.0 0.0 0.0 0.0 0.0 0.0
501 2180.810546875 1420.0260009765625 39.70289387357127 0.0 0.0 0.0 0.0 0.0 0.0 0.0
504 2187.764892578125 1420.0260009765625 41.439866090495975 0.0 0.0 0.0 0.0 0.0 0.0 0.0
519 2191.241943359375 1416.5489501953125 40.73413945680265 0.0 0.0 0.0 0.0 0.0 0.0 0.0
523 2198.1962890625 1416.5489501953125 42.416113195354725 0.0 0.0 0.0 0.0 0.0 0.0 0.0
536 2201.67333984375 1413.07177734375 41.669899003437564 0.0 0.0 0.0 0.0 0.0 0.0 0.0
539 2208.627685546875 1409.5946044921875 41.7779736536786 0.0 0.0 0.0 0.0 0.0 0.0 0.0
551 2212.104736328125 1409.5946044921875 42.613301051568776 0.0 0.0 0.0 0.0 0.0 0.0 0.0
554 2219.05908203125 1406.1175537109375 42.65872605008468 0.0 0.0 0.0 0.0 0.0 0.0 0.0
568 2222.5361328125 1402.640380859375 41.90251634039103 0.0 0.0 0.0 0.0 0.0 0.0 0.0
571 2232.967529296875 1395.6861572265625 41.31295598992734 0.0 0.0 0.0 0.0 0.0 0.0 0.0
585 2232.967529296875 1395.6861572265625 41.31298804912256 0.0 0.0 0.0 0.0 0.0 0.0 0.0
589 2239.921875 1388.73193359375 39.96800725219062 0.0 0.0 0.0 0.0 0.0 0.0 0.0
601 2243.39892578125 1385.2547607421875 39.323602709175944 0.0 0.0 0.0 0.0 0.0 0.0 0.0
604 2246.8759765625 1381.777587890625 38.70613286378886 0.0 0.0 0.0 0.0 0.0 0.0 0.0
616 2250.35302734375 1378.300537109375 38.11456392974122 0.0 0.0 0.0 0.0 0.0 0.0 0.0
619 2253.830322265625 1374.8233642578125 37.547915621078445 0.0 0.0 0.0 0.0 0.0 0.0 0.0
636 2257.307373046875 1371.3463134765625 37.005133819056475 0.0 0.0 0.0 0.0 0.0 0.0 0.0
639 2260.784423828125 1371.3463134765625 37.969069773006666 0.0 0.0 0.0 0.0 0.0 0.0 0.0
653 2264.26171875 1367.869140625 37.40854463240104 0.0 0.0 0.0 0.0 0.0 0.0 0.0
656 2267.73876953125 1364.3919677734375 36.871547488648226 0.0 0.0 0.0 0.0 0.0 0.0 0.0
668 2271.2158203125 1360.9149169921875 36.35730249114538 0.0 0.0 0.0 0.0 0.0 0.0 0.0
671 2271.2158203125 1357.437744140625 34.86253850050887 0.0 0.0 0.0 0.0 0.0 0.0 0.0
686 2274.693115234375 1353.9605712890625 34.43349696847834 0.0 0.0 0.0 0.0 0.0 0.0 0.0
690 2278.170166015625 1350.4835205078125 34.02269118182152 0.0 0.0 0.0 0.0 0.0 0.0 0.0
702 2281.647216796875 1347.00634765625 33.62934853391255 0.0 0.0 0.0 0.0 0.0 0.0 0.0
706 2285.12451171875 1343.529296875 33.25285338187216 0.0 0.0 0.0 0.0 0.0 0.0 0.0
719 2285.12451171875 1340.0521240234375 31.815854712174044 0.0 0.0 0.0 0.0 0.0 0.0 0.0
723 2288.6015625 1336.574951171875 31.516792528002185 0.0 0.0 0.0 0.0 0.0 0.0 0.0
736 2292.07861328125 1333.097900390625 31.23053129140913 0.0 0.0 0.0 0.0 0.0 0.0 0.0
740 2295.555908203125 1329.6207275390625 30.956559370244484 0.0 0.0 0.0 0.0 0.0 0.0 0.0
751 2299.032958984375 1326.1435546875 30.69427391985186 0.0 0.0 0.0 0.0 0.0 0.0 0.0
755 2302.510009765625 1322.66650390625 30.443315317799673 0.0 0.0 0.0 0.0 0.0 0.0 0.0
768 2302.510009765625 1319.1893310546875 29.062052837441605 0.0 0.0 0.0 0.0 0.0 0.0 0.0
772 2305.987060546875 1315.7122802734375 28.88117696555191 0.0 0.0 0.0 0.0 0.0 0.0 0.0
783 2305.987060546875 1312.235107421875 27.532174471458063 0.0 0.0 0.0 0.0 0.0 0.0 0.0
787 2309.46435546875 1312.235107421875 28.732305932433597 0.0 0.0 0.0 0.0 0.0 0.0 0.0
802 2309.46435546875 1308.7579345703125 27.386488961419218 0.0 0.0 0.0 0.0 0.0 0.0 0.0
806 2312.94140625 1305.2808837890625 27.27774676795032 0.0 0.0 0.0 0.0 0.0 0.0 0.0
819 2312.94140625 1301.8037109375 25.963005843715948 0.0 0.0 0.0 0.0 0.0 0.0 0.0
822 2312.94140625 1298.3265380859375 24.676986346596692 0.0 0.0 0.0 0.0 0.0 0.0 0.0
833 2312.94140625 1294.8494873046875 23.41965599925924 0.0 0.0 0.0 0.0 0.0 0.0 0.0
836 2316.41845703125 1291.372314453125 23.48169047103699 0.0 0.0 0.0 0.0 0.0 0.0 0.0
853 2316.41845703125 1291.372314453125 23.481694926267394 0.0 0.0 0.0 0.0 0.0 0.0 0.0
856 2319.895751953125 1287.895263671875 23.541214591353587 0.0 0.0 0.0 0.0 0.0 0.0 0.0
869 2319.895751953125 1284.4180908203125 22.309691542728018 0.0 0.0 0.0 0.0 0.0 0.0 0.0
873 2319.895751953125 1280.94091796875 21.106783777075954 0.0 0.0 0.0 0.0 0.0 0.0 0.0
885 2323.372802734375 1280.94091796875 22.450087724241946 0.0 0.0 0.0 0.0 0.0 0.0 0.0
889 2323.372802734375 1277.4638671875 21.243943309752268 0.0 0.0 0.0 0.0 0.0 0.0 0.0
903 2323.372802734375 1273.9866943359375 20.066109471069034 0.0 0.0 0.0 0.0 0.0 0.0 0.0
907 2323.372802734375 1273.9866943359375 20.066089217629028 0.0 0.0 0.0 0.0 0.0 0.0 0.0
919 2326.849853515625 1270.509521484375 20.272456191630113 0.0 0.0 0.0 0.0 0.0 0.0 0.0
924 2326.849853515625 1270.509521484375 20.27249461491286 0.0 0.0 0.0 0.0 0.0 0.0 0.0
935 2326.849853515625 1267.032470703125 19.11793280936648 0.0 0.0 0.0 0.0 0.0 0.0 0.0
939 2326.849853515625 1263.5552978515625 17.9913511341039 0.0 0.0 0.0 0.0 0.0 0.0 0.0
952 2330.3271484375 1260.0782470703125 18.286851201462284 0.0 0.0 0.0 0.0 0.0 0.0 0.0
957 2330.3271484375 1256.60107421875 17.18069389072405 0.0 0.0 0.0 0.0 0.0 0.0 0.0
969 2330.3271484375 1256.60107421875 17.180740020521647 0.0 0.0 0.0 0.0 0.0 0.0 0.0
973 2333.80419921875 1249.6468505859375 16.46925703824435 0.0 0.0 0.0 0.0 0.0 0.0 0.0
983 2333.80419921875 1246.169677734375 15.408482549228609 0.0 0.0 0.0 0.0 0.0 0.0 0.0
986 2333.80419921875 1242.6925048828125 14.374717979766181 0.0 0.0 0.0 0.0 0.0 0.0 0.0
1002 2333.80419921875 1242.6925048828125 14.374770648876442 0.0 0.0 0.0 0.0 0.0 0.0 0.0
1006 2333.80419921875 1239.2154541015625 13.367585538927635 0.0 0.0 0.0 0.0 0.0 0.0 0.0
1016 2333.80419921875 1235.73828125 12.386620923637885 0.0 0.0 0.0 0.0 0.0 0.0 0.0
1019 2333.80419921875 1235.73828125 12.386580615886345 0.0 0.0 0.0 0.0 0.0 0.0 0.0
1036 2333.80419921875 1232.26123046875 11.43134218428849 0.0 0.0 0.0 0.0 0.0 0.0 0.0
1040 2333.80419921875 1232.26123046875 11.431379508832663 0.0 0.0 0.0 0.0 0.0 0.0 0.0
1051 2333.80419921875 1228.7840576171875 10.501496942894768 0.0 0.0 0.0 0.0 0.0 0.0 0.0
1054 2333.80419921875 1228.7840576171875 10.501525406565207 0.0 0.0 0.0 0.0 0.0 0.0 0.0
1069 2333.80419921875 1228.7840576171875 10.501525406565207 0.0 0.0 0.0 0.0 0.0 0.0 0.0
1073 2333.80419921875 1225.306884765625 9.596554000306227 0.0 0.0 0.0 0.0 0.0 0.0 0.0
1086 2333.80419921875 1225.306884765625 9.596614695369361 0.0 0.0 0.0 0.0 0.0 0.0 0.0
1090 2333.80419921875 1221.829833984375 8.716126817875768 0.0 0.0 0.0 0.0 0.0 0.0 0.0
1102 2333.80419921875 1221.829833984375 8.71617345121112 0.0 0.0 0.0 0.0 0.0 0.0 0.0
1106 2333.80419921875 1218.3526611328125 7.859641787208361 0.0 0.0 0.0 0.0 0.0 0.0 0.0
1119 2333.80419921875 1218.3526611328125 7.8596532193787 0.0 0.0 0.0 0.0 0.0 0.0 0.0
1123 2333.80419921875 1218.3526611328125 7.8596532193787 0.0 0.0 0.0 0.0 0.0 0.0 0.0
1136 2333.80419921875 1214.87548828125 7.026634930607024 0.0 0.0 0.0 0.0 0.0 0.0 0.0
1140 2333.80419921875 1214.87548828125 7.026599683265616 0.0 0.0 0.0 0.0 0.0 0.0 0.0
1152 2333.80419921875 1211.3984375 6.21664205771085 0.0 0.0 0.0 0.0 0.0 0.0 0.0
1155 2330.3271484375 1211.3984375 4.558837316506427 0.0 0.0 0.0 0.0 0.0 0.0 0.0
1167 2330.3271484375 1207.9212646484375 3.818028436302839 0.0 0.0 0.0 0.0 0.0 0.0 0.0
1169 2330.3271484375 1207.9212646484375 3.8179996947205836 0.0 0.0 0.0 0.0 0.0 0.0 0.0
1186 2326.849853515625 1204.4442138671875 1.4495096586505696 0.0 0.0 0.0 0.0 0.0 0.0 0.0
1189 2326.849853515625 1200.967041015625 0.7975379960711848 0.0 0.0 0.0 0.0 0.0 0.0 0.0
1199 2326.849853515625 1200.967041015625 0.79751648893523 0.0 0.0 0.0 0.0 0.0 0.0 0.0
1203 2323.372802734375 1197.4898681640625 358.4853521046231 0.0 0.0 0.0 0.0 0.0 0.0 0.0
1220 2323.372802734375 1197.4898681640625 358.485401778802 0.0 0.0 0.0 0.0 0.0 0.0 0.0
1223 2319.895751953125 1194.0128173828125 356.2204197337405 0.0 0.0 0.0 0.0 0.0 0.0 0.0
1233 2319.895751953125 1194.0128173828125 356.2203928802737 0.0 0.0 0.0 0.0 0.0 0.0 0.0
1236 2316.41845703125 1190.53564453125 354.00477510985644 0.0 0.0 0.0 0.0 0.0 0.0 0.0
1253 2316.41845703125 1190.53564453125 354.0047236166654 0.0 0.0 0.0 0.0 0.0 0.0 0.0
1257 2312.94140625 1187.0584716796875 351.84083354797934 0.0 0.0 0.0 0.0 0.0 0.0 0.0
1269 2312.94140625 1183.5814208984375 351.47359829766265 0.0 0.0 0.0 0.0 0.0 0.0 0.0
1273 2312.94140625 1183.5814208984375 351.47363600155893 0.0 0.0 0.0 0.0 0.0 0.0 0.0
1286 2309.46435546875 1180.104248046875 349.3723554164331 0.0 0.0 0.0 0.0 0.0 0.0 0.0
1290 2305.987060546875 1180.104248046875 347.56392462969075 0.0 0.0 0.0 0.0 0.0 0.0 0.0
1303 2305.987060546875 1176.627197265625 347.3269018235467 0.0 0.0 0.0 0.0 0.0 0.0 0.0
1307 2305.987060546875 1173.1500244140625 347.09713480285217 0.0 0.0 0.0 0.0 0.0 0.0 0.0
1319 2302.510009765625 1173.1500244140625 345.28060688633997 0.0 0.0 0.0 0.0 0.0 0.0 0.0
1322 2302.510009765625 1169.6728515625 345.11355327730024 0.0 0.0 0.0 0.0 0.0 0.0 0.0
1336 2299.032958984375 1166.19580078125 343.1860570272225 0.0 0.0 0.0 0.0 0.0 0.0 0.0
1340 2299.032958984375 1166.19580078125 343.18606651964353 0.0 0.0 0.0 0.0 0.0 0.0 0.0
1352 2299.032958984375 1162.7186279296875 343.0835064311435 0.0 0.0 0.0 0.0 0.0 0.0 0.0
1492 2299.032958984375 1162.7186279296875 343.08354461615977 0.0 0.0 0.0 0.0 0.0 0.0 0.0
1500 2295.555908203125 1162.7186279296875 341.25937105923936 0.0 0.0 0.0 0.0 0.0 0.0 0.0
1508 2295.555908203125 1159.241455078125 341.2162196253761 0.0 0.0 0.0 0.0 0.0 0.0 0.0
1519 2292.07861328125 1159.241455078125 339.3914028406188 0.0 0.0 0.0 0.0 0.0 0.0 0.0
1523 2292.07861328125 1159.241455078125 339.39139023671476 0.0 0.0 0.0 0.0 0.0 0.0 0.0
1537 2288.6015625 1155.764404296875 337.6388204974646 0.0 0.0 0.0 0.0 0.0 0.0 0.0
1541 2288.6015625 1155.764404296875 337.6388048247133 0.0 0.0 0.0 0.0 0.0 0.0 0.0
1553 2285.12451171875 1155.764404296875 335.8186271830173 0.0 0.0 0.0 0.0 0.0 0.0 0.0
1557 2281.647216796875 1152.2872314453125 334.18333824068895 0.0 0.0 0.0 0.0 0.0 0.0 0.0
1570 2278.170166015625 1152.2872314453125 332.3742444118937 0.0 0.0 0.0 0.0 0.0 0.0 0.0
1574 2274.693115234375 1152.2872314453125 330.57348432502334 0.0 0.0 0.0 0.0 0.0 0.0 0.0
1586 2271.2158203125 1152.2872314453125 328.78262567429283 0.0 0.0 0.0 0.0 0.0 0.0 0.0
1589 2267.73876953125 1152.2872314453125 327.00368430439573 0.0 0.0 0.0 0.0 0.0 0.0 0.0
1602 2264.26171875 1152.2872314453125 325.2380632190346 0.0 0.0 0.0 0.0 0.0 0.0 0.0
1605 2257.307373046875 1148.8101806640625 322.3079367291718 0.0 0.0 0.0 0.0 0.0 0.0 0.0
1617 2253.830322265625 1148.8101806640625 320.5855613163989 0.0 0.0 0.0 0.0 0.0 0.0 0.0
1620 2250.35302734375 1148.8101806640625 318.88169299085587 0.0 0.0 0.0 0.0 0.0 0.0 0.0
1635 2246.8759765625 1148.8101806640625 317.1979276097979 0.0 0.0 0.0 0.0 0.0 0.0 0.0
1638 2239.921875 1148.8101806640625 313.9150674252962 0.0 0.0 0.0 0.0 0.0 0.0 0.0
1653 2232.967529296875 1148.8101806640625 310.72611985810016 0.0 0.0 0.0 0.0 0.0 0.0 0.0
1656 2229.490478515625 1148.8101806640625 309.15726128684383 0.0 0.0 0.0 0.0 0.0 0.0 0.0
1666 2222.5361328125 1148.8101806640625 306.1214301064007 0.0 0.0 0.0 0.0 0.0 0.0 0.0
1669 2219.05908203125 1148.8101806640625 304.63102906547897 0.0 0.0 0.0 0.0 0.0 0.0 0.0
1686 2215.581787109375 1148.8101806640625 303.16789291486407 0.0 0.0 0.0 0.0 0.0 0.0 0.0
1690 2208.627685546875 1145.3330078125 301.4425018325831 0.0 0.0 0.0 0.0 0.0 0.0 0.0
1702 2205.150390625 1145.3330078125 300.0410029109881 0.0 0.0 0.0 0.0 0.0 0.0 0.0
1705 2198.1962890625 1145.3330078125 297.35028223561136 0.0 0.0 0.0 0.0 0.0 0.0 0.0
1717 2194.718994140625 1145.3330078125 296.0338815940375 0.0 0.0 0.0 0.0 0.0 0.0 0.0
1720 2187.764892578125 1145.3330078125 293.5142802059741 0.0 0.0 0.0 0.0 0.0 0.0 0.0
1736 2180.810546875 1145.3330078125 291.10775501259985 0.0 0.0 0.0 0.0 0.0 0.0 0.0
1740 2173.8564453125 1145.3330078125 288.81325528987156 0.0 0.0 0.0 0.0 0.0 0.0 0.0
1753 2166.902099609375 1145.3330078125 286.6285799504304 0.0 0.0 0.0 0.0 0.0 0.0 0.0
1757 2163.425048828125 1145.3330078125 285.56383115166676 0.0 0.0 0.0 0.0 0.0 0.0 0.0
1769 2156.470703125 1145.3330078125 283.53995594844645 0.0 0.0 0.0 0.0 0.0 0.0 0.0
1774 2149.516357421875 1145.3330078125 281.61902315166344 0.0 0.0 0.0 0.0 0.0 0.0 0.0
1786 2142.562255859375 1145.3330078125 279.7977410747443 0.0 0.0 0.0 0.0 0.0 0.0 0.0
1790 2135.60791015625 1145.3330078125 278.0725474933393 0.0 0.0 0.0 0.0 0.0 0.0 0.0
1803 2132.130859375 1145.3330078125 277.2337346997695 0.0 0.0 0.0 0.0 0.0 0.0 0.0
1806 2125.176513671875 1145.3330078125 275.64619617246825 0.0 0.0 0.0 0.0 0.0 0.0 0.0
1819 2121.699462890625 1145.3330078125 274.8747804252521 0.0 0.0 0.0 0.0 0.0 0.0 0.0
1823 2114.7451171875 1145.3330078125 273.41638523709076 0.0 0.0 0.0 0.0 0.0 0.0 0.0
1835 2111.26806640625 1145.3330078125 272.70802381120694 0.0 0.0 0.0 0.0 0.0 0.0 0.0
1839 2104.313720703125 1145.3330078125 271.370021675718 0.0 0.0 0.0 0.0 0.0 0.0 0.0
1852 2100.836669921875 1145.3330078125 270.7203588861002 0.0 0.0 0.0 0.0 0.0 0.0 0.0
1855 2090.4052734375 1148.8101806640625 267.334674074317 0.0 0.0 0.0 0.0 0.0 0.0 0.0
1869 2083.450927734375 1148.8101806640625 266.301876169826 0.0 0.0 0.0 0.0 0.0 0.0 0.0
1873 2079.973876953125 1148.8101806640625 265.80085089240634 0.0 0.0 0.0 0.0 0.0 0.0 0.0
1884 2073.019775390625 1148.8101806640625 264.85667041136657 0.0 0.0 0.0 0.0 0.0 0.0 0.0
1887 2069.54248046875 1152.2872314453125 262.67254761840053 0.0 0.0 0.0 0.0 0.0 0.0 0.0
1901 2062.58837890625 1152.2872314453125 261.9107650869509 0.0 0.0 0.0 0.0 0.0 0.0 0.0
1903 2059.111083984375 1152.2872314453125 261.54139199718287 0.0 0.0 0.0 0.0 0.0 0.0 0.0
1918 2055.634033203125 1155.764404296875 259.4383237285653 0.0 0.0 0.0 0.0 0.0 0.0 0.0
1921 2052.156982421875 1155.764404296875 259.14404204677686 0.0 0.0 0.0 0.0 0.0 0.0 0.0
1935 2048.6796875 1155.764404296875 258.8586844464813 0.0 0.0 0.0 0.0 0.0 0.0 0.0
1938 2045.20263671875 1155.764404296875 258.5820254006691 0.0 0.0 0.0 0.0 0.0 0.0 0.0
1951 2038.248291015625 1155.764404296875 258.0615690299806 0.0 0.0 0.0 0.0 0.0 0.0 0.0
1953 2034.771240234375 1159.241455078125 256.0506557925923 0.0 0.0 0.0 0.0 0.0 0.0 0.0
1970 2031.294189453125 1159.241455078125 255.85996729695512 0.0 0.0 0.0 0.0 0.0 0.0 0.0
1974 2024.33984375 1159.241455078125 255.50133773476682 0.0 0.0 0.0 0.0 0.0 0.0 0.0
1986 2017.3857421875 1159.241455078125 255.16411729316593 0.0 0.0 0.0 0.0 0.0 0.0 0.0
1990 2013.908447265625 1162.7186279296875 253.23507702197077 0.0 0.0 0.0 0.0 0.0 0.0 0.0
2000 2010.431396484375 1162.7186279296875 253.13101881324678 0.0 0.0 0.0 0.0 0.0 0.0 0.0
2839 2010.431396484375 1162.7186279296875 253.13102177281672 0.0 0.0 0.0 0.0 0.0 0.0 0.0
2847 2010.431396484375 1162.7186279296875 253.13102177281672 0.0 0.0 0.0 0.0 0.0 0.0 0.0
2866 2010.431396484375 1166.19580078125 251.30681957423582 0.0 0.0 0.0 0.0 0.0 0.0 0.0
2883 2010.431396484375 1166.19580078125 251.30684642608713 0.0 0.0 0.0 0.0 0.0 0.0 0.0
2911 2010.431396484375 1166.19580078125 251.30684642608713 0.0 0.0 0.0 0.0 0.0 0.0 0.0
2935 2010.431396484375 1166.19580078125 251.30684642608713 0.0 0.0 0.0 0.0 0.0 0.0 0.0
3521 2006.9542236328125 1166.19580078125 251.2622317308648 0.0 0.0 0.0 0.0 0.0 0.0 0.0
3533 2006.9542236328125 1169.6728515625 249.43758471223867 0.0 0.0 0.0 0.0 0.0 0.0 0.0
3538 2000.0 1173.1500244140625 247.7485933747243 0.0 0.0 0.0 0.0 0.0 0.0 0.0
3548 1993.0457763671875 1176.627197265625 246.163068716287 0.0 0.0 0.0 0.0 0.0 0.0 0.0
3552 1986.091552734375 1180.104248046875 244.6757282493224 0.0 0.0 0.0 0.0 0.0 0.0 0.0
3561 1979.13720703125 1187.0584716796875 241.58833889620274 0.0 0.0 0.0 0.0 0.0 0.0 0.0
3570 1972.1829833984375 1190.53564453125 240.38911543151897 0.0 0.0 0.0 0.0 0.0 0.0 0.0
3577 1965.228759765625 1197.4898681640625 237.59746954638132 0.0 0.0 0.0 0.0 0.0 0.0 0.0
3585 1958.2745361328125 1204.4442138671875 235.0051153595829 0.0 0.0 0.0 0.0 0.0 0.0 0.0
3593 1947.8431396484375 1214.87548828125 231.52893966725745 0.0 0.0 0.0 0.0 0.0 0.0 0.0
3602 1940.8887939453125 1221.829833984375 229.38639846243385 0.0 0.0 0.0 0.0 0.0 0.0 0.0
3609 1930.45751953125 1228.7840576171875 228.03400956249078 0.0 0.0 0.0 0.0 0.0 0.0 0.0
3617 1923.503173828125 1235.73828125 226.15935287005533 0.0 0.0 0.0 0.0 0.0 0.0 0.0
3625 1913.07177734375 1246.169677734375 223.6637575244794 0.0 0.0 0.0 0.0 0.0 0.0 0.0
3633 1906.1175537109375 1253.1239013671875 222.1315626984051 0.0 0.0 0.0 0.0 0.0 0.0 0.0
3641 1895.6861572265625 1260.0782470703125 221.51847082813035 0.0 0.0 0.0 0.0 0.0 0.0 0.0
3650 1885.2547607421875 1270.509521484375 219.55475394982415 0.0 0.0 0.0 0.0 0.0 0.0 0.0
3657 1874.823486328125 1277.4638671875 219.20634581647224 0.0 0.0 0.0 0.0 0.0 0.0 0.0
3667 1867.869140625 1284.4180908203125 218.03059968530707 0.0 0.0 0.0 0.0 0.0 0.0 0.0
3673 1857.437744140625 1291.372314453125 217.8391182160356 0.0 0.0 0.0 0.0 0.0 0.0 0.0
3684 1847.0064697265625 1294.8494873046875 219.0733680043629 0.0 0.0 0.0 0.0 0.0 0.0 0.0
3689 1833.097900390625 1301.8037109375 219.59941616972125 0.0 0.0 0.0 0.0 0.0 0.0 0.0
3700 1822.66650390625 1305.2808837890625 220.6756391139977 0.0 0.0 0.0 0.0 0.0 0.0 0.0
3705 1812.235107421875 1312.235107421875 220.21208569435032 0.0 0.0 0.0 0.0 0.0 0.0 0.0
3724 1801.8037109375 1315.7122802734375 221.23311432669252 0.0 0.0 0.0 0.0 0.0 0.0 0.0
3728 1787.895263671875 1319.1893310546875 222.91410912703898 0.0 0.0 0.0 0.0 0.0 0.0 0.0
3736 1777.4638671875 1322.66650390625 223.6906891905609 0.0 0.0 0.0 0.0 0.0 0.0 0.0
3739 1767.032470703125 1322.66650390625 225.91294809171754 0.0 0.0 0.0 0.0 0.0 0.0 0.0
3752 1760.0782470703125 1326.1435546875 225.73904460672253 0.0 0.0 0.0 0.0 0.0 0.0 0.0
3756 1753.1240234375 1329.6207275390625 225.57667096629132 0.0 0.0 0.0 0.0 0.0 0.0 0.0
3768 1746.169677734375 1329.6207275390625 226.99475628786573 0.0 0.0 0.0 0.0 0.0 0.0 0.0
3771 1735.7384033203125 1333.097900390625 227.3997974744239 0.0 0.0 0.0 0.0 0.0 0.0 0.0
3786 1725.3070068359375 1336.574951171875 227.76797022303245 0.0 0.0 0.0 0.0 0.0 0.0 0.0
3790 1718.3526611328125 1336.574951171875 229.06370486074945 0.0 0.0 0.0 0.0 0.0 0.0 0.0
3802 1707.92138671875 1340.0521240234375 229.27975224255613 0.0 0.0 0.0 0.0 0.0 0.0 0.0
3806 1697.489990234375 1343.529296875 229.4760421658706 0.0 0.0 0.0 0.0 0.0 0.0 0.0
3817 1687.05859375 1343.529296875 231.2253121421523 0.0 0.0 0.0 0.0 0.0 0.0 0.0
3820 1683.5814208984375 1347.00634765625 230.12414818756142 0.0 0.0 0.0 0.0 0.0 0.0 0.0
3836 1669.6729736328125 1350.4835205078125 230.78496290954158 0.0 0.0 0.0 0.0 0.0 0.0 0.0
3839 1662.7186279296875 1350.4835205078125 231.90968575612473 0.0 0.0 0.0 0.0 0.0 0.0 0.0
3853 1652.287353515625 1353.9605712890625 231.8654800684725 0.0 0.0 0.0 0.0 0.0 0.0 0.0
3857 1641.85595703125 1353.9605712890625 233.41520935931476 0.0 0.0 0.0 0.0 0.0 0.0 0.0
3869 1631.424560546875 1353.9605712890625 234.83439852577573 0.0 0.0 0.0 0.0 0.0 0.0 0.0
3873 1624.4703369140625 1357.437744140625 234.07162499928108 0.0 0.0 0.0 0.0 0.0 0.0 0.0
3886 1607.0845947265625 1357.437744140625 236.22304833603022 0.0 0.0 0.0 0.0 0.0 0.0 0.0
3890 1596.6533203125 1360.9149169921875 235.78454843833288 0.0 0.0 0.0 0.0 0.0 0.0 0.0
3903 1586.221923828125 1360.9149169921875 237.002673941591 0.0 0.0 0.0 0.0 0.0 0.0 0.0
3907 1575.79052734375 1364.3919677734375 236.49313022743337 0.0 0.0 0.0 0.0 0.0 0.0 0.0
3920 1561.8819580078125 1364.3919677734375 237.9940106497083 0.0 0.0 0.0 0.0 0.0 0.0 0.0
3924 1547.9735107421875 1364.3919677734375 239.32812799651805 0.0 0.0 0.0 0.0 0.0 0.0 0.0
3936 1537.5421142578125 1364.3919677734375 240.24269546309125 0.0 0.0 0.0 0.0 0.0 0.0 0.0
3940 1520.156494140625 1364.3919677734375 241.55983425593456 0.0 0.0 0.0 0.0 0.0 0.0 0.0
3952 1506.2479248046875 1364.3919677734375 242.4954578231853 0.0 0.0 0.0 0.0 0.0 0.0 0.0
3956 1492.3394775390625 1364.3919677734375 243.32603831525392 0.0 0.0 0.0 0.0 0.0 0.0 0.0
3969 1474.953857421875 1364.3919677734375 244.22235443623316 0.0 0.0 0.0 0.0 0.0 0.0 0.0
3972 1440.1824951171875 1357.437744140625 248.35351265954336 0.0 0.0 0.0 0.0 0.0 0.0 0.0
3984 1422.796875 1353.9605712890625 250.13470628180568 0.0 0.0 0.0 0.0 0.0 0.0 0.0
3987 1408.888427734375 1350.4835205078125 251.72143112734352 0.0 0.0 0.0 0.0 0.0 0.0 0.0
4002 1391.5028076171875 1347.00634765625 253.03769840674056 0.0 0.0 0.0 0.0 0.0 0.0 0.0
4006 1374.1171875 1343.529296875 254.1713798732963 0.0 0.0 0.0 0.0 0.0 0.0 0.0
4017 1360.2086181640625 1340.0521240234375 255.29643651260557 0.0 0.0 0.0 0.0 0.0 0.0 0.0
4020 1346.3001708984375 1336.574951171875 256.29204267602734 0.0 0.0 0.0 0.0 0.0 0.0 0.0
4036 1328.9144287109375 1329.6207275390625 258.5255678385251 0.0 0.0 0.0 0.0 0.0 0.0 0.0
4040 1315.0059814453125 1326.1435546875 259.14836228353084 0.0 0.0 0.0 0.0 0.0 0.0 0.0
4053 1297.620361328125 1322.66650390625 259.4308362637525 0.0 0.0 0.0 0.0 0.0 0.0 0.0
4056 1283.7117919921875 1319.1893310546875 259.94882963023275 0.0 0.0 0.0 0.0 0.0 0.0 0.0
4070 1266.326171875 1315.7122802734375 260.1195091951841 0.0 0.0 0.0 0.0 0.0 0.0 0.0
4074 1248.9405517578125 1312.235107421875 260.2664143500875 0.0 0.0 0.0 0.0 0.0 0.0 0.0
4086 1231.554931640625 1305.2808837890625 261.9278666149956 0.0 0.0 0.0 0.0 0.0 0.0 0.0
4089 1214.1693115234375 1301.8037109375 261.8221644070216 0.0 0.0 0.0 0.0 0.0 0.0 0.0
4102 1182.8751220703125 1294.8494873046875 261.9509937637141 0.0 0.0 0.0 0.0 0.0 0.0 0.0
4107 1172.4437255859375 1287.895263671875 264.1379417045786 0.0 0.0 0.0 0.0 0.0 0.0 0.0
4119 1144.626708984375 1280.94091796875 264.08791558582965 0.0 0.0 0.0 0.0 0.0 0.0 0.0
4124 1134.1953125 1277.4638671875 264.4725693967531 0.0 0.0 0.0 0.0 0.0 0.0 0.0
4136 1116.8096923828125 1270.509521484375 265.52334887027854 0.0 0.0 0.0 0.0 0.0 0.0 0.0
4140 1106.3782958984375 1263.5552978515625 267.3581381912398 0.0 0.0 0.0 0.0 0.0 0.0 0.0
4152 1088.99267578125 1260.0782470703125 266.4948488501944 0.0 0.0 0.0 0.0 0.0 0.0 0.0
4157 1078.561279296875 1256.60107421875 266.659628175108 0.0 0.0 0.0 0.0 0.0 0.0 0.0
4166 1075.084228515625 1253.1239013671875 267.8322804491925 0.0 0.0 0.0 0.0 0.0 0.0 0.0
4170 1061.1756591796875 1246.169677734375 268.90083544291787 0.0 0.0 0.0 0.0 0.0 0.0 0.0
4186 1050.7442626953125 1242.6925048828125 268.8455339324135 0.0 0.0 0.0 0.0 0.0 0.0 0.0
4189 1043.7900390625 1239.2154541015625 269.3481702964217 0.0 0.0 0.0 0.0 0.0 0.0 0.0
4203 1036.8358154296875 1235.73828125 269.8177213889996 0.0 0.0 0.0 0.0 0.0 0.0 0.0
4206 1022.92724609375 1228.7840576171875 270.6402642632834 0.0 0.0 0.0 0.0 0.0 0.0 0.0
4216 1019.4501953125 1225.306884765625 271.6569733132555 0.0 0.0 0.0 0.0 0.0 0.0 0.0
4220 1012.4959716796875 1218.3526611328125 273.5340573985381 0.0 0.0 0.0 0.0 0.0 0.0 0.0
4234 1005.5416259765625 1214.87548828125 273.7262052564364 0.0 0.0 0.0 0.0 0.0 0.0 0.0
4237 998.58740234375 1211.3984375 273.90558781592233 0.0 0.0 0.0 0.0 0.0 0.0 0.0
4250 991.6331787109375 1204.4442138671875 275.60742414863165 0.0 0.0 0.0 0.0 0.0 0.0 0.0
4253 988.156005859375 1197.4898681640625 277.9672331648847 0.0 0.0 0.0 0.0 0.0 0.0 0.0
4269 981.2017822265625 1194.0128173828125 277.8647641493546 0.0 0.0 0.0 0.0 0.0 0.0 0.0
4272 977.7246704101562 1187.0584716796875 280.09902005039675 0.0 0.0 0.0 0.0 0.0 0.0 0.0
4286 974.24755859375 1180.104248046875 282.20612038942596 0.0 0.0 0.0 0.0 0.0 0.0 0.0
4291 967.2932739257812 1173.1500244140625 283.24514885040884 0.0 0.0 0.0 0.0 0.0 0.0 0.0
4303 963.816162109375 1166.19580078125 285.16875704329505 0.0 0.0 0.0 0.0 0.0 0.0 0.0
4307 960.3390502929688 1162.7186279296875 285.58469827436835 0.0 0.0 0.0 0.0 0.0 0.0 0.0
4319 956.8618774414062 1159.241455078125 285.98288576228384 0.0 0.0 0.0 0.0 0.0 0.0 0.0
4323 949.9076538085938 1148.8101806640625 288.03127107809127 0.0 0.0 0.0 0.0 0.0 0.0 0.0
4336 946.4305419921875 1145.3330078125 288.3250074305277 0.0 0.0 0.0 0.0 0.0 0.0 0.0
4340 942.953369140625 1141.8558349609375 288.60610082141307 0.0 0.0 0.0 0.0 0.0 0.0 0.0
4352 939.4762573242188 1134.901611328125 290.2062305606667 0.0 0.0 0.0 0.0 0.0 0.0 0.0
4356 935.9991455078125 1127.9473876953125 291.70746787674847 0.0 0.0 0.0 0.0 0.0 0.0 0.0
4370 932.5220336914062 1124.47021484375 291.8432886494852 0.0 0.0 0.0 0.0 0.0 0.0 0.0
4373 929.0448608398438 1114.0388793945312 294.4603571301496 0.0 0.0 0.0 0.0 0.0 0.0 0.0
4385 929.0448608398438 1110.5617065429688 295.73079441106825 0.0 0.0 0.0 0.0 0.0 0.0 0.0
4388 925.5677490234375 1103.6074829101562 296.88356152055195 0.0 0.0 0.0 0.0 0.0 0.0 0.0
4402 925.5677490234375 1100.13037109375 298.09882564842854 0.0 0.0 0.0 0.0 0.0 0.0 0.0
4405 922.0906372070312 1093.1760864257812 299.0994090245218 0.0 0.0 0.0 0.0 0.0 0.0 0.0
4419 918.613525390625 1086.2218627929688 300.0352188308819 0.0 0.0 0.0 0.0 0.0 0.0 0.0
4423 918.613525390625 1072.3133544921875 304.28484977166835 0.0 0.0 0.0 0.0 0.0 0.0 0.0
4432 918.613525390625 1058.4048461914062 308.1262656798301 0.0 0.0 0.0 0.0 0.0 0.0 0.0
4436 918.613525390625 1054.9276733398438 309.0604868270398 0.0 0.0 0.0 0.0 0.0 0.0 0.0
4453 918.613525390625 1047.9734497070312 310.8314295263917 0.0 0.0 0.0 0.0 0.0 0.0 0.0
4457 918.613525390625 1037.5420532226562 313.28121031650716 0.0 0.0 0.0 0.0 0.0 0.0 0.0
4469 918.613525390625 1027.1106567382812 315.53632123806983 0.0 0.0 0.0 0.0 0.0 0.0 0.0
4473 918.613525390625 1020.1564331054688 316.9565666573456 0.0 0.0 0.0 0.0 0.0 0.0 0.0
4486 918.613525390625 1009.7250366210938 318.913725244756 0.0 0.0 0.0 0.0 0.0 0.0 0.0
4490 918.613525390625 1002.7708129882812 320.1448188044745 0.0 0.0 0.0 0.0 0.0 0.0 0.0
4503 918.613525390625 992.3394165039062 321.83845569414854 0.0 0.0 0.0 0.0 0.0 0.0 0.0
4506 918.613525390625 985.3851318359375 322.9028418782666 0.0 0.0 0.0 0.0 0.0 0.0 0.0
4520 918.613525390625 978.430908203125 323.90591136653404 0.0 0.0 0.0 0.0 0.0 0.0 0.0
4524 922.0906372070312 967.99951171875 326.91184561712276 0.0 0.0 0.0 0.0 0.0 0.0 0.0
4536 922.0906372070312 961.0452880859375 327.68168729791097 0.0 0.0 0.0 0.0 0.0 0.0 0.0
4540 922.0906372070312 950.6138916015625 328.7376855327971 0.0 0.0 0.0 0.0 0.0 0.0 0.0
4553 922.0906372070312 947.1367797851562 329.07896628657954 0.0 0.0 0.0 0.0 0.0 0.0 0.0
4557 925.5677490234375 940.1824951171875 331.419949179729 0.0 0.0 0.0 0.0 0.0 0.0 0.0
4568 925.5677490234375 936.7053833007812 331.67960046440675 0.0 0.0 0.0 0.0 0.0 0.0 0.0
4570 925.5677490234375 929.7510986328125 332.1680655881174 0.0 0.0 0.0 0.0 0.0 0.0 0.0
4586 925.5677490234375 929.7510986328125 332.1680529926223 0.0 0.0 0.0 0.0 0.0 0.0 0.0
4590 925.5677490234375 926.2739868164062 332.40480834649173 0.0 0.0 0.0 0.0 0.0 0.0 0.0
4602 925.5677490234375 922.796875 332.6343396859222 0.0 0.0 0.0 0.0 0.0 0.0 0.0
4605 925.5677490234375 919.3197631835938 332.8568231667715 0.0 0.0 0.0 0.0 0.0 0.0 0.0
4616 925.5677490234375 919.3197631835938 332.85681170637497 0.0 0.0 0.0 0.0 0.0 0.0 0.0
4619 929.0448608398438 915.8425903320312 334.83448406349413 0.0 0.0 0.0 0.0 0.0 0.0 0.0
4636 929.0448608398438 915.8425903320312 334.8344632812274 0.0 0.0 0.0 0.0 0.0 0.0 0.0
4640 932.5220336914062 912.365478515625 336.75545737856106 0.0 0.0 0.0 0.0 0.0 0.0 0.0
4652 932.5220336914062 908.8883666992188 336.85124788787107 0.0 0.0 0.0 0.0 0.0 0.0 0.0
4655 932.5220336914062 905.4112548828125 336.9440917231996 0.0 0.0 0.0 0.0 0.0 0.0 0.0
4670 932.5220336914062 905.4112548828125 336.9440853059516 0.0 0.0 0.0 0.0 0.0 0.0 0.0
4673 935.9991455078125 905.4112548828125 338.76850372370444 0.0 0.0 0.0 0.0 0.0 0.0 0.0
4686 935.9991455078125 901.93408203125 338.8022173183673 0.0 0.0 0.0 0.0 0.0 0.0 0.0
4689 939.4762573242188 898.4569702148438 340.60315430615316 0.0 0.0 0.0 0.0 0.0 0.0 0.0
4703 939.4762573242188 898.4569702148438 340.603152465843 0.0 0.0 0.0 0.0 0.0 0.0 0.0
4707 942.953369140625 894.9798583984375 342.34701073013184 0.0 0.0 0.0 0.0 0.0 0.0 0.0
4719 946.4305419921875 891.5027465820312 344.03412326282404 0.0 0.0 0.0 0.0 0.0 0.0 0.0
4722 953.384765625 888.0255737304688 347.4135095638511 0.0 0.0 0.0 0.0 0.0 0.0 0.0
4736 956.8618774414062 884.5484619140625 348.9278312143832 0.0 0.0 0.0 0.0 0.0 0.0 0.0
4740 960.3390502929688 881.0713500976562 350.3884073544752 0.0 0.0 0.0 0.0 0.0 0.0 0.0
4753 963.816162109375 877.59423828125 351.79623914453094 0.0 0.0 0.0 0.0 0.0 0.0 0.0
4758 970.7703857421875 874.1170654296875 354.8505116838932 0.0 0.0 0.0 0.0 0.0 0.0 0.0
4770 974.24755859375 870.6399536132812 356.09240553044054 0.0 0.0 0.0 0.0 0.0 0.0 0.0
4774 981.2017822265625 867.162841796875 358.94540942092016 0.0 0.0 0.0 0.0 0.0 0.0 0.0
4786 988.156005859375 863.6857299804688 1.6570352157957444 0.0 0.0 0.0 0.0 0.0 0.0 0.0
4789 991.6331787109375 860.2085571289062 2.6331576323759975 0.0 0.0 0.0 0.0 0.0 0.0 0.0
4802 998.58740234375 856.7314453125 5.15358500038694 0.0 0.0 0.0 0.0 0.0 0.0 0.0
4805 1002.0645751953125 856.7314453125 6.780568259360841 0.0 0.0 0.0 0.0 0.0 0.0 0.0
4818 1009.018798828125 853.2543334960938 9.075449691587188 0.0 0.0 0.0 0.0 0.0 0.0 0.0
4821 1015.9730224609375 849.7772216796875 11.241132705829045 0.0 0.0 0.0 0.0 0.0 0.0 0.0
4834 1022.92724609375 846.300048828125 13.28218255960605 0.0 0.0 0.0 0.0 0.0 0.0 0.0
4837 1026.4044189453125 846.300048828125 14.778370184066034 0.0 0.0 0.0 0.0 0.0 0.0 0.0
4852 1033.358642578125 842.8229370117188 16.610781087673615 0.0 0.0 0.0 0.0 0.0 0.0 0.0
4856 1050.7442626953125 835.8687133789062 21.073598527696625 0.0 0.0 0.0 0.0 0.0 0.0 0.0
4867 1054.221435546875 835.8687133789062 22.417653119128026 0.0 0.0 0.0 0.0 0.0 0.0 0.0
4870 1061.1756591796875 832.3915405273438 23.780596892974387 0.0 0.0 0.0 0.0 0.0 0.0 0.0
4883 1071.6070556640625 828.9144287109375 26.236867983426485 0.0 0.0 0.0 0.0 0.0 0.0 0.0
4886 1078.561279296875 828.9144287109375 28.641963061263 0.0 0.0 0.0 0.0 0.0 0.0 0.0
4903 1082.0384521484375 828.9144287109375 29.815902744816263 0.0 0.0 0.0 0.0 0.0 0.0 0.0
4906 1095.947021484375 825.4373168945312 32.76383519841717 0.0 0.0 0.0 0.0 0.0 0.0 0.0
4920 1102.9012451171875 825.4373168945312 34.8574050418544 0.0 0.0 0.0 0.0 0.0 0.0 0.0
4924 1113.3326416015625 821.960205078125 36.35750594178547 0.0 0.0 0.0 0.0 0.0 0.0 0.0
4936 1120.286865234375 821.960205078125 38.269387578202654 0.0 0.0 0.0 0.0 0.0 0.0 0.0
4940 1130.71826171875 818.4830322265625 39.46514425296062 0.0 0.0 0.0 0.0 0.0 0.0 0.0
4953 1137.6724853515625 818.4830322265625 41.21468067428207 0.0 0.0 0.0 0.0 0.0 0.0 0.0
4958 1151.5810546875 818.4830322265625 44.35835557813506 0.0 0.0 0.0 0.0 0.0 0.0 0.0
4969 1158.5352783203125 815.0059204101562 44.28776242639765 0.0 0.0 0.0 0.0 0.0 0.0 0.0
4973 1168.9666748046875 815.0059204101562 46.46195639184194 0.0 0.0 0.0 0.0 0.0 0.0 0.0
4986 1175.9208984375 815.0059204101562 47.830763105374956 0.0 0.0 0.0 0.0 0.0 0.0 0.0
4989 1186.352294921875 815.0059204101562 49.716110528564954 0.0 0.0 0.0 0.0 0.0 0.0 0.0
5003 1189.829345703125 815.0059204101562 50.326175367636964 0.0 0.0 0.0 0.0 0.0 0.0 0.0
5007 1203.7379150390625 815.0059204101562 52.50383461405424 0.0 0.0 0.0 0.0 0.0 0.0 0.0
5018 1207.215087890625 815.0059204101562 53.03204906934481 0.0 0.0 0.0 0.0 0.0 0.0 0.0
5022 1214.1693115234375 815.0059204101562 54.02765213341341 0.0 0.0 0.0 0.0 0.0 0.0 0.0
5033 1228.0777587890625 815.0059204101562 55.80086721127775 0.0 0.0 0.0 0.0 0.0 0.0 0.0
5036 1235.0321044921875 815.0059204101562 56.63571503776592 0.0 0.0 0.0 0.0 0.0 0.0 0.0
5051 1245.46337890625 815.0059204101562 57.78122005331791 0.0 0.0 0.0 0.0 0.0 0.0 0.0
5055 1255.894775390625 815.0059204101562 58.82866348247023 0.0 0.0 0.0 0.0 0.0 0.0 0.0
5069 1266.326171875 815.0059204101562 59.786188909611724 0.0 0.0 0.0 0.0 0.0 0.0 0.0
5072 1280.2347412109375 815.0059204101562 60.92042310415506 0.0 0.0 0.0 0.0 0.0 0.0 0.0
5086 1290.6661376953125 815.0059204101562 61.697656249384295 0.0 0.0 0.0 0.0 0.0 0.0 0.0
5091 1301.097412109375 815.0059204101562 62.407661255896954 0.0 0.0 0.0 0.0 0.0 0.0 0.0
5101 1308.0517578125 815.0059204101562 62.852886396150055 0.0 0.0 0.0 0.0 0.0 0.0 0.0
5103 1315.0059814453125 815.0059204101562 63.27160121410931 0.0 0.0 0.0 0.0 0.0 0.0 0.0
5119 1321.960205078125 815.0059204101562 63.665405680800745 0.0 0.0 0.0 0.0 0.0 0.0 0.0
5122 1328.9144287109375 815.0059204101562 64.0357430221444 0.0 0.0 0.0 0.0 0.0 0.0 0.0
5137 1339.3458251953125 815.0059204101562 64.54305046671952 0.0 0.0 0.0 0.0 0.0 0.0 0.0
5140 1342.822998046875 815.0059204101562 64.70696491188075 0.0 0.0 0.0 0.0 0.0 0.0 0.0
5153 1353.25439453125 815.0059204101562 65.15591519447604 0.0 0.0 0.0 0.0 0.0 0.0 0.0
5157 1363.685791015625 815.0059204101562 65.56583650117355 0.0 0.0 0.0 0.0 0.0 0.0 0.0
5167 1367.162841796875 815.0059204101562 65.69827727979097 0.0 0.0 0.0 0.0 0.0 0.0 0.0
5170 1381.0714111328125 815.0059204101562 66.16829932442229 0.0 0.0 0.0 0.0 0.0 0.0 0.0
5187 1391.5028076171875 818.4830322265625 68.15524888827834 0.0 0.0 0.0 0.0 0.0 0.0 0.0
5191 1401.9342041015625 818.4830322265625 68.3039828942829 0.0 0.0 0.0 0.0 0.0 0.0 0.0
5203 1412.365478515625 818.4830322265625 68.43973813506094 0.0 0.0 0.0 0.0 0.0 0.0 0.0
5207 1426.2740478515625 818.4830322265625 68.6003141391761 0.0 0.0 0.0 0.0 0.0 0.0 0.0
5220 1440.1824951171875 818.4830322265625 68.74273143513247 0.0 0.0 0.0 0.0 0.0 0.0 0.0
5224 1450.6138916015625 821.960205078125 70.50576435536222 0.0 0.0 0.0 0.0 0.0 0.0 0.0
5236 1461.0452880859375 821.960205078125 70.44953677227305 0.0 0.0 0.0 0.0 0.0 0.0 0.0
5240 1471.4766845703125 821.960205078125 70.39823059596888 0.0 0.0 0.0 0.0 0.0 0.0 0.0
5251 1478.430908203125 825.4373168945312 72.08025930984695 0.0 0.0 0.0 0.0 0.0 0.0 0.0
5254 1492.3394775390625 825.4373168945312 71.82958081444548 0.0 0.0 0.0 0.0 0.0 0.0 0.0
5267 1502.7708740234375 825.4373168945312 71.65794135642483 0.0 0.0 0.0 0.0 0.0 0.0 0.0
5271 1513.2022705078125 828.9144287109375 73.16416635448246 0.0 0.0 0.0 0.0 0.0 0.0 0.0
5285 1527.1107177734375 828.9144287109375 72.79110931482175 0.0 0.0 0.0 0.0 0.0 0.0 0.0
5289 1547.9735107421875 835.8687133789062 75.37262984421544 0.0 0.0 0.0 0.0 0.0 0.0 0.0
5303 1561.8819580078125 839.3458251953125 76.35944847132862 0.0 0.0 0.0 0.0 0.0 0.0 0.0
5306 1575.79052734375 839.3458251953125 75.62633554194849 0.0 0.0 0.0 0.0 0.0 0.0 0.0
5317 1586.221923828125 846.300048828125 78.42099765524245 0.0 0.0 0.0 0.0 0.0 0.0 0.0
5320 1600.13037109375 849.7772216796875 79.05589830002067 0.0 0.0 0.0 0.0 0.0 0.0 0.0
5336 1614.0389404296875 853.2543334960938 79.61729946772367 0.0 0.0 0.0 0.0 0.0 0.0 0.0
5339 1624.4703369140625 856.7314453125 80.40897823488282 0.0 0.0 0.0 0.0 0.0 0.0 0.0
5353 1638.3787841796875 860.2085571289062 80.81364671458884 0.0 0.0 0.0 0.0 0.0 0.0 0.0
5357 1648.8101806640625 863.6857299804688 81.49673168942678 0.0 0.0 0.0 0.0 0.0 0.0 0.0
5370 1666.19580078125 870.6399536132812 82.98002411222666 0.0 0.0 0.0 0.0 0.0 0.0 0.0
5374 1680.1043701171875 874.1170654296875 83.08646074186176 0.0 0.0 0.0 0.0 0.0 0.0 0.0
5386 1707.92138671875 884.5484619140625 84.65237240235423 0.0 0.0 0.0 0.0 0.0 0.0 0.0
5390 1718.3526611328125 888.0255737304688 84.98554448370072 0.0 0.0 0.0 0.0 0.0 0.0 0.0
5401 1735.7384033203125 894.9798583984375 85.96156479420084 0.0 0.0 0.0 0.0 0.0 0.0 0.0
5404 1749.6468505859375 901.93408203125 87.26121679066931 0.0 0.0 0.0 0.0 0.0 0.0 0.0
5419 1767.032470703125 908.8883666992188 87.90509311871315 0.0 0.0 0.0 0.0 0.0 0.0 0.0
5424 1784.4180908203125 915.8425903320312 88.45483603319937 0.0 0.0 0.0 0.0 0.0 0.0 0.0
5435 1801.8037109375 922.796875 88.92421384524083 0.0 0.0 0.0 0.0 0.0 0.0 0.0
5438 1812.235107421875 929.7510986328125 90.41891254629124 0.0 0.0 0.0 0.0 0.0 0.0 0.0
5452 1826.1436767578125 933.228271484375 89.66315332182512 0.0 0.0 0.0 0.0 0.0 0.0 0.0
5456 1840.0521240234375 940.1824951171875 90.50487892553392 0.0 0.0 0.0 0.0 0.0 0.0 0.0
5468 1850.4835205078125 943.6596069335938 90.30281454292513 0.0 0.0 0.0 0.0 0.0 0.0 0.0
5472 1860.9149169921875 947.1367797851562 90.11928347750955 0.0 0.0 0.0 0.0 0.0 0.0 0.0
5486 1874.823486328125 954.0910034179688 90.90438829536077 0.0 0.0 0.0 0.0 0.0 0.0 0.0
5489 1899.163330078125 964.5223999023438 91.32501060659524 0.0 0.0 0.0 0.0 0.0 0.0 0.0
5500 1913.07177734375 971.4766235351562 91.96030315403685 0.0 0.0 0.0 0.0 0.0 0.0 0.0
5504 1926.9803466796875 978.430908203125 92.51660349037377 0.0 0.0 0.0 0.0 0.0 0.0 0.0
5517 1951.3201904296875 992.3394165039062 93.96306683888416 0.0 0.0 0.0 0.0 0.0 0.0 0.0
5520 1968.705810546875 1002.7708129882812 95.03609811073012 0.0 0.0 0.0 0.0 0.0 0.0 0.0
5535 1989.568603515625 1013.2021484375 95.28072069323194 0.0 0.0 0.0 0.0 0.0 0.0 0.0
5537 2010.431396484375 1023.633544921875 95.48231795759082 0.0 0.0 0.0 0.0 0.0 0.0 0.0
5552 2027.81689453125 1034.06494140625 96.31827855806372 0.0 0.0 0.0 0.0 0.0 0.0 0.0
5555 2038.248291015625 1041.0191650390625 97.06173081230925 0.0 0.0 0.0 0.0 0.0 0.0 0.0
5570 2055.634033203125 1051.4505615234375 97.650765096719 0.0 0.0 0.0 0.0 0.0 0.0 0.0
5574 2076.496826171875 1061.8819580078125 97.43520326383624 0.0 0.0 0.0 0.0 0.0 0.0 0.0
5587 2093.88232421875 1072.3133544921875 97.9658460241036 0.0 0.0 0.0 0.0 0.0 0.0 0.0
5591 2114.7451171875 1079.267578125 96.34911424359325 0.0 0.0 0.0 0.0 0.0 0.0 0.0
5603 2132.130859375 1086.2218627929688 95.66355111431125 0.0 0.0 0.0 0.0 0.0 0.0 0.0
5607 2146.039306640625 1093.1760864257812 95.75860765234125 0.0 0.0 0.0 0.0 0.0 0.0 0.0
5620 2163.425048828125 1100.13037109375 95.15932192774211 0.0 0.0 0.0 0.0 0.0 0.0 0.0
5624 2177.33349609375 1107.0845947265625 95.31721033736513 0.0 0.0 0.0 0.0 0.0 0.0 0.0
5636 2194.718994140625 1110.5617065429688 93.35365512469413 0.0 0.0 0.0 0.0 0.0 0.0 0.0
5640 2212.104736328125 1117.5159912109375 93.10610848995069 0.0 0.0 0.0 0.0 0.0 0.0 0.0
5653 2222.5361328125 1120.9931030273438 92.6664444555624 0.0 0.0 0.0 0.0 0.0 0.0 0.0
5656 2239.921875 1124.47021484375 91.06733033865493 0.0 0.0 0.0 0.0 0.0 0.0 0.0
5669 2253.830322265625 1127.9473876953125 90.23671093804222 0.0 0.0 0.0 0.0 0.0 0.0 0.0
5672 2267.73876953125 1131.4244384765625 89.50197110621747 0.0 0.0 0.0 0.0 0.0 0.0 0.0
5684 2281.647216796875 1138.3787841796875 90.36374449739264 0.0 0.0 0.0 0.0 0.0 0.0 0.0
5687 2295.555908203125 1141.8558349609375 89.61431414145342 0.0 0.0 0.0 0.0 0.0 0.0 0.0
5702 2312.94140625 1148.8101806640625 89.91411066924974 0.0 0.0 0.0 0.0 0.0 0.0 0.0
5706 2340.758544921875 1159.241455078125 90.02160697260848 0.0 0.0 0.0 0.0 0.0 0.0 0.0
5717 2358.14404296875 1166.19580078125 90.2618303415964 0.0 0.0 0.0 0.0 0.0 0.0 0.0
5720 2372.052490234375 1169.6728515625 89.52423424255053 0.0 0.0 0.0 0.0 0.0 0.0 0.0
5733 2385.961181640625 1176.627197265625 90.38322335055449 0.0 0.0 0.0 0.0 0.0 0.0 0.0
5736 2403.3466796875 1183.5814208984375 90.57045178938944 0.0 0.0 0.0 0.0 0.0 0.0 0.0
5753 2417.255126953125 1187.0584716796875 89.79712762428187 0.0 0.0 0.0 0.0 0.0 0.0 0.0
5757 2431.163818359375 1194.0128173828125 90.62223252363404 0.0 0.0 0.0 0.0 0.0 0.0 0.0
5769 2448.54931640625 1200.967041015625 90.77448911115977 0.0 0.0 0.0 0.0 0.0 0.0 0.0
5774 2462.4580078125 1204.4442138671875 89.97763005830296 0.0 0.0 0.0 0.0 0.0 0.0 0.0
5786 2476.366455078125 1211.3984375 90.78031077372921 0.0 0.0 0.0 0.0 0.0 0.0 0.0
5790 2490.27490234375 1214.87548828125 89.98280059584783 0.0 0.0 0.0 0.0 0.0 0.0 0.0
5803 2507.66064453125 1218.3526611328125 88.75491779285962 0.0 0.0 0.0 0.0 0.0 0.0 0.0
5807 2521.569091796875 1225.306884765625 89.70924756867187 0.0 0.0 0.0 0.0 0.0 0.0 0.0
5820 2535.4775390625 1228.7840576171875 89.03553330017067 0.0 0.0 0.0 0.0 0.0 0.0 0.0
5824 2556.34033203125 1232.26123046875 87.46391538745553 0.0 0.0 0.0 0.0 0.0 0.0 0.0
5836 2573.72607421875 1235.73828125 86.58592618234677 0.0 0.0 0.0 0.0 0.0 0.0 0.0
5840 2591.111572265625 1239.2154541015625 85.83026369905392 0.0 0.0 0.0 0.0 0.0 0.0 0.0
5853 2608.497314453125 1242.6925048828125 85.17982497714826 0.0 0.0 0.0 0.0 0.0 0.0 0.0
5857 2625.8828125 1246.169677734375 84.62016282824548 0.0 0.0 0.0 0.0 0.0 0.0 0.0
5869 2643.2685546875 1249.6468505859375 84.13856558773342 0.0 0.0 0.0 0.0 0.0 0.0 0.0
5873 2660.654052734375 1253.1239013671875 83.72415676745737 0.0 0.0 0.0 0.0 0.0 0.0 0.0
5885 2681.516845703125 1256.60107421875 83.0104942028583 0.0 0.0 0.0 0.0 0.0 0.0 0.0
5889 2698.902587890625 1256.60107421875 81.21440275327004 0.0 0.0 0.0 0.0 0.0 0.0 0.0
5902 2719.765380859375 1260.0782470703125 80.9076267357444 0.0 0.0 0.0 0.0 0.0 0.0 0.0
5906 2754.53662109375 1263.5552978515625 79.6146982687825 0.0 0.0 0.0 0.0 0.0 0.0 0.0
5916 2771.922119140625 1263.5552978515625 78.27912613881057 0.0 0.0 0.0 0.0 0.0 0.0 0.0
5920 2785.830810546875 1263.5552978515625 77.33036131347453 0.0 0.0 0.0 0.0 0.0 0.0 0.0
5936 2806.693359375 1263.5552978515625 76.13417003277245 0.0 0.0 0.0 0.0 0.0 0.0 0.0
5940 2824.0791015625 1263.5552978515625 75.27368130001206 0.0 0.0 0.0 0.0 0.0 0.0 0.0
5952 2841.46484375 1263.5552978515625 74.53097107531853 0.0 0.0 0.0 0.0 0.0 0.0 0.0
5957 2858.850341796875 1263.5552978515625 73.89001396659157 0.0 0.0 0.0 0.0 0.0 0.0 0.0
5970 2876.236083984375 1260.0782470703125 71.7633138918187 0.0 0.0 0.0 0.0 0.0 0.0 0.0
5974 2890.14453125 1256.60107421875 69.92979098913004 0.0 0.0 0.0 0.0 0.0 0.0 0.0
5986 2907.5302734375 1253.1239013671875 68.34681730936636 0.0 0.0 0.0 0.0 0.0 0.0 0.0
5991 2917.96142578125 1246.169677734375 65.15738312071447 0.0 0.0 0.0 0.0 0.0 0.0 0.0
6003 2928.392822265625 1239.2154541015625 62.263000270503014 0.0 0.0 0.0 0.0 0.0 0.0 0.0
6007 2938.82421875 1235.73828125 61.2759917566197 0.0 0.0 0.0 0.0 0.0 0.0 0.0
6019 2949.255615234375 1228.7840576171875 58.74948528268723 0.0 0.0 0.0 0.0 0.0 0.0 0.0
6023 2959.68701171875 1221.829833984375 56.467107487548475 0.0 0.0 0.0 0.0 0.0 0.0 0.0
6036 2970.118408203125 1214.87548828125 54.407990276260335 0.0 0.0 0.0 0.0 0.0 0.0 0.0
6040 2977.07275390625 1207.9212646484375 52.04951291474315 0.0 0.0 0.0 0.0 0.0 0.0 0.0
6053 2984.02685546875 1200.967041015625 49.8675680935108 0.0 0.0 0.0 0.0 0.0 0.0 0.0
6056 2990.981201171875 1194.0128173828125 47.85162631776379 0.0 0.0 0.0 0.0 0.0 0.0 0.0
6067 2997.935546875 1187.0584716796875 45.991054035937566 0.0 0.0 0.0 0.0 0.0 0.0 0.0
6070 3004.8896484375 1183.5814208984375 45.81196858572673 0.0 0.0 0.0 0.0 0.0 0.0 0.0
6086 3011.843994140625 1169.6728515625 41.15821617335133 0.0 0.0 0.0 0.0 0.0 0.0 0.0
6089 3015.321044921875 1166.19580078125 40.46421160128611 0.0 0.0 0.0 0.0 0.0 0.0 0.0
6102 3022.275390625 1159.241455078125 39.18718628130451 0.0 0.0 0.0 0.0 0.0 0.0 0.0
6106 3036.183837890625 1148.8101806640625 38.33727173796866 0.0 0.0 0.0 0.0 0.0 0.0 0.0
6117 3039.660888671875 1141.8558349609375 36.30447380837393 0.0 0.0 0.0 0.0 0.0 0.0 0.0
6120 3046.615234375 1134.901611328125 35.36386706514935 0.0 0.0 0.0 0.0 0.0 0.0 0.0
6135 3053.569580078125 1127.9473876953125 34.4998615472855 0.0 0.0 0.0 0.0 0.0 0.0 0.0
6139 3060.523681640625 1120.9931030273438 33.70630678113862 0.0 0.0 0.0 0.0 0.0 0.0 0.0
6153 3067.47802734375 1114.0388793945312 32.977729432762416 0.0 0.0 0.0 0.0 0.0 0.0 0.0
6157 3074.43212890625 1107.0845947265625 32.308772958392666 0.0 0.0 0.0 0.0 0.0 0.0 0.0
6168 3077.909423828125 1096.6531982421875 29.332844528348005 0.0 0.0 0.0 0.0 0.0 0.0 0.0
6171 3081.386474609375 1086.2218627929688 26.59650646492517 0.0 0.0 0.0 0.0 0.0 0.0 0.0
6186 3084.863525390625 1075.7904663085938 24.085585772110313 0.0 0.0 0.0 0.0 0.0 0.0 0.0
6189 3088.3408203125 1065.3590698242188 21.785499541776332 0.0 0.0 0.0 0.0 0.0 0.0 0.0
6201 3088.3408203125 1054.9276733398438 18.375200812304378 0.0 0.0 0.0 0.0 0.0 0.0 0.0
6204 3091.81787109375 1041.0191650390625 15.593221656455583 0.0 0.0 0.0 0.0 0.0 0.0 0.0
6220 3091.81787109375 1027.1106567382812 11.736573255229644 0.0 0.0 0.0 0.0 0.0 0.0 0.0
6223 3091.81787109375 1013.2021484375 8.263142708252872 0.0 0.0 0.0 0.0 0.0 0.0 0.0
6236 3091.81787109375 1002.7708129882812 5.862942646200757 0.0 0.0 0.0 0.0 0.0 0.0 0.0
6240 3091.81787109375 985.3851318359375 2.3687524601825345 0.0 0.0 0.0 0.0 0.0 0.0 0.0
6253 3091.81787109375 974.9537963867188 0.44412499826188423 0.0 0.0 0.0 0.0 0.0 0.0 0.0
6256 3091.81787109375 957.568115234375 357.65521999324267 0.0 0.0 0.0 0.0 0.0 0.0 0.0
6268 3084.863525390625 943.6596069335938 352.49182736313077 0.0 0.0 0.0 0.0 0.0 0.0 0.0
6272 3081.386474609375 929.7510986328125 349.47307403064946 0.0 0.0 0.0 0.0 0.0 0.0 0.0
6286 3077.909423828125 915.8425903320312 346.78165465299156 0.0 0.0 0.0 0.0 0.0 0.0 0.0
6290 3067.47802734375 888.0255737304688 341.00759399143135 0.0 0.0 0.0 0.0 0.0 0.0 0.0
6300 3060.523681640625 867.162841796875 337.76056846771263 0.0 0.0 0.0 0.0 0.0 0.0 0.0
6303 3057.046630859375 856.7314453125 336.28131287392426 0.0 0.0 0.0 0.0 0.0 0.0 0.0
6318 3050.09228515625 842.8229370117188 333.46672257615137 0.0 0.0 0.0 0.0 0.0 0.0 0.0
6322 3043.13818359375 825.4373168945312 331.2280394682379 0.0 0.0 0.0 0.0 0.0 0.0 0.0
6333 3036.183837890625 808.0516967773438 329.3106289374587 0.0 0.0 0.0 0.0 0.0 0.0 0.0
6337 3025.75244140625 794.1431884765625 325.77569151480077 0.0 0.0 0.0 0.0 0.0 0.0 0.0
6352 3015.321044921875 783.7117919921875 322.21655080904566 0.0 0.0 0.0 0.0 0.0 0.0 0.0
6356 3004.8896484375 769.8032836914062 319.60711068883506 0.0 0.0 0.0 0.0 0.0 0.0 0.0
6367 2994.458251953125 759.3718872070312 316.72347593397905 0.0 0.0 0.0 0.0 0.0 0.0 0.0
6370 2984.02685546875 748.9404907226562 314.1638849110123 0.0 0.0 0.0 0.0 0.0 0.0 0.0
6386 2970.118408203125 741.9862670898438 309.6847007710854 0.0 0.0 0.0 0.0 0.0 0.0 0.0
6389 2959.68701171875 735.031982421875 307.05980023245047 0.0 0.0 0.0 0.0 0.0 0.0 0.0
6403 2945.778564453125 728.0777587890625 303.36125028263734 0.0 0.0 0.0 0.0 0.0 0.0 0.0
6407 2931.8701171875 721.1234741210938 300.0852463263721 0.0 0.0 0.0 0.0 0.0 0.0 0.0
6419 2914.484375 717.6463623046875 294.91105068221674 0.0 0.0 0.0 0.0 0.0 0.0 0.0
6423 2904.052978515625 714.1692504882812 292.54114003027036 0.0 0.0 0.0 0.0 0.0 0.0 0.0
6436 2886.66748046875 710.692138671875 288.29578115576516 0.0 0.0 0.0 0.0 0.0 0.0 0.0
6440 2872.7587890625 707.2149658203125 285.52243113792684 0.0 0.0 0.0 0.0 0.0 0.0 0.0
6769 2862.327392578125 710.692138671875 281.11838958155016 0.0 0.0 0.0 0.0 0.0 0.0 0.0
6777 2848.4189453125 710.692138671875 277.7075456688314 0.0 0.0 0.0 0.0 0.0 0.0 0.0
6785 2817.124755859375 721.1234741210938 267.46912213371144 0.0 0.0 0.0 0.0 0.0 0.0 0.0
6793 2796.26220703125 728.0777587890625 261.6505942433551 0.0 0.0 0.0 0.0 0.0 0.0 0.0
6803 2782.353515625 731.5548706054688 258.7224618263405 0.0 0.0 0.0 0.0 0.0 0.0 0.0
6809 2744.105224609375 741.9862670898438 252.3646329829549 0.0 0.0 0.0 0.0 0.0 0.0 0.0
6819 2723.242431640625 748.9404907226562 248.89811680437373 0.0 0.0 0.0 0.0 0.0 0.0 0.0
6824 2698.902587890625 755.894775390625 246.0948420131569 0.0 0.0 0.0 0.0 0.0 0.0 0.0
6836 2674.562744140625 766.326171875 242.33798849340985 0.0 0.0 0.0 0.0 0.0 0.0 0.0
6840 2660.654052734375 773.2803955078125 239.99311568143338 0.0 0.0 0.0 0.0 0.0 0.0 0.0
6851 2625.8828125 787.1889038085938 236.9536563760832 0.0 0.0 0.0 0.0 0.0 0.0 0.0
6857 2601.54296875 797.6203002929688 234.95034505325083 0.0 0.0 0.0 0.0 0.0 0.0 0.0
6870 2580.68017578125 811.52880859375 231.4755856572066 0.0 0.0 0.0 0.0 0.0 0.0 0.0
6874 2566.771728515625 818.4830322265625 230.45823019962376 0.0 0.0 0.0 0.0 0.0 0.0 0.0
6886 2532.00048828125 839.3458251953125 227.33476324821163 0.0 0.0 0.0 0.0 0.0 0.0 0.0
6889 2511.1376953125 853.2543334960938 225.25677195712922 0.0 0.0 0.0 0.0 0.0 0.0 0.0
6903 2504.183349609375 860.2085571289062 223.5988870723134 0.0 0.0 0.0 0.0 0.0 0.0 0.0
6907 2486.7978515625 874.1170654296875 221.50820297256274 0.0 0.0 0.0 0.0 0.0 0.0 0.0
6919 2469.412109375 884.5484619140625 221.0994474858438 0.0 0.0 0.0 0.0 0.0 0.0 0.0
6923 2455.503662109375 894.9798583984375 219.988134138794 0.0 0.0 0.0 0.0 0.0 0.0 0.0
6936 2445.072265625 905.4112548828125 218.20178309342128 0.0 0.0 0.0 0.0 0.0 0.0 0.0
6940 2431.163818359375 912.365478515625 218.83624477081116 0.0 0.0 0.0 0.0 0.0 0.0 0.0
6952 2427.6865234375 915.8425903320312 218.2392789049805 0.0 0.0 0.0 0.0 0.0 0.0 0.0
6956 2410.301025390625 926.2739868164062 218.3422582865689 0.0 0.0 0.0 0.0 0.0 0.0 0.0
6969 2406.823974609375 926.2739868164062 219.27072791925133 0.0 0.0 0.0 0.0 0.0 0.0 0.0
6973 2399.86962890625 929.7510986328125 219.53812884140703 0.0 0.0 0.0 0.0 0.0 0.0 0.0
6983 2389.438232421875 933.228271484375 220.61987051062493 0.0 0.0 0.0 0.0 0.0 0.0 0.0
6986 2385.961181640625 933.228271484375 221.4868913168515 0.0 0.0 0.0 0.0 0.0 0.0 0.0
7001 2375.52978515625 936.7053833007812 222.39278915607653 0.0 0.0 0.0 0.0 0.0 0.0 0.0
7004 2365.098388671875 936.7053833007812 224.71885361923017 0.0 0.0 0.0 0.0 0.0 0.0 0.0
7016 2361.62109375 936.7053833007812 225.47230894066158 0.0 0.0 0.0 0.0 0.0 0.0 0.0
7019 2354.6669921875 936.7053833007812 226.89609570854097 0.0 0.0 0.0 0.0 0.0 0.0 0.0
7036 2347.712646484375 936.7053833007812 228.240712718443 0.0 0.0 0.0 0.0 0.0 0.0 0.0
7039 2344.235595703125 936.7053833007812 228.89355592341073 0.0 0.0 0.0 0.0 0.0 0.0 0.0
7051 2333.80419921875 936.7053833007812 230.69114976781955 0.0 0.0 0.0 0.0 0.0 0.0 0.0
7054 2326.849853515625 933.228271484375 233.47212396000631 0.0 0.0 0.0 0.0 0.0 0.0 0.0
7068 2316.41845703125 933.228271484375 234.88652250402717 0.0 0.0 0.0 0.0 0.0 0.0 0.0
7071 2312.94140625 929.7510986328125 237.07017457368516 0.0 0.0 0.0 0.0 0.0 0.0 0.0
7086 2302.510009765625 926.2739868164062 239.8218636197418 0.0 0.0 0.0 0.0 0.0 0.0 0.0
7090 2295.555908203125 922.796875 242.12168299695855 0.0 0.0 0.0 0.0 0.0 0.0 0.0
7103 2285.12451171875 919.3197631835938 244.45436193400138 0.0 0.0 0.0 0.0 0.0 0.0 0.0
7107 2278.170166015625 915.8425903320312 246.49062259063794 0.0 0.0 0.0 0.0 0.0 0.0 0.0
7119 2267.73876953125 912.365478515625 248.449706163712 0.0 0.0 0.0 0.0 0.0 0.0 0.0
7122 2253.830322265625 908.8883666992188 250.2276980135809 0.0 0.0 0.0 0.0 0.0 0.0 0.0
7136 2239.921875 901.93408203125 253.41842291762845 0.0 0.0 0.0 0.0 0.0 0.0 0.0
7140 2229.490478515625 898.4569702148438 254.76809596507758 0.0 0.0 0.0 0.0 0.0 0.0 0.0
7152 2212.104736328125 891.5027465820312 257.2193565594118 0.0 0.0 0.0 0.0 0.0 0.0 0.0
7156 2201.67333984375 884.5484619140625 259.86313146488203 0.0 0.0 0.0 0.0 0.0 0.0 0.0
7167 2184.287841796875 877.59423828125 261.58290146227154 0.0 0.0 0.0 0.0 0.0 0.0 0.0
7171 2170.379150390625 870.6399536132812 263.4195495757164 0.0 0.0 0.0 0.0 0.0 0.0 0.0
7187 2152.99365234375 860.2085571289062 266.12081722455065 0.0 0.0 0.0 0.0 0.0 0.0 0.0
7190 2125.176513671875 846.300048828125 268.39984779706333 0.0 0.0 0.0 0.0 0.0 0.0 0.0
7201 2104.313720703125 839.3458251953125 268.38240696262073 0.0 0.0 0.0 0.0 0.0 0.0 0.0
7204 2090.4052734375 832.3915405273438 269.38294382788285 0.0 0.0 0.0 0.0 0.0 0.0 0.0
7218 2073.019775390625 825.4373168945312 269.7165526222853 0.0 0.0 0.0 0.0 0.0 0.0 0.0
7220 2055.634033203125 821.960205078125 268.52558434498854 0.0 0.0 0.0 0.0 0.0 0.0 0.0
7235 2034.771240234375 815.0059204101562 268.487086200444 0.0 0.0 0.0 0.0 0.0 0.0 0.0
7237 2017.3857421875 811.52880859375 267.466846986534 0.0 0.0 0.0 0.0 0.0 0.0 0.0
7252 2003.4771728515625 808.0516967773438 267.0527736906218 0.0 0.0 0.0 0.0 0.0 0.0 0.0
7255 1986.091552734375 804.5745239257812 266.2320806386428 0.0 0.0 0.0 0.0 0.0 0.0 0.0
7268 1972.1829833984375 801.097412109375 265.96115176570663 0.0 0.0 0.0 0.0 0.0 0.0 0.0
7270 1958.2745361328125 797.6203002929688 265.7216766892646 0.0 0.0 0.0 0.0 0.0 0.0 0.0
7286 1940.8887939453125 794.1431884765625 265.08639289405096 0.0 0.0 0.0 0.0 0.0 0.0 0.0
7290 1926.9803466796875 790.666015625 264.94842755392534 0.0 0.0 0.0 0.0 0.0 0.0 0.0
7303 1913.07177734375 790.666015625 263.25737405155786 0.0 0.0 0.0 0.0 0.0 0.0 0.0
7307 1899.163330078125 787.1889038085938 263.3316367728777 0.0 0.0 0.0 0.0 0.0 0.0 0.0
7319 1885.2547607421875 783.7117919921875 263.39726440677197 0.0 0.0 0.0 0.0 0.0 0.0 0.0
7323 1878.300537109375 783.7117919921875 262.59306244039425 0.0 0.0 0.0 0.0 0.0 0.0 0.0
7336 1871.3463134765625 783.7117919921875 261.83594915794225 0.0 0.0 0.0 0.0 0.0 0.0 0.0
7340 1860.9149169921875 780.2346801757812 262.4259768157214 0.0 0.0 0.0 0.0 0.0 0.0 0.0
7352 1850.4835205078125 780.2346801757812 261.3369396146009 0.0 0.0 0.0 0.0 0.0 0.0 0.0
7355 1843.529296875 776.7575073242188 262.33055894738385 0.0 0.0 0.0 0.0 0.0 0.0 0.0
7369 1833.097900390625 776.7575073242188 261.24970951402895 0.0 0.0 0.0 0.0 0.0 0.0 0.0
7373 1819.189453125 773.2803955078125 261.55688739395356 0.0 0.0 0.0 0.0 0.0 0.0 0.0
7383 1815.7122802734375 773.2803955078125 261.19823094705123 0.0 0.0 0.0 0.0 0.0 0.0 0.0
7387 1812.235107421875 773.2803955078125 260.850430799412 0.0 0.0 0.0 0.0 0.0 0.0 0.0
7402 1801.8037109375 769.8032836914062 261.5301627937791 0.0 0.0 0.0 0.0 0.0 0.0 0.0
7406 1798.32666015625 769.8032836914062 261.1722971183495 0.0 0.0 0.0 0.0 0.0 0.0 0.0
7417 1791.3724365234375 769.8032836914062 260.4986979976126 0.0 0.0 0.0 0.0 0.0 0.0 0.0
7420 1787.895263671875 769.8032836914062 260.17211103502814 0.0 0.0 0.0 0.0 0.0 0.0 0.0
7433 1780.9410400390625 769.8032836914062 259.5575297171778 0.0 0.0 0.0 0.0 0.0 0.0 0.0
7436 1770.5096435546875 769.8032836914062 258.71505174684086 0.0 0.0 0.0 0.0 0.0 0.0 0.0