0 2000.0 1500.0 0 0.0 0.0 0.0 0.0 0.0 0.0 0.0
3312 2002.5491943359375 1500.0 0.7209120740591288 0.0 0.0 0.0 0.0 0.0 0.0 0.0
3332 2002.5491943359375 1494.901611328125 0.7487109845348527 0.0 0.0 0.0 0.0 0.0 0.0 0.0
3360 2012.7459716796875 1471.9588623046875 3.4517396503065925 0.0 0.0 0.0 0.0 0.0 0.0 0.0
3389 2020.3935546875 1441.3685302734375 5.118755850783032 0.0 0.0 0.0 0.0 0.0 0.0 0.0
3418 2030.59033203125 1413.3275146484375 7.2453594851680805 0.0 0.0 0.0 0.0 0.0 0.0 0.0
3449 2045.885498046875 1362.3436279296875 9.591278737223092 0.0 0.0 0.0 0.0 0.0 0.0 0.0
3480 2058.63134765625 1308.8106689453125 10.798388425766973 0.0 0.0 0.0 0.0 0.0 0.0 0.0
3511 2063.729736328125 1268.0235595703125 10.49145461346393 0.0 0.0 0.0 0.0 0.0 0.0 0.0
3540 2071.37744140625 1219.5889282226562 10.556741430837462 0.0 0.0 0.0 0.0 0.0 0.0 0.0
3571 2086.672607421875 1148.2115478515625 11.45501675195402 0.0 0.0 0.0 0.0 0.0 0.0 0.0
3601 2104.516845703125 1094.6785278320312 13.37623807846552 0.0 0.0 0.0 0.0 0.0 0.0 0.0
3633 2124.910400390625 1041.1455078125 15.429524926635793 0.0 0.0 0.0 0.0 0.0 0.0 0.0
3665 2135.107177734375 1008.0060424804688 15.944763889901935 0.0 0.0 0.0 0.0 0.0 0.0 0.0
3697 2140.20556640625 982.5140991210938 15.628503502484193 0.0 0.0 0.0 0.0 0.0 0.0 0.0
3731 2145.303955078125 962.12060546875 15.653074035146346 0.0 0.0 0.0 0.0 0.0 0.0 0.0
3761 2150.40234375 941.72705078125 15.675356773159592 0.0 0.0 0.0 0.0 0.0 0.0 0.0
3798 2155.500732421875 926.431884765625 16.015169712940065 0.0 0.0 0.0 0.0 0.0 0.0 0.0
3826 2155.500732421875 916.2351684570312 15.342425703467143 0.0 0.0 0.0 0.0 0.0 0.0 0.0
3853 2155.500732421875 916.2351684570312 15.342427264961202 0.0 0.0 0.0 0.0 0.0 0.0 0.0
4060 2155.500732421875 951.923828125 18.181479608257916 0.0 0.0 0.0 0.0 0.0 0.0 0.0
4089 2158.0498046875 1033.4979248046875 29.658545906398558 0.0 0.0 0.0 0.0 0.0 0.0 0.0
4119 2163.148193359375 1132.9164428710938 53.16229929432717 0.0 0.0 0.0 0.0 0.0 0.0 0.0
4148 2168.24658203125 1201.7445678710938 72.35142642169217 0.0 0.0 0.0 0.0 0.0 0.0 0.0
4177 2170.7958984375 1257.8267822265625 88.43953278874437 0.0 0.0 0.0 0.0 0.0 0.0 0.0
4206 2173.344970703125 1303.7122802734375 101.23317004764147 0.0 0.0 0.0 0.0 0.0 0.0 0.0
4235 2168.24658203125 1344.499267578125 112.60666775916624 0.0 0.0 0.0 0.0 0.0 0.0 0.0
4265 2158.0498046875 1380.18798828125 122.80096384714199 0.0 0.0 0.0 0.0 0.0 0.0 0.0
4293 2152.951416015625 1403.1307373046875 128.8622894482525 0.0 0.0 0.0 0.0 0.0 0.0 0.0
4323 2147.85302734375 1423.5242919921875 134.10875573241978 0.0 0.0 0.0 0.0 0.0 0.0 0.0
4350 2147.85302734375 1428.6226806640625 135.15821543146927 0.0 0.0 0.0 0.0 0.0 0.0 0.0
4378 2142.754638671875 1433.720947265625 137.1979783055967 0.0 0.0 0.0 0.0 0.0 0.0 0.0
4407 2142.754638671875 1446.4669189453125 139.62184963743306 0.0 0.0 0.0 0.0 0.0 0.0 0.0
4436 2137.65625 1459.212890625 143.0082031083322 0.0 0.0 0.0 0.0 0.0 0.0 0.0
4466 2132.557861328125 1474.508056640625 146.681540541875 0.0 0.0 0.0 0.0 0.0 0.0 0.0
4497 2127.459716796875 1494.901611328125 150.88958403080593 0.0 0.0 0.0 0.0 0.0 0.0 0.0
4527 2127.459716796875 1515.295166015625 153.61944775151127 0.0 0.0 0.0 0.0 0.0 0.0 0.0
4557 2127.459716796875 1550.9837646484375 157.74609584043333 0.0 0.0 0.0 0.0 0.0 0.0 0.0
4588 2122.361328125 1584.123291015625 162.25359379528584 0.0 0.0 0.0 0.0 0.0 0.0 0.0
4617 2122.361328125 1609.615234375 164.4149325220165 0.0 0.0 0.0 0.0 0.0 0.0 0.0
4646 2122.361328125 1624.910400390625 165.6241063806474 0.0 0.0 0.0 0.0 0.0 0.0 0.0
4675 2122.361328125 1640.20556640625 166.75133301361555 0.0 0.0 0.0 0.0 0.0 0.0 0.0
4706 2122.361328125 1645.303955078125 167.11811922330247 0.0 0.0 0.0 0.0 0.0 0.0 0.0
4738 2122.361328125 1647.85302734375 167.29932349287762 0.0 0.0 0.0 0.0 0.0 0.0 0.0
4767 2122.361328125 1652.951416015625 167.65305446047137 0.0 0.0 0.0 0.0 0.0 0.0 0.0
4799 2122.361328125 1663.148193359375 168.3276586974246 0.0 0.0 0.0 0.0 0.0 0.0 0.0
4832 2117.262939453125 1683.541748046875 170.84544114570906 0.0 0.0 0.0 0.0 0.0 0.0 0.0
4860 2112.16455078125 1698.8369140625 172.9407985411025 0.0 0.0 0.0 0.0 0.0 0.0 0.0
4888 2112.16455078125 1703.935302734375 173.15880449771709 0.0 0.0 0.0 0.0 0.0 0.0 0.0
4916 2112.16455078125 1709.03369140625 173.37152758400387 0.0 0.0 0.0 0.0 0.0 0.0 0.0
4945 2107.066162109375 1716.6812744140625 175.0596281471362 0.0 0.0 0.0 0.0 0.0 0.0 0.0
4974 2107.066162109375 1721.7796630859375 175.2260809032652 0.0 0.0 0.0 0.0 0.0 0.0 0.0
5005 2107.066162109375 1734.525634765625 175.6177060432169 0.0 0.0 0.0 0.0 0.0 0.0 0.0
5034 2101.9677734375 1752.3699951171875 177.44387344078245 0.0 0.0 0.0 0.0 0.0 0.0 0.0
5062 2096.869384765625 1765.1158447265625 179.06011975635488 0.0 0.0 0.0 0.0 0.0 0.0 0.0
5090 2096.869384765625 1767.6650390625 179.09484613074898 0.0 0.0 0.0 0.0 0.0 0.0 0.0
5241 2091.77099609375 1754.9190673828125 180.44818529600855 0.0 0.0 0.0 0.0 0.0 0.0 0.0
5272 2053.5330810546875 1703.935302734375 194.23745102932025 0.0 0.0 0.0 0.0 0.0 0.0 0.0
5301 1987.2540283203125 1586.6724853515625 235.55596689124178 0.0 0.0 0.0 0.0 0.0 0.0 0.0
5330 1920.97509765625 1441.3685302734375 278.16513771729007 0.0 0.0 0.0 0.0 0.0 0.0 0.0
5358 1885.286376953125 1349.59765625 297.54689348188265 0.0 0.0 0.0 0.0 0.0 0.0 0.0
5388 1864.892822265625 1275.671142578125 310.41068005258154 0.0 0.0 0.0 0.0 0.0 0.0 0.0
5417 1831.75341796875 1186.449462890625 320.2191233351224 0.0 0.0 0.0 0.0 0.0 0.0 0.0
5448 1790.96630859375 1104.8753051757812 324.88334243898913 0.0 0.0 0.0 0.0 0.0 0.0 0.0
5479 1750.1793212890625 1036.047119140625 326.6715149058691 0.0 0.0 0.0 0.0 0.0 0.0 0.0
5515 1709.3922119140625 982.5140991210938 326.1423985542497 0.0 0.0 0.0 0.0 0.0 0.0 0.0
5556 1671.154296875 939.1778564453125 324.8752578953162 0.0 0.0 0.0 0.0 0.0 0.0 0.0
5590 1645.6624755859375 906.0383911132812 324.7742925441075 0.0 0.0 0.0 0.0 0.0 0.0 0.0
5619 1630.3673095703125 880.5464477539062 325.55596717529767 0.0 0.0 0.0 0.0 0.0 0.0 0.0
5650 1620.1705322265625 857.603759765625 326.9089290114733 0.0 0.0 0.0 0.0 0.0 0.0 0.0
5680 1615.0721435546875 847.406982421875 327.35405551691633 0.0 0.0 0.0 0.0 0.0 0.0 0.0
5978 1617.621337890625 852.50537109375 327.1251141562637 0.0 0.0 0.0 0.0 0.0 0.0 0.0
6010 1622.7197265625 883.0956420898438 322.7877818509588 0.0 0.0 0.0 0.0 0.0 0.0 0.0
6040 1627.818115234375 946.825439453125 309.2070382991186 0.0 0.0 0.0 0.0 0.0 0.0 0.0
6071 1630.3673095703125 1018.2028198242188 289.8651357248237 0.0 0.0 0.0 0.0 0.0 0.0 0.0
6104 1632.91650390625 1089.5801391601562 269.2205978858989 0.0 0.0 0.0 0.0 0.0 0.0 0.0
6134 1635.4656982421875 1148.2115478515625 253.0746784302949 0.0 0.0 0.0 0.0 0.0 0.0 0.0
6168 1638.014892578125 1199.1953735351562 240.30292186620338 0.0 0.0 0.0 0.0 0.0 0.0 0.0
6202 1638.014892578125 1239.982421875 231.47923718447635 0.0 0.0 0.0 0.0 0.0 0.0 0.0
6234 1632.91650390625 1278.2203369140625 225.1055566630152 0.0 0.0 0.0 0.0 0.0 0.0 0.0
6267 1612.52294921875 1311.35986328125 223.23654399235218 0.0 0.0 0.0 0.0 0.0 0.0 0.0
6300 1602.326171875 1357.2452392578125 217.91957805053866 0.0 0.0 0.0 0.0 0.0 0.0 0.0
6331 1592.12939453125 1390.384765625 215.17873624433682 0.0 0.0 0.0 0.0 0.0 0.0 0.0
6361 1592.12939453125 1433.720947265625 209.48462165940188 0.0 0.0 0.0 0.0 0.0 0.0 0.0
6392 1581.9326171875 1477.0572509765625 206.9061110815166 0.0 0.0 0.0 0.0 0.0 0.0 0.0
6421 1576.834228515625 1507.6475830078125 204.85251472644148 0.0 0.0 0.0 0.0 0.0 0.0 0.0
6451 1571.73583984375 1530.59033203125 203.76833348811684 0.0 0.0 0.0 0.0 0.0 0.0 0.0
6482 1566.637451171875 1553.532958984375 202.79568028850994 0.0 0.0 0.0 0.0 0.0 0.0 0.0
6513 1561.5390625 1576.4757080078125 201.92326124515216 0.0 0.0 0.0 0.0 0.0 0.0 0.0
6542 1561.5390625 1594.320068359375 200.3240224952055 0.0 0.0 0.0 0.0 0.0 0.0 0.0
6573 1551.34228515625 1607.0660400390625 201.80504503138593 0.0 0.0 0.0 0.0 0.0 0.0 0.0
6602 1546.243896484375 1622.3612060546875 201.69323374479393 0.0 0.0 0.0 0.0 0.0 0.0 0.0
6630 1541.1456298828125 1637.6563720703125 201.5896655536498 0.0 0.0 0.0 0.0 0.0 0.0 0.0
6658 1530.9488525390625 1650.4022216796875 202.9806526797513 0.0 0.0 0.0 0.0 0.0 0.0 0.0
6689 1525.8504638671875 1663.148193359375 203.02344431554823 0.0 0.0 0.0 0.0 0.0 0.0 0.0
6722 1515.6536865234375 1673.344970703125 204.5702490738396 0.0 0.0 0.0 0.0 0.0 0.0 0.0
6754 1510.5552978515625 1683.541748046875 204.77517429418617 0.0 0.0 0.0 0.0 0.0 0.0 0.0
6787 1500.3585205078125 1696.2877197265625 205.9371830892025 0.0 0.0 0.0 0.0 0.0 0.0 0.0
6816 1490.1617431640625 1709.03369140625 207.01491743610325 0.0 0.0 0.0 0.0 0.0 0.0 0.0
6844 1485.0633544921875 1726.8780517578125 206.24399205020256 0.0 0.0 0.0 0.0 0.0 0.0 0.0
6874 1479.9649658203125 1734.525634765625 206.6460742896999 0.0 0.0 0.0 0.0 0.0 0.0 0.0
6905 1479.9649658203125 1734.525634765625 206.64608351680496 0.0 0.0 0.0 0.0 0.0 0.0 0.0
7136 1479.9649658203125 1729.42724609375 207.26490575801319 0.0 0.0 0.0 0.0 0.0 0.0 0.0
7165 1487.612548828125 1711.5828857421875 207.49938711677225 0.0 0.0 0.0 0.0 0.0 0.0 0.0
7194 1497.809326171875 1675.8941650390625 209.6572178222933 0.0 0.0 0.0 0.0 0.0 0.0 0.0
7224 1518.202880859375 1619.81201171875 212.89701220321365 0.0 0.0 0.0 0.0 0.0 0.0 0.0
7254 1556.440673828125 1502.5491943359375 231.48798667704756 0.0 0.0 0.0 0.0 0.0 0.0 0.0
7283 1612.52294921875 1359.79443359375 278.5631014517225 0.0 0.0 0.0 0.0 0.0 0.0 0.0
7313 1660.95751953125 1265.474365234375 309.53763101198945 0.0 0.0 0.0 0.0 0.0 0.0 0.0
7341 1706.843017578125 1196.6461791992188 331.1464106799661 0.0 0.0 0.0 0.0 0.0 0.0 0.0
7373 1742.53173828125 1122.7196655273438 346.5788946591179 0.0 0.0 0.0 0.0 0.0 0.0 0.0
7402 1773.1219482421875 1053.8914794921875 356.92726173065375 0.0 0.0 0.0 0.0 0.0 0.0 0.0
7432 1790.96630859375 1005.4568481445312 1.9563765246483626 0.0 0.0 0.0 0.0 0.0 0.0 0.0
7461 1803.7122802734375 957.022216796875 4.843322984112945 0.0 0.0 0.0 0.0 0.0 0.0 0.0
7492 1816.458251953125 900.9400024414062 7.009023258985394 0.0 0.0 0.0 0.0 0.0 0.0 0.0
7525 1829.2042236328125 855.0545654296875 8.977272198313244 0.0 0.0 0.0 0.0 0.0 0.0 0.0
7555 1844.4993896484375 816.8167114257812 11.442215758041868 0.0 0.0 0.0 0.0 0.0 0.0 0.0
7583 1859.7945556640625 783.6771850585938 13.744770081376998 0.0 0.0 0.0 0.0 0.0 0.0 0.0
7614 1872.5404052734375 747.988525390625 14.96597517380394 0.0 0.0 0.0 0.0 0.0 0.0 0.0
7642 1880.18798828125 737.791748046875 16.339011621105158 0.0 0.0 0.0 0.0 0.0 0.0 0.0
7670 1880.18798828125 732.693359375 15.98690145344824 0.0 0.0 0.0 0.0 0.0 0.0 0.0
7756 1882.7371826171875 732.693359375 16.68393456026331 0.0 0.0 0.0 0.0 0.0 0.0 0.0
7995 1890.384765625 742.89013671875 19.625410525090615 0.0 0.0 0.0 0.0 0.0 0.0 0.0
8027 1908.2291259765625 781.1279907226562 29.108476424011428 0.0 0.0 0.0 0.0 0.0 0.0 0.0
8057 1938.8194580078125 888.1940307617188 61.2331148948349 0.0 0.0 0.0 0.0 0.0 0.0 0.0
8086 1954.1146240234375 1008.0060424804688 96.86713180661258 0.0 0.0 0.0 0.0 0.0 0.0 0.0
8115 1964.3114013671875 1115.0720825195312 122.33300556846694 0.0 0.0 0.0 0.0 0.0 0.0 0.0
8143 1979.6064453125 1214.4905395507812 138.65012781019715 0.0 0.0 0.0 0.0 0.0 0.0 0.0
8173 2000.0 1298.6138916015625 147.39201475238167 0.0 0.0 0.0 0.0 0.0 0.0 0.0
8204 2020.3935546875 1362.3436279296875 151.5204746449695 0.0 0.0 0.0 0.0 0.0 0.0 0.0
8234 2043.3363037109375 1410.7783203125 152.5632460734397 0.0 0.0 0.0 0.0 0.0 0.0 0.0
8263 2061.1806640625 1459.212890625 154.4005245362129 0.0 0.0 0.0 0.0 0.0 0.0 0.0
8293 2079.02490234375 1502.5491943359375 155.35309142888812 0.0 0.0 0.0 0.0 0.0 0.0 0.0
8323 2094.320068359375 1545.8853759765625 156.65698220239366 0.0 0.0 0.0 0.0 0.0 0.0 0.0
8351 2104.516845703125 1586.6724853515625 158.56857869517543 0.0 0.0 0.0 0.0 0.0 0.0 0.0
8381 2112.16455078125 1612.1644287109375 159.33220723278902 0.0 0.0 0.0 0.0 0.0 0.0 0.0
8408 2119.81201171875 1630.0087890625 159.27301988525437 0.0 0.0 0.0 0.0 0.0 0.0 0.0
8438 2124.910400390625 1645.303955078125 159.57845656868994 0.0 0.0 0.0 0.0 0.0 0.0 0.0
8467 2132.557861328125 1660.5989990234375 159.24477508583155 0.0 0.0 0.0 0.0 0.0 0.0 0.0
8498 2140.20556640625 1675.8941650390625 158.93698508207055 0.0 0.0 0.0 0.0 0.0 0.0 0.0
8530 2147.85302734375 1691.1893310546875 158.6531645286293 0.0 0.0 0.0 0.0 0.0 0.0 0.0
8560 2158.0498046875 1706.4844970703125 157.78418965516204 0.0 0.0 0.0 0.0 0.0 0.0 0.0
8588 2168.24658203125 1721.7796630859375 156.986670268647 0.0 0.0 0.0 0.0 0.0 0.0 0.0
8617 2173.344970703125 1729.42724609375 156.60503889778653 0.0 0.0 0.0 0.0 0.0 0.0 0.0
8646 2180.99267578125 1739.6240234375 155.92100281386405 0.0 0.0 0.0 0.0 0.0 0.0 0.0
8677 2188.64013671875 1749.82080078125 155.27685427537943 0.0 0.0 0.0 0.0 0.0 0.0 0.0
8708 2193.738525390625 1754.9190673828125 154.6534174773947 0.0 0.0 0.0 0.0 0.0 0.0 0.0
8744 2196.287841796875 1757.46826171875 154.3468935991838 0.0 0.0 0.0 0.0 0.0 0.0 0.0
8778 2198.8369140625 1760.0174560546875 154.04550868722163 0.0 0.0 0.0 0.0 0.0 0.0 0.0
8809 2201.38623046875 1762.566650390625 153.74910413278693 0.0 0.0 0.0 0.0 0.0 0.0 0.0
8860 2203.935302734375 1765.1158447265625 153.4577428563025 0.0 0.0 0.0 0.0 0.0 0.0 0.0
9027 2206.484619140625 1765.1158447265625 152.82721165584127 0.0 0.0 0.0 0.0 0.0 0.0 0.0
9060 2229.42724609375 1734.525634765625 142.25188402787808 0.0 0.0 0.0 0.0 0.0 0.0 0.0
9090 2254.919189453125 1675.8941650390625 124.07411823192109 0.0 0.0 0.0 0.0 0.0 0.0 0.0
9121 2275.312744140625 1604.516845703125 102.66690075263853 0.0 0.0 0.0 0.0 0.0 0.0 0.0
9155 2298.25537109375 1535.688720703125 83.94561570957882 0.0 0.0 0.0 0.0 0.0 0.0 0.0
9208 2333.944091796875 1446.4669189453125 65.49711940551117 0.0 0.0 0.0 0.0 0.0 0.0 0.0
9216 2405.321533203125 1316.458251953125 50.839749038221214 0.0 0.0 0.0 0.0 0.0 0.0 0.0
9246 2504.739990234375 1173.7034912109375 44.313410026680344 0.0 0.0 0.0 0.0 0.0 0.0 0.0
9276 2583.764892578125 1064.0882568359375 41.644773278127445 0.0 0.0 0.0 0.0 0.0 0.0 0.0
9306 2644.945556640625 979.9649047851562 40.367987994785835 0.0 0.0 0.0 0.0 0.0 0.0 0.0
9335 2683.183349609375 928.9810791015625 39.97445304776181 0.0 0.0 0.0 0.0 0.0 0.0 0.0
9366 2718.8720703125 893.2924194335938 41.344984759041495 0.0 0.0 0.0 0.0 0.0 0.0 0.0
9393 2746.9130859375 875.4480590820312 43.86141607951549 0.0 0.0 0.0 0.0 0.0 0.0 0.0
9422 2769.85595703125 855.0545654296875 44.69712579247903 0.0 0.0 0.0 0.0 0.0 0.0 0.0
9451 2797.89697265625 829.5626220703125 45.46608769424245 0.0 0.0 0.0 0.0 0.0 0.0 0.0
9482 2810.642822265625 809.1691284179688 44.24025966134252 0.0 0.0 0.0 0.0 0.0 0.0 0.0
9514 2820.839599609375 786.2263793945312 42.232845536700665 0.0 0.0 0.0 0.0 0.0 0.0 0.0
9544 2825.93798828125 770.9312133789062 40.6462391355642 0.0 0.0 0.0 0.0 0.0 0.0 0.0
9574 2833.585693359375 758.185302734375 40.112393012307166 0.0 0.0 0.0 0.0 0.0 0.0 0.0
9601 2833.585693359375 750.5377197265625 38.81173594386917 0.0 0.0 0.0 0.0 0.0 0.0 0.0
9652 2836.134765625 750.5377197265625 39.38354818332789 0.0 0.0 0.0 0.0 0.0 0.0 0.0
9890 2838.68408203125 763.28369140625 42.271151233462035 0.0 0.0 0.0 0.0 0.0 0.0 0.0
9921 2851.429931640625 824.4642333984375 59.00074428825218 0.0 0.0 0.0 0.0 0.0 0.0 0.0
9951 2859.07763671875 923.8827514648438 88.48355627488462 0.0 0.0 0.0 0.0 0.0 0.0 0.0
9981 2869.2744140625 1041.1455078125 118.23449146207352 0.0 0.0 0.0 0.0 0.0 0.0 0.0
10013 2884.5693359375 1150.7607421875 137.26645939517246 0.0 0.0 0.0 0.0 0.0 0.0 0.0
10044 2897.3154296875 1237.4332275390625 147.994046521943 0.0 0.0 0.0 0.0 0.0 0.0 0.0
10110 2915.15966796875 1321.556640625 154.47014453720047 0.0 0.0 0.0 0.0 0.0 0.0 0.0
10161 2930.454833984375 1436.2701416015625 161.64000693585095 0.0 0.0 0.0 0.0 0.0 0.0 0.0
10193 2935.55322265625 1497.4508056640625 165.21549316615136 0.0 0.0 0.0 0.0 0.0 0.0 0.0
10222 2938.1025390625 1540.7869873046875 167.54652694661206 0.0 0.0 0.0 0.0 0.0 0.0 0.0
10251 2940.651611328125 1568.828125 168.6554946060014 0.0 0.0 0.0 0.0 0.0 0.0 0.0
10280 2940.651611328125 1589.2216796875 169.85476028780568 0.0 0.0 0.0 0.0 0.0 0.0 0.0
10309 2945.75 1601.9676513671875 169.23512784129335 0.0 0.0 0.0 0.0 0.0 0.0 0.0
10337 2945.75 1612.1644287109375 169.83568727789196 0.0 0.0 0.0 0.0 0.0 0.0 0.0
10366 2948.29931640625 1627.4595947265625 170.01730594507438 0.0 0.0 0.0 0.0 0.0 0.0 0.0
10393 2950.848388671875 1650.4022216796875 170.57898671360817 0.0 0.0 0.0 0.0 0.0 0.0 0.0
10423 2953.397705078125 1678.443359375 171.32000075893347 0.0 0.0 0.0 0.0 0.0 0.0 0.0
10451 2953.397705078125 1706.4844970703125 172.59607164261786 0.0 0.0 0.0 0.0 0.0 0.0 0.0
10480 2953.397705078125 1729.42724609375 173.53494838832924 0.0 0.0 0.0 0.0 0.0 0.0 0.0
10510 2953.397705078125 1744.722412109375 174.11733632580035 0.0 0.0 0.0 0.0 0.0 0.0 0.0
10540 2953.397705078125 1747.2716064453125 174.21320809255442 0.0 0.0 0.0 0.0 0.0 0.0 0.0
10569 2953.397705078125 1749.82080078125 174.30791011308392 0.0 0.0 0.0 0.0 0.0 0.0 0.0
10599 2953.397705078125 1757.46826171875 174.58169862179375 0.0 0.0 0.0 0.0 0.0 0.0 0.0
10633 2953.397705078125 1770.2142333984375 175.01122921301254 0.0 0.0 0.0 0.0 0.0 0.0 0.0
10668 2953.397705078125 1788.05859375 175.56417724754124 0.0 0.0 0.0 0.0 0.0 0.0 0.0
10701 2948.29931640625 1795.7061767578125 177.17800271402294 0.0 0.0 0.0 0.0 0.0 0.0 0.0
10732 2948.29931640625 1795.7061767578125 177.17798282534193 0.0 0.0 0.0 0.0 0.0 0.0 0.0
10820 2943.200927734375 1798.25537109375 178.6581651987931 0.0 0.0 0.0 0.0 0.0 0.0 0.0
10853 2940.651611328125 1798.25537109375 179.37859296440746 0.0 0.0 0.0 0.0 0.0 0.0 0.0
10884 2927.90576171875 1785.5093994140625 183.06148035575382 0.0 0.0 0.0 0.0 0.0 0.0 0.0
10916 2889.667724609375 1742.1732177734375 196.80463434824972 0.0 0.0 0.0 0.0 0.0 0.0 0.0
10949 2813.192138671875 1647.85302734375 233.63050952526248 0.0 0.0 0.0 0.0 0.0 0.0 0.0
10983 2723.970458984375 1545.8853759765625 266.47899278038307 0.0 0.0 0.0 0.0 0.0 0.0 0.0
11018 2660.24072265625 1471.9588623046875 283.5514470260836 0.0 0.0 0.0 0.0 0.0 0.0 0.0
11050 2578.66650390625 1359.79443359375 300.54973861997513 0.0 0.0 0.0 0.0 0.0 0.0 0.0
11084 2486.8955078125 1229.78564453125 311.99948900096285 0.0 0.0 0.0 0.0 0.0 0.0 0.0
11118 2435.911865234375 1148.2115478515625 317.72383489916115 0.0 0.0 0.0 0.0 0.0 0.0 0.0
11152 2387.47705078125 1079.3834228515625 320.36106089053567 0.0 0.0 0.0 0.0 0.0 0.0 0.0
11184 2354.337646484375 1030.9487915039062 321.9569725156156 0.0 0.0 0.0 0.0 0.0 0.0 0.0
11217 2331.39501953125 997.8092651367188 322.8195576725533 0.0 0.0 0.0 0.0 0.0 0.0 0.0
11246 2316.099853515625 974.8665771484375 323.4591911586804 0.0 0.0 0.0 0.0 0.0 0.0 0.0
11279 2295.706298828125 946.825439453125 323.8050941120121 0.0 0.0 0.0 0.0 0.0 0.0 0.0
11311 2265.115966796875 908.5875854492188 323.68608065001814 0.0 0.0 0.0 0.0 0.0 0.0 0.0
11343 2249.82080078125 880.5464477539062 324.9840066690602 0.0 0.0 0.0 0.0 0.0 0.0 0.0
11373 2239.6240234375 865.2513427734375 325.24840791193293 0.0 0.0 0.0 0.0 0.0 0.0 0.0
11404 2234.525634765625 844.8577880859375 327.32992510167634 0.0 0.0 0.0 0.0 0.0 0.0 0.0
11433 2224.328857421875 824.4642333984375 328.13327135131937 0.0 0.0 0.0 0.0 0.0 0.0 0.0
11461 2219.23046875 811.7183227539062 328.88525895085064 0.0 0.0 0.0 0.0 0.0 0.0 0.0
11491 2209.03369140625 793.8739624023438 329.1820506340543 0.0 0.0 0.0 0.0 0.0 0.0 0.0
11522 2209.03369140625 786.2263793945312 330.3136098936478 0.0 0.0 0.0 0.0 0.0 0.0 0.0
11551 2209.03369140625 778.5787963867188 331.40967861556464 0.0 0.0 0.0 0.0 0.0 0.0 0.0
11579 2203.935302734375 768.3820190429688 331.6162269395109 0.0 0.0 0.0 0.0 0.0 0.0 0.0
11607 2198.8369140625 768.3820190429688 330.3861314201474 0.0 0.0 0.0 0.0 0.0 0.0 0.0
11633 2198.8369140625 763.28369140625 331.1230531639971 0.0 0.0 0.0 0.0 0.0 0.0 0.0
11850 2198.8369140625 765.8328247070312 330.75061423364735 0.0 0.0 0.0 0.0 0.0 0.0 0.0
11890 2173.344970703125 842.30859375 308.5456074355221 0.0 0.0 0.0 0.0 0.0 0.0 0.0
11921 2152.951416015625 934.0794677734375 280.9481646171635 0.0 0.0 0.0 0.0 0.0 0.0 0.0
11949 2137.65625 1015.6536254882812 258.89255149110414 0.0 0.0 0.0 0.0 0.0 0.0 0.0
11979 2132.557861328125 1081.9326171875 242.97013603152 0.0 0.0 0.0 0.0 0.0 0.0 0.0
12009 2127.459716796875 1140.56396484375 231.23834215703005 0.0 0.0 0.0 0.0 0.0 0.0 0.0
12054 2127.459716796875 1196.6461791992188 221.14158873455085 0.0 0.0 0.0 0.0 0.0 0.0 0.0
12081 2122.361328125 1237.4332275390625 215.8747359609555 0.0 0.0 0.0 0.0 0.0 0.0 0.0
12116 2112.16455078125 1283.3187255859375 211.87513648514334 0.0 0.0 0.0 0.0 0.0 0.0 0.0
12146 2089.2216796875 1336.8516845703125 210.35306043934094 0.0 0.0 0.0 0.0 0.0 0.0 0.0
12174 2068.828125 1387.8355712890625 208.92609107852616 0.0 0.0 0.0 0.0 0.0 0.0 0.0
12205 2043.3363037109375 1443.917724609375 208.31318148685284 0.0 0.0 0.0 0.0 0.0 0.0 0.0
12235 2017.8443603515625 1474.508056640625 210.49452492223224 0.0 0.0 0.0 0.0 0.0 0.0 0.0
12264 2002.5491943359375 1507.6475830078125 209.9045752740916 0.0 0.0 0.0 0.0 0.0 0.0 0.0
12292 1987.2540283203125 1535.688720703125 209.98076365264396 0.0 0.0 0.0 0.0 0.0 0.0 0.0
12323 1971.9588623046875 1558.63134765625 210.6466005150412 0.0 0.0 0.0 0.0 0.0 0.0 0.0
12352 1956.663818359375 1581.5740966796875 211.23285319256985 0.0 0.0 0.0 0.0 0.0 0.0 0.0
12380 1946.467041015625 1607.0660400390625 210.3301267656649 0.0 0.0 0.0 0.0 0.0 0.0 0.0
12409 1936.270263671875 1624.910400390625 210.44694135571172 0.0 0.0 0.0 0.0 0.0 0.0 0.0
12438 1931.171875 1635.107177734375 210.33889885676794 0.0 0.0 0.0 0.0 0.0 0.0 0.0
12468 1926.073486328125 1652.951416015625 209.29288845895923 0.0 0.0 0.0 0.0 0.0 0.0 0.0
12497 1915.876708984375 1668.24658203125 209.81215491835405 0.0 0.0 0.0 0.0 0.0 0.0 0.0
12526 1910.7783203125 1680.9925537109375 209.42197679515488 0.0 0.0 0.0 0.0 0.0 0.0 0.0
12587 1895.483154296875 1714.132080078125 208.9956325300535 0.0 0.0 0.0 0.0 0.0 0.0 0.0
12617 1890.384765625 1729.42724609375 208.3556811732738 0.0 0.0 0.0 0.0 0.0 0.0 0.0
12646 1885.286376953125 1734.525634765625 208.98156479177135 0.0 0.0 0.0 0.0 0.0 0.0 0.0
12676 1875.089599609375 1749.82080078125 209.52660099937918 0.0 0.0 0.0 0.0 0.0 0.0 0.0
12707 1864.892822265625 1762.566650390625 210.34197102141115 0.0 0.0 0.0 0.0 0.0 0.0 0.0
12740 1849.5977783203125 1775.3126220703125 212.24973336892594 0.0 0.0 0.0 0.0 0.0 0.0 0.0
12771 1834.3026123046875 1788.05859375 213.99517270927032 0.0 0.0 0.0 0.0 0.0 0.0 0.0
12802 1824.1058349609375 1795.7061767578125 215.21464778424382 0.0 0.0 0.0 0.0 0.0 0.0 0.0
12831 1819.0074462890625 1798.25537109375 216.0033438658449 0.0 0.0 0.0 0.0 0.0 0.0 0.0
12884 1816.458251953125 1798.25537109375 216.59583162579358 0.0 0.0 0.0 0.0 0.0 0.0 0.0
12962 1796.064697265625 1754.9190673828125 229.66474938782588 0.0 0.0 0.0 0.0 0.0 0.0 0.0
12994 1755.2777099609375 1675.8941650390625 255.22272425685068 0.0 0.0 0.0 0.0 0.0 0.0 0.0
13025 1719.5889892578125 1571.3773193359375 283.30361277858066 0.0 0.0 0.0 0.0 0.0 0.0 0.0
13057 1709.3922119140625 1487.2540283203125 302.63452671314997 0.0 0.0 0.0 0.0 0.0 0.0 0.0
13087 1714.4906005859375 1413.3275146484375 318.28489283372704 0.0 0.0 0.0 0.0 0.0 0.0 0.0
13119 1717.039794921875 1303.7122802734375 333.7243359329765 0.0 0.0 0.0 0.0 0.0 0.0 0.0
13153 1711.94140625 1158.4083251953125 344.60140005841794 0.0 0.0 0.0 0.0 0.0 0.0 0.0
13183 1701.74462890625 1053.8914794921875 348.5833601604272 0.0 0.0 0.0 0.0 0.0 0.0 0.0
13212 1701.74462890625 997.8092651367188 351.44928544515324 0.0 0.0 0.0 0.0 0.0 0.0 0.0
13241 1696.646240234375 946.825439453125 352.3963388732636 0.0 0.0 0.0 0.0 0.0 0.0 0.0
13272 1691.5478515625 908.5875854492188 352.69427266429597 0.0 0.0 0.0 0.0 0.0 0.0 0.0
13301 1686.449462890625 875.4480590820312 352.75293732530673 0.0 0.0 0.0 0.0 0.0 0.0 0.0
13330 1686.449462890625 852.50537109375 353.6760273316946 0.0 0.0 0.0 0.0 0.0 0.0 0.0
13359 1681.35107421875 814.2675170898438 353.76926685283314 0.0 0.0 0.0 0.0 0.0 0.0 0.0
13388 1676.252685546875 765.8328247070312 354.171455567412 0.0 0.0 0.0 0.0 0.0 0.0 0.0
13416 1676.252685546875 737.791748046875 355.10371233032777 0.0 0.0 0.0 0.0 0.0 0.0 0.0
13445 1676.252685546875 722.49658203125 355.57670223564946 0.0 0.0 0.0 0.0 0.0 0.0 0.0
13473 1676.252685546875 709.7506408691406 355.94766130792345 0.0 0.0 0.0 0.0 0.0 0.0 0.0
13501 1676.252685546875 702.1030578613281 356.16217137973257 0.0 0.0 0.0 0.0 0.0 0.0 0.0
13530 1676.252685546875 697.0046997070312 356.3016805136533 0.0 0.0 0.0 0.0 0.0 0.0 0.0
13561 1676.252685546875 689.3571166992188 356.5033670850359 0.0 0.0 0.0 0.0 0.0 0.0 0.0
13589 1676.252685546875 674.0619506835938 356.87853933812266 0.0 0.0 0.0 0.0 0.0 0.0 0.0
13616 1676.252685546875 666.4143981933594 357.05932456285615 0.0 0.0 0.0 0.0 0.0 0.0 0.0
13644 1676.252685546875 661.3160095214844 357.17689844433625 0.0 0.0 0.0 0.0 0.0 0.0 0.0
13883 1676.252685546875 671.5127563476562 356.9293367895205 0.0 0.0 0.0 0.0 0.0 0.0 0.0
13913 1678.8018798828125 707.2014465332031 356.74944578358054 0.0 0.0 0.0 0.0 0.0 0.0 0.0
13943 1678.8018798828125 755.6361083984375 355.15006049770363 0.0 0.0 0.0 0.0 0.0 0.0 0.0
13972 1681.35107421875 819.3658447265625 353.12763150726136 0.0 0.0 0.0 0.0 0.0 0.0 0.0
14000 1676.252685546875 883.0956420898438 347.14519440225155 0.0 0.0 0.0 0.0 0.0 0.0 0.0
14031 1671.154296875 957.022216796875 336.9928801353877 0.0 0.0 0.0 0.0 0.0 0.0 0.0
14063 1666.055908203125 1038.5963134765625 320.40954622749365 0.0 0.0 0.0 0.0 0.0 0.0 0.0
14092 1655.859130859375 1099.7769165039062 303.9996500083637 0.0 0.0 0.0 0.0 0.0 0.0 0.0
14122 1635.4656982421875 1160.95751953125 285.50278336275966 0.0 0.0 0.0 0.0 0.0 0.0 0.0
14157 1615.0721435546875 1232.3348388671875 265.65976911991453 0.0 0.0 0.0 0.0 0.0 0.0 0.0
14189 1604.8753662109375 1293.5155029296875 250.42587042704508 0.0 0.0 0.0 0.0 0.0 0.0 0.0
14217 1589.5802001953125 1339.40087890625 241.3942120346682 0.0 0.0 0.0 0.0 0.0 0.0 0.0
14246 1574.2850341796875 1390.384765625 232.87401292707744 0.0 0.0 0.0 0.0 0.0 0.0 0.0
14276 1564.0882568359375 1428.6226806640625 227.19824735908807 0.0 0.0 0.0 0.0 0.0 0.0 0.0
14312 1553.8914794921875 1461.7620849609375 223.1723014578895 0.0 0.0 0.0 0.0 0.0 0.0 0.0
14341 1553.8914794921875 1489.80322265625 218.43959528641247 0.0 0.0 0.0 0.0 0.0 0.0 0.0
14371 1548.7930908203125 1510.19677734375 216.3597863848537 0.0 0.0 0.0 0.0 0.0 0.0 0.0
14401 1543.6947021484375 1528.0411376953125 214.82280735829391 0.0 0.0 0.0 0.0 0.0 0.0 0.0
14429 1543.6947021484375 1545.8853759765625 212.26691063952478 0.0 0.0 0.0 0.0 0.0 0.0 0.0
14457 1538.596435546875 1558.63134765625 211.7219714162062 0.0 0.0 0.0 0.0 0.0 0.0 0.0
14488 1533.498046875 1573.926513671875 210.88348973406758 0.0 0.0 0.0 0.0 0.0 0.0 0.0
14516 1523.30126953125 1594.320068359375 210.63418222654371 0.0 0.0 0.0 0.0 0.0 0.0 0.0
14545 1518.202880859375 1612.1644287109375 209.56384206782977 0.0 0.0 0.0 0.0 0.0 0.0 0.0
14577 1513.1044921875 1630.0087890625 208.58175152604164 0.0 0.0 0.0 0.0 0.0 0.0 0.0
14609 1508.006103515625 1642.7547607421875 208.269377076578 0.0 0.0 0.0 0.0 0.0 0.0 0.0
14638 1502.90771484375 1652.951416015625 208.2773320435466 0.0 0.0 0.0 0.0 0.0 0.0 0.0
14666 1497.809326171875 1660.5989990234375 208.59199796256348 0.0 0.0 0.0 0.0 0.0 0.0 0.0
14696 1492.7109375 1665.6973876953125 209.21014215078173 0.0 0.0 0.0 0.0 0.0 0.0 0.0
14725 1492.7109375 1670.7957763671875 208.56200069132194 0.0 0.0 0.0 0.0 0.0 0.0 0.0
14780 1492.7109375 1673.344970703125 208.24153982248305 0.0 0.0 0.0 0.0 0.0 0.0 0.0
14810 1492.7109375 1675.8941650390625 207.92465225126747 0.0 0.0 0.0 0.0 0.0 0.0 0.0
14840 1487.612548828125 1678.443359375 208.88159470489035 0.0 0.0 0.0 0.0 0.0 0.0 0.0
14977 1485.0633544921875 1678.443359375 209.52019882323907 0.0 0.0 0.0 0.0 0.0 0.0 0.0