0 2000.0 1500.0 0 0.0 0.0 0.0 0.0 0.0 0.0 0.0
2519 2000.0 1500.0 0 0.0 0.0 0.0 0.0 0.0 0.0 0.0
2531 2000.0 1500.0 0 0.0 0.0 0.0 0.0 0.0 0.0 0.0
2549 2000.0 1500.0 0 0.0 0.0 0.0 0.0 0.0 0.0 0.0
2564 2000.0 1500.0 0 0.0 0.0 0.0 0.0 0.0 0.0 0.0
2583 2000.0 1500.0 0 0.0 0.0 0.0 0.0 0.0 0.0 0.0
2598 2000.0 1500.0 0 0.0 0.0 0.0 0.0 0.0 0.0 0.0
2614 2000.0 1500.0 0 0.0 0.0 0.0 0.0 0.0 0.0 0.0
2632 2000.0 1500.0 0 0.0 0.0 0.0 0.0 0.0 0.0 0.0
2661 2000.0 1500.0 0 0.0 0.0 0.0 0.0 0.0 0.0 0.0
2698 2000.0 1500.0 0 0.0 0.0 0.0 0.0 0.0 0.0 0.0
2735 2000.0 1500.0 0 0.0 0.0 0.0 0.0 0.0 0.0 0.0
2749 2000.0 1500.0 0 0.0 0.0 0.0 0.0 0.0 0.0 0.0
2773 2000.0 1500.0 0 0.0 0.0 0.0 0.0 0.0 0.0 0.0
2799 2000.0 1500.0 0 0.0 0.0 0.0 0.0 0.0 0.0 0.0
2813 2000.0 1500.0 0 0.0 0.0 0.0 0.0 0.0 0.0 0.0
2830 2000.0 1500.0 0 0.0 0.0 0.0 0.0 0.0 0.0 0.0
2847 2000.0 1500.0 0 0.0 0.0 0.0 0.0 0.0 0.0 0.0
2862 2000.0 1500.0 0 0.0 0.0 0.0 0.0 0.0 0.0 0.0
2884 2000.0 1500.0 0 0.0 0.0 0.0 0.0 0.0 0.0 0.0
2896 2000.0 1500.0 0 0.0 0.0 0.0 0.0 0.0 0.0 0.0
2912 2000.0 1500.0 0 0.0 0.0 0.0 0.0 0.0 0.0 0.0
2929 2000.0 1500.0 0 0.0 0.0 0.0 0.0 0.0 0.0 0.0
2945 2003.510498046875 1503.5103759765625 2.4702671374516143 0.0 0.0 0.0 0.0 0.0 0.0 0.0
2972 2007.020751953125 1507.020751953125 4.88152645868594 0.0 0.0 0.0 0.0 0.0 0.0 0.0
2979 2007.020751953125 1510.5311279296875 6.827570299620021 0.0 0.0 0.0 0.0 0.0 0.0 0.0
3003 2010.53125 1510.5311279296875 7.228238316145578 0.0 0.0 0.0 0.0 0.0 0.0 0.0
3018 2010.53125 1514.04150390625 9.189678953236196 0.0 0.0 0.0 0.0 0.0 0.0 0.0
3041 2010.53125 1517.5518798828125 11.161475714691377 0.0 0.0 0.0 0.0 0.0 0.0 0.0
3053 2010.53125 1521.062255859375 13.141303356539353 0.0 0.0 0.0 0.0 0.0 0.0 0.0
3070 2014.04150390625 1521.062255859375 13.332521659194825 0.0 0.0 0.0 0.0 0.0 0.0 0.0
3083 2014.04150390625 1524.5726318359375 15.318465298059465 0.0 0.0 0.0 0.0 0.0 0.0 0.0
3096 2017.552001953125 1524.5726318359375 15.436803073842356 0.0 0.0 0.0 0.0 0.0 0.0 0.0
3112 2017.552001953125 1528.0830078125 17.42588250779437 0.0 0.0 0.0 0.0 0.0 0.0 0.0
3129 2017.552001953125 1531.5933837890625 19.41547974704413 0.0 0.0 0.0 0.0 0.0 0.0 0.0
3156 2021.062255859375 1535.103759765625 21.317541253892117 0.0 0.0 0.0 0.0 0.0 0.0 0.0
3180 2021.062255859375 1538.6141357421875 23.301201985606966 0.0 0.0 0.0 0.0 0.0 0.0 0.0
3207 2021.062255859375 1542.12451171875 25.278353488470202 0.0 0.0 0.0 0.0 0.0 0.0 0.0
3221 2021.062255859375 1545.6348876953125 27.246664215498555 0.0 0.0 0.0 0.0 0.0 0.0 0.0
3233 2024.57275390625 1545.6348876953125 26.96574448214311 0.0 0.0 0.0 0.0 0.0 0.0 0.0
3246 2024.57275390625 1549.145263671875 28.924719701297988 0.0 0.0 0.0 0.0 0.0 0.0 0.0
3266 2024.57275390625 1556.166015625 32.7890181351989 0.0 0.0 0.0 0.0 0.0 0.0 0.0
3279 2028.0830078125 1556.166015625 32.32536534478869 0.0 0.0 0.0 0.0 0.0 0.0 0.0
3295 2028.0830078125 1559.6763916015625 34.24363986601821 0.0 0.0 0.0 0.0 0.0 0.0 0.0
3312 2028.0830078125 1566.6971435546875 38.00457465082968 0.0 0.0 0.0 0.0 0.0 0.0 0.0
3334 2028.0830078125 1570.20751953125 39.861880356903114 0.0 0.0 0.0 0.0 0.0 0.0 0.0
3349 2028.0830078125 1573.7178955078125 41.69539183760007 0.0 0.0 0.0 0.0 0.0 0.0 0.0
3363 2028.0830078125 1577.228271484375 43.50360621306986 0.0 0.0 0.0 0.0 0.0 0.0 0.0
3384 2028.0830078125 1580.7386474609375 45.28511470052865 0.0 0.0 0.0 0.0 0.0 0.0 0.0
3406 2024.57275390625 1584.2490234375 47.99233880218924 0.0 0.0 0.0 0.0 0.0 0.0 0.0
3420 2024.57275390625 1587.7593994140625 49.70037285238617 0.0 0.0 0.0 0.0 0.0 0.0 0.0
3456 2024.57275390625 1591.269775390625 51.37779252963446 0.0 0.0 0.0 0.0 0.0 0.0 0.0
3508 2024.57275390625 1594.7801513671875 53.023790610699095 0.0 0.0 0.0 0.0 0.0 0.0 0.0
3531 2021.062255859375 1594.7801513671875 54.17416985103888 0.0 0.0 0.0 0.0 0.0 0.0 0.0
3568 2021.062255859375 1598.29052734375 55.76478838672807 0.0 0.0 0.0 0.0 0.0 0.0 0.0
3580 2021.062255859375 1601.8009033203125 57.32234576518027 0.0 0.0 0.0 0.0 0.0 0.0 0.0
3596 2017.552001953125 1605.311279296875 60.13077262497799 0.0 0.0 0.0 0.0 0.0 0.0 0.0
3613 2014.04150390625 1605.311279296875 61.478213598204036 0.0 0.0 0.0 0.0 0.0 0.0 0.0
3630 2014.04150390625 1608.8216552734375 62.90786544861152 0.0 0.0 0.0 0.0 0.0 0.0 0.0
3646 2010.53125 1612.33203125 65.7207235062699 0.0 0.0 0.0 0.0 0.0 0.0 0.0
3664 2010.53125 1615.8424072265625 67.04681000582309 0.0 0.0 0.0 0.0 0.0 0.0 0.0
3686 2007.020751953125 1619.352783203125 69.84586779113116 0.0 0.0 0.0 0.0 0.0 0.0 0.0
3697 2007.020751953125 1622.8631591796875 71.06473654532351 0.0 0.0 0.0 0.0 0.0 0.0 0.0
3724 2003.510498046875 1626.37353515625 73.83638156860258 0.0 0.0 0.0 0.0 0.0 0.0 0.0
3746 2003.510498046875 1629.8839111328125 74.94600054249969 0.0 0.0 0.0 0.0 0.0 0.0 0.0
3774 2003.510498046875 1636.9046630859375 77.04323484298652 0.0 0.0 0.0 0.0 0.0 0.0 0.0
3786 2000.0 1636.9046630859375 78.76490101896641 0.0 0.0 0.0 0.0 0.0 0.0 0.0
3796 2000.0 1640.4150390625 79.7328654629589 0.0 0.0 0.0 0.0 0.0 0.0 0.0
3820 2000.0 1643.9254150390625 80.67218631244398 0.0 0.0 0.0 0.0 0.0 0.0 0.0
3831 1996.48974609375 1647.435791015625 83.3253471191504 0.0 0.0 0.0 0.0 0.0 0.0 0.0
3867 1996.48974609375 1650.9461669921875 84.15635194282922 0.0 0.0 0.0 0.0 0.0 0.0 0.0
3880 1992.979248046875 1650.9461669921875 85.98979105536671 0.0 0.0 0.0 0.0 0.0 0.0 0.0
3896 1989.468994140625 1654.45654296875 88.5464806360398 0.0 0.0 0.0 0.0 0.0 0.0 0.0
3917 1985.95849609375 1657.9669189453125 91.04947573313962 0.0 0.0 0.0 0.0 0.0 0.0 0.0
3929 1985.95849609375 1661.477294921875 91.63800300225444 0.0 0.0 0.0 0.0 0.0 0.0 0.0
3947 1985.95849609375 1664.9876708984375 92.20762939799505 0.0 0.0 0.0 0.0 0.0 0.0 0.0
3963 1982.4482421875 1668.498046875 94.62531370879384 0.0 0.0 0.0 0.0 0.0 0.0 0.0
3980 1978.937744140625 1672.0084228515625 96.98188478807401 0.0 0.0 0.0 0.0 0.0 0.0 0.0
4123 1975.427490234375 1672.0084228515625 98.94178502079626 0.0 0.0 0.0 0.0 0.0 0.0 0.0
4158 1971.9169921875 1672.0084228515625 100.91250307653468 0.0 0.0 0.0 0.0 0.0 0.0 0.0
4168 1968.40673828125 1675.518798828125 103.09171055185101 0.0 0.0 0.0 0.0 0.0 0.0 0.0
4267 1964.896240234375 1675.518798828125 105.07714177074257 0.0 0.0 0.0 0.0 0.0 0.0 0.0
4291 1957.87548828125 1679.0291748046875 109.05173641865264 0.0 0.0 0.0 0.0 0.0 0.0 0.0
4314 1954.365234375 1679.0291748046875 111.03989856205436 0.0 0.0 0.0 0.0 0.0 0.0 0.0
4323 1950.8548583984375 1679.0291748046875 113.0243708118962 0.0 0.0 0.0 0.0 0.0 0.0 0.0
4337 1947.344482421875 1679.0291748046875 115.00260772155326 0.0 0.0 0.0 0.0 0.0 0.0 0.0
4360 1943.8341064453125 1679.0291748046875 116.97229664327398 0.0 0.0 0.0 0.0 0.0 0.0 0.0
4385 1940.32373046875 1679.0291748046875 118.93118772611263 0.0 0.0 0.0 0.0 0.0 0.0 0.0
4432 1936.8133544921875 1679.0291748046875 120.87721231632491 0.0 0.0 0.0 0.0 0.0 0.0 0.0
4456 1933.302978515625 1679.0291748046875 122.80808542558441 0.0 0.0 0.0 0.0 0.0 0.0 0.0
4485 1926.2822265625 1679.0291748046875 126.59999761053575 0.0 0.0 0.0 0.0 0.0 0.0 0.0
4505 1922.7718505859375 1679.0291748046875 128.47403974772175 0.0 0.0 0.0 0.0 0.0 0.0 0.0
4523 1915.7510986328125 1679.0291748046875 132.13107049906057 0.0 0.0 0.0 0.0 0.0 0.0 0.0
4539 1908.7303466796875 1679.0291748046875 135.6834160037663 0.0 0.0 0.0 0.0 0.0 0.0 0.0
4554 1901.7095947265625 1679.0291748046875 139.12149547212104 0.0 0.0 0.0 0.0 0.0 0.0 0.0
4572 1898.19921875 1679.0291748046875 140.8094278652482 0.0 0.0 0.0 0.0 0.0 0.0 0.0
4588 1887.6680908203125 1679.0291748046875 145.5968248442997 0.0 0.0 0.0 0.0 0.0 0.0 0.0
4611 1884.15771484375 1679.0291748046875 147.15793225289238 0.0 0.0 0.0 0.0 0.0 0.0 0.0
4623 1880.6473388671875 1675.518798828125 149.9658621247328 0.0 0.0 0.0 0.0 0.0 0.0 0.0
4638 1877.136962890625 1675.518798828125 151.4307715116253 0.0 0.0 0.0 0.0 0.0 0.0 0.0
4655 1877.136962890625 1672.0084228515625 152.81186366104427 0.0 0.0 0.0 0.0 0.0 0.0 0.0
4676 1870.1162109375 1664.9876708984375 158.42940684825462 0.0 0.0 0.0 0.0 0.0 0.0 0.0
4692 1866.6058349609375 1657.9669189453125 162.82141339455174 0.0 0.0 0.0 0.0 0.0 0.0 0.0
4707 1859.5850830078125 1643.9254150390625 171.75351857885818 0.0 0.0 0.0 0.0 0.0 0.0 0.0
4724 1852.5643310546875 1640.4150390625 175.17487377653987 0.0 0.0 0.0 0.0 0.0 0.0 0.0
4740 1852.5643310546875 1633.394287109375 178.91785429433747 0.0 0.0 0.0 0.0 0.0 0.0 0.0
4756 1849.053955078125 1622.8631591796875 185.1991779554026 0.0 0.0 0.0 0.0 0.0 0.0 0.0
4773 1849.053955078125 1619.352783203125 187.14749053867592 0.0 0.0 0.0 0.0 0.0 0.0 0.0
4790 1849.053955078125 1608.8216552734375 193.09597580375038 0.0 0.0 0.0 0.0 0.0 0.0 0.0
4808 1849.053955078125 1598.29052734375 199.0746667609456 0.0 0.0 0.0 0.0 0.0 0.0 0.0
4824 1849.053955078125 1594.7801513671875 201.06283379365578 0.0 0.0 0.0 0.0 0.0 0.0 0.0
4840 1849.053955078125 1580.7386474609375 208.92190101979742 0.0 0.0 0.0 0.0 0.0 0.0 0.0
4857 1849.053955078125 1577.228271484375 210.86792972568543 0.0 0.0 0.0 0.0 0.0 0.0 0.0
4874 1849.053955078125 1570.20751953125 214.69808078905697 0.0 0.0 0.0 0.0 0.0 0.0 0.0
4892 1852.5643310546875 1563.186767578125 219.12388998699788 0.0 0.0 0.0 0.0 0.0 0.0 0.0
4908 1856.07470703125 1556.166015625 223.5742664908659 0.0 0.0 0.0 0.0 0.0 0.0 0.0
4925 1859.5850830078125 1545.6348876953125 229.72891633603575 0.0 0.0 0.0 0.0 0.0 0.0 0.0
4942 1859.5850830078125 1538.6141357421875 233.0223193957899 0.0 0.0 0.0 0.0 0.0 0.0 0.0
4962 1866.6058349609375 1528.0830078125 240.14992769811442 0.0 0.0 0.0 0.0 0.0 0.0 0.0
4978 1870.1162109375 1517.5518798828125 245.69169077670693 0.0 0.0 0.0 0.0 0.0 0.0 0.0
4995 1877.136962890625 1514.04150390625 250.04292011937292 0.0 0.0 0.0 0.0 0.0 0.0 0.0
5012 1884.15771484375 1500.0 257.5943470337994 0.0 0.0 0.0 0.0 0.0 0.0 0.0
5028 1887.6680908203125 1492.979248046875 261.2048891399426 0.0 0.0 0.0 0.0 0.0 0.0 0.0
5045 1894.6888427734375 1485.95849609375 266.4080129298746 0.0 0.0 0.0 0.0 0.0 0.0 0.0
5063 1905.219970703125 1478.937744140625 273.24238313014206 0.0 0.0 0.0 0.0 0.0 0.0 0.0
5078 1908.7303466796875 1475.4273681640625 275.63440171366693 0.0 0.0 0.0 0.0 0.0 0.0 0.0
5095 1912.24072265625 1471.9169921875 277.9641840121335 0.0 0.0 0.0 0.0 0.0 0.0 0.0
5112 1919.261474609375 1468.4066162109375 282.15126793600365 0.0 0.0 0.0 0.0 0.0 0.0 0.0
5128 1922.7718505859375 1464.896240234375 284.29278184745186 0.0 0.0 0.0 0.0 0.0 0.0 0.0
5145 1929.7926025390625 1461.3858642578125 288.2936438323231 0.0 0.0 0.0 0.0 0.0 0.0 0.0
5169 1933.302978515625 1461.3858642578125 290.2826925840426 0.0 0.0 0.0 0.0 0.0 0.0 0.0
5193 1936.8133544921875 1457.87548828125 292.15423514922594 0.0 0.0 0.0 0.0 0.0 0.0 0.0
5203 1940.32373046875 1457.87548828125 294.13545240592987 0.0 0.0 0.0 0.0 0.0 0.0 0.0
5216 1943.8341064453125 1454.3651123046875 295.86704044451665 0.0 0.0 0.0 0.0 0.0 0.0 0.0
5230 1947.344482421875 1454.3651123046875 297.8323102845282 0.0 0.0 0.0 0.0 0.0 0.0 0.0
5253 1950.8548583984375 1450.854736328125 299.4229524650804 0.0 0.0 0.0 0.0 0.0 0.0 0.0
5266 1954.365234375 1450.854736328125 301.365331363662 0.0 0.0 0.0 0.0 0.0 0.0 0.0
5279 1957.87548828125 1447.3443603515625 302.8156981726373 0.0 0.0 0.0 0.0 0.0 0.0 0.0
5296 1961.385986328125 1447.3443603515625 304.7294895730816 0.0 0.0 0.0 0.0 0.0 0.0 0.0
5314 1968.40673828125 1447.3443603515625 308.4794834696968 0.0 0.0 0.0 0.0 0.0 0.0 0.0
5330 1968.40673828125 1443.833984375 307.8323522062401 0.0 0.0 0.0 0.0 0.0 0.0 0.0
5347 1971.9169921875 1443.833984375 309.6917154266463 0.0 0.0 0.0 0.0 0.0 0.0 0.0
5400 1975.427490234375 1443.833984375 311.5275398130965 0.0 0.0 0.0 0.0 0.0 0.0 0.0
5413 1978.937744140625 1443.833984375 313.33804485506954 0.0 0.0 0.0 0.0 0.0 0.0 0.0
5437 1982.4482421875 1443.833984375 315.1221727061533 0.0 0.0 0.0 0.0 0.0 0.0 0.0
5463 1985.95849609375 1443.833984375 316.8783003142943 0.0 0.0 0.0 0.0 0.0 0.0 0.0
5488 1989.468994140625 1443.833984375 318.6055721068236 0.0 0.0 0.0 0.0 0.0 0.0 0.0
5513 1992.979248046875 1443.833984375 320.3026849089953 0.0 0.0 0.0 0.0 0.0 0.0 0.0
5537 1996.48974609375 1443.833984375 321.96903795836005 0.0 0.0 0.0 0.0 0.0 0.0 0.0
5625 2000.0 1443.833984375 323.6035639933391 0.0 0.0 0.0 0.0 0.0 0.0 0.0
5649 2003.510498046875 1443.833984375 325.20585115157485 0.0 0.0 0.0 0.0 0.0 0.0 0.0
5696 2007.020751953125 1443.833984375 326.77512457917487 0.0 0.0 0.0 0.0 0.0 0.0 0.0
5732 2010.53125 1443.833984375 328.31111863985393 0.0 0.0 0.0 0.0 0.0 0.0 0.0
5767 2014.04150390625 1447.3443603515625 331.12227390706636 0.0 0.0 0.0 0.0 0.0 0.0 0.0
5793 2014.04150390625 1450.854736328125 332.49546094750895 0.0 0.0 0.0 0.0 0.0 0.0 0.0
5804 2017.552001953125 1450.854736328125 333.90095692046134 0.0 0.0 0.0 0.0 0.0 0.0 0.0
5828 2017.552001953125 1454.3651123046875 335.34401586276766 0.0 0.0 0.0 0.0 0.0 0.0 0.0
5851 2021.062255859375 1454.3651123046875 336.67948679957846 0.0 0.0 0.0 0.0 0.0 0.0 0.0
5879 2021.062255859375 1457.87548828125 338.18875243086484 0.0 0.0 0.0 0.0 0.0 0.0 0.0
5890 2024.57275390625 1461.3858642578125 340.9814308261023 0.0 0.0 0.0 0.0 0.0 0.0 0.0
5915 2028.0830078125 1461.3858642578125 342.16973119632274 0.0 0.0 0.0 0.0 0.0 0.0 0.0
5927 2028.0830078125 1464.896240234375 343.79849816877 0.0 0.0 0.0 0.0 0.0 0.0 0.0
5962 2031.593505859375 1468.4066162109375 346.54409582681734 0.0 0.0 0.0 0.0 0.0 0.0 0.0
6001 2031.593505859375 1471.9169921875 348.2567699318352 0.0 0.0 0.0 0.0 0.0 0.0 0.0
6042 2031.593505859375 1475.4273681640625 349.999442199822 0.0 0.0 0.0 0.0 0.0 0.0 0.0
6054 2035.103759765625 1475.4273681640625 350.9308556964863 0.0 0.0 0.0 0.0 0.0 0.0 0.0
6101 2038.6142578125 1475.4273681640625 351.834433974502 0.0 0.0 0.0 0.0 0.0 0.0 0.0
6125 2038.6142578125 1478.937744140625 353.63448103346377 0.0 0.0 0.0 0.0 0.0 0.0 0.0
6210 2038.6142578125 1482.4481201171875 355.4606219747755 0.0 0.0 0.0 0.0 0.0 0.0 0.0
6284 2038.6142578125 1485.95849609375 357.31134573390847 0.0 0.0 0.0 0.0 0.0 0.0 0.0
6621 2042.12451171875 1485.95849609375 358.01869786057165 0.0 0.0 0.0 0.0 0.0 0.0 0.0
6679 2042.12451171875 1489.4688720703125 359.90055919763665 0.0 0.0 0.0 0.0 0.0 0.0 0.0
6803 2045.635009765625 1489.4688720703125 0.5259284120758423 0.0 0.0 0.0 0.0 0.0 0.0 0.0