0 2000.0 1500.0 0 0.0 0.0 0.0 0.0 0.0 0.0 0.0
19 2000.0 1496.52783203125 359.97410933985043 0.0 0.0 0.0 0.0 0.0 0.0 0.0
36 2000.0 1475.6944580078125 359.8317066535942 0.0 0.0 0.0 0.0 0.0 0.0 0.0
63 2000.0 1434.02783203125 359.59065911919447 0.0 0.0 0.0 0.0 0.0 0.0 0.0
75 2010.4166259765625 1392.361083984375 1.5864379960195265 0.0 0.0 0.0 0.0 0.0 0.0 0.0
86 2038.1943359375 1329.861083984375 6.28593116598114 0.0 0.0 0.0 0.0 0.0 0.0 0.0
102 2072.91650390625 1260.4166259765625 10.946511778370763 0.0 0.0 0.0 0.0 0.0 0.0 0.0
119 2125.0 1184.0277709960938 17.11002751452024 0.0 0.0 0.0 0.0 0.0 0.0 0.0
136 2190.97216796875 1107.638916015625 23.78045420485158 0.0 0.0 0.0 0.0 0.0 0.0 0.0
148 2243.055419921875 1048.611083984375 27.8271614932544 0.0 0.0 0.0 0.0 0.0 0.0 0.0
169 2329.861083984375 979.1666870117188 34.89780405567033 0.0 0.0 0.0 0.0 0.0 0.0 0.0
186 2423.611083984375 916.6666259765625 41.35190026730509 0.0 0.0 0.0 0.0 0.0 0.0 0.0
202 2500.0 871.5277709960938 45.88941450214409 0.0 0.0 0.0 0.0 0.0 0.0 0.0
219 2590.27783203125 850.6944580078125 54.23096903527091 0.0 0.0 0.0 0.0 0.0 0.0 0.0
236 2680.555419921875 836.8055419921875 61.362089314942196 0.0 0.0 0.0 0.0 0.0 0.0 0.0
253 2802.083251953125 836.8055419921875 70.61177254293312 0.0 0.0 0.0 0.0 0.0 0.0 0.0
269 2923.611083984375 857.6388549804688 80.11437783938871 0.0 0.0 0.0 0.0 0.0 0.0 0.0
286 3045.138916015625 892.361083984375 88.62925124760868 0.0 0.0 0.0 0.0 0.0 0.0 0.0
303 3135.416748046875 934.0277709960938 95.9507072792211 0.0 0.0 0.0 0.0 0.0 0.0 0.0
319 3215.27783203125 968.75 100.28522292370172 0.0 0.0 0.0 0.0 0.0 0.0 0.0
336 3277.77783203125 1000.0 103.6675802351796 0.0 0.0 0.0 0.0 0.0 0.0 0.0
353 3315.97216796875 1027.7777709960938 107.14855168466389 0.0 0.0 0.0 0.0 0.0 0.0 0.0
369 3336.8056640625 1048.611083984375 110.05178038933107 0.0 0.0 0.0 0.0 0.0 0.0 0.0
386 3354.166748046875 1076.3888549804688 114.37924326542505 0.0 0.0 0.0 0.0 0.0 0.0 0.0
403 3371.52783203125 1107.638916015625 118.89343187543652 0.0 0.0 0.0 0.0 0.0 0.0 0.0
419 3385.416748046875 1149.3055419921875 125.15081604626876 0.0 0.0 0.0 0.0 0.0 0.0 0.0
436 3395.833251953125 1177.0833129882812 128.74348405335905 0.0 0.0 0.0 0.0 0.0 0.0 0.0
453 3399.3056640625 1211.8055419921875 134.1667109652227 0.0 0.0 0.0 0.0 0.0 0.0 0.0
469 3409.72216796875 1243.0555419921875 137.3198137137046 0.0 0.0 0.0 0.0 0.0 0.0 0.0
486 3416.666748046875 1277.77783203125 141.17165546344273 0.0 0.0 0.0 0.0 0.0 0.0 0.0
503 3423.611083984375 1309.02783203125 144.11999913691437 0.0 0.0 0.0 0.0 0.0 0.0 0.0
519 3434.02783203125 1343.75 146.47855860606234 0.0 0.0 0.0 0.0 0.0 0.0 0.0
536 3444.4443359375 1378.4722900390625 148.5233297006227 0.0 0.0 0.0 0.0 0.0 0.0 0.0
553 3451.388916015625 1413.1944580078125 150.961994545962 0.0 0.0 0.0 0.0 0.0 0.0 0.0
569 3454.861083984375 1440.9722900390625 153.12587120255876 0.0 0.0 0.0 0.0 0.0 0.0 0.0
586 3458.333251953125 1472.2222900390625 155.36579430773526 0.0 0.0 0.0 0.0 0.0 0.0 0.0
603 3458.333251953125 1489.5833740234375 156.9434654260702 0.0 0.0 0.0 0.0 0.0 0.0 0.0
620 3458.333251953125 1506.9444580078125 158.4166560264091 0.0 0.0 0.0 0.0 0.0 0.0 0.0
636 3458.333251953125 1517.361083984375 159.26418685024038 0.0 0.0 0.0 0.0 0.0 0.0 0.0
653 3458.333251953125 1531.25 160.33287582633704 0.0 0.0 0.0 0.0 0.0 0.0 0.0
670 3458.333251953125 1552.0833740234375 161.80792570331596 0.0 0.0 0.0 0.0 0.0 0.0 0.0
686 3458.333251953125 1565.9722900390625 162.73709185370558 0.0 0.0 0.0 0.0 0.0 0.0 0.0
703 3458.333251953125 1572.9166259765625 163.1884648779029 0.0 0.0 0.0 0.0 0.0 0.0 0.0
720 3458.333251953125 1586.8055419921875 164.04128262629774 0.0 0.0 0.0 0.0 0.0 0.0 0.0
736 3458.333251953125 1593.75 164.45548156190216 0.0 0.0 0.0 0.0 0.0 0.0 0.0
753 3458.333251953125 1604.1666259765625 165.05052704508483 0.0 0.0 0.0 0.0 0.0 0.0 0.0
770 3454.861083984375 1618.0555419921875 166.60210856316587 0.0 0.0 0.0 0.0 0.0 0.0 0.0
786 3451.388916015625 1635.4166259765625 168.2138871319454 0.0 0.0 0.0 0.0 0.0 0.0 0.0
803 3447.916748046875 1656.25 169.83554881387533 0.0 0.0 0.0 0.0 0.0 0.0 0.0
820 3437.5 1684.02783203125 173.05941358342466 0.0 0.0 0.0 0.0 0.0 0.0 0.0
836 3427.083251953125 1704.861083984375 175.87821911538163 0.0 0.0 0.0 0.0 0.0 0.0 0.0
853 3416.666748046875 1725.6944580078125 178.46403116494588 0.0 0.0 0.0 0.0 0.0 0.0 0.0
870 3402.77783203125 1753.4722900390625 181.53469645468994 0.0 0.0 0.0 0.0 0.0 0.0 0.0
886 3385.416748046875 1784.7222900390625 184.93824610425202 0.0 0.0 0.0 0.0 0.0 0.0 0.0
903 3371.52783203125 1809.02783203125 187.40133127062904 0.0 0.0 0.0 0.0 0.0 0.0 0.0
920 3347.22216796875 1836.8055419921875 191.70022515341452 0.0 0.0 0.0 0.0 0.0 0.0 0.0
936 3322.916748046875 1864.5833740234375 195.45402908554723 0.0 0.0 0.0 0.0 0.0 0.0 0.0
953 3302.083251953125 1885.416748046875 198.53556429444916 0.0 0.0 0.0 0.0 0.0 0.0 0.0
970 3277.77783203125 1906.25 202.00200074659028 0.0 0.0 0.0 0.0 0.0 0.0 0.0
987 3246.52783203125 1930.5555419921875 206.07845095383004 0.0 0.0 0.0 0.0 0.0 0.0 0.0
1003 3215.27783203125 1954.861083984375 209.5932687078461 0.0 0.0 0.0 0.0 0.0 0.0 0.0
1020 3173.611083984375 1982.638916015625 213.99619602931574 0.0 0.0 0.0 0.0 0.0 0.0 0.0
1037 3142.361083984375 2000.0 217.32764221126206 0.0 0.0 0.0 0.0 0.0 0.0 0.0
1053 3118.0556640625 2013.888916015625 219.59685865165682 0.0 0.0 0.0 0.0 0.0 0.0 0.0
1070 3090.27783203125 2027.77783203125 222.18967355902197 0.0 0.0 0.0 0.0 0.0 0.0 0.0
1087 3072.916748046875 2038.1944580078125 223.40485459618503 0.0 0.0 0.0 0.0 0.0 0.0 0.0
1104 3055.5556640625 2048.6112060546875 224.52387448884997 0.0 0.0 0.0 0.0 0.0 0.0 0.0
1120 3038.1943359375 2052.0833740234375 226.75037660247807 0.0 0.0 0.0 0.0 0.0 0.0 0.0
1137 3020.833251953125 2059.02783203125 228.21383499618747 0.0 0.0 0.0 0.0 0.0 0.0 0.0
1154 3000.0 2059.02783203125 231.34291846464237 0.0 0.0 0.0 0.0 0.0 0.0 0.0
1170 2975.6943359375 2065.9722900390625 233.3923728165774 0.0 0.0 0.0 0.0 0.0 0.0 0.0
1187 2951.388916015625 2072.916748046875 235.24718345434354 0.0 0.0 0.0 0.0 0.0 0.0 0.0
1203 2934.02783203125 2076.388916015625 236.77373946607042 0.0 0.0 0.0 0.0 0.0 0.0 0.0
1220 2920.138916015625 2076.388916015625 238.49720159448918 0.0 0.0 0.0 0.0 0.0 0.0 0.0
1237 2902.77783203125 2076.388916015625 240.51752111755758 0.0 0.0 0.0 0.0 0.0 0.0 0.0
1253 2881.9443359375 2083.3333740234375 241.32877628137174 0.0 0.0 0.0 0.0 0.0 0.0 0.0
1270 2861.111083984375 2083.3333740234375 243.50935553569855 0.0 0.0 0.0 0.0 0.0 0.0 0.0
1287 2829.861083984375 2086.8055419921875 245.70463050334234 0.0 0.0 0.0 0.0 0.0 0.0 0.0
1303 2805.555419921875 2090.27783203125 247.0896452736318 0.0 0.0 0.0 0.0 0.0 0.0 0.0
1320 2774.305419921875 2093.75 248.86533287513151 0.0 0.0 0.0 0.0 0.0 0.0 0.0
1337 2756.9443359375 2097.2222900390625 249.44366592866749 0.0 0.0 0.0 0.0 0.0 0.0 0.0
1354 2746.52783203125 2097.2222900390625 250.24876439137716 0.0 0.0 0.0 0.0 0.0 0.0 0.0
1370 2729.166748046875 2100.6944580078125 250.72860423076713 0.0 0.0 0.0 0.0 0.0 0.0 0.0
1387 2718.75 2100.6944580078125 251.48031748332102 0.0 0.0 0.0 0.0 0.0 0.0 0.0
1404 2704.861083984375 2104.166748046875 251.64174129835743 0.0 0.0 0.0 0.0 0.0 0.0 0.0
1420 2694.4443359375 2111.1112060546875 250.76912241963504 0.0 0.0 0.0 0.0 0.0 0.0 0.0
1437 2684.02783203125 2111.1112060546875 251.5191419684174 0.0 0.0 0.0 0.0 0.0 0.0 0.0
1454 2673.611083984375 2118.0555419921875 250.65265172050294 0.0 0.0 0.0 0.0 0.0 0.0 0.0
1470 2670.138916015625 2118.0555419921875 250.91145285777958 0.0 0.0 0.0 0.0 0.0 0.0 0.0
1487 2659.72216796875 2121.52783203125 250.86200943730353 0.0 0.0 0.0 0.0 0.0 0.0 0.0
1504 2645.833251953125 2125.0 251.0597738773369 0.0 0.0 0.0 0.0 0.0 0.0 0.0
1520 2635.416748046875 2128.4722900390625 251.00351659521107 0.0 0.0 0.0 0.0 0.0 0.0 0.0
1537 2628.47216796875 2128.4722900390625 251.50397535189495 0.0 0.0 0.0 0.0 0.0 0.0 0.0
1554 2611.111083984375 2131.9444580078125 251.89424791734638 0.0 0.0 0.0 0.0 0.0 0.0 0.0
1570 2597.22216796875 2135.416748046875 252.03137173524823 0.0 0.0 0.0 0.0 0.0 0.0 0.0
1587 2586.805419921875 2135.416748046875 252.72861938591774 0.0 0.0 0.0 0.0 0.0 0.0 0.0
1604 2583.333251953125 2135.416748046875 252.95770189730962 0.0 0.0 0.0 0.0 0.0 0.0 0.0
1620 2576.388916015625 2142.3612060546875 251.78573046437646 0.0 0.0 0.0 0.0 0.0 0.0 0.0
1637 2572.916748046875 2142.3612060546875 252.02834491389217 0.0 0.0 0.0 0.0 0.0 0.0 0.0
1654 2569.4443359375 2142.3612060546875 252.26749395925196 0.0 0.0 0.0 0.0 0.0 0.0 0.0
1671 2548.611083984375 2149.3055419921875 252.05443363650585 0.0 0.0 0.0 0.0 0.0 0.0 0.0
1687 2541.666748046875 2152.77783203125 251.7168860264797 0.0 0.0 0.0 0.0 0.0 0.0 0.0
1704 2534.72216796875 2159.7222900390625 250.59017382288545 0.0 0.0 0.0 0.0 0.0 0.0 0.0
1721 2531.25 2163.1944580078125 250.03739898757698 0.0 0.0 0.0 0.0 0.0 0.0 0.0
1737 2524.305419921875 2163.1944580078125 250.56503906961456 0.0 0.0 0.0 0.0 0.0 0.0 0.0
1754 2517.361083984375 2166.666748046875 250.27566574639974 0.0 0.0 0.0 0.0 0.0 0.0 0.0
1771 2500.0 2170.138916015625 250.75356480118865 0.0 0.0 0.0 0.0 0.0 0.0 0.0
1787 2493.055419921875 2170.138916015625 251.26107398114 0.0 0.0 0.0 0.0 0.0 0.0 0.0
1804 2486.111083984375 2173.6112060546875 250.94916149758825 0.0 0.0 0.0 0.0 0.0 0.0 0.0
1821 2479.166748046875 2173.6112060546875 251.45112802617854 0.0 0.0 0.0 0.0 0.0 0.0 0.0
1837 2468.75 2173.6112060546875 252.1726832902815 0.0 0.0 0.0 0.0 0.0 0.0 0.0
1854 2461.805419921875 2173.6112060546875 252.64007986495324 0.0 0.0 0.0 0.0 0.0 0.0 0.0
1871 2451.388916015625 2180.5555419921875 251.71785006945396 0.0 0.0 0.0 0.0 0.0 0.0 0.0
1887 2447.916748046875 2180.5555419921875 251.96142352323028 0.0 0.0 0.0 0.0 0.0 0.0 0.0
1904 2444.4443359375 2180.5555419921875 252.20153415319623 0.0 0.0 0.0 0.0 0.0 0.0 0.0
1921 2437.5 2180.5555419921875 252.66810449691866 0.0 0.0 0.0 0.0 0.0 0.0 0.0
1954 2434.02783203125 2180.5555419921875 252.89804366470332 0.0 0.0 0.0 0.0 0.0 0.0 0.0
1987 2420.138916015625 2184.02783203125 252.97619530110097 0.0 0.0 0.0 0.0 0.0 0.0 0.0
2004 2413.1943359375 2190.9722900390625 251.80354909541455 0.0 0.0 0.0 0.0 0.0 0.0 0.0
2021 2402.77783203125 2190.9722900390625 252.51033853101768 0.0 0.0 0.0 0.0 0.0 0.0 0.0
2037 2388.888916015625 2197.916748046875 251.82788625479685 0.0 0.0 0.0 0.0 0.0 0.0 0.0
2054 2378.47216796875 2201.388916015625 251.7365853719591 0.0 0.0 0.0 0.0 0.0 0.0 0.0
2071 2361.111083984375 2204.8612060546875 252.11019571017016 0.0 0.0 0.0 0.0 0.0 0.0 0.0
2088 2357.638916015625 2208.3333740234375 251.52909852716255 0.0 0.0 0.0 0.0 0.0 0.0 0.0
2104 2347.22216796875 2215.27783203125 250.66209657020596 0.0 0.0 0.0 0.0 0.0 0.0 0.0
2121 2336.805419921875 2215.27783203125 251.4165959431461 0.0 0.0 0.0 0.0 0.0 0.0 0.0
2138 2326.388916015625 2218.75 251.34404990583897 0.0 0.0 0.0 0.0 0.0 0.0 0.0
2171 2319.4443359375 2222.2222900390625 251.02948459820897 0.0 0.0 0.0 0.0 0.0 0.0 0.0
2188 2312.5 2225.6944580078125 250.72510737621388 0.0 0.0 0.0 0.0 0.0 0.0 0.0
2204 2305.555419921875 2229.166748046875 250.43056451579247 0.0 0.0 0.0 0.0 0.0 0.0 0.0
2221 2298.611083984375 2232.638916015625 250.14556691395808 0.0 0.0 0.0 0.0 0.0 0.0 0.0
2238 2295.138916015625 2232.638916015625 250.41159713419052 0.0 0.0 0.0 0.0 0.0 0.0 0.0
2254 2291.666748046875 2232.638916015625 250.6738229714531 0.0 0.0 0.0 0.0 0.0 0.0 0.0
2271 2288.1943359375 2236.1112060546875 250.11945659361987 0.0 0.0 0.0 0.0 0.0 0.0 0.0
2288 2284.72216796875 2236.1112060546875 250.38582590420987 0.0 0.0 0.0 0.0 0.0 0.0 0.0
2304 2281.25 2236.1112060546875 250.64841268383566 0.0 0.0 0.0 0.0 0.0 0.0 0.0
2321 2277.77783203125 2236.1112060546875 250.90725869646008 0.0 0.0 0.0 0.0 0.0 0.0 0.0
2338 2274.305419921875 2239.5833740234375 250.34854883203036 0.0 0.0 0.0 0.0 0.0 0.0 0.0
2354 2270.833251953125 2239.5833740234375 250.6116751514587 0.0 0.0 0.0 0.0 0.0 0.0 0.0
2371 2267.361083984375 2243.0555419921875 250.0585095934772 0.0 0.0 0.0 0.0 0.0 0.0 0.0
2388 2263.888916015625 2243.0555419921875 250.32576153154014 0.0 0.0 0.0 0.0 0.0 0.0 0.0
2404 2260.416748046875 2243.0555419921875 250.58923186985294 0.0 0.0 0.0 0.0 0.0 0.0 0.0
2421 2253.47216796875 2246.52783203125 250.2990964153865 0.0 0.0 0.0 0.0 0.0 0.0 0.0
2471 2250.0 2246.52783203125 250.56292765176715 0.0 0.0 0.0 0.0 0.0 0.0 0.0
2488 2246.52783203125 2246.52783203125 250.82299812814233 0.0 0.0 0.0 0.0 0.0 0.0 0.0
2505 2239.583251953125 2246.52783203125 251.32855609110874 0.0 0.0 0.0 0.0 0.0 0.0 0.0
2538 2232.638916015625 2246.52783203125 251.81983807238788 0.0 0.0 0.0 0.0 0.0 0.0 0.0
2571 2225.6943359375 2246.52783203125 252.29723969563884 0.0 0.0 0.0 0.0 0.0 0.0 0.0
2621 2222.22216796875 2246.52783203125 252.5325128346443 0.0 0.0 0.0 0.0 0.0 0.0 0.0
2638 2218.75 2246.52783203125 252.7643951706478 0.0 0.0 0.0 0.0 0.0 0.0 0.0
2655 2215.27783203125 2250.0 252.17118621275347 0.0 0.0 0.0 0.0 0.0 0.0 0.0
2671 2211.805419921875 2250.0 252.40827899771045 0.0 0.0 0.0 0.0 0.0 0.0 0.0
2688 2208.333251953125 2250.0 252.6419431673222 0.0 0.0 0.0 0.0 0.0 0.0 0.0
2721 2204.861083984375 2250.0 252.87223465073032 0.0 0.0 0.0 0.0 0.0 0.0 0.0
2738 2201.388916015625 2253.4722900390625 252.2770354621058 0.0 0.0 0.0 0.0 0.0 0.0 0.0
2755 2197.91650390625 2253.4722900390625 252.5126097005367 0.0 0.0 0.0 0.0 0.0 0.0 0.0
2771 2194.4443359375 2253.4722900390625 252.7447854826699 0.0 0.0 0.0 0.0 0.0 0.0 0.0
2788 2190.97216796875 2256.9444580078125 252.15194837404204 0.0 0.0 0.0 0.0 0.0 0.0 0.0
2838 2184.02783203125 2256.9444580078125 252.6199218925625 0.0 0.0 0.0 0.0 0.0 0.0 0.0
2855 2180.555419921875 2256.9444580078125 252.85055534585234 0.0 0.0 0.0 0.0 0.0 0.0 0.0
2888 2170.138916015625 2267.3612060546875 251.1295974310571 0.0 0.0 0.0 0.0 0.0 0.0 0.0
2905 2166.66650390625 2267.3612060546875 251.38159912042659 0.0 0.0 0.0 0.0 0.0 0.0 0.0
2922 2159.72216796875 2267.3612060546875 251.87136822119413 0.0 0.0 0.0 0.0 0.0 0.0 0.0
2938 2156.25 2267.3612060546875 252.11273669006545 0.0 0.0 0.0 0.0 0.0 0.0 0.0
2955 2152.77783203125 2267.3612060546875 252.35064286791652 0.0 0.0 0.0 0.0 0.0 0.0 0.0
2972 2149.305419921875 2270.8333740234375 251.76511229461244 0.0 0.0 0.0 0.0 0.0 0.0 0.0
2988 2145.833251953125 2270.8333740234375 252.0079943347156 0.0 0.0 0.0 0.0 0.0 0.0 0.0
3022 2142.361083984375 2270.8333740234375 252.24740866461678 0.0 0.0 0.0 0.0 0.0 0.0 0.0
3038 2138.888916015625 2270.8333740234375 252.48337707927385 0.0 0.0 0.0 0.0 0.0 0.0 0.0
3055 2135.41650390625 2270.8333740234375 252.71599858924878 0.0 0.0 0.0 0.0 0.0 0.0 0.0
3072 2121.52783203125 2277.7777099609375 252.02070750248873 0.0 0.0 0.0 0.0 0.0 0.0 0.0
3088 2118.055419921875 2281.2501220703125 251.44120300397464 0.0 0.0 0.0 0.0 0.0 0.0 0.0
3105 2114.583251953125 2281.2501220703125 251.6887596161232 0.0 0.0 0.0 0.0 0.0 0.0 0.0
3138 2107.638916015625 2284.7222900390625 251.3630485743227 0.0 0.0 0.0 0.0 0.0 0.0 0.0
3155 2104.16650390625 2288.1944580078125 250.79584035686293 0.0 0.0 0.0 0.0 0.0 0.0 0.0
3172 2100.6943359375 2288.1944580078125 251.05259612051162 0.0 0.0 0.0 0.0 0.0 0.0 0.0
3188 2097.22216796875 2288.1944580078125 251.30568037121844 0.0 0.0 0.0 0.0 0.0 0.0 0.0
3205 2093.75 2291.6666259765625 250.73954029476545 0.0 0.0 0.0 0.0 0.0 0.0 0.0
3222 2090.27783203125 2291.6666259765625 250.99709353295668 0.0 0.0 0.0 0.0 0.0 0.0 0.0
3238 2086.805419921875 2291.6666259765625 251.25100026729461 0.0 0.0 0.0 0.0 0.0 0.0 0.0
3255 2083.333251953125 2291.6666259765625 251.5012842433904 0.0 0.0 0.0 0.0 0.0 0.0 0.0
3272 2069.4443359375 2291.6666259765625 252.4473602455006 0.0 0.0 0.0 0.0 0.0 0.0 0.0
3288 2065.97216796875 2295.1390380859375 251.85994314242953 0.0 0.0 0.0 0.0 0.0 0.0 0.0
3322 2062.5 2295.1390380859375 252.10148147452986 0.0 0.0 0.0 0.0 0.0 0.0 0.0
3339 2045.138916015625 2302.0833740234375 251.6768467219261 0.0 0.0 0.0 0.0 0.0 0.0 0.0
3355 2038.1943359375 2309.0277099609375 250.5516339187435 0.0 0.0 0.0 0.0 0.0 0.0 0.0
3372 2034.72216796875 2309.0277099609375 250.8118613937587 0.0 0.0 0.0 0.0 0.0 0.0 0.0
3422 2031.25 2309.0277099609375 251.06837514657587 0.0 0.0 0.0 0.0 0.0 0.0 0.0
3455 2027.7777099609375 2312.5001220703125 250.50657519062565 0.0 0.0 0.0 0.0 0.0 0.0 0.0
3472 2024.3055419921875 2312.5001220703125 250.76747739183446 0.0 0.0 0.0 0.0 0.0 0.0 0.0
3505 2020.833251953125 2312.5001220703125 251.02462603008064 0.0 0.0 0.0 0.0 0.0 0.0 0.0
3522 2017.361083984375 2315.9722900390625 250.4637207318234 0.0 0.0 0.0 0.0 0.0 0.0 0.0
3555 2013.8887939453125 2315.9722900390625 250.72521513669835 0.0 0.0 0.0 0.0 0.0 0.0 0.0
3589 2010.4166259765625 2315.9722900390625 250.98297022829962 0.0 0.0 0.0 0.0 0.0 0.0 0.0
3605 2006.9443359375 2315.9722900390625 251.237076530867 0.0 0.0 0.0 0.0 0.0 0.0 0.0
3622 2003.47216796875 2315.9722900390625 251.4875399002491 0.0 0.0 0.0 0.0 0.0 0.0 0.0
3655 2000.0 2315.9722900390625 251.73439225306538 0.0 0.0 0.0 0.0 0.0 0.0 0.0
3672 2000.0 2319.4444580078125 250.9061708524789 0.0 0.0 0.0 0.0 0.0 0.0 0.0
3706 1996.5277099609375 2319.4444580078125 251.16135980813567 0.0 0.0 0.0 0.0 0.0 0.0 0.0
3739 1986.111083984375 2322.9166259765625 251.10048940283394 0.0 0.0 0.0 0.0 0.0 0.0 0.0
3772 1979.1666259765625 2322.9166259765625 251.59820377427718 0.0 0.0 0.0 0.0 0.0 0.0 0.0
3822 1972.22216796875 2326.3890380859375 251.27538436710051 0.0 0.0 0.0 0.0 0.0 0.0 0.0
3856 1968.75 2326.3890380859375 251.52531083706953 0.0 0.0 0.0 0.0 0.0 0.0 0.0
3906 1965.2777099609375 2326.3890380859375 251.7716519958375 0.0 0.0 0.0 0.0 0.0 0.0 0.0
3939 1961.8055419921875 2329.8612060546875 251.1968144759258 0.0 0.0 0.0 0.0 0.0 0.0 0.0
3972 1958.333251953125 2329.8612060546875 251.44785630971677 0.0 0.0 0.0 0.0 0.0 0.0 0.0
4006 1954.861083984375 2329.8612060546875 251.69530318285757 0.0 0.0 0.0 0.0 0.0 0.0 0.0
4022 1954.861083984375 2333.3333740234375 250.86725687595327 0.0 0.0 0.0 0.0 0.0 0.0 0.0
4056 1951.3887939453125 2333.3333740234375 251.123003667857 0.0 0.0 0.0 0.0 0.0 0.0 0.0
4373 1947.9166259765625 2336.8055419921875 250.56023564532103 0.0 0.0 0.0 0.0 0.0 0.0 0.0
4406 1944.4443359375 2336.8055419921875 250.8203539016738 0.0 0.0 0.0 0.0 0.0 0.0 0.0
4473 1944.4443359375 2340.2777099609375 249.99635221662544 0.0 0.0 0.0 0.0 0.0 0.0 0.0
4490 1940.97216796875 2340.2777099609375 250.2644897797137 0.0 0.0 0.0 0.0 0.0 0.0 0.0
4506 1937.5 2340.2777099609375 250.5288156274484 0.0 0.0 0.0 0.0 0.0 0.0 0.0
4523 1937.5 2347.2222900390625 248.89138375504103 0.0 0.0 0.0 0.0 0.0 0.0 0.0
4540 1934.0277099609375 2347.2222900390625 249.17519526281274 0.0 0.0 0.0 0.0 0.0 0.0 0.0
4606 1930.5555419921875 2347.2222900390625 249.45496505328094 0.0 0.0 0.0 0.0 0.0 0.0 0.0
4790 1927.083251953125 2350.6944580078125 248.92360129691713 0.0 0.0 0.0 0.0 0.0 0.0 0.0
4890 1923.611083984375 2350.6944580078125 249.20693608677493 0.0 0.0 0.0 0.0 0.0 0.0 0.0
5023 1920.1387939453125 2350.6944580078125 249.48626615614478 0.0 0.0 0.0 0.0 0.0 0.0 0.0
5090 1916.6666259765625 2350.6944580078125 249.761637128674 0.0 0.0 0.0 0.0 0.0 0.0 0.0
5440 1913.1943359375 2350.6944580078125 250.03309482464908 0.0 0.0 0.0 0.0 0.0 0.0 0.0
5808 1909.72216796875 2350.6944580078125 250.30072207145048 0.0 0.0 0.0 0.0 0.0 0.0 0.0