0 2000.0 1500.0 0 0.0 0.0 0.0 0.0 0.0 0.0 0.0
93 1963.157958984375 1489.4736328125 347.1464755629184 0.0 0.0 0.0 0.0 0.0 0.0 0.0
110 1926.3157958984375 1489.4736328125 334.1922949316905 0.0 0.0 0.0 0.0 0.0 0.0 0.0
126 1868.421142578125 1489.4736328125 319.03176110206493 0.0 0.0 0.0 0.0 0.0 0.0 0.0
143 1789.4737548828125 1489.4736328125 305.8330147765763 0.0 0.0 0.0 0.0 0.0 0.0 0.0
160 1684.2105712890625 1489.4736328125 296.1509022176456 0.0 0.0 0.0 0.0 0.0 0.0 0.0
176 1584.2105712890625 1489.4736328125 291.03095713060225 0.0 0.0 0.0 0.0 0.0 0.0 0.0
193 1473.6842041015625 1489.4736328125 288.02441320444836 0.0 0.0 0.0 0.0 0.0 0.0 0.0
210 1368.421142578125 1484.21044921875 287.7769946118741 0.0 0.0 0.0 0.0 0.0 0.0 0.0
227 1252.631591796875 1468.4210205078125 290.0029726253252 0.0 0.0 0.0 0.0 0.0 0.0 0.0
243 1147.368408203125 1447.368408203125 292.7402938894353 0.0 0.0 0.0 0.0 0.0 0.0 0.0
260 1047.3684692382812 1410.5262451171875 298.30704236975237 0.0 0.0 0.0 0.0 0.0 0.0 0.0
280 942.1052856445312 1357.894775390625 304.5489384810013 0.0 0.0 0.0 0.0 0.0 0.0 0.0
293 857.894775390625 1284.21044921875 314.5787155619163 0.0 0.0 0.0 0.0 0.0 0.0 0.0
310 784.2105712890625 1194.73681640625 324.4669326943515 0.0 0.0 0.0 0.0 0.0 0.0 0.0
326 710.5263671875 1100.0 330.47854742629505 0.0 0.0 0.0 0.0 0.0 0.0 0.0
345 642.1052856445312 1015.7894287109375 332.82329187886467 0.0 0.0 0.0 0.0 0.0 0.0 0.0
360 573.6842651367188 942.105224609375 332.34146975254976 0.0 0.0 0.0 0.0 0.0 0.0 0.0
376 526.3158264160156 873.6842041015625 335.3700601639433 0.0 0.0 0.0 0.0 0.0 0.0 0.0
393 473.6842346191406 810.5263061523438 335.15007931687444 0.0 0.0 0.0 0.0 0.0 0.0 0.0
410 426.3158264160156 757.8947143554688 334.24063477516233 0.0 0.0 0.0 0.0 0.0 0.0 0.0
426 389.4737243652344 710.5263061523438 335.05271497540105 0.0 0.0 0.0 0.0 0.0 0.0 0.0
445 347.3684387207031 668.4210205078125 333.30168324510606 0.0 0.0 0.0 0.0 0.0 0.0 0.0
460 315.7895202636719 626.3157653808594 334.6188649242023 0.0 0.0 0.0 0.0 0.0 0.0 0.0
477 278.94740295410156 578.9473571777344 335.308357022633 0.0 0.0 0.0 0.0 0.0 0.0 0.0
493 247.3684539794922 536.8420715332031 336.03160675537 0.0 0.0 0.0 0.0 0.0 0.0 0.0
510 210.52635192871094 489.4736633300781 336.2631671202223 0.0 0.0 0.0 0.0 0.0 0.0 0.0
527 178.94740295410156 452.6315612792969 335.6361907093617 0.0 0.0 0.0 0.0 0.0 0.0 0.0
543 142.10529327392578 415.7894592285156 333.8685098247089 0.0 0.0 0.0 0.0 0.0 0.0 0.0
560 115.78950500488281 378.9473571777344 335.2535639442331 0.0 0.0 0.0 0.0 0.0 0.0 0.0
576 89.47371673583984 336.8420867919922 337.3434940653973 0.0 0.0 0.0 0.0 0.0 0.0 0.0
593 68.42108535766602 299.99998474121094 339.2492721776636 0.0 0.0 0.0 0.0 0.0 0.0 0.0
610 57.8947696685791 257.89471435546875 344.6984044052638 0.0 0.0 0.0 0.0 0.0 0.0 0.0
626 47.36845302581787 226.3157730102539 347.10517510416935 0.0 0.0 0.0 0.0 0.0 0.0 0.0
643 42.105295181274414 194.73682403564453 350.754883888374 0.0 0.0 0.0 0.0 0.0 0.0 0.0
660 36.84213733673096 168.4210319519043 352.9631630493576 0.0 0.0 0.0 0.0 0.0 0.0 0.0
676 36.84213733673096 147.3684024810791 356.03735604461616 0.0 0.0 0.0 0.0 0.0 0.0 0.0
693 36.84213733673096 126.31577014923096 358.68548637077606 0.0 0.0 0.0 0.0 0.0 0.0 0.0
710 36.84213733673096 110.52629661560059 0.45544380067701695 0.0 0.0 0.0 0.0 0.0 0.0 0.0
726 31.5789794921875 99.99998092651367 359.3955815515113 0.0 0.0 0.0 0.0 0.0 0.0 0.0
743 31.5789794921875 94.7368221282959 0.0038740008006925564 0.0 0.0 0.0 0.0 0.0 0.0 0.0
826 31.5789794921875 110.52629661560059 357.9260342455555 0.0 0.0 0.0 0.0 0.0 0.0 0.0
843 31.5789794921875 121.0526123046875 356.4200485325857 0.0 0.0 0.0 0.0 0.0 0.0 0.0
860 31.5789794921875 136.84208583831787 353.85534818293195 0.0 0.0 0.0 0.0 0.0 0.0 0.0
876 31.5789794921875 157.89471817016602 349.8053205088994 0.0 0.0 0.0 0.0 0.0 0.0 0.0
893 31.5789794921875 173.6841926574707 346.3817579168384 0.0 0.0 0.0 0.0 0.0 0.0 0.0
910 42.105295181274414 184.21050643920898 348.59955074569746 0.0 0.0 0.0 0.0 0.0 0.0 0.0
926 63.15792655944824 189.47366333007812 357.09946671765834 0.0 0.0 0.0 0.0 0.0 0.0 0.0
943 89.47371673583984 184.21050643920898 9.41532740313994 0.0 0.0 0.0 0.0 0.0 0.0 0.0
960 136.8421401977539 157.89471817016602 28.045149946316542 0.0 0.0 0.0 0.0 0.0 0.0 0.0
977 163.15792846679688 131.5789279937744 35.12916976927977 0.0 0.0 0.0 0.0 0.0 0.0 0.0
993 189.4737091064453 121.0526123046875 43.40043356912537 0.0 0.0 0.0 0.0 0.0 0.0 0.0
1010 210.52635192871094 115.78945446014404 49.894007362462105 0.0 0.0 0.0 0.0 0.0 0.0 0.0
1026 221.0526580810547 115.78945446014404 53.64209943616419 0.0 0.0 0.0 0.0 0.0 0.0 0.0
1043 226.31582641601562 115.78945446014404 55.465875390556675 0.0 0.0 0.0 0.0 0.0 0.0 0.0
1060 226.31582641601562 142.10524368286133 64.75756512209631 0.0 0.0 0.0 0.0 0.0 0.0 0.0
1076 194.73687744140625 189.47366333007812 77.63487759661973 0.0 0.0 0.0 0.0 0.0 0.0 0.0
1093 163.15792846679688 231.57892608642578 94.22194634283449 0.0 0.0 0.0 0.0 0.0 0.0 0.0
1110 147.3684539794922 252.63156127929688 103.80432888063928 0.0 0.0 0.0 0.0 0.0 0.0 0.0
1126 147.3684539794922 263.1578826904297 108.61916552706833 0.0 0.0 0.0 0.0 0.0 0.0 0.0
1160 178.94740295410156 257.89471435546875 105.88835263628931 0.0 0.0 0.0 0.0 0.0 0.0 0.0
1176 221.0526580810547 231.57892608642578 96.60303019589406 0.0 0.0 0.0 0.0 0.0 0.0 0.0
1193 252.63160705566406 221.0526123046875 94.41932649909643 0.0 0.0 0.0 0.0 0.0 0.0 0.0
1210 263.1579284667969 221.0526123046875 95.20781453611676 0.0 0.0 0.0 0.0 0.0 0.0 0.0
1226 268.42108154296875 221.0526123046875 95.58633403756363 0.0 0.0 0.0 0.0 0.0 0.0 0.0
1243 252.63160705566406 273.68418884277344 121.64046673626552 0.0 0.0 0.0 0.0 0.0 0.0 0.0
1260 200.00003051757812 352.6315612792969 164.51993407553192 0.0 0.0 0.0 0.0 0.0 0.0 0.0
1276 168.42108154296875 399.9999694824219 183.2955362246268 0.0 0.0 0.0 0.0 0.0 0.0 0.0
1293 163.15792846679688 426.3157653808594 187.23784963509786 0.0 0.0 0.0 0.0 0.0 0.0 0.0
1310 163.15792846679688 442.1052551269531 188.06367181602837 0.0 0.0 0.0 0.0 0.0 0.0 0.0
1327 221.0526580810547 442.1052551269531 164.47424211514817 0.0 0.0 0.0 0.0 0.0 0.0 0.0
1343 305.26318359375 399.9999694824219 128.81932116822276 0.0 0.0 0.0 0.0 0.0 0.0 0.0
1360 384.2105712890625 368.42103576660156 110.44753642311841 0.0 0.0 0.0 0.0 0.0 0.0 0.0
1376 421.05267333984375 363.1578826904297 107.2608337860361 0.0 0.0 0.0 0.0 0.0 0.0 0.0
1393 442.10528564453125 363.1578826904297 106.88065410182233 0.0 0.0 0.0 0.0 0.0 0.0 0.0
1410 442.10528564453125 410.52630615234375 127.32475412030337 0.0 0.0 0.0 0.0 0.0 0.0 0.0
1426 415.7895202636719 510.52630615234375 163.622382204261 0.0 0.0 0.0 0.0 0.0 0.0 0.0
1443 384.2105712890625 599.9999694824219 185.13973403731137 0.0 0.0 0.0 0.0 0.0 0.0 0.0
1460 373.6842346191406 647.368408203125 191.24231098139103 0.0 0.0 0.0 0.0 0.0 0.0 0.0
1476 373.6842346191406 668.4210205078125 191.7287922720607 0.0 0.0 0.0 0.0 0.0 0.0 0.0
1493 405.26318359375 668.4210205078125 177.75026346383532 0.0 0.0 0.0 0.0 0.0 0.0 0.0
1510 505.26318359375 621.0526123046875 132.58016279740258 0.0 0.0 0.0 0.0 0.0 0.0 0.0
1527 610.5263671875 552.6315612792969 102.02909380392805 0.0 0.0 0.0 0.0 0.0 0.0 0.0
1543 668.4210815429688 515.7894592285156 91.53754106568272 0.0 0.0 0.0 0.0 0.0 0.0 0.0
1560 684.2105712890625 515.7894592285156 92.99497863082695 0.0 0.0 0.0 0.0 0.0 0.0 0.0
1593 631.5789794921875 615.7894592285156 151.55384507515595 0.0 0.0 0.0 0.0 0.0 0.0 0.0
1610 557.894775390625 715.7894287109375 191.10980307195672 0.0 0.0 0.0 0.0 0.0 0.0 0.0
1626 510.5263366699219 773.6842041015625 206.87836755845757 0.0 0.0 0.0 0.0 0.0 0.0 0.0
1643 500.0000305175781 800.0 208.637021991032 0.0 0.0 0.0 0.0 0.0 0.0 0.0
1676 552.631591796875 778.9473266601562 182.07180754110362 0.0 0.0 0.0 0.0 0.0 0.0 0.0
1693 663.1578979492188 705.2631225585938 123.99725045687165 0.0 0.0 0.0 0.0 0.0 0.0 0.0
1710 773.6842651367188 642.105224609375 99.20891769718241 0.0 0.0 0.0 0.0 0.0 0.0 0.0
1726 826.3157958984375 615.7894592285156 92.48024688452966 0.0 0.0 0.0 0.0 0.0 0.0 0.0
1743 847.3684692382812 615.7894592285156 94.22103713271866 0.0 0.0 0.0 0.0 0.0 0.0 0.0
1776 847.3684692382812 652.6315307617188 111.23077886095348 0.0 0.0 0.0 0.0 0.0 0.0 0.0
1793 831.5789794921875 694.73681640625 132.13469870604075 0.0 0.0 0.0 0.0 0.0 0.0 0.0
1810 831.5789794921875 710.5263061523438 138.17241034530514 0.0 0.0 0.0 0.0 0.0 0.0 0.0
1826 831.5789794921875 721.0526123046875 142.0058211097196 0.0 0.0 0.0 0.0 0.0 0.0 0.0
1843 894.7368774414062 715.7894287109375 128.12433608605068 0.0 0.0 0.0 0.0 0.0 0.0 0.0
1860 973.6842651367188 678.9473266601562 108.47570571316058 0.0 0.0 0.0 0.0 0.0 0.0 0.0
1876 1031.5789794921875 657.8947143554688 100.6629023452931 0.0 0.0 0.0 0.0 0.0 0.0 0.0
1893 1057.894775390625 657.8947143554688 101.35047172574895 0.0 0.0 0.0 0.0 0.0 0.0 0.0
1910 1063.157958984375 657.8947143554688 101.48242991668587 0.0 0.0 0.0 0.0 0.0 0.0 0.0
1926 1047.3684692382812 726.3157958984375 134.05357263182455 0.0 0.0 0.0 0.0 0.0 0.0 0.0
1943 978.9473876953125 836.8421020507812 181.3598800997679 0.0 0.0 0.0 0.0 0.0 0.0 0.0
1960 931.5789794921875 910.5263061523438 200.07768006606022 0.0 0.0 0.0 0.0 0.0 0.0 0.0
1976 905.26318359375 952.6315307617188 207.53604492405793 0.0 0.0 0.0 0.0 0.0 0.0 0.0
1993 905.26318359375 963.1578979492188 206.54029005705092 0.0 0.0 0.0 0.0 0.0 0.0 0.0
2026 989.4736938476562 921.0526123046875 158.60693510857442 0.0 0.0 0.0 0.0 0.0 0.0 0.0
2043 1094.73681640625 852.6315307617188 115.00604964954192 0.0 0.0 0.0 0.0 0.0 0.0 0.0
2060 1157.894775390625 821.0526123046875 101.84549113163746 0.0 0.0 0.0 0.0 0.0 0.0 0.0
2076 1189.4737548828125 810.5263061523438 98.5733539490883 0.0 0.0 0.0 0.0 0.0 0.0 0.0
2093 1200.0 810.5263061523438 99.04203103084325 0.0 0.0 0.0 0.0 0.0 0.0 0.0
2110 1194.73681640625 857.8947143554688 121.06940737965851 0.0 0.0 0.0 0.0 0.0 0.0 0.0
2126 1142.1053466796875 942.105224609375 165.24195324167636 0.0 0.0 0.0 0.0 0.0 0.0 0.0
2143 1100.0 1010.5263061523438 188.4231714727922 0.0 0.0 0.0 0.0 0.0 0.0 0.0
2160 1078.9473876953125 1047.368408203125 197.30092315526258 0.0 0.0 0.0 0.0 0.0 0.0 0.0
2176 1078.9473876953125 1063.1578979492188 197.0006402370423 0.0 0.0 0.0 0.0 0.0 0.0 0.0
2193 1078.9473876953125 1068.4210205078125 196.9045700049113 0.0 0.0 0.0 0.0 0.0 0.0 0.0
2210 1100.0 1068.4210205078125 187.29645623666335 0.0 0.0 0.0 0.0 0.0 0.0 0.0
2227 1152.631591796875 1047.368408203125 160.97169806549593 0.0 0.0 0.0 0.0 0.0 0.0 0.0
2243 1189.4737548828125 1031.5789184570312 144.38934300386896 0.0 0.0 0.0 0.0 0.0 0.0 0.0
2260 1221.0526123046875 1026.3157958984375 134.96097977249775 0.0 0.0 0.0 0.0 0.0 0.0 0.0
2276 1236.8421630859375 1026.3157958984375 131.67061335594235 0.0 0.0 0.0 0.0 0.0 0.0 0.0
2293 1247.368408203125 1026.3157958984375 129.6319513849159 0.0 0.0 0.0 0.0 0.0 0.0 0.0
2310 1247.368408203125 1042.105224609375 135.8289434407352 0.0 0.0 0.0 0.0 0.0 0.0 0.0
2326 1247.368408203125 1078.9473266601562 148.15605091333117 0.0 0.0 0.0 0.0 0.0 0.0 0.0
2343 1236.8421630859375 1105.2631225585938 159.1439891476483 0.0 0.0 0.0 0.0 0.0 0.0 0.0
2360 1226.3157958984375 1126.3157958984375 167.8268994901477 0.0 0.0 0.0 0.0 0.0 0.0 0.0
2376 1221.0526123046875 1147.368408203125 173.55189652679786 0.0 0.0 0.0 0.0 0.0 0.0 0.0
2394 1221.0526123046875 1157.894775390625 175.1584135542339 0.0 0.0 0.0 0.0 0.0 0.0 0.0
2410 1221.0526123046875 1163.1578369140625 175.93086828296794 0.0 0.0 0.0 0.0 0.0 0.0 0.0
2426 1226.3157958984375 1163.1578369140625 173.6790654717397 0.0 0.0 0.0 0.0 0.0 0.0 0.0
2443 1242.1053466796875 1163.1578369140625 167.24406177079632 0.0 0.0 0.0 0.0 0.0 0.0 0.0
2460 1263.157958984375 1163.1578369140625 159.3474762229623 0.0 0.0 0.0 0.0 0.0 0.0 0.0
2477 1278.9473876953125 1157.894775390625 152.35740181408892 0.0 0.0 0.0 0.0 0.0 0.0 0.0
2493 1289.4737548828125 1157.894775390625 148.98462345981895 0.0 0.0 0.0 0.0 0.0 0.0 0.0
2510 1305.26318359375 1152.631591796875 142.62008206976284 0.0 0.0 0.0 0.0 0.0 0.0 0.0
2527 1315.78955078125 1152.631591796875 139.83881939529823 0.0 0.0 0.0 0.0 0.0 0.0 0.0
2560 1315.78955078125 1157.894775390625 141.760731934709 0.0 0.0 0.0 0.0 0.0 0.0 0.0
2577 1315.78955078125 1173.6842041015625 147.10160449077506 0.0 0.0 0.0 0.0 0.0 0.0 0.0
2593 1310.5263671875 1194.73681640625 155.12069060166084 0.0 0.0 0.0 0.0 0.0 0.0 0.0
2610 1289.4737548828125 1226.3157958984375 170.06920986996104 0.0 0.0 0.0 0.0 0.0 0.0 0.0
2628 1263.157958984375 1257.894775390625 184.60802389444973 0.0 0.0 0.0 0.0 0.0 0.0 0.0
2643 1252.631591796875 1284.21044921875 190.32724299417413 0.0 0.0 0.0 0.0 0.0 0.0 0.0
2660 1236.8421630859375 1310.5262451171875 197.0555131486488 0.0 0.0 0.0 0.0 0.0 0.0 0.0
2677 1231.5789794921875 1321.0526123046875 199.0839448955639 0.0 0.0 0.0 0.0 0.0 0.0 0.0
2693 1231.5789794921875 1331.5789794921875 198.73783517442092 0.0 0.0 0.0 0.0 0.0 0.0 0.0
2710 1231.5789794921875 1336.842041015625 198.57178199441657 0.0 0.0 0.0 0.0 0.0 0.0 0.0
2727 1236.8421630859375 1336.842041015625 196.16149737496343 0.0 0.0 0.0 0.0 0.0 0.0 0.0
2743 1263.157958984375 1336.842041015625 184.2210130172682 0.0 0.0 0.0 0.0 0.0 0.0 0.0
2761 1294.73681640625 1331.5789794921875 169.9261326664444 0.0 0.0 0.0 0.0 0.0 0.0 0.0
2776 1321.0526123046875 1315.7894287109375 155.85995101377807 0.0 0.0 0.0 0.0 0.0 0.0 0.0
2793 1352.631591796875 1305.26318359375 142.994396652056 0.0 0.0 0.0 0.0 0.0 0.0 0.0
2810 1389.4737548828125 1289.4736328125 129.2564526615461 0.0 0.0 0.0 0.0 0.0 0.0 0.0
2826 1421.0526123046875 1284.21044921875 122.50539272181373 0.0 0.0 0.0 0.0 0.0 0.0 0.0
2843 1457.894775390625 1273.6842041015625 114.76467500335588 0.0 0.0 0.0 0.0 0.0 0.0 0.0
2860 1484.2105712890625 1273.6842041015625 113.00673263945797 0.0 0.0 0.0 0.0 0.0 0.0 0.0
2876 1505.26318359375 1273.6842041015625 111.80146525594665 0.0 0.0 0.0 0.0 0.0 0.0 0.0
2893 1521.0526123046875 1273.6842041015625 110.99820757696205 0.0 0.0 0.0 0.0 0.0 0.0 0.0
2910 1542.1053466796875 1284.21044921875 114.15675589440343 0.0 0.0 0.0 0.0 0.0 0.0 0.0
2926 1552.631591796875 1300.0 119.87455063041662 0.0 0.0 0.0 0.0 0.0 0.0 0.0
2943 1557.894775390625 1321.0526123046875 127.81326169879722 0.0 0.0 0.0 0.0 0.0 0.0 0.0
2960 1557.894775390625 1342.105224609375 136.06745788489698 0.0 0.0 0.0 0.0 0.0 0.0 0.0
2976 1557.894775390625 1363.1578369140625 143.58581277180744 0.0 0.0 0.0 0.0 0.0 0.0 0.0
2993 1557.894775390625 1389.4736328125 151.80521992285017 0.0 0.0 0.0 0.0 0.0 0.0 0.0
3010 1557.894775390625 1405.26318359375 156.29432586454473 0.0 0.0 0.0 0.0 0.0 0.0 0.0
3026 1557.894775390625 1421.0526123046875 160.3678898440632 0.0 0.0 0.0 0.0 0.0 0.0 0.0
3043 1557.894775390625 1431.5789794921875 162.90326131508277 0.0 0.0 0.0 0.0 0.0 0.0 0.0
3060 1563.157958984375 1436.842041015625 162.16293866019393 0.0 0.0 0.0 0.0 0.0 0.0 0.0
3076 1573.6842041015625 1436.842041015625 158.27688885669846 0.0 0.0 0.0 0.0 0.0 0.0 0.0
3093 1594.73681640625 1436.842041015625 151.25040430513167 0.0 0.0 0.0 0.0 0.0 0.0 0.0
3110 1615.78955078125 1436.842041015625 144.99253639880328 0.0 0.0 0.0 0.0 0.0 0.0 0.0
3126 1636.8421630859375 1426.3157958984375 135.8339605696045 0.0 0.0 0.0 0.0 0.0 0.0 0.0
3143 1668.421142578125 1415.7894287109375 126.02046763066542 0.0 0.0 0.0 0.0 0.0 0.0 0.0
3160 1700.0 1405.26318359375 117.96521663508844 0.0 0.0 0.0 0.0 0.0 0.0 0.0
3176 1731.5789794921875 1394.73681640625 111.44571833976647 0.0 0.0 0.0 0.0 0.0 0.0 0.0
3193 1752.631591796875 1389.4736328125 108.40305059581206 0.0 0.0 0.0 0.0 0.0 0.0 0.0
3210 1778.9473876953125 1384.21044921875 105.75379710335667 0.0 0.0 0.0 0.0 0.0 0.0 0.0
3226 1805.26318359375 1384.21044921875 105.55691202188532 0.0 0.0 0.0 0.0 0.0 0.0 0.0
3243 1826.3157958984375 1384.21044921875 105.42209479864306 0.0 0.0 0.0 0.0 0.0 0.0 0.0
3261 1836.8421630859375 1384.21044921875 105.35993057954349 0.0 0.0 0.0 0.0 0.0 0.0 0.0
3276 1842.1053466796875 1389.4736328125 107.64067305159526 0.0 0.0 0.0 0.0 0.0 0.0 0.0
3293 1847.368408203125 1400.0 112.11080863308223 0.0 0.0 0.0 0.0 0.0 0.0 0.0
3311 1852.631591796875 1415.7894287109375 118.56201933619298 0.0 0.0 0.0 0.0 0.0 0.0 0.0
3326 1852.631591796875 1431.5789794921875 125.34148106678981 0.0 0.0 0.0 0.0 0.0 0.0 0.0
3343 1852.631591796875 1452.631591796875 133.7910453811235 0.0 0.0 0.0 0.0 0.0 0.0 0.0
3360 1852.631591796875 1463.1578369140625 137.8279823419014 0.0 0.0 0.0 0.0 0.0 0.0 0.0
3376 1852.631591796875 1478.9473876953125 143.4689953723776 0.0 0.0 0.0 0.0 0.0 0.0 0.0
3393 1847.368408203125 1494.73681640625 150.26403514600543 0.0 0.0 0.0 0.0 0.0 0.0 0.0
3410 1836.8421630859375 1505.26318359375 157.04048748672662 0.0 0.0 0.0 0.0 0.0 0.0 0.0
3426 1836.8421630859375 1515.7894287109375 159.79467854756672 0.0 0.0 0.0 0.0 0.0 0.0 0.0
3443 1836.8421630859375 1521.0526123046875 161.12509092858798 0.0 0.0 0.0 0.0 0.0 0.0 0.0
3460 1836.8421630859375 1526.3157958984375 162.41008060200446 0.0 0.0 0.0 0.0 0.0 0.0 0.0
3476 1831.5789794921875 1526.3157958984375 164.4954129339889 0.0 0.0 0.0 0.0 0.0 0.0 0.0
3510 1836.8421630859375 1526.3157958984375 162.4544915455459 0.0 0.0 0.0 0.0 0.0 0.0 0.0
3526 1852.631591796875 1526.3157958984375 156.73759079262837 0.0 0.0 0.0 0.0 0.0 0.0 0.0
3543 1868.421142578125 1526.3157958984375 151.45565497504492 0.0 0.0 0.0 0.0 0.0 0.0 0.0
3560 1884.2105712890625 1526.3157958984375 146.6119983644578 0.0 0.0 0.0 0.0 0.0 0.0 0.0
3577 1905.26318359375 1526.3157958984375 140.89762281021385 0.0 0.0 0.0 0.0 0.0 0.0 0.0
3593 1931.5789794921875 1526.3157958984375 134.82331336240472 0.0 0.0 0.0 0.0 0.0 0.0 0.0
3610 1952.631591796875 1526.3157958984375 130.59649170101244 0.0 0.0 0.0 0.0 0.0 0.0 0.0
3626 1968.421142578125 1526.3157958984375 127.75431844354313 0.0 0.0 0.0 0.0 0.0 0.0 0.0
3643 1989.4737548828125 1526.3157958984375 124.47752929318767 0.0 0.0 0.0 0.0 0.0 0.0 0.0
3660 2005.26318359375 1526.3157958984375 122.2830043808022 0.0 0.0 0.0 0.0 0.0 0.0 0.0
3676 2021.0526123046875 1526.3157958984375 120.32530314419637 0.0 0.0 0.0 0.0 0.0 0.0 0.0
3693 2031.5789794921875 1531.5789794921875 121.25490763512624 0.0 0.0 0.0 0.0 0.0 0.0 0.0
3710 2042.1053466796875 1536.842041015625 122.10554101795341 0.0 0.0 0.0 0.0 0.0 0.0 0.0
3726 2047.368408203125 1547.368408203125 125.73683997137931 0.0 0.0 0.0 0.0 0.0 0.0 0.0
3743 2052.631591796875 1552.631591796875 127.04562383316801 0.0 0.0 0.0 0.0 0.0 0.0 0.0
3760 2057.894775390625 1568.4210205078125 132.33395578233169 0.0 0.0 0.0 0.0 0.0 0.0 0.0
3776 2063.157958984375 1578.9473876953125 135.2550570001959 0.0 0.0 0.0 0.0 0.0 0.0 0.0
3793 2068.421142578125 1594.73681640625 139.78334560974733 0.0 0.0 0.0 0.0 0.0 0.0 0.0
3810 2068.421142578125 1610.5262451171875 145.27765096398315 0.0 0.0 0.0 0.0 0.0 0.0 0.0
3827 2068.421142578125 1626.3157958984375 150.33356489226793 0.0 0.0 0.0 0.0 0.0 0.0 0.0
3854 2068.421142578125 1657.894775390625 158.82401238247772 0.0 0.0 0.0 0.0 0.0 0.0 0.0
3867 2073.6842041015625 1668.4210205078125 159.61521341406535 0.0 0.0 0.0 0.0 0.0 0.0 0.0
3893 2073.6842041015625 1678.9473876953125 162.200714935829 0.0 0.0 0.0 0.0 0.0 0.0 0.0
3910 2073.6842041015625 1689.4736328125 164.61246464837603 0.0 0.0 0.0 0.0 0.0 0.0 0.0
3927 2073.6842041015625 1700.0 166.8586297113059 0.0 0.0 0.0 0.0 0.0 0.0 0.0
3948 2078.9473876953125 1715.7894287109375 167.95054815599798 0.0 0.0 0.0 0.0 0.0 0.0 0.0
3949 2078.9473876953125 1715.7894287109375 167.9505301959042 0.0 0.0 0.0 0.0 0.0 0.0 0.0
3977 2084.2105712890625 1721.0526123046875 166.93590007285707 0.0 0.0 0.0 0.0 0.0 0.0 0.0
3993 2084.2105712890625 1726.3157958984375 168.0154719819826 0.0 0.0 0.0 0.0 0.0 0.0 0.0
4010 2084.2105712890625 1731.5789794921875 169.05572310159883 0.0 0.0 0.0 0.0 0.0 0.0 0.0
4026 2089.4737548828125 1736.842041015625 167.98184767619074 0.0 0.0 0.0 0.0 0.0 0.0 0.0
4043 2089.4737548828125 1742.105224609375 169.0233009965819 0.0 0.0 0.0 0.0 0.0 0.0 0.0
4060 2094.7369384765625 1747.368408203125 167.95117274915623 0.0 0.0 0.0 0.0 0.0 0.0 0.0
4076 2100.0001220703125 1747.368408203125 165.83802320826436 0.0 0.0 0.0 0.0 0.0 0.0 0.0
4093 2110.5262451171875 1752.631591796875 162.9958854146006 0.0 0.0 0.0 0.0 0.0 0.0 0.0
4110 2115.7894287109375 1757.894775390625 162.25050947359944 0.0 0.0 0.0 0.0 0.0 0.0 0.0
4127 2121.0526123046875 1763.1578369140625 161.54607235634165 0.0 0.0 0.0 0.0 0.0 0.0 0.0
4143 2131.5789794921875 1768.4210205078125 159.02792821737575 0.0 0.0 0.0 0.0 0.0 0.0 0.0
4160 2136.8421630859375 1773.6842041015625 158.5016429833022 0.0 0.0 0.0 0.0 0.0 0.0 0.0
4177 2142.1053466796875 1778.9473876953125 158.00462649823822 0.0 0.0 0.0 0.0 0.0 0.0 0.0
4193 2147.3685302734375 1784.21044921875 157.53518993793497 0.0 0.0 0.0 0.0 0.0 0.0 0.0
4210 2157.8946533203125 1789.4736328125 155.33007343916557 0.0 0.0 0.0 0.0 0.0 0.0 0.0
4227 2168.4210205078125 1789.4736328125 151.79220774328923 0.0 0.0 0.0 0.0 0.0 0.0 0.0
4243 2173.6842041015625 1794.73681640625 151.67031422745418 0.0 0.0 0.0 0.0 0.0 0.0 0.0
4260 2184.2105712890625 1794.73681640625 148.33676352848028 0.0 0.0 0.0 0.0 0.0 0.0 0.0
4277 2189.4737548828125 1794.73681640625 146.7204703613948 0.0 0.0 0.0 0.0 0.0 0.0 0.0
4298 2200.0001220703125 1800.0 145.39713321049754 0.0 0.0 0.0 0.0 0.0 0.0 0.0
4310 2210.5262451171875 1800.0 142.43987277195174 0.0 0.0 0.0 0.0 0.0 0.0 0.0
4326 2215.7894287109375 1800.0 141.00969319228338 0.0 0.0 0.0 0.0 0.0 0.0 0.0
4343 2226.3157958984375 1800.0 138.33300739157232 0.0 0.0 0.0 0.0 0.0 0.0 0.0
4360 2231.5789794921875 1800.0 137.04062092699695 0.0 0.0 0.0 0.0 0.0 0.0 0.0
4377 2242.1053466796875 1800.0 134.62886970956123 0.0 0.0 0.0 0.0 0.0 0.0 0.0
4393 2247.3685302734375 1800.0 133.46586808741523 0.0 0.0 0.0 0.0 0.0 0.0 0.0
4410 2257.8946533203125 1800.0 131.3007526049737 0.0 0.0 0.0 0.0 0.0 0.0 0.0
4427 2263.1578369140625 1805.26318359375 132.31487058896744 0.0 0.0 0.0 0.0 0.0 0.0 0.0
4443 2273.6842041015625 1805.26318359375 130.2306098016744 0.0 0.0 0.0 0.0 0.0 0.0 0.0
4460 2284.2105712890625 1805.26318359375 128.29451739309124 0.0 0.0 0.0 0.0 0.0 0.0 0.0
4477 2289.4737548828125 1805.26318359375 127.36264065767608 0.0 0.0 0.0 0.0 0.0 0.0 0.0
4493 2294.7369384765625 1810.5262451171875 128.58624103508618 0.0 0.0 0.0 0.0 0.0 0.0 0.0
4510 2300.0001220703125 1810.5262451171875 127.64346945439041 0.0 0.0 0.0 0.0 0.0 0.0 0.0
4527 2310.5262451171875 1810.5262451171875 125.89414151480881 0.0 0.0 0.0 0.0 0.0 0.0 0.0
4543 2315.7894287109375 1815.7894287109375 127.19470627107529 0.0 0.0 0.0 0.0 0.0 0.0 0.0
4560 2321.0526123046875 1821.0526123046875 128.42721319463 0.0 0.0 0.0 0.0 0.0 0.0 0.0
4576 2326.3157958984375 1821.0526123046875 127.4903649190397 0.0 0.0 0.0 0.0 0.0 0.0 0.0
4593 2331.5789794921875 1826.3157958984375 128.70729986098567 0.0 0.0 0.0 0.0 0.0 0.0 0.0
4610 2342.1053466796875 1831.5789794921875 128.92037968708658 0.0 0.0 0.0 0.0 0.0 0.0 0.0
4627 2347.3685302734375 1836.842041015625 130.06162368671306 0.0 0.0 0.0 0.0 0.0 0.0 0.0
4643 2352.6317138671875 1836.842041015625 129.06419007836132 0.0 0.0 0.0 0.0 0.0 0.0 0.0
4660 2352.6317138671875 1842.105224609375 131.22007578316146 0.0 0.0 0.0 0.0 0.0 0.0 0.0
4677 2357.8946533203125 1847.368408203125 132.23859875094453 0.0 0.0 0.0 0.0 0.0 0.0 0.0
4693 2363.1578369140625 1847.368408203125 131.16145668791364 0.0 0.0 0.0 0.0 0.0 0.0 0.0
4710 2368.4210205078125 1857.894775390625 134.16808717572314 0.0 0.0 0.0 0.0 0.0 0.0 0.0
4726 2378.9473876953125 1863.1578369140625 133.91171994837595 0.0 0.0 0.0 0.0 0.0 0.0 0.0
4743 2384.2105712890625 1868.4210205078125 134.78466403397252 0.0 0.0 0.0 0.0 0.0 0.0 0.0
4760 2389.4737548828125 1873.6842041015625 135.6100122629352 0.0 0.0 0.0 0.0 0.0 0.0 0.0
4777 2400.0001220703125 1884.21044921875 137.0894350903319 0.0 0.0 0.0 0.0 0.0 0.0 0.0
4793 2405.2633056640625 1889.4736328125 137.78845249252402 0.0 0.0 0.0 0.0 0.0 0.0 0.0
4810 2415.7894287109375 1900.0 139.04047552606076 0.0 0.0 0.0 0.0 0.0 0.0 0.0
4827 2421.0526123046875 1905.26318359375 139.6318098616352 0.0 0.0 0.0 0.0 0.0 0.0 0.0
4844 2431.5789794921875 1910.5262451171875 138.9075561508429 0.0 0.0 0.0 0.0 0.0 0.0 0.0
4860 2442.1053466796875 1921.0526123046875 140.042130157988 0.0 0.0 0.0 0.0 0.0 0.0 0.0
4877 2447.3685302734375 1926.3157958984375 140.57792288863453 0.0 0.0 0.0 0.0 0.0 0.0 0.0
4893 2452.6317138671875 1931.5789794921875 141.08399923954647 0.0 0.0 0.0 0.0 0.0 0.0 0.0
4910 2457.8946533203125 1936.842041015625 141.56191772713535 0.0 0.0 0.0 0.0 0.0 0.0 0.0
4927 2457.8946533203125 1942.105224609375 143.44033563651124 0.0 0.0 0.0 0.0 0.0 0.0 0.0
4943 2463.1578369140625 1947.368408203125 143.78686465502886 0.0 0.0 0.0 0.0 0.0 0.0 0.0
4960 2468.4210205078125 1952.631591796875 144.11403849193053 0.0 0.0 0.0 0.0 0.0 0.0 0.0
4977 2468.4210205078125 1963.1578369140625 147.64089170204733 0.0 0.0 0.0 0.0 0.0 0.0 0.0
4993 2473.6842041015625 1968.4210205078125 147.75206849329462 0.0 0.0 0.0 0.0 0.0 0.0 0.0
5010 2478.9473876953125 1973.6842041015625 147.85701507590713 0.0 0.0 0.0 0.0 0.0 0.0 0.0
5027 2484.2105712890625 1978.9473876953125 147.95601836871134 0.0 0.0 0.0 0.0 0.0 0.0 0.0
5043 2489.4737548828125 1984.21044921875 148.0494540715505 0.0 0.0 0.0 0.0 0.0 0.0 0.0
5060 2494.7369384765625 1989.4736328125 148.13765927288932 0.0 0.0 0.0 0.0 0.0 0.0 0.0
5077 2500.0001220703125 2000.0 149.8241922855463 0.0 0.0 0.0 0.0 0.0 0.0 0.0
5094 2505.2633056640625 2005.26318359375 149.81282339484517 0.0 0.0 0.0 0.0 0.0 0.0 0.0
5110 2510.5262451171875 2010.5262451171875 149.80204041801383 0.0 0.0 0.0 0.0 0.0 0.0 0.0
5126 2515.7894287109375 2015.7894287109375 149.79185395872682 0.0 0.0 0.0 0.0 0.0 0.0 0.0
5143 2521.0526123046875 2026.3157958984375 151.34211301991806 0.0 0.0 0.0 0.0 0.0 0.0 0.0
5160 2526.3157958984375 2026.3157958984375 149.63698284119653 0.0 0.0 0.0 0.0 0.0 0.0 0.0
5177 2531.5789794921875 2031.5789794921875 149.63603908343345 0.0 0.0 0.0 0.0 0.0 0.0 0.0
5193 2536.8421630859375 2036.842041015625 149.6351062952687 0.0 0.0 0.0 0.0 0.0 0.0 0.0
5210 2542.1053466796875 2042.105224609375 149.6343227536652 0.0 0.0 0.0 0.0 0.0 0.0 0.0
5227 2547.3685302734375 2042.105224609375 147.97921502959957 0.0 0.0 0.0 0.0 0.0 0.0 0.0
5243 2557.8946533203125 2047.368408203125 146.5509838045379 0.0 0.0 0.0 0.0 0.0 0.0 0.0
5260 2568.4210205078125 2052.631591796875 145.24183315004166 0.0 0.0 0.0 0.0 0.0 0.0 0.0
5277 2573.6842041015625 2052.631591796875 143.7214219651155 0.0 0.0 0.0 0.0 0.0 0.0 0.0
5293 2584.2105712890625 2052.631591796875 140.8696617285678 0.0 0.0 0.0 0.0 0.0 0.0 0.0
5310 2589.4737548828125 2057.894775390625 141.3594859006974 0.0 0.0 0.0 0.0 0.0 0.0 0.0
5327 2594.7369384765625 2057.894775390625 139.96492185306226 0.0 0.0 0.0 0.0 0.0 0.0 0.0
5343 2605.2633056640625 2063.1578369140625 139.2122426780218 0.0 0.0 0.0 0.0 0.0 0.0 0.0
5360 2610.5262451171875 2063.1578369140625 137.88988172429222 0.0 0.0 0.0 0.0 0.0 0.0 0.0
5377 2615.7894287109375 2068.4210205078125 138.54480582187563 0.0 0.0 0.0 0.0 0.0 0.0 0.0
5393 2621.0526123046875 2073.6842041015625 139.16352633804286 0.0 0.0 0.0 0.0 0.0 0.0 0.0
5410 2626.3157958984375 2078.9473876953125 139.7480321395362 0.0 0.0 0.0 0.0 0.0 0.0 0.0
5427 2631.5789794921875 2078.9473876953125 138.40746644089958 0.0 0.0 0.0 0.0 0.0 0.0 0.0
5446 2636.8421630859375 2084.21044921875 139.03375339024825 0.0 0.0 0.0 0.0 0.0 0.0 0.0
5461 2636.8421630859375 2089.4736328125 140.97544582977386 0.0 0.0 0.0 0.0 0.0 0.0 0.0
5480 2647.3685302734375 2089.4736328125 138.3009924912857 0.0 0.0 0.0 0.0 0.0 0.0 0.0
5493 2647.3685302734375 2094.73681640625 140.26038234084007 0.0 0.0 0.0 0.0 0.0 0.0 0.0
5510 2652.6317138671875 2094.73681640625 138.90250257744566 0.0 0.0 0.0 0.0 0.0 0.0 0.0
5527 2652.6317138671875 2100.0 140.84737475497874 0.0 0.0 0.0 0.0 0.0 0.0 0.0
5543 2657.8946533203125 2105.26318359375 141.33851320941437 0.0 0.0 0.0 0.0 0.0 0.0 0.0
5560 2663.1578369140625 2105.26318359375 139.94464123563577 0.0 0.0 0.0 0.0 0.0 0.0 0.0
5577 2668.4210205078125 2105.26318359375 138.59738967850217 0.0 0.0 0.0 0.0 0.0 0.0 0.0
5593 2668.4210205078125 2110.5262451171875 140.54962607134115 0.0 0.0 0.0 0.0 0.0 0.0 0.0
5610 2673.6842041015625 2110.5262451171875 139.18206397563785 0.0 0.0 0.0 0.0 0.0 0.0 0.0
5627 2678.9473876953125 2115.7894287109375 139.7655373571356 0.0 0.0 0.0 0.0 0.0 0.0 0.0
5660 2684.2105712890625 2115.7894287109375 138.42437119729178 0.0 0.0 0.0 0.0 0.0 0.0 0.0
5693 2689.4737548828125 2121.0526123046875 139.04979318903614 0.0 0.0 0.0 0.0 0.0 0.0 0.0
5710 2694.7369384765625 2121.0526123046875 137.73287961933073 0.0 0.0 0.0 0.0 0.0 0.0 0.0
5727 2700.0001220703125 2121.0526123046875 136.46113220512763 0.0 0.0 0.0 0.0 0.0 0.0 0.0
5743 2705.2633056640625 2121.0526123046875 135.23355995098166 0.0 0.0 0.0 0.0 0.0 0.0 0.0
5760 2705.2633056640625 2126.3157958984375 137.2637573248266 0.0 0.0 0.0 0.0 0.0 0.0 0.0
5777 2710.5262451171875 2126.3157958984375 136.008289869483 0.0 0.0 0.0 0.0 0.0 0.0 0.0
5793 2715.7894287109375 2131.5789794921875 136.76669557584643 0.0 0.0 0.0 0.0 0.0 0.0 0.0
5810 2721.0526123046875 2131.5789794921875 135.52844494199834 0.0 0.0 0.0 0.0 0.0 0.0 0.0
5843 2726.3157958984375 2136.842041015625 136.31311798226787 0.0 0.0 0.0 0.0 0.0 0.0 0.0
5860 2731.5789794921875 2136.842041015625 135.09066794023144 0.0 0.0 0.0 0.0 0.0 0.0 0.0
5893 2736.8421630859375 2142.105224609375 135.89928022567773 0.0 0.0 0.0 0.0 0.0 0.0 0.0
5943 2742.1053466796875 2147.368408203125 136.6636374663474 0.0 0.0 0.0 0.0 0.0 0.0 0.0
5960 2747.3685302734375 2147.368408203125 135.4289493471163 0.0 0.0 0.0 0.0 0.0 0.0 0.0
5977 2752.6317138671875 2152.631591796875 136.21906822167517 0.0 0.0 0.0 0.0 0.0 0.0 0.0
5993 2757.8946533203125 2152.631591796875 135.00003572669175 0.0 0.0 0.0 0.0 0.0 0.0 0.0
6027 2763.1578369140625 2157.894775390625 135.81362151022049 0.0 0.0 0.0 0.0 0.0 0.0 0.0
6060 2768.4210205078125 2163.1578369140625 136.58264621267944 0.0 0.0 0.0 0.0 0.0 0.0 0.0
6093 2773.6842041015625 2168.4210205078125 137.30956137589425 0.0 0.0 0.0 0.0 0.0 0.0 0.0
6127 2778.9473876953125 2173.6842041015625 137.99646315527298 0.0 0.0 0.0 0.0 0.0 0.0 0.0
6160 2784.2105712890625 2178.9473876953125 138.6455273008636 0.0 0.0 0.0 0.0 0.0 0.0 0.0
6177 2789.4737548828125 2178.9473876953125 137.342377077012 0.0 0.0 0.0 0.0 0.0 0.0 0.0
6210 2789.4737548828125 2184.2105712890625 139.32440888452888 0.0 0.0 0.0 0.0 0.0 0.0 0.0
6227 2794.7369384765625 2184.2105712890625 137.9981949376409 0.0 0.0 0.0 0.0 0.0 0.0 0.0
6260 2800.0001220703125 2189.4737548828125 138.64713852571074 0.0 0.0 0.0 0.0 0.0 0.0 0.0
6277 2805.2633056640625 2189.4737548828125 137.34399309961455 0.0 0.0 0.0 0.0 0.0 0.0 0.0
6310 2810.5262451171875 2194.7369384765625 138.02902375637697 0.0 0.0 0.0 0.0 0.0 0.0 0.0
6327 2815.7894287109375 2194.7369384765625 136.7470757156406 0.0 0.0 0.0 0.0 0.0 0.0 0.0
6360 2821.0526123046875 2199.9998779296875 137.4648502204144 0.0 0.0 0.0 0.0 0.0 0.0 0.0
6377 2826.3157958984375 2199.9998779296875 136.2024017643664 0.0 0.0 0.0 0.0 0.0 0.0 0.0
6393 2831.5789794921875 2205.2630615234375 136.95018202280468 0.0 0.0 0.0 0.0 0.0 0.0 0.0
6427 2836.8421630859375 2205.2630615234375 135.70557482976423 0.0 0.0 0.0 0.0 0.0 0.0 0.0
6444 2842.1053466796875 2210.5262451171875 136.48055404658663 0.0 0.0 0.0 0.0 0.0 0.0 0.0
6460 2847.3685302734375 2215.7894287109375 137.21306322441222 0.0 0.0 0.0 0.0 0.0 0.0 0.0
6477 2847.3685302734375 2221.0526123046875 139.19809354767085 0.0 0.0 0.0 0.0 0.0 0.0 0.0
6493 2852.6317138671875 2226.3157958984375 139.78065416464392 0.0 0.0 0.0 0.0 0.0 0.0 0.0
6510 2857.8946533203125 2226.3157958984375 138.4390434099629 0.0 0.0 0.0 0.0 0.0 0.0 0.0
6527 2863.1578369140625 2231.5789794921875 139.06365101438212 0.0 0.0 0.0 0.0 0.0 0.0 0.0
6543 2863.1578369140625 2236.8421630859375 141.00459940741416 0.0 0.0 0.0 0.0 0.0 0.0 0.0
6560 2873.6842041015625 2242.1053466796875 140.16349834111026 0.0 0.0 0.0 0.0 0.0 0.0 0.0
6577 2878.9473876953125 2247.3682861328125 140.69247558439332 0.0 0.0 0.0 0.0 0.0 0.0 0.0
6593 2884.2105712890625 2252.6314697265625 141.19218695775842 0.0 0.0 0.0 0.0 0.0 0.0 0.0
6610 2889.4737548828125 2257.8946533203125 141.66411106253815 0.0 0.0 0.0 0.0 0.0 0.0 0.0
6627 2894.7369384765625 2263.1578369140625 142.10975661607614 0.0 0.0 0.0 0.0 0.0 0.0 0.0
6643 2900.0001220703125 2268.4210205078125 142.53055338348642 0.0 0.0 0.0 0.0 0.0 0.0 0.0
6660 2910.5262451171875 2268.4210205078125 139.75505178794904 0.0 0.0 0.0 0.0 0.0 0.0 0.0
6677 2915.7894287109375 2278.9473876953125 142.11361218959394 0.0 0.0 0.0 0.0 0.0 0.0 0.0
6710 2926.3157958984375 2284.2105712890625 141.17830743127786 0.0 0.0 0.0 0.0 0.0 0.0 0.0
6727 2926.3157958984375 2289.4737548828125 143.06652670959835 0.0 0.0 0.0 0.0 0.0 0.0 0.0
6743 2936.8421630859375 2294.7369384765625 142.05054244949147 0.0 0.0 0.0 0.0 0.0 0.0 0.0
6760 2942.1053466796875 2299.9998779296875 142.47451073164888 0.0 0.0 0.0 0.0 0.0 0.0 0.0
6777 2947.3685302734375 2305.2630615234375 142.87498077242518 0.0 0.0 0.0 0.0 0.0 0.0 0.0
6793 2952.6317138671875 2310.5262451171875 143.25303236432438 0.0 0.0 0.0 0.0 0.0 0.0 0.0
6810 2957.8946533203125 2315.7894287109375 143.6100793334005 0.0 0.0 0.0 0.0 0.0 0.0 0.0
6827 2963.1578369140625 2321.0526123046875 143.9471451900841 0.0 0.0 0.0 0.0 0.0 0.0 0.0
6843 2968.4210205078125 2326.3157958984375 144.26528603922887 0.0 0.0 0.0 0.0 0.0 0.0 0.0
6860 2978.9473876953125 2331.5789794921875 143.14808111601417 0.0 0.0 0.0 0.0 0.0 0.0 0.0
6894 2984.2105712890625 2336.8421630859375 143.51094309520997 0.0 0.0 0.0 0.0 0.0 0.0 0.0
6910 2989.4737548828125 2342.1053466796875 143.85353568709786 0.0 0.0 0.0 0.0 0.0 0.0 0.0
6927 2994.7369384765625 2347.3682861328125 144.17683596206493 0.0 0.0 0.0 0.0 0.0 0.0 0.0
6943 3000.0001220703125 2347.3682861328125 142.6903299579265 0.0 0.0 0.0 0.0 0.0 0.0 0.0
6960 3005.2633056640625 2352.6314697265625 143.0787529640128 0.0 0.0 0.0 0.0 0.0 0.0 0.0
6981 3010.5262451171875 2357.8946533203125 143.44549006276503 0.0 0.0 0.0 0.0 0.0 0.0 0.0
6982 3010.5262451171875 2357.8946533203125 143.44545515348221 0.0 0.0 0.0 0.0 0.0 0.0 0.0
7000 3015.7894287109375 2363.1578369140625 143.7916780031602 0.0 0.0 0.0 0.0 0.0 0.0 0.0
7014 3015.7894287109375 2368.4210205078125 145.61143663578068 0.0 0.0 0.0 0.0 0.0 0.0 0.0
7043 3021.0526123046875 2373.6842041015625 145.83638446390873 0.0 0.0 0.0 0.0 0.0 0.0 0.0
7060 3026.3157958984375 2373.6842041015625 144.2972158522236 0.0 0.0 0.0 0.0 0.0 0.0 0.0
7077 3031.5789794921875 2373.6842041015625 142.80687414233546 0.0 0.0 0.0 0.0 0.0 0.0 0.0
7093 3036.8421630859375 2378.9473876953125 143.18882852832547 0.0 0.0 0.0 0.0 0.0 0.0 0.0
7110 3042.1053466796875 2384.2105712890625 143.54940692955356 0.0 0.0 0.0 0.0 0.0 0.0 0.0
7143 3047.3685302734375 2389.4737548828125 143.88987153745995 0.0 0.0 0.0 0.0 0.0 0.0 0.0
7160 3052.6317138671875 2389.4737548828125 142.41261985224125 0.0 0.0 0.0 0.0 0.0 0.0 0.0
7177 3057.8946533203125 2394.7369384765625 142.8165900346762 0.0 0.0 0.0 0.0 0.0 0.0 0.0
7193 3057.8946533203125 2399.9998779296875 144.66221880046265 0.0 0.0 0.0 0.0 0.0 0.0 0.0
7210 3068.4210205078125 2399.9998779296875 141.75094623121515 0.0 0.0 0.0 0.0 0.0 0.0 0.0
7243 3073.6842041015625 2405.2630615234375 142.1916906261651 0.0 0.0 0.0 0.0 0.0 0.0 0.0
7260 3073.6842041015625 2410.5262451171875 144.05383405212888 0.0 0.0 0.0 0.0 0.0 0.0 0.0
7277 3078.9473876953125 2410.5262451171875 142.5713295701682 0.0 0.0 0.0 0.0 0.0 0.0 0.0
7293 3084.2105712890625 2410.5262451171875 141.1368567600996 0.0 0.0 0.0 0.0 0.0 0.0 0.0
7310 3089.4737548828125 2415.7894287109375 141.61180031509306 0.0 0.0 0.0 0.0 0.0 0.0 0.0
7327 3094.7369384765625 2421.0526123046875 142.06030040471074 0.0 0.0 0.0 0.0 0.0 0.0 0.0
7344 3100.0001220703125 2421.0526123046875 140.64260961918532 0.0 0.0 0.0 0.0 0.0 0.0 0.0
7360 3105.2633056640625 2431.5789794921875 142.9316528345393 0.0 0.0 0.0 0.0 0.0 0.0 0.0
7377 3115.7894287109375 2436.8421630859375 141.9271031592822 0.0 0.0 0.0 0.0 0.0 0.0 0.0
7393 3121.0526123046875 2442.1053466796875 142.3580704700636 0.0 0.0 0.0 0.0 0.0 0.0 0.0
7410 3131.5789794921875 2447.3682861328125 141.40200831450665 0.0 0.0 0.0 0.0 0.0 0.0 0.0
7427 3136.8421630859375 2452.6314697265625 141.86226155813534 0.0 0.0 0.0 0.0 0.0 0.0 0.0
7443 3147.3685302734375 2463.1578369140625 142.68551321031543 0.0 0.0 0.0 0.0 0.0 0.0 0.0
7460 3152.6317138671875 2468.4210205078125 143.07416926353042 0.0 0.0 0.0 0.0 0.0 0.0 0.0
7477 3157.8946533203125 2473.6842041015625 143.441203505435 0.0 0.0 0.0 0.0 0.0 0.0 0.0
7493 3168.4210205078125 2478.9473876953125 142.3934895106634 0.0 0.0 0.0 0.0 0.0 0.0 0.0
7510 3184.2105712890625 2489.4737548828125 141.85601824558975 0.0 0.0 0.0 0.0 0.0 0.0 0.0
7527 3189.4737548828125 2494.7369384765625 142.29093994329543 0.0 0.0 0.0 0.0 0.0 0.0 0.0
7543 3194.7369384765625 2499.9998779296875 142.7015198055874 0.0 0.0 0.0 0.0 0.0 0.0 0.0
7560 3205.2633056640625 2505.2630615234375 141.71639230157697 0.0 0.0 0.0 0.0 0.0 0.0 0.0
7578 3210.5262451171875 2510.5262451171875 142.15919273225933 0.0 0.0 0.0 0.0 0.0 0.0 0.0
7593 3215.7894287109375 2521.0526123046875 144.32848821101888 0.0 0.0 0.0 0.0 0.0 0.0 0.0
7610 3221.0526123046875 2526.3157958984375 144.62535322597037 0.0 0.0 0.0 0.0 0.0 0.0 0.0
7627 3231.5789794921875 2531.5789794921875 143.4777764303383 0.0 0.0 0.0 0.0 0.0 0.0 0.0
7644 3236.8421630859375 2536.8421630859375 143.82222806715822 0.0 0.0 0.0 0.0 0.0 0.0 0.0
7660 3236.8421630859375 2542.1053466796875 145.6411387336636 0.0 0.0 0.0 0.0 0.0 0.0 0.0
7677 3242.1053466796875 2547.3682861328125 145.86443414357927 0.0 0.0 0.0 0.0 0.0 0.0 0.0
7694 3247.3685302734375 2552.6314697265625 146.0752353964677 0.0 0.0 0.0 0.0 0.0 0.0 0.0
7710 3252.6317138671875 2552.6314697265625 144.52859851527094 0.0 0.0 0.0 0.0 0.0 0.0 0.0
7727 3257.8946533203125 2563.1578369140625 146.50860657027326 0.0 0.0 0.0 0.0 0.0 0.0 0.0
7746 3263.1578369140625 2563.1578369140625 144.94845320541071 0.0 0.0 0.0 0.0 0.0 0.0 0.0
7761 3268.4210205078125 2568.4210205078125 145.2105645711522 0.0 0.0 0.0 0.0 0.0 0.0 0.0
7777 3273.6842041015625 2573.6842041015625 145.45801480275486 0.0 0.0 0.0 0.0 0.0 0.0 0.0
7793 3273.6842041015625 2578.9473876953125 147.23229532575692 0.0 0.0 0.0 0.0 0.0 0.0 0.0
7810 3278.9473876953125 2578.9473876953125 145.64971478148635 0.0 0.0 0.0 0.0 0.0 0.0 0.0
7827 3284.2105712890625 2584.2105712890625 145.87259570289922 0.0 0.0 0.0 0.0 0.0 0.0 0.0
7847 3284.2105712890625 2589.4737548828125 147.6353408812239 0.0 0.0 0.0 0.0 0.0 0.0 0.0
7860 3289.4737548828125 2589.4737548828125 146.0404715496043 0.0 0.0 0.0 0.0 0.0 0.0 0.0
7878 3294.7369384765625 2594.7369384765625 146.2414049496305 0.0 0.0 0.0 0.0 0.0 0.0 0.0
7893 3300.0001220703125 2599.9998779296875 146.43101725292073 0.0 0.0 0.0 0.0 0.0 0.0 0.0
7927 3305.2633056640625 2605.2630615234375 146.61012693943346 0.0 0.0 0.0 0.0 0.0 0.0 0.0
7943 3310.5262451171875 2610.5262451171875 146.77918393514642 0.0 0.0 0.0 0.0 0.0 0.0 0.0
7977 3315.7894287109375 2615.7894287109375 146.9387238753826 0.0 0.0 0.0 0.0 0.0 0.0 0.0
7993 3321.0526123046875 2621.0526123046875 147.08935181215415 0.0 0.0 0.0 0.0 0.0 0.0 0.0
8010 3326.3157958984375 2626.3157958984375 147.23151652697513 0.0 0.0 0.0 0.0 0.0 0.0 0.0
8027 3331.5789794921875 2626.3157958984375 145.64902118884885 0.0 0.0 0.0 0.0 0.0 0.0 0.0
8043 3336.8421630859375 2631.5789794921875 145.87192056061372 0.0 0.0 0.0 0.0 0.0 0.0 0.0
8060 3347.3685302734375 2636.8421630859375 144.61957281405836 0.0 0.0 0.0 0.0 0.0 0.0 0.0
8077 3352.6317138671875 2642.1053466796875 144.9001666250762 0.0 0.0 0.0 0.0 0.0 0.0 0.0
8093 3363.1578369140625 2647.3682861328125 143.7294909742938 0.0 0.0 0.0 0.0 0.0 0.0 0.0
8110 3368.4210205078125 2652.6314697265625 144.05986363150433 0.0 0.0 0.0 0.0 0.0 0.0 0.0
8127 3373.6842041015625 2657.8946533203125 144.3717097607696 0.0 0.0 0.0 0.0 0.0 0.0 0.0
8143 3378.9473876953125 2663.1578369140625 144.66612838917683 0.0 0.0 0.0 0.0 0.0 0.0 0.0
8160 3389.4737548828125 2668.4210205078125 143.51512886381266 0.0 0.0 0.0 0.0 0.0 0.0 0.0
8177 3394.7369384765625 2673.6842041015625 143.85744265094087 0.0 0.0 0.0 0.0 0.0 0.0 0.0
8193 3400.0001220703125 2678.9473876953125 144.18066103695924 0.0 0.0 0.0 0.0 0.0 0.0 0.0
8210 3410.5262451171875 2684.2105712890625 143.07063003406125 0.0 0.0 0.0 0.0 0.0 0.0 0.0
8227 3415.7894287109375 2689.4737548828125 143.4377574311765 0.0 0.0 0.0 0.0 0.0 0.0 0.0
8243 3426.3157958984375 2694.7369384765625 142.39035571152937 0.0 0.0 0.0 0.0 0.0 0.0 0.0
8260 3431.5789794921875 2699.9998779296875 142.79536708127216 0.0 0.0 0.0 0.0 0.0 0.0 0.0
8277 3436.8421630859375 2705.2630615234375 143.17792997776422 0.0 0.0 0.0 0.0 0.0 0.0 0.0
8293 3447.3685302734375 2705.2630615234375 140.3608557145344 0.0 0.0 0.0 0.0 0.0 0.0 0.0
8310 3452.6317138671875 2710.5262451171875 140.8789522303785 0.0 0.0 0.0 0.0 0.0 0.0 0.0
8327 3457.8946533203125 2715.7894287109375 141.36831402135635 0.0 0.0 0.0 0.0 0.0 0.0 0.0
8343 3463.1578369140625 2721.0526123046875 141.83041647408456 0.0 0.0 0.0 0.0 0.0 0.0 0.0
8360 3473.6842041015625 2726.3157958984375 140.91914328811873 0.0 0.0 0.0 0.0 0.0 0.0 0.0
8377 3478.9473876953125 2731.5789794921875 141.40624591088581 0.0 0.0 0.0 0.0 0.0 0.0 0.0
8393 3489.4737548828125 2736.8421630859375 140.5310222091059 0.0 0.0 0.0 0.0 0.0 0.0 0.0
8410 3500.0001220703125 2742.1053466796875 139.7301385936769 0.0 0.0 0.0 0.0 0.0 0.0 0.0
8427 3510.5262451171875 2747.3682861328125 138.99752072668008 0.0 0.0 0.0 0.0 0.0 0.0 0.0
8443 3515.7894287109375 2752.6314697265625 139.59123351204818 0.0 0.0 0.0 0.0 0.0 0.0 0.0
8460 3526.3157958984375 2757.8946533203125 138.87051350286612 0.0 0.0 0.0 0.0 0.0 0.0 0.0
8477 3536.8421630859375 2763.1578369140625 138.21131206123366 0.0 0.0 0.0 0.0 0.0 0.0 0.0
8493 3542.1053466796875 2768.4210205078125 138.84854349053379 0.0 0.0 0.0 0.0 0.0 0.0 0.0
8510 3547.3685302734375 2773.6842041015625 139.4504618316023 0.0 0.0 0.0 0.0 0.0 0.0 0.0
8527 3557.8946533203125 2784.2105712890625 140.5280058648321 0.0 0.0 0.0 0.0 0.0 0.0 0.0
8543 3568.4210205078125 2784.2105712890625 137.8829463457675 0.0 0.0 0.0 0.0 0.0 0.0 0.0
8561 3573.6842041015625 2789.4737548828125 138.5381985484902 0.0 0.0 0.0 0.0 0.0 0.0 0.0
8577 3578.9473876953125 2794.7369384765625 139.1572859386362 0.0 0.0 0.0 0.0 0.0 0.0 0.0
8593 3589.4737548828125 2799.9998779296875 138.47344106279633 0.0 0.0 0.0 0.0 0.0 0.0 0.0
8613 3594.7369384765625 2805.2630615234375 139.0960835724328 0.0 0.0 0.0 0.0 0.0 0.0 0.0
8627 3605.2633056640625 2810.5262451171875 138.41755771562927 0.0 0.0 0.0 0.0 0.0 0.0 0.0
8643 3605.2633056640625 2815.7894287109375 140.3741148783687 0.0 0.0 0.0 0.0 0.0 0.0 0.0
8660 3615.7894287109375 2821.0526123046875 139.58673702972305 0.0 0.0 0.0 0.0 0.0 0.0 0.0
8677 3621.0526123046875 2826.3157958984375 140.14783723569883 0.0 0.0 0.0 0.0 0.0 0.0 0.0
8693 3631.5789794921875 2831.5789794921875 139.3796554271014 0.0 0.0 0.0 0.0 0.0 0.0 0.0
8710 3642.1053466796875 2836.8421630859375 138.67693124761144 0.0 0.0 0.0 0.0 0.0 0.0 0.0
8727 3647.3685302734375 2842.1053466796875 139.2883913087181 0.0 0.0 0.0 0.0 0.0 0.0 0.0
8743 3657.8946533203125 2847.3682861328125 138.59341122082003 0.0 0.0 0.0 0.0 0.0 0.0 0.0
8760 3663.1578369140625 2847.3682861328125 137.29211858346835 0.0 0.0 0.0 0.0 0.0 0.0 0.0
8777 3668.4210205078125 2852.6314697265625 137.9799771575465 0.0 0.0 0.0 0.0 0.0 0.0 0.0
8793 3673.6842041015625 2857.8946533203125 138.6299688001958 0.0 0.0 0.0 0.0 0.0 0.0 0.0
8810 3684.2105712890625 2863.1578369140625 137.99129781092464 0.0 0.0 0.0 0.0 0.0 0.0 0.0
8827 3689.4737548828125 2868.4210205078125 138.6405753864698 0.0 0.0 0.0 0.0 0.0 0.0 0.0
8843 3694.7369384765625 2868.4210205078125 137.33770419425343 0.0 0.0 0.0 0.0 0.0 0.0 0.0
8860 3700.0001220703125 2873.6842041015625 138.02303057291826 0.0 0.0 0.0 0.0 0.0 0.0 0.0
8877 3710.5262451171875 2873.6842041015625 135.54480055123258 0.0 0.0 0.0 0.0 0.0 0.0 0.0
8893 3715.7894287109375 2873.6842041015625 134.34940471622693 0.0 0.0 0.0 0.0 0.0 0.0 0.0
8910 3726.3157958984375 2878.9473876953125 134.07751695617145 0.0 0.0 0.0 0.0 0.0 0.0 0.0
8927 3731.5789794921875 2878.9473876953125 132.93422347332785 0.0 0.0 0.0 0.0 0.0 0.0 0.0
8944 3736.8421630859375 2884.2105712890625 133.86022986033802 0.0 0.0 0.0 0.0 0.0 0.0 0.0
8960 3742.1053466796875 2884.2105712890625 132.72466779565076 0.0 0.0 0.0 0.0 0.0 0.0 0.0
8977 3747.3685302734375 2889.4737548828125 133.66197408839116 0.0 0.0 0.0 0.0 0.0 0.0 0.0
8993 3752.6317138671875 2889.4737548828125 132.5335039339266 0.0 0.0 0.0 0.0 0.0 0.0 0.0
9010 3763.1578369140625 2894.7369384765625 132.417715615006 0.0 0.0 0.0 0.0 0.0 0.0 0.0
9027 3768.4210205078125 2894.7369384765625 131.3340648988592 0.0 0.0 0.0 0.0 0.0 0.0 0.0
9043 3773.6842041015625 2899.9998779296875 132.34633669199184 0.0 0.0 0.0 0.0 0.0 0.0 0.0
9060 3778.9473876953125 2899.9998779296875 131.2652795211063 0.0 0.0 0.0 0.0 0.0 0.0 0.0
9077 3784.2105712890625 2905.2630615234375 132.28132387069041 0.0 0.0 0.0 0.0 0.0 0.0 0.0
9093 3789.4737548828125 2905.2630615234375 131.20261863450972 0.0 0.0 0.0 0.0 0.0 0.0 0.0
9110 3794.7369384765625 2910.5262451171875 132.2220356441879 0.0 0.0 0.0 0.0 0.0 0.0 0.0
9127 3805.2633056640625 2910.5262451171875 130.14438427526088 0.0 0.0 0.0 0.0 0.0 0.0 0.0
9143 3810.5262451171875 2915.7894287109375 131.2204999326083 0.0 0.0 0.0 0.0 0.0 0.0 0.0
9160 3810.5262451171875 2921.0526123046875 133.33501701845836 0.0 0.0 0.0 0.0 0.0 0.0 0.0
9177 3821.0526123046875 2921.0526123046875 131.17910100386928 0.0 0.0 0.0 0.0 0.0 0.0 0.0
9193 3821.0526123046875 2926.3157958984375 133.29448498821594 0.0 0.0 0.0 0.0 0.0 0.0 0.0
9210 3826.3157958984375 2931.5789794921875 134.2008918673112 0.0 0.0 0.0 0.0 0.0 0.0 0.0
9227 3831.5789794921875 2936.8421630859375 135.05811305728446 0.0 0.0 0.0 0.0 0.0 0.0 0.0
9243 3836.8421630859375 2942.1053466796875 135.868579458018 0.0 0.0 0.0 0.0 0.0 0.0 0.0
9277 3847.3685302734375 2947.3682861328125 135.46622111526287 0.0 0.0 0.0 0.0 0.0 0.0 0.0
9310 3852.6317138671875 2952.6314697265625 136.25433343289194 0.0 0.0 0.0 0.0 0.0 0.0 0.0
9327 3857.8946533203125 2957.8946533203125 136.99924758805196 0.0 0.0 0.0 0.0 0.0 0.0 0.0
9343 3863.1578369140625 2963.1578369140625 137.70322814106322 0.0 0.0 0.0 0.0 0.0 0.0 0.0
9360 3868.4210205078125 2968.4210205078125 138.36845124381202 0.0 0.0 0.0 0.0 0.0 0.0 0.0
9377 3873.6842041015625 2973.6842041015625 138.99694007451487 0.0 0.0 0.0 0.0 0.0 0.0 0.0
9410 3884.2105712890625 2978.9473876953125 138.32692777677727 0.0 0.0 0.0 0.0 0.0 0.0 0.0
9428 3889.4737548828125 2984.2105712890625 138.95771020789152 0.0 0.0 0.0 0.0 0.0 0.0 0.0
9443 3894.7369384765625 2984.2105712890625 137.64395186769246 0.0 0.0 0.0 0.0 0.0 0.0 0.0
9460 3900.0001220703125 2994.7369384765625 140.1660390576747 0.0 0.0 0.0 0.0 0.0 0.0 0.0
9477 3905.2633056640625 2999.9998779296875 140.69490585253965 0.0 0.0 0.0 0.0 0.0 0.0 0.0
9493 3910.5262451171875 2999.9998779296875 139.3225461326328 0.0 0.0 0.0 0.0 0.0 0.0 0.0
9510 3921.0526123046875 3005.2630615234375 138.62467372555824 0.0 0.0 0.0 0.0 0.0 0.0 0.0
9527 3926.3157958984375 3010.5262451171875 139.2390247197366 0.0 0.0 0.0 0.0 0.0 0.0 0.0
9543 3931.5789794921875 3015.7894287109375 139.81934165153825 0.0 0.0 0.0 0.0 0.0 0.0 0.0
9560 3936.8421630859375 3021.0526123046875 140.36747171913012 0.0 0.0 0.0 0.0 0.0 0.0 0.0
9577 3947.3685302734375 3021.0526123046875 137.7330129827602 0.0 0.0 0.0 0.0 0.0 0.0 0.0
9593 3952.6317138671875 3026.3157958984375 138.39655268517427 0.0 0.0 0.0 0.0 0.0 0.0 0.0
9610 3963.1578369140625 3031.5789794921875 137.7778201116483 0.0 0.0 0.0 0.0 0.0 0.0 0.0
9627 3968.4210205078125 3036.8421630859375 138.43892404247165 0.0 0.0 0.0 0.0 0.0 0.0 0.0
9646 3978.9473876953125 3036.8421630859375 135.93270029015446 0.0 0.0 0.0 0.0 0.0 0.0 0.0
9668 3989.4737548828125 3047.3682861328125 137.3784681385182 0.0 0.0 0.0 0.0 0.0 0.0 0.0
9693 3989.4737548828125 3052.6314697265625 139.35968154210616 0.0 0.0 0.0 0.0 0.0 0.0 0.0
9710 4000.0001220703125 3052.6314697265625 136.79188221332365 0.0 0.0 0.0 0.0 0.0 0.0 0.0
9727 4005.2633056640625 3057.8946533203125 137.5072880666855 0.0 0.0 0.0 0.0 0.0 0.0 0.0
9743 4010.5262451171875 3063.1578369140625 138.18336586986672 0.0 0.0 0.0 0.0 0.0 0.0 0.0
9765 4015.7894287109375 3073.6842041015625 140.6638584044775 0.0 0.0 0.0 0.0 0.0 0.0 0.0
9793 4021.0526123046875 3078.9473876953125 141.16513015924386 0.0 0.0 0.0 0.0 0.0 0.0 0.0
9810 4026.3157958984375 3084.2105712890625 141.63851554665737 0.0 0.0 0.0 0.0 0.0 0.0 0.0
9827 4031.5789794921875 3089.4737548828125 142.0855565068027 0.0 0.0 0.0 0.0 0.0 0.0 0.0
9843 4031.5789794921875 3094.7369384765625 143.95038683187482 0.0 0.0 0.0 0.0 0.0 0.0 0.0
9860 4036.8421630859375 3099.9998779296875 144.2683539531245 0.0 0.0 0.0 0.0 0.0 0.0 0.0
9877 4042.1053466796875 3105.2630615234375 144.56853523498967 0.0 0.0 0.0 0.0 0.0 0.0 0.0
9893 4042.1053466796875 3110.5262451171875 146.36731848918723 0.0 0.0 0.0 0.0 0.0 0.0 0.0
9910 4042.1053466796875 3115.7894287109375 148.11622724712333 0.0 0.0 0.0 0.0 0.0 0.0 0.0
9928 4047.3685302734375 3121.0526123046875 148.20070259123972 0.0 0.0 0.0 0.0 0.0 0.0 0.0
9944 4047.3685302734375 3126.3157958984375 149.89722389450577 0.0 0.0 0.0 0.0 0.0 0.0 0.0
9960 4052.6317138671875 3136.8421630859375 151.43878941375306 0.0 0.0 0.0 0.0 0.0 0.0 0.0
9977 4052.6317138671875 3142.1053466796875 153.0387284863591 0.0 0.0 0.0 0.0 0.0 0.0 0.0
9993 4052.6317138671875 3147.3682861328125 154.58933347720176 0.0 0.0 0.0 0.0 0.0 0.0 0.0
10010 4057.8946533203125 3152.6314697265625 154.31067804681572 0.0 0.0 0.0 0.0 0.0 0.0 0.0
10027 4057.8946533203125 3163.1578369140625 157.23884389797846 0.0 0.0 0.0 0.0 0.0 0.0 0.0
10060 4063.1578369140625 3173.6842041015625 158.1647848369984 0.0 0.0 0.0 0.0 0.0 0.0 0.0
10077 4063.1578369140625 3178.9473876953125 159.54991298056808 0.0 0.0 0.0 0.0 0.0 0.0 0.0
10094 4063.1578369140625 3184.2105712890625 160.88859394330223 0.0 0.0 0.0 0.0 0.0 0.0 0.0
10110 4063.1578369140625 3189.4737548828125 162.18164819696932 0.0 0.0 0.0 0.0 0.0 0.0 0.0
10127 4068.4210205078125 3199.9998779296875 162.68597292458122 0.0 0.0 0.0 0.0 0.0 0.0 0.0
10143 4068.4210205078125 3205.2630615234375 163.91685526321464 0.0 0.0 0.0 0.0 0.0 0.0 0.0
10160 4068.4210205078125 3215.7894287109375 166.21117037423315 0.0 0.0 0.0 0.0 0.0 0.0 0.0
10177 4068.4210205078125 3221.0526123046875 167.31698579158493 0.0 0.0 0.0 0.0 0.0 0.0 0.0
10193 4068.4210205078125 3231.5789794921875 169.37364394953556 0.0 0.0 0.0 0.0 0.0 0.0 0.0
10210 4068.4210205078125 3236.8421630859375 170.36400554257585 0.0 0.0 0.0 0.0 0.0 0.0 0.0
10227 4068.4210205078125 3252.6314697265625 173.0263367282596 0.0 0.0 0.0 0.0 0.0 0.0 0.0
10246 4068.4210205078125 3257.8946533203125 173.88002236317828 0.0 0.0 0.0 0.0 0.0 0.0 0.0
10260 4068.4210205078125 3273.6842041015625 176.1694146790667 0.0 0.0 0.0 0.0 0.0 0.0 0.0
10277 4068.4210205078125 3284.2105712890625 177.58222072115635 0.0 0.0 0.0 0.0 0.0 0.0 0.0
10295 4068.4210205078125 3299.9998779296875 179.47228868721842 0.0 0.0 0.0 0.0 0.0 0.0 0.0
10310 4068.4210205078125 3315.7894287109375 181.1562855250906 0.0 0.0 0.0 0.0 0.0 0.0 0.0
10327 4068.4210205078125 3331.5789794921875 182.65560939954966 0.0 0.0 0.0 0.0 0.0 0.0 0.0
10345 4068.4210205078125 3347.3682861328125 183.98983609664765 0.0 0.0 0.0 0.0 0.0 0.0 0.0
10362 4068.4210205078125 3357.8946533203125 184.81126773252424 0.0 0.0 0.0 0.0 0.0 0.0 0.0
10377 4068.4210205078125 3373.6842041015625 185.90694596419434 0.0 0.0 0.0 0.0 0.0 0.0 0.0
10394 4068.4210205078125 3389.4737548828125 186.88090979008376 0.0 0.0 0.0 0.0 0.0 0.0 0.0
10410 4068.4210205078125 3410.5262451171875 187.99374097892283 0.0 0.0 0.0 0.0 0.0 0.0 0.0
10427 4068.4210205078125 3426.3157958984375 188.73527346705018 0.0 0.0 0.0 0.0 0.0 0.0 0.0
10448 4068.4210205078125 3463.1578369140625 190.07315709409818 0.0 0.0 0.0 0.0 0.0 0.0 0.0
10478 4068.4210205078125 3484.2105712890625 190.72780404914215 0.0 0.0 0.0 0.0 0.0 0.0 0.0
10510 4068.4210205078125 3499.9998779296875 191.163862141954 0.0 0.0 0.0 0.0 0.0 0.0 0.0
10527 4068.4210205078125 3510.5262451171875 191.43206018185464 0.0 0.0 0.0 0.0 0.0 0.0 0.0