0 2000.0 1500.0 0 0.0 0.0 0.0 0.0 0.0 0.0 0.0
263 2000.0 1500.0 0 0.0 0.0 0.0 0.0 0.0 0.0 0.0
281 2000.0 1500.0 0 0.0 0.0 0.0 0.0 0.0 0.0 0.0
297 2000.0 1500.0 0 0.0 0.0 0.0 0.0 0.0 0.0 0.0
314 2000.0 1500.0 0 0.0 0.0 0.0 0.0 0.0 0.0 0.0
331 2000.0 1500.0 0 0.0 0.0 0.0 0.0 0.0 0.0 0.0
349 2000.0 1500.0 0 0.0 0.0 0.0 0.0 0.0 0.0 0.0
366 2000.0 1500.0 0 0.0 0.0 0.0 0.0 0.0 0.0 0.0
384 2000.0 1500.0 0 0.0 0.0 0.0 0.0 0.0 0.0 0.0
408 2000.0 1500.0 0 0.0 0.0 0.0 0.0 0.0 0.0 0.0
425 2000.0 1500.0 0 0.0 0.0 0.0 0.0 0.0 0.0 0.0
486 2000.0 1500.0 0 0.0 0.0 0.0 0.0 0.0 0.0 0.0
504 2000.0 1500.0 0 0.0 0.0 0.0 0.0 0.0 0.0 0.0
528 2000.0 1500.0 0 0.0 0.0 0.0 0.0 0.0 0.0 0.0
545 2000.0 1500.0 0 0.0 0.0 0.0 0.0 0.0 0.0 0.0
583 2000.0 1500.0 0 0.0 0.0 0.0 0.0 0.0 0.0 0.0
600 2000.0 1500.0 0 0.0 0.0 0.0 0.0 0.0 0.0 0.0
617 2000.0 1500.0 0 0.0 0.0 0.0 0.0 0.0 0.0 0.0
634 2000.0 1500.0 0 0.0 0.0 0.0 0.0 0.0 0.0 0.0
652 2000.0 1500.0 0 0.0 0.0 0.0 0.0 0.0 0.0 0.0
672 2000.0 1500.0 0 0.0 0.0 0.0 0.0 0.0 0.0 0.0
704 2000.0 1500.0 0 0.0 0.0 0.0 0.0 0.0 0.0 0.0
722 2000.0 1500.0 0 0.0 0.0 0.0 0.0 0.0 0.0 0.0
739 2000.0 1500.0 0 0.0 0.0 0.0 0.0 0.0 0.0 0.0
757 2000.0 1500.0 0 0.0 0.0 0.0 0.0 0.0 0.0 0.0
775 2000.0 1500.0 0 0.0 0.0 0.0 0.0 0.0 0.0 0.0
792 2000.0 1500.0 0 0.0 0.0 0.0 0.0 0.0 0.0 0.0
816 2000.0 1500.0 0 0.0 0.0 0.0 0.0 0.0 0.0 0.0
833 2000.0 1500.0 0 0.0 0.0 0.0 0.0 0.0 0.0 0.0
849 2000.0 1500.0 0 0.0 0.0 0.0 0.0 0.0 0.0 0.0
867 2000.0 1500.0 0 0.0 0.0 0.0 0.0 0.0 0.0 0.0
884 2000.0 1500.0 0 0.0 0.0 0.0 0.0 0.0 0.0 0.0
912 2000.0 1500.0 0 0.0 0.0 0.0 0.0 0.0 0.0 0.0
944 2000.0 1500.0 0 0.0 0.0 0.0 0.0 0.0 0.0 0.0
961 2000.0 1500.0 0 0.0 0.0 0.0 0.0 0.0 0.0 0.0
978 2000.0 1500.0 0 0.0 0.0 0.0 0.0 0.0 0.0 0.0
1022 2000.0 1500.0 0 0.0 0.0 0.0 0.0 0.0 0.0 0.0
1040 2000.0 1500.0 0 0.0 0.0 0.0 0.0 0.0 0.0 0.0
1057 2000.0 1500.0 0 0.0 0.0 0.0 0.0 0.0 0.0 0.0
1074 2000.0001220703125 1497.1646728515625 359.79444278530906 0.0 0.0 0.0 0.0 0.0 0.0 0.0
1091 2002.83544921875 1494.3292236328125 1.1506349793492632 0.0 0.0 0.0 0.0 0.0 0.0 0.0
1109 2002.83544921875 1491.4937744140625 0.9137542105963945 0.0 0.0 0.0 0.0 0.0 0.0 0.0
1126 2002.83544921875 1488.658447265625 0.6833839504402022 0.0 0.0 0.0 0.0 0.0 0.0 0.0
1143 2002.83544921875 1482.9876708984375 0.2468860761521512 0.0 0.0 0.0 0.0 0.0 0.0 0.0
1161 2002.83544921875 1480.1522216796875 0.03460689769150349 0.0 0.0 0.0 0.0 0.0 0.0 0.0
1178 2002.83544921875 1474.4814453125 359.63259030184577 0.0 0.0 0.0 0.0 0.0 0.0 0.0
1197 2002.83544921875 1468.810546875 359.25184405661724 0.0 0.0 0.0 0.0 0.0 0.0 0.0
1216 2002.83544921875 1465.9752197265625 359.06670690177333 0.0 0.0 0.0 0.0 0.0 0.0 0.0
1232 2002.83544921875 1457.468994140625 358.5543661960869 0.0 0.0 0.0 0.0 0.0 0.0 0.0
1250 2002.83544921875 1451.7982177734375 358.23093856550105 0.0 0.0 0.0 0.0 0.0 0.0 0.0
1266 2002.83544921875 1448.9627685546875 358.07359893637374 0.0 0.0 0.0 0.0 0.0 0.0 0.0
1288 2002.83544921875 1446.1273193359375 357.92060886154025 0.0 0.0 0.0 0.0 0.0 0.0 0.0
1343 2002.83544921875 1443.2919921875 357.77181863280805 0.0 0.0 0.0 0.0 0.0 0.0 0.0
1360 2002.83544921875 1440.45654296875 357.6270671489665 0.0 0.0 0.0 0.0 0.0 0.0 0.0
1438 2002.83544921875 1437.62109375 357.48631627793986 0.0 0.0 0.0 0.0 0.0 0.0 0.0
1466 2002.83544921875 1434.7857666015625 357.3494670846963 0.0 0.0 0.0 0.0 0.0 0.0 0.0
1482 2002.83544921875 1431.9503173828125 357.2163165241062 0.0 0.0 0.0 0.0 0.0 0.0 0.0
1500 2002.83544921875 1429.1148681640625 357.0868017527619 0.0 0.0 0.0 0.0 0.0 0.0 0.0
1559 2002.83544921875 1426.279541015625 356.9608433485366 0.0 0.0 0.0 0.0 0.0 0.0 0.0
1576 2002.83544921875 1423.444091796875 356.8383680616392 0.0 0.0 0.0 0.0 0.0 0.0 0.0
1593 2002.83544921875 1420.6087646484375 356.7191878897719 0.0 0.0 0.0 0.0 0.0 0.0 0.0
1633 2002.83544921875 1417.7733154296875 356.60334929734336 0.0 0.0 0.0 0.0 0.0 0.0 0.0
1656 2002.83544921875 1414.9378662109375 356.49065415689495 0.0 0.0 0.0 0.0 0.0 0.0 0.0
1673 2002.83544921875 1412.1025390625 356.38096662322096 0.0 0.0 0.0 0.0 0.0 0.0 0.0
1690 2002.83544921875 1409.26708984375 356.27428146604655 0.0 0.0 0.0 0.0 0.0 0.0 0.0
1706 2002.83544921875 1406.431640625 356.1705939012054 0.0 0.0 0.0 0.0 0.0 0.0 0.0
1736 2002.83544921875 1403.5963134765625 356.0697812257145 0.0 0.0 0.0 0.0 0.0 0.0 0.0
1760 2002.83544921875 1400.7608642578125 355.9716822530789 0.0 0.0 0.0 0.0 0.0 0.0 0.0
1777 2002.83544921875 1397.9254150390625 355.87624603315396 0.0 0.0 0.0 0.0 0.0 0.0 0.0
1795 2005.6708984375 1397.9254150390625 357.48836038373054 0.0 0.0 0.0 0.0 0.0 0.0 0.0
1824 2005.6708984375 1395.090087890625 357.35144204193443 0.0 0.0 0.0 0.0 0.0 0.0 0.0
1863 2005.6708984375 1392.254638671875 357.21829138021843 0.0 0.0 0.0 0.0 0.0 0.0 0.0
1911 2008.50634765625 1389.4193115234375 358.6535402438683 0.0 0.0 0.0 0.0 0.0 0.0 0.0
1944 2008.50634765625 1386.5838623046875 358.4847059131415 0.0 0.0 0.0 0.0 0.0 0.0 0.0
1961 2008.50634765625 1383.7484130859375 358.32042368358964 0.0 0.0 0.0 0.0 0.0 0.0 0.0
1979 2008.50634765625 1380.9130859375 358.16076336693374 0.0 0.0 0.0 0.0 0.0 0.0 0.0
2000 2008.50634765625 1378.07763671875 358.00543340985865 0.0 0.0 0.0 0.0 0.0 0.0 0.0
2024 2008.50634765625 1375.2421875 357.8543716635795 0.0 0.0 0.0 0.0 0.0 0.0 0.0
2041 2008.50634765625 1372.4068603515625 357.7074352528962 0.0 0.0 0.0 0.0 0.0 0.0 0.0
2066 2008.50634765625 1369.5714111328125 357.5644817271526 0.0 0.0 0.0 0.0 0.0 0.0 0.0
2159 2008.50634765625 1366.7359619140625 357.42536322953606 0.0 0.0 0.0 0.0 0.0 0.0 0.0
2192 2008.50634765625 1363.900634765625 357.29010195544237 0.0 0.0 0.0 0.0 0.0 0.0 0.0
2216 2008.50634765625 1361.065185546875 357.1585163192476 0.0 0.0 0.0 0.0 0.0 0.0 0.0
2295 2011.3416748046875 1358.2298583984375 358.59545897995497 0.0 0.0 0.0 0.0 0.0 0.0 0.0
2375 2011.3416748046875 1355.3944091796875 358.42821424578165 0.0 0.0 0.0 0.0 0.0 0.0 0.0
2392 2011.3416748046875 1349.7236328125 358.11157985929515 0.0 0.0 0.0 0.0 0.0 0.0 0.0
2410 2011.3416748046875 1346.88818359375 357.95757379203445 0.0 0.0 0.0 0.0 0.0 0.0 0.0
2428 2014.1771240234375 1341.2174072265625 359.187608907509 0.0 0.0 0.0 0.0 0.0 0.0 0.0
2444 2014.1771240234375 1338.3819580078125 359.0042037857486 0.0 0.0 0.0 0.0 0.0 0.0 0.0
2461 2014.1771240234375 1335.5465087890625 358.8258348726162 0.0 0.0 0.0 0.0 0.0 0.0 0.0
2482 2014.1771240234375 1332.711181640625 358.65231767808865 0.0 0.0 0.0 0.0 0.0 0.0 0.0
2498 2014.1771240234375 1327.0404052734375 358.3236753044866 0.0 0.0 0.0 0.0 0.0 0.0 0.0
2515 2014.1771240234375 1324.2049560546875 358.16382416999016 0.0 0.0 0.0 0.0 0.0 0.0 0.0
2531 2014.1771240234375 1321.3695068359375 358.0083593816503 0.0 0.0 0.0 0.0 0.0 0.0 0.0
2549 2017.012451171875 1321.3695068359375 359.61404166743847 0.0 0.0 0.0 0.0 0.0 0.0 0.0
2567 2017.012451171875 1318.5341796875 359.4190526836482 0.0 0.0 0.0 0.0 0.0 0.0 0.0
2606 2017.012451171875 1315.69873046875 359.22932394325437 0.0 0.0 0.0 0.0 0.0 0.0 0.0
2640 2017.012451171875 1312.86328125 359.04472993491424 0.0 0.0 0.0 0.0 0.0 0.0 0.0
2656 2017.012451171875 1310.0279541015625 358.8652675773705 0.0 0.0 0.0 0.0 0.0 0.0 0.0
2679 2019.847900390625 1307.1925048828125 0.2502663277539625 0.0 0.0 0.0 0.0 0.0 0.0 0.0
2718 2019.847900390625 1304.357177734375 0.03789356973135227 0.0 0.0 0.0 0.0 0.0 0.0 0.0
2744 2019.847900390625 1301.521728515625 359.8312723962016 0.0 0.0 0.0 0.0 0.0 0.0 0.0
2761 2019.847900390625 1298.686279296875 359.63029944709194 0.0 0.0 0.0 0.0 0.0 0.0 0.0
2784 2019.847900390625 1295.8509521484375 359.43482775537484 0.0 0.0 0.0 0.0 0.0 0.0 0.0
2808 2019.847900390625 1293.0155029296875 359.2446115948539 0.0 0.0 0.0 0.0 0.0 0.0 0.0
2832 2022.683349609375 1293.0155029296875 0.8457035578042991 0.0 0.0 0.0 0.0 0.0 0.0 0.0
2856 2022.683349609375 1290.1800537109375 0.6171342998345182 0.0 0.0 0.0 0.0 0.0 0.0 0.0
2873 2022.683349609375 1287.3447265625 0.39475668837911826 0.0 0.0 0.0 0.0 0.0 0.0 0.0
2926 2022.683349609375 1284.50927734375 0.17843929271738546 0.0 0.0 0.0 0.0 0.0 0.0 0.0
3006 2022.683349609375 1281.673828125 359.9679956303346 0.0 0.0 0.0 0.0 0.0 0.0 0.0
3255 2022.683349609375 1278.8385009765625 359.7632779085029 0.0 0.0 0.0 0.0 0.0 0.0 0.0
3287 2022.683349609375 1276.0030517578125 359.5641725817917 0.0 0.0 0.0 0.0 0.0 0.0 0.0
3320 2028.3541259765625 1276.0030517578125 2.750090196948321 0.0 0.0 0.0 0.0 0.0 0.0 0.0
3338 2028.3541259765625 1273.167724609375 2.4697767374914577 0.0 0.0 0.0 0.0 0.0 0.0 0.0
3368 2028.3541259765625 1270.332275390625 2.1970877889425395 0.0 0.0 0.0 0.0 0.0 0.0 0.0
3455 2028.3541259765625 1267.496826171875 1.931792637097871 0.0 0.0 0.0 0.0 0.0 0.0 0.0
3583 2028.3541259765625 1264.6614990234375 1.6736608599713492 0.0 0.0 0.0 0.0 0.0 0.0 0.0
3600 2028.3541259765625 1261.8260498046875 1.42258643663709 0.0 0.0 0.0 0.0 0.0 0.0 0.0
3758 2028.3541259765625 1256.1552734375 0.9469564829421273 0.0 0.0 0.0 0.0 0.0 0.0 0.0
3799 2028.3541259765625 1253.31982421875 0.7155745786331948 0.0 0.0 0.0 0.0 0.0 0.0 0.0
3926 2028.3541259765625 1250.484375 0.4905209094105345 0.0 0.0 0.0 0.0 0.0 0.0 0.0
3960 2028.3541259765625 1247.6490478515625 0.27163374193656864 0.0 0.0 0.0 0.0 0.0 0.0 0.0
4102 2028.3541259765625 1244.8135986328125 0.058670625310469404 0.0 0.0 0.0 0.0 0.0 0.0 0.0
4475 2028.3541259765625 1241.978271484375 359.8515114789572 0.0 0.0 0.0 0.0 0.0 0.0 0.0