0 2350.0 1500.0 0 1650.0 1500.0 0 0.0 0.0 0.0 0.0
17 2350.0 1500.0 0 1650.0 1500.0 0 0.0 0.0 0.0 0.0
33 2350.0 1500.0 0 1650.0 1500.0 0 0.0 0.0 0.0 0.0
50 2350.0 1500.0 0 1650.0 1500.0 0 0.0 0.0 0.0 0.0
66 2334.189697265625 1492.0948486328125 357.3386189473135 1650.0 1500.0 0 0.0 0.0 0.0 0.0
83 2314.427001953125 1484.189697265625 353.9023806885088 1650.0 1500.0 0 0.0 0.0 0.0 0.0
100 2282.806396484375 1476.2845458984375 348.11324224472037 1650.0 1500.0 0 0.0 0.0 0.0 0.0
117 2255.138427734375 1468.37939453125 344.343464921831 1650.0 1500.0 0 0.0 0.0 0.0 0.0
133 2211.66015625 1456.521728515625 339.86675609078173 1650.0 1500.0 0 0.0 0.0 0.0 0.0
150 2168.181884765625 1444.6640625 336.6292791374189 1650.0 1500.0 0 0.0 0.0 0.0 0.0
166 2128.65625 1428.853759765625 336.1395700307269 1650.0 1500.0 0 0.0 0.0 0.0 0.0
183 2093.0830078125 1409.0909423828125 337.67309598468137 1650.0 1500.0 0 0.0 0.0 0.0 0.0
200 2057.5098876953125 1393.2806396484375 337.4951084584591 1650.0 1500.0 0 0.0 0.0 0.0 0.0
217 2025.8892822265625 1373.517822265625 339.31795638558935 1650.0 1500.0 0 0.0 0.0 0.0 0.0
233 1990.316162109375 1357.70751953125 338.72730162074095 1650.0 1500.0 0 0.0 0.0 0.0 0.0
249 1958.6956787109375 1345.8497314453125 337.563805870087 1650.0 1500.0 0 0.0 0.0 0.0 0.0
266 1923.12255859375 1337.9447021484375 334.6992732309392 1650.0 1500.0 0 0.0 0.0 0.0 0.0
284 1895.45458984375 1326.0869140625 335.0080493442966 1650.0 1500.0 0 0.0 0.0 0.0 0.0
300 1871.7391357421875 1322.1343994140625 332.8668054551464 1650.0 1500.0 0 0.0 0.0 0.0 0.0
316 1848.023681640625 1322.1343994140625 329.53679769033056 1650.0 1500.0 0 0.0 0.0 0.0 0.0
334 1824.308349609375 1322.1343994140625 326.7554448681608 1650.0 1500.0 0 0.0 0.0 0.0 0.0
350 1800.5928955078125 1322.1343994140625 324.43643904904934 1650.0 1500.0 0 0.0 0.0 0.0 0.0
366 1768.9722900390625 1322.1343994140625 321.99761820507115 1650.0 1500.0 0 0.0 0.0 0.0 0.0
383 1753.162109375 1333.9920654296875 315.7689320576775 1650.0 1500.0 0 0.0 0.0 0.0 0.0
401 1741.3043212890625 1337.9447021484375 313.74388828755696 1650.0 1500.0 0 0.0 0.0 0.0 0.0
420 1733.399169921875 1345.8497314453125 310.04935837705136 1650.0 1500.0 0 0.0 0.0 0.0 0.0
433 1725.494140625 1349.8023681640625 308.41783465119215 1650.0 1500.0 0 0.0 0.0 0.0 0.0
449 1725.494140625 1353.7548828125 306.4811224243462 1650.0 1500.0 0 0.0 0.0 0.0 0.0
490 1725.494140625 1357.70751953125 304.5529372352114 1650.0 1500.0 0 0.0 0.0 0.0 0.0
516 1725.494140625 1361.6600341796875 302.63546834033116 1650.0 1500.0 0 0.0 0.0 0.0 0.0
533 1729.4466552734375 1361.6600341796875 302.2726282193206 1650.0 1500.0 0 0.0 0.0 0.0 0.0
550 1733.399169921875 1365.6126708984375 299.9327733268036 1650.0 1500.0 0 0.0 0.0 0.0 0.0
567 1737.351806640625 1369.565185546875 297.5339423311601 1650.0 1500.0 0 0.0 0.0 0.0 0.0
583 1741.3043212890625 1373.517822265625 295.079041067393 1650.0 1500.0 0 0.0 0.0 0.0 0.0
600 1749.20947265625 1385.37548828125 288.11773157447544 1650.0 1500.0 0 0.0 0.0 0.0 0.0
616 1765.019775390625 1397.233154296875 278.8632604264652 1650.0 1500.0 0 0.0 0.0 0.0 0.0
633 1784.7825927734375 1405.1383056640625 269.2651175675254 1650.0 1500.0 0 0.0 0.0 0.0 0.0
650 1804.54541015625 1413.04345703125 259.0377067479781 1650.0 1500.0 0 0.0 0.0 0.0 0.0
666 1820.355712890625 1416.99609375 251.22275787104195 1650.0 1500.0 0 0.0 0.0 0.0 0.0
683 1840.1185302734375 1420.9486083984375 241.30966355779327 1650.0 1500.0 0 0.0 0.0 0.0 0.0
699 1855.9288330078125 1420.9486083984375 233.62442436374576 1650.0 1500.0 0 0.0 0.0 0.0 0.0
716 1867.78662109375 1420.9486083984375 227.78782631809844 1650.0 1500.0 0 0.0 0.0 0.0 0.0
733 1875.691650390625 1420.9486083984375 223.88741228078737 1650.0 1500.0 0 0.0 0.0 0.0 0.0
750 1879.644287109375 1420.9486083984375 221.93834665799574 1650.0 1500.0 0 0.0 0.0 0.0 0.0
766 1883.5968017578125 1420.9486083984375 219.99173480309662 1650.0 1500.0 0 0.0 0.0 0.0 0.0
800 1887.5494384765625 1420.9486083984375 218.0496225756774 1650.0 1500.0 0 0.0 0.0 0.0 0.0
833 1891.501953125 1420.9486083984375 216.11438236404166 1650.0 1500.0 0 0.0 0.0 0.0 0.0
900 1891.501953125 1416.99609375 215.87248674596503 1650.0 1500.0 0 0.0 0.0 0.0 0.0
916 1891.501953125 1413.04345703125 215.62218528654057 1650.0 1500.0 0 0.0 0.0 0.0 0.0
950 1891.501953125 1409.0909423828125 215.36316621760596 1650.0 1500.0 0 0.0 0.0 0.0 0.0
1000 1891.501953125 1405.1383056640625 215.0950682843606 1650.0 1500.0 0 0.0 0.0 0.0 0.0
1016 1891.501953125 1401.185791015625 214.81764019957058 1650.0 1500.0 0 0.0 0.0 0.0 0.0
1033 1891.501953125 1393.2806396484375 214.22272443938215 1650.0 1500.0 0 0.0 0.0 0.0 0.0
1066 1891.501953125 1389.3280029296875 213.91495009548026 1650.0 1500.0 0 0.0 0.0 0.0 0.0
1083 1891.501953125 1385.37548828125 213.59645733745734 1650.0 1500.0 0 0.0 0.0 0.0 0.0
1116 1891.501953125 1381.4228515625 213.2669285085064 1650.0 1500.0 0 0.0 0.0 0.0 0.0