0 2350.0 1500.0 0 1650.0 1500.0 0 0.0 0.0 0.0 0.0
111 2350.0 1500.0 0 1650.0 1500.0 0 0.0 0.0 0.0 0.0
140 2350.0 1500.0 0 1650.0 1500.0 0 0.0 0.0 0.0 0.0
141 2350.0 1500.0 0 1650.0 1500.0 0 0.0 0.0 0.0 0.0
158 2350.0 1500.0 0 1650.0 1500.0 0 0.0 0.0 0.0 0.0
165 2350.0 1500.0 0 1650.0 1500.0 0 0.0 0.0 0.0 0.0
177 2350.0 1478.9473876953125 355.84700003430817 1650.0 1500.0 0 0.0 0.0 0.0 0.0
193 2339.4736328125 1468.4210205078125 348.8424877703717 1650.0 1500.0 0 0.0 0.0 0.0 0.0
211 2334.21044921875 1452.631591796875 344.53114690003275 1650.0 1500.0 0 0.0 0.0 0.0 0.0
228 2328.947509765625 1442.105224609375 341.03527459465374 1650.0 1500.0 0 0.0 0.0 0.0 0.0
245 2318.421142578125 1431.5789794921875 335.2189261406817 1650.0 1500.0 0 0.0 0.0 0.0 0.0
261 2307.894775390625 1426.3157958984375 329.7264311225545 1650.0 1500.0 0 0.0 0.0 0.0 0.0
278 2297.368408203125 1415.7894287109375 325.0173308623336 1650.0 1500.0 0 0.0 0.0 0.0 0.0
295 2281.578857421875 1410.5262451171875 317.59237999383623 1650.0 1500.0 0 0.0 0.0 0.0 0.0
311 2271.052734375 1394.73681640625 315.0737432649973 1650.0 1500.0 0 0.0 0.0 0.0 0.0
327 2260.5263671875 1384.21044921875 311.9875498644257 1650.0 1500.0 0 0.0 0.0 0.0 0.0
344 2244.73681640625 1378.9473876953125 305.80852315425176 1650.0 1500.0 0 0.0 0.0 0.0 0.0
361 2234.21044921875 1373.6842041015625 302.47386042478615 1650.0 1500.0 0 0.0 0.0 0.0 0.0
377 2218.421142578125 1368.4210205078125 297.3517406448166 1650.0 1500.0 0 0.0 0.0 0.0 0.0
395 2213.157958984375 1363.1578369140625 296.8468687169856 1650.0 1500.0 0 0.0 0.0 0.0 0.0
411 2197.368408203125 1363.1578369140625 290.6325865937501 1650.0 1500.0 0 0.0 0.0 0.0 0.0
428 2192.105224609375 1363.1578369140625 288.6358414327148 1650.0 1500.0 0 0.0 0.0 0.0 0.0
444 2181.578857421875 1363.1578369140625 284.9178960549944 1650.0 1500.0 0 0.0 0.0 0.0 0.0
461 2176.31591796875 1363.1578369140625 283.12958460379076 1650.0 1500.0 0 0.0 0.0 0.0 0.0
477 2171.052734375 1363.1578369140625 281.40964724474503 1650.0 1500.0 0 0.0 0.0 0.0 0.0
495 2160.5263671875 1363.1578369140625 278.23004499818603 1650.0 1500.0 0 0.0 0.0 0.0 0.0
511 2150.0 1363.1578369140625 275.30026434023426 1650.0 1500.0 0 0.0 0.0 0.0 0.0
528 2139.4736328125 1363.1578369140625 272.60692019088424 1650.0 1500.0 0 0.0 0.0 0.0 0.0
545 2123.684326171875 1363.1578369140625 269.0477701716058 1650.0 1500.0 0 0.0 0.0 0.0 0.0
561 2107.894775390625 1363.1578369140625 265.92343370334186 1650.0 1500.0 0 0.0 0.0 0.0 0.0
577 2092.105224609375 1363.1578369140625 263.1874254465478 1650.0 1500.0 0 0.0 0.0 0.0 0.0
595 2076.31591796875 1363.1578369140625 260.7959688878868 1650.0 1500.0 0 0.0 0.0 0.0 0.0
611 2060.5263671875 1363.1578369140625 258.70849500621546 1650.0 1500.0 0 0.0 0.0 0.0 0.0
628 2044.73681640625 1363.1578369140625 256.8883692819411 1650.0 1500.0 0 0.0 0.0 0.0 0.0
657 2028.947509765625 1363.1578369140625 255.302687288781 1650.0 1500.0 0 0.0 0.0 0.0 0.0
667 2013.157958984375 1368.4210205078125 251.43218277659224 1650.0 1500.0 0 0.0 0.0 0.0 0.0
691 2002.631591796875 1368.4210205078125 250.82063518169912 1650.0 1500.0 0 0.0 0.0 0.0 0.0
700 1992.1053466796875 1373.6842041015625 247.65038542472968 1650.0 1500.0 0 0.0 0.0 0.0 0.0
712 1981.5789794921875 1373.6842041015625 247.383169739199 1650.0 1500.0 0 0.0 0.0 0.0 0.0
727 1965.78955078125 1378.9473876953125 244.53228369806635 1650.0 1500.0 0 0.0 0.0 0.0 0.0
744 1955.26318359375 1378.9473876953125 244.5496379115009 1650.0 1500.0 0 0.0 0.0 0.0 0.0
761 1944.73681640625 1384.21044921875 241.95208234065285 1650.0 1500.0 0 0.0 0.0 0.0 0.0
778 1934.2105712890625 1384.21044921875 242.2049319249956 1650.0 1500.0 0 0.0 0.0 0.0 0.0
794 1918.4210205078125 1389.4736328125 240.04047112125335 1650.0 1500.0 0 0.0 0.0 0.0 0.0
812 1907.894775390625 1394.73681640625 237.8691245332222 1650.0 1500.0 0 0.0 0.0 0.0 0.0
827 1892.1053466796875 1400.0 236.28819210118485 1650.0 1500.0 0 0.0 0.0 0.0 0.0
844 1881.5789794921875 1405.26318359375 234.4791212459029 1650.0 1500.0 0 0.0 0.0 0.0 0.0
861 1871.0526123046875 1410.5262451171875 232.846857981992 1650.0 1500.0 0 0.0 0.0 0.0 0.0
878 1860.5263671875 1415.7894287109375 231.37506326917696 1650.0 1500.0 0 0.0 0.0 0.0 0.0
894 1855.26318359375 1421.0526123046875 229.36157279016044 1650.0 1500.0 0 0.0 0.0 0.0 0.0
912 1844.73681640625 1421.0526123046875 230.75150172961997 1650.0 1500.0 0 0.0 0.0 0.0 0.0
928 1839.4737548828125 1426.3157958984375 228.77441795145182 1650.0 1500.0 0 0.0 0.0 0.0 0.0
944 1834.2105712890625 1431.5789794921875 226.91395370110922 1650.0 1500.0 0 0.0 0.0 0.0 0.0
961 1828.9473876953125 1431.5789794921875 227.7540027403433 1650.0 1500.0 0 0.0 0.0 0.0 0.0
978 1823.6842041015625 1436.842041015625 225.95452222668735 1650.0 1500.0 0 0.0 0.0 0.0 0.0
994 1818.4210205078125 1436.842041015625 226.83843917860582 1650.0 1500.0 0 0.0 0.0 0.0 0.0
1011 1818.4210205078125 1442.105224609375 224.1427733191586 1650.0 1500.0 0 0.0 0.0 0.0 0.0
1028 1813.157958984375 1442.105224609375 225.10894624152183 1650.0 1500.0 0 0.0 0.0 0.0 0.0
1076 1807.894775390625 1442.105224609375 226.03139669455328 1650.0 1500.0 0 0.0 0.0 0.0 0.0
1242 1818.4210205078125 1436.842041015625 227.02347034774186 1650.0 1500.0 0 0.0 0.0 0.0 0.0
1260 1844.73681640625 1415.7894287109375 236.36360676694386 1650.0 1500.0 0 0.0 0.0 0.0 0.0
1261 1844.73681640625 1415.7894287109375 236.3636344235942 1650.0 1500.0 0 0.0 0.0 0.0 0.0
1276 1865.78955078125 1410.5262451171875 237.84219974804358 1650.0 1500.0 0 0.0 0.0 0.0 0.0
1293 1881.5789794921875 1400.0 243.4079585656305 1650.0 1500.0 0 0.0 0.0 0.0 0.0
1309 1902.631591796875 1394.73681640625 246.67964556738252 1650.0 1500.0 0 0.0 0.0 0.0 0.0
1326 1918.4210205078125 1389.4736328125 250.40089086127983 1650.0 1500.0 0 0.0 0.0 0.0 0.0
1343 1934.2105712890625 1384.21044921875 254.74183247672107 1650.0 1500.0 0 0.0 0.0 0.0 0.0
1359 1944.73681640625 1384.21044921875 255.85318474210857 1650.0 1500.0 0 0.0 0.0 0.0 0.0
1376 1960.5263671875 1384.21044921875 257.80872746706024 1650.0 1500.0 0 0.0 0.0 0.0 0.0
1393 1976.3157958984375 1384.21044921875 260.09903136044187 1650.0 1500.0 0 0.0 0.0 0.0 0.0
1409 2002.631591796875 1378.9473876953125 268.5840649314145 1650.0 1500.0 0 0.0 0.0 0.0 0.0
1426 2023.684326171875 1378.9473876953125 274.2714612063001 1650.0 1500.0 0 0.0 0.0 0.0 0.0
1443 2050.0 1378.9473876953125 283.27844694983304 1650.0 1500.0 0 0.0 0.0 0.0 0.0
1459 2071.052734375 1378.9473876953125 291.7305134536404 1650.0 1500.0 0 0.0 0.0 0.0 0.0
1476 2092.105224609375 1384.21044921875 299.4995438819304 1650.0 1500.0 0 0.0 0.0 0.0 0.0
1493 2113.157958984375 1394.73681640625 307.04293589795134 1650.0 1500.0 0 0.0 0.0 0.0 0.0
1509 2128.947509765625 1405.26318359375 312.93474536774835 1650.0 1500.0 0 0.0 0.0 0.0 0.0
1526 2139.4736328125 1421.0526123046875 315.53435602158316 1650.0 1500.0 0 0.0 0.0 0.0 0.0
1543 2150.0 1431.5789794921875 319.5922924885303 1650.0 1500.0 0 0.0 0.0 0.0 0.0
1577 2155.26318359375 1436.842041015625 321.7516135772756 1650.0 1500.0 0 0.0 0.0 0.0 0.0
1593 2165.78955078125 1452.631591796875 326.163388095848 1650.0 1500.0 0 0.0 0.0 0.0 0.0
1609 2176.31591796875 1457.8946533203125 331.7733006588293 1650.0 1500.0 0 0.0 0.0 0.0 0.0
1626 2176.31591796875 1463.1578369140625 331.6174602358074 1650.0 1500.0 0 0.0 0.0 0.0 0.0
1643 2181.578857421875 1468.4210205078125 334.4849050496425 1650.0 1500.0 0 0.0 0.0 0.0 0.0
1659 2181.578857421875 1473.6842041015625 334.47233691727666 1650.0 1500.0 0 0.0 0.0 0.0 0.0
1676 2181.578857421875 1478.9473876953125 334.45912245046696 1650.0 1500.0 0 0.0 0.0 0.0 0.0
1693 2181.578857421875 1484.21044921875 334.4452054397198 1650.0 1500.0 0 0.0 0.0 0.0 0.0
1742 2181.578857421875 1489.4736328125 334.43058486919364 1650.0 1500.0 0 0.0 0.0 0.0 0.0
1759 2186.842041015625 1494.73681640625 337.4436829550963 1650.0 1500.0 0 0.0 0.0 0.0 0.0
1809 2186.842041015625 1500.0 337.587567762775 1650.0 1500.0 0 0.0 0.0 0.0 0.0
1826 2197.368408203125 1500.0 343.2892813971795 1650.0 1500.0 0 0.0 0.0 0.0 0.0