0 2350.0 1500.0 0 1650.0 1500.0 0 0.0 0.0 0.0 0.0
125 2338.16259765625 1496.0543212890625 0.674077847179106 1650.0 1500.0 0 0.0 0.0 0.0 0.0
145 2334.217041015625 1496.0543212890625 1.3607077323445793 1650.0 1500.0 0 0.0 0.0 0.0 0.0
157 2322.379638671875 1496.0543212890625 3.573831095363275 1650.0 1500.0 0 0.0 0.0 0.0 0.0
172 2314.48828125 1492.1085205078125 3.75708616122391 1650.0 1500.0 0 0.0 0.0 0.0 0.0
188 2302.65087890625 1488.162841796875 4.763580369507508 1650.0 1500.0 0 0.0 0.0 0.0 0.0
205 2294.759521484375 1484.217041015625 5.020509635432219 1650.0 1500.0 0 0.0 0.0 0.0 0.0
222 2282.922119140625 1480.2713623046875 6.137633835582292 1650.0 1500.0 0 0.0 0.0 0.0 0.0
238 2271.0849609375 1480.2713623046875 8.690652809062584 1650.0 1500.0 0 0.0 0.0 0.0 0.0
255 2259.247802734375 1476.3255615234375 10.124859901757532 1650.0 1500.0 0 0.0 0.0 0.0 0.0
272 2247.410400390625 1472.3798828125 11.68120144421745 1650.0 1500.0 0 0.0 0.0 0.0 0.0
288 2235.5732421875 1472.3798828125 14.601493388022462 1650.0 1500.0 0 0.0 0.0 0.0 0.0
305 2227.681884765625 1472.3798828125 16.62711829324728 1650.0 1500.0 0 0.0 0.0 0.0 0.0
322 2215.844482421875 1472.3798828125 19.847684951967395 1650.0 1500.0 0 0.0 0.0 0.0 0.0
338 2207.953125 1472.3798828125 22.073545489045088 1650.0 1500.0 0 0.0 0.0 0.0 0.0
355 2204.00732421875 1472.3798828125 23.205896033175705 1650.0 1500.0 0 0.0 0.0 0.0 0.0
372 2200.0615234375 1472.3798828125 24.35768158535437 1650.0 1500.0 0 0.0 0.0 0.0 0.0
388 2192.170166015625 1472.3798828125 26.739130667580255 1650.0 1500.0 0 0.0 0.0 0.0 0.0
405 2188.224365234375 1468.43408203125 27.03298914471459 1650.0 1500.0 0 0.0 0.0 0.0 0.0
438 2180.332763671875 1464.4884033203125 28.60375222576586 1650.0 1500.0 0 0.0 0.0 0.0 0.0
472 2176.386962890625 1460.5426025390625 28.96827065537788 1650.0 1500.0 0 0.0 0.0 0.0 0.0
488 2172.44140625 1456.5968017578125 29.346509160187637 1650.0 1500.0 0 0.0 0.0 0.0 0.0
505 2168.49560546875 1456.5968017578125 30.59538973578121 1650.0 1500.0 0 0.0 0.0 0.0 0.0
522 2168.49560546875 1452.651123046875 29.751956174069377 1650.0 1500.0 0 0.0 0.0 0.0 0.0
538 2160.60400390625 1452.651123046875 32.29814940628121 1650.0 1500.0 0 0.0 0.0 0.0 0.0
555 2160.60400390625 1448.705322265625 31.4926247111796 1650.0 1500.0 0 0.0 0.0 0.0 0.0
572 2156.658447265625 1444.7596435546875 31.9656072093362 1650.0 1500.0 0 0.0 0.0 0.0 0.0
588 2152.712646484375 1444.7596435546875 33.2513214072945 1650.0 1500.0 0 0.0 0.0 0.0 0.0
605 2148.766845703125 1444.7596435546875 34.554198858377546 1650.0 1500.0 0 0.0 0.0 0.0 0.0
622 2148.766845703125 1440.8138427734375 33.80014803482679 1650.0 1500.0 0 0.0 0.0 0.0 0.0
638 2140.87548828125 1440.8138427734375 36.45385337761665 1650.0 1500.0 0 0.0 0.0 0.0 0.0
655 2136.9296875 1436.8681640625 37.11004460523601 1650.0 1500.0 0 0.0 0.0 0.0 0.0
672 2132.98388671875 1432.92236328125 37.790067604166225 1650.0 1500.0 0 0.0 0.0 0.0 0.0
688 2129.0380859375 1432.92236328125 39.14773351911465 1650.0 1500.0 0 0.0 0.0 0.0 0.0
705 2125.09228515625 1432.92236328125 40.520140345013445 1650.0 1500.0 0 0.0 0.0 0.0 0.0
722 2121.146728515625 1432.92236328125 41.90653519388174 1650.0 1500.0 0 0.0 0.0 0.0 0.0
738 2117.200927734375 1428.9766845703125 42.757556561693136 1650.0 1500.0 0 0.0 0.0 0.0 0.0
755 2113.255126953125 1428.9766845703125 44.16515855622366 1650.0 1500.0 0 0.0 0.0 0.0 0.0
772 2109.309326171875 1428.9766845703125 45.58493964627117 1650.0 1500.0 0 0.0 0.0 0.0 0.0
788 2105.36376953125 1425.0308837890625 46.56260071816463 1650.0 1500.0 0 0.0 0.0 0.0 0.0
805 2101.41796875 1425.0308837890625 48.001173254395965 1650.0 1500.0 0 0.0 0.0 0.0 0.0
822 2097.47216796875 1425.0308837890625 49.44967611257702 1650.0 1500.0 0 0.0 0.0 0.0 0.0
838 2093.5263671875 1425.0308837890625 50.907368837532616 1650.0 1500.0 0 0.0 0.0 0.0 0.0
872 2089.58056640625 1425.0308837890625 52.373313510155256 1650.0 1500.0 0 0.0 0.0 0.0 0.0
888 2085.635009765625 1425.0308837890625 53.84646222159604 1650.0 1500.0 0 0.0 0.0 0.0 0.0
905 2081.689208984375 1425.0308837890625 55.32600477128871 1650.0 1500.0 0 0.0 0.0 0.0 0.0
938 2073.797607421875 1425.0308837890625 58.30581102045683 1650.0 1500.0 0 0.0 0.0 0.0 0.0
972 2069.85205078125 1425.0308837890625 59.79848532910678 1650.0 1500.0 0 0.0 0.0 0.0 0.0
988 2065.90625 1425.0308837890625 61.29370324297351 1650.0 1500.0 0 0.0 0.0 0.0 0.0
1005 2061.96044921875 1425.0308837890625 62.790210604998705 1650.0 1500.0 0 0.0 0.0 0.0 0.0
1022 2058.0146484375 1425.0308837890625 64.28715260395502 1650.0 1500.0 0 0.0 0.0 0.0 0.0
1038 2054.06884765625 1425.0308837890625 65.7834164513644 1650.0 1500.0 0 0.0 0.0 0.0 0.0
1055 2046.177490234375 1425.0308837890625 68.76805553762752 1650.0 1500.0 0 0.0 0.0 0.0 0.0
1072 2042.231689453125 1425.0308837890625 70.25624091479902 1650.0 1500.0 0 0.0 0.0 0.0 0.0
1088 2038.285888671875 1425.0308837890625 71.73971363484516 1650.0 1500.0 0 0.0 0.0 0.0 0.0
1105 2030.39453125 1425.0308837890625 74.68305757465079 1650.0 1500.0 0 0.0 0.0 0.0 0.0
1122 2026.44873046875 1425.0308837890625 76.14668790828615 1650.0 1500.0 0 0.0 0.0 0.0 0.0
1138 2022.5029296875 1425.0308837890625 77.60194948115726 1650.0 1500.0 0 0.0 0.0 0.0 0.0
1155 2014.611572265625 1425.0308837890625 80.47445139373282 1650.0 1500.0 0 0.0 0.0 0.0 0.0
1188 2006.719970703125 1428.9766845703125 82.82754266309637 1650.0 1500.0 0 0.0 0.0 0.0 0.0
1205 2002.774169921875 1428.9766845703125 84.23251996384745 1650.0 1500.0 0 0.0 0.0 0.0 0.0
1222 1998.82861328125 1428.9766845703125 85.62448665807459 1650.0 1500.0 0 0.0 0.0 0.0 0.0
1255 1994.8828125 1428.9766845703125 87.00284373422825 1650.0 1500.0 0 0.0 0.0 0.0 0.0
1272 1990.93701171875 1432.92236328125 87.7711006121507 1650.0 1500.0 0 0.0 0.0 0.0 0.0
1288 1986.9912109375 1432.92236328125 89.12687040646189 1650.0 1500.0 0 0.0 0.0 0.0 0.0
1322 1983.04541015625 1432.92236328125 90.46749247779645 1650.0 1500.0 0 0.0 0.0 0.0 0.0
1338 1983.04541015625 1436.8681640625 89.8169190121438 1650.0 1500.0 0 0.0 0.0 0.0 0.0
1548 1983.04541015625 1440.8138427734375 89.18128496171688 1650.0 1500.0 0 0.0 0.0 0.0 0.0
1583 1986.9912109375 1444.7596435546875 87.21607440209034 1650.0 1500.0 0 0.0 0.0 0.0 0.0
1599 1994.8828125 1444.7596435546875 84.4084422738599 1650.0 1500.0 0 0.0 0.0 0.0 0.0
1622 2002.774169921875 1444.7596435546875 81.55243840814877 1650.0 1500.0 0 0.0 0.0 0.0 0.0
1639 2010.665771484375 1444.7596435546875 78.65442933028199 1650.0 1500.0 0 0.0 0.0 0.0 0.0
1655 2018.55712890625 1444.7596435546875 75.72162993771583 1650.0 1500.0 0 0.0 0.0 0.0 0.0
1672 2026.44873046875 1444.7596435546875 72.76132818288393 1650.0 1500.0 0 0.0 0.0 0.0 0.0
1688 2034.34033203125 1444.7596435546875 69.78144225599688 1650.0 1500.0 0 0.0 0.0 0.0 0.0
1705 2038.285888671875 1444.7596435546875 68.28874937853068 1650.0 1500.0 0 0.0 0.0 0.0 0.0
1722 2042.231689453125 1444.7596435546875 66.79357972840639 1650.0 1500.0 0 0.0 0.0 0.0 0.0
2465 2042.231689453125 1444.7596435546875 66.79357972840639 1650.0 1500.0 0 0.0 0.0 0.0 0.0
2484 2042.231689453125 1444.7596435546875 66.79357972840639 1650.0 1500.0 0 0.0 0.0 0.0 0.0
2500 2042.231689453125 1444.7596435546875 66.79357972840639 1650.0 1500.0 0 0.0 0.0 0.0 0.0
2515 2042.231689453125 1444.7596435546875 66.79357972840639 1650.0 1500.0 0 0.0 0.0 0.0 0.0
2539 2042.231689453125 1444.7596435546875 66.79357972840639 1650.0 1500.0 0 0.0 0.0 0.0 0.0
2555 2042.231689453125 1444.7596435546875 66.79357972840639 1650.0 1500.0 0 0.0 0.0 0.0 0.0
2572 2169.0817947387695 1246.6650199890137 64.79040051598597 1650.0 1500.0 0 0.0 0.0 0.0 0.0
2588 2165.1362380981445 1246.6650199890137 63.82209057648109 1650.0 1500.0 0 0.0 0.0 0.0 0.0
2605 2157.2446365356445 1246.6650199890137 62.010336391218885 1650.0 1500.0 0 0.0 0.0 0.0 0.0
2622 2149.3530349731445 1246.6650199890137 60.31732497172524 1650.0 1500.0 0 0.0 0.0 0.0 0.0
2638 2145.4074783325195 1250.6106986999512 57.51043551213306 1650.0 1500.0 0 0.0 0.0 0.0 0.0
2655 2137.5158767700195 1250.6106986999512 56.11794269603868 1650.0 1500.0 0 0.0 0.0 0.0 0.0
2672 2133.5700759887695 1250.6106986999512 55.446159058107156 1650.0 1500.0 0 0.0 0.0 0.0 0.0
2689 2129.624397277832 1254.5564994812012 52.75776859962403 1650.0 1500.0 0 0.0 0.0 0.0 0.0
2705 2125.6787185668945 1254.5564994812012 52.20498291514102 1650.0 1500.0 0 0.0 0.0 0.0 0.0
2722 2121.7329177856445 1254.5564994812012 51.67194183720855 1650.0 1500.0 0 0.0 0.0 0.0 0.0
2738 2117.7871170043945 1254.5564994812012 51.157982331539216 1650.0 1500.0 0 0.0 0.0 0.0 0.0
2755 2113.841438293457 1254.5564994812012 50.66243117402635 1650.0 1500.0 0 0.0 0.0 0.0 0.0
2772 2109.895637512207 1254.5564994812012 50.1847105744711 1650.0 1500.0 0 0.0 0.0 0.0 0.0
2805 2105.9499588012695 1254.5564994812012 49.724181468615285 1650.0 1500.0 0 0.0 0.0 0.0 0.0
2822 2102.0041580200195 1254.5564994812012 49.280244873434384 1650.0 1500.0 0 0.0 0.0 0.0 0.0
2839 2098.058479309082 1254.5564994812012 48.852334878101004 1650.0 1500.0 0 0.0 0.0 0.0 0.0
2872 2094.112678527832 1254.5564994812012 48.4398799959977 1650.0 1500.0 0 0.0 0.0 0.0 0.0
2982 2090.1669998168945 1254.5564994812012 48.04240224616288 1650.0 1500.0 0 0.0 0.0 0.0 0.0
3016 2086.2211990356445 1254.5564994812012 47.65932193216398 1650.0 1500.0 0 0.0 0.0 0.0 0.0
3048 2082.2753982543945 1254.5564994812012 47.29015664243744 1650.0 1500.0 0 0.0 0.0 0.0 0.0
3072 2078.329719543457 1254.5564994812012 46.93439917186052 1650.0 1500.0 0 0.0 0.0 0.0 0.0
3089 2074.383918762207 1254.5564994812012 46.59157966993351 1650.0 1500.0 0 0.0 0.0 0.0 0.0
3122 2070.4382400512695 1250.6106986999512 48.33549436083254 1650.0 1500.0 0 0.0 0.0 0.0 0.0
3138 2066.4924392700195 1250.6106986999512 47.941785802786484 1650.0 1500.0 0 0.0 0.0 0.0 0.0
3155 2062.546760559082 1250.6106986999512 47.56238764045739 1650.0 1500.0 0 0.0 0.0 0.0 0.0
3172 2058.600959777832 1250.6106986999512 47.19671297627772 1650.0 1500.0 0 0.0 0.0 0.0 0.0
3188 2054.6552810668945 1246.6650199890137 48.91459368859174 1650.0 1500.0 0 0.0 0.0 0.0 0.0
3205 2050.7094802856445 1246.6650199890137 48.49990529780402 1650.0 1500.0 0 0.0 0.0 0.0 0.0
3238 2046.7636795043945 1246.6650199890137 48.1002505138525 1650.0 1500.0 0 0.0 0.0 0.0 0.0
3255 2042.818000793457 1246.6650199890137 47.71506770286376 1650.0 1500.0 0 0.0 0.0 0.0 0.0
3272 2042.818000793457 1242.7192192077637 49.85606693474992 1650.0 1500.0 0 0.0 0.0 0.0 0.0
3289 2038.872200012207 1242.7192192077637 49.40735811884716 1650.0 1500.0 0 0.0 0.0 0.0 0.0
3305 2034.9265213012695 1238.7735404968262 51.028868720619215 1650.0 1500.0 0 0.0 0.0 0.0 0.0
3322 2030.9807205200195 1238.7735404968262 50.53795747552695 1650.0 1500.0 0 0.0 0.0 0.0 0.0
3355 2027.035041809082 1234.8277397155762 52.10944803957884 1650.0 1500.0 0 0.0 0.0 0.0 0.0
3388 2023.089241027832 1234.8277397155762 51.5797788152378 1650.0 1500.0 0 0.0 0.0 0.0 0.0
3405 2019.1435623168945 1234.8277397155762 51.06909445876127 1650.0 1500.0 0 0.0 0.0 0.0 0.0
3422 2015.1977615356445 1234.8277397155762 50.57671873748521 1650.0 1500.0 0 0.0 0.0 0.0 0.0
3439 2015.1977615356445 1230.8819389343262 52.692110186838676 1650.0 1500.0 0 0.0 0.0 0.0 0.0
3455 2011.252082824707 1230.8819389343262 52.141635828581485 1650.0 1500.0 0 0.0 0.0 0.0 0.0
3472 2007.306282043457 1230.8819389343262 51.610827066569954 1650.0 1500.0 0 0.0 0.0 0.0 0.0
3489 2003.360481262207 1230.8819389343262 51.09904625458543 1650.0 1500.0 0 0.0 0.0 0.0 0.0
3522 1999.4148025512695 1230.8819389343262 50.60562226211064 1650.0 1500.0 0 0.0 0.0 0.0 0.0
3538 1995.4690017700195 1230.8819389343262 50.12991130522957 1650.0 1500.0 0 0.0 0.0 0.0 0.0
3555 1991.523323059082 1230.8819389343262 49.6713217682516 1650.0 1500.0 0 0.0 0.0 0.0 0.0
3572 1987.577522277832 1230.8819389343262 49.22927858284518 1650.0 1500.0 0 0.0 0.0 0.0 0.0
3588 1983.6318435668945 1230.8819389343262 48.803245318404976 1650.0 1500.0 0 0.0 0.0 0.0 0.0
3605 1979.6860427856445 1230.8819389343262 48.39259999963403 1650.0 1500.0 0 0.0 0.0 0.0 0.0
3622 1971.794563293457 1230.8819389343262 47.62873793314023 1650.0 1500.0 0 0.0 0.0 0.0 0.0
3638 1963.9030838012695 1230.8819389343262 46.9183912581191 1650.0 1500.0 0 0.0 0.0 0.0 0.0
3655 1959.9572830200195 1230.8819389343262 46.57615278311013 1650.0 1500.0 0 0.0 0.0 0.0 0.0
3672 1956.011604309082 1230.8819389343262 46.24637229385408 1650.0 1500.0 0 0.0 0.0 0.0 0.0
3689 1952.065803527832 1230.8819389343262 45.928570460197164 1650.0 1500.0 0 0.0 0.0 0.0 0.0
3705 1948.1201248168945 1230.8819389343262 45.622366401247774 1650.0 1500.0 0 0.0 0.0 0.0 0.0
3722 1944.1743240356445 1230.8819389343262 45.327341493514126 1650.0 1500.0 0 0.0 0.0 0.0 0.0
3738 1936.282844543457 1230.8819389343262 44.77890910080319 1650.0 1500.0 0 0.0 0.0 0.0 0.0
3755 1932.337043762207 1230.8819389343262 44.51472531811251 1650.0 1500.0 0 0.0 0.0 0.0 0.0
3772 1928.3913650512695 1234.8277397155762 42.15598673615236 1650.0 1500.0 0 0.0 0.0 0.0 0.0
3805 1920.499885559082 1234.8277397155762 41.83177045176822 1650.0 1500.0 0 0.0 0.0 0.0 0.0
3822 1916.554084777832 1238.7735404968262 39.566305681281534 1650.0 1500.0 0 0.0 0.0 0.0 0.0
3838 1916.554084777832 1242.7192192077637 37.37529758240785 1650.0 1500.0 0 0.0 0.0 0.0 0.0
3855 1912.6084060668945 1242.7192192077637 37.38310798104183 1650.0 1500.0 0 0.0 0.0 0.0 0.0
3872 1908.6626052856445 1246.6650199890137 35.2819536238766 1650.0 1500.0 0 0.0 0.0 0.0 0.0
3888 1904.716926574707 1246.6650199890137 35.366848392432104 1650.0 1500.0 0 0.0 0.0 0.0 0.0
3905 1900.771125793457 1250.6106986999512 33.344069247089266 1650.0 1500.0 0 0.0 0.0 0.0 0.0
3922 1900.771125793457 1254.5564994812012 31.166705647772034 1650.0 1500.0 0 0.0 0.0 0.0 0.0
3938 1896.8254470825195 1254.5564994812012 31.402703999836746 1650.0 1500.0 0 0.0 0.0 0.0 0.0
3972 1892.8796463012695 1258.5021781921387 29.54010448614528 1650.0 1500.0 0 0.0 0.0 0.0 0.0
4005 1888.9338455200195 1262.4479789733887 27.755521912855244 1650.0 1500.0 0 0.0 0.0 0.0 0.0
4055 1888.9338455200195 1266.3936576843262 25.61219273824966 1650.0 1500.0 0 0.0 0.0 0.0 0.0
4072 1888.9338455200195 1270.3394584655762 23.48716102724643 1650.0 1500.0 0 0.0 0.0 0.0 0.0
4089 1884.988166809082 1274.2852592468262 21.967156512743117 1650.0 1500.0 0 0.0 0.0 0.0 0.0
4105 1881.042366027832 1274.2852592468262 22.536003627426624 1650.0 1500.0 0 0.0 0.0 0.0 0.0
4122 1881.042366027832 1278.2309379577637 20.442364015222978 1650.0 1500.0 0 0.0 0.0 0.0 0.0
4662 1884.988166809082 1278.2309379577637 19.772162748759655 1650.0 1500.0 0 0.0 0.0 0.0 0.0
4689 1892.8796463012695 1274.2852592468262 20.585923247133366 1650.0 1500.0 0 0.0 0.0 0.0 0.0
4705 1900.771125793457 1270.3394584655762 21.474594831189194 1650.0 1500.0 0 0.0 0.0 0.0 0.0
4722 1908.6626052856445 1262.4479789733887 24.77700267166361 1650.0 1500.0 0 0.0 0.0 0.0 0.0
4739 1920.499885559082 1258.5021781921387 25.548719967753897 1650.0 1500.0 0 0.0 0.0 0.0 0.0
4756 1932.337043762207 1254.5564994812012 26.425682842686825 1650.0 1500.0 0 0.0 0.0 0.0 0.0
4772 1940.228645324707 1250.6106986999512 27.843273672362812 1650.0 1500.0 0 0.0 0.0 0.0 0.0
4789 1952.065803527832 1246.6650199890137 29.031781386553718 1650.0 1500.0 0 0.0 0.0 0.0 0.0
4806 1959.9572830200195 1242.7192192077637 30.679706360822166 1650.0 1500.0 0 0.0 0.0 0.0 0.0
4822 1963.9030838012695 1238.7735404968262 32.67492764891645 1650.0 1500.0 0 0.0 0.0 0.0 0.0
4839 1971.794563293457 1234.8277397155762 34.6374829374121 1650.0 1500.0 0 0.0 0.0 0.0 0.0
4855 1979.6860427856445 1234.8277397155762 34.393356058337105 1650.0 1500.0 0 0.0 0.0 0.0 0.0
4872 1983.6318435668945 1234.8277397155762 34.266457342702694 1650.0 1500.0 0 0.0 0.0 0.0 0.0
4889 1991.523323059082 1234.8277397155762 33.99164746782222 1650.0 1500.0 0 0.0 0.0 0.0 0.0
4905 1995.4690017700195 1230.8819389343262 36.12614024882154 1650.0 1500.0 0 0.0 0.0 0.0 0.0
4922 2003.360481262207 1230.8819389343262 36.00516139428706 1650.0 1500.0 0 0.0 0.0 0.0 0.0
4938 2007.306282043457 1226.9362602233887 38.22023306908014 1650.0 1500.0 0 0.0 0.0 0.0 0.0
4955 2015.1977615356445 1226.9362602233887 38.2726135629305 1650.0 1500.0 0 0.0 0.0 0.0 0.0
4972 2019.1435623168945 1226.9362602233887 38.2998585086813 1650.0 1500.0 0 0.0 0.0 0.0 0.0
4988 2027.035041809082 1226.9362602233887 38.358839287163306 1650.0 1500.0 0 0.0 0.0 0.0 0.0
5005 2030.9807205200195 1226.9362602233887 38.3894929474657 1650.0 1500.0 0 0.0 0.0 0.0 0.0
5022 2038.872200012207 1226.9362602233887 38.455854276102826 1650.0 1500.0 0 0.0 0.0 0.0 0.0
5039 2042.818000793457 1226.9362602233887 38.49033550984856 1650.0 1500.0 0 0.0 0.0 0.0 0.0
5055 2050.7094802856445 1226.9362602233887 38.56505508615194 1650.0 1500.0 0 0.0 0.0 0.0 0.0
5072 2054.6552810668945 1226.9362602233887 38.60393682924078 1650.0 1500.0 0 0.0 0.0 0.0 0.0
5088 2062.546760559082 1226.9362602233887 38.68805629390758 1650.0 1500.0 0 0.0 0.0 0.0 0.0
5105 2066.4924392700195 1226.9362602233887 38.731775246616365 1650.0 1500.0 0 0.0 0.0 0.0 0.0
5122 2074.383918762207 1226.9362602233887 38.82647025611183 1650.0 1500.0 0 0.0 0.0 0.0 0.0
5138 2078.329719543457 1226.9362602233887 38.87568778822347 1650.0 1500.0 0 0.0 0.0 0.0 0.0
5155 2082.2753982543945 1226.9362602233887 38.92685393153053 1650.0 1500.0 0 0.0 0.0 0.0 0.0
5172 2090.1669998168945 1226.9362602233887 39.03770649559161 1650.0 1500.0 0 0.0 0.0 0.0 0.0
5188 2098.058479309082 1226.9362602233887 39.15770902915054 1650.0 1500.0 0 0.0 0.0 0.0 0.0
5205 2102.0041580200195 1226.9362602233887 39.22013673937661 1650.0 1500.0 0 0.0 0.0 0.0 0.0
5222 2109.895637512207 1226.9362602233887 39.35524172037586 1650.0 1500.0 0 0.0 0.0 0.0 0.0
5239 2113.841438293457 1226.9362602233887 39.4254825759663 1650.0 1500.0 0 0.0 0.0 0.0 0.0
5255 2117.7871170043945 1226.9362602233887 39.49851285094499 1650.0 1500.0 0 0.0 0.0 0.0 0.0
5272 2121.7329177856445 1226.9362602233887 39.57444185563887 1650.0 1500.0 0 0.0 0.0 0.0 0.0
5288 2125.6787185668945 1226.9362602233887 39.65340353645976 1650.0 1500.0 0 0.0 0.0 0.0 0.0
5305 2129.624397277832 1226.9362602233887 39.735470765889346 1650.0 1500.0 0 0.0 0.0 0.0 0.0
5532 2133.5700759887695 1226.9362602233887 39.82085757048068 1650.0 1500.0 0 0.0 0.0 0.0 0.0
5566 2137.5158767700195 1226.9362602233887 39.909631795230354 1650.0 1500.0 0 0.0 0.0 0.0 0.0
5582 2141.4616775512695 1230.8819389343262 37.72385447958473 1650.0 1500.0 0 0.0 0.0 0.0 0.0
5606 2145.4074783325195 1234.8277397155762 35.45258101774019 1650.0 1500.0 0 0.0 0.0 0.0 0.0
5622 2149.3530349731445 1234.8277397155762 35.36775089870778 1650.0 1500.0 0 0.0 0.0 0.0 0.0
5639 2157.2446365356445 1238.7735404968262 32.81979105617032 1650.0 1500.0 0 0.0 0.0 0.0 0.0
5655 2165.1362380981445 1242.7192192077637 30.07418239453395 1650.0 1500.0 0 0.0 0.0 0.0 0.0
5672 2169.0817947387695 1246.6650199890137 27.53404042185909 1650.0 1500.0 0 0.0 0.0 0.0 0.0
5689 2176.9733963012695 1250.6106986999512 24.400258432440438 1650.0 1500.0 0 0.0 0.0 0.0 0.0
5705 2184.8647537231445 1254.5564994812012 21.05145093948613 1650.0 1500.0 0 0.0 0.0 0.0 0.0
5722 2196.7021560668945 1262.4479789733887 14.423778988639725 1650.0 1500.0 0 0.0 0.0 0.0 0.0
5739 2204.5935134887695 1266.3936576843262 10.474264923097223 1650.0 1500.0 0 0.0 0.0 0.0 0.0
5755 2216.4309158325195 1274.2852592468262 3.1231437137489877 1650.0 1500.0 0 0.0 0.0 0.0 0.0
5772 2228.2680740356445 1278.2309379577637 357.1850905204978 1650.0 1500.0 0 0.0 0.0 0.0 0.0
5789 2240.1052322387695 1286.1224174499512 349.34071261789006 1650.0 1500.0 0 0.0 0.0 0.0 0.0
5805 2251.9426345825195 1294.0138969421387 341.4173837211972 1650.0 1500.0 0 0.0 0.0 0.0 0.0
5822 2263.7797927856445 1297.9596977233887 334.5505242248861 1650.0 1500.0 0 0.0 0.0 0.0 0.0
5838 2271.6711502075195 1301.9053764343262 329.6615345938819 1650.0 1500.0 0 0.0 0.0 0.0 0.0
5855 2279.5627517700195 1309.7968559265137 324.202438147114 1650.0 1500.0 0 0.0 0.0 0.0 0.0
5872 2283.5085525512695 1313.7426567077637 321.5471316696877 1650.0 1500.0 0 0.0 0.0 0.0 0.0
5888 2291.3999099731445 1313.7426567077637 317.2238107908413 1650.0 1500.0 0 0.0 0.0 0.0 0.0
5905 2295.3457107543945 1317.6884574890137 314.77563000668533 1650.0 1500.0 0 0.0 0.0 0.0 0.0
5922 2299.2915115356445 1321.6341361999512 312.40808384208054 1650.0 1500.0 0 0.0 0.0 0.0 0.0
5939 2303.2373123168945 1321.6341361999512 310.2192814202069 1650.0 1500.0 0 0.0 0.0 0.0 0.0
5955 2307.1828689575195 1325.5799369812012 308.01211331316983 1650.0 1500.0 0 0.0 0.0 0.0 0.0
5972 2311.1286697387695 1329.5256156921387 305.88710815401487 1650.0 1500.0 0 0.0 0.0 0.0 0.0
5988 2315.0744705200195 1333.4714164733887 303.8438274183818 1650.0 1500.0 0 0.0 0.0 0.0 0.0
6005 2319.0202713012695 1337.4170951843262 301.88160861360996 1650.0 1500.0 0 0.0 0.0 0.0 0.0
6022 2322.9660720825195 1341.3628959655762 299.9991750395601 1650.0 1500.0 0 0.0 0.0 0.0 0.0
6039 2326.9116287231445 1341.3628959655762 297.8398123952387 1650.0 1500.0 0 0.0 0.0 0.0 0.0
6055 2330.8574295043945 1345.3085746765137 296.12781598289104 1650.0 1500.0 0 0.0 0.0 0.0 0.0
6072 2330.8574295043945 1349.2543754577637 296.5472570685334 1650.0 1500.0 0 0.0 0.0 0.0 0.0
6088 2334.8032302856445 1357.1458549499512 295.3362121207256 1650.0 1500.0 0 0.0 0.0 0.0 0.0
6105 2338.7490310668945 1361.0916557312012 293.7337446827612 1650.0 1500.0 0 0.0 0.0 0.0 0.0
6122 2338.7490310668945 1368.9831352233887 294.7101365080905 1650.0 1500.0 0 0.0 0.0 0.0 0.0
6139 2342.6945877075195 1372.9288139343262 293.1355015216137 1650.0 1500.0 0 0.0 0.0 0.0 0.0
6155 2346.6403884887695 1376.8746147155762 291.6314136357819 1650.0 1500.0 0 0.0 0.0 0.0 0.0
6172 2346.6403884887695 1380.8202934265137 292.2122099472693 1650.0 1500.0 0 0.0 0.0 0.0 0.0
6189 2350.5861892700195 1380.8202934265137 290.1221758359686 1650.0 1500.0 0 0.0 0.0 0.0 0.0
6205 2350.5861892700195 1384.7660942077637 290.7564090469863 1650.0 1500.0 0 0.0 0.0 0.0 0.0
6222 2350.5861892700195 1388.7117729187012 291.3682915988866 1650.0 1500.0 0 0.0 0.0 0.0 0.0
6239 2350.5861892700195 1392.6575736999512 291.95849080793766 1650.0 1500.0 0 0.0 0.0 0.0 0.0
6272 2354.5319900512695 1396.6033744812012 290.5077402717028 1650.0 1500.0 0 0.0 0.0 0.0 0.0
6289 2354.5319900512695 1400.5490531921387 291.12841680304905 1650.0 1500.0 0 0.0 0.0 0.0 0.0
6322 2354.5319900512695 1404.4948539733887 291.72704111216035 1650.0 1500.0 0 0.0 0.0 0.0 0.0
6339 2358.4777908325195 1408.4405326843262 290.2869230060056 1650.0 1500.0 0 0.0 0.0 0.0 0.0
6389 2358.4777908325195 1412.3863334655762 290.9153514894773 1650.0 1500.0 0 0.0 0.0 0.0 0.0
6405 2358.4777908325195 1416.3320121765137 291.5216141659266 1650.0 1500.0 0 0.0 0.0 0.0 0.0
6455 2362.4233474731445 1416.3320121765137 289.4396458963811 1650.0 1500.0 0 0.0 0.0 0.0 0.0
6489 2366.3691482543945 1420.2778129577637 288.1049837721431 1650.0 1500.0 0 0.0 0.0 0.0 0.0
6505 2370.3149490356445 1420.2778129577637 286.0666905906437 1650.0 1500.0 0 0.0 0.0 0.0 0.0
6522 2378.2063064575195 1424.2234916687012 282.9933570526013 1650.0 1500.0 0 0.0 0.0 0.0 0.0
6539 2382.1521072387695 1428.1692924499512 281.96544110571165 1650.0 1500.0 0 0.0 0.0 0.0 0.0
6555 2393.9892654418945 1428.1692924499512 276.3383198145489 1650.0 1500.0 0 0.0 0.0 0.0 0.0
6572 2401.8808670043945 1428.1692924499512 272.7404730034497 1650.0 1500.0 0 0.0 0.0 0.0 0.0
6589 2417.6638259887695 1428.1692924499512 266.1565569631517 1650.0 1500.0 0 0.0 0.0 0.0 0.0
6605 2425.5554275512695 1428.1692924499512 263.0330550720141 1650.0 1500.0 0 0.0 0.0 0.0 0.0
6622 2437.3925857543945 1428.1692924499512 258.70723373674923 1650.0 1500.0 0 0.0 0.0 0.0 0.0
6639 2453.1755447387695 1428.1692924499512 253.5542033067478 1650.0 1500.0 0 0.0 0.0 0.0 0.0
6655 2465.0127029418945 1428.1692924499512 250.02694296909192 1650.0 1500.0 0 0.0 0.0 0.0 0.0
6672 2472.9043045043945 1428.1692924499512 247.8204570714294 1650.0 1500.0 0 0.0 0.0 0.0 0.0
6689 2484.7414627075195 1424.2234916687012 243.01487599422939 1650.0 1500.0 0 0.0 0.0 0.0 0.0
6705 2492.6330642700195 1424.2234916687012 241.2558365994974 1650.0 1500.0 0 0.0 0.0 0.0 0.0
6722 2500.5244216918945 1420.2778129577637 237.69076208424963 1650.0 1500.0 0 0.0 0.0 0.0 0.0
6739 2512.3618240356445 1416.3320121765137 233.7539977581511 1650.0 1500.0 0 0.0 0.0 0.0 0.0
6755 2520.2531814575195 1408.4405326843262 228.6093269916787 1650.0 1500.0 0 0.0 0.0 0.0 0.0
6772 2528.1447830200195 1400.5490531921387 223.7758165176695 1650.0 1500.0 0 0.0 0.0 0.0 0.0
6789 2536.0361404418945 1392.6575736999512 219.2638251855558 1650.0 1500.0 0 0.0 0.0 0.0 0.0
6806 2543.9277420043945 1388.7117729187012 217.10941616849968 1650.0 1500.0 0 0.0 0.0 0.0 0.0
6822 2547.8735427856445 1380.8202934265137 212.91753476111006 1650.0 1500.0 0 0.0 0.0 0.0 0.0
6839 2551.8193435668945 1372.9288139343262 208.91372759103555 1650.0 1500.0 0 0.0 0.0 0.0 0.0
6855 2555.7649002075195 1368.9831352233887 207.15577683670935 1650.0 1500.0 0 0.0 0.0 0.0 0.0
6872 2555.7649002075195 1365.0373344421387 205.01722052759408 1650.0 1500.0 0 0.0 0.0 0.0 0.0
6888 2555.7649002075195 1361.0916557312012 202.897848084543 1650.0 1500.0 0 0.0 0.0 0.0 0.0
6905 2555.7649002075195 1357.1458549499512 200.80017180969529 1650.0 1500.0 0 0.0 0.0 0.0 0.0
6922 2555.7649002075195 1349.2543754577637 196.7034605389892 1650.0 1500.0 0 0.0 0.0 0.0 0.0
6939 2555.7649002075195 1345.3085746765137 194.68518727296134 1650.0 1500.0 0 0.0 0.0 0.0 0.0
6955 2555.7649002075195 1337.4170951843262 190.7721587881573 1650.0 1500.0 0 0.0 0.0 0.0 0.0
6972 2551.8193435668945 1325.5799369812012 184.06859143349016 1650.0 1500.0 0 0.0 0.0 0.0 0.0
6989 2547.8735427856445 1317.6884574890137 179.26755935544452 1650.0 1500.0 0 0.0 0.0 0.0 0.0
7005 2539.9819412231445 1309.7968559265137 173.05976442839244 1650.0 1500.0 0 0.0 0.0 0.0 0.0
7022 2539.9819412231445 1301.9053764343262 170.09808654904424 1650.0 1500.0 0 0.0 0.0 0.0 0.0
7038 2532.0905838012695 1297.9596977233887 165.28653684813062 1650.0 1500.0 0 0.0 0.0 0.0 0.0
7055 2528.1447830200195 1290.0682182312012 161.03993493283753 1650.0 1500.0 0 0.0 0.0 0.0 0.0
7072 2524.1989822387695 1286.1224174499512 158.0398996376136 1650.0 1500.0 0 0.0 0.0 0.0 0.0
7089 2520.2531814575195 1282.1767387390137 155.08417036916848 1650.0 1500.0 0 0.0 0.0 0.0 0.0
7105 2512.3618240356445 1274.2852592468262 149.38040110670988 1650.0 1500.0 0 0.0 0.0 0.0 0.0
7122 2508.4160232543945 1274.2852592468262 147.31794865188238 1650.0 1500.0 0 0.0 0.0 0.0 0.0
7139 2500.5244216918945 1266.3936576843262 141.9778098348187 1650.0 1500.0 0 0.0 0.0 0.0 0.0
7155 2496.5788650512695 1262.4479789733887 139.3849112770543 1650.0 1500.0 0 0.0 0.0 0.0 0.0
7172 2492.6330642700195 1262.4479789733887 137.22480808197673 1650.0 1500.0 0 0.0 0.0 0.0 0.0
7188 2488.6872634887695 1258.5021781921387 134.77655834712354 1650.0 1500.0 0 0.0 0.0 0.0 0.0
7205 2484.7414627075195 1258.5021781921387 132.59386279267565 1650.0 1500.0 0 0.0 0.0 0.0 0.0
7222 2476.8501052856445 1254.5564994812012 128.1859269506794 1650.0 1500.0 0 0.0 0.0 0.0 0.0
7238 2472.9043045043945 1254.5564994812012 125.99570325940411 1650.0 1500.0 0 0.0 0.0 0.0 0.0
7255 2468.9585037231445 1254.5564994812012 123.80939194579142 1650.0 1500.0 0 0.0 0.0 0.0 0.0
7272 2465.0127029418945 1254.5564994812012 121.63014893918435 1650.0 1500.0 0 0.0 0.0 0.0 0.0
7305 2461.0671463012695 1254.5564994812012 119.46115937995003 1650.0 1500.0 0 0.0 0.0 0.0 0.0
7339 2461.0671463012695 1258.5021781921387 119.13931377392433 1650.0 1500.0 0 0.0 0.0 0.0 0.0
7356 2457.1213455200195 1258.5021781921387 116.98560120331027 1650.0 1500.0 0 0.0 0.0 0.0 0.0
7372 2457.1213455200195 1262.4479789733887 116.56681034074236 1650.0 1500.0 0 0.0 0.0 0.0 0.0
7405 2457.1213455200195 1266.3936576843262 116.13171922842596 1650.0 1500.0 0 0.0 0.0 0.0 0.0
7422 2457.1213455200195 1274.2852592468262 115.19119895675524 1650.0 1500.0 0 0.0 0.0 0.0 0.0
7455 2457.1213455200195 1278.2309379577637 114.70267377590321 1650.0 1500.0 0 0.0 0.0 0.0 0.0
7489 2457.1213455200195 1282.1767387390137 114.19524570539366 1650.0 1500.0 0 0.0 0.0 0.0 0.0