0 2000.0 1500.0 0 0.0 0.0 0.0 0.0 0.0 0.0 0.0
108 2000.0 1497.78369140625 359.8863750649172 0.0 0.0 0.0 0.0 0.0 0.0 0.0
117 2000.0 1493.3509521484375 359.6667642095858 0.0 0.0 0.0 0.0 0.0 0.0 0.0
124 2002.21630859375 1491.134521484375 0.5345766029106471 0.0 0.0 0.0 0.0 0.0 0.0 0.0
133 2002.21630859375 1488.918212890625 0.41185295293740865 0.0 0.0 0.0 0.0 0.0 0.0 0.0
140 2002.21630859375 1486.7017822265625 0.2912102030839634 0.0 0.0 0.0 0.0 0.0 0.0 0.0
148 2002.21630859375 1484.4854736328125 0.17263641366929505 0.0 0.0 0.0 0.0 0.0 0.0 0.0
158 2002.21630859375 1482.26904296875 0.05604471131186983 0.0 0.0 0.0 0.0 0.0 0.0 0.0
164 2002.21630859375 1480.052734375 359.9414537437027 0.0 0.0 0.0 0.0 0.0 0.0 0.0
174 2002.21630859375 1477.8363037109375 359.8288442382303 0.0 0.0 0.0 0.0 0.0 0.0 0.0
181 2002.21630859375 1475.6199951171875 359.7181264382856 0.0 0.0 0.0 0.0 0.0 0.0 0.0
188 2002.21630859375 1473.403564453125 359.60932950530594 0.0 0.0 0.0 0.0 0.0 0.0 0.0
197 2002.21630859375 1468.9708251953125 359.39898663273135 0.0 0.0 0.0 0.0 0.0 0.0 0.0
206 2002.21630859375 1466.7545166015625 359.2956260740006 0.0 0.0 0.0 0.0 0.0 0.0 0.0
212 2002.21630859375 1462.32177734375 359.0958015897232 0.0 0.0 0.0 0.0 0.0 0.0 0.0
220 2002.21630859375 1460.10546875 358.9976184468177 0.0 0.0 0.0 0.0 0.0 0.0 0.0
232 2000.0 1455.6727294921875 357.8438692982454 0.0 0.0 0.0 0.0 0.0 0.0 0.0
241 2000.0 1453.456298828125 357.76706482587997 0.0 0.0 0.0 0.0 0.0 0.0 0.0
245 2000.0 1451.239990234375 357.6915575373787 0.0 0.0 0.0 0.0 0.0 0.0 0.0
254 2000.0 1449.0235595703125 357.6173548383365 0.0 0.0 0.0 0.0 0.0 0.0 0.0
261 2000.0 1446.8072509765625 357.54441475047264 0.0 0.0 0.0 0.0 0.0 0.0 0.0
272 1997.7835693359375 1444.5908203125 356.49073438368055 0.0 0.0 0.0 0.0 0.0 0.0 0.0
276 1997.7835693359375 1442.37451171875 356.4371168607595 0.0 0.0 0.0 0.0 0.0 0.0 0.0
287 1997.7835693359375 1437.9417724609375 356.33347502340547 0.0 0.0 0.0 0.0 0.0 0.0 0.0
292 1995.5672607421875 1435.725341796875 355.2997212636559 0.0 0.0 0.0 0.0 0.0 0.0 0.0
300 1995.5672607421875 1429.0762939453125 355.2034497926097 0.0 0.0 0.0 0.0 0.0 0.0 0.0
311 1993.350830078125 1424.6435546875 354.1747078557665 0.0 0.0 0.0 0.0 0.0 0.0 0.0
318 1991.134521484375 1420.2108154296875 353.1806297298271 0.0 0.0 0.0 0.0 0.0 0.0 0.0
324 1988.9180908203125 1415.778076171875 352.2202530606023 0.0 0.0 0.0 0.0 0.0 0.0 0.0
332 1986.7017822265625 1411.3453369140625 351.292763059915 0.0 0.0 0.0 0.0 0.0 0.0 0.0
341 1984.4854736328125 1409.1290283203125 350.3463110527316 0.0 0.0 0.0 0.0 0.0 0.0 0.0
350 1982.26904296875 1406.91259765625 349.4170187454109 0.0 0.0 0.0 0.0 0.0 0.0 0.0
361 1982.26904296875 1402.4798583984375 349.5501629237655 0.0 0.0 0.0 0.0 0.0 0.0 0.0
364 1977.8363037109375 1400.2635498046875 347.6582338095013 0.0 0.0 0.0 0.0 0.0 0.0 0.0
377 1977.8363037109375 1395.830810546875 347.85052416794656 0.0 0.0 0.0 0.0 0.0 0.0 0.0
380 1975.6199951171875 1393.6143798828125 346.96772487799416 0.0 0.0 0.0 0.0 0.0 0.0 0.0
389 1973.403564453125 1389.181640625 346.2236895154169 0.0 0.0 0.0 0.0 0.0 0.0 0.0
397 1968.9708251953125 1384.7489013671875 344.55261208930233 0.0 0.0 0.0 0.0 0.0 0.0 0.0
410 1966.7545166015625 1380.316162109375 343.89498533140375 0.0 0.0 0.0 0.0 0.0 0.0 0.0
412 1964.5380859375 1375.8834228515625 343.26103382101064 0.0 0.0 0.0 0.0 0.0 0.0 0.0
422 1960.1053466796875 1373.6671142578125 341.508035043138 0.0 0.0 0.0 0.0 0.0 0.0 0.0
429 1960.1053466796875 1369.234375 341.90559355026886 0.0 0.0 0.0 0.0 0.0 0.0 0.0
437 1955.672607421875 1367.01806640625 340.1851148960634 0.0 0.0 0.0 0.0 0.0 0.0 0.0
445 1955.672607421875 1364.8016357421875 340.4094387741528 0.0 0.0 0.0 0.0 0.0 0.0 0.0
468 1951.2398681640625 1364.8016357421875 338.4752391725589 0.0 0.0 0.0 0.0 0.0 0.0 0.0
484 1949.0235595703125 1364.8016357421875 337.51279433996933 0.0 0.0 0.0 0.0 0.0 0.0 0.0
492 1949.0235595703125 1362.5853271484375 337.781582363608 0.0 0.0 0.0 0.0 0.0 0.0 0.0
516 1946.80712890625 1362.5853271484375 336.82240641980997 0.0 0.0 0.0 0.0 0.0 0.0 0.0
524 1946.80712890625 1360.368896484375 337.10262426848476 0.0 0.0 0.0 0.0 0.0 0.0 0.0
612 1944.5908203125 1360.368896484375 336.146954092691 0.0 0.0 0.0 0.0 0.0 0.0 0.0
716 1944.5908203125 1358.152587890625 336.4382491684601 0.0 0.0 0.0 0.0 0.0 0.0 0.0
724 1942.3743896484375 1355.9361572265625 335.78663856745266 0.0 0.0 0.0 0.0 0.0 0.0 0.0
732 1942.3743896484375 1353.7198486328125 336.0838820649723 0.0 0.0 0.0 0.0 0.0 0.0 0.0
744 1942.3743896484375 1351.50341796875 336.37622534624217 0.0 0.0 0.0 0.0 0.0 0.0 0.0
748 1942.3743896484375 1349.287109375 336.66375915585616 0.0 0.0 0.0 0.0 0.0 0.0 0.0
756 1940.1580810546875 1347.0706787109375 336.0073314883525 0.0 0.0 0.0 0.0 0.0 0.0 0.0
770 1940.1580810546875 1344.8543701171875 336.30093538203596 0.0 0.0 0.0 0.0 0.0 0.0 0.0
774 1940.1580810546875 1342.637939453125 336.5896944021252 0.0 0.0 0.0 0.0 0.0 0.0 0.0
782 1940.1580810546875 1340.421630859375 336.87371807258535 0.0 0.0 0.0 0.0 0.0 0.0 0.0
796 1940.1580810546875 1338.2052001953125 337.15305513808113 0.0 0.0 0.0 0.0 0.0 0.0 0.0
804 1940.1580810546875 1335.9888916015625 337.42775616033657 0.0 0.0 0.0 0.0 0.0 0.0 0.0
814 1940.1580810546875 1333.7724609375 337.69797103331257 0.0 0.0 0.0 0.0 0.0 0.0 0.0
820 1940.1580810546875 1331.55615234375 337.9636916037615 0.0 0.0 0.0 0.0 0.0 0.0 0.0
830 1940.1580810546875 1329.3397216796875 338.2250201735271 0.0 0.0 0.0 0.0 0.0 0.0 0.0
837 1940.1580810546875 1327.1234130859375 338.4820012992815 0.0 0.0 0.0 0.0 0.0 0.0 0.0
844 1940.1580810546875 1324.9071044921875 338.7346972178052 0.0 0.0 0.0 0.0 0.0 0.0 0.0
852 1940.1580810546875 1322.690673828125 338.98323155550247 0.0 0.0 0.0 0.0 0.0 0.0 0.0
861 1942.3743896484375 1320.474365234375 340.18555536504977 0.0 0.0 0.0 0.0 0.0 0.0 0.0
868 1944.5908203125 1316.0416259765625 341.5739765232795 0.0 0.0 0.0 0.0 0.0 0.0 0.0
877 1946.80712890625 1311.60888671875 342.92073411333075 0.0 0.0 0.0 0.0 0.0 0.0 0.0
887 1949.0235595703125 1309.3924560546875 344.06981484145376 0.0 0.0 0.0 0.0 0.0 0.0 0.0
895 1951.2398681640625 1307.1761474609375 345.2022949690114 0.0 0.0 0.0 0.0 0.0 0.0 0.0
900 1955.672607421875 1304.959716796875 347.2983172378707 0.0 0.0 0.0 0.0 0.0 0.0 0.0
910 1957.8890380859375 1302.743408203125 348.3820328271703 0.0 0.0 0.0 0.0 0.0 0.0 0.0
918 1960.1053466796875 1300.5269775390625 349.4485810662174 0.0 0.0 0.0 0.0 0.0 0.0 0.0
925 1964.5380859375 1300.5269775390625 351.4488619646129 0.0 0.0 0.0 0.0 0.0 0.0 0.0
932 1966.7545166015625 1298.3106689453125 352.46503204437397 0.0 0.0 0.0 0.0 0.0 0.0 0.0
943 1968.9708251953125 1296.09423828125 353.46382921324476 0.0 0.0 0.0 0.0 0.0 0.0 0.0
961 1975.6199951171875 1293.8779296875 356.40930897740725 0.0 0.0 0.0 0.0 0.0 0.0 0.0
966 1980.052734375 1293.8779296875 358.40296672497357 0.0 0.0 0.0 0.0 0.0 0.0 0.0
973 1980.052734375 1291.6614990234375 358.316593572375 0.0 0.0 0.0 0.0 0.0 0.0 0.0
984 1986.7017822265625 1289.4451904296875 1.1559354086072062 0.0 0.0 0.0 0.0 0.0 0.0 0.0
994 1988.9180908203125 1287.228759765625 1.995001841019672 0.0 0.0 0.0 0.0 0.0 0.0 0.0
1040 2011.081787109375 1278.3634033203125 10.416991838887313 0.0 0.0 0.0 0.0 0.0 0.0 0.0
1045 2015.5145263671875 1276.14697265625 11.993782607367748 0.0 0.0 0.0 0.0 0.0 0.0 0.0
1052 2019.947265625 1276.14697265625 13.868365620560752 0.0 0.0 0.0 0.0 0.0 0.0 0.0
1068 2024.3800048828125 1273.9306640625 15.34951126313615 0.0 0.0 0.0 0.0 0.0 0.0 0.0
1076 2026.596435546875 1273.9306640625 16.27120950248019 0.0 0.0 0.0 0.0 0.0 0.0 0.0
1086 2028.812744140625 1273.9306640625 17.186513375376776 0.0 0.0 0.0 0.0 0.0 0.0 0.0
1102 2031.029052734375 1273.9306640625 18.09528228433662 0.0 0.0 0.0 0.0 0.0 0.0 0.0
1116 2033.2454833984375 1273.9306640625 18.997379073561277 0.0 0.0 0.0 0.0 0.0 0.0 0.0
1140 2035.4617919921875 1273.9306640625 19.892558948241145 0.0 0.0 0.0 0.0 0.0 0.0 0.0
1156 2035.4617919921875 1276.14697265625 20.346486935083576 0.0 0.0 0.0 0.0 0.0 0.0 0.0
1164 2037.6781005859375 1276.14697265625 21.23100537986567 0.0 0.0 0.0 0.0 0.0 0.0 0.0
1173 2039.8946533203125 1276.14697265625 22.10832832455015 0.0 0.0 0.0 0.0 0.0 0.0 0.0
1191 2042.1109619140625 1278.3634033203125 23.475886917611682 0.0 0.0 0.0 0.0 0.0 0.0 0.0
1209 2044.3272705078125 1278.3634033203125 24.33379351629631 0.0 0.0 0.0 0.0 0.0 0.0 0.0
1224 2046.5435791015625 1278.3634033203125 25.183946859714105 0.0 0.0 0.0 0.0 0.0 0.0 0.0
1274 2048.7601318359375 1280.5797119140625 26.56917453387969 0.0 0.0 0.0 0.0 0.0 0.0 0.0
1420 2048.7601318359375 1278.3634033203125 26.029193617386852 0.0 0.0 0.0 0.0 0.0 0.0 0.0
1428 2048.7601318359375 1276.14697265625 25.497035355422717 0.0 0.0 0.0 0.0 0.0 0.0 0.0
1436 2048.7601318359375 1273.9306640625 24.972692808758232 0.0 0.0 0.0 0.0 0.0 0.0 0.0
1452 2048.7601318359375 1271.7142333984375 24.456024663187044 0.0 0.0 0.0 0.0 0.0 0.0 0.0
1460 2048.7601318359375 1269.4979248046875 23.947029944669353 0.0 0.0 0.0 0.0 0.0 0.0 0.0
1469 2048.7601318359375 1267.281494140625 23.445514730786464 0.0 0.0 0.0 0.0 0.0 0.0 0.0
1476 2046.5435791015625 1265.065185546875 22.087111054335054 0.0 0.0 0.0 0.0 0.0 0.0 0.0
1492 2046.5435791015625 1262.8487548828125 21.6135596098077 0.0 0.0 0.0 0.0 0.0 0.0 0.0
1501 2044.3272705078125 1260.6324462890625 20.26854067728039 0.0 0.0 0.0 0.0 0.0 0.0 0.0
1511 2044.3272705078125 1258.416015625 19.8227760114724 0.0 0.0 0.0 0.0 0.0 0.0 0.0
1517 2044.3272705078125 1256.19970703125 19.38392037230392 0.0 0.0 0.0 0.0 0.0 0.0 0.0
1524 2042.1109619140625 1253.9832763671875 18.056834469282066 0.0 0.0 0.0 0.0 0.0 0.0 0.0
1532 2042.1109619140625 1251.7669677734375 17.645456404544092 0.0 0.0 0.0 0.0 0.0 0.0 0.0
1541 2039.8946533203125 1249.550537109375 16.333773228240815 0.0 0.0 0.0 0.0 0.0 0.0 0.0
1552 2039.8946533203125 1247.334228515625 15.949520782018027 0.0 0.0 0.0 0.0 0.0 0.0 0.0
1556 2037.6781005859375 1245.1177978515625 14.65382620618756 0.0 0.0 0.0 0.0 0.0 0.0 0.0
1564 2037.6781005859375 1242.9014892578125 14.29643767808868 0.0 0.0 0.0 0.0 0.0 0.0 0.0
1574 2035.4617919921875 1240.68505859375 13.017635017875719 0.0 0.0 0.0 0.0 0.0 0.0 0.0
1582 2033.2454833984375 1236.25244140625 11.445371224915476 0.0 0.0 0.0 0.0 0.0 0.0 0.0
1593 2033.2454833984375 1231.8197021484375 10.84432338888729 0.0 0.0 0.0 0.0 0.0 0.0 0.0
1596 2031.029052734375 1229.603271484375 9.603819961046895 0.0 0.0 0.0 0.0 0.0 0.0 0.0
1610 2031.029052734375 1225.1705322265625 9.062417356304138 0.0 0.0 0.0 0.0 0.0 0.0 0.0
1612 2031.029052734375 1222.9542236328125 8.796204092301934 0.0 0.0 0.0 0.0 0.0 0.0 0.0
1620 2031.029052734375 1220.73779296875 8.534370268420147 0.0 0.0 0.0 0.0 0.0 0.0 0.0
1628 2028.812744140625 1218.521484375 7.322028224889223 0.0 0.0 0.0 0.0 0.0 0.0 0.0
1637 2026.596435546875 1218.521484375 6.347095807228271 0.0 0.0 0.0 0.0 0.0 0.0 0.0
1644 2026.596435546875 1216.3050537109375 6.1260923830815415 0.0 0.0 0.0 0.0 0.0 0.0 0.0
1668 2024.3800048828125 1214.0887451171875 4.944993735975544 0.0 0.0 0.0 0.0 0.0 0.0 0.0
1676 2022.1636962890625 1214.0887451171875 3.961553118487913 0.0 0.0 0.0 0.0 0.0 0.0 0.0
1692 2019.947265625 1214.0887451171875 2.9750072160398418 0.0 0.0 0.0 0.0 0.0 0.0 0.0
1701 2019.947265625 1211.872314453125 2.8108180223316452 0.0 0.0 0.0 0.0 0.0 0.0 0.0
1716 2015.5145263671875 1209.656005859375 0.6979824459655788 0.0 0.0 0.0 0.0 0.0 0.0 0.0
1732 2011.081787109375 1207.4395751953125 358.6133550700955 0.0 0.0 0.0 0.0 0.0 0.0 0.0
1740 2011.081787109375 1205.2232666015625 358.52340950392 0.0 0.0 0.0 0.0 0.0 0.0 0.0
1749 2006.6490478515625 1205.2232666015625 356.52501361635876 0.0 0.0 0.0 0.0 0.0 0.0 0.0
1756 2006.6490478515625 1203.0068359375 356.47079779339555 0.0 0.0 0.0 0.0 0.0 0.0 0.0
1765 2002.21630859375 1200.79052734375 354.4507830785369 0.0 0.0 0.0 0.0 0.0 0.0 0.0
1788 2000.0 1198.5740966796875 353.4487758534608 0.0 0.0 0.0 0.0 0.0 0.0 0.0
1801 1997.7835693359375 1198.5740966796875 352.44833096003873 0.0 0.0 0.0 0.0 0.0 0.0 0.0
1812 1995.5672607421875 1196.3577880859375 351.4812318128226 0.0 0.0 0.0 0.0 0.0 0.0 0.0
1820 1993.350830078125 1196.3577880859375 350.481898719851 0.0 0.0 0.0 0.0 0.0 0.0 0.0
1829 1991.134521484375 1196.3577880859375 349.48366288136714 0.0 0.0 0.0 0.0 0.0 0.0 0.0
1838 1986.7017822265625 1194.1414794921875 347.5931032255643 0.0 0.0 0.0 0.0 0.0 0.0 0.0
1844 1982.26904296875 1191.925048828125 345.7421729484401 0.0 0.0 0.0 0.0 0.0 0.0 0.0
1854 1977.8363037109375 1191.925048828125 343.76880002591025 0.0 0.0 0.0 0.0 0.0 0.0 0.0
1861 1973.403564453125 1189.708740234375 342.00379949733707 0.0 0.0 0.0 0.0 0.0 0.0 0.0
1869 1968.9708251953125 1189.708740234375 340.0561762511555 0.0 0.0 0.0 0.0 0.0 0.0 0.0
1876 1964.5380859375 1187.4923095703125 338.3816270115522 0.0 0.0 0.0 0.0 0.0 0.0 0.0
1886 1960.1053466796875 1187.4923095703125 336.4666564847094 0.0 0.0 0.0 0.0 0.0 0.0 0.0
1893 1955.672607421875 1185.2760009765625 334.8856995523388 0.0 0.0 0.0 0.0 0.0 0.0 0.0
1900 1951.2398681640625 1185.2760009765625 333.0093199801345 0.0 0.0 0.0 0.0 0.0 0.0 0.0
1909 1949.0235595703125 1185.2760009765625 332.0770686176584 0.0 0.0 0.0 0.0 0.0 0.0 0.0
1917 1944.5908203125 1185.2760009765625 330.23657410008644 0.0 0.0 0.0 0.0 0.0 0.0 0.0
1925 1942.3743896484375 1185.2760009765625 329.3228014374154 0.0 0.0 0.0 0.0 0.0 0.0 0.0
1937 1940.1580810546875 1185.2760009765625 328.4156511540484 0.0 0.0 0.0 0.0 0.0 0.0 0.0
1960 1937.9417724609375 1185.2760009765625 327.5152588200352 0.0 0.0 0.0 0.0 0.0 0.0 0.0
2044 1935.725341796875 1185.2760009765625 326.62169953227135 0.0 0.0 0.0 0.0 0.0 0.0 0.0
2300 1935.725341796875 1187.4923095703125 326.1643645606481 0.0 0.0 0.0 0.0 0.0 0.0 0.0
2444 1937.9417724609375 1180.84326171875 328.3411164918566 0.0 0.0 0.0 0.0 0.0 0.0 0.0
2452 1940.1580810546875 1176.4105224609375 330.0521013667899 0.0 0.0 0.0 0.0 0.0 0.0 0.0
2460 1944.5908203125 1171.977783203125 332.6327449643234 0.0 0.0 0.0 0.0 0.0 0.0 0.0
2469 1946.80712890625 1169.7613525390625 333.9094736951227 0.0 0.0 0.0 0.0 0.0 0.0 0.0
2476 1951.2398681640625 1167.5450439453125 336.1176907653633 0.0 0.0 0.0 0.0 0.0 0.0 0.0
2484 1953.456298828125 1165.32861328125 337.355465669017 0.0 0.0 0.0 0.0 0.0 0.0 0.0
2498 1953.456298828125 1163.1123046875 337.62682088901227 0.0 0.0 0.0 0.0 0.0 0.0 0.0
2500 1955.672607421875 1160.8958740234375 338.8462775881436 0.0 0.0 0.0 0.0 0.0 0.0 0.0
2508 1957.8890380859375 1158.6795654296875 340.0504523144381 0.0 0.0 0.0 0.0 0.0 0.0 0.0
2516 1960.1053466796875 1156.463134765625 341.23886333446995 0.0 0.0 0.0 0.0 0.0 0.0 0.0
2525 1960.1053466796875 1154.246826171875 341.4455099068378 0.0 0.0 0.0 0.0 0.0 0.0 0.0
2532 1964.5380859375 1149.8140869140625 343.7531364903054 0.0 0.0 0.0 0.0 0.0 0.0 0.0
2548 1966.7545166015625 1145.38134765625 345.03317794022746 0.0 0.0 0.0 0.0 0.0 0.0 0.0
2561 1968.9708251953125 1143.1649780273438 346.1514638980339 0.0 0.0 0.0 0.0 0.0 0.0 0.0
2564 1971.187255859375 1140.9486083984375 347.2529226304259 0.0 0.0 0.0 0.0 0.0 0.0 0.0
2578 1973.403564453125 1136.515869140625 348.42218253940814 0.0 0.0 0.0 0.0 0.0 0.0 0.0
2580 1977.8363037109375 1129.8667602539062 350.5678082718893 0.0 0.0 0.0 0.0 0.0 0.0 0.0
2589 1977.8363037109375 1127.650390625 350.6157933143988 0.0 0.0 0.0 0.0 0.0 0.0 0.0
2596 1980.052734375 1125.43408203125 351.6459542075028 0.0 0.0 0.0 0.0 0.0 0.0 0.0
2610 1984.4854736328125 1121.0013427734375 353.6378188249604 0.0 0.0 0.0 0.0 0.0 0.0 0.0
2612 1984.4854736328125 1118.7849731445312 353.6331188858179 0.0 0.0 0.0 0.0 0.0 0.0 0.0
2621 1988.9180908203125 1116.568603515625 355.59402865093017 0.0 0.0 0.0 0.0 0.0 0.0 0.0
2628 1988.9180908203125 1114.3522338867188 355.55577670807025 0.0 0.0 0.0 0.0 0.0 0.0 0.0
2636 1993.350830078125 1112.1358642578125 357.48022463207496 0.0 0.0 0.0 0.0 0.0 0.0 0.0
2644 1995.5672607421875 1109.9194946289062 358.38935582314826 0.0 0.0 0.0 0.0 0.0 0.0 0.0
2652 1997.7835693359375 1107.703125 359.2814027773146 0.0 0.0 0.0 0.0 0.0 0.0 0.0
2661 2002.21630859375 1107.703125 1.2638506801517195 0.0 0.0 0.0 0.0 0.0 0.0 0.0
2669 2004.4327392578125 1105.4867553710938 2.100864140087168 0.0 0.0 0.0 0.0 0.0 0.0 0.0
2676 2008.865478515625 1103.2703857421875 3.885821832190956 0.0 0.0 0.0 0.0 0.0 0.0 0.0
2685 2011.081787109375 1103.2703857421875 4.866257907676143 0.0 0.0 0.0 0.0 0.0 0.0 0.0
2692 2015.5145263671875 1101.0540161132812 6.585702052212426 0.0 0.0 0.0 0.0 0.0 0.0 0.0
2701 2019.947265625 1098.837646484375 8.262459288770373 0.0 0.0 0.0 0.0 0.0 0.0 0.0
2709 2022.1636962890625 1098.837646484375 9.22497769133274 0.0 0.0 0.0 0.0 0.0 0.0 0.0
2717 2026.596435546875 1096.6212768554688 10.833585933218941 0.0 0.0 0.0 0.0 0.0 0.0 0.0
2724 2028.812744140625 1096.6212768554688 11.782853920036544 0.0 0.0 0.0 0.0 0.0 0.0 0.0
2733 2033.2454833984375 1096.6212768554688 13.659991314437931 0.0 0.0 0.0 0.0 0.0 0.0 0.0
2740 2035.4617919921875 1096.6212768554688 14.592635835955917 0.0 0.0 0.0 0.0 0.0 0.0 0.0
2748 2037.6781005859375 1096.6212768554688 15.51930040309297 0.0 0.0 0.0 0.0 0.0 0.0 0.0
2769 2039.8946533203125 1096.6212768554688 16.439871527513077 0.0 0.0 0.0 0.0 0.0 0.0 0.0
2774 2042.1109619140625 1096.6212768554688 17.353958776666644 0.0 0.0 0.0 0.0 0.0 0.0 0.0
2796 2044.3272705078125 1096.6212768554688 18.26148912261975 0.0 0.0 0.0 0.0 0.0 0.0 0.0
2804 2046.5435791015625 1096.6212768554688 19.162292108085282 0.0 0.0 0.0 0.0 0.0 0.0 0.0
2820 2048.7601318359375 1098.837646484375 20.50923930468994 0.0 0.0 0.0 0.0 0.0 0.0 0.0
2828 2050.9764404296875 1098.837646484375 21.3924365233744 0.0 0.0 0.0 0.0 0.0 0.0 0.0
2837 2053.1927490234375 1101.0540161132812 22.755276745306176 0.0 0.0 0.0 0.0 0.0 0.0 0.0
2844 2055.4090576171875 1101.0540161132812 23.619545164159383 0.0 0.0 0.0 0.0 0.0 0.0 0.0
2860 2057.6256103515625 1101.0540161132812 24.47627781274631 0.0 0.0 0.0 0.0 0.0 0.0 0.0
2876 2059.8419189453125 1103.2703857421875 25.857718642121107 0.0 0.0 0.0 0.0 0.0 0.0 0.0
2893 2062.0582275390625 1103.2703857421875 26.69370995916978 0.0 0.0 0.0 0.0 0.0 0.0 0.0
2916 2064.2745361328125 1103.2703857421875 27.52163555738406 0.0 0.0 0.0 0.0 0.0 0.0 0.0
2924 2064.2745361328125 1105.4867553710938 28.09157622325943 0.0 0.0 0.0 0.0 0.0 0.0 0.0
2932 2066.4910888671875 1105.4867553710938 28.90577973637086 0.0 0.0 0.0 0.0 0.0 0.0 0.0
2964 2066.4910888671875 1107.703125 29.495725387546045 0.0 0.0 0.0 0.0 0.0 0.0 0.0
2980 2068.7073974609375 1107.703125 30.295486802622335 0.0 0.0 0.0 0.0 0.0 0.0 0.0
3184 2064.2745361328125 1105.4867553710938 28.080263029973047 0.0 0.0 0.0 0.0 0.0 0.0 0.0
3194 2064.2745361328125 1103.2703857421875 27.518539433816613 0.0 0.0 0.0 0.0 0.0 0.0 0.0
3204 2062.0582275390625 1101.0540161132812 26.13560216223538 0.0 0.0 0.0 0.0 0.0 0.0 0.0
3216 2062.0582275390625 1098.837646484375 25.60191777162575 0.0 0.0 0.0 0.0 0.0 0.0 0.0
3237 2059.8419189453125 1096.6212768554688 24.229748315640386 0.0 0.0 0.0 0.0 0.0 0.0 0.0
3244 2057.6256103515625 1096.6212768554688 23.36326511706406 0.0 0.0 0.0 0.0 0.0 0.0 0.0
3255 2057.6256103515625 1094.4049072265625 22.870494570687498 0.0 0.0 0.0 0.0 0.0 0.0 0.0
3264 2057.6256103515625 1092.1885375976562 22.385106371452956 0.0 0.0 0.0 0.0 0.0 0.0 0.0
3268 2055.4090576171875 1089.97216796875 21.034218261338836 0.0 0.0 0.0 0.0 0.0 0.0 0.0
3276 2055.4090576171875 1087.7557983398438 20.576682753830816 0.0 0.0 0.0 0.0 0.0 0.0 0.0
3284 2053.1927490234375 1085.5394287109375 19.239768665092768 0.0 0.0 0.0 0.0 0.0 0.0 0.0
3294 2053.1927490234375 1083.3230590820312 18.809905499406725 0.0 0.0 0.0 0.0 0.0 0.0 0.0
3300 2050.9764404296875 1081.1067504882812 17.487778210254277 0.0 0.0 0.0 0.0 0.0 0.0 0.0
3316 2048.7601318359375 1078.890380859375 16.177545429875238 0.0 0.0 0.0 0.0 0.0 0.0 0.0
3328 2048.7601318359375 1076.6740112304688 15.795800808602039 0.0 0.0 0.0 0.0 0.0 0.0 0.0
3343 2046.5435791015625 1074.4576416015625 14.501645910333608 0.0 0.0 0.0 0.0 0.0 0.0 0.0
3359 2046.5435791015625 1072.2412719726562 14.146653609709887 0.0 0.0 0.0 0.0 0.0 0.0 0.0
3375 2042.1109619140625 1070.02490234375 11.930710989792757 0.0 0.0 0.0 0.0 0.0 0.0 0.0
3382 2042.1109619140625 1067.8085327148438 11.617336126383393 0.0 0.0 0.0 0.0 0.0 0.0 0.0
3389 2039.8946533203125 1065.5921630859375 10.36794427239262 0.0 0.0 0.0 0.0 0.0 0.0 0.0
3397 2037.6781005859375 1063.3757934570312 9.13301238085549 0.0 0.0 0.0 0.0 0.0 0.0 0.0
3407 2033.2454833984375 1058.9430541992188 6.723152040770174 0.0 0.0 0.0 0.0 0.0 0.0 0.0
3412 2028.812744140625 1056.7266845703125 4.56540244846002 0.0 0.0 0.0 0.0 0.0 0.0 0.0
3423 2026.596435546875 1054.5103149414062 3.405746954409082 0.0 0.0 0.0 0.0 0.0 0.0 0.0
3428 2022.1636962890625 1050.0775756835938 1.1515087855295576 0.0 0.0 0.0 0.0 0.0 0.0 0.0
3438 2017.73095703125 1047.8612060546875 359.06060817433934 0.0 0.0 0.0 0.0 0.0 0.0 0.0
3445 2015.5145263671875 1045.6448364257812 357.98269428282595 0.0 0.0 0.0 0.0 0.0 0.0 0.0
3453 2013.2982177734375 1043.428466796875 356.9220378397988 0.0 0.0 0.0 0.0 0.0 0.0 0.0
3460 2011.081787109375 1041.2120971679688 355.87854956765165 0.0 0.0 0.0 0.0 0.0 0.0 0.0
3470 2008.865478515625 1041.2120971679688 354.8783673630588 0.0 0.0 0.0 0.0 0.0 0.0 0.0
3476 2006.6490478515625 1038.9957275390625 353.86903127546293 0.0 0.0 0.0 0.0 0.0 0.0 0.0
3485 2004.4327392578125 1036.7794189453125 352.87705334172745 0.0 0.0 0.0 0.0 0.0 0.0 0.0
3492 2002.21630859375 1036.7794189453125 351.87682524488946 0.0 0.0 0.0 0.0 0.0 0.0 0.0
3502 2002.21630859375 1034.5630493164062 351.9023593649114 0.0 0.0 0.0 0.0 0.0 0.0 0.0
3508 1997.7835693359375 1034.5630493164062 349.90462554462266 0.0 0.0 0.0 0.0 0.0 0.0 0.0
3517 1997.7835693359375 1032.3466796875 349.9639746998896 0.0 0.0 0.0 0.0 0.0 0.0 0.0
3527 1993.350830078125 1032.3466796875 347.97146184512513 0.0 0.0 0.0 0.0 0.0 0.0 0.0
3532 1991.134521484375 1030.1303100585938 347.0863867372813 0.0 0.0 0.0 0.0 0.0 0.0 0.0
3545 1988.9180908203125 1030.1303100585938 346.09388105695837 0.0 0.0 0.0 0.0 0.0 0.0 0.0
3548 1986.7017822265625 1025.6975708007812 345.38101455109967 0.0 0.0 0.0 0.0 0.0 0.0 0.0
3561 1984.4854736328125 1025.6975708007812 344.3927260902384 0.0 0.0 0.0 0.0 0.0 0.0 0.0
3564 1980.052734375 1023.481201171875 342.61323857261135 0.0 0.0 0.0 0.0 0.0 0.0 0.0
3578 1977.8363037109375 1021.2648315429688 341.8328981204813 0.0 0.0 0.0 0.0 0.0 0.0 0.0
3580 1975.6199951171875 1021.2648315429688 340.85612218139335 0.0 0.0 0.0 0.0 0.0 0.0 0.0
3594 1973.403564453125 1016.8320922851562 340.3325923359371 0.0 0.0 0.0 0.0 0.0 0.0 0.0
3596 1971.187255859375 1016.8320922851562 339.3617743261158 0.0 0.0 0.0 0.0 0.0 0.0 0.0
3605 1968.9708251953125 1016.8320922851562 338.3951521184262 0.0 0.0 0.0 0.0 0.0 0.0 0.0
3618 1966.7545166015625 1014.61572265625 337.7019134491954 0.0 0.0 0.0 0.0 0.0 0.0 0.0
3628 1964.5380859375 1014.61572265625 336.7431572523537 0.0 0.0 0.0 0.0 0.0 0.0 0.0
4093 1964.5380859375 1010.1829833984375 337.29700076173566 0.0 0.0 0.0 0.0 0.0 0.0 0.0
4110 1964.5380859375 1001.3175048828125 338.3349178046891 0.0 0.0 0.0 0.0 0.0 0.0 0.0
4126 1968.9708251953125 994.6683959960938 340.93597986433923 0.0 0.0 0.0 0.0 0.0 0.0 0.0
4146 1971.187255859375 988.0193481445312 342.4852487310887 0.0 0.0 0.0 0.0 0.0 0.0 0.0
4148 1973.403564453125 983.5866088867188 343.8043239069731 0.0 0.0 0.0 0.0 0.0 0.0 0.0
4169 1977.8363037109375 976.9375 346.1663634662613 0.0 0.0 0.0 0.0 0.0 0.0 0.0
4212 1993.350830078125 954.7738037109375 353.2146169599234 0.0 0.0 0.0 0.0 0.0 0.0 0.0
4235 2000.0 950.341064453125 356.117874642739 0.0 0.0 0.0 0.0 0.0 0.0 0.0
4236 2002.21630859375 950.341064453125 357.11628471774 0.0 0.0 0.0 0.0 0.0 0.0 0.0
4259 2006.6490478515625 945.9083862304688 358.9146748074795 0.0 0.0 0.0 0.0 0.0 0.0 0.0
4274 2011.081787109375 941.4756469726562 0.6462278818085139 0.0 0.0 0.0 0.0 0.0 0.0 0.0
4276 2015.5145263671875 939.25927734375 2.464151386639827 0.0 0.0 0.0 0.0 0.0 0.0 0.0
4297 2022.1636962890625 939.25927734375 5.40097519910087 0.0 0.0 0.0 0.0 0.0 0.0 0.0
4302 2026.596435546875 937.0429077148438 7.107272406423505 0.0 0.0 0.0 0.0 0.0 0.0 0.0
4327 2035.4617919921875 934.8265380859375 10.634079739839095 0.0 0.0 0.0 0.0 0.0 0.0 0.0
4353 2039.8946533203125 934.8265380859375 12.524667328553022 0.0 0.0 0.0 0.0 0.0 0.0 0.0
4373 2042.1109619140625 934.8265380859375 13.4642494167486 0.0 0.0 0.0 0.0 0.0 0.0 0.0
4426 2046.5435791015625 934.8265380859375 15.32040711393185 0.0 0.0 0.0 0.0 0.0 0.0 0.0
4446 2050.9764404296875 934.8265380859375 17.151807449756532 0.0 0.0 0.0 0.0 0.0 0.0 0.0
4453 2053.1927490234375 934.8265380859375 18.060833070016315 0.0 0.0 0.0 0.0 0.0 0.0 0.0
4470 2055.4090576171875 934.8265380859375 18.96313071347359 0.0 0.0 0.0 0.0 0.0 0.0 0.0
4491 2057.6256103515625 934.8265380859375 19.85869931391285 0.0 0.0 0.0 0.0 0.0 0.0 0.0
4724 2057.6256103515625 932.6101684570312 19.419247254033984 0.0 0.0 0.0 0.0 0.0 0.0 0.0
4732 2057.6256103515625 930.393798828125 18.986585338788956 0.0 0.0 0.0 0.0 0.0 0.0 0.0
4740 2057.6256103515625 928.1774291992188 18.560687379698777 0.0 0.0 0.0 0.0 0.0 0.0 0.0
4771 2057.6256103515625 923.7446899414062 17.734980262880512 0.0 0.0 0.0 0.0 0.0 0.0 0.0
4776 2057.6256103515625 921.5283203125 17.328619331983973 0.0 0.0 0.0 0.0 0.0 0.0 0.0
4796 2055.4090576171875 919.3119506835938 16.01975288076369 0.0 0.0 0.0 0.0 0.0 0.0 0.0
4818 2055.4090576171875 917.0955810546875 15.64052061574128 0.0 0.0 0.0 0.0 0.0 0.0 0.0
4820 2053.1927490234375 914.8792114257812 14.348021128172917 0.0 0.0 0.0 0.0 0.0 0.0 0.0
4839 2053.1927490234375 910.4464721679688 13.654126663915406 0.0 0.0 0.0 0.0 0.0 0.0 0.0
4845 2050.9764404296875 908.2301025390625 12.382130979945487 0.0 0.0 0.0 0.0 0.0 0.0 0.0
4864 2046.5435791015625 901.5810546875 9.619854196131868 0.0 0.0 0.0 0.0 0.0 0.0 0.0
4885 2042.1109619140625 890.4992065429688 6.530578704678476 0.0 0.0 0.0 0.0 0.0 0.0 0.0
4906 2037.6781005859375 886.0664672851562 4.188725430978124 0.0 0.0 0.0 0.0 0.0 0.0 0.0
4909 2035.4617919921875 881.6337280273438 2.871397898358964 0.0 0.0 0.0 0.0 0.0 0.0 0.0
4928 2031.029052734375 874.984619140625 0.5118652032668933 0.0 0.0 0.0 0.0 0.0 0.0 0.0
4935 2028.812744140625 872.7682495117188 359.41150731780294 0.0 0.0 0.0 0.0 0.0 0.0 0.0
4952 2024.3800048828125 866.119140625 357.21305258471386 0.0 0.0 0.0 0.0 0.0 0.0 0.0
4958 2019.947265625 861.6864013671875 355.150244414813 0.0 0.0 0.0 0.0 0.0 0.0 0.0
4974 2015.5145263671875 855.037353515625 353.159633442344 0.0 0.0 0.0 0.0 0.0 0.0 0.0
5003 2008.865478515625 848.3882446289062 350.3206553606746 0.0 0.0 0.0 0.0 0.0 0.0 0.0
5007 2006.6490478515625 848.3882446289062 349.32257209226543 0.0 0.0 0.0 0.0 0.0 0.0 0.0
5024 2004.4327392578125 843.9555053710938 348.4955340990542 0.0 0.0 0.0 0.0 0.0 0.0 0.0
5044 2002.21630859375 843.9555053710938 347.5001827555824 0.0 0.0 0.0 0.0 0.0 0.0 0.0
5045 2000.0 841.7391357421875 346.6240547259363 0.0 0.0 0.0 0.0 0.0 0.0 0.0
5066 1997.7835693359375 839.5227661132812 345.7645895147499 0.0 0.0 0.0 0.0 0.0 0.0 0.0
5085 1995.5672607421875 839.5227661132812 344.7753065825934 0.0 0.0 0.0 0.0 0.0 0.0 0.0
5114 1993.350830078125 839.5227661132812 343.78867011500506 0.0 0.0 0.0 0.0 0.0 0.0 0.0
5174 1991.134521484375 839.5227661132812 342.80509466974826 0.0 0.0 0.0 0.0 0.0 0.0 0.0
5197 1982.26904296875 837.306396484375 339.1681976468286 0.0 0.0 0.0 0.0 0.0 0.0 0.0
5217 1973.403564453125 837.306396484375 335.35937518818264 0.0 0.0 0.0 0.0 0.0 0.0 0.0
5222 1968.9708251953125 837.306396484375 333.47737771458196 0.0 0.0 0.0 0.0 0.0 0.0 0.0
5239 1964.5380859375 835.0900268554688 331.97880343083943 0.0 0.0 0.0 0.0 0.0 0.0 0.0
5345 1962.32177734375 835.0900268554688 331.05319137748864 0.0 0.0 0.0 0.0 0.0 0.0 0.0
5748 1964.5380859375 828.44091796875 333.0345539205996 0.0 0.0 0.0 0.0 0.0 0.0 0.0
5931 2019.947265625 770.8153686523438 357.0289918811521 0.0 0.0 0.0 0.0 0.0 0.0 0.0
5943 2022.1636962890625 770.8153686523438 358.02627844207973 0.0 0.0 0.0 0.0 0.0 0.0 0.0
5950 2024.3800048828125 768.5989990234375 358.92515543484905 0.0 0.0 0.0 0.0 0.0 0.0 0.0
5969 2028.812744140625 768.5989990234375 0.9092378149089342 0.0 0.0 0.0 0.0 0.0 0.0 0.0
5974 2031.029052734375 766.3826904296875 1.753106725628058 0.0 0.0 0.0 0.0 0.0 0.0 0.0
5990 2033.2454833984375 766.3826904296875 2.7403262010473526 0.0 0.0 0.0 0.0 0.0 0.0 0.0
6011 2037.6781005859375 766.3826904296875 4.7026035068250565 0.0 0.0 0.0 0.0 0.0 0.0 0.0
6014 2039.8946533203125 764.1663208007812 5.471163720760032 0.0 0.0 0.0 0.0 0.0 0.0 0.0
6036 2046.5435791015625 764.1663208007812 8.378755448323787 0.0 0.0 0.0 0.0 0.0 0.0 0.0
6087 2053.1927490234375 761.949951171875 10.939006234336631 0.0 0.0 0.0 0.0 0.0 0.0 0.0
6119 2055.4090576171875 761.949951171875 11.887677386782656 0.0 0.0 0.0 0.0 0.0 0.0 0.0
6125 2057.6256103515625 761.949951171875 12.831109226438969 0.0 0.0 0.0 0.0 0.0 0.0 0.0
6420 2057.6256103515625 759.7335815429688 12.503077829299386 0.0 0.0 0.0 0.0 0.0 0.0 0.0
6428 2055.4090576171875 757.5172119140625 11.24354936384158 0.0 0.0 0.0 0.0 0.0 0.0 0.0
6450 2053.1927490234375 755.3008422851562 9.998458492470007 0.0 0.0 0.0 0.0 0.0 0.0 0.0
6452 2053.1927490234375 753.08447265625 9.716782799882594 0.0 0.0 0.0 0.0 0.0 0.0 0.0
6460 2050.9764404296875 753.08447265625 8.7521314507608 0.0 0.0 0.0 0.0 0.0 0.0 0.0
6469 2050.9764404296875 750.8681030273438 8.491045164771663 0.0 0.0 0.0 0.0 0.0 0.0 0.0
6478 2048.7601318359375 750.8681030273438 7.520885061518882 0.0 0.0 0.0 0.0 0.0 0.0 0.0
6484 2048.7601318359375 748.6517333984375 7.280260016868269 0.0 0.0 0.0 0.0 0.0 0.0 0.0
6500 2044.3272705078125 746.4353637695312 5.116847605422819 0.0 0.0 0.0 0.0 0.0 0.0 0.0
6510 2042.1109619140625 746.4353637695312 4.13394969165644 0.0 0.0 0.0 0.0 0.0 0.0 0.0
6526 2039.8946533203125 742.0026245117188 2.818271131641893 0.0 0.0 0.0 0.0 0.0 0.0 0.0
6537 2037.6781005859375 742.0026245117188 1.8285432830739694 0.0 0.0 0.0 0.0 0.0 0.0 0.0
6543 2037.6781005859375 739.7862548828125 1.6837865185638634 0.0 0.0 0.0 0.0 0.0 0.0 0.0
6549 2035.4617919921875 737.5698852539062 0.5657046450135397 0.0 0.0 0.0 0.0 0.0 0.0 0.0
6557 2031.029052734375 737.5698852539062 358.57253573548326 0.0 0.0 0.0 0.0 0.0 0.0 0.0
6566 2028.812744140625 733.1371459960938 357.43255979206845 0.0 0.0 0.0 0.0 0.0 0.0 0.0
6573 2026.596435546875 733.1371459960938 356.43347727851426 0.0 0.0 0.0 0.0 0.0 0.0 0.0
6592 2024.3800048828125 728.7044067382812 355.36368144408624 0.0 0.0 0.0 0.0 0.0 0.0 0.0
6602 2022.1636962890625 728.7044067382812 354.3633135705727 0.0 0.0 0.0 0.0 0.0 0.0 0.0
6621 2019.947265625 728.7044067382812 353.3627140382885 0.0 0.0 0.0 0.0 0.0 0.0 0.0
6646 2017.73095703125 726.488037109375 352.3795462222368 0.0 0.0 0.0 0.0 0.0 0.0 0.0
6654 2015.5145263671875 724.2716674804688 351.41361774750965 0.0 0.0 0.0 0.0 0.0 0.0 0.0
6660 2013.2982177734375 724.2716674804688 350.41441642805046 0.0 0.0 0.0 0.0 0.0 0.0 0.0
6671 2008.865478515625 722.0553588867188 348.50501207683357 0.0 0.0 0.0 0.0 0.0 0.0 0.0
6699 2002.21630859375 717.6226196289062 345.7923137630588 0.0 0.0 0.0 0.0 0.0 0.0 0.0
6702 2000.0 715.40625 344.9490527875422 0.0 0.0 0.0 0.0 0.0 0.0 0.0
6709 1997.7835693359375 715.40625 343.9619543465525 0.0 0.0 0.0 0.0 0.0 0.0 0.0
6717 1995.5672607421875 715.40625 342.9777980608045 0.0 0.0 0.0 0.0 0.0 0.0 0.0
6727 1993.350830078125 713.1898803710938 342.19008571101153 0.0 0.0 0.0 0.0 0.0 0.0 0.0
6737 1991.134521484375 713.1898803710938 341.2119743025656 0.0 0.0 0.0 0.0 0.0 0.0 0.0
6744 1988.9180908203125 713.1898803710938 340.2375521222241 0.0 0.0 0.0 0.0 0.0 0.0 0.0
6750 1986.7017822265625 710.9735107421875 339.5058190937835 0.0 0.0 0.0 0.0 0.0 0.0 0.0
6764 1980.052734375 708.7571411132812 336.9097874403215 0.0 0.0 0.0 0.0 0.0 0.0 0.0
6776 1977.8363037109375 708.7571411132812 335.9550536799461 0.0 0.0 0.0 0.0 0.0 0.0 0.0
6804 1968.9708251953125 706.540771484375 332.5370712389165 0.0 0.0 0.0 0.0 0.0 0.0 0.0
6815 1966.7545166015625 706.540771484375 331.60781286125825 0.0 0.0 0.0 0.0 0.0 0.0 0.0
6820 1964.5380859375 706.540771484375 330.6846043576888 0.0 0.0 0.0 0.0 0.0 0.0 0.0
6837 1962.32177734375 706.540771484375 329.767722903612 0.0 0.0 0.0 0.0 0.0 0.0 0.0
6860 1960.1053466796875 706.540771484375 328.8572822468808 0.0 0.0 0.0 0.0 0.0 0.0 0.0
6924 1957.8890380859375 706.540771484375 327.95356516007246 0.0 0.0 0.0 0.0 0.0 0.0 0.0
6945 1955.672607421875 706.540771484375 327.0566389380928 0.0 0.0 0.0 0.0 0.0 0.0 0.0
6964 1953.456298828125 706.540771484375 326.1667433256222 0.0 0.0 0.0 0.0 0.0 0.0 0.0
7375 1960.1053466796875 691.0261840820312 331.56269525649805 0.0 0.0 0.0 0.0 0.0 0.0 0.0
7381 1962.32177734375 688.809814453125 332.85051585183675 0.0 0.0 0.0 0.0 0.0 0.0 0.0
7388 1964.5380859375 682.1607055664062 334.756811101608 0.0 0.0 0.0 0.0 0.0 0.0 0.0
7399 1968.9708251953125 679.9443359375 336.959464554701 0.0 0.0 0.0 0.0 0.0 0.0 0.0
7408 1973.403564453125 675.5116577148438 339.3853550691369 0.0 0.0 0.0 0.0 0.0 0.0 0.0
7413 1977.8363037109375 671.0789184570312 341.7489567373499 0.0 0.0 0.0 0.0 0.0 0.0 0.0
7423 1982.26904296875 668.862548828125 343.8879134164457 0.0 0.0 0.0 0.0 0.0 0.0 0.0
7445 1995.5672607421875 657.7807006835938 350.1728156826611 0.0 0.0 0.0 0.0 0.0 0.0 0.0
7455 2000.0 653.3479614257812 352.21406254642295 0.0 0.0 0.0 0.0 0.0 0.0 0.0
7461 2004.4327392578125 651.131591796875 354.2006467814626 0.0 0.0 0.0 0.0 0.0 0.0 0.0
7470 2008.865478515625 646.6988525390625 356.1041220965482 0.0 0.0 0.0 0.0 0.0 0.0 0.0
7623 2050.9764404296875 613.453369140625 10.119789087161365 0.0 0.0 0.0 0.0 0.0 0.0 0.0