0 2000.0 1500.0 0 0.0 0.0 0.0 0.0 0.0 0.0 0.0
79 1996.7391357421875 1500.0 358.65191706816387 0.0 0.0 0.0 0.0 0.0 0.0 0.0
95 1983.6956787109375 1500.0 353.15376098117554 0.0 0.0 0.0 0.0 0.0 0.0 0.0
111 1973.9130859375 1500.0 349.0024518995791 0.0 0.0 0.0 0.0 0.0 0.0 0.0
127 1954.3477783203125 1500.0 340.6873370408185 0.0 0.0 0.0 0.0 0.0 0.0 0.0
145 1934.7825927734375 1500.0 332.5519743719647 0.0 0.0 0.0 0.0 0.0 0.0 0.0
162 1915.2174072265625 1500.0 324.74396221369176 0.0 0.0 0.0 0.0 0.0 0.0 0.0
179 1895.6522216796875 1500.0 317.3781060297263 0.0 0.0 0.0 0.0 0.0 0.0 0.0
221 1859.7825927734375 1500.0 305.57235138578176 0.0 0.0 0.0 0.0 0.0 0.0 0.0
227 1846.7391357421875 1500.0 301.5643752608956 0.0 0.0 0.0 0.0 0.0 0.0 0.0
245 1833.6956787109375 1500.0 297.8159773947849 0.0 0.0 0.0 0.0 0.0 0.0 0.0
261 1820.6522216796875 1503.2608642578125 293.30675845367176 0.0 0.0 0.0 0.0 0.0 0.0 0.0
277 1807.608642578125 1503.2608642578125 290.13861598656024 0.0 0.0 0.0 0.0 0.0 0.0 0.0
295 1788.04345703125 1506.521728515625 284.8276774131548 0.0 0.0 0.0 0.0 0.0 0.0 0.0
310 1775.0 1513.04345703125 279.98896810498724 0.0 0.0 0.0 0.0 0.0 0.0 0.0
327 1765.2174072265625 1513.04345703125 278.36019538284233 0.0 0.0 0.0 0.0 0.0 0.0 0.0
344 1758.6956787109375 1513.04345703125 277.32083064119126 0.0 0.0 0.0 0.0 0.0 0.0 0.0
361 1755.434814453125 1513.04345703125 276.81258472190746 0.0 0.0 0.0 0.0 0.0 0.0 0.0
444 1755.434814453125 1513.04345703125 276.8125843173344 0.0 0.0 0.0 0.0 0.0 0.0 0.0
460 1758.6956787109375 1513.04345703125 277.3325062169056 0.0 0.0 0.0 0.0 0.0 0.0 0.0
476 1765.2174072265625 1513.04345703125 278.42101359877074 0.0 0.0 0.0 0.0 0.0 0.0 0.0
494 1775.0 1513.04345703125 280.1698382701061 0.0 0.0 0.0 0.0 0.0 0.0 0.0
510 1794.565185546875 1500.0 289.4647164846633 0.0 0.0 0.0 0.0 0.0 0.0 0.0
527 1820.6522216796875 1483.6956787109375 302.41018552953085 0.0 0.0 0.0 0.0 0.0 0.0 0.0
543 1905.434814453125 1447.826171875 342.32358378441893 0.0 0.0 0.0 0.0 0.0 0.0 0.0
561 2029.3477783203125 1415.2174072265625 20.2453013291572 0.0 0.0 0.0 0.0 0.0 0.0 0.0
576 2143.4781494140625 1385.86962890625 39.13070649437807 0.0 0.0 0.0 0.0 0.0 0.0 0.0
593 2280.4346923828125 1369.5653076171875 53.98572605737793 0.0 0.0 0.0 0.0 0.0 0.0 0.0
609 2348.9129638671875 1366.3043212890625 60.22373380367675 0.0 0.0 0.0 0.0 0.0 0.0 0.0
627 2404.3477783203125 1366.3043212890625 64.59827613317589 0.0 0.0 0.0 0.0 0.0 0.0 0.0
642 2420.6522216796875 1366.3043212890625 65.74699300941474 0.0 0.0 0.0 0.0 0.0 0.0 0.0
660 2440.2174072265625 1376.0870361328125 70.57815873837959 0.0 0.0 0.0 0.0 0.0 0.0 0.0
676 2446.7391357421875 1385.86962890625 74.76357817058114 0.0 0.0 0.0 0.0 0.0 0.0 0.0
694 2449.9998779296875 1398.9130859375 80.1753499953526 0.0 0.0 0.0 0.0 0.0 0.0 0.0
709 2453.2608642578125 1408.6956787109375 84.07443671903864 0.0 0.0 0.0 0.0 0.0 0.0 0.0
727 2456.5218505859375 1415.2174072265625 86.52315336113323 0.0 0.0 0.0 0.0 0.0 0.0 0.0
742 2456.5218505859375 1421.7391357421875 89.21364467830512 0.0 0.0 0.0 0.0 0.0 0.0 0.0
759 2459.7825927734375 1421.7391357421875 88.88796754214192 0.0 0.0 0.0 0.0 0.0 0.0 0.0
876 2459.7825927734375 1418.478271484375 87.53389970974807 0.0 0.0 0.0 0.0 0.0 0.0 0.0
908 2459.7825927734375 1415.2174072265625 86.17324424265036 0.0 0.0 0.0 0.0 0.0 0.0 0.0
926 2456.5218505859375 1408.6956787109375 83.63177027777871 0.0 0.0 0.0 0.0 0.0 0.0 0.0
943 2446.7391357421875 1398.9130859375 79.81317425841162 0.0 0.0 0.0 0.0 0.0 0.0 0.0
959 2420.6522216796875 1376.0870361328125 68.8697074068254 0.0 0.0 0.0 0.0 0.0 0.0 0.0
975 2368.4781494140625 1340.2174072265625 43.38349280426087 0.0 0.0 0.0 0.0 0.0 0.0 0.0
991 2299.9998779296875 1314.1304931640625 10.579286438696414 0.0 0.0 0.0 0.0 0.0 0.0 0.0
1008 2218.4781494140625 1301.0870361328125 335.2433281323743 0.0 0.0 0.0 0.0 0.0 0.0 0.0
1035 2159.7825927734375 1301.0870361328125 313.5245929263659 0.0 0.0 0.0 0.0 0.0 0.0 0.0
1040 2097.8260498046875 1301.0870361328125 296.06463576908135 0.0 0.0 0.0 0.0 0.0 0.0 0.0
1059 2045.6522216796875 1301.0870361328125 285.0077987838778 0.0 0.0 0.0 0.0 0.0 0.0 0.0
1074 2003.2608642578125 1301.0870361328125 278.0291735293217 0.0 0.0 0.0 0.0 0.0 0.0 0.0
1091 1980.434814453125 1301.0870361328125 274.7903557602035 0.0 0.0 0.0 0.0 0.0 0.0 0.0
1107 1960.8695068359375 1304.347900390625 271.17970662128823 0.0 0.0 0.0 0.0 0.0 0.0 0.0
1126 1947.8260498046875 1307.6087646484375 268.55856840346024 0.0 0.0 0.0 0.0 0.0 0.0 0.0
1141 1944.565185546875 1310.86962890625 266.9220054613918 0.0 0.0 0.0 0.0 0.0 0.0 0.0
1159 1941.3043212890625 1310.86962890625 266.64918355844526 0.0 0.0 0.0 0.0 0.0 0.0 0.0
1311 1944.565185546875 1310.86962890625 266.92864149762056 0.0 0.0 0.0 0.0 0.0 0.0 0.0
1328 1951.0869140625 1310.86962890625 267.5153329260621 0.0 0.0 0.0 0.0 0.0 0.0 0.0
1345 1964.13037109375 1307.6087646484375 270.28869297016695 0.0 0.0 0.0 0.0 0.0 0.0 0.0
1362 2016.3043212890625 1297.826171875 285.06838056907907 0.0 0.0 0.0 0.0 0.0 0.0 0.0
1379 2127.1739501953125 1281.521728515625 341.04802630296933 0.0 0.0 0.0 0.0 0.0 0.0 0.0
1394 2234.7825927734375 1278.2608642578125 20.619600322502365 0.0 0.0 0.0 0.0 0.0 0.0 0.0
1411 2404.3477783203125 1275.0 50.70180113270435 0.0 0.0 0.0 0.0 0.0 0.0 0.0
1428 2534.7825927734375 1275.0 62.788732434431054 0.0 0.0 0.0 0.0 0.0 0.0 0.0
1445 2570.6522216796875 1278.2608642578125 66.4918927017897 0.0 0.0 0.0 0.0 0.0 0.0 0.0
1462 2619.5653076171875 1288.04345703125 71.88411230274436 0.0 0.0 0.0 0.0 0.0 0.0 0.0
1477 2642.3912353515625 1291.3043212890625 73.56192394573637 0.0 0.0 0.0 0.0 0.0 0.0 0.0
1494 2652.1739501953125 1297.826171875 76.26301438239165 0.0 0.0 0.0 0.0 0.0 0.0 0.0
1527 2655.4346923828125 1301.0870361328125 77.59186230974845 0.0 0.0 0.0 0.0 0.0 0.0 0.0
1710 2652.1739501953125 1301.0870361328125 77.64885987631813 0.0 0.0 0.0 0.0 0.0 0.0 0.0
1727 2648.9129638671875 1297.826171875 76.2875814315453 0.0 0.0 0.0 0.0 0.0 0.0 0.0
1744 2632.6087646484375 1291.3043212890625 73.27294354360954 0.0 0.0 0.0 0.0 0.0 0.0 0.0
1760 2593.4781494140625 1278.2608642578125 64.75221116744562 0.0 0.0 0.0 0.0 0.0 0.0 0.0
1777 2528.2608642578125 1261.95654296875 43.98278850779853 0.0 0.0 0.0 0.0 0.0 0.0 0.0
1793 2446.7391357421875 1252.1739501953125 8.16753021332218 0.0 0.0 0.0 0.0 0.0 0.0 0.0
1809 2378.2608642578125 1245.6522216796875 338.2919309969551 0.0 0.0 0.0 0.0 0.0 0.0 0.0
1826 2309.7825927734375 1245.6522216796875 312.90105132383326 0.0 0.0 0.0 0.0 0.0 0.0 0.0
1842 2273.9129638671875 1245.6522216796875 301.77892984078653 0.0 0.0 0.0 0.0 0.0 0.0 0.0
1861 2244.5653076171875 1245.6522216796875 293.96334183172394 0.0 0.0 0.0 0.0 0.0 0.0 0.0
1877 2231.5218505859375 1245.6522216796875 290.74704937851124 0.0 0.0 0.0 0.0 0.0 0.0 0.0
1894 2221.7391357421875 1245.6522216796875 288.47176213911905 0.0 0.0 0.0 0.0 0.0 0.0 0.0
1909 2218.4781494140625 1248.9130859375 286.56802572216645 0.0 0.0 0.0 0.0 0.0 0.0 0.0
1927 2218.4781494140625 1248.9130859375 286.5679784605687 0.0 0.0 0.0 0.0 0.0 0.0 0.0
2108 2224.9998779296875 1248.9130859375 288.0682179123726 0.0 0.0 0.0 0.0 0.0 0.0 0.0
2125 2231.5218505859375 1248.9130859375 289.63155538813896 0.0 0.0 0.0 0.0 0.0 0.0 0.0
2142 2251.0870361328125 1248.9130859375 294.9437241242226 0.0 0.0 0.0 0.0 0.0 0.0 0.0
2159 2293.4781494140625 1235.86962890625 313.4938357778501 0.0 0.0 0.0 0.0 0.0 0.0 0.0
2175 2371.7391357421875 1222.826171875 348.52132296074996 0.0 0.0 0.0 0.0 0.0 0.0 0.0
2192 2482.6087646484375 1216.3043212890625 25.296098549511292 0.0 0.0 0.0 0.0 0.0 0.0 0.0
2208 2599.9998779296875 1216.3043212890625 48.445111887877246 0.0 0.0 0.0 0.0 0.0 0.0 0.0
2224 2704.3477783203125 1216.3043212890625 60.125018327864254 0.0 0.0 0.0 0.0 0.0 0.0 0.0
2241 2763.0435791015625 1216.3043212890625 64.70966622295678 0.0 0.0 0.0 0.0 0.0 0.0 0.0
2257 2811.9564208984375 1216.3043212890625 67.52074232718118 0.0 0.0 0.0 0.0 0.0 0.0 0.0
2275 2847.8260498046875 1216.3043212890625 69.15116509156239 0.0 0.0 0.0 0.0 0.0 0.0 0.0
2291 2860.8695068359375 1219.5653076171875 70.95232907983049 0.0 0.0 0.0 0.0 0.0 0.0 0.0
2307 2867.3912353515625 1219.5653076171875 71.15232174112822 0.0 0.0 0.0 0.0 0.0 0.0 0.0
2507 2864.1304931640625 1219.5653076171875 71.04984935535924 0.0 0.0 0.0 0.0 0.0 0.0 0.0
2524 2860.8695068359375 1219.5653076171875 70.9448115942608 0.0 0.0 0.0 0.0 0.0 0.0 0.0
2540 2851.0870361328125 1216.3043212890625 69.12020652080834 0.0 0.0 0.0 0.0 0.0 0.0 0.0
2558 2831.5218505859375 1206.521728515625 63.32004262365271 0.0 0.0 0.0 0.0 0.0 0.0 0.0
2574 2785.8695068359375 1193.478271484375 49.86322529644103 0.0 0.0 0.0 0.0 0.0 0.0 0.0
2590 2717.3912353515625 1177.1739501953125 20.985155436510915 0.0 0.0 0.0 0.0 0.0 0.0 0.0
2607 2599.9998779296875 1160.86962890625 328.1908354804144 0.0 0.0 0.0 0.0 0.0 0.0 0.0
2624 2427.1739501953125 1154.3478393554688 287.8010038770217 0.0 0.0 0.0 0.0 0.0 0.0 0.0
2640 2329.3477783203125 1154.3478393554688 274.20283989383915 0.0 0.0 0.0 0.0 0.0 0.0 0.0
2657 2257.6087646484375 1160.86962890625 265.8594822868498 0.0 0.0 0.0 0.0 0.0 0.0 0.0
2673 2215.2174072265625 1170.6522216796875 260.17553024242454 0.0 0.0 0.0 0.0 0.0 0.0 0.0
2689 2189.1304931640625 1183.6956787109375 254.73375923111905 0.0 0.0 0.0 0.0 0.0 0.0 0.0
2706 2179.3477783203125 1186.95654296875 253.48030350396448 0.0 0.0 0.0 0.0 0.0 0.0 0.0
2740 2176.0870361328125 1193.478271484375 250.82474759075177 0.0 0.0 0.0 0.0 0.0 0.0 0.0
2789 2176.0870361328125 1193.478271484375 250.8247645102913 0.0 0.0 0.0 0.0 0.0 0.0 0.0
2807 2179.3477783203125 1193.478271484375 250.71419914510523 0.0 0.0 0.0 0.0 0.0 0.0 0.0
2822 2185.8695068359375 1193.478271484375 250.48186220556914 0.0 0.0 0.0 0.0 0.0 0.0 0.0
2839 2189.1304931640625 1193.478271484375 250.36280724075453 0.0 0.0 0.0 0.0 0.0 0.0 0.0
2856 2195.6522216796875 1193.478271484375 250.1126847949031 0.0 0.0 0.0 0.0 0.0 0.0 0.0
2872 2211.9564208984375 1193.478271484375 249.40180543971013 0.0 0.0 0.0 0.0 0.0 0.0 0.0
2889 2247.8260498046875 1193.478271484375 247.2762624526158 0.0 0.0 0.0 0.0 0.0 0.0 0.0
2905 2345.6522216796875 1186.95654296875 236.31147021981576 0.0 0.0 0.0 0.0 0.0 0.0 0.0
2922 2443.4781494140625 1177.1739501953125 206.36145014915934 0.0 0.0 0.0 0.0 0.0 0.0 0.0
2939 2567.3912353515625 1177.1739501953125 146.13559123267493 0.0 0.0 0.0 0.0 0.0 0.0 0.0
2955 2648.9129638671875 1177.1739501953125 120.65686948010729 0.0 0.0 0.0 0.0 0.0 0.0 0.0
2972 2723.9129638671875 1177.1739501953125 104.77226003380179 0.0 0.0 0.0 0.0 0.0 0.0 0.0
2988 2759.7825927734375 1177.1739501953125 98.70511634450433 0.0 0.0 0.0 0.0 0.0 0.0 0.0
3006 2782.6087646484375 1177.1739501953125 95.37326094493675 0.0 0.0 0.0 0.0 0.0 0.0 0.0
3022 2795.6522216796875 1177.1739501953125 93.62945890019542 0.0 0.0 0.0 0.0 0.0 0.0 0.0
3055 2802.1739501953125 1177.1739501953125 92.79597547813944 0.0 0.0 0.0 0.0 0.0 0.0 0.0
3188 2798.9129638671875 1177.1739501953125 93.22252290278111 0.0 0.0 0.0 0.0 0.0 0.0 0.0
3205 2795.6522216796875 1177.1739501953125 93.65907147345578 0.0 0.0 0.0 0.0 0.0 0.0 0.0
3221 2776.0870361328125 1170.6522216796875 93.64684554256694 0.0 0.0 0.0 0.0 0.0 0.0 0.0
3238 2730.4346923828125 1151.0869750976562 90.83433362041892 0.0 0.0 0.0 0.0 0.0 0.0 0.0
3255 2658.6956787109375 1125.0000610351562 85.0896921967894 0.0 0.0 0.0 0.0 0.0 0.0 0.0
3271 2583.6956787109375 1105.434814453125 78.63682072112825 0.0 0.0 0.0 0.0 0.0 0.0 0.0
3288 2511.9564208984375 1092.391357421875 70.58752189403273 0.0 0.0 0.0 0.0 0.0 0.0 0.0
3305 2443.4781494140625 1089.1304931640625 63.0355242441084 0.0 0.0 0.0 0.0 0.0 0.0 0.0
3321 2381.5218505859375 1089.1304931640625 52.99851239544431 0.0 0.0 0.0 0.0 0.0 0.0 0.0
3339 2332.6087646484375 1089.1304931640625 41.298257332073106 0.0 0.0 0.0 0.0 0.0 0.0 0.0
3354 2290.2174072265625 1095.6522216796875 30.516048370375778 0.0 0.0 0.0 0.0 0.0 0.0 0.0
3370 2267.3912353515625 1102.1739501953125 24.784609319673606 0.0 0.0 0.0 0.0 0.0 0.0 0.0
3386 2251.0870361328125 1108.6956787109375 20.745727212301716 0.0 0.0 0.0 0.0 0.0 0.0 0.0
3404 2241.3043212890625 1115.2174072265625 18.810254695278758 0.0 0.0 0.0 0.0 0.0 0.0 0.0
3437 2238.0435791015625 1121.7391357421875 19.2066351613352 0.0 0.0 0.0 0.0 0.0 0.0 0.0
3470 2238.0435791015625 1125.0000610351562 19.995421002418617 0.0 0.0 0.0 0.0 0.0 0.0 0.0
3569 2238.0435791015625 1121.7391357421875 19.222079304872395 0.0 0.0 0.0 0.0 0.0 0.0 0.0
3587 2241.3043212890625 1118.478271484375 19.58600689339187 0.0 0.0 0.0 0.0 0.0 0.0 0.0
3602 2257.6087646484375 1108.6956787109375 22.580647459657705 0.0 0.0 0.0 0.0 0.0 0.0 0.0
3619 2335.8695068359375 1066.3043823242188 32.19325096555767 0.0 0.0 0.0 0.0 0.0 0.0 0.0
3636 2427.1739501953125 1017.391357421875 38.66928614511321 0.0 0.0 0.0 0.0 0.0 0.0 0.0
3653 2645.6522216796875 926.0869750976562 47.56097925929052 0.0 0.0 0.0 0.0 0.0 0.0 0.0
3669 2824.9998779296875 880.434814453125 55.34601584132382 0.0 0.0 0.0 0.0 0.0 0.0 0.0
3687 2965.2174072265625 857.6087036132812 60.83549157953843 0.0 0.0 0.0 0.0 0.0 0.0 0.0
3702 3010.8695068359375 857.6087036132812 64.47725583188702 0.0 0.0 0.0 0.0 0.0 0.0 0.0
3720 3102.1739501953125 857.6087036132812 68.8402609982632 0.0 0.0 0.0 0.0 0.0 0.0 0.0
3736 3118.4781494140625 857.6087036132812 69.53510462133454 0.0 0.0 0.0 0.0 0.0 0.0 0.0
3752 3134.7825927734375 860.8695678710938 71.38914275926078 0.0 0.0 0.0 0.0 0.0 0.0 0.0
3769 3141.3043212890625 870.6522216796875 75.53724820022605 0.0 0.0 0.0 0.0 0.0 0.0 0.0
3786 3144.5653076171875 877.1739501953125 78.23437381567307 0.0 0.0 0.0 0.0 0.0 0.0 0.0
3802 3144.5653076171875 880.434814453125 79.61602010966435 0.0 0.0 0.0 0.0 0.0 0.0 0.0
3835 3144.5653076171875 883.6956787109375 80.99475631111663 0.0 0.0 0.0 0.0 0.0 0.0 0.0
3935 3141.3043212890625 883.6956787109375 81.13583717579236 0.0 0.0 0.0 0.0 0.0 0.0 0.0
3952 3131.5218505859375 883.6956787109375 81.59196381628362 0.0 0.0 0.0 0.0 0.0 0.0 0.0
3968 3102.1739501953125 880.434814453125 81.5807767301805 0.0 0.0 0.0 0.0 0.0 0.0 0.0
3985 3056.5218505859375 867.391357421875 76.41239915916428 0.0 0.0 0.0 0.0 0.0 0.0 0.0
4002 2974.9998779296875 854.3478393554688 64.24584483229135 0.0 0.0 0.0 0.0 0.0 0.0 0.0
4019 2877.1739501953125 841.3043823242188 26.8996131765131 0.0 0.0 0.0 0.0 0.0 0.0 0.0
4035 2763.0435791015625 841.3043823242188 331.58980160004023 0.0 0.0 0.0 0.0 0.0 0.0 0.0
4051 2665.2174072265625 841.3043823242188 300.5656827378806 0.0 0.0 0.0 0.0 0.0 0.0 0.0
4068 2586.9564208984375 844.5652465820312 283.4152068647983 0.0 0.0 0.0 0.0 0.0 0.0 0.0
4086 2547.8260498046875 860.8695678710938 271.9388678051253 0.0 0.0 0.0 0.0 0.0 0.0 0.0
4101 2508.6956787109375 877.1739501953125 262.8475151901134 0.0 0.0 0.0 0.0 0.0 0.0 0.0
4118 2466.3043212890625 909.7826538085938 250.46224203224608 0.0 0.0 0.0 0.0 0.0 0.0 0.0
4134 2436.9564208984375 942.391357421875 240.26144097386486 0.0 0.0 0.0 0.0 0.0 0.0 0.0
4151 2404.3477783203125 988.0435180664062 228.95251705659592 0.0 0.0 0.0 0.0 0.0 0.0 0.0
4167 2384.7825927734375 1027.1739501953125 220.116694058338 0.0 0.0 0.0 0.0 0.0 0.0 0.0
4184 2365.2174072265625 1072.8261108398438 211.75267602733828 0.0 0.0 0.0 0.0 0.0 0.0 0.0
4200 2355.4346923828125 1095.6522216796875 208.19313998245303 0.0 0.0 0.0 0.0 0.0 0.0 0.0
4218 2345.6522216796875 1115.2174072265625 205.93222485721924 0.0 0.0 0.0 0.0 0.0 0.0 0.0
4233 2342.3912353515625 1125.0000610351562 204.38630074871105 0.0 0.0 0.0 0.0 0.0 0.0 0.0
4250 2339.1304931640625 1131.5217895507812 203.74794073270573 0.0 0.0 0.0 0.0 0.0 0.0 0.0
4266 2335.8695068359375 1131.5217895507812 204.81672261285502 0.0 0.0 0.0 0.0 0.0 0.0 0.0
4318 2332.6087646484375 1131.5217895507812 205.8690290043093 0.0 0.0 0.0 0.0 0.0 0.0 0.0
4350 2332.6087646484375 1128.2609252929688 206.78705095854815 0.0 0.0 0.0 0.0 0.0 0.0 0.0
4366 2332.6087646484375 1121.7391357421875 208.6912383200468 0.0 0.0 0.0 0.0 0.0 0.0 0.0
4384 2332.6087646484375 1115.2174072265625 210.66360932079857 0.0 0.0 0.0 0.0 0.0 0.0 0.0
4400 2335.8695068359375 1108.6956787109375 211.71608424369492 0.0 0.0 0.0 0.0 0.0 0.0 0.0
4416 2342.3912353515625 1105.434814453125 210.76047275949696 0.0 0.0 0.0 0.0 0.0 0.0 0.0
4433 2371.7391357421875 1085.8695678710938 206.97293795138654 0.0 0.0 0.0 0.0 0.0 0.0 0.0
4449 2420.6522216796875 1046.7391357421875 198.79157580372924 0.0 0.0 0.0 0.0 0.0 0.0 0.0
4466 2508.6956787109375 1001.0869750976562 153.77355183765366 0.0 0.0 0.0 0.0 0.0 0.0 0.0
4483 2626.0870361328125 945.6522216796875 103.28167326011946 0.0 0.0 0.0 0.0 0.0 0.0 0.0
4499 2759.7825927734375 896.7391357421875 78.54677455654115 0.0 0.0 0.0 0.0 0.0 0.0 0.0
4517 2854.3477783203125 870.6522216796875 70.69451875821031 0.0 0.0 0.0 0.0 0.0 0.0 0.0
4532 2971.7391357421875 851.0869750976562 68.4138394995052 0.0 0.0 0.0 0.0 0.0 0.0 0.0
4549 3053.2608642578125 847.8261108398438 70.14271078016961 0.0 0.0 0.0 0.0 0.0 0.0 0.0
4566 3118.4781494140625 847.8261108398438 71.82058889099929 0.0 0.0 0.0 0.0 0.0 0.0 0.0
4582 3160.8695068359375 854.3478393554688 74.75985702469077 0.0 0.0 0.0 0.0 0.0 0.0 0.0
4600 3177.1739501953125 870.6522216796875 80.9787779180667 0.0 0.0 0.0 0.0 0.0 0.0 0.0
4616 3193.4781494140625 893.478271484375 88.81291492608374 0.0 0.0 0.0 0.0 0.0 0.0 0.0
4632 3199.9998779296875 913.0435180664062 95.6579346589175 0.0 0.0 0.0 0.0 0.0 0.0 0.0
4649 3199.9998779296875 929.3478393554688 101.86553311051114 0.0 0.0 0.0 0.0 0.0 0.0 0.0
4665 3199.9998779296875 939.1304931640625 105.4612702069802 0.0 0.0 0.0 0.0 0.0 0.0 0.0
4682 3199.9998779296875 945.6522216796875 107.79872527343365 0.0 0.0 0.0 0.0 0.0 0.0 0.0
4702 3193.4781494140625 945.6522216796875 109.35078638981783 0.0 0.0 0.0 0.0 0.0 0.0 0.0
4716 3190.2174072265625 945.6522216796875 110.14244619405183 0.0 0.0 0.0 0.0 0.0 0.0 0.0
4732 3183.6956787109375 945.6522216796875 111.7908202726567 0.0 0.0 0.0 0.0 0.0 0.0 0.0
4748 3180.4346923828125 945.6522216796875 112.63117195255344 0.0 0.0 0.0 0.0 0.0 0.0 0.0
4765 3173.9129638671875 945.6522216796875 114.37850049299747 0.0 0.0 0.0 0.0 0.0 0.0 0.0
4781 3157.6087646484375 945.6522216796875 119.18711172061207 0.0 0.0 0.0 0.0 0.0 0.0 0.0
4798 3128.2608642578125 945.6522216796875 129.33311075082077 0.0 0.0 0.0 0.0 0.0 0.0 0.0
4816 3076.0870361328125 945.6522216796875 151.3921943284564 0.0 0.0 0.0 0.0 0.0 0.0 0.0
4831 2997.8260498046875 935.8695678710938 186.03228417936407 0.0 0.0 0.0 0.0 0.0 0.0 0.0
4848 2903.2608642578125 929.3478393554688 215.25147554289953 0.0 0.0 0.0 0.0 0.0 0.0 0.0
4865 2808.6956787109375 926.0869750976562 232.40730703325823 0.0 0.0 0.0 0.0 0.0 0.0 0.0
4881 2697.8260498046875 926.0869750976562 242.71772593735102 0.0 0.0 0.0 0.0 0.0 0.0 0.0
4898 2593.4781494140625 926.0869750976562 248.19973447021823 0.0 0.0 0.0 0.0 0.0 0.0 0.0
4914 2492.3912353515625 926.0869750976562 251.23759389512827 0.0 0.0 0.0 0.0 0.0 0.0 0.0
4931 2401.0870361328125 939.1304931640625 249.5822603027416 0.0 0.0 0.0 0.0 0.0 0.0 0.0
4947 2319.5653076171875 958.6956787109375 246.598648629347 0.0 0.0 0.0 0.0 0.0 0.0 0.0
4964 2218.4781494140625 994.5652465820312 241.7965458532138 0.0 0.0 0.0 0.0 0.0 0.0 0.0
4980 2153.2608642578125 1030.434814453125 236.3617574317222 0.0 0.0 0.0 0.0 0.0 0.0 0.0
4997 2101.0870361328125 1056.5217895507812 234.0582129598809 0.0 0.0 0.0 0.0 0.0 0.0 0.0
5014 2068.4781494140625 1076.0869750976562 231.9224442361994 0.0 0.0 0.0 0.0 0.0 0.0 0.0
5031 2042.3912353515625 1092.391357421875 230.32140717758995 0.0 0.0 0.0 0.0 0.0 0.0 0.0
5047 2026.0870361328125 1102.1739501953125 229.58164264222853 0.0 0.0 0.0 0.0 0.0 0.0 0.0
5065 2022.8260498046875 1105.434814453125 228.9546731889153 0.0 0.0 0.0 0.0 0.0 0.0 0.0
5130 2026.0870361328125 1105.434814453125 228.3263766444149 0.0 0.0 0.0 0.0 0.0 0.0 0.0
5147 2029.3477783203125 1105.434814453125 227.68433004852068 0.0 0.0 0.0 0.0 0.0 0.0 0.0
5164 2039.1304931640625 1105.434814453125 225.62678522939882 0.0 0.0 0.0 0.0 0.0 0.0 0.0
5182 2042.3912353515625 1098.9130859375 227.4293079610017 0.0 0.0 0.0 0.0 0.0 0.0 0.0
5198 2045.6522216796875 1095.6522216796875 228.02614855671953 0.0 0.0 0.0 0.0 0.0 0.0 0.0
5214 2045.6522216796875 1092.391357421875 229.27127497574492 0.0 0.0 0.0 0.0 0.0 0.0 0.0
5230 2052.1739501953125 1089.1304931640625 229.30241448627737 0.0 0.0 0.0 0.0 0.0 0.0 0.0
5247 2061.9564208984375 1082.6087036132812 230.03507144061092 0.0 0.0 0.0 0.0 0.0 0.0 0.0
5263 2107.6087646484375 1050.0000610351562 237.19991937531114 0.0 0.0 0.0 0.0 0.0 0.0 0.0
5281 2153.2608642578125 1020.6522216796875 246.65948444943757 0.0 0.0 0.0 0.0 0.0 0.0 0.0
5296 2238.0435791015625 975.0000610351562 282.92311042543577 0.0 0.0 0.0 0.0 0.0 0.0 0.0
5314 2335.8695068359375 932.6087036132812 333.63521157383116 0.0 0.0 0.0 0.0 0.0 0.0 0.0
5330 2423.9129638671875 919.5652465820312 8.023182214446592 0.0 0.0 0.0 0.0 0.0 0.0 0.0
5347 2508.6956787109375 916.3043823242188 32.29480110479239 0.0 0.0 0.0 0.0 0.0 0.0 0.0
5363 2580.4346923828125 916.3043823242188 46.931751669944504 0.0 0.0 0.0 0.0 0.0 0.0 0.0
5381 2609.7825927734375 926.0869750976562 55.15488993493989 0.0 0.0 0.0 0.0 0.0 0.0 0.0
5396 2632.6087646484375 939.1304931640625 62.699520273893654 0.0 0.0 0.0 0.0 0.0 0.0 0.0
5413 2645.6522216796875 952.1739501953125 68.84064678358851 0.0 0.0 0.0 0.0 0.0 0.0 0.0
5447 2645.6522216796875 958.6956787109375 71.60689508401458 0.0 0.0 0.0 0.0 0.0 0.0 0.0
5480 2645.6522216796875 965.2174072265625 74.37852474211647 0.0 0.0 0.0 0.0 0.0 0.0 0.0