0 2350.0 1500.0 0 1650.0 1500.0 0 0.0 0.0 0.0 0.0
23 2307.894775390625 1478.9473876953125 6.088523015260876 1650.0 1500.0 0 0.0 0.0 0.0 0.0
40 2286.842041015625 1463.1578369140625 10.418408420513174 1650.0 1500.0 0 0.0 0.0 0.0 0.0
57 2281.578857421875 1452.631591796875 13.732580513635867 1650.0 1500.0 0 0.0 0.0 0.0 0.0
73 2281.578857421875 1447.368408203125 15.603570840892075 1650.0 1500.0 0 0.0 0.0 0.0 0.0
107 2297.368408203125 1442.105224609375 19.371241112352777 1650.0 1500.0 0 0.0 0.0 0.0 0.0
123 2297.368408203125 1436.8421630859375 21.182516093049173 1650.0 1500.0 0 0.0 0.0 0.0 0.0
140 2307.894775390625 1426.3157958984375 26.396126959309527 1650.0 1500.0 0 0.0 0.0 0.0 0.0
157 2307.894775390625 1410.5263671875 31.377000886583346 1650.0 1500.0 0 0.0 0.0 0.0 0.0
173 2307.894775390625 1384.2105712890625 38.95125601835116 1650.0 1500.0 0 0.0 0.0 0.0 0.0
190 2302.631591796875 1357.894775390625 44.52204254378364 1650.0 1500.0 0 0.0 0.0 0.0 0.0
207 2292.105224609375 1326.3157958984375 49.20106198388277 1650.0 1500.0 0 0.0 0.0 0.0 0.0
223 2281.578857421875 1300.0 52.10217816678062 1650.0 1500.0 0 0.0 0.0 0.0 0.0
240 2271.052734375 1273.6842041015625 54.56781691460412 1650.0 1500.0 0 0.0 0.0 0.0 0.0
257 2271.052734375 1242.105224609375 60.34362617123264 1650.0 1500.0 0 0.0 0.0 0.0 0.0
273 2271.052734375 1200.0 66.54117414536142 1650.0 1500.0 0 0.0 0.0 0.0 0.0
290 2271.052734375 1157.894775390625 71.48215581897625 1650.0 1500.0 0 0.0 0.0 0.0 0.0
307 2271.052734375 1121.0526123046875 75.00260055741461 1650.0 1500.0 0 0.0 0.0 0.0 0.0
323 2281.578857421875 1094.73681640625 80.4521966145557 1650.0 1500.0 0 0.0 0.0 0.0 0.0
340 2297.368408203125 1063.1578369140625 86.91188338252903 1650.0 1500.0 0 0.0 0.0 0.0 0.0
357 2313.157958984375 1042.105224609375 92.41459059942133 1650.0 1500.0 0 0.0 0.0 0.0 0.0
373 2328.947509765625 1026.3157958984375 97.44379364378403 1650.0 1500.0 0 0.0 0.0 0.0 0.0
390 2334.21044921875 1010.5263061523438 98.50313285902655 1650.0 1500.0 0 0.0 0.0 0.0 0.0
408 2350.0 994.73681640625 102.88775607982916 1650.0 1500.0 0 0.0 0.0 0.0 0.0
423 2360.5263671875 978.9473876953125 105.1186255954027 1650.0 1500.0 0 0.0 0.0 0.0 0.0
440 2371.052734375 963.1578979492188 107.1165278948566 1650.0 1500.0 0 0.0 0.0 0.0 0.0
459 2381.578857421875 947.368408203125 108.90397412646175 1650.0 1500.0 0 0.0 0.0 0.0 0.0
476 2386.842041015625 931.5789184570312 108.85859517398927 1650.0 1500.0 0 0.0 0.0 0.0 0.0
493 2397.368408203125 915.7894897460938 110.46134150298019 1650.0 1500.0 0 0.0 0.0 0.0 0.0
510 2402.631591796875 905.26318359375 110.89074290796609 1650.0 1500.0 0 0.0 0.0 0.0 0.0
527 2407.894775390625 900.0 111.9655296994319 1650.0 1500.0 0 0.0 0.0 0.0 0.0
543 2407.894775390625 894.73681640625 111.26120086426175 1650.0 1500.0 0 0.0 0.0 0.0 0.0
592 2407.894775390625 900.0 111.98840453340807 1650.0 1500.0 0 0.0 0.0 0.0 0.0
609 2392.105224609375 926.3157958984375 109.79402826619605 1650.0 1500.0 0 0.0 0.0 0.0 0.0
624 2350.0 989.4736938476562 97.19757515339586 1650.0 1500.0 0 0.0 0.0 0.0 0.0
644 2281.578857421875 1068.4210205078125 56.89149075091615 1650.0 1500.0 0 0.0 0.0 0.0 0.0
656 2207.894775390625 1157.894775390625 14.36150069075353 1650.0 1500.0 0 0.0 0.0 0.0 0.0
677 2139.4737548828125 1247.368408203125 346.8904520863289 1650.0 1500.0 0 0.0 0.0 0.0 0.0
693 2065.78955078125 1342.105224609375 329.9797404381378 1650.0 1500.0 0 0.0 0.0 0.0 0.0
707 1986.8421630859375 1447.368408203125 319.3919469413929 1650.0 1500.0 0 0.0 0.0 0.0 0.0
723 1913.157958984375 1542.105224609375 314.37318449620466 1650.0 1500.0 0 0.0 0.0 0.0 0.0
740 1855.26318359375 1600.0 314.58962239220557 1650.0 1500.0 0 0.0 0.0 0.0 0.0
757 1823.6842041015625 1631.5789794921875 314.68130377726504 1650.0 1500.0 0 0.0 0.0 0.0 0.0
773 1807.894775390625 1652.631591796875 313.55134576470476 1650.0 1500.0 0 0.0 0.0 0.0 0.0
790 1797.368408203125 1668.4210205078125 312.48102701029006 1650.0 1500.0 0 0.0 0.0 0.0 0.0
807 1792.1053466796875 1684.2105712890625 310.20269457872234 1650.0 1500.0 0 0.0 0.0 0.0 0.0
823 1786.8421630859375 1694.73681640625 309.24907884107836 1650.0 1500.0 0 0.0 0.0 0.0 0.0
840 1781.5789794921875 1705.26318359375 308.36120886607114 1650.0 1500.0 0 0.0 0.0 0.0 0.0
858 1781.5789794921875 1710.5263671875 307.18720249704995 1650.0 1500.0 0 0.0 0.0 0.0 0.0
890 1781.5789794921875 1715.7894287109375 306.0443164520463 1650.0 1500.0 0 0.0 0.0 0.0 0.0
4757 1781.5789794921875 1715.7894287109375 306.0443164520463 1644.73681640625 1484.2105712890625 1.287300211970944 0.0 0.0 0.0 0.0
4773 1781.5789794921875 1715.7894287109375 306.0443164520463 1644.73681640625 1473.6842041015625 3.9191318033492166 0.0 0.0 0.0 0.0
4791 1781.5789794921875 1715.7894287109375 306.0443164520463 1644.73681640625 1463.157958984375 6.287839143851613 0.0 0.0 0.0 0.0
4807 1781.5789794921875 1715.7894287109375 306.0443164520463 1644.73681640625 1452.631591796875 8.41664758581959 0.0 0.0 0.0 0.0
4824 1781.5789794921875 1715.7894287109375 306.0443164520463 1644.73681640625 1442.105224609375 10.327622250148124 0.0 0.0 0.0 0.0
4840 1781.5789794921875 1715.7894287109375 306.0443164520463 1644.73681640625 1415.78955078125 14.035954647099118 0.0 0.0 0.0 0.0
4857 1781.5789794921875 1715.7894287109375 306.0443164520463 1650.0 1400.0 18.809771639736823 0.0 0.0 0.0 0.0
4874 1781.5789794921875 1715.7894287109375 306.0443164520463 1650.0 1378.9473876953125 20.30099775817314 0.0 0.0 0.0 0.0
4890 1781.5789794921875 1715.7894287109375 306.0443164520463 1650.0 1363.157958984375 21.250362594124624 0.0 0.0 0.0 0.0
4907 1781.5789794921875 1715.7894287109375 306.0443164520463 1650.0 1347.368408203125 22.056124385515773 0.0 0.0 0.0 0.0
4924 1781.5789794921875 1715.7894287109375 306.0443164520463 1650.0 1331.5789794921875 22.739861577473448 0.0 0.0 0.0 0.0
4940 1781.5789794921875 1715.7894287109375 306.0443164520463 1650.0 1315.78955078125 23.320016195107087 0.0 0.0 0.0 0.0
4957 1781.5789794921875 1715.7894287109375 306.0443164520463 1650.0 1300.0 23.812265607537654 0.0 0.0 0.0 0.0
4974 1781.5789794921875 1715.7894287109375 306.0443164520463 1650.0 1284.2105712890625 24.229900428085784 0.0 0.0 0.0 0.0
4990 1781.5789794921875 1715.7894287109375 306.0443164520463 1650.0 1273.6842041015625 24.478661848117724 0.0 0.0 0.0 0.0
5007 1781.5789794921875 1715.7894287109375 306.0443164520463 1650.0 1263.157958984375 24.700926594347152 0.0 0.0 0.0 0.0
5023 1781.5789794921875 1715.7894287109375 306.0443164520463 1650.0 1257.894775390625 24.80578593459171 0.0 0.0 0.0 0.0
5040 1781.5789794921875 1715.7894287109375 306.0443164520463 1644.73681640625 1252.631591796875 21.690447403891426 0.0 0.0 0.0 0.0
5057 1781.5789794921875 1715.7894287109375 306.0443164520463 1644.73681640625 1247.368408203125 21.964471895282372 0.0 0.0 0.0 0.0
5073 1781.5789794921875 1715.7894287109375 306.0443164520463 1639.4736328125 1242.105224609375 19.02454723912433 0.0 0.0 0.0 0.0
5090 1781.5789794921875 1715.7894287109375 306.0443164520463 1634.21044921875 1236.8421630859375 16.272444142111453 0.0 0.0 0.0 0.0
5107 1781.5789794921875 1715.7894287109375 306.0443164520463 1628.947265625 1231.5789794921875 13.701451530558984 0.0 0.0 0.0 0.0
5124 1781.5789794921875 1715.7894287109375 306.0443164520463 1618.4210205078125 1231.5789794921875 7.239891295972939 0.0 0.0 0.0 0.0
5140 1781.5789794921875 1715.7894287109375 306.0443164520463 1597.368408203125 1231.5789794921875 355.45643296809965 0.0 0.0 0.0 0.0
5157 1781.5789794921875 1715.7894287109375 306.0443164520463 1565.7894287109375 1231.5789794921875 340.9610224106374 0.0 0.0 0.0 0.0
5173 1781.5789794921875 1715.7894287109375 306.0443164520463 1518.4210205078125 1231.5789794921875 325.7773497216169 0.0 0.0 0.0 0.0
5190 1781.5789794921875 1715.7894287109375 306.0443164520463 1455.2630615234375 1236.8421630859375 311.6598374936982 0.0 0.0 0.0 0.0
5207 1781.5789794921875 1715.7894287109375 306.0443164520463 1397.368408203125 1252.631591796875 299.4437076804745 0.0 0.0 0.0 0.0
5223 1781.5789794921875 1715.7894287109375 306.0443164520463 1334.21044921875 1268.4210205078125 292.27279774327997 0.0 0.0 0.0 0.0
5241 1781.5789794921875 1715.7894287109375 306.0443164520463 1265.7894287109375 1300.0 282.8479873734052 0.0 0.0 0.0 0.0
5257 1781.5789794921875 1715.7894287109375 306.0443164520463 1202.6314697265625 1331.5789794921875 277.1407335348098 0.0 0.0 0.0 0.0
5274 1781.5789794921875 1715.7894287109375 306.0443164520463 1128.947265625 1373.6842041015625 272.0820634617766 0.0 0.0 0.0 0.0
5291 1781.5789794921875 1715.7894287109375 306.0443164520463 1049.9999389648438 1421.0526123046875 268.77326619816796 0.0 0.0 0.0 0.0
5307 1781.5789794921875 1715.7894287109375 306.0443164520463 971.0525512695312 1473.6842041015625 265.71744868346093 0.0 0.0 0.0 0.0
5324 1781.5789794921875 1715.7894287109375 306.0443164520463 865.7894287109375 1557.894775390625 260.99520652335764 0.0 0.0 0.0 0.0
5340 1781.5789794921875 1715.7894287109375 306.0443164520463 776.3157348632812 1647.368408203125 255.43823634300915 0.0 0.0 0.0 0.0
5357 1781.5789794921875 1715.7894287109375 306.0443164520463 697.3683471679688 1763.157958984375 246.48008326987144 0.0 0.0 0.0 0.0
5373 1781.5789794921875 1715.7894287109375 306.0443164520463 639.4736328125 1910.5263671875 234.60175596224195 0.0 0.0 0.0 0.0
5390 1781.5789794921875 1715.7894287109375 306.0443164520463 581.5789184570312 2084.2105712890625 228.11987960138183 0.0 0.0 0.0 0.0
5407 1781.5789794921875 1715.7894287109375 306.0443164520463 534.2104797363281 2268.4210205078125 223.24561695374945 0.0 0.0 0.0 0.0
5424 1781.5789794921875 1715.7894287109375 306.0443164520463 476.31573486328125 2426.3157958984375 225.5120265518889 0.0 0.0 0.0 0.0
5440 1781.5789794921875 1715.7894287109375 306.0443164520463 407.8946838378906 2568.4210205078125 229.84925996569044 0.0 0.0 0.0 0.0
5457 1781.5789794921875 1715.7894287109375 306.0443164520463 323.6841735839844 2689.4737548828125 237.07296544071693 0.0 0.0 0.0 0.0
5474 1781.5789794921875 1715.7894287109375 306.0443164520463 213.1578369140625 2805.2630615234375 245.5631921481616 0.0 0.0 0.0 0.0
5490 1781.5789794921875 1715.7894287109375 306.0443164520463 92.1052131652832 2915.7894287109375 251.15822546611224 0.0 0.0 0.0 0.0
5507 1781.5789794921875 1715.7894287109375 306.0443164520463 55.26310634613037 2978.9473876953125 244.6661448177564 0.0 0.0 0.0 0.0
5524 1781.5789794921875 1715.7894287109375 306.0443164520463 39.4736328125 3042.1053466796875 234.47757461249336 0.0 0.0 0.0 0.0
5540 1781.5789794921875 1715.7894287109375 306.0443164520463 39.4736328125 3147.3685302734375 219.27089744186028 0.0 0.0 0.0 0.0