0 2350.0 1500.0 0 1650.0 1500.0 0 0.0 0.0 0.0 0.0
162 2322.33203125 1507.9051513671875 351.2778877107118 1650.0 1500.0 0 0.0 0.0 0.0 0.0
179 2314.4267578125 1507.9051513671875 348.0825394425 1650.0 1500.0 0 0.0 0.0 0.0 0.0
196 2306.521728515625 1507.9051513671875 344.78174622769154 1650.0 1500.0 0 0.0 0.0 0.0 0.0
213 2298.616455078125 1507.9051513671875 341.3836805106208 1650.0 1500.0 0 0.0 0.0 0.0 0.0
229 2286.7587890625 1507.9051513671875 336.09125955758935 1650.0 1500.0 0 0.0 0.0 0.0 0.0
246 2274.901123046875 1507.9051513671875 330.64898615037873 1650.0 1500.0 0 0.0 0.0 0.0 0.0
264 2263.04345703125 1507.9051513671875 325.10461733953923 1650.0 1500.0 0 0.0 0.0 0.0 0.0
279 2251.185791015625 1507.9051513671875 319.50992282823387 1650.0 1500.0 0 0.0 0.0 0.0 0.0
296 2235.37548828125 1507.9051513671875 312.0623803238717 1650.0 1500.0 0 0.0 0.0 0.0 0.0
313 2223.517822265625 1507.9051513671875 306.556322665101 1650.0 1500.0 0 0.0 0.0 0.0 0.0
329 2211.659912109375 1507.9051513671875 301.1704446865301 1650.0 1500.0 0 0.0 0.0 0.0 0.0
348 2195.849609375 1507.9051513671875 294.2797293552936 1650.0 1500.0 0 0.0 0.0 0.0 0.0
366 2183.991943359375 1507.9051513671875 289.3241515103417 1650.0 1500.0 0 0.0 0.0 0.0 0.0
383 2156.323974609375 1507.9051513671875 278.99493482294145 1650.0 1500.0 0 0.0 0.0 0.0 0.0
399 2144.46630859375 1507.9051513671875 274.84910285954186 1650.0 1500.0 0 0.0 0.0 0.0 0.0
415 2132.608642578125 1507.9051513671875 270.9676075552261 1650.0 1500.0 0 0.0 0.0 0.0 0.0
431 2124.703369140625 1507.9051513671875 268.4991379160326 1650.0 1500.0 0 0.0 0.0 0.0 0.0
446 2116.79833984375 1507.9051513671875 266.14753200185794 1650.0 1500.0 0 0.0 0.0 0.0 0.0
462 2104.940673828125 1507.9051513671875 262.8728737519092 1650.0 1500.0 0 0.0 0.0 0.0 0.0
481 2097.035400390625 1507.9051513671875 260.80115783642 1650.0 1500.0 0 0.0 0.0 0.0 0.0
496 2085.177734375 1507.9051513671875 257.92985202126533 1650.0 1500.0 0 0.0 0.0 0.0 0.0
512 2077.272705078125 1503.95263671875 257.6370649525427 1650.0 1500.0 0 0.0 0.0 0.0 0.0
529 2073.320068359375 1503.95263671875 256.71440308664387 1650.0 1500.0 0 0.0 0.0 0.0 0.0
546 2069.367431640625 1500.0 257.381567877037 1650.0 1500.0 0 0.0 0.0 0.0 0.0
562 2061.46240234375 1500.0 255.59952012769693 1650.0 1500.0 0 0.0 0.0 0.0 0.0
579 2057.509765625 1496.0474853515625 256.31400263826185 1650.0 1500.0 0 0.0 0.0 0.0 0.0
596 2053.55712890625 1492.094970703125 256.99815004276536 1650.0 1500.0 0 0.0 0.0 0.0 0.0
613 2049.604736328125 1492.094970703125 256.09319010926333 1650.0 1500.0 0 0.0 0.0 0.0 0.0
629 2041.699462890625 1488.142333984375 255.92474346785568 1650.0 1500.0 0 0.0 0.0 0.0 0.0
646 2037.7470703125 1480.2371826171875 258.15362853656154 1650.0 1500.0 0 0.0 0.0 0.0 0.0
662 2029.841796875 1476.28466796875 257.8456602187282 1650.0 1500.0 0 0.0 0.0 0.0 0.0
679 2021.936767578125 1472.33203125 257.55865327108984 1650.0 1500.0 0 0.0 0.0 0.0 0.0
696 2017.984130859375 1468.3795166015625 258.18968354676315 1650.0 1500.0 0 0.0 0.0 0.0 0.0
712 2010.078857421875 1464.4268798828125 257.8793174559835 1650.0 1500.0 0 0.0 0.0 0.0 0.0
729 2002.173828125 1456.5218505859375 259.0632956283839 1650.0 1500.0 0 0.0 0.0 0.0 0.0
749 1998.22119140625 1452.5692138671875 259.6298592449117 1650.0 1500.0 0 0.0 0.0 0.0 0.0
765 1990.316162109375 1444.6640625 260.6694547805894 1650.0 1500.0 0 0.0 0.0 0.0 0.0
782 1982.410888671875 1436.7589111328125 261.62284677487185 1650.0 1500.0 0 0.0 0.0 0.0 0.0
799 1970.55322265625 1428.853759765625 261.52950285942165 1650.0 1500.0 0 0.0 0.0 0.0 0.0
800 1970.55322265625 1428.853759765625 261.5295175686034 1650.0 1500.0 0 0.0 0.0 0.0 0.0
814 1962.648193359375 1416.99609375 263.78110303160963 1650.0 1500.0 0 0.0 0.0 0.0 0.0
830 1954.7430419921875 1413.0435791015625 263.0942849380625 1650.0 1500.0 0 0.0 0.0 0.0 0.0
846 1946.837890625 1401.185791015625 265.1894901677223 1650.0 1500.0 0 0.0 0.0 0.0 0.0
863 1938.9327392578125 1393.2806396484375 265.7658810503219 1650.0 1500.0 0 0.0 0.0 0.0 0.0
880 1931.027587890625 1381.4229736328125 267.59145866568315 1650.0 1500.0 0 0.0 0.0 0.0 0.0
896 1923.1224365234375 1373.517822265625 267.96620283946675 1650.0 1500.0 0 0.0 0.0 0.0 0.0
912 1915.21728515625 1361.66015625 269.5675948430536 1650.0 1500.0 0 0.0 0.0 0.0 0.0
929 1903.359619140625 1353.7550048828125 268.6429078016406 1650.0 1500.0 0 0.0 0.0 0.0 0.0
946 1899.406982421875 1345.849853515625 270.0944897149618 1650.0 1500.0 0 0.0 0.0 0.0 0.0
963 1887.54931640625 1337.9447021484375 269.11493837402827 1650.0 1500.0 0 0.0 0.0 0.0 0.0
979 1879.6441650390625 1326.0870361328125 270.59853782189145 1650.0 1500.0 0 0.0 0.0 0.0 0.0
996 1871.739013671875 1322.1343994140625 269.4602190818488 1650.0 1500.0 0 0.0 0.0 0.0 0.0
1012 1863.8338623046875 1318.181884765625 268.3964228675642 1650.0 1500.0 0 0.0 0.0 0.0 0.0
1029 1851.9761962890625 1314.229248046875 266.3009633754722 1650.0 1500.0 0 0.0 0.0 0.0 0.0
1046 1844.071044921875 1306.32421875 266.784099092265 1650.0 1500.0 0 0.0 0.0 0.0 0.0
1062 1832.21337890625 1302.37158203125 264.83077359827735 1650.0 1500.0 0 0.0 0.0 0.0 0.0
1079 1828.2607421875 1298.4190673828125 265.1471961716443 1650.0 1500.0 0 0.0 0.0 0.0 0.0
1096 1816.403076171875 1298.4190673828125 261.9464011072447 1650.0 1500.0 0 0.0 0.0 0.0 0.0
1112 1808.4979248046875 1294.4664306640625 261.3826835813077 1650.0 1500.0 0 0.0 0.0 0.0 0.0
1129 1796.6402587890625 1294.4664306640625 258.46647202903364 1650.0 1500.0 0 0.0 0.0 0.0 0.0
1149 1788.735107421875 1294.4664306640625 256.62601113236485 1650.0 1500.0 0 0.0 0.0 0.0 0.0
1166 1772.9248046875 1290.513916015625 254.80271236154866 1650.0 1500.0 0 0.0 0.0 0.0 0.0
1167 1772.9248046875 1290.513916015625 254.80272666007298 1650.0 1500.0 0 0.0 0.0 0.0 0.0
1197 1757.114501953125 1286.561279296875 253.19034677639436 1650.0 1500.0 0 0.0 0.0 0.0 0.0
1198 1757.114501953125 1286.561279296875 253.1903801012472 1650.0 1500.0 0 0.0 0.0 0.0 0.0
1215 1749.20947265625 1286.561279296875 251.6388328096223 1650.0 1500.0 0 0.0 0.0 0.0 0.0
1230 1745.2568359375 1286.561279296875 250.8854460263295 1650.0 1500.0 0 0.0 0.0 0.0 0.0
1246 1737.3516845703125 1286.561279296875 249.4636569686887 1650.0 1500.0 0 0.0 0.0 0.0 0.0
1263 1733.399169921875 1286.561279296875 248.7736674238894 1650.0 1500.0 0 0.0 0.0 0.0 0.0
1279 1729.446533203125 1286.561279296875 248.10392400766372 1650.0 1500.0 0 0.0 0.0 0.0 0.0
1312 1725.4940185546875 1286.561279296875 247.45397686378536 1650.0 1500.0 0 0.0 0.0 0.0 0.0
1330 1725.4940185546875 1290.513916015625 245.68779283581486 1650.0 1500.0 0 0.0 0.0 0.0 0.0
1347 1721.5413818359375 1290.513916015625 245.10981167746533 1650.0 1500.0 0 0.0 0.0 0.0 0.0
1362 1721.5413818359375 1294.4664306640625 243.3205795836013 1650.0 1500.0 0 0.0 0.0 0.0 0.0
1396 1721.5413818359375 1298.4190673828125 241.51573001608543 1650.0 1500.0 0 0.0 0.0 0.0 0.0
1462 1725.4940185546875 1298.4190673828125 241.99664628181924 1650.0 1500.0 0 0.0 0.0 0.0 0.0
1479 1729.446533203125 1298.4190673828125 242.49310760824855 1650.0 1500.0 0 0.0 0.0 0.0 0.0
1496 1733.399169921875 1298.4190673828125 243.00565837164706 1650.0 1500.0 0 0.0 0.0 0.0 0.0
1512 1737.3516845703125 1298.4190673828125 243.53473502733627 1650.0 1500.0 0 0.0 0.0 0.0 0.0
1532 1741.3043212890625 1298.4190673828125 244.08079066110994 1650.0 1500.0 0 0.0 0.0 0.0 0.0
1549 1749.20947265625 1298.4190673828125 245.24518262858967 1650.0 1500.0 0 0.0 0.0 0.0 0.0
1566 1749.20947265625 1306.32421875 241.63567131697445 1650.0 1500.0 0 0.0 0.0 0.0 0.0
1582 1753.1619873046875 1310.2767333984375 240.24683151188944 1650.0 1500.0 0 0.0 0.0 0.0 0.0
1583 1753.1619873046875 1310.2767333984375 240.24680214884117 1650.0 1500.0 0 0.0 0.0 0.0 0.0
1599 1753.1619873046875 1314.229248046875 238.4194541761661 1650.0 1500.0 0 0.0 0.0 0.0 0.0
1629 1757.114501953125 1318.181884765625 236.90221105542983 1650.0 1500.0 0 0.0 0.0 0.0 0.0
1679 1757.114501953125 1322.1343994140625 235.05641417902487 1650.0 1500.0 0 0.0 0.0 0.0 0.0
1712 1757.114501953125 1326.0870361328125 233.2031280361239 1650.0 1500.0 0 0.0 0.0 0.0 0.0
1729 1757.114501953125 1330.03955078125 231.34441416947513 1650.0 1500.0 0 0.0 0.0 0.0 0.0
1746 1757.114501953125 1333.9921875 229.48209547192207 1650.0 1500.0 0 0.0 0.0 0.0 0.0
1763 1757.114501953125 1337.9447021484375 227.61820530571762 1650.0 1500.0 0 0.0 0.0 0.0 0.0
1779 1753.1619873046875 1337.9447021484375 227.6001118101121 1650.0 1500.0 0 0.0 0.0 0.0 0.0
1812 1749.20947265625 1341.8973388671875 225.77769013163785 1650.0 1500.0 0 0.0 0.0 0.0 0.0
1829 1749.20947265625 1345.849853515625 223.91650956722404 1650.0 1500.0 0 0.0 0.0 0.0 0.0
1863 1749.20947265625 1349.8023681640625 222.0595933438452 1650.0 1500.0 0 0.0 0.0 0.0 0.0
1884 1745.2568359375 1349.8023681640625 222.2164140986989 1650.0 1500.0 0 0.0 0.0 0.0 0.0
1895 1745.2568359375 1353.7550048828125 220.36505298253715 1650.0 1500.0 0 0.0 0.0 0.0 0.0
2013 1741.3043212890625 1357.70751953125 218.7880628610196 1650.0 1500.0 0 0.0 0.0 0.0 0.0
2046 1737.3516845703125 1361.66015625 217.2676590392858 1650.0 1500.0 0 0.0 0.0 0.0 0.0
2062 1733.399169921875 1365.6126708984375 215.8028730069881 1650.0 1500.0 0 0.0 0.0 0.0 0.0
2080 1729.446533203125 1373.517822265625 212.65398192965674 1650.0 1500.0 0 0.0 0.0 0.0 0.0
2096 1729.446533203125 1377.470458984375 210.86379473063107 1650.0 1500.0 0 0.0 0.0 0.0 0.0
2113 1729.446533203125 1385.37548828125 207.3522707983415 1650.0 1500.0 0 0.0 0.0 0.0 0.0
2129 1729.446533203125 1393.2806396484375 203.92220948556493 1650.0 1500.0 0 0.0 0.0 0.0 0.0
2146 1729.446533203125 1401.185791015625 200.58341195414582 1650.0 1500.0 0 0.0 0.0 0.0 0.0
2164 1725.4940185546875 1409.0909423828125 198.21589018965335 1650.0 1500.0 0 0.0 0.0 0.0 0.0
2179 1725.4940185546875 1416.99609375 195.052993635363 1650.0 1500.0 0 0.0 0.0 0.0 0.0
2196 1721.5413818359375 1428.853759765625 191.5784397406092 1650.0 1500.0 0 0.0 0.0 0.0 0.0
2212 1721.5413818359375 1436.7589111328125 188.65555922408134 1650.0 1500.0 0 0.0 0.0 0.0 0.0
2229 1717.5888671875 1444.6640625 187.00076139236484 1650.0 1500.0 0 0.0 0.0 0.0 0.0
2246 1713.63623046875 1452.5692138671875 185.45017166909278 1650.0 1500.0 0 0.0 0.0 0.0 0.0
2262 1713.63623046875 1456.5218505859375 184.08604845724386 1650.0 1500.0 0 0.0 0.0 0.0 0.0
2279 1713.63623046875 1460.474365234375 182.75189212363375 1650.0 1500.0 0 0.0 0.0 0.0 0.0
2296 1713.63623046875 1472.33203125 179.01047002606987 1650.0 1500.0 0 0.0 0.0 0.0 0.0
2329 1709.6837158203125 1480.2371826171875 177.9762647064488 1650.0 1500.0 0 0.0 0.0 0.0 0.0
2349 1709.6837158203125 1488.142333984375 175.6498490968846 1650.0 1500.0 0 0.0 0.0 0.0 0.0
2365 1709.6837158203125 1492.094970703125 174.51591989713265 1650.0 1500.0 0 0.0 0.0 0.0 0.0
2382 1705.731201171875 1492.094970703125 175.9659588953972 1650.0 1500.0 0 0.0 0.0 0.0 0.0
2398 1705.731201171875 1500.0 173.7381183271967 1650.0 1500.0 0 0.0 0.0 0.0 0.0
2399 1705.731201171875 1500.0 173.73812164830622 1650.0 1500.0 0 0.0 0.0 0.0 0.0
2413 1705.731201171875 1503.95263671875 172.6528870512045 1650.0 1500.0 0 0.0 0.0 0.0 0.0
2430 1705.731201171875 1507.9051513671875 171.5958291275115 1650.0 1500.0 0 0.0 0.0 0.0 0.0
2446 1701.778564453125 1507.9051513671875 173.1026299902966 1650.0 1500.0 0 0.0 0.0 0.0 0.0
2480 1701.778564453125 1511.8577880859375 172.033861494111 1650.0 1500.0 0 0.0 0.0 0.0 0.0
2496 1697.8260498046875 1511.8577880859375 173.53231944647493 1650.0 1500.0 0 0.0 0.0 0.0 0.0
2546 1693.8734130859375 1511.8577880859375 175.00193766455777 1650.0 1500.0 0 0.0 0.0 0.0 0.0
2629 1689.9208984375 1511.8577880859375 176.4422202519592 1650.0 1500.0 0 0.0 0.0 0.0 0.0
2679 1685.96826171875 1511.8577880859375 177.8529648145306 1650.0 1500.0 0 0.0 0.0 0.0 0.0
2729 1682.0157470703125 1511.8577880859375 179.23392216679758 1650.0 1500.0 0 0.0 0.0 0.0 0.0
2814 1678.0631103515625 1507.9051513671875 181.87052189098395 1650.0 1500.0 0 0.0 0.0 0.0 0.0
2895 1678.0631103515625 1500.0 184.62320570548806 1650.0 1500.0 0 0.0 0.0 0.0 0.0