0 2350.0 1500.0 0 1650.0 1500.0 0 0.0 0.0 0.0 0.0
97 2313.157958984375 1473.6842041015625 339.2506011770425 1650.0 1500.0 0 0.0 0.0 0.0 0.0
115 2292.105224609375 1473.6842041015625 330.92781014119527 1650.0 1500.0 0 0.0 0.0 0.0 0.0
132 2265.78955078125 1473.6842041015625 319.57994225245005 1650.0 1500.0 0 0.0 0.0 0.0 0.0
148 2234.21044921875 1473.6842041015625 305.28841624226595 1650.0 1500.0 0 0.0 0.0 0.0 0.0
166 2165.78955078125 1489.4736328125 273.39454454738285 1650.0 1500.0 0 0.0 0.0 0.0 0.0
167 2165.78955078125 1489.4736328125 273.3945431670176 1650.0 1500.0 0 0.0 0.0 0.0 0.0
183 2134.21044921875 1494.73681640625 261.10052073160983 1650.0 1500.0 0 0.0 0.0 0.0 0.0
199 2113.157958984375 1500.0 253.12438900980092 1650.0 1500.0 0 0.0 0.0 0.0 0.0
215 2092.105224609375 1505.26318359375 245.92145550615035 1650.0 1500.0 0 0.0 0.0 0.0 0.0
232 2076.315673828125 1510.5262451171875 240.49477645153266 1650.0 1500.0 0 0.0 0.0 0.0 0.0
249 2055.26318359375 1515.7894287109375 234.71406382736333 1650.0 1500.0 0 0.0 0.0 0.0 0.0
265 2039.4736328125 1521.0526123046875 230.28654962275962 1650.0 1500.0 0 0.0 0.0 0.0 0.0
282 2018.4208984375 1526.3157958984375 225.79560444806432 1650.0 1500.0 0 0.0 0.0 0.0 0.0
299 1997.368408203125 1531.578857421875 221.90296776560203 1650.0 1500.0 0 0.0 0.0 0.0 0.0
315 1976.315673828125 1536.842041015625 218.5411428152257 1650.0 1500.0 0 0.0 0.0 0.0 0.0
332 1965.78955078125 1542.105224609375 215.89493977636064 1650.0 1500.0 0 0.0 0.0 0.0 0.0
349 1960.5263671875 1542.105224609375 215.7559879202078 1650.0 1500.0 0 0.0 0.0 0.0 0.0
365 1955.26318359375 1547.368408203125 213.35514154822707 1650.0 1500.0 0 0.0 0.0 0.0 0.0
398 1955.26318359375 1552.631591796875 210.99482757171214 1650.0 1500.0 0 0.0 0.0 0.0 0.0
415 1960.5263671875 1552.631591796875 210.93530670972004 1650.0 1500.0 0 0.0 0.0 0.0 0.0
432 1965.78955078125 1552.631591796875 210.87322352729203 1650.0 1500.0 0 0.0 0.0 0.0 0.0
448 1971.052490234375 1547.368408203125 213.27063363738105 1650.0 1500.0 0 0.0 0.0 0.0 0.0
465 1971.052490234375 1542.105224609375 215.62783031578422 1650.0 1500.0 0 0.0 0.0 0.0 0.0
498 1976.315673828125 1521.0526123046875 225.40560646478437 1650.0 1500.0 0 0.0 0.0 0.0 0.0
1529 1976.315673828125 1521.0526123046875 225.40560646478437 1686.842041015625 1484.21044921875 24.937763808175532 0.0 0.0 0.0 0.0
1546 1976.315673828125 1521.0526123046875 225.40560646478437 1697.368408203125 1473.6842041015625 32.77790248428812 0.0 0.0 0.0 0.0
1562 1976.315673828125 1521.0526123046875 225.40560646478437 1702.631591796875 1473.6842041015625 35.87648063492668 0.0 0.0 0.0 0.0
1579 1976.315673828125 1521.0526123046875 225.40560646478437 1713.1578369140625 1473.6842041015625 42.196694439213786 0.0 0.0 0.0 0.0
1597 1976.315673828125 1521.0526123046875 225.40560646478437 1728.9473876953125 1468.4210205078125 51.563014348109675 0.0 0.0 0.0 0.0
1613 1976.315673828125 1521.0526123046875 225.40560646478437 1744.73681640625 1468.4210205078125 60.89391352610562 0.0 0.0 0.0 0.0
1629 1976.315673828125 1521.0526123046875 225.40560646478437 1755.26318359375 1468.4210205078125 66.91957315243963 0.0 0.0 0.0 0.0
1646 1976.315673828125 1521.0526123046875 225.40560646478437 1771.0526123046875 1468.4210205078125 75.42543108272253 0.0 0.0 0.0 0.0
1665 1976.315673828125 1521.0526123046875 225.40560646478437 1786.842041015625 1473.6842041015625 84.99930559976093 0.0 0.0 0.0 0.0
1680 1976.315673828125 1521.0526123046875 225.40560646478437 1802.631591796875 1484.21044921875 96.16211302610145 0.0 0.0 0.0 0.0
1696 1976.315673828125 1521.0526123046875 225.40560646478437 1823.6842041015625 1494.73681640625 108.1206635926485 0.0 0.0 0.0 0.0
1714 1976.315673828125 1521.0526123046875 225.40560646478437 1839.4736328125 1510.5262451171875 120.21739987721713 0.0 0.0 0.0 0.0
1729 1976.315673828125 1521.0526123046875 225.40560646478437 1855.26318359375 1526.315673828125 130.94563398871952 0.0 0.0 0.0 0.0
1746 1976.315673828125 1521.0526123046875 225.40560646478437 1871.0526123046875 1542.105224609375 140.19378672817066 0.0 0.0 0.0 0.0
1762 1976.315673828125 1521.0526123046875 225.40560646478437 1881.5789794921875 1552.6314697265625 145.68635723048234 0.0 0.0 0.0 0.0
1779 1976.315673828125 1521.0526123046875 225.40560646478437 1886.842041015625 1568.4210205078125 154.02300734693978 0.0 0.0 0.0 0.0
1796 1976.315673828125 1521.0526123046875 225.40560646478437 1892.105224609375 1578.947265625 158.8607937900133 0.0 0.0 0.0 0.0
1812 1976.315673828125 1521.0526123046875 225.40560646478437 1897.368408203125 1589.4736328125 163.28255298139626 0.0 0.0 0.0 0.0
1829 1976.315673828125 1521.0526123046875 225.40560646478437 1902.631591796875 1594.73681640625 164.7172408885019 0.0 0.0 0.0 0.0
1846 1976.315673828125 1521.0526123046875 225.40560646478437 1902.631591796875 1600.0 167.48944407992866 0.0 0.0 0.0 0.0
1862 1976.315673828125 1521.0526123046875 225.40560646478437 1902.631591796875 1605.2630615234375 170.1857801877259 0.0 0.0 0.0 0.0
1879 1976.315673828125 1521.0526123046875 225.40560646478437 1902.631591796875 1610.5262451171875 172.8028870462452 0.0 0.0 0.0 0.0
1896 1976.315673828125 1521.0526123046875 225.40560646478437 1902.631591796875 1615.7894287109375 175.3380483446 0.0 0.0 0.0 0.0
1914 1976.315673828125 1521.0526123046875 225.40560646478437 1907.894775390625 1621.0526123046875 175.91948139851706 0.0 0.0 0.0 0.0
1929 1976.315673828125 1521.0526123046875 225.40560646478437 1907.894775390625 1626.315673828125 178.35071148769447 0.0 0.0 0.0 0.0
1946 1976.315673828125 1521.0526123046875 225.40560646478437 1913.1578369140625 1631.578857421875 178.71459386781856 0.0 0.0 0.0 0.0
1962 2351.585102081299 1294.2888641357422 230.42952424079067 1913.1578369140625 1631.578857421875 178.71459386781856 0.0 0.0 0.0 0.0
1966 2351.585102081299 1294.2888641357422 230.42952424079067 1913.1578369140625 1642.105224609375 183.2169919242002 0.0 0.0 0.0 0.0
1979 2330.532367706299 1299.5520477294922 228.47661764378563 1913.1578369140625 1642.105224609375 183.2169919242002 0.0 0.0 0.0 0.0
1983 2330.532367706299 1299.5520477294922 228.47661764378563 1913.1578369140625 1647.368408203125 185.38034961776333 0.0 0.0 0.0 0.0
1998 2320.006000518799 1304.8151092529297 228.44537413350793 1913.1578369140625 1647.368408203125 185.38034961776333 0.0 0.0 0.0 0.0
1999 2320.006000518799 1304.8151092529297 228.44537413350793 1913.1578369140625 1652.6314697265625 187.45801941775673 0.0 0.0 0.0 0.0
2015 2314.742816925049 1304.8151092529297 227.449583381562 1913.1578369140625 1652.6314697265625 187.45801941775673 0.0 0.0 0.0 0.0
2016 2314.742816925049 1304.8151092529297 227.449583381562 1913.1578369140625 1663.1578369140625 191.2860481152544 0.0 0.0 0.0 0.0
2029 2309.479877471924 1310.0782928466797 228.37806818060142 1913.1578369140625 1663.1578369140625 191.2860481152544 0.0 0.0 0.0 0.0
2033 2309.479877471924 1310.0782928466797 228.37806818060142 1913.1578369140625 1668.4210205078125 193.11707656749422 0.0 0.0 0.0 0.0
2046 2298.953510284424 1310.0782928466797 226.31190748871535 1913.1578369140625 1668.4210205078125 193.11707656749422 0.0 0.0 0.0 0.0
2049 2298.953510284424 1310.0782928466797 226.31190748871535 1913.1578369140625 1673.6842041015625 194.86809149282402 0.0 0.0 0.0 0.0
2068 2288.427143096924 1310.0782928466797 224.10402276778433 1913.1578369140625 1673.6842041015625 194.86809149282402 0.0 0.0 0.0 0.0
2084 2277.900775909424 1315.3414764404297 223.67792389436897 1913.1578369140625 1673.6842041015625 194.86809149282402 0.0 0.0 0.0 0.0
2085 2277.900775909424 1315.3414764404297 223.67792389436897 1913.1578369140625 1678.947265625 196.5410589645816 0.0 0.0 0.0 0.0
2086 2277.900775909424 1315.3414764404297 223.67792512271612 1913.1578369140625 1678.947265625 196.5410589645816 0.0 0.0 0.0 0.0
2112 2267.374408721924 1320.6046600341797 223.21347226627654 1913.1578369140625 1678.947265625 196.5410589645816 0.0 0.0 0.0 0.0
2115 2267.374408721924 1320.6046600341797 223.21347226627654 1913.1578369140625 1684.21044921875 198.1382538785127 0.0 0.0 0.0 0.0
2132 2262.111225128174 1320.6046600341797 222.04520909438557 1913.1578369140625 1684.21044921875 198.1382538785127 0.0 0.0 0.0 0.0
2147 2256.848285675049 1325.8677215576172 222.68548872579902 1913.1578369140625 1684.21044921875 198.1382538785127 0.0 0.0 0.0 0.0
2149 2256.848285675049 1325.8677215576172 222.68548872579902 1913.1578369140625 1689.4736328125 199.66201272789795 0.0 0.0 0.0 0.0
2166 2251.585102081299 1325.8677215576172 221.50037380948447 1913.1578369140625 1689.4736328125 199.66201272789795 0.0 0.0 0.0 0.0
2167 2251.585102081299 1325.8677215576172 221.50037380948447 1907.894775390625 1694.73681640625 203.86762693102952 0.0 0.0 0.0 0.0
2182 2246.321918487549 1331.1309051513672 222.11119155961654 1907.894775390625 1694.73681640625 203.86762693102952 0.0 0.0 0.0 0.0
2183 2246.321918487549 1331.1309051513672 222.11119155961654 1902.631591796875 1700.0 207.95050284464367 0.0 0.0 0.0 0.0
2197 2241.058734893799 1336.3940887451172 222.75506739557915 1902.631591796875 1700.0 207.95050284464367 0.0 0.0 0.0 0.0
2199 2241.058734893799 1336.3940887451172 222.75506739557915 1897.368408203125 1705.2630615234375 211.89497768862623 0.0 0.0 0.0 0.0
2212 2235.795551300049 1341.6572723388672 223.4336539459494 1897.368408203125 1705.2630615234375 211.89497768862623 0.0 0.0 0.0 0.0
2216 2235.795551300049 1341.6572723388672 223.4336539459494 1892.105224609375 1705.2630615234375 214.9824658792275 0.0 0.0 0.0 0.0
2230 2198.953510284424 1352.1835174560547 217.6898816544443 1892.105224609375 1705.2630615234375 214.9824658792275 0.0 0.0 0.0 0.0
2233 2198.953510284424 1352.1835174560547 217.6898816544443 1865.7894287109375 1726.315673828125 230.54068661208504 0.0 0.0 0.0 0.0
2249 2188.427143096924 1357.4467010498047 216.69113051841794 1865.7894287109375 1726.315673828125 230.54068661208504 0.0 0.0 0.0 0.0
2250 2188.427143096924 1357.4467010498047 216.69113051841794 1855.26318359375 1731.578857421875 236.39012900578558 0.0 0.0 0.0 0.0
2265 2188.427143096924 1362.7098846435547 218.38887848173297 1855.26318359375 1731.578857421875 236.39012900578558 0.0 0.0 0.0 0.0
2266 2188.427143096924 1362.7098846435547 218.38887848173297 1855.26318359375 1736.842041015625 235.9704001933957 0.0 0.0 0.0 0.0
2282 2188.427143096924 1367.9730682373047 220.124627992966 1855.26318359375 1736.842041015625 235.9704001933957 0.0 0.0 0.0 0.0
2297 2188.427143096924 1373.2362518310547 221.89752477426458 1855.26318359375 1736.842041015625 235.9704001933957 0.0 0.0 0.0 0.0
2362 2188.427143096924 1378.4993133544922 223.706527723644 1855.26318359375 1736.842041015625 235.9704001933957 0.0 0.0 0.0 0.0
2364 2188.427143096924 1378.4993133544922 223.706527723644 1850.0 1736.842041015625 239.0886986338541 0.0 0.0 0.0 0.0
2429 2183.163959503174 1378.4993133544922 222.5540521936113 1850.0 1736.842041015625 239.0886986338541 0.0 0.0 0.0 0.0
2430 2183.163959503174 1378.4993133544922 222.5540521936113 1844.73681640625 1736.842041015625 242.1706808954923 0.0 0.0 0.0 0.0
2449 2177.900775909424 1378.4993133544922 221.36476528163809 1844.73681640625 1736.842041015625 242.1706808954923 0.0 0.0 0.0 0.0
2482 2172.637592315674 1378.4993133544922 220.13799889133185 1844.73681640625 1736.842041015625 242.1706808954923 0.0 0.0 0.0 0.0
2483 2172.637592315674 1378.4993133544922 220.13799889133185 1839.4736328125 1736.842041015625 245.20817053390178 0.0 0.0 0.0 0.0
2500 2167.374408721924 1378.4993133544922 218.87323457371883 1839.4736328125 1736.842041015625 245.20817053390178 0.0 0.0 0.0 0.0
2548 2162.111225128174 1378.4993133544922 217.56995260614337 1839.4736328125 1736.842041015625 245.20817053390178 0.0 0.0 0.0 0.0
2549 2162.111225128174 1378.4993133544922 217.56995260614337 1834.21044921875 1736.842041015625 248.19362084233143 0.0 0.0 0.0 0.0
2581 2156.848285675049 1378.4993133544922 216.22774829152718 1834.21044921875 1736.842041015625 248.19362084233143 0.0 0.0 0.0 0.0
2582 2156.848285675049 1378.4993133544922 216.22774829152718 1834.21044921875 1742.105224609375 247.17104663120682 0.0 0.0 0.0 0.0
2599 2146.321918487549 1378.4993133544922 213.38190047019702 1834.21044921875 1742.105224609375 247.17104663120682 0.0 0.0 0.0 0.0
2615 2141.058734893799 1378.4993133544922 211.9195621303469 1834.21044921875 1742.105224609375 247.17104663120682 0.0 0.0 0.0 0.0
2632 2135.795551300049 1378.4993133544922 210.41726981166596 1834.21044921875 1742.105224609375 247.17104663120682 0.0 0.0 0.0 0.0
2633 2135.795551300049 1378.4993133544922 210.41726981166596 1828.9473876953125 1742.105224609375 250.1185325794773 0.0 0.0 0.0 0.0
2649 2130.532367706299 1378.4993133544922 208.87502958754405 1828.9473876953125 1747.368408203125 249.00059088190812 0.0 0.0 0.0 0.0
2662 2120.006000518799 1378.4993133544922 205.62850513270288 1828.9473876953125 1747.368408203125 249.00059088190812 0.0 0.0 0.0 0.0
2698 2109.479877471924 1373.2362518310547 200.92894413203703 1828.9473876953125 1747.368408203125 249.00059088190812 0.0 0.0 0.0 0.0
2699 2109.479877471924 1373.2362518310547 200.92894413203703 1823.6842041015625 1747.368408203125 251.9099167811873 0.0 0.0 0.0 0.0
2700 2109.479877471924 1373.2362518310547 200.9289491268796 1823.6842041015625 1747.368408203125 251.9099167811873 0.0 0.0 0.0 0.0
2716 2109.479877471924 1373.2362518310547 200.9289491268796 1818.4210205078125 1747.368408203125 254.75273935012007 0.0 0.0 0.0 0.0
2765 2104.216693878174 1373.2362518310547 199.1619463062122 1818.4210205078125 1747.368408203125 254.75273935012007 0.0 0.0 0.0 0.0
2784 2104.216693878174 1373.2362518310547 199.1619463062122 1813.1578369140625 1747.368408203125 257.5239803526398 0.0 0.0 0.0 0.0
2815 2098.953510284424 1373.2362518310547 197.35863665653386 1813.1578369140625 1747.368408203125 257.5239803526398 0.0 0.0 0.0 0.0
2832 2098.953510284424 1373.2362518310547 197.35863665653386 1807.894775390625 1747.368408203125 260.21935063206297 0.0 0.0 0.0 0.0
2947 2098.953510284424 1367.9730682373047 196.26769904909307 1807.894775390625 1747.368408203125 260.21935063206297 0.0 0.0 0.0 0.0
2965 2098.953510284424 1362.7098846435547 195.21058779065814 1807.894775390625 1747.368408203125 260.21935063206297 0.0 0.0 0.0 0.0
2966 2098.953510284424 1362.7098846435547 195.21058779065814 1807.894775390625 1742.105224609375 261.9754756250377 0.0 0.0 0.0 0.0
2983 2098.953510284424 1357.4467010498047 194.18658655426015 1807.894775390625 1742.105224609375 261.9754756250377 0.0 0.0 0.0 0.0
2984 2098.953510284424 1357.4467010498047 194.18658655426015 1807.894775390625 1736.842041015625 263.8155560999647 0.0 0.0 0.0 0.0
3079 2098.953510284424 1362.7098846435547 195.24479815046666 1807.894775390625 1736.842041015625 263.8155560999647 0.0 0.0 0.0 0.0
3080 2098.953510284424 1362.7098846435547 195.24479815046666 1807.894775390625 1742.105224609375 262.0557463900173 0.0 0.0 0.0 0.0
3132 2098.953510284424 1362.7098846435547 195.24479815046666 1813.1578369140625 1742.105224609375 259.33485142209145 0.0 0.0 0.0 0.0
3164 2104.216693878174 1352.1835174560547 194.9926577717935 1813.1578369140625 1742.105224609375 259.33485142209145 0.0 0.0 0.0 0.0
3165 2104.216693878174 1352.1835174560547 194.9926577717935 1813.1578369140625 1731.578857421875 262.93702980687704 0.0 0.0 0.0 0.0
3182 2104.216693878174 1341.6572723388672 193.0206565913757 1813.1578369140625 1721.0526123046875 266.8916855800292 0.0 0.0 0.0 0.0
3197 2104.216693878174 1341.6572723388672 193.0206565913757 1813.1578369140625 1710.5262451171875 271.2098446023375 0.0 0.0 0.0 0.0
3263 2104.216693878174 1341.6572723388672 193.0206565913757 1813.1578369140625 1721.0526123046875 267.22613680801925 0.0 0.0 0.0 0.0
3281 2104.216693878174 1346.9204559326172 194.03987981943465 1813.1578369140625 1721.0526123046875 267.22613680801925 0.0 0.0 0.0 0.0
3282 2104.216693878174 1346.9204559326172 194.03987981943465 1813.1578369140625 1726.315673828125 265.31886651543806 0.0 0.0 0.0 0.0
3298 2104.216693878174 1352.1835174560547 195.09320223833402 1813.1578369140625 1726.315673828125 265.31886651543806 0.0 0.0 0.0 0.0
3299 2104.216693878174 1352.1835174560547 195.09320223833402 1813.1578369140625 1731.578857421875 263.4933539826767 0.0 0.0 0.0 0.0
3314 2104.216693878174 1357.4467010498047 196.1814215646723 1813.1578369140625 1731.578857421875 263.4933539826767 0.0 0.0 0.0 0.0
3315 2104.216693878174 1357.4467010498047 196.1814215646723 1813.1578369140625 1736.842041015625 261.7477460699729 0.0 0.0 0.0 0.0
3380 2104.216693878174 1346.9204559326172 194.1363993562759 1813.1578369140625 1726.315673828125 265.58822991331164 0.0 0.0 0.0 0.0
3397 2104.216693878174 1341.6572723388672 193.14639591954153 1813.1578369140625 1726.315673828125 265.58822991331164 0.0 0.0 0.0 0.0
3398 2104.216693878174 1341.6572723388672 193.14639591954153 1813.1578369140625 1721.0526123046875 267.59464472032687 0.0 0.0 0.0 0.0
3413 2104.216693878174 1341.6572723388672 193.14639591954153 1813.1578369140625 1710.5262451171875 271.9746214293219 0.0 0.0 0.0 0.0
3430 2104.216693878174 1341.6572723388672 193.14639591954153 1818.4210205078125 1710.5262451171875 269.5879638455547 0.0 0.0 0.0 0.0
3447 2109.479877471924 1341.6572723388672 194.99463004822732 1818.4210205078125 1710.5262451171875 269.5879638455547 0.0 0.0 0.0 0.0
3480 2109.479877471924 1346.9204559326172 196.07957222050698 1823.6842041015625 1721.0526123046875 263.33980034704103 0.0 0.0 0.0 0.0
3496 2109.479877471924 1352.1835174560547 197.20005441725215 1823.6842041015625 1721.0526123046875 263.33980034704103 0.0 0.0 0.0 0.0
3497 2109.479877471924 1352.1835174560547 197.20005441725215 1823.6842041015625 1726.315673828125 261.60102666193285 0.0 0.0 0.0 0.0
3512 2109.479877471924 1352.1835174560547 197.20005441725215 1823.6842041015625 1731.578857421875 259.9399118731962 0.0 0.0 0.0 0.0
3595 2109.479877471924 1346.9204559326172 196.11400069045044 1823.6842041015625 1731.578857421875 259.9399118731962 0.0 0.0 0.0 0.0
3596 2109.479877471924 1346.9204559326172 196.11400069045044 1823.6842041015625 1726.315673828125 261.68248527884407 0.0 0.0 0.0 0.0
3679 2109.479877471924 1352.1835174560547 197.2356088274391 1823.6842041015625 1726.315673828125 261.68248527884407 0.0 0.0 0.0 0.0
3680 2109.479877471924 1352.1835174560547 197.2356088274391 1823.6842041015625 1731.578857421875 260.01774040456064 0.0 0.0 0.0 0.0
3695 2109.479877471924 1362.7098846435547 199.62822860773574 1823.6842041015625 1731.578857421875 260.01774040456064 0.0 0.0 0.0 0.0
3696 2109.479877471924 1362.7098846435547 199.62822860773574 1823.6842041015625 1742.105224609375 256.9782568109008 0.0 0.0 0.0 0.0
3712 2109.479877471924 1367.9730682373047 200.8618389117333 1823.6842041015625 1742.105224609375 256.9782568109008 0.0 0.0 0.0 0.0
3713 2109.479877471924 1367.9730682373047 200.8618389117333 1823.6842041015625 1747.368408203125 255.52993436401272 0.0 0.0 0.0 0.0
3778 2109.479877471924 1357.4467010498047 198.53665878316855 1823.6842041015625 1747.368408203125 255.52993436401272 0.0 0.0 0.0 0.0
3779 2109.479877471924 1357.4467010498047 198.53665878316855 1823.6842041015625 1736.842041015625 258.7394310830936 0.0 0.0 0.0 0.0
3795 2109.479877471924 1352.1835174560547 197.40956242823975 1823.6842041015625 1736.842041015625 258.7394310830936 0.0 0.0 0.0 0.0
3796 2109.479877471924 1352.1835174560547 197.40956242823975 1823.6842041015625 1731.578857421875 260.42332912139545 0.0 0.0 0.0 0.0
3878 2109.479877471924 1357.4467010498047 198.5730515681207 1823.6842041015625 1731.578857421875 260.42332912139545 0.0 0.0 0.0 0.0
3879 2109.479877471924 1357.4467010498047 198.5730515681207 1823.6842041015625 1736.842041015625 258.8155477238523 0.0 0.0 0.0 0.0
3896 2109.479877471924 1362.7098846435547 199.77356359181994 1823.6842041015625 1736.842041015625 258.8155477238523 0.0 0.0 0.0 0.0
3898 2109.479877471924 1362.7098846435547 199.77356359181994 1823.6842041015625 1742.105224609375 257.28161483915505 0.0 0.0 0.0 0.0
4029 2109.479877471924 1362.7098846435547 199.77356359181994 1818.4210205078125 1742.105224609375 259.98392185430623 0.0 0.0 0.0 0.0
4162 2114.742816925049 1362.7098846435547 201.49099315418937 1818.4210205078125 1742.105224609375 259.98392185430623 0.0 0.0 0.0 0.0
4164 2114.742816925049 1362.7098846435547 201.49099315418937 1823.6842041015625 1742.105224609375 257.20407008762436 0.0 0.0 0.0 0.0
4179 2120.006000518799 1362.7098846435547 203.17102882054834 1823.6842041015625 1742.105224609375 257.20407008762436 0.0 0.0 0.0 0.0
4182 2120.006000518799 1362.7098846435547 203.17102882054834 1828.9473876953125 1742.105224609375 254.35146949365128 0.0 0.0 0.0 0.0
4196 2109.479877471924 1389.0256805419922 207.06585527240006 1828.9473876953125 1742.105224609375 254.35146949365128 0.0 0.0 0.0 0.0
4198 2109.479877471924 1389.0256805419922 207.06585527240006 1728.9473876953125 1742.105224609375 287.2649028654656 0.0 0.0 0.0 0.0
4212 2114.742816925049 1394.2888641357422 210.07296828453798 1728.9473876953125 1742.105224609375 287.2649028654656 0.0 0.0 0.0 0.0
4215 2114.742816925049 1394.2888641357422 210.07296828453798 1707.894775390625 1742.105224609375 292.75756237953914 0.0 0.0 0.0 0.0
4229 2135.795551300049 1399.5520477294922 217.03237119772274 1707.894775390625 1742.105224609375 292.75756237953914 0.0 0.0 0.0 0.0
4231 2135.795551300049 1399.5520477294922 217.03237119772274 1702.631591796875 1742.105224609375 294.06323136630783 0.0 0.0 0.0 0.0
4246 2151.585102081299 1399.5520477294922 220.6665503566361 1702.631591796875 1742.105224609375 294.06323136630783 0.0 0.0 0.0 0.0
4247 2151.585102081299 1399.5520477294922 220.6665503566361 1697.368408203125 1742.105224609375 295.3058575914432 0.0 0.0 0.0 0.0
4262 2172.637592315674 1399.5520477294922 224.9743350155561 1697.368408203125 1742.105224609375 295.3058575914432 0.0 0.0 0.0 0.0
4264 2172.637592315674 1399.5520477294922 224.9743350155561 1686.842041015625 1742.105224609375 297.55996862962587 0.0 0.0 0.0 0.0
4279 2193.690326690674 1399.5520477294922 228.78423632938308 1686.842041015625 1742.105224609375 297.55996862962587 0.0 0.0 0.0 0.0
4281 2193.690326690674 1399.5520477294922 228.78423632938308 1676.3157958984375 1742.105224609375 299.6012375815062 0.0 0.0 0.0 0.0
4296 2214.742816925049 1399.5520477294922 232.14150443315316 1676.3157958984375 1742.105224609375 299.6012375815062 0.0 0.0 0.0 0.0
4298 2214.742816925049 1399.5520477294922 232.14150443315316 1665.7894287109375 1736.842041015625 304.2316407463991 0.0 0.0 0.0 0.0
4312 2235.795551300049 1399.5520477294922 235.0917077907518 1665.7894287109375 1736.842041015625 304.2316407463991 0.0 0.0 0.0 0.0
4314 2235.795551300049 1399.5520477294922 235.0917077907518 1660.5262451171875 1736.842041015625 304.9667850772388 0.0 0.0 0.0 0.0
4329 2256.848285675049 1399.5520477294922 237.67857522314299 1660.5262451171875 1736.842041015625 304.9667850772388 0.0 0.0 0.0 0.0
4331 2256.848285675049 1399.5520477294922 237.67857522314299 1644.73681640625 1736.842041015625 306.86467467226987 0.0 0.0 0.0 0.0
4346 2277.900775909424 1399.5520477294922 239.94306412397992 1644.73681640625 1736.842041015625 306.86467467226987 0.0 0.0 0.0 0.0
4348 2277.900775909424 1399.5520477294922 239.94306412397992 1634.21044921875 1736.842041015625 308.00577075197475 0.0 0.0 0.0 0.0
4362 2298.953510284424 1399.5520477294922 241.92292804947144 1634.21044921875 1736.842041015625 308.00577075197475 0.0 0.0 0.0 0.0
4364 2298.953510284424 1399.5520477294922 241.92292804947144 1618.4210205078125 1736.842041015625 309.47656587698424 0.0 0.0 0.0 0.0
4379 2320.006000518799 1399.5520477294922 243.65224193775708 1618.4210205078125 1736.842041015625 309.47656587698424 0.0 0.0 0.0 0.0
4381 2320.006000518799 1399.5520477294922 243.65224193775708 1607.894775390625 1736.842041015625 310.3602255241561 0.0 0.0 0.0 0.0
4396 2335.795551300049 1399.5520477294922 244.82146311140207 1607.894775390625 1736.842041015625 310.3602255241561 0.0 0.0 0.0 0.0
4397 2335.795551300049 1399.5520477294922 244.82146311140207 1602.631591796875 1736.842041015625 310.77910854498737 0.0 0.0 0.0 0.0
4413 2356.848285675049 1399.5520477294922 246.18160050887542 1602.631591796875 1736.842041015625 310.77910854498737 0.0 0.0 0.0 0.0
4415 2356.848285675049 1399.5520477294922 246.18160050887542 1592.105224609375 1736.842041015625 311.53387041898134 0.0 0.0 0.0 0.0
4429 2367.374408721924 1399.5520477294922 246.81515768008273 1592.105224609375 1736.842041015625 311.53387041898134 0.0 0.0 0.0 0.0
4431 2367.374408721924 1399.5520477294922 246.81515768008273 1586.842041015625 1736.842041015625 311.8915863514303 0.0 0.0 0.0 0.0
4446 2377.900775909424 1399.5520477294922 247.40540815848047 1586.842041015625 1736.842041015625 311.8915863514303 0.0 0.0 0.0 0.0
4448 2377.900775909424 1399.5520477294922 247.40540815848047 1581.5789794921875 1736.842041015625 312.2306768376737 0.0 0.0 0.0 0.0
4462 2388.427143096924 1399.5520477294922 247.9552425654358 1581.5789794921875 1736.842041015625 312.2306768376737 0.0 0.0 0.0 0.0
4479 2393.690326690674 1404.8151092529297 250.26262046435053 1581.5789794921875 1736.842041015625 312.2306768376737 0.0 0.0 0.0 0.0
4482 2393.690326690674 1404.8151092529297 250.26262046435053 1576.3157958984375 1736.842041015625 312.55207741345316 0.0 0.0 0.0 0.0
4497 2398.953510284424 1404.8151092529297 250.4456699350621 1576.3157958984375 1736.842041015625 312.55207741345316 0.0 0.0 0.0 0.0
4499 2398.953510284424 1404.8151092529297 250.4456699350621 1571.0526123046875 1736.842041015625 312.85663509379316 0.0 0.0 0.0 0.0
4512 2409.479877471924 1410.0782928466797 252.7640163737651 1571.0526123046875 1736.842041015625 312.85663509379316 0.0 0.0 0.0 0.0
4514 2409.479877471924 1410.0782928466797 252.7640163737651 1565.7894287109375 1736.842041015625 313.1453275901214 0.0 0.0 0.0 0.0
4529 2414.742816925049 1410.0782928466797 252.85780083322982 1565.7894287109375 1736.842041015625 313.1453275901214 0.0 0.0 0.0 0.0
4531 2414.742816925049 1410.0782928466797 252.85780083322982 1560.5262451171875 1736.842041015625 313.4188793043975 0.0 0.0 0.0 0.0
4547 2420.006000518799 1415.3414764404297 254.9980936474169 1560.5262451171875 1736.842041015625 313.4188793043975 0.0 0.0 0.0 0.0
4562 2425.269184112549 1420.6046600341797 257.0609805801433 1560.5262451171875 1736.842041015625 313.4188793043975 0.0 0.0 0.0 0.0
4564 2425.269184112549 1420.6046600341797 257.0609805801433 1555.26318359375 1736.842041015625 313.6781526226861 0.0 0.0 0.0 0.0
4580 2430.532367706299 1425.8677215576172 259.0467600565545 1555.26318359375 1736.842041015625 313.6781526226861 0.0 0.0 0.0 0.0
4582 2430.532367706299 1425.8677215576172 259.0467600565545 1550.0 1736.842041015625 313.9238967812572 0.0 0.0 0.0 0.0
4596 2441.058734893799 1425.8677215576172 258.79409877241886 1550.0 1736.842041015625 313.9238967812572 0.0 0.0 0.0 0.0
4597 2441.058734893799 1425.8677215576172 258.79409877241886 1544.73681640625 1731.578857421875 317.1636226435128 0.0 0.0 0.0 0.0
4612 2446.321918487549 1431.1309051513672 260.7133868169152 1544.73681640625 1731.578857421875 317.1636226435128 0.0 0.0 0.0 0.0
4614 2446.321918487549 1431.1309051513672 260.7133868169152 1534.21044921875 1726.315673828125 320.13930932439723 0.0 0.0 0.0 0.0
4629 2456.848285675049 1436.3940887451172 262.31103421872916 1534.21044921875 1726.315673828125 320.13930932439723 0.0 0.0 0.0 0.0
4631 2456.848285675049 1436.3940887451172 262.31103421872916 1528.9473876953125 1726.315673828125 320.0463387286809 0.0 0.0 0.0 0.0
4646 2467.374408721924 1436.3940887451172 261.83374503840366 1528.9473876953125 1726.315673828125 320.0463387286809 0.0 0.0 0.0 0.0
4648 2467.374408721924 1436.3940887451172 261.83374503840366 1518.4210205078125 1710.5262451171875 328.3479164767559 0.0 0.0 0.0 0.0
4663 2477.900775909424 1441.6572723388672 263.3499387154094 1518.4210205078125 1710.5262451171875 328.3479164767559 0.0 0.0 0.0 0.0
4665 2477.900775909424 1441.6572723388672 263.3499387154094 1502.631591796875 1705.2630615234375 329.6046898012115 0.0 0.0 0.0 0.0
4679 2488.427143096924 1441.6572723388672 262.8013732550856 1502.631591796875 1705.2630615234375 329.6046898012115 0.0 0.0 0.0 0.0
4681 2488.427143096924 1441.6572723388672 262.8013732550856 1486.842041015625 1700.0 330.675192859581 0.0 0.0 0.0 0.0
4696 2493.690326690674 1441.6572723388672 262.53679186637567 1486.842041015625 1700.0 330.675192859581 0.0 0.0 0.0 0.0
4698 2493.690326690674 1441.6572723388672 262.53679186637567 1476.3157958984375 1694.73681640625 332.23442919615275 0.0 0.0 0.0 0.0
4712 2498.953510284424 1446.9204559326172 264.3072351330364 1476.3157958984375 1694.73681640625 332.23442919615275 0.0 0.0 0.0 0.0
4714 2498.953510284424 1446.9204559326172 264.3072351330364 1465.7894287109375 1689.4736328125 333.625235272474 0.0 0.0 0.0 0.0
4729 2504.216693878174 1446.9204559326172 263.98928867876714 1465.7894287109375 1689.4736328125 333.625235272474 0.0 0.0 0.0 0.0
4731 2504.216693878174 1446.9204559326172 263.98928867876714 1460.5262451171875 1689.4736328125 332.83280100126655 0.0 0.0 0.0 0.0
4746 2509.479877471924 1446.9204559326172 263.6826211494541 1460.5262451171875 1689.4736328125 332.83280100126655 0.0 0.0 0.0 0.0
4749 2509.479877471924 1446.9204559326172 263.6826211494541 1455.26318359375 1684.21044921875 334.9669380211919 0.0 0.0 0.0 0.0
4762 2509.479877471924 1446.9204559326172 263.6826211494541 1450.0 1684.21044921875 334.1064228654818 0.0 0.0 0.0 0.0
4779 2509.479877471924 1446.9204559326172 263.6826211494541 1444.73681640625 1684.21044921875 333.2894966241123 0.0 0.0 0.0 0.0
4796 2509.479877471924 1446.9204559326172 263.6826211494541 1444.73681640625 1678.947265625 336.30877053322524 0.0 0.0 0.0 0.0