0 2000.0 1500.0 0 0.0 0.0 0.0 0.0 0.0 0.0 0.0
40 2000.0 1500.0 0 0.0 0.0 0.0 0.0 0.0 0.0 0.0
48 2000.0 1500.0 0 0.0 0.0 0.0 0.0 0.0 0.0 0.0
56 2000.0 1500.0 0 0.0 0.0 0.0 0.0 0.0 0.0 0.0
64 2000.0 1500.0 0 0.0 0.0 0.0 0.0 0.0 0.0 0.0
72 2000.0 1500.0 0 0.0 0.0 0.0 0.0 0.0 0.0 0.0
80 2000.0 1500.0 0 0.0 0.0 0.0 0.0 0.0 0.0 0.0
88 1997.876953125 1485.1375732421875 354.8736056721636 0.0 0.0 0.0 0.0 0.0 0.0 0.0
96 1989.384033203125 1470.2752685546875 347.4603383845518 0.0 0.0 0.0 0.0 0.0 0.0 0.0
104 1989.384033203125 1457.5361328125 344.95818776615806 0.0 0.0 0.0 0.0 0.0 0.0 0.0
112 1985.1376953125 1444.7969970703125 340.7542546665755 0.0 0.0 0.0 0.0 0.0 0.0 0.0
120 1978.7681884765625 1432.057861328125 335.94283122667406 0.0 0.0 0.0 0.0 0.0 0.0 0.0
128 1976.64501953125 1425.6883544921875 334.1898302524685 0.0 0.0 0.0 0.0 0.0 0.0 0.0
136 1972.398681640625 1419.3187255859375 331.461668711882 0.0 0.0 0.0 0.0 0.0 0.0 0.0
144 1970.275390625 1417.195556640625 330.1988489746958 0.0 0.0 0.0 0.0 0.0 0.0 0.0
152 1970.275390625 1415.0723876953125 330.0677826527291 0.0 0.0 0.0 0.0 0.0 0.0 0.0
352 1968.1522216796875 1415.0723876953125 328.93605154723514 0.0 0.0 0.0 0.0 0.0 0.0 0.0
360 1963.9058837890625 1412.94921875 326.6025645403547 0.0 0.0 0.0 0.0 0.0 0.0 0.0
368 1953.2899169921875 1408.7027587890625 321.011035671966 0.0 0.0 0.0 0.0 0.0 0.0 0.0
377 1934.1812744140625 1404.4564208984375 311.43206352818004 0.0 0.0 0.0 0.0 0.0 0.0 0.0
384 1923.5653076171875 1400.2100830078125 306.6421801504042 0.0 0.0 0.0 0.0 0.0 0.0 0.0
392 1906.5797119140625 1395.963623046875 299.25699473224637 0.0 0.0 0.0 0.0 0.0 0.0 0.0
400 1889.59423828125 1393.8404541015625 292.0654787894009 0.0 0.0 0.0 0.0 0.0 0.0 0.0
408 1876.8551025390625 1393.8404541015625 286.5986122270238 0.0 0.0 0.0 0.0 0.0 0.0 0.0
416 1861.9927978515625 1389.5941162109375 282.1193419392652 0.0 0.0 0.0 0.0 0.0 0.0 0.0
424 1851.3768310546875 1387.470947265625 278.866715806489 0.0 0.0 0.0 0.0 0.0 0.0 0.0
432 1838.6376953125 1385.3477783203125 275.17261144089724 0.0 0.0 0.0 0.0 0.0 0.0 0.0
440 1832.2681884765625 1385.3477783203125 273.0002155928685 0.0 0.0 0.0 0.0 0.0 0.0 0.0
448 1825.8985595703125 1383.2244873046875 271.7766890457919 0.0 0.0 0.0 0.0 0.0 0.0 0.0
456 1819.529052734375 1383.2244873046875 269.75668992406247 0.0 0.0 0.0 0.0 0.0 0.0 0.0
464 1815.2825927734375 1381.101318359375 269.3443706452893 0.0 0.0 0.0 0.0 0.0 0.0 0.0
472 1811.0362548828125 1378.9781494140625 268.94937539284444 0.0 0.0 0.0 0.0 0.0 0.0 0.0
480 1808.9130859375 1378.9781494140625 268.29967148743157 0.0 0.0 0.0 0.0 0.0 0.0 0.0
488 1804.6666259765625 1378.9781494140625 267.0414445633307 0.0 0.0 0.0 0.0 0.0 0.0 0.0
496 1800.4202880859375 1376.85498046875 266.74342555843754 0.0 0.0 0.0 0.0 0.0 0.0 0.0
504 1798.297119140625 1376.85498046875 266.12951792388634 0.0 0.0 0.0 0.0 0.0 0.0 0.0
512 1791.927490234375 1376.85498046875 264.37619831619446 0.0 0.0 0.0 0.0 0.0 0.0 0.0
520 1787.68115234375 1376.85498046875 263.2461585516799 0.0 0.0 0.0 0.0 0.0 0.0 0.0
528 1785.5579833984375 1376.85498046875 262.69072733603815 0.0 0.0 0.0 0.0 0.0 0.0 0.0
536 1783.434814453125 1374.7318115234375 263.1158052058417 0.0 0.0 0.0 0.0 0.0 0.0 0.0
544 1781.3116455078125 1372.608642578125 263.52969063456163 0.0 0.0 0.0 0.0 0.0 0.0 0.0
896 1781.3116455078125 1370.4853515625 264.50367334161757 0.0 0.0 0.0 0.0 0.0 0.0 0.0
904 1794.05078125 1364.1158447265625 271.40517622791924 0.0 0.0 0.0 0.0 0.0 0.0 0.0
912 1817.40576171875 1357.7462158203125 283.2419333408232 0.0 0.0 0.0 0.0 0.0 0.0 0.0
920 1834.391357421875 1349.2535400390625 293.4460786087983 0.0 0.0 0.0 0.0 0.0 0.0 0.0
928 1855.6231689453125 1340.7607421875 305.7535237286361 0.0 0.0 0.0 0.0 0.0 0.0 0.0
936 1883.2247314453125 1330.144775390625 320.94431863013506 0.0 0.0 0.0 0.0 0.0 0.0 0.0
944 1900.210205078125 1323.7752685546875 329.6508928992994 0.0 0.0 0.0 0.0 0.0 0.0 0.0
952 1921.442138671875 1315.282470703125 339.38104263222476 0.0 0.0 0.0 0.0 0.0 0.0 0.0
960 1934.1812744140625 1311.0361328125 344.9061179674711 0.0 0.0 0.0 0.0 0.0 0.0 0.0
968 1944.797119140625 1304.66650390625 348.60389412724396 0.0 0.0 0.0 0.0 0.0 0.0 0.0
977 1953.2899169921875 1300.420166015625 351.54572889371536 0.0 0.0 0.0 0.0 0.0 0.0 0.0
984 1955.4130859375 1300.420166015625 352.53920969693195 0.0 0.0 0.0 0.0 0.0 0.0 0.0
992 1955.4130859375 1298.2969970703125 351.9958748083719 0.0 0.0 0.0 0.0 0.0 0.0 0.0
1000 1957.5362548828125 1298.2969970703125 352.9850220831939 0.0 0.0 0.0 0.0 0.0 0.0 0.0
1080 1961.78271484375 1294.050537109375 353.79823869252294 0.0 0.0 0.0 0.0 0.0 0.0 0.0
1096 1966.029052734375 1291.9273681640625 355.1358547594569 0.0 0.0 0.0 0.0 0.0 0.0 0.0
1104 1974.5218505859375 1289.80419921875 358.2241106559768 0.0 0.0 0.0 0.0 0.0 0.0 0.0
1112 1980.891357421875 1289.80419921875 0.9314752037598524 0.0 0.0 0.0 0.0 0.0 0.0 0.0
1120 1987.260986328125 1289.80419921875 3.541442316922229 0.0 0.0 0.0 0.0 0.0 0.0 0.0
1128 1993.630615234375 1289.80419921875 6.052582562091615 0.0 0.0 0.0 0.0 0.0 0.0 0.0
1136 2002.123291015625 1289.80419921875 9.225673627026595 0.0 0.0 0.0 0.0 0.0 0.0 0.0
1144 2008.492919921875 1289.80419921875 11.505828591609905 0.0 0.0 0.0 0.0 0.0 0.0 0.0
1152 2016.985595703125 1289.80419921875 14.373348575720229 0.0 0.0 0.0 0.0 0.0 0.0 0.0
1160 2023.355224609375 1289.80419921875 16.427286420005736 0.0 0.0 0.0 0.0 0.0 0.0 0.0
1168 2027.6015625 1289.80419921875 17.753973630879692 0.0 0.0 0.0 0.0 0.0 0.0 0.0
1177 2031.847900390625 1291.9273681640625 19.957218526664334 0.0 0.0 0.0 0.0 0.0 0.0 0.0
1184 2036.09423828125 1291.9273681640625 21.171445624440125 0.0 0.0 0.0 0.0 0.0 0.0 0.0
1192 2042.4638671875 1291.9273681640625 22.904899514571184 0.0 0.0 0.0 0.0 0.0 0.0 0.0
1200 2048.83349609375 1294.050537109375 25.508111413338945 0.0 0.0 0.0 0.0 0.0 0.0 0.0
1208 2055.203125 1298.2969970703125 28.99200348128661 0.0 0.0 0.0 0.0 0.0 0.0 0.0
1216 2061.572509765625 1300.420166015625 31.329906975421757 0.0 0.0 0.0 0.0 0.0 0.0 0.0
1224 2063.69580078125 1300.420166015625 31.75020695908622 0.0 0.0 0.0 0.0 0.0 0.0 0.0
1232 2067.942138671875 1300.420166015625 32.56081864641819 0.0 0.0 0.0 0.0 0.0 0.0 0.0
1240 2072.1884765625 1302.5433349609375 34.378401787121625 0.0 0.0 0.0 0.0 0.0 0.0 0.0
1248 2074.311767578125 1302.5433349609375 34.742968692176014 0.0 0.0 0.0 0.0 0.0 0.0 0.0
1255 2080.681396484375 1302.5433349609375 35.778195245454135 0.0 0.0 0.0 0.0 0.0 0.0 0.0
1264 2084.927734375 1306.7896728515625 38.56079072962023 0.0 0.0 0.0 0.0 0.0 0.0 0.0
1272 2089.174072265625 1308.9129638671875 40.189056308050645 0.0 0.0 0.0 0.0 0.0 0.0 0.0
1280 2095.543701171875 1311.0361328125 41.981476450061926 0.0 0.0 0.0 0.0 0.0 0.0 0.0
1288 2099.7900390625 1313.1593017578125 43.49434248130493 0.0 0.0 0.0 0.0 0.0 0.0 0.0
1296 2104.036376953125 1315.282470703125 44.95464311817317 0.0 0.0 0.0 0.0 0.0 0.0 0.0
1304 2108.28271484375 1319.52880859375 47.454095391210366 0.0 0.0 0.0 0.0 0.0 0.0 0.0
1312 2112.529052734375 1323.7752685546875 49.86612047539044 0.0 0.0 0.0 0.0 0.0 0.0 0.0
1320 2121.02197265625 1328.0216064453125 52.23608002464807 0.0 0.0 0.0 0.0 0.0 0.0 0.0
1328 2125.268310546875 1332.2679443359375 54.469425199555396 0.0 0.0 0.0 0.0 0.0 0.0 0.0
1336 2127.391357421875 1334.3912353515625 55.56365958371912 0.0 0.0 0.0 0.0 0.0 0.0 0.0
1344 2135.88427734375 1338.6375732421875 57.50979207500186 0.0 0.0 0.0 0.0 0.0 0.0 0.0
1352 2140.130615234375 1342.8839111328125 59.53013352122287 0.0 0.0 0.0 0.0 0.0 0.0 0.0
1360 2144.376953125 1347.13037109375 61.46489493520334 0.0 0.0 0.0 0.0 0.0 0.0 0.0
1368 2148.623291015625 1351.376708984375 63.31557797779919 0.0 0.0 0.0 0.0 0.0 0.0 0.0
1377 2150.74658203125 1355.623046875 65.30745816958157 0.0 0.0 0.0 0.0 0.0 0.0 0.0
1384 2154.992919921875 1357.7462158203125 65.92610268539926 0.0 0.0 0.0 0.0 0.0 0.0 0.0
1392 2157.1162109375 1361.99267578125 67.84607047924382 0.0 0.0 0.0 0.0 0.0 0.0 0.0
1400 2163.485595703125 1366.239013671875 69.11432959572366 0.0 0.0 0.0 0.0 0.0 0.0 0.0
1407 2163.485595703125 1368.3621826171875 70.20299322692728 0.0 0.0 0.0 0.0 0.0 0.0 0.0
1416 2167.73193359375 1368.3621826171875 69.57148734560903 0.0 0.0 0.0 0.0 0.0 0.0 0.0
1424 2169.855224609375 1372.608642578125 71.38491561935902 0.0 0.0 0.0 0.0 0.0 0.0 0.0
1432 2171.978515625 1372.608642578125 71.04128025434676 0.0 0.0 0.0 0.0 0.0 0.0 0.0
1440 2171.978515625 1374.7318115234375 72.11835281255662 0.0 0.0 0.0 0.0 0.0 0.0 0.0
1456 2174.1015625 1374.7318115234375 71.76116264832771 0.0 0.0 0.0 0.0 0.0 0.0 0.0
1464 2178.347900390625 1376.85498046875 72.11059084677234 0.0 0.0 0.0 0.0 0.0 0.0 0.0
1480 2180.47119140625 1378.9781494140625 72.80630127243398 0.0 0.0 0.0 0.0 0.0 0.0 0.0
1487 2182.594482421875 1378.9781494140625 72.43631345158414 0.0 0.0 0.0 0.0 0.0 0.0 0.0
1496 2184.717529296875 1378.9781494140625 72.07323915497943 0.0 0.0 0.0 0.0 0.0 0.0 0.0
1512 2188.9638671875 1378.9781494140625 71.3733641505894 0.0 0.0 0.0 0.0 0.0 0.0 0.0
1519 2191.087158203125 1378.9781494140625 71.02992114103856 0.0 0.0 0.0 0.0 0.0 0.0 0.0
1528 2193.210205078125 1378.9781494140625 70.69284839201916 0.0 0.0 0.0 0.0 0.0 0.0 0.0
1535 2195.33349609375 1378.9781494140625 70.36203320861947 0.0 0.0 0.0 0.0 0.0 0.0 0.0
1544 2199.579833984375 1378.9781494140625 69.72468351311349 0.0 0.0 0.0 0.0 0.0 0.0 0.0
1552 2203.826171875 1378.9781494140625 69.11075308106533 0.0 0.0 0.0 0.0 0.0 0.0 0.0
1560 2210.19580078125 1378.9781494140625 68.23982102065074 0.0 0.0 0.0 0.0 0.0 0.0 0.0
1568 2218.6884765625 1378.9781494140625 67.16156507665363 0.0 0.0 0.0 0.0 0.0 0.0 0.0
1577 2222.93505859375 1378.9781494140625 66.6424746642806 0.0 0.0 0.0 0.0 0.0 0.0 0.0
1584 2229.304443359375 1378.9781494140625 65.90657120977508 0.0 0.0 0.0 0.0 0.0 0.0 0.0
1592 2237.79736328125 1378.9781494140625 64.99606107993273 0.0 0.0 0.0 0.0 0.0 0.0 0.0
1600 2246.2900390625 1378.9781494140625 64.15130931688762 0.0 0.0 0.0 0.0 0.0 0.0 0.0
1607 2248.413330078125 1378.9781494140625 63.94413481752478 0.0 0.0 0.0 0.0 0.0 0.0 0.0
1616 2254.78271484375 1378.9781494140625 63.357115484822394 0.0 0.0 0.0 0.0 0.0 0.0 0.0
1623 2259.029052734375 1378.9781494140625 62.9804914533614 0.0 0.0 0.0 0.0 0.0 0.0 0.0
1632 2265.398681640625 1378.9781494140625 62.446900166481065 0.0 0.0 0.0 0.0 0.0 0.0 0.0
1640 2269.64501953125 1376.85498046875 61.020115813630575 0.0 0.0 0.0 0.0 0.0 0.0 0.0
1648 2278.137939453125 1372.608642578125 58.363964439996515 0.0 0.0 0.0 0.0 0.0 0.0 0.0
1656 2282.38427734375 1368.3621826171875 55.99077603801154 0.0 0.0 0.0 0.0 0.0 0.0 0.0
1664 2293.000244140625 1361.99267578125 52.656932494791754 0.0 0.0 0.0 0.0 0.0 0.0 0.0
1671 2301.492919921875 1353.4998779296875 48.51362216957262 0.0 0.0 0.0 0.0 0.0 0.0 0.0
1680 2307.862548828125 1347.13037109375 45.59934039730256 0.0 0.0 0.0 0.0 0.0 0.0 0.0
1687 2309.985595703125 1342.8839111328125 43.554198079226985 0.0 0.0 0.0 0.0 0.0 0.0 0.0
1696 2314.232177734375 1336.514404296875 40.72680034939611 0.0 0.0 0.0 0.0 0.0 0.0 0.0
1704 2314.232177734375 1332.2679443359375 38.52907415670192 0.0 0.0 0.0 0.0 0.0 0.0 0.0
1712 2316.355224609375 1328.0216064453125 36.67961225936738 0.0 0.0 0.0 0.0 0.0 0.0 0.0
1719 2316.355224609375 1323.7752685546875 34.52819489430484 0.0 0.0 0.0 0.0 0.0 0.0 0.0
1728 2316.355224609375 1315.282470703125 30.341701047740806 0.0 0.0 0.0 0.0 0.0 0.0 0.0
1735 2316.355224609375 1304.66650390625 25.322097273806264 0.0 0.0 0.0 0.0 0.0 0.0 0.0
1744 2316.355224609375 1296.173828125 21.46205872568582 0.0 0.0 0.0 0.0 0.0 0.0 0.0
1752 2316.355224609375 1285.557861328125 16.89103549663777 0.0 0.0 0.0 0.0 0.0 0.0 0.0
1760 2316.355224609375 1268.572265625 10.246133465570324 0.0 0.0 0.0 0.0 0.0 0.0 0.0
1768 2314.232177734375 1253.7099609375 4.180311825386809 0.0 0.0 0.0 0.0 0.0 0.0 0.0
1777 2305.7392578125 1236.7244873046875 355.46853343732255 0.0 0.0 0.0 0.0 0.0 0.0 0.0
1784 2297.24658203125 1219.739013671875 347.5754956955191 0.0 0.0 0.0 0.0 0.0 0.0 0.0
1792 2282.38427734375 1204.8765869140625 337.8420126803962 0.0 0.0 0.0 0.0 0.0 0.0 0.0
1800 2273.8916015625 1187.89111328125 331.98448973040564 0.0 0.0 0.0 0.0 0.0 0.0 0.0
1810 2261.15234375 1177.275146484375 324.9947732610786 0.0 0.0 0.0 0.0 0.0 0.0 0.0
1816 2237.79736328125 1162.412841796875 313.91130257165946 0.0 0.0 0.0 0.0 0.0 0.0 0.0
1823 2222.93505859375 1156.0433349609375 307.2090556868071 0.0 0.0 0.0 0.0 0.0 0.0 0.0
1832 2210.19580078125 1151.796875 301.70661516765466 0.0 0.0 0.0 0.0 0.0 0.0 0.0
1839 2195.33349609375 1149.6737060546875 295.21878162343995 0.0 0.0 0.0 0.0 0.0 0.0 0.0
1848 2188.9638671875 1147.550537109375 292.86049502943075 0.0 0.0 0.0 0.0 0.0 0.0 0.0
1855 2184.717529296875 1147.550537109375 290.9425457353915 0.0 0.0 0.0 0.0 0.0 0.0 0.0
1864 2180.47119140625 1147.550537109375 289.06566832758574 0.0 0.0 0.0 0.0 0.0 0.0 0.0
1871 2178.347900390625 1145.4273681640625 288.7773343343527 0.0 0.0 0.0 0.0 0.0 0.0 0.0
1880 2176.224853515625 1145.4273681640625 287.8528526691613 0.0 0.0 0.0 0.0 0.0 0.0 0.0
1920 2174.1015625 1145.4273681640625 286.938995366387 0.0 0.0 0.0 0.0 0.0 0.0 0.0
1928 2171.978515625 1145.4273681640625 286.03599103457003 0.0 0.0 0.0 0.0 0.0 0.0 0.0
1936 2169.855224609375 1145.4273681640625 285.1437109141527 0.0 0.0 0.0 0.0 0.0 0.0 0.0
1943 2165.60888671875 1145.4273681640625 283.4027594920086 0.0 0.0 0.0 0.0 0.0 0.0 0.0
1952 2161.362548828125 1145.4273681640625 281.70598173874754 0.0 0.0 0.0 0.0 0.0 0.0 0.0
1960 2157.1162109375 1145.4273681640625 280.05353773423457 0.0 0.0 0.0 0.0 0.0 0.0 0.0
1968 2148.623291015625 1145.4273681640625 276.922990716185 0.0 0.0 0.0 0.0 0.0 0.0 0.0
1977 2142.253662109375 1145.4273681640625 274.6745908974431 0.0 0.0 0.0 0.0 0.0 0.0 0.0
1984 2138.00732421875 1145.4273681640625 273.2198009147967 0.0 0.0 0.0 0.0 0.0 0.0 0.0
1991 2131.637939453125 1145.4273681640625 271.13427759890436 0.0 0.0 0.0 0.0 0.0 0.0 0.0
2000 2118.898681640625 1145.4273681640625 267.3286928071805 0.0 0.0 0.0 0.0 0.0 0.0 0.0
2008 2108.28271484375 1145.4273681640625 264.4033831595878 0.0 0.0 0.0 0.0 0.0 0.0 0.0
2016 2095.543701171875 1145.4273681640625 261.2229352809033 0.0 0.0 0.0 0.0 0.0 0.0 0.0
2023 2087.05078125 1145.4273681640625 259.24348275019395 0.0 0.0 0.0 0.0 0.0 0.0 0.0
2032 2078.55810546875 1145.4273681640625 257.39712558597347 0.0 0.0 0.0 0.0 0.0 0.0 0.0
2039 2065.81884765625 1145.4273681640625 254.90129844597192 0.0 0.0 0.0 0.0 0.0 0.0 0.0
2048 2057.326171875 1145.4273681640625 253.3527393507236 0.0 0.0 0.0 0.0 0.0 0.0 0.0
2055 2048.83349609375 1145.4273681640625 251.91222499016305 0.0 0.0 0.0 0.0 0.0 0.0 0.0
2064 2046.710205078125 1145.4273681640625 251.55877587101543 0.0 0.0 0.0 0.0 0.0 0.0 0.0
2071 2038.217529296875 1145.4273681640625 250.24444461092196 0.0 0.0 0.0 0.0 0.0 0.0 0.0
2080 2033.97119140625 1147.550537109375 248.55399220909106 0.0 0.0 0.0 0.0 0.0 0.0 0.0
2096 2029.724853515625 1147.550537109375 247.98327204452698 0.0 0.0 0.0 0.0 0.0 0.0 0.0
2103 2023.355224609375 1147.550537109375 247.17387350816244 0.0 0.0 0.0 0.0 0.0 0.0 0.0
2112 2019.10888671875 1149.6737060546875 245.58416560579036 0.0 0.0 0.0 0.0 0.0 0.0 0.0
2119 2014.8623046875 1151.796875 244.0481517209236 0.0 0.0 0.0 0.0 0.0 0.0 0.0
2128 2008.492919921875 1153.9200439453125 242.394453834081 0.0 0.0 0.0 0.0 0.0 0.0 0.0
2135 2002.123291015625 1153.9200439453125 241.89345477259172 0.0 0.0 0.0 0.0 0.0 0.0 0.0
2144 1997.876953125 1156.0433349609375 240.48629281866823 0.0 0.0 0.0 0.0 0.0 0.0 0.0
2152 1993.630615234375 1158.16650390625 239.1297486298365 0.0 0.0 0.0 0.0 0.0 0.0 0.0
2160 1991.50732421875 1158.16650390625 239.01935203788003 0.0 0.0 0.0 0.0 0.0 0.0 0.0
2168 1985.1376953125 1160.2896728515625 237.6362033564355 0.0 0.0 0.0 0.0 0.0 0.0 0.0
2177 1983.0145263671875 1162.412841796875 236.4413786685975 0.0 0.0 0.0 0.0 0.0 0.0 0.0
2184 1976.64501953125 1162.412841796875 236.27318232079148 0.0 0.0 0.0 0.0 0.0 0.0 0.0
2192 1974.5218505859375 1162.412841796875 236.21820617536474 0.0 0.0 0.0 0.0 0.0 0.0 0.0
2200 1970.275390625 1162.412841796875 236.11244645639664 0.0 0.0 0.0 0.0 0.0 0.0 0.0
2207 1968.1522216796875 1164.5360107421875 234.94616011230556 0.0 0.0 0.0 0.0 0.0 0.0 0.0
2216 1963.9058837890625 1164.5360107421875 234.8889437483275 0.0 0.0 0.0 0.0 0.0 0.0 0.0
2224 1955.4130859375 1164.5360107421875 234.78290177776597 0.0 0.0 0.0 0.0 0.0 0.0 0.0
2232 1951.166748046875 1164.5360107421875 234.73190962419994 0.0 0.0 0.0 0.0 0.0 0.0 0.0
2239 1942.6739501953125 1168.782470703125 232.5305625820975 0.0 0.0 0.0 0.0 0.0 0.0 0.0
2248 1936.304443359375 1168.782470703125 232.58198699053247 0.0 0.0 0.0 0.0 0.0 0.0 0.0
2255 1929.934814453125 1168.782470703125 232.63054563808413 0.0 0.0 0.0 0.0 0.0 0.0 0.0
2264 1923.5653076171875 1168.782470703125 232.6763856809318 0.0 0.0 0.0 0.0 0.0 0.0 0.0
2271 1915.072509765625 1168.782470703125 232.73299562174248 0.0 0.0 0.0 0.0 0.0 0.0 0.0
2280 1906.5797119140625 1168.782470703125 232.78544245979282 0.0 0.0 0.0 0.0 0.0 0.0 0.0
2287 1893.840576171875 1168.782470703125 232.8557258920128 0.0 0.0 0.0 0.0 0.0 0.0 0.0
2296 1885.347900390625 1168.782470703125 232.89917605925103 0.0 0.0 0.0 0.0 0.0 0.0 0.0
2303 1876.8551025390625 1168.782470703125 232.93938822010836 0.0 0.0 0.0 0.0 0.0 0.0 0.0
2312 1864.115966796875 1168.782470703125 232.99334649097858 0.0 0.0 0.0 0.0 0.0 0.0 0.0
2319 1855.6231689453125 1168.782470703125 233.02665407884837 0.0 0.0 0.0 0.0 0.0 0.0 0.0
2328 1842.884033203125 1168.782470703125 233.07132604181953 0.0 0.0 0.0 0.0 0.0 0.0 0.0
2335 1834.391357421875 1168.782470703125 233.09890035255722 0.0 0.0 0.0 0.0 0.0 0.0 0.0
2344 1825.8985595703125 1168.782470703125 233.12445641552358 0.0 0.0 0.0 0.0 0.0 0.0 0.0
2352 1817.40576171875 1168.782470703125 233.14813452133131 0.0 0.0 0.0 0.0 0.0 0.0 0.0
2360 1806.7899169921875 1168.782470703125 233.17504304954792 0.0 0.0 0.0 0.0 0.0 0.0 0.0
2368 1800.4202880859375 1168.782470703125 233.19029990216978 0.0 0.0 0.0 0.0 0.0 0.0 0.0
2376 1791.927490234375 1168.782470703125 233.2091161920609 0.0 0.0 0.0 0.0 0.0 0.0 0.0
2384 1787.68115234375 1168.782470703125 233.21816832076132 0.0 0.0 0.0 0.0 0.0 0.0 0.0
2392 1783.434814453125 1168.782470703125 233.22690721775973 0.0 0.0 0.0 0.0 0.0 0.0 0.0
2400 1777.065185546875 1166.6591796875 234.31221609328185 0.0 0.0 0.0 0.0 0.0 0.0 0.0
2407 1768.572509765625 1166.6591796875 234.2485498508152 0.0 0.0 0.0 0.0 0.0 0.0 0.0
2416 1764.3260498046875 1164.5360107421875 235.3108892230989 0.0 0.0 0.0 0.0 0.0 0.0 0.0
2424 1760.0797119140625 1162.412841796875 236.331888373475 0.0 0.0 0.0 0.0 0.0 0.0 0.0
2432 1755.8333740234375 1160.2896728515625 237.31289247073744 0.0 0.0 0.0 0.0 0.0 0.0 0.0
2440 1753.7100830078125 1160.2896728515625 237.23770319686025 0.0 0.0 0.0 0.0 0.0 0.0 0.0
2448 1751.5869140625 1158.16650390625 238.27486762705303 0.0 0.0 0.0 0.0 0.0 0.0 0.0
2455 1749.4637451171875 1158.16650390625 238.1810251981953 0.0 0.0 0.0 0.0 0.0 0.0 0.0
2464 1745.2174072265625 1151.796875 241.25269953623308 0.0 0.0 0.0 0.0 0.0 0.0 0.0
2480 1745.2174072265625 1149.6737060546875 242.37583262906816 0.0 0.0 0.0 0.0 0.0 0.0 0.0
2487 1743.09423828125 1145.4273681640625 244.39271532029107 0.0 0.0 0.0 0.0 0.0 0.0 0.0
2496 1743.09423828125 1139.0577392578125 247.70020203373775 0.0 0.0 0.0 0.0 0.0 0.0 0.0
2503 1738.8477783203125 1132.688232421875 250.30564167458806 0.0 0.0 0.0 0.0 0.0 0.0 0.0
2512 1738.8477783203125 1124.1954345703125 254.55203744088732 0.0 0.0 0.0 0.0 0.0 0.0 0.0
2519 1738.8477783203125 1113.5794677734375 259.6586016131761 0.0 0.0 0.0 0.0 0.0 0.0 0.0
2528 1738.8477783203125 1102.9635620117188 264.5325133469534 0.0 0.0 0.0 0.0 0.0 0.0 0.0
2535 1738.8477783203125 1085.97802734375 271.6938578223119 0.0 0.0 0.0 0.0 0.0 0.0 0.0
2544 1743.09423828125 1068.9925537109375 279.6548485013233 0.0 0.0 0.0 0.0 0.0 0.0 0.0
2551 1747.340576171875 1062.6229858398438 283.58914406145453 0.0 0.0 0.0 0.0 0.0 0.0 0.0
2560 1753.7100830078125 1049.8838500976562 290.19606274344574 0.0 0.0 0.0 0.0 0.0 0.0 0.0
2568 1762.202880859375 1039.2678833007812 296.8234580628604 0.0 0.0 0.0 0.0 0.0 0.0 0.0
2577 1770.6956787109375 1028.6519165039062 303.0775335119315 0.0 0.0 0.0 0.0 0.0 0.0 0.0
2584 1779.1883544921875 1015.9127807617188 309.17749891681734 0.0 0.0 0.0 0.0 0.0 0.0 0.0
2592 1789.8043212890625 1005.296875 315.5982288107849 0.0 0.0 0.0 0.0 0.0 0.0 0.0
2600 1798.297119140625 996.8040771484375 320.3875429868289 0.0 0.0 0.0 0.0 0.0 0.0 0.0
2608 1802.54345703125 994.680908203125 322.6769597966976 0.0 0.0 0.0 0.0 0.0 0.0 0.0
2616 1811.0362548828125 988.3113403320312 327.00795708808135 0.0 0.0 0.0 0.0 0.0 0.0 0.0
2623 1815.2825927734375 986.1881713867188 329.15777964725737 0.0 0.0 0.0 0.0 0.0 0.0 0.0
2640 1817.40576171875 986.1881713867188 330.28665462732454 0.0 0.0 0.0 0.0 0.0 0.0 0.0
2648 1821.6522216796875 986.1881713867188 332.53252342110954 0.0 0.0 0.0 0.0 0.0 0.0 0.0
2655 1823.775390625 981.9417724609375 333.2650192827578 0.0 0.0 0.0 0.0 0.0 0.0 0.0
2664 1830.1448974609375 981.9417724609375 336.58814575697176 0.0 0.0 0.0 0.0 0.0 0.0 0.0
2671 1834.391357421875 981.9417724609375 338.7815301560005 0.0 0.0 0.0 0.0 0.0 0.0 0.0
2680 1842.884033203125 981.9417724609375 343.06890764024484 0.0 0.0 0.0 0.0 0.0 0.0 0.0
2687 1857.7464599609375 981.9417724609375 350.1939155107528 0.0 0.0 0.0 0.0 0.0 0.0 0.0
2696 1872.6087646484375 981.9417724609375 356.852270661175 0.0 0.0 0.0 0.0 0.0 0.0 0.0
2703 1895.9638671875 981.9417724609375 6.091016804501734 0.0 0.0 0.0 0.0 0.0 0.0 0.0
2712 1919.31884765625 981.9417724609375 14.05313312268445 0.0 0.0 0.0 0.0 0.0 0.0 0.0
2719 1942.6739501953125 988.3113403320312 23.32007280474162 0.0 0.0 0.0 0.0 0.0 0.0 0.0
2728 1963.9058837890625 994.680908203125 30.85767716912978 0.0 0.0 0.0 0.0 0.0 0.0 0.0
2735 1987.260986328125 998.9273071289062 36.656748901206505 0.0 0.0 0.0 0.0 0.0 0.0 0.0
2744 2008.492919921875 1005.296875 42.22354191814467 0.0 0.0 0.0 0.0 0.0 0.0 0.0
2752 2023.355224609375 1011.6664428710938 46.56698966002228 0.0 0.0 0.0 0.0 0.0 0.0 0.0
2760 2040.340576171875 1018.0360107421875 50.451146047445654 0.0 0.0 0.0 0.0 0.0 0.0 0.0
2768 2053.079833984375 1020.1591796875 51.78537281312469 0.0 0.0 0.0 0.0 0.0 0.0 0.0
2777 2065.81884765625 1024.4055786132812 53.994331125675224 0.0 0.0 0.0 0.0 0.0 0.0 0.0
2783 2072.1884765625 1024.4055786132812 53.96354439784317 0.0 0.0 0.0 0.0 0.0 0.0 0.0
2791 2082.804443359375 1028.6519165039062 55.98379937238125 0.0 0.0 0.0 0.0 0.0 0.0 0.0
2800 2084.927734375 1028.6519165039062 55.93444479445612 0.0 0.0 0.0 0.0 0.0 0.0 0.0
2808 2089.174072265625 1030.775146484375 56.931079246268276 0.0 0.0 0.0 0.0 0.0 0.0 0.0
2816 2097.666748046875 1035.021484375 58.77314535908459 0.0 0.0 0.0 0.0 0.0 0.0 0.0
2823 2101.9130859375 1037.1447143554688 59.65741917165176 0.0 0.0 0.0 0.0 0.0 0.0 0.0
2832 2110.406005859375 1039.2678833007812 60.247747787623645 0.0 0.0 0.0 0.0 0.0 0.0 0.0
2839 2114.65234375 1039.2678833007812 59.9886884023697 0.0 0.0 0.0 0.0 0.0 0.0 0.0
2848 2121.02197265625 1043.5142822265625 61.74654060570264 0.0 0.0 0.0 0.0 0.0 0.0 0.0
2855 2125.268310546875 1043.5142822265625 61.43069564911794 0.0 0.0 0.0 0.0 0.0 0.0 0.0
2864 2131.637939453125 1043.5142822265625 60.983341446589314 0.0 0.0 0.0 0.0 0.0 0.0 0.0
2871 2133.760986328125 1043.5142822265625 60.83711901484177 0.0 0.0 0.0 0.0 0.0 0.0 0.0
2880 2138.00732421875 1043.5142822265625 60.55571894046975 0.0 0.0 0.0 0.0 0.0 0.0 0.0
2887 2146.500244140625 1045.637451171875 61.078538360975976 0.0 0.0 0.0 0.0 0.0 0.0 0.0
2904 2148.623291015625 1045.637451171875 60.93046552089478 0.0 0.0 0.0 0.0 0.0 0.0 0.0
2920 2152.86962890625 1045.637451171875 60.64553162894031 0.0 0.0 0.0 0.0 0.0 0.0 0.0
2928 2154.992919921875 1047.7606201171875 61.60948749675719 0.0 0.0 0.0 0.0 0.0 0.0 0.0
2935 2157.1162109375 1047.7606201171875 61.451160608458615 0.0 0.0 0.0 0.0 0.0 0.0 0.0
2944 2161.362548828125 1047.7606201171875 61.146519191364796 0.0 0.0 0.0 0.0 0.0 0.0 0.0
2951 2169.855224609375 1047.7606201171875 60.581661722130654 0.0 0.0 0.0 0.0 0.0 0.0 0.0
2960 2176.224853515625 1047.7606201171875 60.181648219009325 0.0 0.0 0.0 0.0 0.0 0.0 0.0
2967 2182.594482421875 1049.8838500976562 60.868464412245466 0.0 0.0 0.0 0.0 0.0 0.0 0.0
2977 2188.9638671875 1052.0070190429688 61.51536809893937 0.0 0.0 0.0 0.0 0.0 0.0 0.0
2983 2203.826171875 1052.0070190429688 60.533452468137135 0.0 0.0 0.0 0.0 0.0 0.0 0.0
2992 2208.07275390625 1052.0070190429688 60.2635436921725 0.0 0.0 0.0 0.0 0.0 0.0 0.0
3000 2222.93505859375 1052.0070190429688 59.433446248492665 0.0 0.0 0.0 0.0 0.0 0.0 0.0
3008 2227.181396484375 1052.0070190429688 59.205290177324635 0.0 0.0 0.0 0.0 0.0 0.0 0.0
3016 2235.674072265625 1052.0070190429688 58.78239486358721 0.0 0.0 0.0 0.0 0.0 0.0 0.0
3023 2242.043701171875 1052.0070190429688 58.48295574252794 0.0 0.0 0.0 0.0 0.0 0.0 0.0
3032 2250.536376953125 1052.0070190429688 58.112986077072456 0.0 0.0 0.0 0.0 0.0 0.0 0.0
3039 2254.78271484375 1052.0070190429688 57.93504336879055 0.0 0.0 0.0 0.0 0.0 0.0 0.0
3048 2259.029052734375 1052.0070190429688 57.76384974745668 0.0 0.0 0.0 0.0 0.0 0.0 0.0
3055 2265.398681640625 1052.0070190429688 57.52148185020578 0.0 0.0 0.0 0.0 0.0 0.0 0.0
3064 2267.52197265625 1052.0070190429688 57.44223464646607 0.0 0.0 0.0 0.0 0.0 0.0 0.0
3071 2269.64501953125 1052.0070190429688 57.36456622869351 0.0 0.0 0.0 0.0 0.0 0.0 0.0
3080 2273.8916015625 1052.0070190429688 57.21511173626454 0.0 0.0 0.0 0.0 0.0 0.0 0.0
3087 2278.137939453125 1052.0070190429688 57.07134784487503 0.0 0.0 0.0 0.0 0.0 0.0 0.0
3103 2280.260986328125 1052.0070190429688 57.00085550849821 0.0 0.0 0.0 0.0 0.0 0.0 0.0
3112 2286.630615234375 1052.0070190429688 56.8012672924067 0.0 0.0 0.0 0.0 0.0 0.0 0.0
3119 2288.75390625 1049.8838500976562 55.621985040066086 0.0 0.0 0.0 0.0 0.0 0.0 0.0
3128 2295.123291015625 1047.7606201171875 54.426823315640284 0.0 0.0 0.0 0.0 0.0 0.0 0.0
3136 2301.492919921875 1045.637451171875 53.29867205130507 0.0 0.0 0.0 0.0 0.0 0.0 0.0
3144 2305.7392578125 1041.3910522460938 51.11859722673923 0.0 0.0 0.0 0.0 0.0 0.0 0.0
3152 2307.862548828125 1041.3910522460938 51.16389056272403 0.0 0.0 0.0 0.0 0.0 0.0 0.0
3160 2314.232177734375 1037.1447143554688 49.15153881867301 0.0 0.0 0.0 0.0 0.0 0.0 0.0
3167 2316.355224609375 1032.8983154296875 47.01885002433054 0.0 0.0 0.0 0.0 0.0 0.0 0.0
3177 2322.724853515625 1026.5287475585938 44.19945233064643 0.0 0.0 0.0 0.0 0.0 0.0 0.0
3183 2326.97119140625 1024.4055786132812 43.47349719738157 0.0 0.0 0.0 0.0 0.0 0.0 0.0
3192 2331.217529296875 1018.0360107421875 40.6500189255589 0.0 0.0 0.0 0.0 0.0 0.0 0.0
3200 2335.4638671875 1015.9127807617188 40.06995391019091 0.0 0.0 0.0 0.0 0.0 0.0 0.0
3207 2337.587158203125 1011.6664428710938 38.1756041956938 0.0 0.0 0.0 0.0 0.0 0.0 0.0
3216 2339.71044921875 1005.296875 35.28793137829427 0.0 0.0 0.0 0.0 0.0 0.0 0.0
3223 2343.956787109375 1001.0504760742188 33.905510311975455 0.0 0.0 0.0 0.0 0.0 0.0 0.0
3232 2343.956787109375 998.9273071289062 32.84129383484312 0.0 0.0 0.0 0.0 0.0 0.0 0.0
3239 2343.956787109375 994.680908203125 30.743243086143373 0.0 0.0 0.0 0.0 0.0 0.0 0.0
3248 2343.956787109375 986.1881713867188 26.67960700789903 0.0 0.0 0.0 0.0 0.0 0.0 0.0
3255 2343.956787109375 979.818603515625 23.716549182029503 0.0 0.0 0.0 0.0 0.0 0.0 0.0
3264 2343.956787109375 973.4490356445312 20.84219856152314 0.0 0.0 0.0 0.0 0.0 0.0 0.0
3271 2343.956787109375 967.0794677734375 18.060527908590977 0.0 0.0 0.0 0.0 0.0 0.0 0.0
3279 2341.83349609375 960.7098999023438 14.687268157173477 0.0 0.0 0.0 0.0 0.0 0.0 0.0
3287 2333.3408203125 950.0939331054688 7.448141432686036 0.0 0.0 0.0 0.0 0.0 0.0 0.0
3295 2324.84814453125 939.4779663085938 0.37965120878845227 0.0 0.0 0.0 0.0 0.0 0.0 0.0
3303 2312.10888671875 930.9852294921875 352.1841344902426 0.0 0.0 0.0 0.0 0.0 0.0 0.0
3311 2299.369873046875 922.4924926757812 344.1689927122349 0.0 0.0 0.0 0.0 0.0 0.0 0.0
3319 2286.630615234375 916.1229248046875 336.7257754786032 0.0 0.0 0.0 0.0 0.0 0.0 0.0
3328 2267.52197265625 907.630126953125 326.2267446744035 0.0 0.0 0.0 0.0 0.0 0.0 0.0
3335 2248.413330078125 899.1373901367188 316.56755540310843 0.0 0.0 0.0 0.0 0.0 0.0 0.0
3344 2231.427734375 894.8909912109375 308.35041211487624 0.0 0.0 0.0 0.0 0.0 0.0 0.0
3352 2210.19580078125 888.5214233398438 299.3301695082777 0.0 0.0 0.0 0.0 0.0 0.0 0.0
3360 2197.456787109375 886.3982543945312 293.945244405295 0.0 0.0 0.0 0.0 0.0 0.0 0.0
3368 2180.47119140625 882.15185546875 287.8604677435947 0.0 0.0 0.0 0.0 0.0 0.0 0.0
3377 2167.73193359375 877.905517578125 284.0313466817627 0.0 0.0 0.0 0.0 0.0 0.0 0.0
3384 2159.2392578125 877.905517578125 280.6904247268812 0.0 0.0 0.0 0.0 0.0 0.0 0.0
3392 2148.623291015625 875.7822875976562 277.549161752253 0.0 0.0 0.0 0.0 0.0 0.0 0.0
3399 2140.130615234375 875.7822875976562 274.55774419758734 0.0 0.0 0.0 0.0 0.0 0.0 0.0
3407 2131.637939453125 873.6591186523438 272.56984278763815 0.0 0.0 0.0 0.0 0.0 0.0 0.0
3416 2123.14501953125 873.6591186523438 269.86883398652714 0.0 0.0 0.0 0.0 0.0 0.0 0.0
3423 2121.02197265625 873.6591186523438 269.20451723154594 0.0 0.0 0.0 0.0 0.0 0.0 0.0
3432 2112.529052734375 873.6591186523438 266.7094320756509 0.0 0.0 0.0 0.0 0.0 0.0 0.0
3439 2108.28271484375 873.6591186523438 265.50258900218324 0.0 0.0 0.0 0.0 0.0 0.0 0.0
3448 2101.9130859375 873.6591186523438 263.7798312582162 0.0 0.0 0.0 0.0 0.0 0.0 0.0
3455 2097.666748046875 873.6591186523438 262.66973736996124 0.0 0.0 0.0 0.0 0.0 0.0 0.0
3464 2089.174072265625 873.6591186523438 260.59430342844763 0.0 0.0 0.0 0.0 0.0 0.0 0.0
3471 2078.55810546875 873.6591186523438 258.21235590832606 0.0 0.0 0.0 0.0 0.0 0.0 0.0
3480 2070.0654296875 873.6591186523438 256.4359611358261 0.0 0.0 0.0 0.0 0.0 0.0 0.0
3487 2059.449462890625 873.6591186523438 254.40251047011083 0.0 0.0 0.0 0.0 0.0 0.0 0.0
3495 2044.587158203125 873.6591186523438 251.88466736499794 0.0 0.0 0.0 0.0 0.0 0.0 0.0
3503 2031.847900390625 873.6591186523438 249.94689378761888 0.0 0.0 0.0 0.0 0.0 0.0 0.0
3511 2012.7392578125 873.6591186523438 247.467200394585 0.0 0.0 0.0 0.0 0.0 0.0 0.0
3519 2000.0 873.6591186523438 245.98603202504427 0.0 0.0 0.0 0.0 0.0 0.0 0.0
3528 1987.260986328125 873.6591186523438 244.6594710235679 0.0 0.0 0.0 0.0 0.0 0.0 0.0
3535 1972.398681640625 867.28955078125 246.22551744459753 0.0 0.0 0.0 0.0 0.0 0.0 0.0
3543 1957.5362548828125 867.28955078125 244.67561099722553 0.0 0.0 0.0 0.0 0.0 0.0 0.0
3551 1949.0435791015625 865.1663818359375 244.88782012813743 0.0 0.0 0.0 0.0 0.0 0.0 0.0
3560 1936.304443359375 863.043212890625 244.67467457092943 0.0 0.0 0.0 0.0 0.0 0.0 0.0
3568 1927.8116455078125 860.9199829101562 244.88694304000785 0.0 0.0 0.0 0.0 0.0 0.0 0.0
3577 1917.1956787109375 856.6736450195312 245.8831605449423 0.0 0.0 0.0 0.0 0.0 0.0 0.0
3583 1910.826171875 856.6736450195312 245.18902896606534 0.0 0.0 0.0 0.0 0.0 0.0 0.0
3591 1902.3333740234375 856.6736450195312 244.3303408919652 0.0 0.0 0.0 0.0 0.0 0.0 0.0
3600 1891.7174072265625 852.42724609375 245.37964484466642 0.0 0.0 0.0 0.0 0.0 0.0 0.0
3608 1887.4710693359375 848.1808471679688 247.05481622071926 0.0 0.0 0.0 0.0 0.0 0.0 0.0
3616 1883.2247314453125 848.1808471679688 246.53970355514497 0.0 0.0 0.0 0.0 0.0 0.0 0.0
3623 1874.73193359375 846.0576782226562 246.6109849914605 0.0 0.0 0.0 0.0 0.0 0.0 0.0
3632 1870.485595703125 846.0576782226562 246.11241724190512 0.0 0.0 0.0 0.0 0.0 0.0 0.0
3639 1866.2391357421875 846.0576782226562 245.6324446433972 0.0 0.0 0.0 0.0 0.0 0.0 0.0
3647 1861.9927978515625 843.9345092773438 246.23771038875202 0.0 0.0 0.0 0.0 0.0 0.0 0.0
3655 1855.6231689453125 839.6881103515625 247.60807655918865 0.0 0.0 0.0 0.0 0.0 0.0 0.0
3663 1851.3768310546875 839.6881103515625 247.07242198346518 0.0 0.0 0.0 0.0 0.0 0.0 0.0
3671 1847.1304931640625 839.6881103515625 246.5566616444379 0.0 0.0 0.0 0.0 0.0 0.0 0.0
3680 1842.884033203125 835.4417114257812 248.17768581251568 0.0 0.0 0.0 0.0 0.0 0.0 0.0
3687 1838.6376953125 835.4417114257812 247.6208746773513 0.0 0.0 0.0 0.0 0.0 0.0 0.0
3696 1834.391357421875 833.3185424804688 248.14366130245804 0.0 0.0 0.0 0.0 0.0 0.0 0.0
3703 1832.2681884765625 831.1953735351562 248.93563361734147 0.0 0.0 0.0 0.0 0.0 0.0 0.0
3712 1828.021728515625 829.0721435546875 249.4036045121291 0.0 0.0 0.0 0.0 0.0 0.0 0.0
3728 1821.6522216796875 826.948974609375 249.54986149406545 0.0 0.0 0.0 0.0 0.0 0.0 0.0
3735 1819.529052734375 826.948974609375 249.24043349652106 0.0 0.0 0.0 0.0 0.0 0.0 0.0
3744 1817.40576171875 824.8258056640625 250.00611038799428 0.0 0.0 0.0 0.0 0.0 0.0 0.0
3751 1815.2825927734375 824.8258056640625 249.68811451760547 0.0 0.0 0.0 0.0 0.0 0.0 0.0
3760 1813.159423828125 820.5794067382812 251.49794836720417 0.0 0.0 0.0 0.0 0.0 0.0 0.0
3767 1806.7899169921875 820.5794067382812 250.4978131965584 0.0 0.0 0.0 0.0 0.0 0.0 0.0
3777 1804.6666259765625 818.4562377929688 251.23304249711407 0.0 0.0 0.0 0.0 0.0 0.0 0.0
3783 1802.54345703125 816.3330078125 251.95036241142554 0.0 0.0 0.0 0.0 0.0 0.0 0.0
3791 1798.297119140625 814.2098388671875 252.29182447248007 0.0 0.0 0.0 0.0 0.0 0.0 0.0
3799 1796.1739501953125 814.2098388671875 251.93136950525235 0.0 0.0 0.0 0.0 0.0 0.0 0.0
3807 1791.927490234375 812.086669921875 252.27361874320349 0.0 0.0 0.0 0.0 0.0 0.0 0.0
3816 1787.68115234375 809.9634399414062 252.60150187006337 0.0 0.0 0.0 0.0 0.0 0.0 0.0
3823 1783.434814453125 807.8402709960938 252.91553762329136 0.0 0.0 0.0 0.0 0.0 0.0 0.0
3832 1779.1883544921875 805.7171020507812 253.21629971420282 0.0 0.0 0.0 0.0 0.0 0.0 0.0
3839 1774.9420166015625 803.5938720703125 253.50440261438024 0.0 0.0 0.0 0.0 0.0 0.0 0.0
3848 1770.6956787109375 803.5938720703125 252.7526690157307 0.0 0.0 0.0 0.0 0.0 0.0 0.0
3855 1764.3260498046875 801.470703125 252.70120597037965 0.0 0.0 0.0 0.0 0.0 0.0 0.0
3864 1757.95654296875 801.470703125 251.63644010950856 0.0 0.0 0.0 0.0 0.0 0.0 0.0
3871 1751.5869140625 799.3475341796875 251.65087026650667 0.0 0.0 0.0 0.0 0.0 0.0 0.0
3880 1745.2174072265625 799.3475341796875 250.64247802225185 0.0 0.0 0.0 0.0 0.0 0.0 0.0
3887 1738.8477783203125 799.3475341796875 249.68846921892327 0.0 0.0 0.0 0.0 0.0 0.0 0.0
3895 1732.478271484375 797.2243041992188 249.81794159073837 0.0 0.0 0.0 0.0 0.0 0.0 0.0
3903 1723.9854736328125 795.1011352539062 249.64134548965154 0.0 0.0 0.0 0.0 0.0 0.0 0.0
3911 1715.4927978515625 795.1011352539062 248.4630085749738 0.0 0.0 0.0 0.0 0.0 0.0 0.0
3919 1709.1231689453125 795.1011352539062 247.62740529345893 0.0 0.0 0.0 0.0 0.0 0.0 0.0
3928 1704.8768310546875 795.1011352539062 247.09102885817947 0.0 0.0 0.0 0.0 0.0 0.0 0.0
3935 1700.63037109375 795.1011352539062 246.57459631429384 0.0 0.0 0.0 0.0 0.0 0.0 0.0
3944 1696.384033203125 795.1011352539062 246.07738744334512 0.0 0.0 0.0 0.0 0.0 0.0 0.0
3951 1690.0145263671875 795.1011352539062 245.37256583479183 0.0 0.0 0.0 0.0 0.0 0.0 0.0
3960 1685.76806640625 795.1011352539062 244.92025291893134 0.0 0.0 0.0 0.0 0.0 0.0 0.0
3977 1683.6448974609375 795.1011352539062 244.69842243532128 0.0 0.0 0.0 0.0 0.0 0.0 0.0
3983 1679.3985595703125 792.9779663085938 245.34218976132598 0.0 0.0 0.0 0.0 0.0 0.0 0.0
4000 1675.152099609375 792.9779663085938 244.89102664305523 0.0 0.0 0.0 0.0 0.0 0.0 0.0
4007 1673.0289306640625 792.9779663085938 244.66973457197213 0.0 0.0 0.0 0.0 0.0 0.0 0.0
4016 1670.90576171875 792.9779663085938 244.45267592897602 0.0 0.0 0.0 0.0 0.0 0.0 0.0
4023 1668.7825927734375 792.9779663085938 244.2397683990843 0.0 0.0 0.0 0.0 0.0 0.0 0.0
4032 1666.659423828125 790.854736328125 245.12307569194894 0.0 0.0 0.0 0.0 0.0 0.0 0.0
4039 1664.5362548828125 790.854736328125 244.89738598922838 0.0 0.0 0.0 0.0 0.0 0.0 0.0
4048 1660.289794921875 790.854736328125 244.46287668933195 0.0 0.0 0.0 0.0 0.0 0.0 0.0
4063 1656.04345703125 790.854736328125 244.04469549515653 0.0 0.0 0.0 0.0 0.0 0.0 0.0
4071 1653.9202880859375 790.854736328125 243.83959815338585 0.0 0.0 0.0 0.0 0.0 0.0 0.0
4080 1651.797119140625 790.854736328125 243.63842246164165 0.0 0.0 0.0 0.0 0.0 0.0 0.0
4087 1647.5506591796875 786.6083984375 245.39253105317556 0.0 0.0 0.0 0.0 0.0 0.0 0.0
4095 1645.427490234375 786.6083984375 245.1616973881665 0.0 0.0 0.0 0.0 0.0 0.0 0.0
4103 1641.18115234375 786.6083984375 244.71730321615183 0.0 0.0 0.0 0.0 0.0 0.0 0.0
4111 1639.0579833984375 786.6083984375 244.49935033561638 0.0 0.0 0.0 0.0 0.0 0.0 0.0
4128 1634.8115234375 784.4851684570312 245.15133326191216 0.0 0.0 0.0 0.0 0.0 0.0 0.0
4135 1632.6883544921875 782.3619995117188 246.0136232779347 0.0 0.0 0.0 0.0 0.0 0.0 0.0
4151 1628.4420166015625 780.2388305664062 246.6031208916051 0.0 0.0 0.0 0.0 0.0 0.0 0.0
4160 1624.195556640625 778.1156005859375 247.16822512696154 0.0 0.0 0.0 0.0 0.0 0.0 0.0
4177 1619.94921875 775.992431640625 247.7098332349372 0.0 0.0 0.0 0.0 0.0 0.0 0.0
4183 1617.8260498046875 773.8692626953125 248.51215703168765 0.0 0.0 0.0 0.0 0.0 0.0 0.0
4191 1615.702880859375 771.7460327148438 249.29538967188222 0.0 0.0 0.0 0.0 0.0 0.0 0.0
4199 1615.702880859375 769.6228637695312 250.38301592797086 0.0 0.0 0.0 0.0 0.0 0.0 0.0
4207 1611.4564208984375 765.37646484375 251.8240833431309 0.0 0.0 0.0 0.0 0.0 0.0 0.0
4216 1609.333251953125 763.2532958984375 252.52687981487833 0.0 0.0 0.0 0.0 0.0 0.0 0.0
4223 1607.2100830078125 759.0068969726562 254.2489044776861 0.0 0.0 0.0 0.0 0.0 0.0 0.0
4231 1605.0869140625 750.51416015625 257.9193713580201 0.0 0.0 0.0 0.0 0.0 0.0 0.0
4239 1605.0869140625 748.3909912109375 258.94554976727244 0.0 0.0 0.0 0.0 0.0 0.0 0.0
4248 1605.0869140625 739.898193359375 262.90814357885847 0.0 0.0 0.0 0.0 0.0 0.0 0.0
4255 1605.0869140625 731.4054565429688 266.7132136293753 0.0 0.0 0.0 0.0 0.0 0.0 0.0
4263 1605.0869140625 714.419921875 273.6742111531436 0.0 0.0 0.0 0.0 0.0 0.0 0.0
4271 1605.0869140625 701.6807861328125 278.49885772327156 0.0 0.0 0.0 0.0 0.0 0.0 0.0
4280 1605.0869140625 688.941650390625 282.9344467399 0.0 0.0 0.0 0.0 0.0 0.0 0.0
4287 1605.0869140625 680.4489135742188 285.7182321103661 0.0 0.0 0.0 0.0 0.0 0.0 0.0
4295 1605.0869140625 674.079345703125 287.7106274412156 0.0 0.0 0.0 0.0 0.0 0.0 0.0
4303 1605.0869140625 667.7097778320312 289.61010217024887 0.0 0.0 0.0 0.0 0.0 0.0 0.0
4312 1605.0869140625 665.5866088867188 290.2328756993188 0.0 0.0 0.0 0.0 0.0 0.0 0.0
4319 1607.2100830078125 659.217041015625 292.94452017625673 0.0 0.0 0.0 0.0 0.0 0.0 0.0
4328 1609.333251953125 654.9706420898438 295.026940104271 0.0 0.0 0.0 0.0 0.0 0.0 0.0
4335 1609.333251953125 652.8474731445312 295.5587359777134 0.0 0.0 0.0 0.0 0.0 0.0 0.0
4344 1611.4564208984375 650.7242431640625 297.0824011044834 0.0 0.0 0.0 0.0 0.0 0.0 0.0
4360 1613.5797119140625 644.3546752929688 299.506206636328 0.0 0.0 0.0 0.0 0.0 0.0 0.0
4384 1613.5797119140625 642.2315063476562 299.9592614352354 0.0 0.0 0.0 0.0 0.0 0.0 0.0
4472 1613.5797119140625 637.985107421875 300.83357472145184 0.0 0.0 0.0 0.0 0.0 0.0 0.0
4488 1613.5797119140625 635.8619384765625 301.26284255220435 0.0 0.0 0.0 0.0 0.0 0.0 0.0
4496 1613.5797119140625 631.6155395507812 302.09088582164725 0.0 0.0 0.0 0.0 0.0 0.0 0.0
4503 1613.5797119140625 629.4923706054688 302.49732562068033 0.0 0.0 0.0 0.0 0.0 0.0 0.0
4511 1613.5797119140625 625.2459716796875 303.28119578836237 0.0 0.0 0.0 0.0 0.0 0.0 0.0
4519 1617.8260498046875 618.8764038085938 306.4539882208223 0.0 0.0 0.0 0.0 0.0 0.0 0.0
4527 1619.94921875 614.6300659179688 308.1506501663808 0.0 0.0 0.0 0.0 0.0 0.0 0.0
4535 1619.94921875 608.260498046875 309.00147674373756 0.0 0.0 0.0 0.0 0.0 0.0 0.0
4544 1622.0723876953125 606.1372680664062 310.3662301286924 0.0 0.0 0.0 0.0 0.0 0.0 0.0
4551 1622.0723876953125 599.7677001953125 311.09575281812073 0.0 0.0 0.0 0.0 0.0 0.0 0.0
4560 1624.195556640625 595.5213317871094 312.63902325546997 0.0 0.0 0.0 0.0 0.0 0.0 0.0
4567 1628.4420166015625 587.0285949707031 315.51945487833933 0.0 0.0 0.0 0.0 0.0 0.0 0.0
4577 1630.565185546875 582.7821960449219 316.9079279904732 0.0 0.0 0.0 0.0 0.0 0.0 0.0
4583 1632.6883544921875 578.5358276367188 318.2462797881986 0.0 0.0 0.0 0.0 0.0 0.0 0.0
4591 1636.9346923828125 574.2894592285156 320.6296634450535 0.0 0.0 0.0 0.0 0.0 0.0 0.0
4599 1641.18115234375 570.0430603027344 322.9246734541356 0.0 0.0 0.0 0.0 0.0 0.0 0.0
4608 1647.5506591796875 563.6734924316406 326.1710534505326 0.0 0.0 0.0 0.0 0.0 0.0 0.0
4615 1649.673828125 561.5503234863281 327.23045139376325 0.0 0.0 0.0 0.0 0.0 0.0 0.0
4623 1656.04345703125 557.3039245605469 330.34486251122405 0.0 0.0 0.0 0.0 0.0 0.0 0.0
4631 1662.4129638671875 555.1807556152344 333.50600088270403 0.0 0.0 0.0 0.0 0.0 0.0 0.0
4639 1670.90576171875 548.8111877441406 337.1207577990879 0.0 0.0 0.0 0.0 0.0 0.0 0.0
4647 1675.152099609375 546.68798828125 339.00651867349484 0.0 0.0 0.0 0.0 0.0 0.0 0.0
4655 1679.3985595703125 544.5647888183594 340.83692267903365 0.0 0.0 0.0 0.0 0.0 0.0 0.0
4663 1681.521728515625 540.3184204101562 341.22520690626743 0.0 0.0 0.0 0.0 0.0 0.0 0.0
4671 1685.76806640625 538.1952209472656 342.9879664177995 0.0 0.0 0.0 0.0 0.0 0.0 0.0
4687 1690.0145263671875 538.1952209472656 345.10176563555774 0.0 0.0 0.0 0.0 0.0 0.0 0.0
4784 1692.1376953125 536.0720520019531 345.7228462897808 0.0 0.0 0.0 0.0 0.0 0.0 0.0
4791 1698.5072021484375 536.0720520019531 348.80626367673773 0.0 0.0 0.0 0.0 0.0 0.0 0.0
4799 1700.63037109375 533.9488525390625 349.33273499602944 0.0 0.0 0.0 0.0 0.0 0.0 0.0
4807 1704.8768310546875 531.8256530761719 350.8290402446791 0.0 0.0 0.0 0.0 0.0 0.0 0.0
4816 1711.246337890625 529.7024841308594 353.22530633814006 0.0 0.0 0.0 0.0 0.0 0.0 0.0
4823 1715.4927978515625 529.7024841308594 355.1599362291979 0.0 0.0 0.0 0.0 0.0 0.0 0.0
4832 1721.8623046875 529.7024841308594 357.9709940679882 0.0 0.0 0.0 0.0 0.0 0.0 0.0
4839 1728.23193359375 529.7024841308594 0.6872436648505484 0.0 0.0 0.0 0.0 0.0 0.0 0.0
4847 1734.6014404296875 527.5792846679688 2.6138029684741895 0.0 0.0 0.0 0.0 0.0 0.0 0.0
4855 1738.8477783203125 527.5792846679688 4.33301832126682 0.0 0.0 0.0 0.0 0.0 0.0 0.0
4863 1745.2174072265625 527.5792846679688 6.813253805225422 0.0 0.0 0.0 0.0 0.0 0.0 0.0
4871 1751.5869140625 527.5792846679688 9.19392164126451 0.0 0.0 0.0 0.0 0.0 0.0 0.0
4879 1760.0797119140625 527.5792846679688 12.193838434118355 0.0 0.0 0.0 0.0 0.0 0.0 0.0
4887 1766.44921875 527.5792846679688 14.345354330791409 0.0 0.0 0.0 0.0 0.0 0.0 0.0
4895 1774.9420166015625 527.5792846679688 17.04503926700047 0.0 0.0 0.0 0.0 0.0 0.0 0.0
4903 1783.434814453125 527.5792846679688 19.579995959705407 0.0 0.0 0.0 0.0 0.0 0.0 0.0
4911 1791.927490234375 527.5792846679688 21.95605014368926 0.0 0.0 0.0 0.0 0.0 0.0 0.0
4919 1800.4202880859375 527.5792846679688 24.179781605375943 0.0 0.0 0.0 0.0 0.0 0.0 0.0
4927 1815.2825927734375 527.5792846679688 27.645594202835532 0.0 0.0 0.0 0.0 0.0 0.0 0.0
4935 1823.775390625 527.5792846679688 29.492222901853772 0.0 0.0 0.0 0.0 0.0 0.0 0.0
4944 1830.1448974609375 527.5792846679688 30.80525834436289 0.0 0.0 0.0 0.0 0.0 0.0 0.0
4951 1838.6376953125 527.5792846679688 32.435932501915055 0.0 0.0 0.0 0.0 0.0 0.0 0.0
4960 1849.253662109375 527.5792846679688 34.30058096915251 0.0 0.0 0.0 0.0 0.0 0.0 0.0
4967 1855.6231689453125 525.4560852050781 34.34252810950216 0.0 0.0 0.0 0.0 0.0 0.0 0.0
4977 1864.115966796875 525.4560852050781 35.72672770328145 0.0 0.0 0.0 0.0 0.0 0.0 0.0
4983 1872.6087646484375 523.3329162597656 36.0051422061424 0.0 0.0 0.0 0.0 0.0 0.0 0.0
4991 1878.978271484375 523.3329162597656 36.972347700236064 0.0 0.0 0.0 0.0 0.0 0.0 0.0
4999 1881.1014404296875 521.209716796875 36.223045156852386 0.0 0.0 0.0 0.0 0.0 0.0 0.0
5007 1885.347900390625 521.209716796875 36.871700178900035 0.0 0.0 0.0 0.0 0.0 0.0 0.0
5015 1893.840576171875 519.0865173339844 37.0635948332286 0.0 0.0 0.0 0.0 0.0 0.0 0.0
5023 1898.0870361328125 519.0865173339844 37.68137915665786 0.0 0.0 0.0 0.0 0.0 0.0 0.0
5031 1904.45654296875 516.9633483886719 37.523789344646794 0.0 0.0 0.0 0.0 0.0 0.0 0.0
5039 1910.826171875 514.8401489257812 37.37549555223455 0.0 0.0 0.0 0.0 0.0 0.0 0.0
5047 1921.442138671875 512.7169494628906 37.812547971625385 0.0 0.0 0.0 0.0 0.0 0.0 0.0
5055 1927.8116455078125 510.5937805175781 37.647226766749675 0.0 0.0 0.0 0.0 0.0 0.0 0.0
5063 1934.1812744140625 508.4705810546875 37.4916587386269 0.0 0.0 0.0 0.0 0.0 0.0 0.0
5071 1940.55078125 506.3473815917969 37.3452386457024 0.0 0.0 0.0 0.0 0.0 0.0 0.0
5080 1946.92041015625 504.2242126464844 37.20748149218672 0.0 0.0 0.0 0.0 0.0 0.0 0.0
5087 1953.2899169921875 502.10101318359375 37.07783010902022 0.0 0.0 0.0 0.0 0.0 0.0 0.0
5095 1957.5362548828125 499.9778137207031 36.646631578393944 0.0 0.0 0.0 0.0 0.0 0.0 0.0
5111 1959.6595458984375 499.9778137207031 36.969120206914276 0.0 0.0 0.0 0.0 0.0 0.0 0.0
5128 1961.78271484375 497.8546447753906 36.21990204450892 0.0 0.0 0.0 0.0 0.0 0.0 0.0
5143 1963.9058837890625 497.8546447753906 36.55030840756174 0.0 0.0 0.0 0.0 0.0 0.0 0.0
5151 1968.1522216796875 497.8546447753906 37.18692752133355 0.0 0.0 0.0 0.0 0.0 0.0 0.0
5160 1970.275390625 495.7314453125 36.432424019731904 0.0 0.0 0.0 0.0 0.0 0.0 0.0
5167 1974.5218505859375 491.4850769042969 34.995048925218946 0.0 0.0 0.0 0.0 0.0 0.0 0.0
5177 1978.7681884765625 489.36187744140625 34.651350542195964 0.0 0.0 0.0 0.0 0.0 0.0 0.0
5183 1983.0145263671875 487.2386779785156 34.32213119357284 0.0 0.0 0.0 0.0 0.0 0.0 0.0
5191 1993.630615234375 482.9923095703125 34.06376938911888 0.0 0.0 0.0 0.0 0.0 0.0 0.0
5199 2000.0 480.8691101074219 34.119676648281676 0.0 0.0 0.0 0.0 0.0 0.0 0.0
5208 2012.7392578125 474.49957275390625 33.2709450294501 0.0 0.0 0.0 0.0 0.0 0.0 0.0
5215 2021.23193359375 470.253173828125 32.75095378745153 0.0 0.0 0.0 0.0 0.0 0.0 0.0
5224 2038.217529296875 463.88360595703125 32.77116384060657 0.0 0.0 0.0 0.0 0.0 0.0 0.0