0 2350.0 1500.0 0 1650.0 1500.0 0 0.0 0.0 0.0 0.0
192 2350.0 1500.0 0 1650.0 1500.0 0 0.0 0.0 0.0 0.0
213 2350.0 1500.0 0 1650.0 1500.0 0 0.0 0.0 0.0 0.0
225 2350.0 1500.0 0 1650.0 1500.0 0 0.0 0.0 0.0 0.0
242 2350.0 1500.0 0 1650.0 1500.0 0 0.0 0.0 0.0 0.0
259 2350.0 1500.0 0 1650.0 1500.0 0 0.0 0.0 0.0 0.0
275 2350.0 1500.0 0 1650.0 1500.0 0 0.0 0.0 0.0 0.0
308 2350.0 1500.0 0 1650.0 1500.0 0 0.0 0.0 0.0 0.0
358 2350.0 1500.0 0 1650.0 1500.0 0 0.0 0.0 0.0 0.0
425 2350.0 1500.0 0 1650.0 1500.0 0 0.0 0.0 0.0 0.0
459 2350.0 1500.0 0 1650.0 1500.0 0 0.0 0.0 0.0 0.0
492 2350.0 1500.0 0 1650.0 1500.0 0 0.0 0.0 0.0 0.0
509 2350.0 1500.0 0 1650.0 1500.0 0 0.0 0.0 0.0 0.0
528 2350.0 1500.0 0 1650.0 1500.0 0 0.0 0.0 0.0 0.0
542 2350.0 1500.0 0 1650.0 1500.0 0 0.0 0.0 0.0 0.0
559 2350.0 1500.0 0 1650.0 1500.0 0 0.0 0.0 0.0 0.0
575 2350.0 1500.0 0 1650.0 1500.0 0 0.0 0.0 0.0 0.0
592 2350.0 1500.0 0 1650.0 1500.0 0 0.0 0.0 0.0 0.0
612 2350.0 1489.4736328125 0.706889537685413 1650.0 1500.0 0 0.0 0.0 0.0 0.0
625 2344.73681640625 1478.9473876953125 358.669499108408 1650.0 1500.0 0 0.0 0.0 0.0 0.0
645 2339.4736328125 1473.6842041015625 356.31550910642875 1650.0 1500.0 0 0.0 0.0 0.0 0.0
658 2339.4736328125 1463.1578369140625 357.36719781039926 1650.0 1500.0 0 0.0 0.0 0.0 0.0
676 2334.210693359375 1457.894775390625 355.0890993315639 1650.0 1500.0 0 0.0 0.0 0.0 0.0
693 2334.210693359375 1447.368408203125 356.2548987646238 1650.0 1500.0 0 0.0 0.0 0.0 0.0
725 2328.947509765625 1442.105224609375 354.0422018535615 1650.0 1500.0 0 0.0 0.0 0.0 0.0
742 2328.947509765625 1436.8421630859375 354.7041289961815 1650.0 1500.0 0 0.0 0.0 0.0 0.0
759 2328.947509765625 1431.5789794921875 355.33395609203046 1650.0 1500.0 0 0.0 0.0 0.0 0.0
792 2328.947509765625 1426.3157958984375 355.9332951103226 1650.0 1500.0 0 0.0 0.0 0.0 0.0
811 2318.421142578125 1421.0526123046875 351.0396618536332 1650.0 1500.0 0 0.0 0.0 0.0 0.0
826 2318.421142578125 1415.7894287109375 351.84616959630625 1650.0 1500.0 0 0.0 0.0 0.0 0.0
859 2318.421142578125 1410.5263671875 352.6140803427545 1650.0 1500.0 0 0.0 0.0 0.0 0.0
876 2313.157958984375 1405.26318359375 350.62048092277155 1650.0 1500.0 0 0.0 0.0 0.0 0.0
911 2313.157958984375 1400.0 351.4471055075615 1650.0 1500.0 0 0.0 0.0 0.0 0.0
926 2313.157958984375 1394.73681640625 352.2341793467972 1650.0 1500.0 0 0.0 0.0 0.0 0.0
976 2313.157958984375 1389.4736328125 352.983387740996 1650.0 1500.0 0 0.0 0.0 0.0 0.0
1009 2313.157958984375 1384.2105712890625 353.69652538033796 1650.0 1500.0 0 0.0 0.0 0.0 0.0
1142 2307.894775390625 1378.9473876953125 351.6370982960235 1650.0 1500.0 0 0.0 0.0 0.0 0.0
1210 2307.894775390625 1373.6842041015625 352.41503761862134 1650.0 1500.0 0 0.0 0.0 0.0 0.0
1228 2302.631591796875 1373.6842041015625 349.56921312280673 1650.0 1500.0 0 0.0 0.0 0.0 0.0
1242 2302.631591796875 1368.4210205078125 350.4459357678632 1650.0 1500.0 0 0.0 0.0 0.0 0.0
1278 2297.368408203125 1357.894775390625 349.4549563157194 1650.0 1500.0 0 0.0 0.0 0.0 0.0
1295 2292.105224609375 1352.631591796875 347.65696655879185 1650.0 1500.0 0 0.0 0.0 0.0 0.0
1328 2286.84228515625 1347.368408203125 345.9724458089408 1650.0 1500.0 0 0.0 0.0 0.0 0.0
1361 2281.5791015625 1336.8421630859375 345.4461254752651 1650.0 1500.0 0 0.0 0.0 0.0 0.0
1362 2281.5791015625 1336.8421630859375 345.44614255759757 1650.0 1500.0 0 0.0 0.0 0.0 0.0
1378 2281.5791015625 1331.5789794921875 346.51664621767986 1650.0 1500.0 0 0.0 0.0 0.0 0.0
1411 2271.052734375 1315.7894287109375 344.5133678230576 1650.0 1500.0 0 0.0 0.0 0.0 0.0
1412 2271.052734375 1315.7894287109375 344.51337107611926 1650.0 1500.0 0 0.0 0.0 0.0 0.0
1428 2265.78955078125 1310.5263671875 343.0300578246763 1650.0 1500.0 0 0.0 0.0 0.0 0.0
1461 2255.26318359375 1305.26318359375 339.1811283058524 1650.0 1500.0 0 0.0 0.0 0.0 0.0
1478 2255.26318359375 1294.73681640625 341.7769189529874 1650.0 1500.0 0 0.0 0.0 0.0 0.0
1495 2250.0 1289.4736328125 340.4719000291925 1650.0 1500.0 0 0.0 0.0 0.0 0.0
1511 2244.73681640625 1289.4736328125 337.8719409234952 1650.0 1500.0 0 0.0 0.0 0.0 0.0
1528 2239.4736328125 1278.9473876953125 338.1913840069811 1650.0 1500.0 0 0.0 0.0 0.0 0.0
1545 2228.947509765625 1273.6842041015625 334.7749016377968 1650.0 1500.0 0 0.0 0.0 0.0 0.0
1561 2223.684326171875 1263.1578369140625 335.4172753928389 1650.0 1500.0 0 0.0 0.0 0.0 0.0
1578 2218.421142578125 1257.894775390625 334.53531333810486 1650.0 1500.0 0 0.0 0.0 0.0 0.0
1595 2213.157958984375 1252.631591796875 333.7127388045866 1650.0 1500.0 0 0.0 0.0 0.0 0.0
1611 2207.894775390625 1247.368408203125 332.9457824648515 1650.0 1500.0 0 0.0 0.0 0.0 0.0
1628 2202.631591796875 1242.105224609375 332.2308613532803 1650.0 1500.0 0 0.0 0.0 0.0 0.0
1645 2197.368408203125 1236.8421630859375 331.56435415481445 1650.0 1500.0 0 0.0 0.0 0.0 0.0
1661 2192.105224609375 1231.5789794921875 330.9432644240465 1650.0 1500.0 0 0.0 0.0 0.0 0.0
1678 2186.84228515625 1226.3157958984375 330.36455720759653 1650.0 1500.0 0 0.0 0.0 0.0 0.0
1695 2181.5791015625 1221.0526123046875 329.8251360904825 1650.0 1500.0 0 0.0 0.0 0.0 0.0
1711 2176.31591796875 1215.7894287109375 329.3225002752021 1650.0 1500.0 0 0.0 0.0 0.0 0.0
1727 2171.052734375 1215.7894287109375 327.0466621834048 1650.0 1500.0 0 0.0 0.0 0.0 0.0
1745 2171.052734375 1210.5263671875 328.91162423799886 1650.0 1500.0 0 0.0 0.0 0.0 0.0
1761 2165.78955078125 1205.26318359375 328.47143166804017 1650.0 1500.0 0 0.0 0.0 0.0 0.0
1777 2160.5263671875 1200.0 328.06139740586815 1650.0 1500.0 0 0.0 0.0 0.0 0.0
1795 2155.26318359375 1194.73681640625 327.67937214984994 1650.0 1500.0 0 0.0 0.0 0.0 0.0
1811 2150.0 1194.73681640625 325.4582945088555 1650.0 1500.0 0 0.0 0.0 0.0 0.0
1827 2144.73681640625 1189.4736328125 325.2547613207445 1650.0 1500.0 0 0.0 0.0 0.0 0.0
1860 2139.4736328125 1184.2105712890625 325.0651494666301 1650.0 1500.0 0 0.0 0.0 0.0 0.0
1877 2134.210693359375 1184.2105712890625 322.9344846981885 1650.0 1500.0 0 0.0 0.0 0.0 0.0
1895 2128.947509765625 1178.9473876953125 322.90431137842694 1650.0 1500.0 0 0.0 0.0 0.0 0.0
1910 2123.684326171875 1178.9473876953125 320.851238255261 1650.0 1500.0 0 0.0 0.0 0.0 0.0
1943 2118.421142578125 1173.6842041015625 320.9642557628848 1650.0 1500.0 0 0.0 0.0 0.0 0.0
1959 2113.157958984375 1173.6842041015625 318.98329445542305 1650.0 1500.0 0 0.0 0.0 0.0 0.0
1977 2113.157958984375 1168.4210205078125 321.14706905517596 1650.0 1500.0 0 0.0 0.0 0.0 0.0
1993 2107.894775390625 1168.4210205078125 319.15918084163263 1650.0 1500.0 0 0.0 0.0 0.0 0.0
2009 2097.368408203125 1163.1578369140625 317.59452654796917 1650.0 1500.0 0 0.0 0.0 0.0 0.0
2026 2092.105224609375 1157.894775390625 317.9309617431338 1650.0 1500.0 0 0.0 0.0 0.0 0.0
2043 2086.84228515625 1152.631591796875 318.2444732579179 1650.0 1500.0 0 0.0 0.0 0.0 0.0
2060 2081.5791015625 1152.631591796875 316.3677574557852 1650.0 1500.0 0 0.0 0.0 0.0 0.0
2076 2076.31591796875 1147.368408203125 316.78831879483397 1650.0 1500.0 0 0.0 0.0 0.0 0.0
2093 2071.052734375 1142.105224609375 317.1800471721245 1650.0 1500.0 0 0.0 0.0 0.0 0.0
2109 2065.78955078125 1131.5789794921875 319.61136312829547 1650.0 1500.0 0 0.0 0.0 0.0 0.0
2126 2055.26318359375 1126.3157958984375 318.00064135940306 1650.0 1500.0 0 0.0 0.0 0.0 0.0
2143 2050.0001220703125 1121.0526123046875 318.3093534304111 1650.0 1500.0 0 0.0 0.0 0.0 0.0
2159 2044.7369384765625 1115.7894897460938 318.59683383948027 1650.0 1500.0 0 0.0 0.0 0.0 0.0
2176 2039.4737548828125 1105.26318359375 320.88859446348255 1650.0 1500.0 0 0.0 0.0 0.0 0.0
2193 2028.9473876953125 1100.0 319.14816097855737 1650.0 1500.0 0 0.0 0.0 0.0 0.0
2209 2023.684326171875 1089.4736938476562 321.3854326891035 1650.0 1500.0 0 0.0 0.0 0.0 0.0
2226 2018.421142578125 1078.9473876953125 323.3996492135832 1650.0 1500.0 0 0.0 0.0 0.0 0.0
2243 2013.157958984375 1068.4210815429688 325.211267358389 1650.0 1500.0 0 0.0 0.0 0.0 0.0
2259 2002.631591796875 1057.8947143554688 324.8621241728896 1650.0 1500.0 0 0.0 0.0 0.0 0.0
2275 1997.3685302734375 1047.368408203125 326.52560391314694 1650.0 1500.0 0 0.0 0.0 0.0 0.0
2293 1986.8421630859375 1036.8421020507812 326.0075715924088 1650.0 1500.0 0 0.0 0.0 0.0 0.0
2308 1981.5789794921875 1021.0526123046875 329.2184611772401 1650.0 1500.0 0 0.0 0.0 0.0 0.0
2325 1971.052734375 1010.5263061523438 328.3551767484705 1650.0 1500.0 0 0.0 0.0 0.0 0.0
2342 1960.5263671875 1000.0 327.60241391220984 1650.0 1500.0 0 0.0 0.0 0.0 0.0
2359 1950.0001220703125 989.4736938476562 326.9462351345346 1650.0 1500.0 0 0.0 0.0 0.0 0.0
2375 1939.4737548828125 978.9473876953125 326.37422317868703 1650.0 1500.0 0 0.0 0.0 0.0 0.0
2392 1934.2105712890625 968.4210815429688 327.88363203696184 1650.0 1500.0 0 0.0 0.0 0.0 0.0
2408 1918.421142578125 963.1578979492188 323.50317643396 1650.0 1500.0 0 0.0 0.0 0.0 0.0
2425 1907.894775390625 952.631591796875 323.3735986936275 1650.0 1500.0 0 0.0 0.0 0.0 0.0
2442 1897.3685302734375 942.1052856445312 323.2607191068747 1650.0 1500.0 0 0.0 0.0 0.0 0.0
2458 1876.3157958984375 931.5789184570312 319.6623470800359 1650.0 1500.0 0 0.0 0.0 0.0 0.0
2475 1865.78955078125 921.0526123046875 320.02668484011735 1650.0 1500.0 0 0.0 0.0 0.0 0.0
2497 1850.0001220703125 915.7894897460938 316.67584559885904 1650.0 1500.0 0 0.0 0.0 0.0 0.0
2508 1839.4737548828125 905.26318359375 317.4235114934294 1650.0 1500.0 0 0.0 0.0 0.0 0.0
2525 1828.9473876953125 900.0 316.0362343811453 1650.0 1500.0 0 0.0 0.0 0.0 0.0
2541 1818.421142578125 894.73681640625 314.791424340571 1650.0 1500.0 0 0.0 0.0 0.0 0.0
2561 1807.894775390625 889.4736938476562 313.67478703958363 1650.0 1500.0 0 0.0 0.0 0.0 0.0
2575 1797.3685302734375 884.2105102539062 312.67357845601373 1650.0 1500.0 0 0.0 0.0 0.0 0.0
2591 1786.8421630859375 884.2105102539062 309.5026565393511 1650.0 1500.0 0 0.0 0.0 0.0 0.0
2609 1781.5789794921875 884.2105102539062 307.9855253041385 1650.0 1500.0 0 0.0 0.0 0.0 0.0
2626 1771.052734375 878.9473876953125 307.575699680344 1650.0 1500.0 0 0.0 0.0 0.0 0.0
2642 1765.78955078125 878.9473876953125 306.14223780357986 1650.0 1500.0 0 0.0 0.0 0.0 0.0
2660 1760.5263671875 878.9473876953125 304.7719363953896 1650.0 1500.0 0 0.0 0.0 0.0 0.0
2692 1755.26318359375 878.9473876953125 303.46275339953297 1650.0 1500.0 0 0.0 0.0 0.0 0.0
2708 1750.0001220703125 873.6842041015625 304.75153730863474 1650.0 1500.0 0 0.0 0.0 0.0 0.0
2758 1744.7369384765625 873.6842041015625 303.443231550463 1650.0 1500.0 0 0.0 0.0 0.0 0.0
2792 1739.4737548828125 873.6842041015625 302.19390108542717 1650.0 1500.0 0 0.0 0.0 0.0 0.0
2858 1734.2105712890625 873.6842041015625 301.0013860396831 1650.0 1500.0 0 0.0 0.0 0.0 0.0
2942 1734.2105712890625 878.9473876953125 298.2036041284525 1650.0 1500.0 0 0.0 0.0 0.0 0.0
2958 1739.4737548828125 884.2105102539062 296.3393915607685 1650.0 1500.0 0 0.0 0.0 0.0 0.0
2975 1750.0001220703125 889.4736938476562 295.3238270664576 1650.0 1500.0 0 0.0 0.0 0.0 0.0
2992 1765.78955078125 900.0 291.7310753327831 1650.0 1500.0 0 0.0 0.0 0.0 0.0
3008 1792.1053466796875 915.7894897460938 284.68534548529226 1650.0 1500.0 0 0.0 0.0 0.0 0.0
3025 1818.421142578125 936.8421020507812 270.9755143738986 1650.0 1500.0 0 0.0 0.0 0.0 0.0
3042 1834.2105712890625 947.368408203125 262.902196338526 1650.0 1500.0 0 0.0 0.0 0.0 0.0
3058 1855.26318359375 963.1578979492188 249.20620702266004 1650.0 1500.0 0 0.0 0.0 0.0 0.0
3075 1886.8421630859375 978.9473876953125 229.48533634505816 1650.0 1500.0 0 0.0 0.0 0.0 0.0
3092 1913.157958984375 1000.0 210.69886653198614 1650.0 1500.0 0 0.0 0.0 0.0 0.0
3108 1939.4737548828125 1015.7894897460938 194.5486613099173 1650.0 1500.0 0 0.0 0.0 0.0 0.0
3125 1971.052734375 1036.8421020507812 178.49297221748 1650.0 1500.0 0 0.0 0.0 0.0 0.0
3145 1997.3685302734375 1052.631591796875 167.45481653918634 1650.0 1500.0 0 0.0 0.0 0.0 0.0
3159 2018.421142578125 1063.1578979492188 159.64947093371393 1650.0 1500.0 0 0.0 0.0 0.0 0.0
3176 2039.4737548828125 1073.6842041015625 153.13756811579853 1650.0 1500.0 0 0.0 0.0 0.0 0.0
3192 2055.26318359375 1084.2105102539062 149.7106483220686 1650.0 1500.0 0 0.0 0.0 0.0 0.0
3210 2071.052734375 1094.73681640625 146.80668832110388 1650.0 1500.0 0 0.0 0.0 0.0 0.0
3225 2081.5791015625 1105.26318359375 146.25259289464833 1650.0 1500.0 0 0.0 0.0 0.0 0.0
3242 2092.105224609375 1110.5263061523438 143.97495186221224 1650.0 1500.0 0 0.0 0.0 0.0 0.0
3260 2107.894775390625 1115.7894897460938 140.10082747372357 1650.0 1500.0 0 0.0 0.0 0.0 0.0
3275 2113.157958984375 1121.0526123046875 140.26536872263716 1650.0 1500.0 0 0.0 0.0 0.0 0.0
3292 2118.421142578125 1121.0526123046875 138.3108238577317 1650.0 1500.0 0 0.0 0.0 0.0 0.0
3308 2123.684326171875 1121.0526123046875 136.4315427420031 1650.0 1500.0 0 0.0 0.0 0.0 0.0
3342 2128.947509765625 1121.0526123046875 134.6264996618391 1650.0 1500.0 0 0.0 0.0 0.0 0.0
3442 2134.210693359375 1126.3157958984375 135.1659543069903 1650.0 1500.0 0 0.0 0.0 0.0 0.0
3509 2139.4736328125 1131.5789794921875 135.66869589212519 1650.0 1500.0 0 0.0 0.0 0.0 0.0
3577 2144.73681640625 1136.8421630859375 136.1370205470919 1650.0 1500.0 0 0.0 0.0 0.0 0.0
3608 2150.0 1136.8421630859375 134.34376178946056 1650.0 1500.0 0 0.0 0.0 0.0 0.0
3625 2150.0 1142.105224609375 136.66236136573883 1650.0 1500.0 0 0.0 0.0 0.0 0.0
3642 2150.0 1147.368408203125 138.9053056579434 1650.0 1500.0 0 0.0 0.0 0.0 0.0
3659 2155.26318359375 1147.368408203125 137.00290844069076 1650.0 1500.0 0 0.0 0.0 0.0 0.0
3675 2155.26318359375 1152.631591796875 139.23450011738538 1650.0 1500.0 0 0.0 0.0 0.0 0.0
3692 2155.26318359375 1157.894775390625 141.38952926068924 1650.0 1500.0 0 0.0 0.0 0.0 0.0
3708 2160.5263671875 1163.1578369140625 141.46556671035188 1650.0 1500.0 0 0.0 0.0 0.0 0.0
3725 2165.78955078125 1173.6842041015625 143.47177640553153 1650.0 1500.0 0 0.0 0.0 0.0 0.0
3742 2165.78955078125 1184.2105712890625 147.3314263135211 1650.0 1500.0 0 0.0 0.0 0.0 0.0
3759 2171.052734375 1200.0 150.36360338853686 1650.0 1500.0 0 0.0 0.0 0.0 0.0
3775 2176.31591796875 1210.5263671875 151.46337149018248 1650.0 1500.0 0 0.0 0.0 0.0 0.0
3792 2181.5791015625 1226.3157958984375 153.93171063720519 1650.0 1500.0 0 0.0 0.0 0.0 0.0
3808 2181.5791015625 1242.105224609375 158.30982887964734 1650.0 1500.0 0 0.0 0.0 0.0 0.0
3825 2186.84228515625 1252.631591796875 158.5836462687738 1650.0 1500.0 0 0.0 0.0 0.0 0.0
3842 2186.84228515625 1273.6842041015625 163.46051840016457 1650.0 1500.0 0 0.0 0.0 0.0 0.0
3858 2186.84228515625 1284.2105712890625 165.68299540739386 1650.0 1500.0 0 0.0 0.0 0.0 0.0
3875 2192.105224609375 1294.73681640625 165.1869155020151 1650.0 1500.0 0 0.0 0.0 0.0 0.0
3892 2192.105224609375 1305.26318359375 167.25600966559685 1650.0 1500.0 0 0.0 0.0 0.0 0.0
3908 2192.105224609375 1321.0526123046875 169.95957694965037 1650.0 1500.0 0 0.0 0.0 0.0 0.0
3925 2192.105224609375 1331.5789794921875 171.59784766392653 1650.0 1500.0 0 0.0 0.0 0.0 0.0
3942 2197.368408203125 1336.8421630859375 169.66672683365414 1650.0 1500.0 0 0.0 0.0 0.0 0.0
3958 2197.368408203125 1347.368408203125 171.33166147611922 1650.0 1500.0 0 0.0 0.0 0.0 0.0
3975 2197.368408203125 1363.1578369140625 173.50125838118498 1650.0 1500.0 0 0.0 0.0 0.0 0.0
3992 2202.631591796875 1368.4210205078125 171.4536297351836 1650.0 1500.0 0 0.0 0.0 0.0 0.0
4008 2202.631591796875 1378.9473876953125 172.95511669009966 1650.0 1500.0 0 0.0 0.0 0.0 0.0
4025 2202.631591796875 1394.73681640625 174.90998079714285 1650.0 1500.0 0 0.0 0.0 0.0 0.0
4042 2207.894775390625 1400.0 172.77746491101072 1650.0 1500.0 0 0.0 0.0 0.0 0.0
4058 2207.894775390625 1410.5263671875 174.15710222508025 1650.0 1500.0 0 0.0 0.0 0.0 0.0
4075 2207.894775390625 1421.0526123046875 175.40923350269463 1650.0 1500.0 0 0.0 0.0 0.0 0.0
4092 2207.894775390625 1426.3157958984375 176.00483589219468 1650.0 1500.0 0 0.0 0.0 0.0 0.0
4108 2207.894775390625 1436.8421630859375 177.08538350371788 1650.0 1500.0 0 0.0 0.0 0.0 0.0
4125 2207.894775390625 1447.368408203125 178.06526566744301 1650.0 1500.0 0 0.0 0.0 0.0 0.0
4142 2207.894775390625 1452.631591796875 178.53113879541218 1650.0 1500.0 0 0.0 0.0 0.0 0.0
4158 2207.894775390625 1463.1578369140625 179.3757562673506 1650.0 1500.0 0 0.0 0.0 0.0 0.0
4175 2207.894775390625 1473.6842041015625 180.14127871295946 1650.0 1500.0 0 0.0 0.0 0.0 0.0
4192 2207.894775390625 1484.2105712890625 180.83487918162265 1650.0 1500.0 0 0.0 0.0 0.0 0.0
4208 2207.894775390625 1494.73681640625 181.4633158931835 1650.0 1500.0 0 0.0 0.0 0.0 0.0
4226 2207.894775390625 1500.0 181.76208679175528 1650.0 1500.0 0 0.0 0.0 0.0 0.0
4242 2207.894775390625 1515.7894287109375 182.53732173135614 1650.0 1500.0 0 0.0 0.0 0.0 0.0
4258 2207.894775390625 1521.0526123046875 182.7829908994151 1650.0 1500.0 0 0.0 0.0 0.0 0.0
4275 2207.894775390625 1526.3157958984375 183.01649847997888 1650.0 1500.0 0 0.0 0.0 0.0 0.0
4292 2207.894775390625 1531.5789794921875 183.23842038021053 1650.0 1500.0 0 0.0 0.0 0.0 0.0
4310 2207.894775390625 1536.8421630859375 183.44942847980056 1650.0 1500.0 0 0.0 0.0 0.0 0.0
4325 2207.894775390625 1542.105224609375 183.64992673496153 1650.0 1500.0 0 0.0 0.0 0.0 0.0
4342 2207.894775390625 1547.368408203125 183.84060329015588 1650.0 1500.0 0 0.0 0.0 0.0 0.0
4375 2207.894775390625 1552.631591796875 184.02171953997356 1650.0 1500.0 0 0.0 0.0 0.0 0.0
4542 2202.631591796875 1552.631591796875 187.01280344466014 1650.0 1500.0 0 0.0 0.0 0.0 0.0
4576 2197.368408203125 1552.631591796875 190.00114934308408 1650.0 1500.0 0 0.0 0.0 0.0 0.0
4592 2192.105224609375 1552.631591796875 192.9785753243293 1650.0 1500.0 0 0.0 0.0 0.0 0.0
4609 2186.84228515625 1552.631591796875 195.93724281894436 1650.0 1500.0 0 0.0 0.0 0.0 0.0
4626 2186.84228515625 1547.368408203125 196.39997183778118 1650.0 1500.0 0 0.0 0.0 0.0 0.0
4642 2181.5791015625 1547.368408203125 199.32758090366667 1650.0 1500.0 0 0.0 0.0 0.0 0.0
4658 2171.052734375 1547.368408203125 205.03854316000928 1650.0 1500.0 0 0.0 0.0 0.0 0.0
4675 2165.78955078125 1547.368408203125 207.84292169755088 1650.0 1500.0 0 0.0 0.0 0.0 0.0
4692 2155.26318359375 1547.368408203125 213.23714439717816 1650.0 1500.0 0 0.0 0.0 0.0 0.0
4708 2139.4736328125 1552.631591796875 219.29599138949908 1650.0 1500.0 0 0.0 0.0 0.0 0.0
4725 2128.947509765625 1557.894775390625 222.48225921539512 1650.0 1500.0 0 0.0 0.0 0.0 0.0
4742 2118.421142578125 1563.1578369140625 225.36822767486132 1650.0 1500.0 0 0.0 0.0 0.0 0.0
4758 2097.368408203125 1568.4210205078125 231.84423691355508 1650.0 1500.0 0 0.0 0.0 0.0 0.0
4775 2081.5791015625 1573.6842041015625 235.60951296850564 1650.0 1500.0 0 0.0 0.0 0.0 0.0
4792 2071.052734375 1573.6842041015625 239.30882788553492 1650.0 1500.0 0 0.0 0.0 0.0 0.0
4808 2060.5263671875 1578.9473876953125 240.5173150964991 1650.0 1500.0 0 0.0 0.0 0.0 0.0
4825 2055.26318359375 1578.9473876953125 242.24324853095106 1650.0 1500.0 0 0.0 0.0 0.0 0.0
4842 2044.7369384765625 1584.2105712890625 243.14853808750266 1650.0 1500.0 0 0.0 0.0 0.0 0.0
4858 2039.4737548828125 1589.4736328125 242.419827061285 1650.0 1500.0 0 0.0 0.0 0.0 0.0
4875 2034.2105712890625 1589.4736328125 244.0671179372492 1650.0 1500.0 0 0.0 0.0 0.0 0.0
4892 2023.684326171875 1594.73681640625 244.7830467563304 1650.0 1500.0 0 0.0 0.0 0.0 0.0
4908 2018.421142578125 1600.0 243.9438514554484 1650.0 1500.0 0 0.0 0.0 0.0 0.0
4925 2013.157958984375 1600.0 245.5269849418702 1650.0 1500.0 0 0.0 0.0 0.0 0.0
4942 2007.894775390625 1605.26318359375 244.6376202716865 1650.0 1500.0 0 0.0 0.0 0.0 0.0
4975 2002.631591796875 1605.26318359375 246.19125967236477 1650.0 1500.0 0 0.0 0.0 0.0 0.0
4992 1997.3685302734375 1610.5263671875 245.25720331079924 1650.0 1500.0 0 0.0 0.0 0.0 0.0
5008 1992.1053466796875 1610.5263671875 246.78432801485351 1650.0 1500.0 0 0.0 0.0 0.0 0.0
5042 1986.8421630859375 1610.5263671875 248.24539342616754 1650.0 1500.0 0 0.0 0.0 0.0 0.0
5058 1986.8421630859375 1615.7894287109375 245.7033596245921 1650.0 1500.0 0 0.0 0.0 0.0 0.0
5075 1981.5789794921875 1615.7894287109375 247.21122454848762 1650.0 1500.0 0 0.0 0.0 0.0 0.0
5125 1976.3157958984375 1615.7894287109375 248.65361852139122 1650.0 1500.0 0 0.0 0.0 0.0 0.0
5192 1971.052734375 1615.7894287109375 250.03261379379865 1650.0 1500.0 0 0.0 0.0 0.0 0.0
5225 1971.052734375 1621.0526123046875 247.44385053402328 1650.0 1500.0 0 0.0 0.0 0.0 0.0