0 2350.0 1500.0 0 1650.0 1500.0 0 0.0 0.0 0.0 0.0
16 2350.0 1500.0 0 1650.0 1500.0 0 0.0 0.0 0.0 0.0
37 2350.0 1500.0 0 1650.0 1500.0 0 0.0 0.0 0.0 0.0
40 2350.0 1500.0 0 1650.0 1500.0 0 0.0 0.0 0.0 0.0
48 2350.0 1500.0 0 1650.0 1500.0 0 0.0 0.0 0.0 0.0
56 2350.0 1500.0 0 1650.0 1500.0 0 0.0 0.0 0.0 0.0
64 2350.0 1500.0 0 1650.0 1500.0 0 0.0 0.0 0.0 0.0
72 2350.0 1500.0 0 1650.0 1500.0 0 0.0 0.0 0.0 0.0
80 2350.0 1500.0 0 1650.0 1500.0 0 0.0 0.0 0.0 0.0
88 2350.0 1500.0 0 1650.0 1500.0 0 0.0 0.0 0.0 0.0
96 2350.0 1500.0 0 1650.0 1500.0 0 0.0 0.0 0.0 0.0
104 2350.0 1500.0 0 1650.0 1500.0 0 0.0 0.0 0.0 0.0
112 2350.0 1500.0 0 1650.0 1500.0 0 0.0 0.0 0.0 0.0
120 2350.0 1500.0 0 1650.0 1500.0 0 0.0 0.0 0.0 0.0
128 2350.0 1500.0 0 1650.0 1500.0 0 0.0 0.0 0.0 0.0
136 2350.0 1500.0 0 1650.0 1500.0 0 0.0 0.0 0.0 0.0
144 2350.0 1500.0 0 1650.0 1500.0 0 0.0 0.0 0.0 0.0
152 2342.65380859375 1496.326904296875 358.8151119202428 1650.0 1500.0 0 0.0 0.0 0.0 0.0
159 2338.980712890625 1492.65380859375 358.96670479075954 1650.0 1500.0 0 0.0 0.0 0.0 0.0
168 2331.634521484375 1488.980712890625 357.854865829064 1650.0 1500.0 0 0.0 0.0 0.0 0.0
175 2324.288330078125 1488.980712890625 355.3526250121029 1650.0 1500.0 0 0.0 0.0 0.0 0.0
184 2320.615234375 1488.980712890625 354.1357005668697 1650.0 1500.0 0 0.0 0.0 0.0 0.0
192 2316.942138671875 1488.980712890625 352.9523074625894 1650.0 1500.0 0 0.0 0.0 0.0 0.0
199 2313.26904296875 1485.3076171875 353.3803655873222 1650.0 1500.0 0 0.0 0.0 0.0 0.0
215 2309.595947265625 1485.3076171875 352.2179577050038 1650.0 1500.0 0 0.0 0.0 0.0 0.0
223 2305.9228515625 1485.3076171875 351.08820583164874 1650.0 1500.0 0 0.0 0.0 0.0 0.0
231 2302.249755859375 1485.3076171875 349.99071445922584 1650.0 1500.0 0 0.0 0.0 0.0 0.0
239 2298.57666015625 1485.3076171875 348.9249083788368 1650.0 1500.0 0 0.0 0.0 0.0 0.0
247 2294.903564453125 1485.3076171875 347.89008778897215 1650.0 1500.0 0 0.0 0.0 0.0 0.0
271 2291.23046875 1485.3076171875 346.88579845798614 1650.0 1500.0 0 0.0 0.0 0.0 0.0
295 2283.88427734375 1485.3076171875 344.9935832152516 1650.0 1500.0 0 0.0 0.0 0.0 0.0
311 2280.211181640625 1485.3076171875 344.0762159208773 1650.0 1500.0 0 0.0 0.0 0.0 0.0
327 2276.5380859375 1485.3076171875 343.1868374011141 1650.0 1500.0 0 0.0 0.0 0.0 0.0
343 2272.864990234375 1485.3076171875 342.32479967333586 1650.0 1500.0 0 0.0 0.0 0.0 0.0
359 2269.19189453125 1485.3076171875 341.4894069413276 1650.0 1500.0 0 0.0 0.0 0.0 0.0
375 2265.518798828125 1485.3076171875 340.6800501378482 1650.0 1500.0 0 0.0 0.0 0.0 0.0
384 2261.845703125 1485.3076171875 339.89600492044735 1650.0 1500.0 0 0.0 0.0 0.0 0.0
399 2258.172607421875 1485.3076171875 339.1367148575067 1650.0 1500.0 0 0.0 0.0 0.0 0.0
440 2254.49951171875 1485.3076171875 338.4013999886345 1650.0 1500.0 0 0.0 0.0 0.0 0.0
464 2250.826416015625 1485.3076171875 337.6894939032927 1650.0 1500.0 0 0.0 0.0 0.0 0.0
476 2247.1533203125 1485.3076171875 337.0003278982558 1650.0 1500.0 0 0.0 0.0 0.0 0.0
480 2243.480224609375 1485.3076171875 336.3333035350728 1650.0 1500.0 0 0.0 0.0 0.0 0.0
488 2239.80712890625 1485.3076171875 335.68772577665493 1650.0 1500.0 0 0.0 0.0 0.0 0.0
495 2232.4609375 1485.3076171875 334.47746644529934 1650.0 1500.0 0 0.0 0.0 0.0 0.0
503 2225.11474609375 1485.3076171875 333.34360235912834 1650.0 1500.0 0 0.0 0.0 0.0 0.0
511 2217.7685546875 1485.3076171875 332.28164384608976 1650.0 1500.0 0 0.0 0.0 0.0 0.0
519 2214.095458984375 1485.3076171875 331.76816096561697 1650.0 1500.0 0 0.0 0.0 0.0 0.0
527 2210.42236328125 1485.3076171875 331.2716073070793 1650.0 1500.0 0 0.0 0.0 0.0 0.0
536 2203.076171875 1485.3076171875 330.34194560880985 1650.0 1500.0 0 0.0 0.0 0.0 0.0
543 2203.076171875 1481.634521484375 332.2874087682028 1650.0 1500.0 0 0.0 0.0 0.0 0.0
551 2199.403076171875 1481.634521484375 331.7737255359682 1650.0 1500.0 0 0.0 0.0 0.0 0.0
559 2195.72998046875 1481.634521484375 331.2769827538423 1650.0 1500.0 0 0.0 0.0 0.0 0.0
568 2192.056884765625 1481.634521484375 330.79661276546886 1650.0 1500.0 0 0.0 0.0 0.0 0.0
584 2188.3837890625 1481.634521484375 330.3321621422715 1650.0 1500.0 0 0.0 0.0 0.0 0.0
591 2188.3837890625 1477.96142578125 332.2777137870369 1650.0 1500.0 0 0.0 0.0 0.0 0.0
599 2184.710693359375 1477.96142578125 331.76432480416634 1650.0 1500.0 0 0.0 0.0 0.0 0.0
608 2181.03759765625 1477.96142578125 331.2678668426924 1650.0 1500.0 0 0.0 0.0 0.0 0.0
623 2177.364501953125 1477.96142578125 330.7877811770695 1650.0 1500.0 0 0.0 0.0 0.0 0.0
631 2173.69140625 1477.96142578125 330.32361429732657 1650.0 1500.0 0 0.0 0.0 0.0 0.0
639 2170.018310546875 1477.96142578125 329.8747959989746 1650.0 1500.0 0 0.0 0.0 0.0 0.0
647 2166.34521484375 1477.96142578125 329.4408869755081 1650.0 1500.0 0 0.0 0.0 0.0 0.0
663 2162.672119140625 1477.96142578125 329.0214256142493 1650.0 1500.0 0 0.0 0.0 0.0 0.0
671 2158.9990234375 1477.96142578125 328.61594748288434 1650.0 1500.0 0 0.0 0.0 0.0 0.0
689 2155.325927734375 1477.96142578125 328.22400246155826 1650.0 1500.0 0 0.0 0.0 0.0 0.0
792 2151.65283203125 1477.96142578125 327.8451341720247 1650.0 1500.0 0 0.0 0.0 0.0 0.0
799 2147.979736328125 1477.96142578125 327.4789045320075 1650.0 1500.0 0 0.0 0.0 0.0 0.0
816 2144.306640625 1477.96142578125 327.1249522603397 1650.0 1500.0 0 0.0 0.0 0.0 0.0
839 2140.633544921875 1477.96142578125 326.78280744640864 1650.0 1500.0 0 0.0 0.0 0.0 0.0
864 2136.96044921875 1477.96142578125 326.4521756751823 1650.0 1500.0 0 0.0 0.0 0.0 0.0
872 2133.287353515625 1477.96142578125 326.13263694132183 1650.0 1500.0 0 0.0 0.0 0.0 0.0
919 2129.6142578125 1477.96142578125 325.8238588761168 1650.0 1500.0 0 0.0 0.0 0.0 0.0
951 2125.941162109375 1477.96142578125 325.5254488312776 1650.0 1500.0 0 0.0 0.0 0.0 0.0
968 2122.2681884765625 1477.96142578125 325.23706591743183 1650.0 1500.0 0 0.0 0.0 0.0 0.0
999 2118.5950927734375 1477.96142578125 324.9583697331767 1650.0 1500.0 0 0.0 0.0 0.0 0.0
1010 2118.5950927734375 1474.288330078125 326.944836993651 1650.0 1500.0 0 0.0 0.0 0.0 0.0
1023 2114.9219970703125 1474.288330078125 326.608736471106 1650.0 1500.0 0 0.0 0.0 0.0 0.0
1047 2111.2489013671875 1474.288330078125 326.2839299106614 1650.0 1500.0 0 0.0 0.0 0.0 0.0
1055 2107.5758056640625 1474.288330078125 325.97008172288963 1650.0 1500.0 0 0.0 0.0 0.0 0.0
1071 2103.9027099609375 1474.288330078125 325.666755160598 1650.0 1500.0 0 0.0 0.0 0.0 0.0
1103 2100.2296142578125 1474.288330078125 325.3735800705407 1650.0 1500.0 0 0.0 0.0 0.0 0.0
1167 2096.5565185546875 1474.288330078125 325.09028955680935 1650.0 1500.0 0 0.0 0.0 0.0 0.0
1199 2092.8834228515625 1474.288330078125 324.8165619962448 1650.0 1500.0 0 0.0 0.0 0.0 0.0
1223 2089.2103271484375 1474.288330078125 324.55205103501186 1650.0 1500.0 0 0.0 0.0 0.0 0.0
1247 2085.5372314453125 1474.288330078125 324.29645860947846 1650.0 1500.0 0 0.0 0.0 0.0 0.0
1279 2081.8641357421875 1474.288330078125 324.0495213368032 1650.0 1500.0 0 0.0 0.0 0.0 0.0
1295 2078.1910400390625 1474.288330078125 323.8108947917591 1650.0 1500.0 0 0.0 0.0 0.0 0.0
1343 2074.5179443359375 1474.288330078125 323.58033435240964 1650.0 1500.0 0 0.0 0.0 0.0 0.0
1359 2070.8448486328125 1474.288330078125 323.3575289950162 1650.0 1500.0 0 0.0 0.0 0.0 0.0
1383 2067.1717529296875 1474.288330078125 323.1423161491506 1650.0 1500.0 0 0.0 0.0 0.0 0.0
1399 2063.4986572265625 1474.288330078125 322.9343698360452 1650.0 1500.0 0 0.0 0.0 0.0 0.0
1415 2059.8255615234375 1474.288330078125 322.73340170013375 1650.0 1500.0 0 0.0 0.0 0.0 0.0
1423 2056.1524658203125 1474.288330078125 322.53927996007906 1650.0 1500.0 0 0.0 0.0 0.0 0.0
1447 2052.4793701171875 1474.288330078125 322.35173125711145 1650.0 1500.0 0 0.0 0.0 0.0 0.0
1463 2048.8062744140625 1474.288330078125 322.17054768929336 1650.0 1500.0 0 0.0 0.0 0.0 0.0
1471 2045.1331787109375 1474.288330078125 321.9954803744779 1650.0 1500.0 0 0.0 0.0 0.0 0.0
1479 2045.1331787109375 1470.6153564453125 323.99715797631177 1650.0 1500.0 0 0.0 0.0 0.0 0.0
1487 2041.4600830078125 1470.6153564453125 323.76033380474234 1650.0 1500.0 0 0.0 0.0 0.0 0.0
1495 2037.7869873046875 1470.6153564453125 323.5315070627836 1650.0 1500.0 0 0.0 0.0 0.0 0.0
1503 2034.1138916015625 1470.6153564453125 323.31034064171376 1650.0 1500.0 0 0.0 0.0 0.0 0.0
1519 2030.4407958984375 1470.6153564453125 323.0967160536777 1650.0 1500.0 0 0.0 0.0 0.0 0.0
1535 2026.7677001953125 1470.6153564453125 322.89027915333946 1650.0 1500.0 0 0.0 0.0 0.0 0.0
1551 2023.0946044921875 1470.6153564453125 322.6908329908368 1650.0 1500.0 0 0.0 0.0 0.0 0.0
1568 2019.4215087890625 1470.6153564453125 322.49815515935074 1650.0 1500.0 0 0.0 0.0 0.0 0.0
1623 2015.7484130859375 1470.6153564453125 322.3119914462693 1650.0 1500.0 0 0.0 0.0 0.0 0.0
1640 2012.0753173828125 1470.6153564453125 322.1321275002881 1650.0 1500.0 0 0.0 0.0 0.0 0.0
1651 2008.4022216796875 1470.6153564453125 321.958361994914 1650.0 1500.0 0 0.0 0.0 0.0 0.0
1671 2004.7291259765625 1470.6153564453125 321.79049924342223 1650.0 1500.0 0 0.0 0.0 0.0 0.0
1695 2001.0560302734375 1470.6153564453125 321.6283274799331 1650.0 1500.0 0 0.0 0.0 0.0 0.0
1719 1997.3829345703125 1470.6153564453125 321.47165680664074 1650.0 1500.0 0 0.0 0.0 0.0 0.0
1727 1993.7098388671875 1470.6153564453125 321.32028165102474 1650.0 1500.0 0 0.0 0.0 0.0 0.0
1743 1990.0367431640625 1470.6153564453125 321.1740068439234 1650.0 1500.0 0 0.0 0.0 0.0 0.0
1765 1986.3636474609375 1470.6153564453125 321.03269240526254 1650.0 1500.0 0 0.0 0.0 0.0 0.0
1768 1982.6905517578125 1470.6153564453125 320.89620375163173 1650.0 1500.0 0 0.0 0.0 0.0 0.0
1791 1979.0174560546875 1466.9422607421875 322.70300068689914 1650.0 1500.0 0 0.0 0.0 0.0 0.0
1815 1975.3443603515625 1466.9422607421875 322.50993091977716 1650.0 1500.0 0 0.0 0.0 0.0 0.0
1831 1971.6712646484375 1466.9422607421875 322.3233741406035 1650.0 1500.0 0 0.0 0.0 0.0 0.0
1847 1967.9981689453125 1466.9422607421875 322.1431114203182 1650.0 1500.0 0 0.0 0.0 0.0 0.0
1960 1964.3250732421875 1466.9422607421875 321.96895881032765 1650.0 1500.0 0 0.0 0.0 0.0 0.0
1999 1960.6519775390625 1466.9422607421875 321.8006978836445 1650.0 1500.0 0 0.0 0.0 0.0 0.0
2015 1956.9788818359375 1466.9422607421875 321.6381388538544 1650.0 1500.0 0 0.0 0.0 0.0 0.0
2080 1953.3057861328125 1466.9422607421875 321.48114018771486 1650.0 1500.0 0 0.0 0.0 0.0 0.0
2160 1953.3057861328125 1470.6153564453125 319.4663117154796 1650.0 1500.0 0 0.0 0.0 0.0 0.0
2312 1949.6326904296875 1470.6153564453125 319.38299875132736 1650.0 1500.0 0 0.0 0.0 0.0 0.0
2323 1942.2864990234375 1466.9422607421875 321.106578580544 1650.0 1500.0 0 0.0 0.0 0.0 0.0