0 2000.0 1500.0 0 0.0 0.0 0.0 0.0 0.0 0.0 0.0
22 1996.805908203125 1500.0 359.27211586821255 0.0 0.0 0.0 0.0 0.0 0.0 0.0
81 1990.4178466796875 1500.0 357.8182220681406 0.0 0.0 0.0 0.0 0.0 0.0 0.0
101 1987.2237548828125 1500.0 357.0920084776139 0.0 0.0 0.0 0.0 0.0 0.0 0.0
126 1980.835693359375 1500.0 355.6427785540051 0.0 0.0 0.0 0.0 0.0 0.0 0.0
140 1977.6417236328125 1500.0 354.91927288778527 0.0 0.0 0.0 0.0 0.0 0.0 0.0
167 1974.4476318359375 1500.0 354.19686022396127 0.0 0.0 0.0 0.0 0.0 0.0 0.0
181 1971.253662109375 1500.0 353.4757111276948 0.0 0.0 0.0 0.0 0.0 0.0 0.0
213 1968.0595703125 1500.0 352.7558553957755 0.0 0.0 0.0 0.0 0.0 0.0 0.0
231 1964.8656005859375 1500.0 352.0374879007522 0.0 0.0 0.0 0.0 0.0 0.0 0.0
258 1958.4774169921875 1500.0 350.60705764771853 0.0 0.0 0.0 0.0 0.0 0.0 0.0
283 1955.283447265625 1500.0 349.8937194022219 0.0 0.0 0.0 0.0 0.0 0.0 0.0
298 1945.7012939453125 1500.0 347.77105746939696 0.0 0.0 0.0 0.0 0.0 0.0 0.0
315 1939.313232421875 1500.0 346.3651027052155 0.0 0.0 0.0 0.0 0.0 0.0 0.0
339 1936.1192626953125 1500.0 345.6645966511992 0.0 0.0 0.0 0.0 0.0 0.0 0.0
359 1932.9251708984375 1500.0 344.9665428517788 0.0 0.0 0.0 0.0 0.0 0.0 0.0
367 1929.7310791015625 1500.0 344.2710731107369 0.0 0.0 0.0 0.0 0.0 0.0 0.0
389 1926.537109375 1500.0 343.57830777603704 0.0 0.0 0.0 0.0 0.0 0.0 0.0
399 1923.343017578125 1500.0 342.88825454813343 0.0 0.0 0.0 0.0 0.0 0.0 0.0
415 1920.1490478515625 1500.0 342.20108111543794 0.0 0.0 0.0 0.0 0.0 0.0 0.0
432 1916.9549560546875 1500.0 341.516818427046 0.0 0.0 0.0 0.0 0.0 0.0 0.0
447 1913.760986328125 1503.194091796875 340.5756282204751 0.0 0.0 0.0 0.0 0.0 0.0 0.0
461 1910.56689453125 1503.194091796875 339.8986986188809 0.0 0.0 0.0 0.0 0.0 0.0 0.0
479 1907.3729248046875 1503.194091796875 339.22501282196805 0.0 0.0 0.0 0.0 0.0 0.0 0.0
494 1900.9847412109375 1503.194091796875 337.89077207434553 0.0 0.0 0.0 0.0 0.0 0.0 0.0
511 1897.790771484375 1506.3880615234375 336.9248292116096 0.0 0.0 0.0 0.0 0.0 0.0 0.0
528 1891.4027099609375 1509.5821533203125 335.2957853328395 0.0 0.0 0.0 0.0 0.0 0.0 0.0
545 1878.62646484375 1522.3582763671875 331.3071661729882 0.0 0.0 0.0 0.0 0.0 0.0 0.0
561 1875.4324951171875 1525.55224609375 330.30636856621413 0.0 0.0 0.0 0.0 0.0 0.0 0.0
578 1872.2384033203125 1528.746337890625 329.3014031745101 0.0 0.0 0.0 0.0 0.0 0.0 0.0
595 1869.04443359375 1531.9404296875 328.2925964951109 0.0 0.0 0.0 0.0 0.0 0.0 0.0
611 1865.850341796875 1535.1343994140625 327.28026187339185 0.0 0.0 0.0 0.0 0.0 0.0 0.0
628 1862.6563720703125 1538.3284912109375 326.26472722891197 0.0 0.0 0.0 0.0 0.0 0.0 0.0
645 1856.268310546875 1544.716552734375 324.2222486903308 0.0 0.0 0.0 0.0 0.0 0.0 0.0
661 1849.880126953125 1547.9105224609375 322.63110086466736 0.0 0.0 0.0 0.0 0.0 0.0 0.0
678 1849.880126953125 1551.1046142578125 322.16858855837506 0.0 0.0 0.0 0.0 0.0 0.0 0.0
699 1843.4920654296875 1554.2987060546875 320.5908696687944 0.0 0.0 0.0 0.0 0.0 0.0 0.0
715 1840.298095703125 1557.49267578125 319.5620713054341 0.0 0.0 0.0 0.0 0.0 0.0 0.0
731 1840.298095703125 1560.686767578125 319.0698133933055 0.0 0.0 0.0 0.0 0.0 0.0 0.0
748 1833.9100341796875 1563.8807373046875 317.51621136510687 0.0 0.0 0.0 0.0 0.0 0.0 0.0
765 1833.9100341796875 1570.268798828125 316.48422322960295 0.0 0.0 0.0 0.0 0.0 0.0 0.0
781 1827.52197265625 1576.6568603515625 314.42489792787774 0.0 0.0 0.0 0.0 0.0 0.0 0.0
797 1824.327880859375 1579.8509521484375 313.39623081738256 0.0 0.0 0.0 0.0 0.0 0.0 0.0
815 1817.9398193359375 1589.43310546875 310.7810122009622 0.0 0.0 0.0 0.0 0.0 0.0 0.0
832 1814.7457275390625 1592.6270751953125 309.75806525618725 0.0 0.0 0.0 0.0 0.0 0.0 0.0
844 1811.5517578125 1595.8211669921875 308.73748000252664 0.0 0.0 0.0 0.0 0.0 0.0 0.0
861 1808.357666015625 1599.01513671875 307.719559209777 0.0 0.0 0.0 0.0 0.0 0.0 0.0
894 1795.58154296875 1605.4031982421875 304.90052822507573 0.0 0.0 0.0 0.0 0.0 0.0 0.0
916 1792.387451171875 1608.5972900390625 303.89545512335536 0.0 0.0 0.0 0.0 0.0 0.0 0.0
932 1782.805419921875 1618.179443359375 300.9183447020588 0.0 0.0 0.0 0.0 0.0 0.0 0.0
948 1779.611328125 1621.3734130859375 299.9313209072523 0.0 0.0 0.0 0.0 0.0 0.0 0.0
965 1773.2232666015625 1630.95556640625 297.3291870667653 0.0 0.0 0.0 0.0 0.0 0.0 0.0
983 1760.4471435546875 1643.731689453125 293.53464190215345 0.0 0.0 0.0 0.0 0.0 0.0 0.0
999 1757.2530517578125 1650.1197509765625 291.9152010678129 0.0 0.0 0.0 0.0 0.0 0.0 0.0
1015 1741.282958984375 1666.0899658203125 287.41289606663054 0.0 0.0 0.0 0.0 0.0 0.0 0.0
1031 1738.0888671875 1675.672119140625 285.11714815526824 0.0 0.0 0.0 0.0 0.0 0.0 0.0
1049 1725.312744140625 1691.6422119140625 281.04216408358377 0.0 0.0 0.0 0.0 0.0 0.0 0.0
1065 1722.11865234375 1694.8363037109375 280.21263887559974 0.0 0.0 0.0 0.0 0.0 0.0 0.0
1081 1722.11865234375 1701.224365234375 278.76705286625435 0.0 0.0 0.0 0.0 0.0 0.0 0.0
1097 1715.7305908203125 1701.224365234375 278.5893368239597 0.0 0.0 0.0 0.0 0.0 0.0 0.0
1114 1715.7305908203125 1704.41845703125 277.86523974265026 0.0 0.0 0.0 0.0 0.0 0.0 0.0
1147 1712.5364990234375 1707.6124267578125 277.070443805912 0.0 0.0 0.0 0.0 0.0 0.0 0.0
1185 1693.372314453125 1749.135009765625 267.86441896768633 0.0 0.0 0.0 0.0 0.0 0.0 0.0
1197 1693.372314453125 1851.3441162109375 246.28321698407754 0.0 0.0 0.0 0.0 0.0 0.0 0.0
1243 1693.372314453125 1870.5084228515625 242.4621554486775 0.0 0.0 0.0 0.0 0.0 0.0 0.0
1251 1744.4769287109375 1963.135498046875 219.6618838575795 0.0 0.0 0.0 0.0 0.0 0.0 0.0
1294 1750.864990234375 1966.3294677734375 218.0571354475816 0.0 0.0 0.0 0.0 0.0 0.0 0.0
1601 1750.864990234375 1982.2996826171875 215.99812829588393 0.0 0.0 0.0 0.0 0.0 0.0 0.0
1644 1750.864990234375 1985.4937744140625 215.5906844865894 0.0 0.0 0.0 0.0 0.0 0.0 0.0
1682 1750.864990234375 1991.8818359375 214.7927036864658 0.0 0.0 0.0 0.0 0.0 0.0 0.0
1695 1757.2530517578125 2004.657958984375 212.05827448546552 0.0 0.0 0.0 0.0 0.0 0.0 0.0
1739 1763.64111328125 2007.85205078125 210.43049104493184 0.0 0.0 0.0 0.0 0.0 0.0 0.0
1749 1798.775634765625 2017.43408203125 202.13136426036064 0.0 0.0 0.0 0.0 0.0 0.0 0.0
1789 1805.1636962890625 2020.628173828125 200.5167194033586 0.0 0.0 0.0 0.0 0.0 0.0 0.0
1831 1843.4920654296875 2030.2103271484375 191.49246601101936 0.0 0.0 0.0 0.0 0.0 0.0 0.0
1845 1885.0146484375 2036.598388671875 181.96924867484762 0.0 0.0 0.0 0.0 0.0 0.0 0.0
1883 1894.5966796875 2036.598388671875 179.78449082519631 0.0 0.0 0.0 0.0 0.0 0.0 0.0
1924 1923.343017578125 2036.598388671875 173.28319676505583 0.0 0.0 0.0 0.0 0.0 0.0 0.0
1938 1932.9251708984375 2036.598388671875 171.13358905259366 0.0 0.0 0.0 0.0 0.0 0.0 0.0
1979 1955.283447265625 2036.598388671875 166.21083088687618 0.0 0.0 0.0 0.0 0.0 0.0 0.0
1994 1977.6417236328125 2036.598388671875 161.41863221709787 0.0 0.0 0.0 0.0 0.0 0.0 0.0
2032 1984.02978515625 2033.404296875 159.79522735373345 0.0 0.0 0.0 0.0 0.0 0.0 0.0
2047 2019.1641845703125 2014.2401123046875 150.63648501431246 0.0 0.0 0.0 0.0 0.0 0.0 0.0
2086 2041.5224609375 1998.2698974609375 144.3603272187019 0.0 0.0 0.0 0.0 0.0 0.0 0.0
2099 2076.656982421875 1972.7176513671875 134.58608544629635 0.0 0.0 0.0 0.0 0.0 0.0 0.0
2140 2092.626953125 1966.3294677734375 131.14119340305203 0.0 0.0 0.0 0.0 0.0 0.0 0.0
2180 2153.313720703125 1931.195068359375 117.72725175927724 0.0 0.0 0.0 0.0 0.0 0.0 0.0
2195 2201.224365234375 1905.642822265625 108.87934765709537 0.0 0.0 0.0 0.0 0.0 0.0 0.0
2236 2204.41845703125 1905.642822265625 108.66535470306735 0.0 0.0 0.0 0.0 0.0 0.0 0.0
2247 2229.970703125 1899.2547607421875 105.81889372272548 0.0 0.0 0.0 0.0 0.0 0.0 0.0
2289 2233.164794921875 1896.0606689453125 104.94179342616937 0.0 0.0 0.0 0.0 0.0 0.0 0.0
2299 2242.746826171875 1889.672607421875 103.07826478074026 0.0 0.0 0.0 0.0 0.0 0.0 0.0
2341 2242.746826171875 1886.4786376953125 102.36266741145027 0.0 0.0 0.0 0.0 0.0 0.0 0.0
2381 2236.358642578125 1867.3143310546875 98.18477622989906 0.0 0.0 0.0 0.0 0.0 0.0 0.0
2395 2217.194580078125 1813.0157470703125 85.28810061139359 0.0 0.0 0.0 0.0 0.0 0.0 0.0
2435 2210.806396484375 1797.0455322265625 81.44340268514179 0.0 0.0 0.0 0.0 0.0 0.0 0.0
2447 2169.283935546875 1723.5826416015625 61.81677953051229 0.0 0.0 0.0 0.0 0.0 0.0 0.0
2490 2156.5078125 1707.6124267578125 57.160082319857395 0.0 0.0 0.0 0.0 0.0 0.0 0.0
2530 2028.746337890625 1646.92578125 22.991190215328857 0.0 0.0 0.0 0.0 0.0 0.0 0.0
2544 1926.537109375 1624.5675048828125 359.23453342600044 0.0 0.0 0.0 0.0 0.0 0.0 0.0
2583 1904.1788330078125 1621.3734130859375 354.2635274511179 0.0 0.0 0.0 0.0 0.0 0.0 0.0
2630 1821.1337890625 1621.3734130859375 336.7990913431649 0.0 0.0 0.0 0.0 0.0 0.0 0.0
2636 1801.9696044921875 1621.3734130859375 332.9596787848087 0.0 0.0 0.0 0.0 0.0 0.0 0.0
2650 1699.7603759765625 1614.9853515625 317.1376917264748 0.0 0.0 0.0 0.0 0.0 0.0 0.0
2691 1686.9842529296875 1611.7913818359375 315.6350484654693 0.0 0.0 0.0 0.0 0.0 0.0 0.0
2741 1648.65576171875 1611.7913818359375 310.1741954089541 0.0 0.0 0.0 0.0 0.0 0.0 0.0
2749 1568.8048095703125 1595.8211669921875 303.59441572104924 0.0 0.0 0.0 0.0 0.0 0.0 0.0
2783 1559.2227783203125 1595.8211669921875 302.47241949698963 0.0 0.0 0.0 0.0 0.0 0.0 0.0
2798 1527.2823486328125 1595.8211669921875 299.1043874687648 0.0 0.0 0.0 0.0 0.0 0.0 0.0
2836 1520.894287109375 1595.8211669921875 298.4460599357935 0.0 0.0 0.0 0.0 0.0 0.0 0.0
2849 1495.342041015625 1611.7913818359375 292.9242035201583 0.0 0.0 0.0 0.0 0.0 0.0 0.0
2889 1482.5657958984375 1618.179443359375 290.59681990601223 0.0 0.0 0.0 0.0 0.0 0.0 0.0
2902 1409.10302734375 1662.8958740234375 278.39191710454827 0.0 0.0 0.0 0.0 0.0 0.0 0.0
2952 1399.5208740234375 1675.672119140625 275.339723964511 0.0 0.0 0.0 0.0 0.0 0.0 0.0
2984 1345.22216796875 1733.164794921875 263.92040773184993 0.0 0.0 0.0 0.0 0.0 0.0 0.0
2996 1262.17724609375 1816.209716796875 252.24152167284535 0.0 0.0 0.0 0.0 0.0 0.0 0.0
3051 1249.401123046875 1828.98583984375 250.56628278877636 0.0 0.0 0.0 0.0 0.0 0.0 0.0
3056 1201.490478515625 1918.4189453125 239.1393217879042 0.0 0.0 0.0 0.0 0.0 0.0 0.0
3093 1195.1024169921875 1934.38916015625 236.96879850133672 0.0 0.0 0.0 0.0 0.0 0.0 0.0
3104 1182.3262939453125 2007.85205078125 227.02507798599424 0.0 0.0 0.0 0.0 0.0 0.0 0.0
3164 1182.3262939453125 2020.628173828125 225.02123451093598 0.0 0.0 0.0 0.0 0.0 0.0 0.0
3182 1182.3262939453125 2129.2254638671875 212.2745582532705 0.0 0.0 0.0 0.0 0.0 0.0 0.0
3204 1182.3262939453125 2157.9718017578125 209.23083370868767 0.0 0.0 0.0 0.0 0.0 0.0 0.0
3248 1185.520263671875 2167.553955078125 207.61692087918652 0.0 0.0 0.0 0.0 0.0 0.0 0.0
3272 1198.2965087890625 2186.7181396484375 203.28911808546385 0.0 0.0 0.0 0.0 0.0 0.0 0.0
3286 1201.490478515625 2186.7181396484375 202.60917640559234 0.0 0.0 0.0 0.0 0.0 0.0 0.0
3297 1217.460693359375 2193.106201171875 198.69647273850302 0.0 0.0 0.0 0.0 0.0 0.0 0.0
3304 1227.0428466796875 2193.106201171875 196.58513142012737 0.0 0.0 0.0 0.0 0.0 0.0 0.0
3324 1246.20703125 2189.912109375 192.4259120271754 0.0 0.0 0.0 0.0 0.0 0.0 0.0
3337 1258.983154296875 2180.330078125 189.8560882103958 0.0 0.0 0.0 0.0 0.0 0.0 0.0
3354 1271.7593994140625 2170.7479248046875 187.16785703507338 0.0 0.0 0.0 0.0 0.0 0.0 0.0
3368 1281.3414306640625 2164.35986328125 185.07489005076158 0.0 0.0 0.0 0.0 0.0 0.0 0.0
3404 1303.69970703125 2142.0015869140625 179.81341717620788 0.0 0.0 0.0 0.0 0.0 0.0 0.0
3417 1313.2818603515625 2138.8076171875 177.58202332637546 0.0 0.0 0.0 0.0 0.0 0.0 0.0
3436 1319.669921875 2132.41943359375 175.9898823150399 0.0 0.0 0.0 0.0 0.0 0.0 0.0
3452 1322.8638916015625 2129.2254638671875 175.18479630238892 0.0 0.0 0.0 0.0 0.0 0.0 0.0
3484 1322.8638916015625 2126.0313720703125 175.10259196332606 0.0 0.0 0.0 0.0 0.0 0.0 0.0
3496 1322.8638916015625 2113.2552490234375 174.75628189557398 0.0 0.0 0.0 0.0 0.0 0.0 0.0
3524 1322.8638916015625 2094.091064453125 174.1942537287075 0.0 0.0 0.0 0.0 0.0 0.0 0.0
3543 1322.8638916015625 2090.89697265625 174.09940264409508 0.0 0.0 0.0 0.0 0.0 0.0 0.0
3553 1322.8638916015625 2084.5089111328125 173.90476465632338 0.0 0.0 0.0 0.0 0.0 0.0 0.0
3576 1322.8638916015625 2068.5386962890625 173.38547801512294 0.0 0.0 0.0 0.0 0.0 0.0 0.0
3595 1319.669921875 2062.150634765625 173.91297173048844 0.0 0.0 0.0 0.0 0.0 0.0 0.0
3607 1316.475830078125 2052.568603515625 174.36095599387085 0.0 0.0 0.0 0.0 0.0 0.0 0.0
3655 1306.893798828125 2023.8221435546875 175.88480485528447 0.0 0.0 0.0 0.0 0.0 0.0 0.0
3675 1300.5057373046875 2004.657958984375 176.98690517235866 0.0 0.0 0.0 0.0 0.0 0.0 0.0
3692 1297.3116455078125 1988.687744140625 177.45108690628706 0.0 0.0 0.0 0.0 0.0 0.0 0.0
3705 1294.1175537109375 1982.2996826171875 178.0894462003322 0.0 0.0 0.0 0.0 0.0 0.0 0.0
3725 1294.1175537109375 1975.91162109375 177.9983821352286 0.0 0.0 0.0 0.0 0.0 0.0 0.0
3744 1287.7294921875 1963.135498046875 179.3402867590471 0.0 0.0 0.0 0.0 0.0 0.0 0.0
3757 1284.5355224609375 1953.5533447265625 180.00844678179917 0.0 0.0 0.0 0.0 0.0 0.0 0.0
3774 1284.5355224609375 1943.9713134765625 179.94606796233717 0.0 0.0 0.0 0.0 0.0 0.0 0.0
3792 1281.3414306640625 1940.7772216796875 180.66277239383504 0.0 0.0 0.0 0.0 0.0 0.0 0.0
3824 1281.3414306640625 1937.5831298828125 180.6509366374167 0.0 0.0 0.0 0.0 0.0 0.0 0.0
3857 1281.3414306640625 1943.9713134765625 180.67403749937722 0.0 0.0 0.0 0.0 0.0 0.0 0.0
3874 1281.3414306640625 1950.359375 180.69657396613084 0.0 0.0 0.0 0.0 0.0 0.0 0.0
3888 1281.3414306640625 1956.7474365234375 180.71854078379783 0.0 0.0 0.0 0.0 0.0 0.0 0.0
3903 1281.3414306640625 1966.3294677734375 180.75027927733493 0.0 0.0 0.0 0.0 0.0 0.0 0.0
3958 1297.3116455078125 1998.2698974609375 177.61872880125767 0.0 0.0 0.0 0.0 0.0 0.0 0.0
3986 1300.5057373046875 2011.0460205078125 177.1192249596927 0.0 0.0 0.0 0.0 0.0 0.0 0.0
3995 1306.893798828125 2017.43408203125 175.8159726792565 0.0 0.0 0.0 0.0 0.0 0.0 0.0
4018 1310.0877685546875 2033.404296875 175.4789238436755 0.0 0.0 0.0 0.0 0.0 0.0 0.0
4046 1329.2520751953125 2058.9566650390625 172.12344047765063 0.0 0.0 0.0 0.0 0.0 0.0 0.0
4075 1348.416259765625 2071.7327880859375 168.52192360115757 0.0 0.0 0.0 0.0 0.0 0.0 0.0
4088 1357.9984130859375 2078.120849609375 166.78101731268578 0.0 0.0 0.0 0.0 0.0 0.0 0.0
4106 1386.7447509765625 2081.31494140625 160.89475157521193 0.0 0.0 0.0 0.0 0.0 0.0 0.0
4126 1402.71484375 2081.31494140625 157.5659684753 0.0 0.0 0.0 0.0 0.0 0.0 0.0
4144 1421.879150390625 2074.9267578125 153.0258067927762 0.0 0.0 0.0 0.0 0.0 0.0 0.0
4157 1460.20751953125 2052.568603515625 142.9619197382304 0.0 0.0 0.0 0.0 0.0 0.0 0.0
4177 1482.5657958984375 2042.9864501953125 137.76255047402452 0.0 0.0 0.0 0.0 0.0 0.0 0.0
4198 1511.3121337890625 2027.0162353515625 130.7793051535384 0.0 0.0 0.0 0.0 0.0 0.0 0.0
4225 1549.640625 1995.0758056640625 120.14125778143952 0.0 0.0 0.0 0.0 0.0 0.0 0.0
4243 1581.5810546875 1947.165283203125 107.53200047641613 0.0 0.0 0.0 0.0 0.0 0.0 0.0
4287 1587.9691162109375 1908.8367919921875 98.64223441791188 0.0 0.0 0.0 0.0 0.0 0.0 0.0
4297 1587.9691162109375 1889.672607421875 94.27216628482222 0.0 0.0 0.0 0.0 0.0 0.0 0.0
4336 1584.7750244140625 1870.5084228515625 89.87744937610563 0.0 0.0 0.0 0.0 0.0 0.0 0.0
4375 1546.446533203125 1793.8514404296875 70.00960784852123 0.0 0.0 0.0 0.0 0.0 0.0 0.0
4387 1393.1328125 1640.5377197265625 19.685023808602693 0.0 0.0 0.0 0.0 0.0 0.0 0.0
4426 1373.968505859375 1627.761474609375 14.759132993838193 0.0 0.0 0.0 0.0 0.0 0.0 0.0
4455 1290.923583984375 1586.239013671875 356.4348022804783 0.0 0.0 0.0 0.0 0.0 0.0 0.0
4483 1268.5653076171875 1579.8509521484375 351.6575844161696 0.0 0.0 0.0 0.0 0.0 0.0 0.0
4498 1204.6845703125 1554.2987060546875 340.1485561552752 0.0 0.0 0.0 0.0 0.0 0.0 0.0
4537 1198.2965087890625 1551.1046142578125 339.08130254790854 0.0 0.0 0.0 0.0 0.0 0.0 0.0
4576 1137.6097412109375 1544.716552734375 328.2533221358435 0.0 0.0 0.0 0.0 0.0 0.0 0.0
4587 1096.0872802734375 1541.5224609375 321.46504488299627 0.0 0.0 0.0 0.0 0.0 0.0 0.0
4626 1089.69921875 1535.1343994140625 321.2957479103991 0.0 0.0 0.0 0.0 0.0 0.0 0.0
4642 1057.7587890625 1535.1343994140625 316.17481133206616 0.0 0.0 0.0 0.0 0.0 0.0 0.0
4676 1044.982666015625 1535.1343994140625 314.2014354867565 0.0 0.0 0.0 0.0 0.0 0.0 0.0
4696 933.1913452148438 1614.9853515625 288.50483929261105 0.0 0.0 0.0 0.0 0.0 0.0 0.0
4732 917.2211303710938 1630.95556640625 284.1530426548152 0.0 0.0 0.0 0.0 0.0 0.0 0.0
4777 856.534423828125 1710.8065185546875 266.8778616093018 0.0 0.0 0.0 0.0 0.0 0.0 0.0
4787 757.519287109375 1835.3740234375 249.01966850318124 0.0 0.0 0.0 0.0 0.0 0.0 0.0
4825 744.7431030273438 1854.5382080078125 246.3102482476115 0.0 0.0 0.0 0.0 0.0 0.0 0.0
4836 696.83251953125 1947.165283203125 235.58045013338767 0.0 0.0 0.0 0.0 0.0 0.0 0.0
4876 693.6384887695312 1969.5235595703125 232.1055140867013 0.0 0.0 0.0 0.0 0.0 0.0 0.0
4888 684.056396484375 2071.7327880859375 219.42671868247524 0.0 0.0 0.0 0.0 0.0 0.0 0.0
4954 684.056396484375 2094.091064453125 216.50626381409293 0.0 0.0 0.0 0.0 0.0 0.0 0.0
4958 684.056396484375 2189.912109375 207.06233140973978 0.0 0.0 0.0 0.0 0.0 0.0 0.0
4987 684.056396484375 2202.6883544921875 205.86402263952874 0.0 0.0 0.0 0.0 0.0 0.0 0.0
5147 984.2959594726562 2228.2406005859375 143.8559302852047 0.0 0.0 0.0 0.0 0.0 0.0 0.0
5203 1150.3858642578125 2052.568603515625 95.70180706622125 0.0 0.0 0.0 0.0 0.0 0.0 0.0
5233 1153.5799560546875 2042.9864501953125 93.49284730129659 0.0 0.0 0.0 0.0 0.0 0.0 0.0
5246 1163.162109375 1956.7474365234375 74.95113374515847 0.0 0.0 0.0 0.0 0.0 0.0 0.0
5293 1163.162109375 1940.7772216796875 71.52769984574132 0.0 0.0 0.0 0.0 0.0 0.0 0.0
5297 1124.8336181640625 1873.702392578125 53.80054262572605 0.0 0.0 0.0 0.0 0.0 0.0 0.0
5334 1115.25146484375 1860.92626953125 50.16734421132378 0.0 0.0 0.0 0.0 0.0 0.0 0.0
5376 1076.923095703125 1781.0753173828125 32.964187623693874 0.0 0.0 0.0 0.0 0.0 0.0 0.0
5386 1057.7587890625 1704.41845703125 22.56583272699004 0.0 0.0 0.0 0.0 0.0 0.0 0.0
5428 1057.7587890625 1698.0303955078125 22.05623555980219 0.0 0.0 0.0 0.0 0.0 0.0 0.0
5445 1041.78857421875 1669.2840576171875 16.812377930663956 0.0 0.0 0.0 0.0 0.0 0.0 0.0
5496 1035.4005126953125 1662.8958740234375 15.055858412014004 0.0 0.0 0.0 0.0 0.0 0.0 0.0
5526 1025.8184204101562 1650.1197509765625 12.363078352706168 0.0 0.0 0.0 0.0 0.0 0.0 0.0
5535 961.9376831054688 1595.8211669921875 358.3719323078698 0.0 0.0 0.0 0.0 0.0 0.0 0.0
5576 949.1614990234375 1589.43310546875 355.6240571862778 0.0 0.0 0.0 0.0 0.0 0.0 0.0
5592 894.8628540039062 1563.8807373046875 345.3133844649226 0.0 0.0 0.0 0.0 0.0 0.0 0.0
5628 885.28076171875 1554.2987060546875 343.89515697283457 0.0 0.0 0.0 0.0 0.0 0.0 0.0
5645 846.9523315429688 1525.55224609375 338.4276187247654 0.0 0.0 0.0 0.0 0.0 0.0 0.0
5687 840.5642700195312 1522.3582763671875 337.3969791588933 0.0 0.0 0.0 0.0 0.0 0.0 0.0
5726 773.4894409179688 1544.716552734375 322.1627506039516 0.0 0.0 0.0 0.0 0.0 0.0 0.0
5736 728.7728881835938 1551.1046142578125 314.16356773114694 0.0 0.0 0.0 0.0 0.0 0.0 0.0
5776 719.1907958984375 1554.2987060546875 312.1878187154739 0.0 0.0 0.0 0.0 0.0 0.0 0.0
5797 668.086181640625 1583.0450439453125 300.7109762392291 0.0 0.0 0.0 0.0 0.0 0.0 0.0
5832 610.593505859375 1602.209228515625 292.00605184194467 0.0 0.0 0.0 0.0 0.0 0.0 0.0
5876 505.1902770996094 1643.731689453125 279.2926566533769 0.0 0.0 0.0 0.0 0.0 0.0 0.0
5884 444.5035400390625 1678.8660888671875 271.3179851590203 0.0 0.0 0.0 0.0 0.0 0.0 0.0
5938 431.7274169921875 1704.41845703125 265.8048405125155 0.0 0.0 0.0 0.0 0.0 0.0 0.0
5978 431.7274169921875 1710.8065185546875 264.35936027541214 0.0 0.0 0.0 0.0 0.0 0.0 0.0
5996 431.7274169921875 1733.164794921875 259.3693469811883 0.0 0.0 0.0 0.0 0.0 0.0 0.0
6034 431.7274169921875 1739.5528564453125 257.9533551250456 0.0 0.0 0.0 0.0 0.0 0.0 0.0
6076 431.7274169921875 1787.46337890625 247.89564184519332 0.0 0.0 0.0 0.0 0.0 0.0 0.0
6084 431.7274169921875 1832.179931640625 239.24609823810766 0.0 0.0 0.0 0.0 0.0 0.0 0.0
6126 431.7274169921875 1844.9560546875 236.85077393900315 0.0 0.0 0.0 0.0 0.0 0.0 0.0
6273 431.7274169921875 1902.44873046875 227.4043834430555 0.0 0.0 0.0 0.0 0.0 0.0 0.0