0 2000.0 1500.0 0 0.0 0.0 0.0 0.0 0.0 0.0 0.0
70 2000.0 1500.0 0 0.0 0.0 0.0 0.0 0.0 0.0 0.0
86 2000.0 1500.0 0 0.0 0.0 0.0 0.0 0.0 0.0 0.0
103 2000.0 1500.0 0 0.0 0.0 0.0 0.0 0.0 0.0 0.0
120 2000.0 1500.0 0 0.0 0.0 0.0 0.0 0.0 0.0 0.0
136 2000.0 1452.5692138671875 0.35941008476390834 0.0 0.0 0.0 0.0 0.0 0.0 0.0
154 2003.95263671875 1409.0909423828125 2.1591464095574793 0.0 0.0 0.0 0.0 0.0 0.0 0.0
170 2031.62060546875 1353.7550048828125 11.819566240947438 0.0 0.0 0.0 0.0 0.0 0.0 0.0
187 2059.28857421875 1302.37158203125 18.256927608867272 0.0 0.0 0.0 0.0 0.0 0.0 0.0
203 2110.671875 1235.1778564453125 27.49666764078256 0.0 0.0 0.0 0.0 0.0 0.0 0.0
220 2189.723388671875 1167.9842529296875 39.297305647307894 0.0 0.0 0.0 0.0 0.0 0.0 0.0
236 2304.347900390625 1084.980224609375 48.60081919922152 0.0 0.0 0.0 0.0 0.0 0.0 0.0
253 2458.498046875 986.166015625 54.96405093328207 0.0 0.0 0.0 0.0 0.0 0.0 0.0
270 2628.45849609375 899.20947265625 60.89828228205499 0.0 0.0 0.0 0.0 0.0 0.0 0.0
286 2794.466552734375 828.063232421875 65.40889918004962 0.0 0.0 0.0 0.0 0.0 0.0 0.0
303 2928.853759765625 780.6324462890625 69.08427909542331 0.0 0.0 0.0 0.0 0.0 0.0 0.0
320 3031.62060546875 760.8695678710938 74.76558617300884 0.0 0.0 0.0 0.0 0.0 0.0 0.0
336 3094.861572265625 760.8695678710938 81.05927521007578 0.0 0.0 0.0 0.0 0.0 0.0 0.0
353 3146.2451171875 768.7747192382812 87.43479794571681 0.0 0.0 0.0 0.0 0.0 0.0 0.0
370 3177.86572265625 796.4426879882812 100.22506892622653 0.0 0.0 0.0 0.0 0.0 0.0 0.0
386 3189.723388671875 847.8261108398438 122.27258267711292 0.0 0.0 0.0 0.0 0.0 0.0 0.0
403 3181.818115234375 918.9723510742188 148.68141229380043 0.0 0.0 0.0 0.0 0.0 0.0 0.0
420 3106.719482421875 1013.833984375 187.78620482923995 0.0 0.0 0.0 0.0 0.0 0.0 0.0
436 2988.142333984375 1108.6956787109375 214.87033348384085 0.0 0.0 0.0 0.0 0.0 0.0 0.0
453 2841.897216796875 1211.4625244140625 228.4292516595583 0.0 0.0 0.0 0.0 0.0 0.0 0.0
470 2675.889404296875 1314.229248046875 235.64523502923035 0.0 0.0 0.0 0.0 0.0 0.0 0.0
486 2521.7392578125 1393.2806396484375 240.91177911604578 0.0 0.0 0.0 0.0 0.0 0.0 0.0
503 2383.399169921875 1440.71142578125 247.59637631554995 0.0 0.0 0.0 0.0 0.0 0.0 0.0
520 2268.774658203125 1460.474365234375 254.96176036889904 0.0 0.0 0.0 0.0 0.0 0.0 0.0
536 2193.676025390625 1460.474365234375 261.8537250398673 0.0 0.0 0.0 0.0 0.0 0.0 0.0
553 2146.2451171875 1416.99609375 281.6266898453294 0.0 0.0 0.0 0.0 0.0 0.0 0.0
570 2126.482177734375 1349.8023681640625 306.86906692427476 0.0 0.0 0.0 0.0 0.0 0.0 0.0
586 2126.482177734375 1274.70361328125 329.7137490051093 0.0 0.0 0.0 0.0 0.0 0.0 0.0
603 2142.29248046875 1199.604736328125 348.28351711782886 0.0 0.0 0.0 0.0 0.0 0.0 0.0
620 2173.9130859375 1132.4111328125 4.311618571115446 0.0 0.0 0.0 0.0 0.0 0.0 0.0
638 2221.343994140625 1061.2648315429688 18.27966300821413 0.0 0.0 0.0 0.0 0.0 0.0 0.0
653 2268.774658203125 1017.7865600585938 30.02093234801373 0.0 0.0 0.0 0.0 0.0 0.0 0.0
670 2328.063232421875 982.2134399414062 42.218144559999985 0.0 0.0 0.0 0.0 0.0 0.0 0.0
686 2399.20947265625 958.498046875 55.16311613251088 0.0 0.0 0.0 0.0 0.0 0.0 0.0
703 2501.976318359375 934.7825927734375 66.90872060989818 0.0 0.0 0.0 0.0 0.0 0.0 0.0
720 2612.648193359375 918.9723510742188 75.3692752167475 0.0 0.0 0.0 0.0 0.0 0.0 0.0
736 2727.272705078125 911.0671997070312 81.66066730154711 0.0 0.0 0.0 0.0 0.0 0.0 0.0
753 2833.9921875 911.0671997070312 86.52703509317917 0.0 0.0 0.0 0.0 0.0 0.0 0.0
770 2928.853759765625 918.9723510742188 91.0725344942133 0.0 0.0 0.0 0.0 0.0 0.0 0.0
786 3011.857666015625 946.6403198242188 99.65608567839433 0.0 0.0 0.0 0.0 0.0 0.0 0.0
803 3083.00390625 998.0237426757812 112.34560984319026 0.0 0.0 0.0 0.0 0.0 0.0 0.0
820 3134.387451171875 1057.312255859375 124.5055040346054 0.0 0.0 0.0 0.0 0.0 0.0 0.0
836 3154.150146484375 1124.5059204101562 140.8460146688099 0.0 0.0 0.0 0.0 0.0 0.0 0.0
853 3150.19775390625 1223.3201904296875 161.91570708398774 0.0 0.0 0.0 0.0 0.0 0.0 0.0
870 3086.95654296875 1330.03955078125 189.5951945930155 0.0 0.0 0.0 0.0 0.0 0.0 0.0
886 2984.189697265625 1436.7589111328125 210.79682619922406 0.0 0.0 0.0 0.0 0.0 0.0 0.0
903 2853.7548828125 1531.62060546875 225.79011546737053 0.0 0.0 0.0 0.0 0.0 0.0 0.0
920 2695.652099609375 1626.482177734375 235.09034202439761 0.0 0.0 0.0 0.0 0.0 0.0 0.0
936 2529.644287109375 1705.5335693359375 241.9210685829668 0.0 0.0 0.0 0.0 0.0 0.0 0.0
953 2367.5888671875 1760.86962890625 248.43866983334289 0.0 0.0 0.0 0.0 0.0 0.0 0.0
970 2225.29638671875 1772.727294921875 258.95558487614335 0.0 0.0 0.0 0.0 0.0 0.0 0.0
986 2102.766845703125 1760.86962890625 268.6910536940266 0.0 0.0 0.0 0.0 0.0 0.0 0.0
1003 2015.810302734375 1681.8182373046875 292.8465177557273 0.0 0.0 0.0 0.0 0.0 0.0 0.0
1020 1972.33203125 1571.146240234375 318.3036905595661 0.0 0.0 0.0 0.0 0.0 0.0 0.0
1036 1960.474365234375 1444.6640625 339.27089769141776 0.0 0.0 0.0 0.0 0.0 0.0 0.0
1053 1964.4268798828125 1314.229248046875 352.59993237913716 0.0 0.0 0.0 0.0 0.0 0.0 0.0
1070 2011.8577880859375 1183.79443359375 9.159152709635748 0.0 0.0 0.0 0.0 0.0 0.0 0.0
1088 2094.861572265625 1057.312255859375 24.345332836165255 0.0 0.0 0.0 0.0 0.0 0.0 0.0
1103 2217.391357421875 938.7351684570312 38.6581218850917 0.0 0.0 0.0 0.0 0.0 0.0 0.0
1120 2375.494140625 847.8261108398438 53.23022010121599 0.0 0.0 0.0 0.0 0.0 0.0 0.0
1137 2557.312255859375 792.4901123046875 66.96222758989893 0.0 0.0 0.0 0.0 0.0 0.0 0.0
1153 2735.177978515625 764.8221435546875 76.79395496525973 0.0 0.0 0.0 0.0 0.0 0.0 0.0
1170 2901.185791015625 760.8695678710938 84.86800148919895 0.0 0.0 0.0 0.0 0.0 0.0 0.0
1187 3031.62060546875 776.6798706054688 92.32204487876879 0.0 0.0 0.0 0.0 0.0 0.0 0.0
1203 3114.62451171875 828.063232421875 107.35087863433156 0.0 0.0 0.0 0.0 0.0 0.0 0.0
1220 3146.2451171875 883.3992309570312 124.15926000762505 0.0 0.0 0.0 0.0 0.0 0.0 0.0
1237 3146.2451171875 954.5454711914062 147.29437819430333 0.0 0.0 0.0 0.0 0.0 0.0 0.0
1253 3067.193603515625 1057.312255859375 188.1319965523608 0.0 0.0 0.0 0.0 0.0 0.0 0.0
1270 2948.61669921875 1160.0791015625 213.95661525954122 0.0 0.0 0.0 0.0 0.0 0.0 0.0
1286 2818.181884765625 1258.893310546875 226.36791560747218 0.0 0.0 0.0 0.0 0.0 0.0 0.0
1303 2675.889404296875 1337.9447021484375 236.0748486594205 0.0 0.0 0.0 0.0 0.0 0.0 0.0