0 2000.0 1500.0 0 0.0 0.0 0.0 0.0 0.0 0.0 0.0
274 1996.6923828125 1500.0 358.33971230580175 0.0 0.0 0.0 0.0 0.0 0.0 0.0
290 1990.0771484375 1500.0 355.0233116369864 0.0 0.0 0.0 0.0 0.0 0.0 0.0
307 1970.2315673828125 1500.0 345.2739288400883 0.0 0.0 0.0 0.0 0.0 0.0 0.0
323 1953.6934814453125 1496.6923828125 338.0454906372021 0.0 0.0 0.0 0.0 0.0 0.0 0.0
340 1937.1553955078125 1493.384765625 331.3844665989148 0.0 0.0 0.0 0.0 0.0 0.0 0.0
357 1923.925048828125 1490.0771484375 326.60468902653867 0.0 0.0 0.0 0.0 0.0 0.0 0.0
373 1914.002197265625 1483.4619140625 324.332615208943 0.0 0.0 0.0 0.0 0.0 0.0 0.0
390 1904.079345703125 1480.154296875 321.3520385619603 0.0 0.0 0.0 0.0 0.0 0.0 0.0
406 1897.464111328125 1480.154296875 318.7910747695434 0.0 0.0 0.0 0.0 0.0 0.0 0.0
423 1887.5413818359375 1480.154296875 315.1572314396392 0.0 0.0 0.0 0.0 0.0 0.0 0.0
439 1877.6185302734375 1480.154296875 311.7337489728287 0.0 0.0 0.0 0.0 0.0 0.0 0.0
457 1867.6956787109375 1480.154296875 308.51891496817143 0.0 0.0 0.0 0.0 0.0 0.0 0.0
473 1857.7728271484375 1490.0771484375 301.60633063726107 0.0 0.0 0.0 0.0 0.0 0.0 0.0
489 1851.1575927734375 1493.384765625 298.50133277742316 0.0 0.0 0.0 0.0 0.0 0.0 0.0
506 1844.54248046875 1496.6923828125 295.50717691292857 0.0 0.0 0.0 0.0 0.0 0.0 0.0
560 1837.92724609375 1506.615234375 289.6507134662535 0.0 0.0 0.0 0.0 0.0 0.0 0.0
562 1818.08154296875 1523.1531982421875 279.52361361429575 0.0 0.0 0.0 0.0 0.0 0.0 0.0
573 1811.46630859375 1533.0760498046875 274.2218810028067 0.0 0.0 0.0 0.0 0.0 0.0 0.0
589 1804.8511962890625 1539.6912841796875 270.76228423617516 0.0 0.0 0.0 0.0 0.0 0.0 0.0
606 1801.5435791015625 1546.3065185546875 267.4660965773703 0.0 0.0 0.0 0.0 0.0 0.0 0.0
624 1798.2359619140625 1552.921630859375 264.2705532923128 0.0 0.0 0.0 0.0 0.0 0.0 0.0
639 1798.2359619140625 1559.536865234375 260.97597332916405 0.0 0.0 0.0 0.0 0.0 0.0 0.0
657 1798.2359619140625 1566.152099609375 257.71105723705284 0.0 0.0 0.0 0.0 0.0 0.0 0.0
673 1798.2359619140625 1572.767333984375 254.4858518598706 0.0 0.0 0.0 0.0 0.0 0.0 0.0
690 1798.2359619140625 1582.690185546875 249.75991689774264 0.0 0.0 0.0 0.0 0.0 0.0 0.0
706 1798.2359619140625 1589.305419921875 246.67287951539214 0.0 0.0 0.0 0.0 0.0 0.0 0.0
723 1798.2359619140625 1599.2281494140625 242.1976444810411 0.0 0.0 0.0 0.0 0.0 0.0 0.0
739 1798.2359619140625 1609.1510009765625 237.89993719549568 0.0 0.0 0.0 0.0 0.0 0.0 0.0
757 1798.2359619140625 1619.0738525390625 233.79433104078885 0.0 0.0 0.0 0.0 0.0 0.0 0.0
773 1798.2359619140625 1625.6890869140625 231.14851737840638 0.0 0.0 0.0 0.0 0.0 0.0 0.0
789 1804.8511962890625 1638.91943359375 224.05854766032934 0.0 0.0 0.0 0.0 0.0 0.0 0.0
805 1808.1588134765625 1645.53466796875 220.59519130247457 0.0 0.0 0.0 0.0 0.0 0.0 0.0
823 1814.77392578125 1655.45751953125 214.9509929278924 0.0 0.0 0.0 0.0 0.0 0.0 0.0
839 1824.69677734375 1658.76513671875 209.8303166845896 0.0 0.0 0.0 0.0 0.0 0.0 0.0
855 1837.92724609375 1665.38037109375 202.3925909937181 0.0 0.0 0.0 0.0 0.0 0.0 0.0
872 1847.85009765625 1671.99560546875 196.61274555333853 0.0 0.0 0.0 0.0 0.0 0.0 0.0
888 1857.7728271484375 1675.30322265625 191.37921893548537 0.0 0.0 0.0 0.0 0.0 0.0 0.0
906 1864.3880615234375 1675.30322265625 188.1054479999214 0.0 0.0 0.0 0.0 0.0 0.0 0.0
922 1877.6185302734375 1678.6107177734375 181.37123241409085 0.0 0.0 0.0 0.0 0.0 0.0 0.0
939 1887.5413818359375 1678.6107177734375 176.3876482352565 0.0 0.0 0.0 0.0 0.0 0.0 0.0
956 1900.771728515625 1678.6107177734375 169.8065396246571 0.0 0.0 0.0 0.0 0.0 0.0 0.0
972 1910.694580078125 1671.99560546875 164.15550574355933 0.0 0.0 0.0 0.0 0.0 0.0 0.0
989 1930.540283203125 1662.07275390625 152.95057112941385 0.0 0.0 0.0 0.0 0.0 0.0 0.0
1005 1937.1553955078125 1655.45751953125 148.41205802028628 0.0 0.0 0.0 0.0 0.0 0.0 0.0
1022 1953.6934814453125 1645.53466796875 138.79559350325042 0.0 0.0 0.0 0.0 0.0 0.0 0.0
1039 1963.6163330078125 1638.91943359375 132.92478025470598 0.0 0.0 0.0 0.0 0.0 0.0 0.0
1056 1973.5391845703125 1625.6890869140625 124.59572032747498 0.0 0.0 0.0 0.0 0.0 0.0 0.0
1071 1983.4619140625 1619.0738525390625 119.18384293795877 0.0 0.0 0.0 0.0 0.0 0.0 0.0
1089 1986.76953125 1609.1510009765625 113.96840568947788 0.0 0.0 0.0 0.0 0.0 0.0 0.0
1105 1990.0771484375 1602.5357666015625 110.26600896731664 0.0 0.0 0.0 0.0 0.0 0.0 0.0
1121 1993.384765625 1592.613037109375 105.01163167514655 0.0 0.0 0.0 0.0 0.0 0.0 0.0
1138 1993.384765625 1582.690185546875 100.13064487173199 0.0 0.0 0.0 0.0 0.0 0.0 0.0
1155 1993.384765625 1569.459716796875 93.50257820676255 0.0 0.0 0.0 0.0 0.0 0.0 0.0
1171 1990.0771484375 1559.536865234375 88.52142384608852 0.0 0.0 0.0 0.0 0.0 0.0 0.0
1189 1986.76953125 1549.6141357421875 83.41032074028543 0.0 0.0 0.0 0.0 0.0 0.0 0.0
1205 1980.154296875 1539.6912841796875 77.90262415037637 0.0 0.0 0.0 0.0 0.0 0.0 0.0
1221 1973.5391845703125 1529.7684326171875 72.185918028843 0.0 0.0 0.0 0.0 0.0 0.0 0.0
1239 1966.9239501953125 1523.1531982421875 67.9117960331359 0.0 0.0 0.0 0.0 0.0 0.0 0.0
1254 1957.0010986328125 1513.2303466796875 61.1925469855739 0.0 0.0 0.0 0.0 0.0 0.0 0.0
1271 1950.3858642578125 1506.615234375 56.61787744103376 0.0 0.0 0.0 0.0 0.0 0.0 0.0
1288 1947.0782470703125 1503.3076171875 54.31252423498519 0.0 0.0 0.0 0.0 0.0 0.0 0.0
1304 1940.4630126953125 1500.0 50.97635105414513 0.0 0.0 0.0 0.0 0.0 0.0 0.0
1321 1937.1553955078125 1500.0 49.945269148977594 0.0 0.0 0.0 0.0 0.0 0.0 0.0
1338 1930.540283203125 1496.6923828125 46.49160415977514 0.0 0.0 0.0 0.0 0.0 0.0 0.0
1354 1920.617431640625 1496.6923828125 42.943595172651484 0.0 0.0 0.0 0.0 0.0 0.0 0.0
1371 1917.309814453125 1493.384765625 40.59798068431523 0.0 0.0 0.0 0.0 0.0 0.0 0.0
1387 1910.694580078125 1493.384765625 38.04275210118997 0.0 0.0 0.0 0.0 0.0 0.0 0.0
1404 1907.386962890625 1493.384765625 36.74170846471841 0.0 0.0 0.0 0.0 0.0 0.0 0.0
1421 1904.079345703125 1493.384765625 35.41717153273937 0.0 0.0 0.0 0.0 0.0 0.0 0.0
1438 1897.464111328125 1493.384765625 32.67453248576917 0.0 0.0 0.0 0.0 0.0 0.0 0.0
1454 1894.156494140625 1493.384765625 31.2812408740335 0.0 0.0 0.0 0.0 0.0 0.0 0.0
1471 1887.5413818359375 1493.384765625 28.40676704613591 0.0 0.0 0.0 0.0 0.0 0.0 0.0
1487 1880.9261474609375 1493.384765625 25.45009285528122 0.0 0.0 0.0 0.0 0.0 0.0 0.0
1504 1874.3109130859375 1493.384765625 22.41743711486812 0.0 0.0 0.0 0.0 0.0 0.0 0.0
1520 1867.6956787109375 1493.384765625 19.315822894385562 0.0 0.0 0.0 0.0 0.0 0.0 0.0
1538 1864.3880615234375 1493.384765625 17.74990286368285 0.0 0.0 0.0 0.0 0.0 0.0 0.0
1554 1854.4652099609375 1493.384765625 12.924546586962236 0.0 0.0 0.0 0.0 0.0 0.0 0.0
1571 1847.85009765625 1493.384765625 9.667405778844 0.0 0.0 0.0 0.0 0.0 0.0 0.0
1587 1841.23486328125 1493.384765625 6.378083925739787 0.0 0.0 0.0 0.0 0.0 0.0 0.0
1604 1834.61962890625 1496.6923828125 3.209252779942318 0.0 0.0 0.0 0.0 0.0 0.0 0.0
1621 1824.69677734375 1500.0 358.2193237737938 0.0 0.0 0.0 0.0 0.0 0.0 0.0
1638 1814.77392578125 1506.615234375 352.9414382154723 0.0 0.0 0.0 0.0 0.0 0.0 0.0
1653 1804.8511962890625 1516.5379638671875 347.0741577183786 0.0 0.0 0.0 0.0 0.0 0.0 0.0
1671 1798.2359619140625 1523.1531982421875 342.9901447889487 0.0 0.0 0.0 0.0 0.0 0.0 0.0
1687 1791.6207275390625 1529.7684326171875 338.7449666612449 0.0 0.0 0.0 0.0 0.0 0.0 0.0
1703 1785.0054931640625 1533.0760498046875 335.03638725317364 0.0 0.0 0.0 0.0 0.0 0.0 0.0
1720 1778.3902587890625 1539.6912841796875 330.54657639194835 0.0 0.0 0.0 0.0 0.0 0.0 0.0
1737 1775.0826416015625 1549.6141357421875 326.50603561807526 0.0 0.0 0.0 0.0 0.0 0.0 0.0
1754 1771.7750244140625 1552.921630859375 324.1998131509074 0.0 0.0 0.0 0.0 0.0 0.0 0.0
1770 1768.4674072265625 1559.536865234375 320.8603212528999 0.0 0.0 0.0 0.0 0.0 0.0 0.0
1786 1768.4674072265625 1569.459716796875 317.60898021182334 0.0 0.0 0.0 0.0 0.0 0.0 0.0
1803 1765.159912109375 1579.382568359375 312.89003978698366 0.0 0.0 0.0 0.0 0.0 0.0 0.0
1821 1765.159912109375 1585.997802734375 310.42526838237774 0.0 0.0 0.0 0.0 0.0 0.0 0.0
1837 1765.159912109375 1592.613037109375 307.8634057796686 0.0 0.0 0.0 0.0 0.0 0.0 0.0
1853 1765.159912109375 1602.5357666015625 303.80381347692907 0.0 0.0 0.0 0.0 0.0 0.0 0.0
1870 1765.159912109375 1605.8433837890625 302.42887835516626 0.0 0.0 0.0 0.0 0.0 0.0 0.0
1886 1765.159912109375 1609.1510009765625 301.0316394003205 0.0 0.0 0.0 0.0 0.0 0.0 0.0
1903 1768.4674072265625 1615.7662353515625 299.02304041477396 0.0 0.0 0.0 0.0 0.0 0.0 0.0
1920 1771.7750244140625 1622.3814697265625 296.90013260265397 0.0 0.0 0.0 0.0 0.0 0.0 0.0
1937 1778.3902587890625 1628.9967041015625 295.4582827166321 0.0 0.0 0.0 0.0 0.0 0.0 0.0
1954 1781.6978759765625 1632.3043212890625 294.7082275523496 0.0 0.0 0.0 0.0 0.0 0.0 0.0
1972 1785.0054931640625 1638.91943359375 292.35025621163834 0.0 0.0 0.0 0.0 0.0 0.0 0.0
1987 1788.3131103515625 1642.22705078125 291.4759521594779 0.0 0.0 0.0 0.0 0.0 0.0 0.0
2003 1791.6207275390625 1645.53466796875 290.5671805643052 0.0 0.0 0.0 0.0 0.0 0.0 0.0
2020 1798.2359619140625 1648.84228515625 290.2670260110798 0.0 0.0 0.0 0.0 0.0 0.0 0.0
2036 1804.8511962890625 1652.14990234375 289.94614147963307 0.0 0.0 0.0 0.0 0.0 0.0 0.0
2053 1811.46630859375 1655.45751953125 289.60311389233425 0.0 0.0 0.0 0.0 0.0 0.0 0.0
2069 1818.08154296875 1655.45751953125 290.87572482422206 0.0 0.0 0.0 0.0 0.0 0.0 0.0
2086 1821.38916015625 1658.76513671875 289.9434537296253 0.0 0.0 0.0 0.0 0.0 0.0 0.0
2103 1824.69677734375 1658.76513671875 290.57153024883416 0.0 0.0 0.0 0.0 0.0 0.0 0.0
2119 1831.31201171875 1662.07275390625 290.27169640486375 0.0 0.0 0.0 0.0 0.0 0.0 0.0
2136 1841.23486328125 1662.07275390625 292.2941072532043 0.0 0.0 0.0 0.0 0.0 0.0 0.0
2153 1851.1575927734375 1665.38037109375 292.84960439988026 0.0 0.0 0.0 0.0 0.0 0.0 0.0
2169 1861.0804443359375 1668.68798828125 293.4608524353555 0.0 0.0 0.0 0.0 0.0 0.0 0.0
2185 1874.3109130859375 1671.99560546875 294.95121080583294 0.0 0.0 0.0 0.0 0.0 0.0 0.0
2202 1880.9261474609375 1675.30322265625 294.95445104513726 0.0 0.0 0.0 0.0 0.0 0.0 0.0
2220 1887.5413818359375 1675.30322265625 296.5226842851971 0.0 0.0 0.0 0.0 0.0 0.0 0.0
2235 1900.771728515625 1675.30322265625 300.01122223501955 0.0 0.0 0.0 0.0 0.0 0.0 0.0
2253 1907.386962890625 1675.30322265625 301.8442401148809 0.0 0.0 0.0 0.0 0.0 0.0 0.0
2269 1917.309814453125 1675.30322265625 304.80546632765396 0.0 0.0 0.0 0.0 0.0 0.0 0.0
2285 1923.925048828125 1675.30322265625 306.87433548938884 0.0 0.0 0.0 0.0 0.0 0.0 0.0
2302 1933.847900390625 1675.30322265625 310.1995012349681 0.0 0.0 0.0 0.0 0.0 0.0 0.0
2319 1943.7706298828125 1675.30322265625 313.7482139700314 0.0 0.0 0.0 0.0 0.0 0.0 0.0
2335 1960.3087158203125 1671.99560546875 321.4029318712367 0.0 0.0 0.0 0.0 0.0 0.0 0.0
2353 1970.2315673828125 1668.68798828125 326.5166149998887 0.0 0.0 0.0 0.0 0.0 0.0 0.0
2368 1980.154296875 1665.38037109375 331.71979847522505 0.0 0.0 0.0 0.0 0.0 0.0 0.0
2386 1986.76953125 1665.38037109375 334.7642064339081 0.0 0.0 0.0 0.0 0.0 0.0 0.0
2402 1993.384765625 1665.38037109375 337.8763758709581 0.0 0.0 0.0 0.0 0.0 0.0 0.0
2418 1996.6923828125 1665.38037109375 339.44719647870784 0.0 0.0 0.0 0.0 0.0 0.0 0.0
2468 1996.6923828125 1668.68798828125 338.8945761896858 0.0 0.0 0.0 0.0 0.0 0.0 0.0
2485 1996.6923828125 1678.6107177734375 337.0892171598132 0.0 0.0 0.0 0.0 0.0 0.0 0.0
2502 1990.0771484375 1685.2259521484375 332.6536959544473 0.0 0.0 0.0 0.0 0.0 0.0 0.0
2519 1980.154296875 1695.1488037109375 325.75886398747605 0.0 0.0 0.0 0.0 0.0 0.0 0.0
2535 1970.2315673828125 1708.3792724609375 317.6254525896488 0.0 0.0 0.0 0.0 0.0 0.0 0.0
2552 1963.6163330078125 1711.6868896484375 314.0867441543461 0.0 0.0 0.0 0.0 0.0 0.0 0.0
2568 1953.6934814453125 1714.9945068359375 309.5519911957308 0.0 0.0 0.0 0.0 0.0 0.0 0.0
2585 1943.7706298828125 1718.302001953125 305.2307114588456 0.0 0.0 0.0 0.0 0.0 0.0 0.0
2601 1933.847900390625 1721.609619140625 301.1343418658817 0.0 0.0 0.0 0.0 0.0 0.0 0.0
2619 1920.617431640625 1721.609619140625 297.8606545885322 0.0 0.0 0.0 0.0 0.0 0.0 0.0
2635 1907.386962890625 1721.609619140625 294.8911427047294 0.0 0.0 0.0 0.0 0.0 0.0 0.0
2651 1890.8489990234375 1721.609619140625 291.61017096615217 0.0 0.0 0.0 0.0 0.0 0.0 0.0
2668 1874.3109130859375 1714.9945068359375 291.41186999038365 0.0 0.0 0.0 0.0 0.0 0.0 0.0
2685 1857.7728271484375 1708.3792724609375 291.24035113685295 0.0 0.0 0.0 0.0 0.0 0.0 0.0
2701 1844.54248046875 1701.7640380859375 291.66052403386425 0.0 0.0 0.0 0.0 0.0 0.0 0.0
2719 1834.61962890625 1691.8411865234375 293.99427520265397 0.0 0.0 0.0 0.0 0.0 0.0 0.0
2734 1824.69677734375 1688.5335693359375 293.389527736545 0.0 0.0 0.0 0.0 0.0 0.0 0.0
2751 1818.08154296875 1688.5335693359375 292.05411735556487 0.0 0.0 0.0 0.0 0.0 0.0 0.0
2767 1811.46630859375 1688.5335693359375 290.7862861014536 0.0 0.0 0.0 0.0 0.0 0.0 0.0
2784 1804.8511962890625 1688.5335693359375 289.5832158545466 0.0 0.0 0.0 0.0 0.0 0.0 0.0
2801 1798.2359619140625 1688.5335693359375 288.4420305107035 0.0 0.0 0.0 0.0 0.0 0.0 0.0
2817 1785.0054931640625 1688.5335693359375 286.3846476445909 0.0 0.0 0.0 0.0 0.0 0.0 0.0
2834 1775.0826416015625 1698.4564208984375 280.4593396035702 0.0 0.0 0.0 0.0 0.0 0.0 0.0
2851 1765.159912109375 1705.0716552734375 276.46542381762004 0.0 0.0 0.0 0.0 0.0 0.0 0.0
2867 1755.237060546875 1714.9945068359375 271.23298868225095 0.0 0.0 0.0 0.0 0.0 0.0 0.0
2884 1742.006591796875 1724.917236328125 266.4670410996723 0.0 0.0 0.0 0.0 0.0 0.0 0.0
2900 1728.776123046875 1734.840087890625 262.2193329081996 0.0 0.0 0.0 0.0 0.0 0.0 0.0
2917 1722.1610107421875 1741.455322265625 259.45102167303264 0.0 0.0 0.0 0.0 0.0 0.0 0.0
2934 1712.2381591796875 1748.070556640625 257.1589888200467 0.0 0.0 0.0 0.0 0.0 0.0 0.0
2950 1705.6229248046875 1757.993408203125 253.21457770956914 0.0 0.0 0.0 0.0 0.0 0.0 0.0
2967 1699.0076904296875 1764.6085205078125 251.0320923453762 0.0 0.0 0.0 0.0 0.0 0.0 0.0
2984 1695.7000732421875 1764.6085205078125 251.5126716895203 0.0 0.0 0.0 0.0 0.0 0.0 0.0
3000 1695.7000732421875 1767.9161376953125 249.93727840823675 0.0 0.0 0.0 0.0 0.0 0.0 0.0
3017 1685.7772216796875 1771.2237548828125 249.93456207674245 0.0 0.0 0.0 0.0 0.0 0.0 0.0
3033 1682.4697265625 1777.8389892578125 247.42500085582446 0.0 0.0 0.0 0.0 0.0 0.0 0.0
3050 1679.162109375 1781.1466064453125 246.50156972799095 0.0 0.0 0.0 0.0 0.0 0.0 0.0
3067 1675.8544921875 1781.1466064453125 247.10287856805866 0.0 0.0 0.0 0.0 0.0 0.0 0.0
3100 1675.8544921875 1784.4542236328125 245.57200618011422 0.0 0.0 0.0 0.0 0.0 0.0 0.0
3117 1672.546875 1787.7618408203125 244.7162689662846 0.0 0.0 0.0 0.0 0.0 0.0 0.0
3133 1672.546875 1791.0694580078125 243.21312067137444 0.0 0.0 0.0 0.0 0.0 0.0 0.0
3150 1672.546875 1800.9923095703125 238.87302422900052 0.0 0.0 0.0 0.0 0.0 0.0 0.0
3167 1672.546875 1807.607421875 236.06482254181105 0.0 0.0 0.0 0.0 0.0 0.0 0.0
3183 1672.546875 1817.5302734375 232.04745549319455 0.0 0.0 0.0 0.0 0.0 0.0 0.0
3200 1672.546875 1827.453125 228.23542963215652 0.0 0.0 0.0 0.0 0.0 0.0 0.0
3216 1672.546875 1830.7607421875 226.9891671256459 0.0 0.0 0.0 0.0 0.0 0.0 0.0
3233 1675.8544921875 1837.3759765625 223.46293945711597 0.0 0.0 0.0 0.0 0.0 0.0 0.0
3250 1679.162109375 1843.9910888671875 220.01340858547474 0.0 0.0 0.0 0.0 0.0 0.0 0.0
3266 1682.4697265625 1850.6063232421875 216.65066696087138 0.0 0.0 0.0 0.0 0.0 0.0 0.0
3283 1685.7772216796875 1857.2215576171875 213.38345070979136 0.0 0.0 0.0 0.0 0.0 0.0 0.0
3300 1689.0848388671875 1867.1444091796875 209.3893162930852 0.0 0.0 0.0 0.0 0.0 0.0 0.0
3317 1695.7000732421875 1873.7596435546875 204.92975546913823 0.0 0.0 0.0 0.0 0.0 0.0 0.0
3333 1699.0076904296875 1880.3748779296875 202.07266837886118 0.0 0.0 0.0 0.0 0.0 0.0 0.0
3350 1705.6229248046875 1886.989990234375 197.83117986909502 0.0 0.0 0.0 0.0 0.0 0.0 0.0
3366 1708.9305419921875 1893.605224609375 195.2751212643239 0.0 0.0 0.0 0.0 0.0 0.0 0.0
3383 1712.2381591796875 1896.912841796875 193.24352517956396 0.0 0.0 0.0 0.0 0.0 0.0 0.0
3399 1715.5457763671875 1896.912841796875 191.62769805515018 0.0 0.0 0.0 0.0 0.0 0.0 0.0
3433 1722.1610107421875 1900.220458984375 188.07244886966964 0.0 0.0 0.0 0.0 0.0 0.0 0.0
3449 1728.776123046875 1903.528076171875 184.58926168762298 0.0 0.0 0.0 0.0 0.0 0.0 0.0
3466 1735.391357421875 1903.528076171875 181.27163289900432 0.0 0.0 0.0 0.0 0.0 0.0 0.0
3482 1742.006591796875 1903.528076171875 177.94974162558304 0.0 0.0 0.0 0.0 0.0 0.0 0.0
3499 1751.929443359375 1903.528076171875 172.98510952355326 0.0 0.0 0.0 0.0 0.0 0.0 0.0
3517 1765.159912109375 1903.528076171875 166.472767447847 0.0 0.0 0.0 0.0 0.0 0.0 0.0
3532 1778.3902587890625 1906.835693359375 160.64144958877063 0.0 0.0 0.0 0.0 0.0 0.0 0.0
3550 1798.2359619140625 1906.835693359375 151.70208894883928 0.0 0.0 0.0 0.0 0.0 0.0 0.0
3566 1811.46630859375 1906.835693359375 146.07800830948065 0.0 0.0 0.0 0.0 0.0 0.0 0.0
3582 1828.00439453125 1906.835693359375 139.5907858896822 0.0 0.0 0.0 0.0 0.0 0.0 0.0
3599 1844.54248046875 1906.835693359375 133.67668175962865 0.0 0.0 0.0 0.0 0.0 0.0 0.0
3616 1861.0804443359375 1903.528076171875 127.16552700340792 0.0 0.0 0.0 0.0 0.0 0.0 0.0
3632 1877.6185302734375 1896.912841796875 119.96700016271087 0.0 0.0 0.0 0.0 0.0 0.0 0.0
3649 1900.771728515625 1890.297607421875 112.20553074331742 0.0 0.0 0.0 0.0 0.0 0.0 0.0
3666 1910.694580078125 1883.6824951171875 107.43352790004403 0.0 0.0 0.0 0.0 0.0 0.0 0.0
3683 1923.925048828125 1880.3748779296875 104.03684506146652 0.0 0.0 0.0 0.0 0.0 0.0 0.0
3699 1937.1553955078125 1870.4520263671875 98.00171361309665 0.0 0.0 0.0 0.0 0.0 0.0 0.0
3716 1947.0782470703125 1863.8367919921875 94.18856116684437 0.0 0.0 0.0 0.0 0.0 0.0 0.0
3732 1960.3087158203125 1847.2987060546875 86.12453724867714 0.0 0.0 0.0 0.0 0.0 0.0 0.0
3749 1970.2315673828125 1827.453125 77.27052656337631 0.0 0.0 0.0 0.0 0.0 0.0 0.0
3766 1976.8466796875 1800.9923095703125 66.15706706183937 0.0 0.0 0.0 0.0 0.0 0.0 0.0
3783 1983.4619140625 1777.8389892578125 57.80540099250928 0.0 0.0 0.0 0.0 0.0 0.0 0.0
3798 1986.76953125 1761.3009033203125 52.08439488038686 0.0 0.0 0.0 0.0 0.0 0.0 0.0
3816 1990.0771484375 1734.840087890625 43.760890742582454 0.0 0.0 0.0 0.0 0.0 0.0 0.0
3832 1993.384765625 1714.9945068359375 38.585910339166034 0.0 0.0 0.0 0.0 0.0 0.0 0.0
3849 1993.384765625 1698.4564208984375 33.768647248526285 0.0 0.0 0.0 0.0 0.0 0.0 0.0
3866 1993.384765625 1671.99560546875 27.320507495120673 0.0 0.0 0.0 0.0 0.0 0.0 0.0
3882 1993.384765625 1645.53466796875 21.986148346911392 0.0 0.0 0.0 0.0 0.0 0.0 0.0
3899 1993.384765625 1625.6890869140625 18.54407802272766 0.0 0.0 0.0 0.0 0.0 0.0 0.0
3915 1986.76953125 1612.4586181640625 13.588232533693187 0.0 0.0 0.0 0.0 0.0 0.0 0.0
3932 1980.154296875 1599.2281494140625 9.083803290061113 0.0 0.0 0.0 0.0 0.0 0.0 0.0
3949 1973.5391845703125 1589.305419921875 5.190433046935482 0.0 0.0 0.0 0.0 0.0 0.0 0.0
3966 1966.9239501953125 1582.690185546875 1.680323556356143 0.0 0.0 0.0 0.0 0.0 0.0 0.0
3982 1963.6163330078125 1576.074951171875 359.92859219437236 0.0 0.0 0.0 0.0 0.0 0.0 0.0
3998 1953.6934814453125 1569.459716796875 355.13616558199607 0.0 0.0 0.0 0.0 0.0 0.0 0.0
4015 1943.7706298828125 1559.536865234375 350.844205109566 0.0 0.0 0.0 0.0 0.0 0.0 0.0
4032 1930.540283203125 1552.921630859375 345.129019447265 0.0 0.0 0.0 0.0 0.0 0.0 0.0
4049 1923.925048828125 1549.6141357421875 342.39176586070437 0.0 0.0 0.0 0.0 0.0 0.0 0.0
4065 1910.694580078125 1542.9989013671875 337.3728010976969 0.0 0.0 0.0 0.0 0.0 0.0 0.0
4082 1894.156494140625 1542.9989013671875 330.0443052222819 0.0 0.0 0.0 0.0 0.0 0.0 0.0
4100 1874.3109130859375 1542.9989013671875 321.9951668990032 0.0 0.0 0.0 0.0 0.0 0.0 0.0
4115 1854.4652099609375 1542.9989013671875 314.76050513164864 0.0 0.0 0.0 0.0 0.0 0.0 0.0
4131 1831.31201171875 1552.921630859375 303.8875418265095 0.0 0.0 0.0 0.0 0.0 0.0 0.0
4147 1808.1588134765625 1572.767333984375 290.1879751079556 0.0 0.0 0.0 0.0 0.0 0.0 0.0
4164 1785.0054931640625 1585.997802734375 281.1060827643803 0.0 0.0 0.0 0.0 0.0 0.0 0.0
4181 1768.4674072265625 1595.9205322265625 275.16428448749656 0.0 0.0 0.0 0.0 0.0 0.0 0.0
4198 1755.237060546875 1609.1510009765625 268.49143864647397 0.0 0.0 0.0 0.0 0.0 0.0 0.0
4214 1742.006591796875 1619.0738525390625 264.0208954518489 0.0 0.0 0.0 0.0 0.0 0.0 0.0
4232 1732.083740234375 1628.9967041015625 259.82890587276074 0.0 0.0 0.0 0.0 0.0 0.0 0.0
4247 1718.8533935546875 1642.22705078125 254.90689281443798 0.0 0.0 0.0 0.0 0.0 0.0 0.0
4265 1712.2381591796875 1652.14990234375 251.1293363380097 0.0 0.0 0.0 0.0 0.0 0.0 0.0
4281 1705.6229248046875 1665.38037109375 246.2218561522235 0.0 0.0 0.0 0.0 0.0 0.0 0.0
4298 1702.3153076171875 1675.30322265625 242.4628667839724 0.0 0.0 0.0 0.0 0.0 0.0 0.0
4313 1702.3153076171875 1688.5335693359375 236.79467633692184 0.0 0.0 0.0 0.0 0.0 0.0 0.0
4330 1702.3153076171875 1695.1488037109375 234.05053778988122 0.0 0.0 0.0 0.0 0.0 0.0 0.0
4347 1702.3153076171875 1705.0716552734375 230.13406897851314 0.0 0.0 0.0 0.0 0.0 0.0 0.0
4364 1702.3153076171875 1711.6868896484375 227.61703586577465 0.0 0.0 0.0 0.0 0.0 0.0 0.0
4380 1702.3153076171875 1718.302001953125 225.193951725317 0.0 0.0 0.0 0.0 0.0 0.0 0.0
4398 1705.6229248046875 1724.917236328125 221.70518203033077 0.0 0.0 0.0 0.0 0.0 0.0 0.0
4414 1712.2381591796875 1731.532470703125 217.03308616417598 0.0 0.0 0.0 0.0 0.0 0.0 0.0
4431 1725.4686279296875 1741.455322265625 208.75662765003938 0.0 0.0 0.0 0.0 0.0 0.0 0.0
4447 1742.006591796875 1751.378173828125 199.18313109241916 0.0 0.0 0.0 0.0 0.0 0.0 0.0
4463 1758.544677734375 1761.3009033203125 190.00800735432415 0.0 0.0 0.0 0.0 0.0 0.0 0.0
4480 1775.0826416015625 1771.2237548828125 181.420034201992 0.0 0.0 0.0 0.0 0.0 0.0 0.0
4497 1785.0054931640625 1777.8389892578125 176.5406664900271 0.0 0.0 0.0 0.0 0.0 0.0 0.0
4514 1801.5435791015625 1784.4542236328125 168.87638481602903 0.0 0.0 0.0 0.0 0.0 0.0 0.0
4531 1811.46630859375 1787.7618408203125 164.43664578249667 0.0 0.0 0.0 0.0 0.0 0.0 0.0
4547 1818.08154296875 1791.0694580078125 161.72866982366457 0.0 0.0 0.0 0.0 0.0 0.0 0.0
4563 1824.69677734375 1791.0694580078125 158.60205846077037 0.0 0.0 0.0 0.0 0.0 0.0 0.0
4580 1834.61962890625 1791.0694580078125 154.0577341537271 0.0 0.0 0.0 0.0 0.0 0.0 0.0
4597 1841.23486328125 1791.0694580078125 151.10439448057963 0.0 0.0 0.0 0.0 0.0 0.0 0.0
4613 1851.1575927734375 1791.0694580078125 146.85364595696467 0.0 0.0 0.0 0.0 0.0 0.0 0.0
4631 1857.7728271484375 1787.7618408203125 143.18083023331548 0.0 0.0 0.0 0.0 0.0 0.0 0.0
4647 1867.6956787109375 1781.1466064453125 137.23479811556774 0.0 0.0 0.0 0.0 0.0 0.0 0.0
4663 1874.3109130859375 1774.5313720703125 132.5346404418363 0.0 0.0 0.0 0.0 0.0 0.0 0.0
4680 1890.8489990234375 1764.6085205078125 123.6381704615277 0.0 0.0 0.0 0.0 0.0 0.0 0.0
4697 1900.771728515625 1751.378173828125 115.43053809409092 0.0 0.0 0.0 0.0 0.0 0.0 0.0
4713 1917.309814453125 1738.147705078125 106.49812036099239 0.0 0.0 0.0 0.0 0.0 0.0 0.0
4730 1930.540283203125 1718.302001953125 95.70500301918584 0.0 0.0 0.0 0.0 0.0 0.0 0.0
4747 1947.0782470703125 1698.4564208984375 86.04003758809496 0.0 0.0 0.0 0.0 0.0 0.0 0.0
4763 1960.3087158203125 1671.99560546875 74.63566927431887 0.0 0.0 0.0 0.0 0.0 0.0 0.0
4779 1980.154296875 1645.53466796875 66.08497787829386 0.0 0.0 0.0 0.0 0.0 0.0 0.0
4796 1990.0771484375 1615.7662353515625 56.06183455788359 0.0 0.0 0.0 0.0 0.0 0.0 0.0
4813 1996.6923828125 1585.997802734375 46.99977091180002 0.0 0.0 0.0 0.0 0.0 0.0 0.0
4830 2006.615234375 1559.536865234375 41.53244544035947 0.0 0.0 0.0 0.0 0.0 0.0 0.0
4847 2013.23046875 1533.0760498046875 36.03143567642151 0.0 0.0 0.0 0.0 0.0 0.0 0.0
4863 2016.5380859375 1506.615234375 30.383323635753705 0.0 0.0 0.0 0.0 0.0 0.0 0.0
4879 2019.8455810546875 1480.154296875 25.740233063695328 0.0 0.0 0.0 0.0 0.0 0.0 0.0
4896 2019.8455810546875 1463.6163330078125 22.35963791147981 0.0 0.0 0.0 0.0 0.0 0.0 0.0
4913 2019.8455810546875 1440.4630126953125 18.375253155432304 0.0 0.0 0.0 0.0 0.0 0.0 0.0
4929 2009.9228515625 1423.925048828125 11.607450760551927 0.0 0.0 0.0 0.0 0.0 0.0 0.0
4945 2000.0 1410.694580078125 5.797562792312462 0.0 0.0 0.0 0.0 0.0 0.0 0.0
4962 1986.76953125 1397.464111328125 359.05897395772445 0.0 0.0 0.0 0.0 0.0 0.0 0.0
4979 1976.8466796875 1390.848876953125 354.3185037281785 0.0 0.0 0.0 0.0 0.0 0.0 0.0
4995 1963.6163330078125 1380.9261474609375 348.60639638342786 0.0 0.0 0.0 0.0 0.0 0.0 0.0
5013 1953.6934814453125 1377.6185302734375 344.1792420738775 0.0 0.0 0.0 0.0 0.0 0.0 0.0
5029 1947.0782470703125 1374.3109130859375 341.48222624229504 0.0 0.0 0.0 0.0 0.0 0.0 0.0
5046 1937.1553955078125 1371.0032958984375 337.4197021738977 0.0 0.0 0.0 0.0 0.0 0.0 0.0
5062 1927.232666015625 1367.6956787109375 333.58923361467555 0.0 0.0 0.0 0.0 0.0 0.0 0.0
5079 1914.002197265625 1367.6956787109375 327.85726507088714 0.0 0.0 0.0 0.0 0.0 0.0 0.0
5095 1897.464111328125 1367.6956787109375 321.22366774941094 0.0 0.0 0.0 0.0 0.0 0.0 0.0
5112 1874.3109130859375 1367.6956787109375 313.02426769924125 0.0 0.0 0.0 0.0 0.0 0.0 0.0
5128 1844.54248046875 1374.3109130859375 301.92450355332244 0.0 0.0 0.0 0.0 0.0 0.0 0.0
5145 1828.00439453125 1384.2337646484375 293.8301124309947 0.0 0.0 0.0 0.0 0.0 0.0 0.0
5161 1808.1588134765625 1390.848876953125 287.4227537771004 0.0 0.0 0.0 0.0 0.0 0.0 0.0
5178 1798.2359619140625 1394.156494140625 284.4449925463914 0.0 0.0 0.0 0.0 0.0 0.0 0.0
5195 1791.6207275390625 1400.771728515625 280.4970237107938 0.0 0.0 0.0 0.0 0.0 0.0 0.0
5213 1781.6978759765625 1407.386962890625 276.5003504053619 0.0 0.0 0.0 0.0 0.0 0.0 0.0
5228 1771.7750244140625 1423.925048828125 268.18444250031155 0.0 0.0 0.0 0.0 0.0 0.0 0.0
5246 1758.544677734375 1443.7706298828125 259.34924574839573 0.0 0.0 0.0 0.0 0.0 0.0 0.0
5261 1745.314208984375 1466.9239501953125 250.3162318111946 0.0 0.0 0.0 0.0 0.0 0.0 0.0
5278 1738.698974609375 1480.154296875 245.48147970590526 0.0 0.0 0.0 0.0 0.0 0.0 0.0
5295 1728.776123046875 1493.384765625 241.7677839603939 0.0 0.0 0.0 0.0 0.0 0.0 0.0
5312 1722.1610107421875 1506.615234375 237.7390586478714 0.0 0.0 0.0 0.0 0.0 0.0 0.0
5328 1722.1610107421875 1513.2303466796875 234.96539978802815 0.0 0.0 0.0 0.0 0.0 0.0 0.0
5345 1722.1610107421875 1519.8455810546875 232.28043821252538 0.0 0.0 0.0 0.0 0.0 0.0 0.0
5361 1722.1610107421875 1526.4608154296875 229.68674388969976 0.0 0.0 0.0 0.0 0.0 0.0 0.0
5379 1722.1610107421875 1536.3836669921875 226.0028407189589 0.0 0.0 0.0 0.0 0.0 0.0 0.0
5395 1722.1610107421875 1542.9989013671875 223.64215686541394 0.0 0.0 0.0 0.0 0.0 0.0 0.0
5412 1722.1610107421875 1549.6141357421875 221.3757148655065 0.0 0.0 0.0 0.0 0.0 0.0 0.0
5428 1722.1610107421875 1559.536865234375 218.18336386055933 0.0 0.0 0.0 0.0 0.0 0.0 0.0
5445 1722.1610107421875 1566.152099609375 216.1476492373232 0.0 0.0 0.0 0.0 0.0 0.0 0.0
5461 1722.1610107421875 1572.767333984375 214.2022079887882 0.0 0.0 0.0 0.0 0.0 0.0 0.0
5494 1722.1610107421875 1579.382568359375 212.34502705452792 0.0 0.0 0.0 0.0 0.0 0.0 0.0
5511 1722.1610107421875 1585.997802734375 210.57385407301 0.0 0.0 0.0 0.0 0.0 0.0 0.0
5527 1725.4686279296875 1592.613037109375 207.50480390515378 0.0 0.0 0.0 0.0 0.0 0.0 0.0
5545 1725.4686279296875 1595.9205322265625 206.71586960210936 0.0 0.0 0.0 0.0 0.0 0.0 0.0
5561 1728.776123046875 1602.5357666015625 203.78897386472124 0.0 0.0 0.0 0.0 0.0 0.0 0.0
5578 1735.391357421875 1605.8433837890625 200.08752364393467 0.0 0.0 0.0 0.0 0.0 0.0 0.0
5594 1742.006591796875 1609.1510009765625 196.41372126083093 0.0 0.0 0.0 0.0 0.0 0.0 0.0
5611 1745.314208984375 1612.4586181640625 194.3595687101008 0.0 0.0 0.0 0.0 0.0 0.0 0.0
5628 1748.621826171875 1615.7662353515625 192.34665928670802 0.0 0.0 0.0 0.0 0.0 0.0 0.0
5644 1755.237060546875 1619.0738525390625 188.77842827096788 0.0 0.0 0.0 0.0 0.0 0.0 0.0
5661 1765.159912109375 1622.3814697265625 183.6589863682624 0.0 0.0 0.0 0.0 0.0 0.0 0.0
5677 1775.0826416015625 1625.6890869140625 178.663237166214 0.0 0.0 0.0 0.0 0.0 0.0 0.0
5693 1785.0054931640625 1628.9967041015625 173.82351733561148 0.0 0.0 0.0 0.0 0.0 0.0 0.0
5710 1794.9283447265625 1635.61181640625 169.41437659454857 0.0 0.0 0.0 0.0 0.0 0.0 0.0
5727 1798.2359619140625 1635.61181640625 167.78220419825863 0.0 0.0 0.0 0.0 0.0 0.0 0.0
5743 1801.5435791015625 1635.61181640625 166.15929148370367 0.0 0.0 0.0 0.0 0.0 0.0 0.0
5761 1804.8511962890625 1635.61181640625 164.54688172766532 0.0 0.0 0.0 0.0 0.0 0.0 0.0
5793 1804.8511962890625 1635.61181640625 164.54689165901624 0.0 0.0 0.0 0.0 0.0 0.0 0.0
5810 1808.1588134765625 1635.61181640625 162.94618142848657 0.0 0.0 0.0 0.0 0.0 0.0 0.0
5827 1814.77392578125 1635.61181640625 159.7968932403005 0.0 0.0 0.0 0.0 0.0 0.0 0.0
5843 1818.08154296875 1635.61181640625 158.23774939157238 0.0 0.0 0.0 0.0 0.0 0.0 0.0
5860 1824.69677734375 1635.61181640625 155.18366954335806 0.0 0.0 0.0 0.0 0.0 0.0 0.0
5877 1831.31201171875 1632.3043212890625 151.46911961758508 0.0 0.0 0.0 0.0 0.0 0.0 0.0