0 2000.0 1500.0 0 0.0 0.0 0.0 0.0 0.0 0.0 0.0
327 2000.0 1497.4979248046875 -2.0733929969591713 0.0 0.0 0.0 0.0 0.0 0.0 0.0
344 2000.0 1492.49365234375 -6.424082102844693 0.0 0.0 0.0 0.0 0.0 0.0 0.0
359 2005.004150390625 1484.9874267578125 -15.254177762326805 0.0 0.0 0.0 0.0 0.0 0.0 0.0
377 2012.510498046875 1472.47705078125 -28.747060674811337 0.0 0.0 0.0 0.0 0.0 0.0 0.0
393 2020.0166015625 1464.970703125 -36.25603385423973 0.0 0.0 0.0 0.0 0.0 0.0 0.0
409 2027.52294921875 1454.96240234375 -45.01612446299083 0.0 0.0 0.0 0.0 0.0 0.0 0.0
426 2040.033447265625 1444.9541015625 -51.3887108052962 0.0 0.0 0.0 0.0 0.0 0.0 0.0
444 2055.0458984375 1434.9456787109375 -55.76967500895522 0.0 0.0 0.0 0.0 0.0 0.0 0.0
460 2067.556396484375 1429.9415283203125 -56.17909618227647 0.0 0.0 0.0 0.0 0.0 0.0 0.0
476 2080.066650390625 1422.435302734375 -58.385628529059375 0.0 0.0 0.0 0.0 0.0 0.0 0.0
494 2097.581298828125 1414.9290771484375 -58.61827918439644 0.0 0.0 0.0 0.0 0.0 0.0 0.0
510 2112.59375 1409.9249267578125 -57.739164776823586 0.0 0.0 0.0 0.0 0.0 0.0 0.0
527 2130.1083984375 1404.9207763671875 -56.3712918328595 0.0 0.0 0.0 0.0 0.0 0.0 0.0
544 2142.618896484375 1399.91650390625 -56.66628846469442 0.0 0.0 0.0 0.0 0.0 0.0 0.0
560 2155.12939453125 1397.4144287109375 -54.98801007375178 0.0 0.0 0.0 0.0 0.0 0.0 0.0
578 2167.6396484375 1394.912353515625 -53.613644431003166 0.0 0.0 0.0 0.0 0.0 0.0 0.0
594 2177.648193359375 1389.908203125 -55.09200746806637 0.0 0.0 0.0 0.0 0.0 0.0 0.0
611 2190.158447265625 1387.4061279296875 -53.69878125281248 0.0 0.0 0.0 0.0 0.0 0.0 0.0
626 2202.6689453125 1387.4061279296875 -50.57469232480133 0.0 0.0 0.0 0.0 0.0 0.0 0.0
643 2212.67724609375 1384.904052734375 -50.51080245943895 0.0 0.0 0.0 0.0 0.0 0.0 0.0
660 2220.18359375 1382.4019775390625 -51.00108597728584 0.0 0.0 0.0 0.0 0.0 0.0 0.0
676 2227.689697265625 1382.4019775390625 -49.29064425545694 0.0 0.0 0.0 0.0 0.0 0.0 0.0
693 2232.69384765625 1382.4019775390625 -48.23999774507307 0.0 0.0 0.0 0.0 0.0 0.0 0.0
709 2237.6982421875 1382.4019775390625 -47.27206890330244 0.0 0.0 0.0 0.0 0.0 0.0 0.0
727 2245.204345703125 1379.89990234375 -48.15405745479262 0.0 0.0 0.0 0.0 0.0 0.0 0.0
744 2247.70654296875 1379.89990234375 -47.65384465573965 0.0 0.0 0.0 0.0 0.0 0.0 0.0
777 2252.710693359375 1379.89990234375 -46.73230971860865 0.0 0.0 0.0 0.0 0.0 0.0 0.0
977 2255.212646484375 1379.89990234375 -46.290505628629816 0.0 0.0 0.0 0.0 0.0 0.0 0.0
995 2260.216796875 1379.89990234375 -45.476945671114834 0.0 0.0 0.0 0.0 0.0 0.0 0.0
1010 2267.72314453125 1382.4019775390625 -42.193268557341725 0.0 0.0 0.0 0.0 0.0 0.0 0.0
1027 2280.233642578125 1384.904052734375 -39.05299254852535 0.0 0.0 0.0 0.0 0.0 0.0 0.0
1044 2290.241943359375 1389.908203125 -34.354762602540106 0.0 0.0 0.0 0.0 0.0 0.0 0.0
1060 2297.748046875 1394.912353515625 -30.154512751767527 0.0 0.0 0.0 0.0 0.0 0.0 0.0
1077 2307.756591796875 1399.91650390625 -26.830079753586276 0.0 0.0 0.0 0.0 0.0 0.0 0.0
1094 2310.258544921875 1404.9207763671875 -22.54912781787536 0.0 0.0 0.0 0.0 0.0 0.0 0.0
1111 2317.764892578125 1412.427001953125 -17.780917684956194 0.0 0.0 0.0 0.0 0.0 0.0 0.0
1127 2320.266845703125 1417.43115234375 -14.079185463188963 0.0 0.0 0.0 0.0 0.0 0.0 0.0
1148 2322.76904296875 1422.435302734375 -10.636767020900237 0.0 0.0 0.0 0.0 0.0 0.0 0.0
1169 2325.27099609375 1427.439453125 -7.445471124941562 0.0 0.0 0.0 0.0 0.0 0.0 0.0
1178 2330.275390625 1437.4478759765625 -1.9650949156213358 0.0 0.0 0.0 0.0 0.0 0.0 0.0
1195 2330.275390625 1439.949951171875 0.05475461063613807 0.0 0.0 0.0 0.0 0.0 0.0 0.0
1211 2330.275390625 1444.9541015625 3.889961016426014 0.0 0.0 0.0 0.0 0.0 0.0 0.0
1231 2332.77734375 1449.958251953125 5.930289950497411 0.0 0.0 0.0 0.0 0.0 0.0 0.0
1245 2332.77734375 1452.4603271484375 7.734576463951498 0.0 0.0 0.0 0.0 0.0 0.0 0.0
1262 2332.77734375 1454.96240234375 9.485014772646934 0.0 0.0 0.0 0.0 0.0 0.0 0.0
1295 2332.77734375 1457.4644775390625 11.181928947426911 0.0 0.0 0.0 0.0 0.0 0.0 0.0
1334 2332.77734375 1462.4686279296875 14.367183638772161 0.0 0.0 0.0 0.0 0.0 0.0 0.0
1346 2330.275390625 1462.4686279296875 16.351424157182578 0.0 0.0 0.0 0.0 0.0 0.0 0.0
1361 2327.773193359375 1467.472900390625 21.16641920457124 0.0 0.0 0.0 0.0 0.0 0.0 0.0
1394 2325.27099609375 1469.9749755859375 24.574611675551296 0.0 0.0 0.0 0.0 0.0 0.0 0.0
1395 2322.76904296875 1469.9749755859375 26.80268948212654 0.0 0.0 0.0 0.0 0.0 0.0 0.0
1413 2320.266845703125 1469.9749755859375 29.074382967238478 0.0 0.0 0.0 0.0 0.0 0.0 0.0
1446 2317.764892578125 1469.9749755859375 31.386238033121487 0.0 0.0 0.0 0.0 0.0 0.0 0.0
1466 2317.764892578125 1469.9749755859375 31.386274313625563 0.0 0.0 0.0 0.0 0.0 0.0 0.0
1487 2315.2626953125 1469.9749755859375 33.735772641023175 0.0 0.0 0.0 0.0 0.0 0.0 0.0
1511 2300.250244140625 1469.9749755859375 48.86395863416129 0.0 0.0 0.0 0.0 0.0 0.0 0.0
1528 2295.24609375 1469.9749755859375 53.874002826396634 0.0 0.0 0.0 0.0 0.0 0.0 0.0
1545 2292.743896484375 1469.9749755859375 56.374345925589154 0.0 0.0 0.0 0.0 0.0 0.0 0.0
1561 2290.241943359375 1469.9749755859375 58.86724020329467 0.0 0.0 0.0 0.0 0.0 0.0 0.0
1595 2287.73974609375 1469.9749755859375 61.3487149654992 0.0 0.0 0.0 0.0 0.0 0.0 0.0
1612 2285.23779296875 1469.9749755859375 63.8135114880246 0.0 0.0 0.0 0.0 0.0 0.0 0.0
1628 2282.735595703125 1469.9749755859375 66.258115016604 0.0 0.0 0.0 0.0 0.0 0.0 0.0
1644 2280.233642578125 1469.9749755859375 68.67754010898753 0.0 0.0 0.0 0.0 0.0 0.0 0.0
1661 2277.7314453125 1467.472900390625 71.83027328210244 0.0 0.0 0.0 0.0 0.0 0.0 0.0
1678 2275.2294921875 1462.4686279296875 76.03815578328027 0.0 0.0 0.0 0.0 0.0 0.0 0.0
1695 2272.727294921875 1459.966552734375 79.37522360547456 0.0 0.0 0.0 0.0 0.0 0.0 0.0
1712 2270.225341796875 1457.4644775390625 82.77629070840612 0.0 0.0 0.0 0.0 0.0 0.0 0.0
1744 2270.225341796875 1452.4603271484375 85.3925147123889 0.0 0.0 0.0 0.0 0.0 0.0 0.0
1745 2270.225341796875 1447.4561767578125 88.21576016664534 0.0 0.0 0.0 0.0 0.0 0.0 0.0
1763 2270.225341796875 1442.4520263671875 91.25435347231041 0.0 0.0 0.0 0.0 0.0 0.0 0.0
1779 2270.225341796875 1437.4478759765625 94.51455237786396 0.0 0.0 0.0 0.0 0.0 0.0 0.0
1795 2270.225341796875 1434.9456787109375 96.19921008645446 0.0 0.0 0.0 0.0 0.0 0.0 0.0
1815 2270.225341796875 1429.9415283203125 99.79558817638696 0.0 0.0 0.0 0.0 0.0 0.0 0.0
1835 2270.225341796875 1424.9373779296875 103.61640874777589 0.0 0.0 0.0 0.0 0.0 0.0 0.0
1862 2270.225341796875 1422.435302734375 105.58007472575287 0.0 0.0 0.0 0.0 0.0 0.0 0.0
1863 2270.225341796875 1414.9290771484375 111.9639844477324 0.0 0.0 0.0 0.0 0.0 0.0 0.0
1879 2275.2294921875 1402.4185791015625 121.70625485273308 0.0 0.0 0.0 0.0 0.0 0.0 0.0
1896 2280.233642578125 1394.912353515625 127.50649118812484 0.0 0.0 0.0 0.0 0.0 0.0 0.0
1913 2285.23779296875 1387.4061279296875 134.06307980990897 0.0 0.0 0.0 0.0 0.0 0.0 0.0
1929 2290.241943359375 1379.89990234375 141.3608858738964 0.0 0.0 0.0 0.0 0.0 0.0 0.0
1947 2295.24609375 1374.895751953125 146.60388342307277 0.0 0.0 0.0 0.0 0.0 0.0 0.0
1965 2300.250244140625 1369.8914794921875 152.29519388270188 0.0 0.0 0.0 0.0 0.0 0.0 0.0
1986 2305.25439453125 1362.38525390625 160.9727727322923 0.0 0.0 0.0 0.0 0.0 0.0 0.0
2013 2312.7607421875 1352.376953125 173.48027485529173 0.0 0.0 0.0 0.0 0.0 0.0 0.0
2030 2317.764892578125 1347.372802734375 180.49841473775615 0.0 0.0 0.0 0.0 0.0 0.0 0.0
2045 2322.76904296875 1344.8707275390625 185.70659431931688 0.0 0.0 0.0 0.0 0.0 0.0 0.0
2063 2332.77734375 1339.866455078125 196.77489038656324 0.0 0.0 0.0 0.0 0.0 0.0 0.0
2079 2342.78564453125 1334.8623046875 208.03453830093406 0.0 0.0 0.0 0.0 0.0 0.0 0.0
2096 2347.789794921875 1329.858154296875 214.43184199905193 0.0 0.0 0.0 0.0 0.0 0.0 0.0
2113 2360.30029296875 1324.85400390625 227.53116961945096 0.0 0.0 0.0 0.0 0.0 0.0 0.0
2132 2372.810791015625 1319.849853515625 -120.42910853719988 0.0 0.0 0.0 0.0 0.0 0.0 0.0
2154 2387.8232421875 1314.845703125 -107.66843232413737 0.0 0.0 0.0 0.0 0.0 0.0 0.0
2179 2402.835693359375 1309.8414306640625 -96.93960122064762 0.0 0.0 0.0 0.0 0.0 0.0 0.0
2180 2415.34619140625 1304.8372802734375 -89.80490329533893 0.0 0.0 0.0 0.0 0.0 0.0 0.0
2224 2445.37109375 1299.8331298828125 -74.78417618171702 0.0 0.0 0.0 0.0 0.0 0.0 0.0
2241 2460.3837890625 1299.8331298828125 -67.04606421272014 0.0 0.0 0.0 0.0 0.0 0.0 0.0
2257 2472.89404296875 1299.8331298828125 -61.647391632216426 0.0 0.0 0.0 0.0 0.0 0.0 0.0
2272 2490.40869140625 1299.8331298828125 -55.75275892526355 0.0 0.0 0.0 0.0 0.0 0.0 0.0
2280 2505.421142578125 1299.8331298828125 -51.71405111656097 0.0 0.0 0.0 0.0 0.0 0.0 0.0
2297 2520.433837890625 1299.8331298828125 -48.495137466940264 0.0 0.0 0.0 0.0 0.0 0.0 0.0
2313 2532.944091796875 1299.8331298828125 -46.28654970790245 0.0 0.0 0.0 0.0 0.0 0.0 0.0
2330 2550.458740234375 1299.8331298828125 -43.91152635994155 0.0 0.0 0.0 0.0 0.0 0.0 0.0
2346 2562.96923828125 1299.8331298828125 -42.51740199692081 0.0 0.0 0.0 0.0 0.0 0.0 0.0
2363 2577.981689453125 1299.8331298828125 -41.1904637252602 0.0 0.0 0.0 0.0 0.0 0.0 0.0
2380 2595.496337890625 1299.8331298828125 -40.00395304906512 0.0 0.0 0.0 0.0 0.0 0.0 0.0
2396 2613.010986328125 1299.8331298828125 -39.09487063998144 0.0 0.0 0.0 0.0 0.0 0.0 0.0
2413 2628.0234375 1299.8331298828125 -38.477278831329116 0.0 0.0 0.0 0.0 0.0 0.0 0.0
2430 2648.0400390625 1299.8331298828125 -37.86694280096518 0.0 0.0 0.0 0.0 0.0 0.0 0.0
2447 2663.052490234375 1299.8331298828125 -37.504222537038316 0.0 0.0 0.0 0.0 0.0 0.0 0.0
2464 2675.56298828125 1299.8331298828125 -37.25608449753503 0.0 0.0 0.0 0.0 0.0 0.0 0.0
2481 2690.575439453125 1302.335205078125 -35.03756081228698 0.0 0.0 0.0 0.0 0.0 0.0 0.0
2496 2703.0859375 1304.8372802734375 -33.18015072047022 0.0 0.0 0.0 0.0 0.0 0.0 0.0
2513 2718.098388671875 1309.8414306640625 -29.845112876094305 0.0 0.0 0.0 0.0 0.0 0.0 0.0
2530 2728.106689453125 1312.3436279296875 -28.662970796541757 0.0 0.0 0.0 0.0 0.0 0.0 0.0
2547 2740.6171875 1317.3477783203125 -25.94640609341691 0.0 0.0 0.0 0.0 0.0 0.0 0.0
2563 2750.62548828125 1322.3519287109375 -23.28904354760499 0.0 0.0 0.0 0.0 0.0 0.0 0.0
2581 2760.6337890625 1327.3560791015625 -21.05739565172746 0.0 0.0 0.0 0.0 0.0 0.0 0.0
2597 2773.144287109375 1337.3643798828125 -15.966061759883985 0.0 0.0 0.0 0.0 0.0 0.0 0.0
2614 2783.152587890625 1344.8707275390625 -12.992827596751212 0.0 0.0 0.0 0.0 0.0 0.0 0.0
2630 2793.160888671875 1359.8831787109375 -5.2261092654918 0.0 0.0 0.0 0.0 0.0 0.0 0.0
2647 2800.667236328125 1372.3935546875 0.3750557235539276 0.0 0.0 0.0 0.0 0.0 0.0 0.0
2665 2805.67138671875 1384.904052734375 6.254372207660879 0.0 0.0 0.0 0.0 0.0 0.0 0.0
2682 2810.675537109375 1399.91650390625 12.448151683113139 0.0 0.0 0.0 0.0 0.0 0.0 0.0
2697 2815.6796875 1419.9332275390625 19.604078041465186 0.0 0.0 0.0 0.0 0.0 0.0 0.0
2714 2815.6796875 1432.443603515625 25.550740465430692 0.0 0.0 0.0 0.0 0.0 0.0 0.0
2732 2815.6796875 1439.949951171875 28.74088617400099 0.0 0.0 0.0 0.0 0.0 0.0 0.0
2748 2815.6796875 1449.958251953125 32.40674193992072 0.0 0.0 0.0 0.0 0.0 0.0 0.0
2764 2815.6796875 1454.96240234375 34.10016421953125 0.0 0.0 0.0 0.0 0.0 0.0 0.0
2781 2815.6796875 1457.4644775390625 34.91344362608601 0.0 0.0 0.0 0.0 0.0 0.0 0.0
2797 2815.6796875 1464.970703125 37.08284331340377 0.0 0.0 0.0 0.0 0.0 0.0 0.0
2814 2810.675537109375 1467.472900390625 42.49009234976472 0.0 0.0 0.0 0.0 0.0 0.0 0.0
2835 2805.67138671875 1472.47705078125 47.98933918506009 0.0 0.0 0.0 0.0 0.0 0.0 0.0
2847 2803.16943359375 1472.47705078125 50.48741575847353 0.0 0.0 0.0 0.0 0.0 0.0 0.0
2865 2800.667236328125 1474.9791259765625 53.027157963755 0.0 0.0 0.0 0.0 0.0 0.0 0.0
2898 2798.165283203125 1474.9791259765625 55.528584618176296 0.0 0.0 0.0 0.0 0.0 0.0 0.0
2932 2795.6630859375 1474.9791259765625 58.024735922777666 0.0 0.0 0.0 0.0 0.0 0.0 0.0
2965 2795.6630859375 1474.9791259765625 58.02484771812607 0.0 0.0 0.0 0.0 0.0 0.0 0.0
2982 2793.160888671875 1474.9791259765625 60.51079192922438 0.0 0.0 0.0 0.0 0.0 0.0 0.0
2997 2788.15673828125 1469.9749755859375 66.49735264142868 0.0 0.0 0.0 0.0 0.0 0.0 0.0
3015 2780.650634765625 1464.970703125 75.34830270030741 0.0 0.0 0.0 0.0 0.0 0.0 0.0
3032 2775.646484375 1462.4686279296875 80.95114763351651 0.0 0.0 0.0 0.0 0.0 0.0 0.0
3049 2768.14013671875 1459.966552734375 88.56872653170208 0.0 0.0 0.0 0.0 0.0 0.0 0.0
3067 2763.135986328125 1457.4644775390625 94.01501238242457 0.0 0.0 0.0 0.0 0.0 0.0 0.0
3094 2760.6337890625 1454.96240234375 97.55438284130724 0.0 0.0 0.0 0.0 0.0 0.0 0.0
3109 2758.1318359375 1452.4603271484375 101.09205962468164 0.0 0.0 0.0 0.0 0.0 0.0 0.0
3115 2758.1318359375 1447.4561767578125 104.98954684626602 0.0 0.0 0.0 0.0 0.0 0.0 0.0
3131 2758.1318359375 1442.4520263671875 109.10284658807399 0.0 0.0 0.0 0.0 0.0 0.0 0.0
3149 2758.1318359375 1437.4478759765625 113.41980868617918 0.0 0.0 0.0 0.0 0.0 0.0 0.0
3165 2758.1318359375 1429.9415283203125 120.31598773906092 0.0 0.0 0.0 0.0 0.0 0.0 0.0
3182 2758.1318359375 1419.9332275390625 130.08142460963825 0.0 0.0 0.0 0.0 0.0 0.0 0.0
3199 2758.1318359375 1414.9290771484375 135.03153191360718 0.0 0.0 0.0 0.0 0.0 0.0 0.0
3216 2758.1318359375 1407.4228515625 142.55640984204467 0.0 0.0 0.0 0.0 0.0 0.0 0.0
3232 2758.1318359375 1397.4144287109375 152.5004734438952 0.0 0.0 0.0 0.0 0.0 0.0 0.0
3249 2765.63818359375 1389.908203125 162.0123995518486 0.0 0.0 0.0 0.0 0.0 0.0 0.0
3269 2773.144287109375 1382.4019775390625 172.2358281745419 0.0 0.0 0.0 0.0 0.0 0.0 0.0
3292 2780.650634765625 1372.3935546875 184.8141975257056 0.0 0.0 0.0 0.0 0.0 0.0 0.0
3315 2795.6630859375 1354.8790283203125 206.6954981724536 0.0 0.0 0.0 0.0 0.0 0.0 0.0
3334 2808.173583984375 1347.372802734375 220.72421636891647 0.0 0.0 0.0 0.0 0.0 0.0 0.0
3357 2815.6796875 1339.866455078125 228.88227436155637 0.0 0.0 0.0 0.0 0.0 0.0 0.0
3382 2838.198486328125 1329.858154296875 -111.47966688562624 0.0 0.0 0.0 0.0 0.0 0.0 0.0
3403 2850.708984375 1322.3519287109375 -102.90907130032434 0.0 0.0 0.0 0.0 0.0 0.0 0.0
3425 2858.21533203125 1319.849853515625 -97.50991602969752 0.0 0.0 0.0 0.0 0.0 0.0 0.0
3449 2883.236083984375 1314.845703125 -82.63473381843062 0.0 0.0 0.0 0.0 0.0 0.0 0.0
3468 2895.74658203125 1314.845703125 -74.79353766139252 0.0 0.0 0.0 0.0 0.0 0.0 0.0
3490 2910.759033203125 1314.845703125 -67.05372615176945 0.0 0.0 0.0 0.0 0.0 0.0 0.0
3516 2938.281982421875 1314.845703125 -57.13506688631648 0.0 0.0 0.0 0.0 0.0 0.0 0.0
3537 2945.7880859375 1314.845703125 -54.73816647337729 0.0 0.0 0.0 0.0 0.0 0.0 0.0
3558 2958.298583984375 1314.845703125 -51.43273940350085 0.0 0.0 0.0 0.0 0.0 0.0 0.0
3598 2988.32373046875 1317.3477783203125 -44.54332746385644 0.0 0.0 0.0 0.0 0.0 0.0 0.0
3600 3003.336181640625 1319.849853515625 -40.81780117763458 0.0 0.0 0.0 0.0 0.0 0.0 0.0
3616 3015.8466796875 1324.85400390625 -35.86391172233999 0.0 0.0 0.0 0.0 0.0 0.0 0.0
3633 3030.859130859375 1332.3602294921875 -29.993133874023073 0.0 0.0 0.0 0.0 0.0 0.0 0.0
3661 3048.373779296875 1337.3643798828125 -27.629234704022153 0.0 0.0 0.0 0.0 0.0 0.0 0.0
3681 3060.884033203125 1342.3685302734375 -25.106597141768688 0.0 0.0 0.0 0.0 0.0 0.0 0.0
3682 3075.896728515625 1349.8748779296875 -21.601593508068902 0.0 0.0 0.0 0.0 0.0 0.0 0.0
3699 3085.905029296875 1354.8790283203125 -19.641618230271618 0.0 0.0 0.0 0.0 0.0 0.0 0.0
3716 3093.4111328125 1359.8831787109375 -17.322534145623166 0.0 0.0 0.0 0.0 0.0 0.0 0.0
3733 3105.921630859375 1367.389404296875 -14.862252373764392 0.0 0.0 0.0 0.0 0.0 0.0 0.0
3749 3115.929931640625 1374.895751953125 -12.082730544050762 0.0 0.0 0.0 0.0 0.0 0.0 0.0
3766 3123.436279296875 1382.4019775390625 -8.848853074260788 0.0 0.0 0.0 0.0 0.0 0.0 0.0
3783 3135.94677734375 1394.912353515625 -4.693364839189172 0.0 0.0 0.0 0.0 0.0 0.0 0.0
3800 3143.452880859375 1402.4185791015625 -2.58328374633291 0.0 0.0 0.0 0.0 0.0 0.0 0.0
3817 3155.96337890625 1419.9332275390625 3.08839838181882 0.0 0.0 0.0 0.0 0.0 0.0 0.0
3833 3165.9716796875 1429.9415283203125 4.234698901232434 0.0 0.0 0.0 0.0 0.0 0.0 0.0
3850 3175.97998046875 1439.949951171875 5.154505352099932 0.0 0.0 0.0 0.0 0.0 0.0 0.0
3867 3183.486328125 1447.4561767578125 5.736630347897034 0.0 0.0 0.0 0.0 0.0 0.0 0.0
3882 3185.98828125 1449.958251953125 5.9194800824069205 0.0 0.0 0.0 0.0 0.0 0.0 0.0
3900 3190.992431640625 1457.4644775390625 7.848009791264758 0.0 0.0 0.0 0.0 0.0 0.0 0.0
3916 3193.49462890625 1462.4686279296875 9.554708118261317 0.0 0.0 0.0 0.0 0.0 0.0 0.0
3933 3195.996826171875 1464.970703125 9.515484157137791 0.0 0.0 0.0 0.0 0.0 0.0 0.0
3951 3195.996826171875 1467.472900390625 11.211446156205028 0.0 0.0 0.0 0.0 0.0 0.0 0.0
3967 3198.498779296875 1472.47705078125 12.629966256999296 0.0 0.0 0.0 0.0 0.0 0.0 0.0
3983 3201.0009765625 1477.481201171875 13.92552787255579 0.0 0.0 0.0 0.0 0.0 0.0 0.0
4000 3203.5029296875 1484.9874267578125 16.495625137289352 0.0 0.0 0.0 0.0 0.0 0.0 0.0
4016 3206.005126953125 1492.49365234375 18.76683073533229 0.0 0.0 0.0 0.0 0.0 0.0 0.0
4034 3206.005126953125 1500.0 22.660101455821177 0.0 0.0 0.0 0.0 0.0 0.0 0.0
4050 3206.005126953125 1507.5062255859375 26.15411228162975 0.0 0.0 0.0 0.0 0.0 0.0 0.0
4084 3206.005126953125 1515.012451171875 29.280074862584883 0.0 0.0 0.0 0.0 0.0 0.0 0.0
4118 3203.5029296875 1520.0166015625 33.37939613150883 0.0 0.0 0.0 0.0 0.0 0.0 0.0
4134 3201.0009765625 1520.0166015625 35.75752628075179 0.0 0.0 0.0 0.0 0.0 0.0 0.0
4151 3198.498779296875 1520.0166015625 38.16671517780071 0.0 0.0 0.0 0.0 0.0 0.0 0.0
4167 3193.49462890625 1520.0166015625 43.08777998771842 0.0 0.0 0.0 0.0 0.0 0.0 0.0
4184 3188.490478515625 1520.0166015625 48.07187037937706 0.0 0.0 0.0 0.0 0.0 0.0 0.0
4201 3180.984130859375 1517.5145263671875 55.67416723492869 0.0 0.0 0.0 0.0 0.0 0.0 0.0
4217 3175.97998046875 1512.5103759765625 61.29016293970142 0.0 0.0 0.0 0.0 0.0 0.0 0.0
4234 3170.975830078125 1507.5062255859375 67.33162660735994 0.0 0.0 0.0 0.0 0.0 0.0 0.0
4250 3168.473876953125 1507.5062255859375 69.73872520872283 0.0 0.0 0.0 0.0 0.0 0.0 0.0
4267 3168.473876953125 1500.0 72.08386622788885 0.0 0.0 0.0 0.0 0.0 0.0 0.0
4283 3168.473876953125 1494.9957275390625 73.78777638499332 0.0 0.0 0.0 0.0 0.0 0.0 0.0
4300 3168.473876953125 1484.9874267578125 77.85786906134598 0.0 0.0 0.0 0.0 0.0 0.0 0.0
4318 3168.473876953125 1474.9791259765625 82.68527563453546 0.0 0.0 0.0 0.0 0.0 0.0 0.0
4334 3173.47802734375 1457.4644775390625 88.53870587343312 0.0 0.0 0.0 0.0 0.0 0.0 0.0
4352 3188.490478515625 1437.4478759765625 86.82619174761118 0.0 0.0 0.0 0.0 0.0 0.0 0.0
4368 3198.498779296875 1424.9373779296875 84.61764562752086 0.0 0.0 0.0 0.0 0.0 0.0 0.0
4384 3213.51123046875 1409.9249267578125 76.5119413224291 0.0 0.0 0.0 0.0 0.0 0.0 0.0
4401 3223.51953125 1402.4185791015625 68.7405147079852 0.0 0.0 0.0 0.0 0.0 0.0 0.0
4417 3231.02587890625 1399.91650390625 61.6221000284863 0.0 0.0 0.0 0.0 0.0 0.0 0.0
4434 3233.528076171875 1397.4144287109375 59.370566988271946 0.0 0.0 0.0 0.0 0.0 0.0 0.0
4451 3236.030029296875 1397.4144287109375 56.87149892060805 0.0 0.0 0.0 0.0 0.0 0.0 0.0
4467 3238.5322265625 1397.4144287109375 54.36900698655799 0.0 0.0 0.0 0.0 0.0 0.0 0.0
4484 3241.0341796875 1397.4144287109375 51.868190866036116 0.0 0.0 0.0 0.0 0.0 0.0 0.0
4501 3246.038330078125 1397.4144287109375 46.89558856639866 0.0 0.0 0.0 0.0 0.0 0.0 0.0
4517 3256.046630859375 1397.4144287109375 37.26128120118608 0.0 0.0 0.0 0.0 0.0 0.0 0.0
4534 3278.5654296875 1397.4144287109375 18.559589066751983 0.0 0.0 0.0 0.0 0.0 0.0 0.0
4551 3293.578125 1397.4144287109375 8.042762062895747 0.0 0.0 0.0 0.0 0.0 0.0 0.0
4567 3311.092529296875 1397.4144287109375 -1.8638874013924465 0.0 0.0 0.0 0.0 0.0 0.0 0.0
4585 3326.105224609375 1397.4144287109375 -8.775609265643865 0.0 0.0 0.0 0.0 0.0 0.0 0.0
4601 3341.11767578125 1397.4144287109375 -14.351129838774483 0.0 0.0 0.0 0.0 0.0 0.0 0.0
4618 3348.623779296875 1397.4144287109375 -16.831079013643958 0.0 0.0 0.0 0.0 0.0 0.0 0.0
4635 3353.628173828125 1397.4144287109375 -18.357682235053034 0.0 0.0 0.0 0.0 0.0 0.0 0.0
4651 3361.13427734375 1397.4144287109375 -20.392401331291765 0.0 0.0 0.0 0.0 0.0 0.0 0.0
4667 3366.138427734375 1397.4144287109375 -21.643260832966973 0.0 0.0 0.0 0.0 0.0 0.0 0.0
4684 3371.142578125 1399.91650390625 -20.573886312526938 0.0 0.0 0.0 0.0 0.0 0.0 0.0
4701 3378.64892578125 1402.4185791015625 -20.223489388698653 0.0 0.0 0.0 0.0 0.0 0.0 0.0
4717 3383.653076171875 1404.9207763671875 -19.278430297074237 0.0 0.0 0.0 0.0 0.0 0.0 0.0
4735 3391.159423828125 1407.4228515625 -19.085056522367225 0.0 0.0 0.0 0.0 0.0 0.0 0.0
4752 3396.16357421875 1409.9249267578125 -18.240233094742706 0.0 0.0 0.0 0.0 0.0 0.0 0.0
4767 3396.16357421875 1412.427001953125 -15.892102524692945 0.0 0.0 0.0 0.0 0.0 0.0 0.0
4784 3398.66552734375 1412.427001953125 -16.722937437688216 0.0 0.0 0.0 0.0 0.0 0.0 0.0
4818 3398.66552734375 1414.9290771484375 -14.39811029709881 0.0 0.0 0.0 0.0 0.0 0.0 0.0
4901 3398.66552734375 1417.43115234375 -12.11210797323561 0.0 0.0 0.0 0.0 0.0 0.0 0.0
4952 3398.66552734375 1419.9332275390625 -9.867838447543335 0.0 0.0 0.0 0.0 0.0 0.0 0.0
4968 3393.661376953125 1422.435302734375 -5.14225615957065 0.0 0.0 0.0 0.0 0.0 0.0 0.0
4985 3388.6572265625 1424.9373779296875 -0.17358605736490063 0.0 0.0 0.0 0.0 0.0 0.0 0.0
5002 3381.15087890625 1427.439453125 6.785673164265717 0.0 0.0 0.0 0.0 0.0 0.0 0.0
5019 3376.146728515625 1432.443603515625 13.853121441764017 0.0 0.0 0.0 0.0 0.0 0.0 0.0
5035 3366.138427734375 1437.4478759765625 25.105373750208173 0.0 0.0 0.0 0.0 0.0 0.0 0.0
5052 3353.628173828125 1442.4520263671875 38.61509652938349 0.0 0.0 0.0 0.0 0.0 0.0 0.0
5069 3341.11767578125 1444.9541015625 51.32713318574227 0.0 0.0 0.0 0.0 0.0 0.0 0.0
5085 3328.607177734375 1447.4561767578125 63.342504783373045 0.0 0.0 0.0 0.0 0.0 0.0 0.0
5102 3313.5947265625 1447.4561767578125 77.25747753505138 0.0 0.0 0.0 0.0 0.0 0.0 0.0
5119 3303.58642578125 1447.4561767578125 85.78425842463008 0.0 0.0 0.0 0.0 0.0 0.0 0.0
5135 3298.582275390625 1447.4561767578125 89.83769346551793 0.0 0.0 0.0 0.0 0.0 0.0 0.0
5152 3293.578125 1447.4561767578125 93.6845587660163 0.0 0.0 0.0 0.0 0.0 0.0 0.0
5169 3286.07177734375 1444.9541015625 100.66444357742762 0.0 0.0 0.0 0.0 0.0 0.0 0.0
5186 3283.569580078125 1439.949951171875 106.16140106646878 0.0 0.0 0.0 0.0 0.0 0.0 0.0
5202 3281.067626953125 1434.9456787109375 111.73782145971947 0.0 0.0 0.0 0.0 0.0 0.0 0.0
5219 3281.067626953125 1429.9415283203125 116.17197123383755 0.0 0.0 0.0 0.0 0.0 0.0 0.0
5235 3281.067626953125 1427.439453125 118.43154297235657 0.0 0.0 0.0 0.0 0.0 0.0 0.0
5270 3281.067626953125 1422.435302734375 123.11531239061361 0.0 0.0 0.0 0.0 0.0 0.0 0.0
5286 3281.067626953125 1414.9290771484375 130.43478501900984 0.0 0.0 0.0 0.0 0.0 0.0 0.0
5302 3283.569580078125 1407.4228515625 137.64286789159587 0.0 0.0 0.0 0.0 0.0 0.0 0.0
5318 3293.578125 1394.912353515625 151.5036237405468 0.0 0.0 0.0 0.0 0.0 0.0 0.0
5336 3301.084228515625 1387.4061279296875 160.92112767815695 0.0 0.0 0.0 0.0 0.0 0.0 0.0
5354 3318.598876953125 1372.3935546875 184.355342537556 0.0 0.0 0.0 0.0 0.0 0.0 0.0
5369 3341.11767578125 1357.381103515625 211.90208712861966 0.0 0.0 0.0 0.0 0.0 0.0 0.0
5385 3358.63232421875 1344.8707275390625 230.45352598262002 0.0 0.0 0.0 0.0 0.0 0.0 0.0
5403 3376.146728515625 1334.8623046875 -114.27996884495971 0.0 0.0 0.0 0.0 0.0 0.0 0.0
5419 3386.1552734375 1327.3560791015625 -107.22445288114628 0.0 0.0 0.0 0.0 0.0 0.0 0.0
5436 3403.669677734375 1319.849853515625 -95.81649935054487 0.0 0.0 0.0 0.0 0.0 0.0 0.0
5453 3416.18017578125 1314.845703125 -88.87061713751324 0.0 0.0 0.0 0.0 0.0 0.0 0.0
5470 3423.6865234375 1312.3436279296875 -84.87344236457258 0.0 0.0 0.0 0.0 0.0 0.0 0.0
5486 3433.69482421875 1309.8414306640625 -79.76949340165444 0.0 0.0 0.0 0.0 0.0 0.0 0.0
5502 3441.200927734375 1309.8414306640625 -75.04824092026855 0.0 0.0 0.0 0.0 0.0 0.0 0.0
5519 3448.707275390625 1309.8414306640625 -70.77621558973402 0.0 0.0 0.0 0.0 0.0 0.0 0.0
5536 3456.213623046875 1309.8414306640625 -66.92902750992647 0.0 0.0 0.0 0.0 0.0 0.0 0.0
5554 3476.230224609375 1309.8414306640625 -59.09294732527209 0.0 0.0 0.0 0.0 0.0 0.0 0.0
5570 3503.753173828125 1309.8414306640625 -51.6868073954884 0.0 0.0 0.0 0.0 0.0 0.0 0.0
5586 3526.27197265625 1309.8414306640625 -47.31196459968149 0.0 0.0 0.0 0.0 0.0 0.0 0.0
5603 3556.296875 1309.8414306640625 -43.468798212181454 0.0 0.0 0.0 0.0 0.0 0.0 0.0
5619 3573.8115234375 1314.845703125 -37.911288555740995 0.0 0.0 0.0 0.0 0.0 0.0 0.0
5636 3586.322021484375 1319.849853515625 -33.48385937886812 0.0 0.0 0.0 0.0 0.0 0.0 0.0
5653 3593.828125 1327.3560791015625 -27.217824843543596 0.0 0.0 0.0 0.0 0.0 0.0 0.0
5669 3598.83251953125 1332.3602294921875 -23.43266093707757 0.0 0.0 0.0 0.0 0.0 0.0 0.0
5686 3601.33447265625 1337.3643798828125 -19.35955528106045 0.0 0.0 0.0 0.0 0.0 0.0 0.0
5703 3603.836669921875 1342.3685302734375 -15.551178910395208 0.0 0.0 0.0 0.0 0.0 0.0 0.0
5720 3608.8408203125 1349.8748779296875 -10.889350030600028 0.0 0.0 0.0 0.0 0.0 0.0 0.0
5738 3613.844970703125 1357.381103515625 -6.793067269712381 0.0 0.0 0.0 0.0 0.0 0.0 0.0
5754 3613.844970703125 1369.8914794921875 2.963851177593199 0.0 0.0 0.0 0.0 0.0 0.0 0.0
5770 3616.346923828125 1374.895751953125 5.081274948649423 0.0 0.0 0.0 0.0 0.0 0.0 0.0
5786 3616.346923828125 1382.4019775390625 10.265537400367947 0.0 0.0 0.0 0.0 0.0 0.0 0.0
5804 3618.84912109375 1384.904052734375 10.184834398178538 0.0 0.0 0.0 0.0 0.0 0.0 0.0
5837 3618.84912109375 1392.4102783203125 14.910389725946828 0.0 0.0 0.0 0.0 0.0 0.0 0.0
5854 3618.84912109375 1394.912353515625 16.431795009435035 0.0 0.0 0.0 0.0 0.0 0.0 0.0
5870 3618.84912109375 1397.4144287109375 17.901746913128136 0.0 0.0 0.0 0.0 0.0 0.0 0.0
5903 3618.84912109375 1399.91650390625 19.321049274196326 0.0 0.0 0.0 0.0 0.0 0.0 0.0
5953 3618.84912109375 1399.91650390625 19.321127811093106 0.0 0.0 0.0 0.0 0.0 0.0 0.0
5987 3618.84912109375 1402.4185791015625 20.690766718106033 0.0 0.0 0.0 0.0 0.0 0.0 0.0
6021 3618.84912109375 1404.9207763671875 22.01175020104995 0.0 0.0 0.0 0.0 0.0 0.0 0.0
6038 3618.84912109375 1407.4228515625 23.2852720029602 0.0 0.0 0.0 0.0 0.0 0.0 0.0
6053 3621.35107421875 1409.9249267578125 22.454869330238694 0.0 0.0 0.0 0.0 0.0 0.0 0.0
6071 3621.35107421875 1417.43115234375 25.970268600881468 0.0 0.0 0.0 0.0 0.0 0.0 0.0
6087 3623.853271484375 1422.435302734375 26.08986429316147 0.0 0.0 0.0 0.0 0.0 0.0 0.0
6104 3623.853271484375 1429.9415283203125 29.222660397056643 0.0 0.0 0.0 0.0 0.0 0.0 0.0
6120 3623.853271484375 1432.443603515625 30.226427154222733 0.0 0.0 0.0 0.0 0.0 0.0 0.0
6154 3623.853271484375 1437.4478759765625 32.08462133692029 0.0 0.0 0.0 0.0 0.0 0.0 0.0
6171 3623.853271484375 1442.4520263671875 33.80262142205322 0.0 0.0 0.0 0.0 0.0 0.0 0.0
6187 3623.853271484375 1452.4603271484375 36.751375248825525 0.0 0.0 0.0 0.0 0.0 0.0 0.0
6204 3623.853271484375 1474.9791259765625 41.56115307149429 0.0 0.0 0.0 0.0 0.0 0.0 0.0
6221 3621.35107421875 1510.00830078125 47.782045186970834 0.0 0.0 0.0 0.0 0.0 0.0 0.0
6238 3618.84912109375 1532.527099609375 51.29788765898692 0.0 0.0 0.0 0.0 0.0 0.0 0.0
6254 3613.844970703125 1552.543701171875 55.676060580369096 0.0 0.0 0.0 0.0 0.0 0.0 0.0
6271 3611.3427734375 1562.5521240234375 57.53534426932396 0.0 0.0 0.0 0.0 0.0 0.0 0.0
6304 3611.3427734375 1567.5562744140625 57.241878203602425 0.0 0.0 0.0 0.0 0.0 0.0 0.0
6340 3606.338623046875 1570.058349609375 61.854845816420266 0.0 0.0 0.0 0.0 0.0 0.0 0.0
6355 3603.836669921875 1572.5604248046875 63.88428917843362 0.0 0.0 0.0 0.0 0.0 0.0 0.0
6372 3601.33447265625 1575.0625 65.81509678240673 0.0 0.0 0.0 0.0 0.0 0.0 0.0
6387 3593.828125 1577.5645751953125 72.16941439785342 0.0 0.0 0.0 0.0 0.0 0.0 0.0
6404 3576.313720703125 1582.5687255859375 84.73712892346742 0.0 0.0 0.0 0.0 0.0 0.0 0.0
6421 3548.790771484375 1585.07080078125 101.63179857249659 0.0 0.0 0.0 0.0 0.0 0.0 0.0
6438 3518.765625 1585.07080078125 115.87489150621451 0.0 0.0 0.0 0.0 0.0 0.0 0.0
6455 3493.744873046875 1585.07080078125 124.29252020574549 0.0 0.0 0.0 0.0 0.0 0.0 0.0
6472 3478.732421875 1575.0625 136.28359217942545 0.0 0.0 0.0 0.0 0.0 0.0 0.0
6488 3458.715576171875 1557.5478515625 151.25290849213843 0.0 0.0 0.0 0.0 0.0 0.0 0.0
6506 3451.20947265625 1535.0291748046875 168.7866081233904 0.0 0.0 0.0 0.0 0.0 0.0 0.0
6521 3441.200927734375 1507.5062255859375 183.68787729157617 0.0 0.0 0.0 0.0 0.0 0.0 0.0
6538 3438.698974609375 1484.9874267578125 195.7208361925043 0.0 0.0 0.0 0.0 0.0 0.0 0.0
6556 3436.19677734375 1467.472900390625 202.67222078961083 0.0 0.0 0.0 0.0 0.0 0.0 0.0
6571 3436.19677734375 1457.4644775390625 207.17438783919022 0.0 0.0 0.0 0.0 0.0 0.0 0.0
6588 3436.19677734375 1452.4603271484375 209.25948443055142 0.0 0.0 0.0 0.0 0.0 0.0 0.0
6605 3436.19677734375 1449.958251953125 210.26182033624332 0.0 0.0 0.0 0.0 0.0 0.0 0.0
6622 3436.19677734375 1444.9541015625 212.11738417881105 0.0 0.0 0.0 0.0 0.0 0.0 0.0
6638 3446.205322265625 1434.9456787109375 223.80224206842843 0.0 0.0 0.0 0.0 0.0 0.0 0.0
6660 3471.22607421875 1412.427001953125 -115.36484041526558 0.0 0.0 0.0 0.0 0.0 0.0 0.0
6681 3503.753173828125 1384.904052734375 -98.84224562319011 0.0 0.0 0.0 0.0 0.0 0.0 0.0
6705 3571.3095703125 1344.8707275390625 -80.23454080132603 0.0 0.0 0.0 0.0 0.0 0.0 0.0
6726 3601.33447265625 1324.85400390625 -76.20936715920823 0.0 0.0 0.0 0.0 0.0 0.0 0.0
6745 3616.346923828125 1317.3477783203125 -73.15730519412332 0.0 0.0 0.0 0.0 0.0 0.0 0.0
6771 3626.355224609375 1312.3436279296875 -71.45165494867118 0.0 0.0 0.0 0.0 0.0 0.0 0.0
6773 3631.359619140625 1312.3436279296875 -68.7523203693795 0.0 0.0 0.0 0.0 0.0 0.0 0.0
6791 3636.36376953125 1312.3436279296875 -66.24055379999163 0.0 0.0 0.0 0.0 0.0 0.0 0.0
6832 3636.36376953125 1312.3436279296875 -66.24051736758153 0.0 0.0 0.0 0.0 0.0 0.0 0.0
6872 3641.367919921875 1312.3436279296875 -63.90722606239545 0.0 0.0 0.0 0.0 0.0 0.0 0.0