0 2000.0 1500.0 0 0.0 0.0 0.0 0.0 0.0 0.0 0.0
224 2000.0 1489.5833740234375 2.222218192165599 0.0 0.0 0.0 0.0 0.0 0.0 0.0
241 1996.5277099609375 1444.4444580078125 12.999185627221124 0.0 0.0 0.0 0.0 0.0 0.0 0.0
269 1989.5833740234375 1347.2222900390625 37.07960469727607 0.0 0.0 0.0 0.0 0.0 0.0 0.0
280 1982.638916015625 1298.611083984375 47.985401128244575 0.0 0.0 0.0 0.0 0.0 0.0 0.0
291 1958.3333740234375 1250.0 56.22265816729981 0.0 0.0 0.0 0.0 0.0 0.0 0.0
308 1937.5 1236.111083984375 57.045522109031026 0.0 0.0 0.0 0.0 0.0 0.0 0.0
324 1934.0277099609375 1232.638916015625 57.428621630782004 0.0 0.0 0.0 0.0 0.0 0.0 0.0
353 1930.5555419921875 1232.638916015625 57.05851719526356 0.0 0.0 0.0 0.0 0.0 0.0 0.0
375 1909.72216796875 1256.9444580078125 49.804355110854885 0.0 0.0 0.0 0.0 0.0 0.0 0.0
391 1871.5277099609375 1295.138916015625 39.22082444317988 0.0 0.0 0.0 0.0 0.0 0.0 0.0
408 1833.333251953125 1333.3333740234375 30.051307101823113 0.0 0.0 0.0 0.0 0.0 0.0 0.0
424 1802.083251953125 1357.638916015625 24.97182952023502 0.0 0.0 0.0 0.0 0.0 0.0 0.0
441 1798.611083984375 1357.638916015625 25.060948405569093 0.0 0.0 0.0 0.0 0.0 0.0 0.0
491 1798.611083984375 1336.8055419921875 30.141646567072087 0.0 0.0 0.0 0.0 0.0 0.0 0.0
508 1798.611083984375 1260.4166259765625 48.223758285777876 0.0 0.0 0.0 0.0 0.0 0.0 0.0
525 1798.611083984375 1173.611083984375 65.8722465603451 0.0 0.0 0.0 0.0 0.0 0.0 0.0
541 1795.138916015625 1083.3333740234375 79.87098406460132 0.0 0.0 0.0 0.0 0.0 0.0 0.0
558 1781.25 1048.611083984375 82.50517816207235 0.0 0.0 0.0 0.0 0.0 0.0 0.0
575 1781.25 1038.1944580078125 84.0350028349165 0.0 0.0 0.0 0.0 0.0 0.0 0.0
625 1777.7777099609375 1045.138916015625 82.31570443866565 0.0 0.0 0.0 0.0 0.0 0.0 0.0
641 1767.361083984375 1069.4444580078125 76.33361827486101 0.0 0.0 0.0 0.0 0.0 0.0 0.0
658 1756.9444580078125 1079.861083984375 72.74906916825489 0.0 0.0 0.0 0.0 0.0 0.0 0.0
675 1750.0 1090.27783203125 69.70927747297588 0.0 0.0 0.0 0.0 0.0 0.0 0.0
691 1743.0555419921875 1097.22216796875 67.34428065184284 0.0 0.0 0.0 0.0 0.0 0.0 0.0
708 1736.111083984375 1097.22216796875 66.36774522760152 0.0 0.0 0.0 0.0 0.0 0.0 0.0
725 1732.638916015625 1097.22216796875 65.88534225351611 0.0 0.0 0.0 0.0 0.0 0.0 0.0
741 1704.861083984375 1083.3333740234375 64.92979820417395 0.0 0.0 0.0 0.0 0.0 0.0 0.0
759 1670.138916015625 1059.02783203125 65.10859607722864 0.0 0.0 0.0 0.0 0.0 0.0 0.0
775 1631.9444580078125 1034.72216796875 64.86189929003245 0.0 0.0 0.0 0.0 0.0 0.0 0.0
792 1597.22216796875 1017.361083984375 63.84525871129142 0.0 0.0 0.0 0.0 0.0 0.0 0.0
808 1572.9166259765625 1006.9444580078125 62.88453181833847 0.0 0.0 0.0 0.0 0.0 0.0 0.0
825 1559.0277099609375 1013.888916015625 59.77580374450497 0.0 0.0 0.0 0.0 0.0 0.0 0.0
841 1545.1387939453125 1048.611083984375 50.63480168847832 0.0 0.0 0.0 0.0 0.0 0.0 0.0
858 1534.72216796875 1100.6944580078125 37.63043212755451 0.0 0.0 0.0 0.0 0.0 0.0 0.0
875 1534.72216796875 1125.0 31.699630604210995 0.0 0.0 0.0 0.0 0.0 0.0 0.0
925 1534.72216796875 1104.1666259765625 36.75633872423964 0.0 0.0 0.0 0.0 0.0 0.0 0.0
942 1534.72216796875 1076.388916015625 43.38275172278543 0.0 0.0 0.0 0.0 0.0 0.0 0.0
958 1548.611083984375 1003.47216796875 60.757624175530964 0.0 0.0 0.0 0.0 0.0 0.0 0.0
975 1552.083251953125 944.4444580078125 72.22289389900948 0.0 0.0 0.0 0.0 0.0 0.0 0.0
992 1552.083251953125 895.8333129882812 80.02807144255632 0.0 0.0 0.0 0.0 0.0 0.0 0.0
1008 1545.1387939453125 881.9444580078125 80.91910294307888 0.0 0.0 0.0 0.0 0.0 0.0 0.0
1042 1541.6666259765625 878.4722290039062 80.82084470462758 0.0 0.0 0.0 0.0 0.0 0.0 0.0
1058 1520.833251953125 906.25 72.35684976900143 0.0 0.0 0.0 0.0 0.0 0.0 0.0
1075 1493.0555419921875 930.5555419921875 63.69133922673973 0.0 0.0 0.0 0.0 0.0 0.0 0.0
1092 1451.3887939453125 972.22216796875 50.621590591761105 0.0 0.0 0.0 0.0 0.0 0.0 0.0
1108 1413.1944580078125 1003.47216796875 41.42676199235734 0.0 0.0 0.0 0.0 0.0 0.0 0.0
1125 1388.8887939453125 1017.361083984375 37.41084548518563 0.0 0.0 0.0 0.0 0.0 0.0 0.0
1158 1385.4166259765625 1013.888916015625 38.14664273435483 0.0 0.0 0.0 0.0 0.0 0.0 0.0
1175 1378.47216796875 937.5 54.7459904427335 0.0 0.0 0.0 0.0 0.0 0.0 0.0
1192 1364.583251953125 868.0555419921875 66.63268816713708 0.0 0.0 0.0 0.0 0.0 0.0 0.0
1208 1347.22216796875 795.1388549804688 76.21699917154945 0.0 0.0 0.0 0.0 0.0 0.0 0.0
1225 1336.8055419921875 753.4722290039062 80.84545416975402 0.0 0.0 0.0 0.0 0.0 0.0 0.0
1292 1319.4444580078125 746.5277709960938 78.85251545211452 0.0 0.0 0.0 0.0 0.0 0.0 0.0
1308 1305.5555419921875 767.361083984375 72.80158887129335 0.0 0.0 0.0 0.0 0.0 0.0 0.0
1325 1302.083251953125 774.3055419921875 70.96062735523981 0.0 0.0 0.0 0.0 0.0 0.0 0.0
1375 1302.083251953125 763.8888549804688 72.85414539339479 0.0 0.0 0.0 0.0 0.0 0.0 0.0
1392 1302.083251953125 711.8055419921875 81.04741407638284 0.0 0.0 0.0 0.0 0.0 0.0 0.0
1409 1302.083251953125 666.6666259765625 87.19412012454086 0.0 0.0 0.0 0.0 0.0 0.0 0.0
1425 1291.6666259765625 649.3055419921875 87.42791546175147 0.0 0.0 0.0 0.0 0.0 0.0 0.0
1459 1274.3055419921875 649.3055419921875 84.05112750677375 0.0 0.0 0.0 0.0 0.0 0.0 0.0
1475 1239.583251953125 680.5555419921875 72.66951144386996 0.0 0.0 0.0 0.0 0.0 0.0 0.0
1492 1190.97216796875 725.6943969726562 57.38751854254565 0.0 0.0 0.0 0.0 0.0 0.0 0.0
1509 1142.361083984375 767.361083984375 44.64380677263341 0.0 0.0 0.0 0.0 0.0 0.0 0.0
1525 1111.111083984375 795.1388549804688 37.09831640164714 0.0 0.0 0.0 0.0 0.0 0.0 0.0
1575 1107.6388549804688 781.25 40.304509986171354 0.0 0.0 0.0 0.0 0.0 0.0 0.0
1592 1107.6388549804688 718.75 54.427777086030346 0.0 0.0 0.0 0.0 0.0 0.0 0.0
1609 1107.6388549804688 656.25 66.87815221120456 0.0 0.0 0.0 0.0 0.0 0.0 0.0
1625 1107.6388549804688 607.6388549804688 75.38710793679843 0.0 0.0 0.0 0.0 0.0 0.0 0.0
1642 1107.6388549804688 600.6943969726562 76.57359128092469 0.0 0.0 0.0 0.0 0.0 0.0 0.0
1692 1097.22216796875 611.111083984375 72.98817216572422 0.0 0.0 0.0 0.0 0.0 0.0 0.0
1709 1072.9166259765625 645.8333129882812 62.62654361399967 0.0 0.0 0.0 0.0 0.0 0.0 0.0
1726 1045.1388549804688 677.0833129882812 52.995492035745485 0.0 0.0 0.0 0.0 0.0 0.0 0.0
1742 1020.833251953125 697.9166259765625 46.51633158040295 0.0 0.0 0.0 0.0 0.0 0.0 0.0
1792 1017.3610229492188 687.5 48.68047349278265 0.0 0.0 0.0 0.0 0.0 0.0 0.0
1809 1017.3610229492188 635.4166259765625 59.87295192987949 0.0 0.0 0.0 0.0 0.0 0.0 0.0
1826 1017.3610229492188 590.2777709960938 68.62790152043544 0.0 0.0 0.0 0.0 0.0 0.0 0.0
1842 1006.9443969726562 552.0833129882812 73.75860997894608 0.0 0.0 0.0 0.0 0.0 0.0 0.0
1859 999.9999389648438 541.6666259765625 74.44336136452011 0.0 0.0 0.0 0.0 0.0 0.0 0.0
1876 996.5277099609375 541.6666259765625 73.86911218675823 0.0 0.0 0.0 0.0 0.0 0.0 0.0
1892 979.1666259765625 545.1388549804688 70.52845746842445 0.0 0.0 0.0 0.0 0.0 0.0 0.0
1909 944.4443969726562 565.97216796875 61.812893958079655 0.0 0.0 0.0 0.0 0.0 0.0 0.0
1926 895.833251953125 593.75 51.31450078826174 0.0 0.0 0.0 0.0 0.0 0.0 0.0
1942 822.9166259765625 638.8888549804688 38.117672862133986 0.0 0.0 0.0 0.0 0.0 0.0 0.0
1959 781.2499389648438 677.0833129882812 29.13269199020317 0.0 0.0 0.0 0.0 0.0 0.0 0.0
1976 763.8887939453125 687.5 26.91111342314423 0.0 0.0 0.0 0.0 0.0 0.0 0.0
2009 756.9443969726562 680.5555419921875 28.67334128843828 0.0 0.0 0.0 0.0 0.0 0.0 0.0
2026 756.9443969726562 645.8333129882812 37.115349180115686 0.0 0.0 0.0 0.0 0.0 0.0 0.0
2042 756.9443969726562 583.3333129882812 51.5341373104028 0.0 0.0 0.0 0.0 0.0 0.0 0.0
2059 756.9443969726562 513.8888549804688 65.61519504077677 0.0 0.0 0.0 0.0 0.0 0.0 0.0
2076 756.9443969726562 465.27777099609375 74.28357415918947 0.0 0.0 0.0 0.0 0.0 0.0 0.0
2092 756.9443969726562 447.9166259765625 77.21680562504491 0.0 0.0 0.0 0.0 0.0 0.0 0.0
2176 743.0554809570312 454.861083984375 73.68007719432126 0.0 0.0 0.0 0.0 0.0 0.0 0.0
2193 718.7499389648438 475.69439697265625 66.10527453442103 0.0 0.0 0.0 0.0 0.0 0.0 0.0
2259 715.2777099609375 454.861083984375 69.5559133177967 0.0 0.0 0.0 0.0 0.0 0.0 0.0
2276 715.2777099609375 406.24993896484375 77.71799324696224 0.0 0.0 0.0 0.0 0.0 0.0 0.0
2293 718.7499389648438 354.1666259765625 85.77228217001368 0.0 0.0 0.0 0.0 0.0 0.0 0.0
2309 722.22216796875 315.9721984863281 91.15799825835433 0.0 0.0 0.0 0.0 0.0 0.0 0.0
2326 722.22216796875 309.0277404785156 91.98141264407104 0.0 0.0 0.0 0.0 0.0 0.0 0.0
2376 711.8054809570312 312.4999694824219 89.3775850102437 0.0 0.0 0.0 0.0 0.0 0.0 0.0
2393 666.6665954589844 350.69439697265625 74.89887157593319 0.0 0.0 0.0 0.0 0.0 0.0 0.0
2409 628.4721374511719 378.4721984863281 64.09410618878417 0.0 0.0 0.0 0.0 0.0 0.0 0.0
2426 621.5277099609375 385.4166259765625 61.77567790845319 0.0 0.0 0.0 0.0 0.0 0.0 0.0
2476 621.5277099609375 374.9999694824219 63.909003170994765 0.0 0.0 0.0 0.0 0.0 0.0 0.0
2493 611.1110229492188 329.861083984375 70.77039735096679 0.0 0.0 0.0 0.0 0.0 0.0 0.0
2510 593.7499084472656 263.88885498046875 78.5485848417074 0.0 0.0 0.0 0.0 0.0 0.0 0.0
2526 572.9165954589844 208.33328247070312 82.92875360689447 0.0 0.0 0.0 0.0 0.0 0.0 0.0
2543 555.5554809570312 184.02774047851562 83.22642354630091 0.0 0.0 0.0 0.0 0.0 0.0 0.0
2560 538.1943664550781 173.611083984375 81.57938754916324 0.0 0.0 0.0 0.0 0.0 0.0 0.0
2576 527.7777099609375 166.6666259765625 80.74171615425166 0.0 0.0 0.0 0.0 0.0 0.0 0.0
2593 506.9443664550781 166.6666259765625 77.08993449326005 0.0 0.0 0.0 0.0 0.0 0.0 0.0
2610 479.1665954589844 173.611083984375 71.41378662630109 0.0 0.0 0.0 0.0 0.0 0.0 0.0
2626 454.86102294921875 177.08328247070312 67.23628173726462 0.0 0.0 0.0 0.0 0.0 0.0 0.0
2643 420.13880920410156 187.49996948242188 60.82645116310857 0.0 0.0 0.0 0.0 0.0 0.0 0.0
2660 388.88880920410156 194.44439697265625 56.074583474591975 0.0 0.0 0.0 0.0 0.0 0.0 0.0
2676 378.4721374511719 194.44439697265625 55.0450684917285 0.0 0.0 0.0 0.0 0.0 0.0 0.0
3260 553.7277793884277 524.6821746826172 56.252753416068046 0.0 0.0 0.0 0.0 0.0 0.0 0.0
3277 560.672176361084 524.6821746826172 57.033620406173824 0.0 0.0 0.0 0.0 0.0 0.0 0.0
3294 574.561092376709 521.2099456787109 57.66072338949459 0.0 0.0 0.0 0.0 0.0 0.0 0.0
3310 598.8666343688965 507.32106018066406 56.85317115324166 0.0 0.0 0.0 0.0 0.0 0.0 0.0
3327 640.5333213806152 476.07106018066406 54.21794991214905 0.0 0.0 0.0 0.0 0.0 0.0 0.0
3344 685.6722373962402 444.82106018066406 52.479949368649216 0.0 0.0 0.0 0.0 0.0 0.0 0.0
3360 716.9222373962402 423.9877166748047 51.63021948850573 0.0 0.0 0.0 0.0 0.0 0.0 0.0
3394 727.3388633728027 423.9877166748047 52.98735244613077 0.0 0.0 0.0 0.0 0.0 0.0 0.0
3410 748.1722373962402 472.5988311767578 67.73410014943887 0.0 0.0 0.0 0.0 0.0 0.0 0.0
3427 765.5333213806152 538.5710601806641 85.99980994853615 0.0 0.0 0.0 0.0 0.0 0.0 0.0
3444 779.4222373962402 590.6544036865234 98.77182951289055 0.0 0.0 0.0 0.0 0.0 0.0 0.0
3460 789.8388633728027 614.9599456787109 103.8891260987251 0.0 0.0 0.0 0.0 0.0 0.0 0.0
3510 807.200008392334 608.0155181884766 100.41322684216769 0.0 0.0 0.0 0.0 0.0 0.0 0.0
3527 834.9777793884277 573.2932891845703 89.53636595102849 0.0 0.0 0.0 0.0 0.0 0.0 0.0
3544 859.2833213806152 531.6266021728516 78.10355726050577 0.0 0.0 0.0 0.0 0.0 0.0 0.0
3560 890.5333213806152 479.5432891845703 66.09755553293112 0.0 0.0 0.0 0.0 0.0 0.0 0.0
3577 911.3666343688965 448.29327392578125 59.96174016181803 0.0 0.0 0.0 0.0 0.0 0.0 0.0
3627 914.8388633728027 451.7655029296875 61.20371185437796 0.0 0.0 0.0 0.0 0.0 0.0 0.0
3644 928.7277793884277 493.4321746826172 73.37191843358953 0.0 0.0 0.0 0.0 0.0 0.0 0.0
3661 956.5055503845215 531.6266021728516 83.70660507541277 0.0 0.0 0.0 0.0 0.0 0.0 0.0
3677 984.2833213806152 562.8766021728516 90.95567241684249 0.0 0.0 0.0 0.0 0.0 0.0 0.0
3694 1012.061092376709 583.7099456787109 94.7331652605947 0.0 0.0 0.0 0.0 0.0 0.0 0.0
3711 1029.422176361084 583.7099456787109 93.642575900861 0.0 0.0 0.0 0.0 0.0 0.0 0.0
3727 1043.311092376709 583.7099456787109 92.82438408487798 0.0 0.0 0.0 0.0 0.0 0.0 0.0
3744 1057.200008392334 576.7655181884766 90.25761648019149 0.0 0.0 0.0 0.0 0.0 0.0 0.0
3761 1071.088924407959 569.8210601806641 87.84142653658901 0.0 0.0 0.0 0.0 0.0 0.0 0.0
3777 1074.561092376709 569.8210601806641 87.7222895236292 0.0 0.0 0.0 0.0 0.0 0.0 0.0
3794 1081.5055503845215 569.8210601806641 87.49179216903025 0.0 0.0 0.0 0.0 0.0 0.0 0.0
3811 1091.922176361084 576.7655181884766 88.99590314632462 0.0 0.0 0.0 0.0 0.0 0.0 0.0
3827 1116.227840423584 611.4877166748047 96.52059942500617 0.0 0.0 0.0 0.0 0.0 0.0 0.0
3844 1140.5333824157715 646.2099456787109 102.95768797822215 0.0 0.0 0.0 0.0 0.0 0.0 0.0
3861 1157.8944664001465 667.0432891845703 106.14022194622316 0.0 0.0 0.0 0.0 0.0 0.0 0.0
3894 1171.7833824157715 673.9877166748047 106.21887769753798 0.0 0.0 0.0 0.0 0.0 0.0 0.0
3911 1192.6166343688965 673.9877166748047 103.91591261628291 0.0 0.0 0.0 0.0 0.0 0.0 0.0
3928 1234.2833824157715 639.2655181884766 91.99906234575535 0.0 0.0 0.0 0.0 0.0 0.0 0.0
3944 1289.838924407959 601.0710601806641 81.11512801480286 0.0 0.0 0.0 0.0 0.0 0.0 0.0
3961 1303.727840423584 587.1821746826172 77.4469185526776 0.0 0.0 0.0 0.0 0.0 0.0 0.0
4011 1307.200008392334 587.1821746826172 77.5010460171664 0.0 0.0 0.0 0.0 0.0 0.0 0.0
4028 1307.200008392334 604.5432891845703 82.3699412727091 0.0 0.0 0.0 0.0 0.0 0.0 0.0
4044 1307.200008392334 628.8488311767578 89.12309265711707 0.0 0.0 0.0 0.0 0.0 0.0 0.0
4061 1307.200008392334 646.2099456787109 93.86555677633434 0.0 0.0 0.0 0.0 0.0 0.0 0.0
4078 1307.200008392334 653.1544036865234 95.74514105526173 0.0 0.0 0.0 0.0 0.0 0.0 0.0
4144 1317.6166343688965 649.6821746826172 94.12048965397621 0.0 0.0 0.0 0.0 0.0 0.0 0.0
4161 1341.922176361084 618.4321746826172 84.85165250495832 0.0 0.0 0.0 0.0 0.0 0.0 0.0
4178 1366.227840423584 587.1821746826172 76.5767573030455 0.0 0.0 0.0 0.0 0.0 0.0 0.0
4194 1383.588924407959 562.8766021728516 70.70226733148337 0.0 0.0 0.0 0.0 0.0 0.0 0.0
4228 1387.061092376709 587.1821746826172 77.57273566650468 0.0 0.0 0.0 0.0 0.0 0.0 0.0
4244 1400.950008392334 635.7932891845703 90.44651544499317 0.0 0.0 0.0 0.0 0.0 0.0 0.0
4261 1411.3666343688965 691.3488311767578 103.74707198344284 0.0 0.0 0.0 0.0 0.0 0.0 0.0
4278 1425.2555503845215 743.4321746826172 113.88290231853179 0.0 0.0 0.0 0.0 0.0 0.0 0.0
4294 1435.6722984313965 781.6266326904297 120.28350698995396 0.0 0.0 0.0 0.0 0.0 0.0 0.0
4311 1446.088924407959 802.4599456787109 122.67147797818049 0.0 0.0 0.0 0.0 0.0 0.0 0.0
4361 1459.977840423584 788.5710906982422 117.21903870909856 0.0 0.0 0.0 0.0 0.0 0.0 0.0
4378 1487.7555503845215 750.3766326904297 104.18758794119576 0.0 0.0 0.0 0.0 0.0 0.0 0.0
4395 1519.0055503845215 705.2377166748047 90.13238205265483 0.0 0.0 0.0 0.0 0.0 0.0 0.0
4411 1536.3666343688965 677.4599456787109 82.19751641579238 0.0 0.0 0.0 0.0 0.0 0.0 0.0
4461 1543.311092376709 670.5155181884766 80.26556587239739 0.0 0.0 0.0 0.0 0.0 0.0 0.0
4478 1557.200008392334 684.4044036865234 83.93367894635887 0.0 0.0 0.0 0.0 0.0 0.0 0.0
4495 1578.0333824157715 719.1266326904297 92.3174260824024 0.0 0.0 0.0 0.0 0.0 0.0 0.0
4511 1602.338924407959 753.8488616943359 99.37116865038698 0.0 0.0 0.0 0.0 0.0 0.0 0.0
4528 1623.1722984313965 788.5710906982422 105.72902777542672 0.0 0.0 0.0 0.0 0.0 0.0 0.0
4545 1633.588924407959 802.4599456787109 107.85922877961913 0.0 0.0 0.0 0.0 0.0 0.0 0.0
4561 1640.5333824157715 802.4599456787109 106.99673968450756 0.0 0.0 0.0 0.0 0.0 0.0 0.0
4578 1678.727840423584 781.6266326904297 98.177298754839 0.0 0.0 0.0 0.0 0.0 0.0 0.0
4595 1741.227840423584 729.5432586669922 82.7705751852778 0.0 0.0 0.0 0.0 0.0 0.0 0.0
4612 1807.200008392334 673.9877166748047 70.59286455560964 0.0 0.0 0.0 0.0 0.0 0.0 0.0
4629 1859.2833824157715 628.8488311767578 62.96495584217921 0.0 0.0 0.0 0.0 0.0 0.0 0.0
4645 1869.700008392334 618.4321746826172 61.18756616306948 0.0 0.0 0.0 0.0 0.0 0.0 0.0
4678 1876.6444664001465 628.8488311767578 64.53473736296537 0.0 0.0 0.0 0.0 0.0 0.0 0.0
4695 1890.5333824157715 663.5710601806641 74.67220359450079 0.0 0.0 0.0 0.0 0.0 0.0 0.0
4712 1907.8944664001465 701.7655181884766 85.03269338150085 0.0 0.0 0.0 0.0 0.0 0.0 0.0
4728 1925.2555503845215 746.9044036865234 96.01365052606239 0.0 0.0 0.0 0.0 0.0 0.0 0.0
4745 1939.1444664001465 778.1544036865234 102.69023578926945 0.0 0.0 0.0 0.0 0.0 0.0 0.0
4762 1949.561092376709 788.5710906982422 104.202547783042 0.0 0.0 0.0 0.0 0.0 0.0 0.0
4778 1956.5055503845215 788.5710906982422 103.44964692207756 0.0 0.0 0.0 0.0 0.0 0.0 0.0
4795 1970.3944664001465 781.6266326904297 100.30818325360455 0.0 0.0 0.0 0.0 0.0 0.0 0.0
4812 2005.116756439209 753.8488616943359 90.88249397889085 0.0 0.0 0.0 0.0 0.0 0.0 0.0
4828 2046.783260345459 712.1821746826172 79.39598545071276 0.0 0.0 0.0 0.0 0.0 0.0 0.0
4845 2091.922176361084 677.4599456787109 71.73130025317656 0.0 0.0 0.0 0.0 0.0 0.0 0.0
4862 2116.227840423584 660.0988311767578 68.42258025137146 0.0 0.0 0.0 0.0 0.0 0.0 0.0
4912 2126.644588470459 670.5155181884766 71.76121795480982 0.0 0.0 0.0 0.0 0.0 0.0 0.0
4928 2144.005672454834 708.7099456787109 82.37720397489919 0.0 0.0 0.0 0.0 0.0 0.0 0.0
4945 2157.894588470459 746.9044036865234 92.14181628744493 0.0 0.0 0.0 0.0 0.0 0.0 0.0
4962 2171.783260345459 774.6821746826172 98.38686746748013 0.0 0.0 0.0 0.0 0.0 0.0 0.0
4978 2171.783260345459 781.6266326904297 100.2212456718123 0.0 0.0 0.0 0.0 0.0 0.0 0.0
4995 2175.255672454834 781.6266326904297 99.90103925244921 0.0 0.0 0.0 0.0 0.0 0.0 0.0
5012 2178.727840423584 781.6266326904297 99.58592792138283 0.0 0.0 0.0 0.0 0.0 0.0 0.0
5028 2213.450008392334 746.9044036865234 88.54847589390943 0.0 0.0 0.0 0.0 0.0 0.0 0.0
5045 2262.061092376709 708.7099456787109 78.35524849804115 0.0 0.0 0.0 0.0 0.0 0.0 0.0
5062 2324.561092376709 649.6821746826172 66.52039716866086 0.0 0.0 0.0 0.0 0.0 0.0 0.0
5078 2352.338924407959 625.3766021728516 62.47957931911594 0.0 0.0 0.0 0.0 0.0 0.0 0.0
5095 2359.283504486084 618.4321746826172 61.29032056025822 0.0 0.0 0.0 0.0 0.0 0.0 0.0
5128 2369.700008392334 635.7932891845703 66.72425223058838 0.0 0.0 0.0 0.0 0.0 0.0 0.0
5145 2390.533504486084 677.4599456787109 78.68435290401855 0.0 0.0 0.0 0.0 0.0 0.0 0.0
5162 2414.838924407959 715.6544036865234 88.42086167952091 0.0 0.0 0.0 0.0 0.0 0.0 0.0
5179 2439.144588470459 750.3766326904297 96.02554023326243 0.0 0.0 0.0 0.0 0.0 0.0 0.0
5195 2459.977840423584 764.2654876708984 98.00414210756722 0.0 0.0 0.0 0.0 0.0 0.0 0.0
5212 2470.394588470459 764.2654876708984 97.17571303255555 0.0 0.0 0.0 0.0 0.0 0.0 0.0
5229 2484.283504486084 760.7933197021484 95.25481589885928 0.0 0.0 0.0 0.0 0.0 0.0 0.0
5245 2519.005672454834 726.0710906982422 84.79493311530018 0.0 0.0 0.0 0.0 0.0 0.0 0.0
5262 2557.200008392334 684.4044036865234 74.31990838805751 0.0 0.0 0.0 0.0 0.0 0.0 0.0
5279 2598.866756439209 639.2655181884766 65.20796122845256 0.0 0.0 0.0 0.0 0.0 0.0 0.0
5295 2630.116756439209 597.5988311767578 57.83025501269546 0.0 0.0 0.0 0.0 0.0 0.0 0.0
5312 2640.533504486084 587.1821746826172 56.372076258882856 0.0 0.0 0.0 0.0 0.0 0.0 0.0
5345 2647.477840423584 604.5432891845703 61.613357329137074 0.0 0.0 0.0 0.0 0.0 0.0 0.0
5362 2664.838924407959 642.7377166748047 72.94821979556289 0.0 0.0 0.0 0.0 0.0 0.0 0.0
5379 2682.200008392334 698.2932891845703 87.94795354949852 0.0 0.0 0.0 0.0 0.0 0.0 0.0
5395 2696.088924407959 733.0154876708984 96.30135603471025 0.0 0.0 0.0 0.0 0.0 0.0 0.0
5412 2703.033504486084 743.4321746826172 98.48646270621107 0.0 0.0 0.0 0.0 0.0 0.0 0.0
5445 2706.505672454834 743.4321746826172 98.19380512384323 0.0 0.0 0.0 0.0 0.0 0.0 0.0
5462 2723.866756439209 726.0710906982422 92.43076456971204 0.0 0.0 0.0 0.0 0.0 0.0 0.0
5479 2755.116756439209 691.3488311767578 82.39319578332827 0.0 0.0 0.0 0.0 0.0 0.0 0.0
5496 2800.255672454834 649.6821746826172 72.57202863743893 0.0 0.0 0.0 0.0 0.0 0.0 0.0
5512 2828.033504486084 621.9044036865234 66.8640927901885 0.0 0.0 0.0 0.0 0.0 0.0 0.0
5546 2834.977840423584 618.4321746826172 66.4014431523198 0.0 0.0 0.0 0.0 0.0 0.0 0.0
5562 2862.755672454834 649.6821746826172 75.8292146760742 0.0 0.0 0.0 0.0 0.0 0.0 0.0
5579 2900.950008392334 701.7655181884766 88.86617867654216 0.0 0.0 0.0 0.0 0.0 0.0 0.0
5596 2925.255672454834 753.8488616943359 100.38892253457786 0.0 0.0 0.0 0.0 0.0 0.0 0.0
5612 2942.616756439209 785.0988616943359 106.2062123976533 0.0 0.0 0.0 0.0 0.0 0.0 0.0
5629 2959.977840423584 805.9321746826172 109.03557729311017 0.0 0.0 0.0 0.0 0.0 0.0 0.0
5646 2966.922420501709 809.4044036865234 108.9704282374801 0.0 0.0 0.0 0.0 0.0 0.0 0.0
5662 2977.338924407959 809.4044036865234 107.6470301686257 0.0 0.0 0.0 0.0 0.0 0.0 0.0
5679 3008.588924407959 788.5710906982422 99.2908919916013 0.0 0.0 0.0 0.0 0.0 0.0 0.0
5696 3057.200008392334 753.8488616943359 87.86060042642133 0.0 0.0 0.0 0.0 0.0 0.0 0.0
5712 3105.811092376709 705.2377166748047 75.44381450579829 0.0 0.0 0.0 0.0 0.0 0.0 0.0
5729 3144.005672454834 677.4599456787109 69.81055661006668 0.0 0.0 0.0 0.0 0.0 0.0 0.0
5746 3154.422420501709 670.5155181884766 68.52330974336458 0.0 0.0 0.0 0.0 0.0 0.0 0.0
5779 3157.894588470459 670.5155181884766 68.7250157809731 0.0 0.0 0.0 0.0 0.0 0.0 0.0
5796 3185.672420501709 691.3488311767578 75.2847476306448 0.0 0.0 0.0 0.0 0.0 0.0 0.0
5812 3209.977840423584 708.7099456787109 80.2124993636996 0.0 0.0 0.0 0.0 0.0 0.0 0.0
5829 3237.755672454834 733.0154876708984 86.24872579411408 0.0 0.0 0.0 0.0 0.0 0.0 0.0
5846 3265.533504486084 757.3210906982422 91.48818432755658 0.0 0.0 0.0 0.0 0.0 0.0 0.0
5862 3296.783504486084 774.6821746826172 94.1775575635437 0.0 0.0 0.0 0.0 0.0 0.0 0.0
5879 3328.033504486084 792.0433197021484 96.47718849240944 0.0 0.0 0.0 0.0 0.0 0.0 0.0
5896 3355.811092376709 802.4599456787109 97.08097333056129 0.0 0.0 0.0 0.0 0.0 0.0 0.0
5912 3380.116756439209 812.8766326904297 97.85931669344784 0.0 0.0 0.0 0.0 0.0 0.0 0.0
5929 3404.422420501709 812.8766326904297 96.05430510238219 0.0 0.0 0.0 0.0 0.0 0.0 0.0
5946 3439.144588470459 781.6266326904297 86.33573985829263 0.0 0.0 0.0 0.0 0.0 0.0 0.0
5962 3459.977840423584 750.3766326904297 77.84773076256272 0.0 0.0 0.0 0.0 0.0 0.0 0.0
5979 3463.450008392334 743.4321746826172 75.98766104276055 0.0 0.0 0.0 0.0 0.0 0.0 0.0
5996 3463.450008392334 739.9599456787109 75.01935534110147 0.0 0.0 0.0 0.0 0.0 0.0 0.0
6797 3044.601348876953 642.2133026123047 75.31040539421855 0.0 0.0 0.0 0.0 0.0 0.0 0.0
6813 2992.518096923828 649.1577606201172 86.46984019271656 0.0 0.0 0.0 0.0 0.0 0.0 0.0
6830 2888.351348876953 663.0466766357422 103.12617950410453 0.0 0.0 0.0 0.0 0.0 0.0 0.0
6847 2770.295684814453 680.4077606201172 115.55074710920218 0.0 0.0 0.0 0.0 0.0 0.0 0.0
6863 2700.851348876953 704.7133026123047 118.59531212453038 0.0 0.0 0.0 0.0 0.0 0.0 0.0
6880 2676.545684814453 718.6022186279297 118.42643485177337 0.0 0.0 0.0 0.0 0.0 0.0 0.0
6897 2676.545684814453 722.0744476318359 117.62369330549032 0.0 0.0 0.0 0.0 0.0 0.0 0.0
6913 2680.018096923828 732.4910736083984 114.79542076985177 0.0 0.0 0.0 0.0 0.0 0.0 0.0
6930 2686.962432861328 739.4355316162109 112.23508185766565 0.0 0.0 0.0 0.0 0.0 0.0 0.0
6947 2693.907012939453 746.3799896240234 109.65619724146009 0.0 0.0 0.0 0.0 0.0 0.0 0.0
6963 2693.907012939453 767.2133026123047 105.50949038487488 0.0 0.0 0.0 0.0 0.0 0.0 0.0
6980 2700.851348876953 781.1022186279297 101.60936090438128 0.0 0.0 0.0 0.0 0.0 0.0 0.0
6997 2714.740264892578 826.2410736083984 91.70765487414931 0.0 0.0 0.0 0.0 0.0 0.0 0.0
7013 2718.212432861328 867.9077606201172 85.58480906667671 0.0 0.0 0.0 0.0 0.0 0.0 0.0
7030 2718.212432861328 895.6855316162109 82.40980235331958 0.0 0.0 0.0 0.0 0.0 0.0 0.0
7047 2714.740264892578 913.0466156005859 81.34141403122396 0.0 0.0 0.0 0.0 0.0 0.0 0.0
7063 2714.740264892578 916.5189056396484 80.96576445671664 0.0 0.0 0.0 0.0 0.0 0.0 0.0
7114 2700.851348876953 916.5189056396484 84.23545079573535 0.0 0.0 0.0 0.0 0.0 0.0 0.0
7130 2641.823516845703 871.3799896240234 104.02972043244867 0.0 0.0 0.0 0.0 0.0 0.0 0.0
7147 2586.268096923828 850.5466766357422 116.35321378567983 0.0 0.0 0.0 0.0 0.0 0.0 0.0
7164 2561.962432861328 850.5466766357422 119.33153710913834 0.0 0.0 0.0 0.0 0.0 0.0 0.0
7180 2541.129180908203 864.4355316162109 118.69373376528091 0.0 0.0 0.0 0.0 0.0 0.0 0.0
7197 2523.768096923828 895.6855316162109 114.20170096698945 0.0 0.0 0.0 0.0 0.0 0.0 0.0
7214 2506.406768798828 954.7133636474609 105.47650269404315 0.0 0.0 0.0 0.0 0.0 0.0 0.0
7230 2482.101348876953 1006.7966156005859 100.58735707504377 0.0 0.0 0.0 0.0 0.0 0.0 0.0
7247 2457.795684814453 1041.5189056396484 99.16008919070657 0.0 0.0 0.0 0.0 0.0 0.0 0.0
7264 2447.379180908203 1051.935531616211 99.33263483493621 0.0 0.0 0.0 0.0 0.0 0.0 0.0
7297 2443.906768798828 1051.935531616211 100.00396922732324 0.0 0.0 0.0 0.0 0.0 0.0 0.0
7314 2419.601348876953 1020.6855316162109 110.54846301779492 0.0 0.0 0.0 0.0 0.0 0.0 0.0
7364 2405.712432861328 1024.1578216552734 111.90335531170786 0.0 0.0 0.0 0.0 0.0 0.0 0.0
7380 2405.712432861328 1076.2410736083984 102.06406175025819 0.0 0.0 0.0 0.0 0.0 0.0 0.0
7397 2409.184600830078 1135.2689056396484 92.2169661936278 0.0 0.0 0.0 0.0 0.0 0.0 0.0
7414 2412.656768798828 1183.8799896240234 85.26532383837474 0.0 0.0 0.0 0.0 0.0 0.0 0.0
7430 2412.656768798828 1197.7689056396484 83.60925961376873 0.0 0.0 0.0 0.0 0.0 0.0 0.0
7447 2412.656768798828 1204.713363647461 82.80450013716256 0.0 0.0 0.0 0.0 0.0 0.0 0.0
7480 2398.768096923828 1201.2410736083984 86.46098642187167 0.0 0.0 0.0 0.0 0.0 0.0 0.0
7497 2329.323516845703 1163.046615600586 106.49410045513824 0.0 0.0 0.0 0.0 0.0 0.0 0.0
7514 2207.795684814453 1107.4910736083984 130.41729419596263 0.0 0.0 0.0 0.0 0.0 0.0 0.0
7530 2114.045684814453 1065.824447631836 143.14859686990314 0.0 0.0 0.0 0.0 0.0 0.0 0.0
7547 2082.795684814453 1062.352279663086 144.42108759058567 0.0 0.0 0.0 0.0 0.0 0.0 0.0
7564 2075.851348876953 1065.824447631836 143.60721871998226 0.0 0.0 0.0 0.0 0.0 0.0 0.0
7581 2086.268096923828 1121.3799896240234 128.5937928768715 0.0 0.0 0.0 0.0 0.0 0.0 0.0
7597 2100.156768798828 1187.352279663086 111.92406117057624 0.0 0.0 0.0 0.0 0.0 0.0 0.0
7614 2103.629180908203 1235.963363647461 102.08597757707045 0.0 0.0 0.0 0.0 0.0 0.0 0.0
7631 2103.629180908203 1267.213363647461 96.76738542116496 0.0 0.0 0.0 0.0 0.0 0.0 0.0
7647 2103.629180908203 1270.685531616211 96.18450604403631 0.0 0.0 0.0 0.0 0.0 0.0 0.0
7697 2096.684600830078 1270.685531616211 97.57927690470518 0.0 0.0 0.0 0.0 0.0 0.0 0.0
7714 2055.018096923828 1260.2689056396484 106.8333861444068 0.0 0.0 0.0 0.0 0.0 0.0 0.0
7731 1995.9902648925781 1239.435531616211 119.09727452027414 0.0 0.0 0.0 0.0 0.0 0.0 0.0
7747 1961.2678527832031 1232.4910736083984 124.32988278095979 0.0 0.0 0.0 0.0 0.0 0.0 0.0
7797 1961.2678527832031 1249.852279663086 120.2153160638315 0.0 0.0 0.0 0.0 0.0 0.0 0.0
7814 1971.6846008300781 1301.935531616211 107.67644621666199 0.0 0.0 0.0 0.0 0.0 0.0 0.0
7831 1985.5735168457031 1367.9078216552734 94.05247905779456 0.0 0.0 0.0 0.0 0.0 0.0 0.0
7847 1995.9902648925781 1430.4078216552734 83.9942147868818 0.0 0.0 0.0 0.0 0.0 0.0 0.0
7864 1995.9902648925781 1475.5467376708984 79.40523088748262 0.0 0.0 0.0 0.0 0.0 0.0 0.0
7881 1995.9902648925781 1499.852279663086 77.17015000966359 0.0 0.0 0.0 0.0 0.0 0.0 0.0
7914 1992.5178527832031 1503.324447631836 77.702758771356 0.0 0.0 0.0 0.0 0.0 0.0 0.0
7931 1950.8513488769531 1468.602279663086 92.18221174528429 0.0 0.0 0.0 0.0 0.0 0.0 0.0
7947 1905.7124328613281 1413.0467376708984 111.4700851717879 0.0 0.0 0.0 0.0 0.0 0.0 0.0
7964 1857.1013488769531 1367.9078216552734 127.25710959131703 0.0 0.0 0.0 0.0 0.0 0.0 0.0
7981 1836.2679748535156 1354.0189056396484 132.21926231309516 0.0 0.0 0.0 0.0 0.0 0.0 0.0
7998 1832.7956848144531 1354.0189056396484 132.44834444680293 0.0 0.0 0.0 0.0 0.0 0.0 0.0
8014 1832.7956848144531 1364.435531616211 129.80898713627545 0.0 0.0 0.0 0.0 0.0 0.0 0.0
8031 1832.7956848144531 1413.0467376708984 118.41072120053886 0.0 0.0 0.0 0.0 0.0 0.0 0.0
8048 1825.8513488769531 1472.074447631836 107.43331414234876 0.0 0.0 0.0 0.0 0.0 0.0 0.0
8064 1808.4901428222656 1541.5189056396484 98.5870780406361 0.0 0.0 0.0 0.0 0.0 0.0 0.0
8081 1798.0735168457031 1586.6578216552734 93.63342635058672 0.0 0.0 0.0 0.0 0.0 0.0 0.0
8098 1791.1290588378906 1614.435531616211 91.02300373422202 0.0 0.0 0.0 0.0 0.0 0.0 0.0
8114 1787.6568908691406 1624.852279663086 90.27152052005192 0.0 0.0 0.0 0.0 0.0 0.0 0.0
8131 1784.1846008300781 1624.852279663086 91.03272378469592 0.0 0.0 0.0 0.0 0.0 0.0 0.0
8148 1777.2401428222656 1624.852279663086 92.52774873834929 0.0 0.0 0.0 0.0 0.0 0.0 0.0
8164 1749.4624328613281 1617.9078216552734 99.22113836195263 0.0 0.0 0.0 0.0 0.0 0.0 0.0
8181 1704.3235168457031 1593.602279663086 111.4892071473773 0.0 0.0 0.0 0.0 0.0 0.0 0.0
8198 1655.7124328613281 1576.2410736083984 121.25198044196162 0.0 0.0 0.0 0.0 0.0 0.0 0.0
8214 1641.8235168457031 1576.2410736083984 122.75539433638511 0.0 0.0 0.0 0.0 0.0 0.0 0.0
8231 1634.8790588378906 1586.6578216552734 121.07096323061452 0.0 0.0 0.0 0.0 0.0 0.0 0.0
8248 1634.8790588378906 1621.3799896240234 113.37575718399509 0.0 0.0 0.0 0.0 0.0 0.0 0.0
8264 1634.8790588378906 1669.991195678711 103.90721942389214 0.0 0.0 0.0 0.0 0.0 0.0 0.0
8281 1631.4068908691406 1725.5467376708984 95.42169616786887 0.0 0.0 0.0 0.0 0.0 0.0 0.0
8298 1624.4624328613281 1753.324447631836 92.61427644706782 0.0 0.0 0.0 0.0 0.0 0.0 0.0
8314 1620.9901428222656 1763.741195678711 91.78863524872833 0.0 0.0 0.0 0.0 0.0 0.0 0.0
8331 1617.5179748535156 1763.741195678711 92.5360177058405 0.0 0.0 0.0 0.0 0.0 0.0 0.0
8348 1610.5735168457031 1763.741195678711 94.00293161730451 0.0 0.0 0.0 0.0 0.0 0.0 0.0
8364 1589.7401428222656 1763.741195678711 98.15407508241137 0.0 0.0 0.0 0.0 0.0 0.0 0.0
8381 1555.0179748535156 1742.9078216552734 108.25991402279845 0.0 0.0 0.0 0.0 0.0 0.0 0.0
8398 1506.4068908691406 1722.074447631836 119.19559063216204 0.0 0.0 0.0 0.0 0.0 0.0 0.0
8448 1489.0456848144531 1739.435531616211 117.4480572987006 0.0 0.0 0.0 0.0 0.0 0.0 0.0
8465 1489.0456848144531 1781.102279663086 108.73141990827654 0.0 0.0 0.0 0.0 0.0 0.0 0.0
8481 1489.0456848144531 1833.185531616211 99.36713101339163 0.0 0.0 0.0 0.0 0.0 0.0 0.0
8499 1485.5735168457031 1881.7967376708984 92.58016716638039 0.0 0.0 0.0 0.0 0.0 0.0 0.0
8515 1475.1568908691406 1895.685531616211 92.66609434490601 0.0 0.0 0.0 0.0 0.0 0.0 0.0
8531 1468.2124328613281 1906.102279663086 92.55067350772401 0.0 0.0 0.0 0.0 0.0 0.0 0.0
8548 1447.3790588378906 1906.102279663086 96.78773880083332 0.0 0.0 0.0 0.0 0.0 0.0 0.0
8565 1423.0735168457031 1906.102279663086 101.38433096249554 0.0 0.0 0.0 0.0 0.0 0.0 0.0
8581 1384.8790588378906 1895.685531616211 109.72385835670028 0.0 0.0 0.0 0.0 0.0 0.0 0.0
8598 1322.3790588378906 1867.9078216552734 123.22981176490435 0.0 0.0 0.0 0.0 0.0 0.0 0.0
8615 1280.7124328613281 1857.491195678711 129.2175967509865 0.0 0.0 0.0 0.0 0.0 0.0 0.0
8632 1249.4624328613281 1857.491195678711 131.42290300082107 0.0 0.0 0.0 0.0 0.0 0.0 0.0
8648 1225.1567687988281 1885.2689056396484 126.7255462397797 0.0 0.0 0.0 0.0 0.0 0.0 0.0
8665 1211.2679748535156 1930.407699584961 117.9957068815105 0.0 0.0 0.0 0.0 0.0 0.0 0.0
8681 1204.3235168457031 1965.130111694336 111.54034192320259 0.0 0.0 0.0 0.0 0.0 0.0 0.0
8698 1204.3235168457031 1992.907699584961 105.96870264286139 0.0 0.0 0.0 0.0 0.0 0.0 0.0
8715 1204.3235168457031 2010.269027709961 102.66910890584538 0.0 0.0 0.0 0.0 0.0 0.0 0.0
8731 1204.3235168457031 2013.741195678711 102.01689327628205 0.0 0.0 0.0 0.0 0.0 0.0 0.0
8798 1200.8512268066406 2013.741195678711 102.65836628157766 0.0 0.0 0.0 0.0 0.0 0.0 0.0
8832 1197.3790588378906 2020.685531616211 102.00322058505876 0.0 0.0 0.0 0.0 0.0 0.0 0.0
8848 1197.3790588378906 2034.574447631836 99.5096412688473 0.0 0.0 0.0 0.0 0.0 0.0 0.0
8865 1197.3790588378906 2069.296615600586 93.9534582931604 0.0 0.0 0.0 0.0 0.0 0.0 0.0
8882 1197.3790588378906 2121.380111694336 87.0075194946402 0.0 0.0 0.0 0.0 0.0 0.0 0.0
8898 1197.3790588378906 2156.102279663086 82.95818653129504 0.0 0.0 0.0 0.0 0.0 0.0 0.0
8948 1197.3790588378906 2169.991195678711 81.42840030525389 0.0 0.0 0.0 0.0 0.0 0.0 0.0
8982 1180.0179748535156 2169.991195678711 85.47006607720141 0.0 0.0 0.0 0.0 0.0 0.0 0.0
8999 1131.4067687988281 2142.213363647461 100.05430435915403 0.0 0.0 0.0 0.0 0.0 0.0 0.0
9015 1065.4346008300781 2104.019027709961 117.68816690506821 0.0 0.0 0.0 0.0 0.0 0.0 0.0
9032 1020.2956848144531 2083.185531616211 126.98649047054158 0.0 0.0 0.0 0.0 0.0 0.0 0.0
9049 1009.8790588378906 2079.713363647461 128.7204650418492 0.0 0.0 0.0 0.0 0.0 0.0 0.0
9082 1009.8790588378906 2093.602279663086 125.29632169066133 0.0 0.0 0.0 0.0 0.0 0.0 0.0
9099 1009.8790588378906 2142.213363647461 114.36783186349001 0.0 0.0 0.0 0.0 0.0 0.0 0.0
9115 1013.3512268066406 2201.241195678711 102.46533615550743 0.0 0.0 0.0 0.0 0.0 0.0 0.0
9132 1013.3512268066406 2267.213363647461 92.28262719659239 0.0 0.0 0.0 0.0 0.0 0.0 0.0
9149 1016.8235168457031 2312.352279663086 85.69548988323089 0.0 0.0 0.0 0.0 0.0 0.0 0.0
9165 1016.8235168457031 2329.713363647461 83.62418219712995 0.0 0.0 0.0 0.0 0.0 0.0 0.0
9199 1016.8235168457031 2336.657943725586 82.81895189284307 0.0 0.0 0.0 0.0 0.0 0.0 0.0