0 2035.7335205078125 1673.5628662109375 123.62333370180167 0.0 0.0 0.0 0.0 0.0 0.0 0.0
102 2035.7335205078125 1673.5628662109375 123.62333370180167 0.0 0.0 0.0 0.0 0.0 0.0 0.0
214 2035.7335205078125 1673.5628662109375 123.62333370180167 0.0 0.0 0.0 0.0 0.0 0.0 0.0
231 2035.7335205078125 1673.5628662109375 123.62333370180167 0.0 0.0 0.0 0.0 0.0 0.0 0.0
238 2035.7335205078125 1673.5628662109375 123.62333370180167 0.0 0.0 0.0 0.0 0.0 0.0 0.0
246 2035.7335205078125 1673.5628662109375 123.62333370180167 0.0 0.0 0.0 0.0 0.0 0.0 0.0
254 2035.7335205078125 1673.5628662109375 123.62333370180167 0.0 0.0 0.0 0.0 0.0 0.0 0.0
262 2035.7335205078125 1673.5628662109375 123.62333370180167 0.0 0.0 0.0 0.0 0.0 0.0 0.0
270 2035.7335205078125 1673.5628662109375 123.62333370180167 0.0 0.0 0.0 0.0 0.0 0.0 0.0
286 2035.7335205078125 1673.5628662109375 123.62333370180167 0.0 0.0 0.0 0.0 0.0 0.0 0.0
295 2035.7335205078125 1673.5628662109375 123.62333370180167 0.0 0.0 0.0 0.0 0.0 0.0 0.0
311 2035.7335205078125 1673.5628662109375 123.62333370180167 0.0 0.0 0.0 0.0 0.0 0.0 0.0
318 2035.7335205078125 1673.5628662109375 123.62333370180167 0.0 0.0 0.0 0.0 0.0 0.0 0.0
326 2035.7335205078125 1673.5628662109375 123.62333370180167 0.0 0.0 0.0 0.0 0.0 0.0 0.0
334 2035.7335205078125 1673.5628662109375 123.62333370180167 0.0 0.0 0.0 0.0 0.0 0.0 0.0
342 2035.7335205078125 1673.5628662109375 123.62333370180167 0.0 0.0 0.0 0.0 0.0 0.0 0.0
350 2035.7335205078125 1673.5628662109375 123.62333370180167 0.0 0.0 0.0 0.0 0.0 0.0 0.0
358 2035.7335205078125 1673.5628662109375 123.62333370180167 0.0 0.0 0.0 0.0 0.0 0.0 0.0
367 2035.7335205078125 1673.5628662109375 123.62333370180167 0.0 0.0 0.0 0.0 0.0 0.0 0.0
374 2035.7335205078125 1673.5628662109375 123.62333370180167 0.0 0.0 0.0 0.0 0.0 0.0 0.0
398 2035.7335205078125 1673.5628662109375 123.62333370180167 0.0 0.0 0.0 0.0 0.0 0.0 0.0
438 1915.5281524658203 1347.6121215820312 123.19772873626613 0.0 0.0 0.0 0.0 0.0 0.0 0.0
478 1912.9756622314453 1345.0597534179688 122.7861476003028 0.0 0.0 0.0 0.0 0.0 0.0 0.0
494 1910.4232940673828 1342.5073852539062 122.38823175114317 0.0 0.0 0.0 0.0 0.0 0.0 0.0
503 1907.8709259033203 1339.9548950195312 122.00353583510986 0.0 0.0 0.0 0.0 0.0 0.0 0.0
526 1902.7661895751953 1337.4025268554688 120.51514636391698 0.0 0.0 0.0 0.0 0.0 0.0 0.0
536 1902.7661895751953 1334.8501586914062 121.32006796391443 0.0 0.0 0.0 0.0 0.0 0.0 0.0
542 1900.2136993408203 1332.2977905273438 120.97083095328333 0.0 0.0 0.0 0.0 0.0 0.0 0.0
557 1895.1089630126953 1329.7453002929688 119.53076409639203 0.0 0.0 0.0 0.0 0.0 0.0 0.0
573 1887.4517364501953 1324.6405639648438 117.92626464762543 0.0 0.0 0.0 0.0 0.0 0.0 0.0
582 1884.8993682861328 1322.0881958007812 117.69051729851589 0.0 0.0 0.0 0.0 0.0 0.0 0.0
589 1882.3470001220703 1322.0881958007812 116.59456672463813 0.0 0.0 0.0 0.0 0.0 0.0 0.0
598 1882.3470001220703 1319.5358276367188 117.47589189621652 0.0 0.0 0.0 0.0 0.0 0.0 0.0
606 1879.7946319580078 1319.5358276367188 116.38324806521808 0.0 0.0 0.0 0.0 0.0 0.0 0.0
621 1877.2421417236328 1316.9833374023438 116.19938401044516 0.0 0.0 0.0 0.0 0.0 0.0 0.0
637 1874.6897735595703 1314.4309692382812 116.02172614628427 0.0 0.0 0.0 0.0 0.0 0.0 0.0
645 1872.1374053955078 1314.4309692382812 114.95201445380559 0.0 0.0 0.0 0.0 0.0 0.0 0.0
654 1869.5850372314453 1311.8786010742188 114.81637021788316 0.0 0.0 0.0 0.0 0.0 0.0 0.0
670 1867.0325469970703 1309.3262329101562 114.68524487544397 0.0 0.0 0.0 0.0 0.0 0.0 0.0
678 1861.9278106689453 1304.2213745117188 114.44026699397602 0.0 0.0 0.0 0.0 0.0 0.0 0.0
686 1859.3754425048828 1304.2213745117188 113.39611989451612 0.0 0.0 0.0 0.0 0.0 0.0 0.0
702 1856.8230743408203 1299.1166381835938 114.22400221462061 0.0 0.0 0.0 0.0 0.0 0.0 0.0
718 1854.2705841064453 1299.1166381835938 113.1833780282497 0.0 0.0 0.0 0.0 0.0 0.0 0.0
742 1849.1658477783203 1296.5642700195312 112.1194875713029 0.0 0.0 0.0 0.0 0.0 0.0 0.0
750 1846.6134796142578 1296.5642700195312 111.11435784631686 0.0 0.0 0.0 0.0 0.0 0.0 0.0
758 1841.5086212158203 1294.0117797851562 110.15349360875683 0.0 0.0 0.0 0.0 0.0 0.0 0.0
766 1836.4038848876953 1294.0117797851562 108.24547003841207 0.0 0.0 0.0 0.0 0.0 0.0 0.0
774 1831.2990264892578 1291.4594116210938 107.42913407032654 0.0 0.0 0.0 0.0 0.0 0.0 0.0
782 1823.6419219970703 1288.9070434570312 105.7923035535224 0.0 0.0 0.0 0.0 0.0 0.0 0.0
789 1818.5370635986328 1288.9070434570312 104.04307391925971 0.0 0.0 0.0 0.0 0.0 0.0 0.0
798 1813.4323272705078 1288.9070434570312 102.3601117296484 0.0 0.0 0.0 0.0 0.0 0.0 0.0
806 1805.7751007080078 1288.9070434570312 99.97955979197349 0.0 0.0 0.0 0.0 0.0 0.0 0.0
814 1803.2227325439453 1286.3546752929688 100.34776221510532 0.0 0.0 0.0 0.0 0.0 0.0 0.0
821 1795.5655059814453 1286.3546752929688 98.08506737242863 0.0 0.0 0.0 0.0 0.0 0.0 0.0
830 1787.9084014892578 1283.8021850585938 97.09788108829224 0.0 0.0 0.0 0.0 0.0 0.0 0.0
838 1785.3559112548828 1283.8021850585938 96.37983247607275 0.0 0.0 0.0 0.0 0.0 0.0 0.0
845 1777.6988067626953 1283.8021850585938 94.35618141688309 0.0 0.0 0.0 0.0 0.0 0.0 0.0
861 1775.1464385986328 1283.8021850585938 93.69613319071726 0.0 0.0 0.0 0.0 0.0 0.0 0.0
870 1767.4892120361328 1281.2498168945312 93.0220226541939 0.0 0.0 0.0 0.0 0.0 0.0 0.0
893 1764.9368438720703 1281.2498168945312 92.39074281265357 0.0 0.0 0.0 0.0 0.0 0.0 0.0
909 1762.3843536376953 1281.2498168945312 91.77315247595453 0.0 0.0 0.0 0.0 0.0 0.0 0.0
918 1759.8319854736328 1281.2498168945312 91.16904746395431 0.0 0.0 0.0 0.0 0.0 0.0 0.0
942 1757.2796173095703 1281.2498168945312 90.57820993271406 0.0 0.0 0.0 0.0 0.0 0.0 0.0
952 1752.1748809814453 1281.2498168945312 89.44751599348564 0.0 0.0 0.0 0.0 0.0 0.0 0.0
959 1749.6223907470703 1281.2498168945312 88.8947579618486 0.0 0.0 0.0 0.0 0.0 0.0 0.0
967 1747.0700225830078 1281.2498168945312 88.3543509968203 0.0 0.0 0.0 0.0 0.0 0.0 0.0
973 1741.9652862548828 1281.2498168945312 87.32092484591925 0.0 0.0 0.0 0.0 0.0 0.0 0.0
982 1734.3080596923828 1281.2498168945312 85.87129182709236 0.0 0.0 0.0 0.0 0.0 0.0 0.0
989 1729.2033233642578 1281.2498168945312 84.94804596372859 0.0 0.0 0.0 0.0 0.0 0.0 0.0
998 1726.6508331298828 1281.2498168945312 84.49699211560284 0.0 0.0 0.0 0.0 0.0 0.0 0.0
1007 1718.9937286376953 1281.2498168945312 83.23290502472315 0.0 0.0 0.0 0.0 0.0 0.0 0.0
1014 1713.8888702392578 1281.2498168945312 82.42832521563497 0.0 0.0 0.0 0.0 0.0 0.0 0.0
1022 1708.7841339111328 1281.2498168945312 81.66025088705231 0.0 0.0 0.0 0.0 0.0 0.0 0.0
1030 1706.2317657470703 1281.2498168945312 81.28515786076292 0.0 0.0 0.0 0.0 0.0 0.0 0.0
1037 1698.5745391845703 1281.2498168945312 80.23508842206155 0.0 0.0 0.0 0.0 0.0 0.0 0.0
1045 1693.4698028564453 1281.2498168945312 79.56719782380799 0.0 0.0 0.0 0.0 0.0 0.0 0.0
1053 1688.3649444580078 1281.2498168945312 78.9299009026667 0.0 0.0 0.0 0.0 0.0 0.0 0.0
1061 1678.1553497314453 1281.2498168945312 77.76759305150568 0.0 0.0 0.0 0.0 0.0 0.0 0.0
1070 1670.4982452392578 1281.2498168945312 76.95499907932532 0.0 0.0 0.0 0.0 0.0 0.0 0.0
1077 1660.2886505126953 1281.2498168945312 75.96754779398816 0.0 0.0 0.0 0.0 0.0 0.0 0.0
1087 1652.6314239501953 1281.2498168945312 75.27747658655761 0.0 0.0 0.0 0.0 0.0 0.0 0.0
1094 1642.4218292236328 1281.2498168945312 74.43925973364168 0.0 0.0 0.0 0.0 0.0 0.0 0.0
1105 1632.2122344970703 1281.2498168945312 73.6758123918379 0.0 0.0 0.0 0.0 0.0 0.0 0.0
1110 1622.0026397705078 1278.6974487304688 74.25750386358624 0.0 0.0 0.0 0.0 0.0 0.0 0.0
1119 1609.2406768798828 1278.6974487304688 73.34388918026792 0.0 0.0 0.0 0.0 0.0 0.0 0.0
1126 1596.4787139892578 1276.1450805664062 73.78053811991708 0.0 0.0 0.0 0.0 0.0 0.0 0.0
1136 1583.7167510986328 1273.5927124023438 74.16834476406382 0.0 0.0 0.0 0.0 0.0 0.0 0.0
1142 1576.0595245361328 1273.5927124023438 73.60125617202601 0.0 0.0 0.0 0.0 0.0 0.0 0.0
1152 1570.9547882080078 1271.0402221679688 74.57649350069681 0.0 0.0 0.0 0.0 0.0 0.0 0.0
1158 1563.2975616455078 1268.4878540039062 75.28412949304146 0.0 0.0 0.0 0.0 0.0 0.0 0.0
1166 1553.0880889892578 1265.9354858398438 75.71749749032875 0.0 0.0 0.0 0.0 0.0 0.0 0.0
1184 1550.5355987548828 1263.3831176757812 76.84086754258539 0.0 0.0 0.0 0.0 0.0 0.0 0.0
1190 1542.8784942626953 1263.3831176757812 76.0912902608714 0.0 0.0 0.0 0.0 0.0 0.0 0.0
1198 1540.3260040283203 1260.8307495117188 77.20407526384412 0.0 0.0 0.0 0.0 0.0 0.0 0.0
1206 1535.2212677001953 1258.2782592773438 77.9976064211034 0.0 0.0 0.0 0.0 0.0 0.0 0.0
1214 1527.5640411376953 1258.2782592773438 77.16940893112047 0.0 0.0 0.0 0.0 0.0 0.0 0.0
1222 1525.0116729736328 1255.7258911132812 78.25160600589243 0.0 0.0 0.0 0.0 0.0 0.0 0.0
1230 1517.3544464111328 1248.0686645507812 81.23183508076585 0.0 0.0 0.0 0.0 0.0 0.0 0.0
1238 1512.2497100830078 1248.0686645507812 80.51830147536089 0.0 0.0 0.0 0.0 0.0 0.0 0.0
1246 1507.1449737548828 1245.5162963867188 81.1423324721273 0.0 0.0 0.0 0.0 0.0 0.0 0.0
1254 1502.0401153564453 1240.4115600585938 83.01900031202962 0.0 0.0 0.0 0.0 0.0 0.0 0.0
1262 1494.3828887939453 1237.8591918945312 83.11695969341508 0.0 0.0 0.0 0.0 0.0 0.0 0.0
1270 1494.3828887939453 1235.3067016601562 84.46072260197451 0.0 0.0 0.0 0.0 0.0 0.0 0.0
1278 1484.1734161376953 1230.2019653320312 85.25944640145298 0.0 0.0 0.0 0.0 0.0 0.0 0.0
1286 1481.6209259033203 1227.6495971679688 86.10107326875112 0.0 0.0 0.0 0.0 0.0 0.0 0.0
1294 1473.9638214111328 1222.5447387695312 87.20045285634734 0.0 0.0 0.0 0.0 0.0 0.0 0.0
1302 1471.4113311767578 1217.4400024414062 89.24285652071006 0.0 0.0 0.0 0.0 0.0 0.0 0.0
1310 1466.3065948486328 1217.4400024414062 88.17037263190736 0.0 0.0 0.0 0.0 0.0 0.0 0.0
1320 1461.2018585205078 1209.7827758789062 90.83403306549411 0.0 0.0 0.0 0.0 0.0 0.0 0.0
1326 1458.6493682861328 1207.2304077148438 91.50077643280741 0.0 0.0 0.0 0.0 0.0 0.0 0.0
1335 1450.9922637939453 1202.1255493164062 92.16427291115991 0.0 0.0 0.0 0.0 0.0 0.0 0.0
1342 1445.8874053955078 1197.0208129882812 93.37359864648096 0.0 0.0 0.0 0.0 0.0 0.0 0.0
1353 1440.7826690673828 1191.9160766601562 94.50710520458796 0.0 0.0 0.0 0.0 0.0 0.0 0.0
1358 1433.1254425048828 1189.3635864257812 93.77493125207769 0.0 0.0 0.0 0.0 0.0 0.0 0.0
1366 1425.4683380126953 1179.1541137695312 96.49522415249436 0.0 0.0 0.0 0.0 0.0 0.0 0.0
1374 1420.3634796142578 1176.6016235351562 96.28601154445914 0.0 0.0 0.0 0.0 0.0 0.0 0.0
1382 1412.7062530517578 1171.4968872070312 96.55924100503285 0.0 0.0 0.0 0.0 0.0 0.0 0.0
1390 1405.0491485595703 1163.8396606445312 97.91395404200341 0.0 0.0 0.0 0.0 0.0 0.0 0.0
1400 1399.9442901611328 1158.7349243164062 98.75927311461044 0.0 0.0 0.0 0.0 0.0 0.0 0.0
1406 1394.8395538330078 1156.1825561523438 98.4318360777541 0.0 0.0 0.0 0.0 0.0 0.0 0.0
1414 1389.7346954345703 1151.0776977539062 99.24402510597594 0.0 0.0 0.0 0.0 0.0 0.0 0.0
1421 1384.6299591064453 1148.5253295898438 98.89132389763353 0.0 0.0 0.0 0.0 0.0 0.0 0.0
1430 1376.9727325439453 1140.8681030273438 100.02888532816274 0.0 0.0 0.0 0.0 0.0 0.0 0.0
1437 1374.4203643798828 1140.8681030273438 99.25058210231549 0.0 0.0 0.0 0.0 0.0 0.0 0.0
1446 1369.3156280517578 1138.3157348632812 98.8975421343892 0.0 0.0 0.0 0.0 0.0 0.0 0.0
1453 1364.2107696533203 1133.2109985351562 99.67981850170958 0.0 0.0 0.0 0.0 0.0 0.0 0.0
1461 1361.6584014892578 1130.6585083007812 100.05803819616096 0.0 0.0 0.0 0.0 0.0 0.0 0.0
1470 1356.5536651611328 1128.1061401367188 99.6629746361067 0.0 0.0 0.0 0.0 0.0 0.0 0.0
1477 1348.8964385986328 1125.5537719726562 98.56413889856663 0.0 0.0 0.0 0.0 0.0 0.0 0.0
1486 1343.7917022705078 1120.4489135742188 99.3678666966768 0.0 0.0 0.0 0.0 0.0 0.0 0.0
1494 1338.6868438720703 1115.3441772460938 100.11990456818972 0.0 0.0 0.0 0.0 0.0 0.0 0.0
1502 1333.5821075439453 1112.7918090820312 99.72163335330202 0.0 0.0 0.0 0.0 0.0 0.0 0.0
1509 1328.4772491455078 1107.6869506835938 100.45097043873471 0.0 0.0 0.0 0.0 0.0 0.0 0.0
1518 1320.8201446533203 1102.5822143554688 100.38339094748358 0.0 0.0 0.0 0.0 0.0 0.0 0.0
1525 1318.2676544189453 1100.0298461914062 100.7381187518485 0.0 0.0 0.0 0.0 0.0 0.0 0.0
1534 1313.1629180908203 1097.4773559570312 100.30773163874773 0.0 0.0 0.0 0.0 0.0 0.0 0.0
1542 1305.5056915283203 1092.3726196289062 100.25182895029894 0.0 0.0 0.0 0.0 0.0 0.0 0.0
1551 1300.4009552001953 1087.2678833007812 100.94700448114924 0.0 0.0 0.0 0.0 0.0 0.0 0.0
1566 1295.2960968017578 1082.1630249023438 101.59732014926061 0.0 0.0 0.0 0.0 0.0 0.0 0.0
1573 1287.6389923095703 1079.6106567382812 100.36267389886814 0.0 0.0 0.0 0.0 0.0 0.0 0.0
1583 1282.5341339111328 1074.5059204101562 101.05064996520923 0.0 0.0 0.0 0.0 0.0 0.0 0.0
1589 1277.4293975830078 1071.9534301757812 100.60407389913274 0.0 0.0 0.0 0.0 0.0 0.0 0.0
1601 1269.7721710205078 1064.2963256835938 101.58119185917832 0.0 0.0 0.0 0.0 0.0 0.0 0.0
1617 1264.6674346923828 1061.7438354492188 101.1071014943966 0.0 0.0 0.0 0.0 0.0 0.0 0.0
1622 1262.1150665283203 1059.1914672851562 101.43774640630909 0.0 0.0 0.0 0.0 0.0 0.0 0.0
1630 1259.5625762939453 1059.1914672851562 100.63109852680901 0.0 0.0 0.0 0.0 0.0 0.0 0.0
1637 1257.0102081298828 1054.0867309570312 102.08380238764101 0.0 0.0 0.0 0.0 0.0 0.0 0.0
1645 1251.9054718017578 1054.0867309570312 100.47674649506035 0.0 0.0 0.0 0.0 0.0 0.0 0.0
1654 1249.3529815673828 1051.5343627929688 100.8283419381275 0.0 0.0 0.0 0.0 0.0 0.0 0.0
1662 1244.2482452392578 1046.4295043945312 101.4863693295992 0.0 0.0 0.0 0.0 0.0 0.0 0.0
1670 1236.5910186767578 1041.3247680664062 101.33398142810216 0.0 0.0 0.0 0.0 0.0 0.0 0.0
1678 1236.5910186767578 1038.7722778320312 102.47260935812272 0.0 0.0 0.0 0.0 0.0 0.0 0.0
1686 1231.4862823486328 1036.2199096679688 101.95226926773427 0.0 0.0 0.0 0.0 0.0 0.0 0.0
1694 1228.9339141845703 1033.6675415039062 102.25470009345509 0.0 0.0 0.0 0.0 0.0 0.0 0.0
1702 1223.8290557861328 1028.5628051757812 102.82041665568431 0.0 0.0 0.0 0.0 0.0 0.0 0.0
1718 1221.2766876220703 1026.0103149414062 103.09384208504974 0.0 0.0 0.0 0.0 0.0 0.0 0.0
1726 1221.2766876220703 1023.4579467773438 104.20634650910847 0.0 0.0 0.0 0.0 0.0 0.0 0.0
1734 1216.1719512939453 1020.9055786132812 103.59656453964044 0.0 0.0 0.0 0.0 0.0 0.0 0.0
1742 1216.1719512939453 1018.3532104492188 104.70144865080562 0.0 0.0 0.0 0.0 0.0 0.0 0.0
1798 1213.6194610595703 1018.3532104492188 103.8310598777528 0.0 0.0 0.0 0.0 0.0 0.0 0.0
1910 1213.6194610595703 1015.8007202148438 104.93242389026301 0.0 0.0 0.0 0.0 0.0 0.0 0.0
1918 1211.0670928955078 1013.2483520507812 105.13494235868728 0.0 0.0 0.0 0.0 0.0 0.0 0.0
1942 1211.0670928955078 1010.6959838867188 106.21600220007446 0.0 0.0 0.0 0.0 0.0 0.0 0.0
1954 1208.5147247314453 1010.6959838867188 105.31690208195403 0.0 0.0 0.0 0.0 0.0 0.0 0.0
1998 1208.5147247314453 1008.1436157226562 106.39507698338554 0.0 0.0 0.0 0.0 0.0 0.0 0.0
2014 1208.5147247314453 1005.5912475585938 107.45608574862075 0.0 0.0 0.0 0.0 0.0 0.0 0.0
2030 1208.5147247314453 1003.0387573242188 108.49981019073044 0.0 0.0 0.0 0.0 0.0 0.0 0.0
2110 1208.5147247314453 1000.4863891601562 109.52617261794313 0.0 0.0 0.0 0.0 0.0 0.0 0.0
2126 1208.5147247314453 997.9340209960938 110.5351633950176 0.0 0.0 0.0 0.0 0.0 0.0 0.0
2142 1208.5147247314453 995.3816528320312 111.52678045185343 0.0 0.0 0.0 0.0 0.0 0.0 0.0
2166 1208.5147247314453 992.8292846679688 112.50103670647928 0.0 0.0 0.0 0.0 0.0 0.0 0.0
2174 1208.5147247314453 990.2767944335938 113.45800494038616 0.0 0.0 0.0 0.0 0.0 0.0 0.0
2182 1208.5147247314453 987.7244262695312 114.39768681246073 0.0 0.0 0.0 0.0 0.0 0.0 0.0
2191 1208.5147247314453 985.1720581054688 115.32014112055896 0.0 0.0 0.0 0.0 0.0 0.0 0.0
2202 1208.5147247314453 982.6196899414062 116.22549443306599 0.0 0.0 0.0 0.0 0.0 0.0 0.0
2207 1208.5147247314453 980.0671997070312 117.11384449998747 0.0 0.0 0.0 0.0 0.0 0.0 0.0
2217 1208.5147247314453 977.5148315429688 117.98524265938494 0.0 0.0 0.0 0.0 0.0 0.0 0.0
2222 1211.0670928955078 974.9624633789062 119.96469450482317 0.0 0.0 0.0 0.0 0.0 0.0 0.0
2237 1211.0670928955078 972.4100952148438 120.78060154855905 0.0 0.0 0.0 0.0 0.0 0.0 0.0
2262 1213.6194610595703 967.3052368164062 123.49762936843513 0.0 0.0 0.0 0.0 0.0 0.0 0.0
2274 1213.6194610595703 964.7528686523438 124.2420995678878 0.0 0.0 0.0 0.0 0.0 0.0 0.0
2294 1216.1719512939453 962.2005004882812 126.17593573406634 0.0 0.0 0.0 0.0 0.0 0.0 0.0
2310 1218.7243194580078 959.6481323242188 128.09104925705407 0.0 0.0 0.0 0.0 0.0 0.0 0.0
2390 1218.7243194580078 957.0956420898438 128.73868724540716 0.0 0.0 0.0 0.0 0.0 0.0 0.0
2398 1221.2766876220703 957.0956420898438 130.0132339660379 0.0 0.0 0.0 0.0 0.0 0.0 0.0
2422 1221.2766876220703 954.5432739257812 130.6191670666912 0.0 0.0 0.0 0.0 0.0 0.0 0.0
2431 1223.8290557861328 951.9909057617188 132.4833403609092 0.0 0.0 0.0 0.0 0.0 0.0 0.0
2438 1226.3814239501953 951.9909057617188 133.795940743627 0.0 0.0 0.0 0.0 0.0 0.0 0.0
2448 1226.3814239501953 949.4385375976562 134.31796826995839 0.0 0.0 0.0 0.0 0.0 0.0 0.0
2458 1228.9339141845703 949.4385375976562 135.6471908059347 0.0 0.0 0.0 0.0 0.0 0.0 0.0
2462 1231.4862823486328 949.4385375976562 136.98749970651903 0.0 0.0 0.0 0.0 0.0 0.0 0.0
2469 1234.0386505126953 946.8861694335938 138.75996180812734 0.0 0.0 0.0 0.0 0.0 0.0 0.0
2510 1236.5910186767578 944.3336791992188 140.50316971804205 0.0 0.0 0.0 0.0 0.0 0.0 0.0
2518 1239.1435089111328 944.3336791992188 141.8779180333579 0.0 0.0 0.0 0.0 0.0 0.0 0.0
2526 1241.6958770751953 941.7813110351562 143.5657596209877 0.0 0.0 0.0 0.0 0.0 0.0 0.0
2535 1244.2482452392578 941.7813110351562 144.9569268341383 0.0 0.0 0.0 0.0 0.0 0.0 0.0
2542 1251.9054718017578 941.7813110351562 149.1822342297762 0.0 0.0 0.0 0.0 0.0 0.0 0.0
2553 1254.4578399658203 939.2289428710938 150.7222428005826 0.0 0.0 0.0 0.0 0.0 0.0 0.0
2559 1259.5625762939453 939.2289428710938 153.55492442681413 0.0 0.0 0.0 0.0 0.0 0.0 0.0
2567 1262.1150665283203 934.1240844726562 155.0173407263435 0.0 0.0 0.0 0.0 0.0 0.0 0.0
2582 1267.2198028564453 934.1240844726562 157.8508534490532 0.0 0.0 0.0 0.0 0.0 0.0 0.0
2589 1269.7721710205078 934.1240844726562 159.26558711125148 0.0 0.0 0.0 0.0 0.0 0.0 0.0
2605 1274.8770294189453 934.1240844726562 162.0844053788668 0.0 0.0 0.0 0.0 0.0 0.0 0.0
2614 1277.4293975830078 931.5717163085938 163.3079352979084 0.0 0.0 0.0 0.0 0.0 0.0 0.0
2621 1282.5341339111328 931.5717163085938 166.0984870512493 0.0 0.0 0.0 0.0 0.0 0.0 0.0
2630 1285.0865020751953 931.5717163085938 167.48689817421842 0.0 0.0 0.0 0.0 0.0 0.0 0.0
2646 1287.6389923095703 931.5717163085938 168.86810813004195 0.0 0.0 0.0 0.0 0.0 0.0 0.0
2653 1290.1913604736328 931.5717163085938 170.24123672106344 0.0 0.0 0.0 0.0 0.0 0.0 0.0
2669 1295.2960968017578 926.4669799804688 172.17020346875125 0.0 0.0 0.0 0.0 0.0 0.0 0.0
2702 1300.4009552001953 923.91455078125 174.40969083642938 0.0 0.0 0.0 0.0 0.0 0.0 0.0
2710 1302.9533233642578 923.91455078125 175.74294336965633 0.0 0.0 0.0 0.0 0.0 0.0 0.0
2718 1308.0580596923828 923.91455078125 178.3634642226031 0.0 0.0 0.0 0.0 0.0 0.0 0.0
2728 1310.6105499267578 923.91455078125 179.66084926979767 0.0 0.0 0.0 0.0 0.0 0.0 0.0
2737 1313.1629180908203 921.3621826171875 180.36495004490513 0.0 0.0 0.0 0.0 0.0 0.0 0.0
2766 1315.7152862548828 921.3621826171875 181.64181044285357 0.0 0.0 0.0 0.0 0.0 0.0 0.0
2774 1318.2676544189453 921.3621826171875 182.90479134212842 0.0 0.0 0.0 0.0 0.0 0.0 0.0
2789 1325.9248809814453 921.3621826171875 186.56516147173548 0.0 0.0 0.0 0.0 0.0 0.0 0.0
2806 1331.0296173095703 921.3621826171875 188.94240466029024 0.0 0.0 0.0 0.0 0.0 0.0 0.0
2815 1331.0296173095703 918.8097534179688 188.1862160597163 0.0 0.0 0.0 0.0 0.0 0.0 0.0
2831 1333.5821075439453 918.8097534179688 189.36886195164345 0.0 0.0 0.0 0.0 0.0 0.0 0.0
2846 1338.6868438720703 918.8097534179688 191.66987841007816 0.0 0.0 0.0 0.0 0.0 0.0 0.0
2854 1341.2392120361328 918.8097534179688 192.80351590710097 0.0 0.0 0.0 0.0 0.0 0.0 0.0
2861 1343.7917022705078 916.2573852539062 193.07755908685104 0.0 0.0 0.0 0.0 0.0 0.0 0.0
2870 1351.4488067626953 916.2573852539062 196.31739368481206 0.0 0.0 0.0 0.0 0.0 0.0 0.0
2878 1359.1060333251953 916.2573852539062 199.40402225856354 0.0 0.0 0.0 0.0 0.0 0.0 0.0
2887 1369.3156280517578 916.2573852539062 203.24961680119446 0.0 0.0 0.0 0.0 0.0 0.0 0.0
2894 1379.5252227783203 916.2573852539062 206.8272186563429 0.0 0.0 0.0 0.0 0.0 0.0 0.0
2904 1382.0775909423828 916.2573852539062 207.70414685158858 0.0 0.0 0.0 0.0 0.0 0.0 0.0
2910 1387.1823272705078 916.2573852539062 209.39182189682603 0.0 0.0 0.0 0.0 0.0 0.0 0.0
2918 1389.7346954345703 916.2573852539062 210.2190349135118 0.0 0.0 0.0 0.0 0.0 0.0 0.0
2958 1392.2871856689453 916.2573852539062 211.0299254190467 0.0 0.0 0.0 0.0 0.0 0.0 0.0
2966 1397.3919219970703 916.2573852539062 212.58795394924678 0.0 0.0 0.0 0.0 0.0 0.0 0.0
2974 1402.4967803955078 916.2573852539062 214.08368410282378 0.0 0.0 0.0 0.0 0.0 0.0 0.0
2983 1410.1538848876953 916.2573852539062 216.19302848912872 0.0 0.0 0.0 0.0 0.0 0.0 0.0
2990 1415.2587432861328 913.7049560546875 216.35945983967798 0.0 0.0 0.0 0.0 0.0 0.0 0.0
3000 1417.8111114501953 913.7049560546875 217.04410863005054 0.0 0.0 0.0 0.0 0.0 0.0 0.0
3007 1422.9158477783203 913.7049560546875 218.35628668389043 0.0 0.0 0.0 0.0 0.0 0.0 0.0
3022 1425.4683380126953 913.7049560546875 218.99824030991732 0.0 0.0 0.0 0.0 0.0 0.0 0.0
3033 1428.0207061767578 911.152587890625 218.3969268157076 0.0 0.0 0.0 0.0 0.0 0.0 0.0
3047 1433.1254425048828 911.152587890625 219.65193796428437 0.0 0.0 0.0 0.0 0.0 0.0 0.0
3056 1438.2303009033203 911.152587890625 220.853399666679 0.0 0.0 0.0 0.0 0.0 0.0 0.0
3062 1440.7826690673828 911.152587890625 221.4408762322587 0.0 0.0 0.0 0.0 0.0 0.0 0.0
3073 1443.3350372314453 908.6002197265625 220.76119850274048 0.0 0.0 0.0 0.0 0.0 0.0 0.0
3078 1445.8874053955078 908.6002197265625 221.35068283806083 0.0 0.0 0.0 0.0 0.0 0.0 0.0
3093 1448.4398956298828 908.6002197265625 221.9271997956763 0.0 0.0 0.0 0.0 0.0 0.0 0.0
3126 1453.5446319580078 906.0477905273438 221.7931924672282 0.0 0.0 0.0 0.0 0.0 0.0 0.0
3134 1458.6493682861328 906.0477905273438 222.90207003065902 0.0 0.0 0.0 0.0 0.0 0.0 0.0
3142 1461.2018585205078 903.4954223632812 222.1761020156716 0.0 0.0 0.0 0.0 0.0 0.0 0.0
3151 1471.4113311767578 903.4954223632812 224.26911895086107 0.0 0.0 0.0 0.0 0.0 0.0 0.0
3158 1481.6209259033203 900.9429931640625 224.9735698204713 0.0 0.0 0.0 0.0 0.0 0.0 0.0
3167 1484.1734161376953 900.9429931640625 225.4690732962485 0.0 0.0 0.0 0.0 0.0 0.0 0.0
3175 1486.7257843017578 900.9429931640625 225.95330898833782 0.0 0.0 0.0 0.0 0.0 0.0 0.0
3183 1491.8305206298828 898.390625 225.60900226742723 0.0 0.0 0.0 0.0 0.0 0.0 0.0
3222 1496.9353790283203 898.390625 226.54971888062423 0.0 0.0 0.0 0.0 0.0 0.0 0.0
3230 1502.0401153564453 898.390625 227.4483519907359 0.0 0.0 0.0 0.0 0.0 0.0 0.0
3238 1507.1449737548828 895.8381958007812 227.02623138140484 0.0 0.0 0.0 0.0 0.0 0.0 0.0
3247 1509.6973419189453 895.8381958007812 227.47492381081457 0.0 0.0 0.0 0.0 0.0 0.0 0.0
3256 1512.2497100830078 895.8381958007812 227.91331762480792 0.0 0.0 0.0 0.0 0.0 0.0 0.0
3262 1514.8020782470703 895.8381958007812 228.341634915241 0.0 0.0 0.0 0.0 0.0 0.0 0.0
3310 1517.3544464111328 895.8381958007812 228.76006060390563 0.0 0.0 0.0 0.0 0.0 0.0 0.0
3326 1525.0116729736328 895.8381958007812 229.93207847039884 0.0 0.0 0.0 0.0 0.0 0.0 0.0
3335 1527.5640411376953 893.2858276367188 228.98958891979473 0.0 0.0 0.0 0.0 0.0 0.0 0.0
3353 1532.6688995361328 890.7333984375 228.4875046979376 0.0 0.0 0.0 0.0 0.0 0.0 0.0
3374 1535.2212677001953 890.7333984375 228.9025741989832 0.0 0.0 0.0 0.0 0.0 0.0 0.0
3398 1537.7736358642578 890.7333984375 229.3080327874074 0.0 0.0 0.0 0.0 0.0 0.0 0.0
3405 1540.3260040283203 890.7333984375 229.704077062684 0.0 0.0 0.0 0.0 0.0 0.0 0.0
3413 1547.9832305908203 888.1810302734375 229.54426003233138 0.0 0.0 0.0 0.0 0.0 0.0 0.0
3422 1547.9832305908203 885.628662109375 228.1945626448914 0.0 0.0 0.0 0.0 0.0 0.0 0.0
3433 1550.5355987548828 885.628662109375 228.61638534536627 0.0 0.0 0.0 0.0 0.0 0.0 0.0
3439 1555.6404571533203 885.628662109375 229.42195533612932 0.0 0.0 0.0 0.0 0.0 0.0 0.0
3449 1558.1928253173828 883.0762329101562 228.49472565953084 0.0 0.0 0.0 0.0 0.0 0.0 0.0
3469 1560.7451934814453 880.5238647460938 227.595520598984 0.0 0.0 0.0 0.0 0.0 0.0 0.0
3478 1568.4024200439453 880.5238647460938 228.84488004951692 0.0 0.0 0.0 0.0 0.0 0.0 0.0
3485 1570.9547882080078 877.971435546875 227.93504903297622 0.0 0.0 0.0 0.0 0.0 0.0 0.0
3493 1573.5071563720703 877.971435546875 228.36283387727352 0.0 0.0 0.0 0.0 0.0 0.0 0.0
3502 1581.1643829345703 872.8666381835938 227.05664911497237 0.0 0.0 0.0 0.0 0.0 0.0 0.0
3511 1583.7167510986328 872.8666381835938 227.50462677118296 0.0 0.0 0.0 0.0 0.0 0.0 0.0
3518 1586.2691192626953 870.3142700195312 226.63554622154624 0.0 0.0 0.0 0.0 0.0 0.0 0.0
3525 1591.3739776611328 870.3142700195312 227.5303639558411 0.0 0.0 0.0 0.0 0.0 0.0 0.0
3534 1591.3739776611328 867.7619018554688 226.19651438262756 0.0 0.0 0.0 0.0 0.0 0.0 0.0
3542 1593.9263458251953 867.7619018554688 226.66417051421703 0.0 0.0 0.0 0.0 0.0 0.0 0.0
3550 1599.0310821533203 865.20947265625 226.28277414740393 0.0 0.0 0.0 0.0 0.0 0.0 0.0
3558 1601.5835723876953 862.6571044921875 225.45125786559942 0.0 0.0 0.0 0.0 0.0 0.0 0.0
3567 1604.1359405517578 862.6571044921875 225.93588347135028 0.0 0.0 0.0 0.0 0.0 0.0 0.0
3574 1606.6883087158203 862.6571044921875 226.4094806628729 0.0 0.0 0.0 0.0 0.0 0.0 0.0
3584 1611.7931671142578 860.1046752929688 226.0413921960146 0.0 0.0 0.0 0.0 0.0 0.0 0.0
3590 1619.4502716064453 857.5523071289062 226.1471919370909 0.0 0.0 0.0 0.0 0.0 0.0 0.0
3605 1624.5551300048828 854.9998779296875 225.79275064907645 0.0 0.0 0.0 0.0 0.0 0.0 0.0
3614 1629.6598663330078 854.9998779296875 226.72522810698217 0.0 0.0 0.0 0.0 0.0 0.0 0.0
3622 1634.7647247314453 854.9998779296875 227.6160263492352 0.0 0.0 0.0 0.0 0.0 0.0 0.0
3630 1634.7647247314453 852.447509765625 226.2815065436463 0.0 0.0 0.0 0.0 0.0 0.0 0.0
3638 1639.8694610595703 852.447509765625 227.19214676955045 0.0 0.0 0.0 0.0 0.0 0.0 0.0
3646 1644.9741973876953 852.447509765625 228.06197076619128 0.0 0.0 0.0 0.0 0.0 0.0 0.0
3653 1652.6314239501953 847.3427124023438 226.77968503166352 0.0 0.0 0.0 0.0 0.0 0.0 0.0
3662 1655.1837921142578 847.3427124023438 227.23399206763722 0.0 0.0 0.0 0.0 0.0 0.0 0.0
3669 1662.8410186767578 844.7903442382812 227.25332019496392 0.0 0.0 0.0 0.0 0.0 0.0 0.0
3678 1667.9457550048828 842.2379150390625 226.84130918862797 0.0 0.0 0.0 0.0 0.0 0.0 0.0
3685 1673.0506134033203 842.2379150390625 227.72689370255665 0.0 0.0 0.0 0.0 0.0 0.0 0.0
3693 1675.6029815673828 842.2379150390625 228.1594915621821 0.0 0.0 0.0 0.0 0.0 0.0 0.0
3702 1685.8125762939453 837.1331176757812 227.28665563498862 0.0 0.0 0.0 0.0 0.0 0.0 0.0
3725 1690.9173126220703 834.5807495117188 226.87292206984705 0.0 0.0 0.0 0.0 0.0 0.0 0.0
3806 1693.4698028564453 834.5807495117188 227.32515932388918 0.0 0.0 0.0 0.0 0.0 0.0 0.0
3815 1693.4698028564453 832.0283203125 225.99298564855403 0.0 0.0 0.0 0.0 0.0 0.0 0.0
3822 1698.5745391845703 832.0283203125 226.9165452192016 0.0 0.0 0.0 0.0 0.0 0.0 0.0
3838 1701.1269073486328 829.4759521484375 226.06552027159196 0.0 0.0 0.0 0.0 0.0 0.0 0.0
3869 1703.6792755126953 826.923583984375 225.24068650915711 0.0 0.0 0.0 0.0 0.0 0.0 0.0
3878 1706.2317657470703 824.3711547851562 224.4414115480973 0.0 0.0 0.0 0.0 0.0 0.0 0.0
3885 1706.2317657470703 821.8187866210938 223.13506119895632 0.0 0.0 0.0 0.0 0.0 0.0 0.0
3894 1708.7841339111328 819.266357421875 222.40168166954737 0.0 0.0 0.0 0.0 0.0 0.0 0.0
3901 1711.3365020751953 814.1615600585938 220.45266276912128 0.0 0.0 0.0 0.0 0.0 0.0 0.0
3918 1711.3365020751953 811.6091918945312 219.18723461389862 0.0 0.0 0.0 0.0 0.0 0.0 0.0
3926 1713.8888702392578 809.0567626953125 218.57979598077833 0.0 0.0 0.0 0.0 0.0 0.0 0.0
3934 1716.4413604736328 803.9520263671875 216.79431806883875 0.0 0.0 0.0 0.0 0.0 0.0 0.0
3941 1718.9937286376953 796.2947998046875 213.93875165176865 0.0 0.0 0.0 0.0 0.0 0.0 0.0
3950 1718.9937286376953 793.742431640625 212.75277022015985 0.0 0.0 0.0 0.0 0.0 0.0 0.0
3957 1721.5460968017578 783.5328369140625 209.06601260464424 0.0 0.0 0.0 0.0 0.0 0.0 0.0
3966 1721.5460968017578 778.4280395507812 206.86523829002576 0.0 0.0 0.0 0.0 0.0 0.0 0.0
3974 1724.0984649658203 770.7708740234375 204.60807164320153 0.0 0.0 0.0 0.0 0.0 0.0 0.0
3984 1726.6508331298828 763.1137084960938 202.49528199704838 0.0 0.0 0.0 0.0 0.0 0.0 0.0
3991 1726.6508331298828 758.0089111328125 200.5060506817127 0.0 0.0 0.0 0.0 0.0 0.0 0.0
3998 1726.6508331298828 752.9041137695312 198.585622005584 0.0 0.0 0.0 0.0 0.0 0.0 0.0
4005 1729.2033233642578 747.79931640625 197.7521338238434 0.0 0.0 0.0 0.0 0.0 0.0 0.0
4015 1729.2033233642578 745.2468872070312 196.82451232635404 0.0 0.0 0.0 0.0 0.0 0.0 0.0
4021 1729.2033233642578 737.5897216796875 194.1914496566266 0.0 0.0 0.0 0.0 0.0 0.0 0.0
4037 1729.2033233642578 735.037353515625 193.33087738159938 0.0 0.0 0.0 0.0 0.0 0.0 0.0
4047 1729.2033233642578 732.4849243164062 192.48696174378227 0.0 0.0 0.0 0.0 0.0 0.0 0.0
4054 1729.2033233642578 729.9325561523438 191.65958479660858 0.0 0.0 0.0 0.0 0.0 0.0 0.0
4190 1729.2033233642578 727.380126953125 190.84854029093407 0.0 0.0 0.0 0.0 0.0 0.0 0.0
4247 1726.6508331298828 727.380126953125 189.67001065458558 0.0 0.0 0.0 0.0 0.0 0.0 0.0
4270 1724.0984649658203 722.275390625 186.9931431096593 0.0 0.0 0.0 0.0 0.0 0.0 0.0
4278 1721.5460968017578 722.275390625 185.7638103497614 0.0 0.0 0.0 0.0 0.0 0.0 0.0
4294 1716.4413604736328 719.7229614257812 182.59374639808033 0.0 0.0 0.0 0.0 0.0 0.0 0.0
4303 1713.8888702392578 717.1705932617188 180.71299886055354 0.0 0.0 0.0 0.0 0.0 0.0 0.0
4310 1708.7841339111328 714.6181640625 177.55472066211888 0.0 0.0 0.0 0.0 0.0 0.0 0.0
4321 1703.6792755126953 712.0657958984375 174.4161279817697 0.0 0.0 0.0 0.0 0.0 0.0 0.0
4326 1703.6792755126953 709.5133666992188 173.97725460660172 0.0 0.0 0.0 0.0 0.0 0.0 0.0
4334 1698.5745391845703 709.5133666992188 171.24281366796419 0.0 0.0 0.0 0.0 0.0 0.0 0.0
4341 1693.4698028564453 701.856201171875 167.60516436617294 0.0 0.0 0.0 0.0 0.0 0.0 0.0
4350 1690.9173126220703 701.856201171875 166.2107392995796 0.0 0.0 0.0 0.0 0.0 0.0 0.0
4357 1683.2602081298828 699.3038330078125 161.8324724274401 0.0 0.0 0.0 0.0 0.0 0.0 0.0
4366 1675.6029815673828 694.1990356445312 157.5015064889803 0.0 0.0 0.0 0.0 0.0 0.0 0.0
4373 1670.4982452392578 689.09423828125 154.72685707505838 0.0 0.0 0.0 0.0 0.0 0.0 0.0
4383 1662.8410186767578 686.5418090820312 150.62182239785864 0.0 0.0 0.0 0.0 0.0 0.0 0.0
4390 1652.6314239501953 681.4370727539062 145.55090357075932 0.0 0.0 0.0 0.0 0.0 0.0 0.0
4403 1650.0790557861328 678.8846435546875 144.44453688163395 0.0 0.0 0.0 0.0 0.0 0.0 0.0
4406 1637.3170928955078 671.2274780273438 138.90648724963313 0.0 0.0 0.0 0.0 0.0 0.0 0.0
4415 1634.7647247314453 668.675048828125 137.99485814771487 0.0 0.0 0.0 0.0 0.0 0.0 0.0
4422 1627.1074981689453 663.5702514648438 135.03335002057236 0.0 0.0 0.0 0.0 0.0 0.0 0.0
4430 1624.5551300048828 661.0178833007812 134.2405149626178 0.0 0.0 0.0 0.0 0.0 0.0 0.0
4438 1619.4502716064453 658.4655151367188 132.21547732632047 0.0 0.0 0.0 0.0 0.0 0.0 0.0
4447 1611.7931671142578 653.3607177734375 129.65767070580603 0.0 0.0 0.0 0.0 0.0 0.0 0.0
4454 1601.5835723876953 648.2559204101562 126.14454947026661 0.0 0.0 0.0 0.0 0.0 0.0 0.0
4463 1596.4787139892578 640.5986938476562 125.82547688827498 0.0 0.0 0.0 0.0 0.0 0.0 0.0
4470 1591.3739776611328 640.5986938476562 123.43465077589423 0.0 0.0 0.0 0.0 0.0 0.0 0.0
4478 1586.2691192626953 632.9415283203125 123.33726497692095 0.0 0.0 0.0 0.0 0.0 0.0 0.0
4486 1583.7167510986328 632.9415283203125 122.15935022979369 0.0 0.0 0.0 0.0 0.0 0.0 0.0
4494 1583.7167510986328 630.38916015625 122.93118019020858 0.0 0.0 0.0 0.0 0.0 0.0 0.0
4501 1578.6120147705078 625.2843627929688 122.15157265650322 0.0 0.0 0.0 0.0 0.0 0.0 0.0
4509 1576.0595245361328 625.2843627929688 120.98996478174854 0.0 0.0 0.0 0.0 0.0 0.0 0.0
4517 1573.5071563720703 620.1795654296875 121.42780631295966 0.0 0.0 0.0 0.0 0.0 0.0 0.0
4525 1568.4024200439453 617.627197265625 119.9663014599742 0.0 0.0 0.0 0.0 0.0 0.0 0.0
4534 1565.8500518798828 612.5223999023438 120.45722462407252 0.0 0.0 0.0 0.0 0.0 0.0 0.0
4541 1560.7451934814453 604.8651733398438 120.60355437758591 0.0 0.0 0.0 0.0 0.0 0.0 0.0
4550 1560.7451934814453 599.7603759765625 122.17849589137501 0.0 0.0 0.0 0.0 0.0 0.0 0.0
4558 1553.0880889892578 592.1032104492188 121.11587752144419 0.0 0.0 0.0 0.0 0.0 0.0 0.0
4566 1550.5355987548828 586.9984130859375 121.5471161341037 0.0 0.0 0.0 0.0 0.0 0.0 0.0
4573 1545.4308624267578 584.446044921875 120.08004640898417 0.0 0.0 0.0 0.0 0.0 0.0 0.0
4582 1545.4308624267578 579.3412475585938 121.67560099822794 0.0 0.0 0.0 0.0 0.0 0.0 0.0
4589 1545.4308624267578 571.68408203125 123.92919957985504 0.0 0.0 0.0 0.0 0.0 0.0 0.0
4598 1542.8784942626953 571.68408203125 122.74333640394451 0.0 0.0 0.0 0.0 0.0 0.0 0.0
4605 1542.8784942626953 569.1316528320312 123.50327887142572 0.0 0.0 0.0 0.0 0.0 0.0 0.0
4614 1540.3260040283203 566.5792846679688 123.0815823828055 0.0 0.0 0.0 0.0 0.0 0.0 0.0
4621 1537.7736358642578 561.4744873046875 123.41056009588675 0.0 0.0 0.0 0.0 0.0 0.0 0.0
4632 1535.2212677001953 558.9220581054688 122.99201876381693 0.0 0.0 0.0 0.0 0.0 0.0 0.0
4637 1535.2212677001953 553.8173217773438 124.47140799113396 0.0 0.0 0.0 0.0 0.0 0.0 0.0
4648 1532.6688995361328 551.264892578125 124.01783439515515 0.0 0.0 0.0 0.0 0.0 0.0 0.0
4663 1530.1165313720703 548.7125244140625 123.57920187960758 0.0 0.0 0.0 0.0 0.0 0.0 0.0
4709 1527.5640411376953 548.7125244140625 122.39797624615363 0.0 0.0 0.0 0.0 0.0 0.0 0.0
4725 1525.0116729736328 546.1600952148438 122.0129670452954 0.0 0.0 0.0 0.0 0.0 0.0 0.0
4741 1522.4593048095703 543.6077270507812 121.64070482244841 0.0 0.0 0.0 0.0 0.0 0.0 0.0
4750 1522.4593048095703 541.0552978515625 122.42308766984434 0.0 0.0 0.0 0.0 0.0 0.0 0.0
4757 1519.9069366455078 541.0552978515625 121.25774207193098 0.0 0.0 0.0 0.0 0.0 0.0 0.0
4766 1519.9069366455078 538.5029296875 122.04781172598547 0.0 0.0 0.0 0.0 0.0 0.0 0.0
4773 1519.9069366455078 535.9505615234375 122.82193003996764 0.0 0.0 0.0 0.0 0.0 0.0 0.0
4782 1517.3544464111328 535.9505615234375 121.65099353622008 0.0 0.0 0.0 0.0 0.0 0.0 0.0
4789 1517.3544464111328 533.3981323242188 122.43314319973587 0.0 0.0 0.0 0.0 0.0 0.0 0.0
4798 1514.8020782470703 530.8457641601562 122.04696666117917 0.0 0.0 0.0 0.0 0.0 0.0 0.0
4805 1512.2497100830078 528.2933349609375 121.6736313122056 0.0 0.0 0.0 0.0 0.0 0.0 0.0
4815 1512.2497100830078 525.740966796875 122.45529858375806 0.0 0.0 0.0 0.0 0.0 0.0 0.0
4821 1509.6973419189453 525.740966796875 121.28947385882458 0.0 0.0 0.0 0.0 0.0 0.0 0.0
4831 1504.5924835205078 520.6361694335938 120.61550185569047 0.0 0.0 0.0 0.0 0.0 0.0 0.0
4848 1502.0401153564453 520.6361694335938 119.47579318062844 0.0 0.0 0.0 0.0 0.0 0.0 0.0
4853 1502.0401153564453 518.083740234375 120.30136738014761 0.0 0.0 0.0 0.0 0.0 0.0 0.0
4869 1496.9353790283203 515.5313720703125 118.89279905487155 0.0 0.0 0.0 0.0 0.0 0.0 0.0
4879 1496.9353790283203 512.97900390625 119.72978721208096 0.0 0.0 0.0 0.0 0.0 0.0 0.0
4885 1496.9353790283203 510.42657470703125 120.55038247837138 0.0 0.0 0.0 0.0 0.0 0.0 0.0
4894 1494.3828887939453 507.87420654296875 120.22676837998625 0.0 0.0 0.0 0.0 0.0 0.0 0.0
4909 1494.3828887939453 505.32177734375 121.03750056162397 0.0 0.0 0.0 0.0 0.0 0.0 0.0
4917 1494.3828887939453 502.7694091796875 121.83200602994185 0.0 0.0 0.0 0.0 0.0 0.0 0.0
4941 1489.2781524658203 500.21697998046875 120.35164513783775 0.0 0.0 0.0 0.0 0.0 0.0 0.0
4957 1489.2781524658203 497.66461181640625 121.15985453608835 0.0 0.0 0.0 0.0 0.0 0.0 0.0
4966 1489.2781524658203 495.11224365234375 121.95191371588379 0.0 0.0 0.0 0.0 0.0 0.0 0.0
4989 1489.2781524658203 490.0074462890625 123.47321148780281 0.0 0.0 0.0 0.0 0.0 0.0 0.0
5022 1489.2781524658203 487.45501708984375 124.21821691756685 0.0 0.0 0.0 0.0 0.0 0.0 0.0
5047 1489.2781524658203 482.3502197265625 125.64763659136037 0.0 0.0 0.0 0.0 0.0 0.0 0.0
5070 1489.2781524658203 479.7978515625 126.3472767230341 0.0 0.0 0.0 0.0 0.0 0.0 0.0
5087 1489.2781524658203 474.69305419921875 127.68863658932827 0.0 0.0 0.0 0.0 0.0 0.0 0.0
5094 1489.2781524658203 472.14068603515625 128.3449328043278 0.0 0.0 0.0 0.0 0.0 0.0 0.0
5150 1491.8305206298828 464.48345947265625 131.4006120503853 0.0 0.0 0.0 0.0 0.0 0.0 0.0
5159 1494.3828887939453 464.48345947265625 132.70279422058877 0.0 0.0 0.0 0.0 0.0 0.0 0.0
5166 1496.9353790283203 464.48345947265625 134.01755895137507 0.0 0.0 0.0 0.0 0.0 0.0 0.0
5176 1499.4877471923828 464.48345947265625 135.34415945602353 0.0 0.0 0.0 0.0 0.0 0.0 0.0
5182 1499.4877471923828 461.93109130859375 135.83120955435385 0.0 0.0 0.0 0.0 0.0 0.0 0.0
5230 1502.0401153564453 461.93109130859375 137.17297354046917 0.0 0.0 0.0 0.0 0.0 0.0 0.0
5238 1504.5924835205078 461.93109130859375 138.5251377533961 0.0 0.0 0.0 0.0 0.0 0.0 0.0
5246 1509.6973419189453 461.93109130859375 141.26785992543802 0.0 0.0 0.0 0.0 0.0 0.0 0.0
5255 1514.8020782470703 461.93109130859375 144.0420756047352 0.0 0.0 0.0 0.0 0.0 0.0 0.0
5266 1522.4593048095703 456.8262939453125 148.62404516722341 0.0 0.0 0.0 0.0 0.0 0.0 0.0
5271 1525.0116729736328 456.8262939453125 150.03366668957273 0.0 0.0 0.0 0.0 0.0 0.0 0.0
5281 1530.1165313720703 456.8262939453125 152.86478517349627 0.0 0.0 0.0 0.0 0.0 0.0 0.0
5334 1532.6688995361328 454.27386474609375 154.32127656674464 0.0 0.0 0.0 0.0 0.0 0.0 0.0
5358 1537.7736358642578 454.27386474609375 157.15570687603193 0.0 0.0 0.0 0.0 0.0 0.0 0.0
5374 1540.3260040283203 454.27386474609375 158.5713190215817 0.0 0.0 0.0 0.0 0.0 0.0 0.0
5382 1547.9832305908203 454.27386474609375 162.79571519225334 0.0 0.0 0.0 0.0 0.0 0.0 0.0
5390 1553.0880889892578 454.27386474609375 165.59066857608582 0.0 0.0 0.0 0.0 0.0 0.0 0.0
5401 1558.1928253173828 456.8262939453125 168.66870587753357 0.0 0.0 0.0 0.0 0.0 0.0 0.0
5406 1565.8500518798828 459.378662109375 173.1532218817498 0.0 0.0 0.0 0.0 0.0 0.0 0.0
5414 1573.5071563720703 461.93109130859375 177.6314060654767 0.0 0.0 0.0 0.0 0.0 0.0 0.0
5421 1583.7167510986328 467.035888671875 183.97925439162475 0.0 0.0 0.0 0.0 0.0 0.0 0.0
5430 1588.8216094970703 469.5882568359375 187.13897025469936 0.0 0.0 0.0 0.0 0.0 0.0 0.0
5437 1591.3739776611328 469.5882568359375 188.33545332082133 0.0 0.0 0.0 0.0 0.0 0.0 0.0
5445 1596.4787139892578 472.14068603515625 191.46673254902507 0.0 0.0 0.0 0.0 0.0 0.0 0.0
5453 1601.5835723876953 474.69305419921875 194.56673821462155 0.0 0.0 0.0 0.0 0.0 0.0 0.0
5463 1606.6883087158203 477.24542236328125 197.62684671396545 0.0 0.0 0.0 0.0 0.0 0.0 0.0
5469 1609.2406768798828 479.7978515625 199.6306446640766 0.0 0.0 0.0 0.0 0.0 0.0 0.0
5478 1616.8979034423828 484.90264892578125 204.57292099555548 0.0 0.0 0.0 0.0 0.0 0.0 0.0
5485 1627.1074981689453 490.0074462890625 210.19301663678414 0.0 0.0 0.0 0.0 0.0 0.0 0.0
5494 1634.7647247314453 492.559814453125 213.66301351877252 0.0 0.0 0.0 0.0 0.0 0.0 0.0
5501 1639.8694610595703 497.66461181640625 217.50723578386254 0.0 0.0 0.0 0.0 0.0 0.0 0.0
5509 1650.0790557861328 502.7694091796875 222.37626866360415 0.0 0.0 0.0 0.0 0.0 0.0 0.0
5517 1657.7361602783203 507.87420654296875 226.4683914282236 0.0 0.0 0.0 0.0 0.0 0.0 0.0
5526 1662.8410186767578 510.42657470703125 228.6634445869316 0.0 0.0 0.0 0.0 0.0 0.0 0.0
5534 1670.4982452392578 512.97900390625 231.12101827027274 0.0 0.0 0.0 0.0 0.0 0.0 0.0
5541 1680.7077178955078 518.083740234375 234.9830863979252 0.0 0.0 0.0 0.0 0.0 0.0 0.0
5550 1688.3649444580078 520.6361694335938 237.0407739211593 0.0 0.0 0.0 0.0 0.0 0.0 0.0
5557 1696.0221710205078 528.2933349609375 241.60534040060224 0.0 0.0 0.0 0.0 0.0 0.0 0.0
5566 1701.1269073486328 528.2933349609375 241.8092479096793 0.0 0.0 0.0 0.0 0.0 0.0 0.0
5573 1708.7841339111328 533.3981323242188 244.73304983906888 0.0 0.0 0.0 0.0 0.0 0.0 0.0
5582 1716.4413604736328 538.5029296875 247.45434040806208 0.0 0.0 0.0 0.0 0.0 0.0 0.0
5598 1721.5460968017578 541.0552978515625 248.73147816966684 0.0 0.0 0.0 0.0 0.0 0.0 0.0
5605 1724.0984649658203 543.6077270507812 250.04345393437853 0.0 0.0 0.0 0.0 0.0 0.0 0.0
5614 1729.2033233642578 546.1600952148438 251.19475241209375 0.0 0.0 0.0 0.0 0.0 0.0 0.0
5621 1731.7556915283203 548.7125244140625 252.4421411626177 0.0 0.0 0.0 0.0 0.0 0.0 0.0
5630 1736.8604278564453 548.7125244140625 252.13603872825146 0.0 0.0 0.0 0.0 0.0 0.0 0.0
5637 1747.0700225830078 553.8173217773438 254.13321657380246 0.0 0.0 0.0 0.0 0.0 0.0 0.0
5646 1752.1748809814453 556.3696899414062 255.08171330015006 0.0 0.0 0.0 0.0 0.0 0.0 0.0
5653 1762.3843536376953 561.4744873046875 256.7971037021029 0.0 0.0 0.0 0.0 0.0 0.0 0.0
5663 1772.5939483642578 569.1316528320312 259.59085464573775 0.0 0.0 0.0 0.0 0.0 0.0 0.0
5669 1780.2511749267578 574.2364501953125 261.20538962391913 0.0 0.0 0.0 0.0 0.0 0.0 0.0
5678 1785.3559112548828 576.7888793945312 261.79403097809006 0.0 0.0 0.0 0.0 0.0 0.0 0.0
5685 1790.4607696533203 581.8936157226562 263.6326526937508 0.0 0.0 0.0 0.0 0.0 0.0 0.0
5701 1795.5655059814453 581.8936157226562 262.80997926178964 0.0 0.0 0.0 0.0 0.0 0.0 0.0
5709 1800.6703643798828 586.9984130859375 264.58888818187677 0.0 0.0 0.0 0.0 0.0 0.0 0.0
5725 1808.3274688720703 589.5508422851562 264.5730498403309 0.0 0.0 0.0 0.0 0.0 0.0 0.0
5733 1810.8799591064453 592.1032104492188 265.4357338242761 0.0 0.0 0.0 0.0 0.0 0.0 0.0
5741 1821.0895538330078 597.2080078125 266.13798621244433 0.0 0.0 0.0 0.0 0.0 0.0 0.0
5757 1823.6419219970703 597.2080078125 265.6597558226775 0.0 0.0 0.0 0.0 0.0 0.0 0.0
5766 1831.2990264892578 599.7603759765625 265.5662450796541 0.0 0.0 0.0 0.0 0.0 0.0 0.0
5773 1833.8515167236328 602.3128051757812 266.39845842428144 0.0 0.0 0.0 0.0 0.0 0.0 0.0
5782 1838.9562530517578 604.8651733398438 266.7176989477082 0.0 0.0 0.0 0.0 0.0 0.0 0.0
5789 1846.6134796142578 607.4176025390625 266.54747783375603 0.0 0.0 0.0 0.0 0.0 0.0 0.0
5798 1849.1658477783203 609.969970703125 267.3493282500184 0.0 0.0 0.0 0.0 0.0 0.0 0.0
5805 1851.7182159423828 609.969970703125 266.8436464348935 0.0 0.0 0.0 0.0 0.0 0.0 0.0
5814 1856.8230743408203 609.969970703125 265.87702868534495 0.0 0.0 0.0 0.0 0.0 0.0 0.0
5821 1861.9278106689453 615.0747680664062 267.47293142416066 0.0 0.0 0.0 0.0 0.0 0.0 0.0
5830 1864.4801788330078 617.627197265625 268.24595348675797 0.0 0.0 0.0 0.0 0.0 0.0 0.0
5837 1872.1374053955078 617.627197265625 266.7361668018843 0.0 0.0 0.0 0.0 0.0 0.0 0.0
5846 1874.6897735595703 617.627197265625 266.2443824385259 0.0 0.0 0.0 0.0 0.0 0.0 0.0
5853 1879.7946319580078 617.627197265625 265.3044439786402 0.0 0.0 0.0 0.0 0.0 0.0 0.0
5862 1884.8993682861328 620.1795654296875 265.6806749613942 0.0 0.0 0.0 0.0 0.0 0.0 0.0
5869 1890.0041046142578 620.1795654296875 264.7659002196088 0.0 0.0 0.0 0.0 0.0 0.0 0.0
5878 1895.1089630126953 622.73193359375 265.1701231494663 0.0 0.0 0.0 0.0 0.0 0.0 0.0
5885 1897.6613311767578 622.73193359375 264.71398471650446 0.0 0.0 0.0 0.0 0.0 0.0 0.0
5894 1902.7661895751953 625.2843627929688 265.12094700610413 0.0 0.0 0.0 0.0 0.0 0.0 0.0
5917 1910.4232940673828 627.8367309570312 265.0664787835988 0.0 0.0 0.0 0.0 0.0 0.0 0.0
5925 1915.5281524658203 627.8367309570312 264.17920291252494 0.0 0.0 0.0 0.0 0.0 0.0 0.0
5933 1923.1852569580078 630.38916015625 264.1930917799034 0.0 0.0 0.0 0.0 0.0 0.0 0.0
5942 1930.8424835205078 632.9415283203125 264.2059119575397 0.0 0.0 0.0 0.0 0.0 0.0 0.0
5953 1935.9472198486328 635.4939575195312 264.6392782321345 0.0 0.0 0.0 0.0 0.0 0.0 0.0
5958 1941.0520782470703 635.4939575195312 263.7712077383318 0.0 0.0 0.0 0.0 0.0 0.0 0.0
5968 1946.1568145751953 638.0463256835938 264.22712168251263 0.0 0.0 0.0 0.0 0.0 0.0 0.0
5973 1948.7091827392578 638.0463256835938 263.7925736794077 0.0 0.0 0.0 0.0 0.0 0.0 0.0
5982 1951.2616729736328 638.0463256835938 263.3680391836706 0.0 0.0 0.0 0.0 0.0 0.0 0.0
5989 1956.3664093017578 638.0463256835938 262.55734711943484 0.0 0.0 0.0 0.0 0.0 0.0 0.0
5998 1958.9187774658203 643.151123046875 264.7821864607825 0.0 0.0 0.0 0.0 0.0 0.0 0.0
6005 1964.0236358642578 643.151123046875 263.9076932343309 0.0 0.0 0.0 0.0 0.0 0.0 0.0
6014 1971.6807403564453 643.151123046875 262.6826758238933 0.0 0.0 0.0 0.0 0.0 0.0 0.0
6021 1979.3379669189453 645.7034912109375 262.80503038468515 0.0 0.0 0.0 0.0 0.0 0.0 0.0
6030 1989.5475616455078 645.7034912109375 261.302786096949 0.0 0.0 0.0 0.0 0.0 0.0 0.0
6037 1997.2047882080078 648.2559204101562 261.5252147656237 0.0 0.0 0.0 0.0 0.0 0.0 0.0
6046 2002.3095245361328 648.2559204101562 260.79826892005383 0.0 0.0 0.0 0.0 0.0 0.0 0.0
6053 2009.9667510986328 650.8082885742188 261.0571955028524 0.0 0.0 0.0 0.0 0.0 0.0 0.0
6062 2012.5191192626953 653.3607177734375 262.0259841508808 0.0 0.0 0.0 0.0 0.0 0.0 0.0
6070 2015.0714874267578 653.3607177734375 261.64236790787083 0.0 0.0 0.0 0.0 0.0 0.0 0.0
6094 2022.7287139892578 653.3607177734375 260.5683732930975 0.0 0.0 0.0 0.0 0.0 0.0 0.0
6102 2027.8334503173828 653.3607177734375 259.8851622296595 0.0 0.0 0.0 0.0 0.0 0.0 0.0
6110 2032.9383087158203 653.3607177734375 259.2332679017817 0.0 0.0 0.0 0.0 0.0 0.0 0.0
6119 2040.5954132080078 655.9130859375 259.6054818285978 0.0 0.0 0.0 0.0 0.0 0.0 0.0
6126 2045.7002716064453 655.9130859375 258.96642209036565 0.0 0.0 0.0 0.0 0.0 0.0 0.0
6136 2053.357376098633 658.4655151367188 259.3579611910735 0.0 0.0 0.0 0.0 0.0 0.0 0.0
6143 2061.014602661133 658.4655151367188 258.43766303794814 0.0 0.0 0.0 0.0 0.0 0.0 0.0
6152 2066.1194610595703 663.5702514648438 260.4700757146783 0.0 0.0 0.0 0.0 0.0 0.0 0.0
6165 2068.671829223633 663.5702514648438 260.1227630301216 0.0 0.0 0.0 0.0 0.0 0.0 0.0
6173 2073.776565551758 663.5702514648438 259.45999332538906 0.0 0.0 0.0 0.0 0.0 0.0 0.0
6183 2081.433792114258 663.5702514648438 258.53279699546215 0.0 0.0 0.0 0.0 0.0 0.0 0.0
6190 2083.9861602783203 666.1226806640625 259.5757369744028 0.0 0.0 0.0 0.0 0.0 0.0 0.0
6203 2091.6433868408203 668.675048828125 259.92316760957686 0.0 0.0 0.0 0.0 0.0 0.0 0.0
6206 2104.4053497314453 673.7798461914062 260.8395369537078 0.0 0.0 0.0 0.0 0.0 0.0 0.0
6214 2114.6148223876953 673.7798461914062 259.50914985192776 0.0 0.0 0.0 0.0 0.0 0.0 0.0
6221 2127.3767852783203 678.8846435546875 260.47388448616846 0.0 0.0 0.0 0.0 0.0 0.0 0.0
6231 2145.2437286376953 683.9894409179688 260.68846913310585 0.0 0.0 0.0 0.0 0.0 0.0 0.0
6237 2150.3484649658203 686.5418090820312 261.30373769660963 0.0 0.0 0.0 0.0 0.0 0.0 0.0
6246 2158.0056915283203 689.09423828125 261.5260997161083 0.0 0.0 0.0 0.0 0.0 0.0 0.0
6253 2168.2151641845703 691.6466064453125 261.3822493271129 0.0 0.0 0.0 0.0 0.0 0.0 0.0
6261 2173.3199005126953 691.6466064453125 260.66184872923475 0.0 0.0 0.0 0.0 0.0 0.0 0.0
6269 2178.4248809814453 694.1990356445312 261.27844508232903 0.0 0.0 0.0 0.0 0.0 0.0 0.0
6278 2180.9771270751953 694.1990356445312 260.9122778293565 0.0 0.0 0.0 0.0 0.0 0.0 0.0
6288 2188.6343536376953 696.7514038085938 261.1629683710898 0.0 0.0 0.0 0.0 0.0 0.0 0.0
6299 2196.2915802001953 699.3038330078125 261.39550577397017 0.0 0.0 0.0 0.0 0.0 0.0 0.0
6302 2201.3963165283203 701.856201171875 261.97432039111794 0.0 0.0 0.0 0.0 0.0 0.0 0.0
6310 2211.6060333251953 704.4085693359375 261.7890066670766 0.0 0.0 0.0 0.0 0.0 0.0 0.0
6317 2221.8155059814453 706.9609985351562 261.62084215464574 0.0 0.0 0.0 0.0 0.0 0.0 0.0
6325 2232.0249786376953 709.5133666992188 261.46824294343764 0.0 0.0 0.0 0.0 0.0 0.0 0.0
6333 2237.1299591064453 712.0657958984375 262.0433001503945 0.0 0.0 0.0 0.0 0.0 0.0 0.0
6342 2242.2346954345703 712.0657958984375 261.29272580078134 0.0 0.0 0.0 0.0 0.0 0.0 0.0
6357 2244.7869415283203 712.0657958984375 260.92619848584116 0.0 0.0 0.0 0.0 0.0 0.0 0.0
6366 2249.8919219970703 714.6181640625 261.5292091486175 0.0 0.0 0.0 0.0 0.0 0.0 0.0
6389 2254.9966583251953 717.1705932617188 262.101159768843 0.0 0.0 0.0 0.0 0.0 0.0 0.0
6398 2265.2061309814453 719.7229614257812 261.90415012418714 0.0 0.0 0.0 0.0 0.0 0.0 0.0
6405 2267.7586212158203 719.7229614257812 261.52333338313116 0.0 0.0 0.0 0.0 0.0 0.0 0.0
6414 2272.8633575439453 719.7229614257812 260.7964794803165 0.0 0.0 0.0 0.0 0.0 0.0 0.0
6421 2275.4158477783203 719.7229614257812 260.44152240626863 0.0 0.0 0.0 0.0 0.0 0.0 0.0
6430 2280.5205841064453 722.275390625 261.0695032418688 0.0 0.0 0.0 0.0 0.0 0.0 0.0
6437 2280.5205841064453 724.8277587890625 262.42828226843625 0.0 0.0 0.0 0.0 0.0 0.0 0.0
6445 2283.0730743408203 724.8277587890625 262.035297201003 0.0 0.0 0.0 0.0 0.0 0.0 0.0
6453 2285.6253204345703 724.8277587890625 261.65152794044826 0.0 0.0 0.0 0.0 0.0 0.0 0.0
6461 2290.7300567626953 724.8277587890625 260.9187884379721 0.0 0.0 0.0 0.0 0.0 0.0 0.0
6469 2293.2825469970703 724.8277587890625 260.56096332504717 0.0 0.0 0.0 0.0 0.0 0.0 0.0
6479 2298.3872833251953 724.8277587890625 259.8781199670399 0.0 0.0 0.0 0.0 0.0 0.0 0.0
6485 2303.4920196533203 724.8277587890625 259.2265702531993 0.0 0.0 0.0 0.0 0.0 0.0 0.0
6494 2308.5970001220703 724.8277587890625 258.6049483276011 0.0 0.0 0.0 0.0 0.0 0.0 0.0
6501 2313.7017364501953 724.8277587890625 258.0120273235349 0.0 0.0 0.0 0.0 0.0 0.0 0.0
6510 2318.8064727783203 724.8277587890625 257.4464701576731 0.0 0.0 0.0 0.0 0.0 0.0 0.0
6518 2321.3589630126953 724.8277587890625 257.17035278342746 0.0 0.0 0.0 0.0 0.0 0.0 0.0
6526 2329.0161895751953 724.8277587890625 256.398325085902 0.0 0.0 0.0 0.0 0.0 0.0 0.0
6536 2336.6731719970703 724.8277587890625 255.67887290541466 0.0 0.0 0.0 0.0 0.0 0.0 0.0
6545 2341.7781524658203 724.8277587890625 255.22154365031528 0.0 0.0 0.0 0.0 0.0 0.0 0.0
6554 2346.8828887939453 724.8277587890625 254.7855198319026 0.0 0.0 0.0 0.0 0.0 0.0 0.0
6569 2351.9876251220703 724.8277587890625 254.3698298865096 0.0 0.0 0.0 0.0 0.0 0.0 0.0
6573 2354.5401153564453 724.8277587890625 254.16695899341272 0.0 0.0 0.0 0.0 0.0 0.0 0.0
6582 2357.0923614501953 724.8277587890625 253.96895205291858 0.0 0.0 0.0 0.0 0.0 0.0 0.0
6605 2362.1973419189453 724.8277587890625 253.5913734059401 0.0 0.0 0.0 0.0 0.0 0.0 0.0
6614 2372.4068145751953 724.8277587890625 252.9037090497501 0.0 0.0 0.0 0.0 0.0 0.0 0.0
6621 2377.5115509033203 724.8277587890625 252.57595654262576 0.0 0.0 0.0 0.0 0.0 0.0 0.0
6630 2385.1687774658203 724.8277587890625 252.11811156336466 0.0 0.0 0.0 0.0 0.0 0.0 0.0
6637 2390.2735137939453 724.8277587890625 251.82720415523477 0.0 0.0 0.0 0.0 0.0 0.0 0.0
6646 2392.8260040283203 724.8277587890625 251.68524212828711 0.0 0.0 0.0 0.0 0.0 0.0 0.0
6653 2395.3782501220703 724.8277587890625 251.54669319846425 0.0 0.0 0.0 0.0 0.0 0.0 0.0
6663 2400.4832305908203 724.8277587890625 251.2825687208835 0.0 0.0 0.0 0.0 0.0 0.0 0.0
6685 2403.0354766845703 724.8277587890625 251.15370147527813 0.0 0.0 0.0 0.0 0.0 0.0 0.0
6695 2405.5879669189453 724.8277587890625 251.0279267084261 0.0 0.0 0.0 0.0 0.0 0.0 0.0
6701 2408.1402130126953 724.8277587890625 250.90517638947512 0.0 0.0 0.0 0.0 0.0 0.0 0.0
6710 2410.6927032470703 724.8277587890625 250.78536078470825 0.0 0.0 0.0 0.0 0.0 0.0 0.0
6727 2415.7974395751953 724.8277587890625 250.55699880161683 0.0 0.0 0.0 0.0 0.0 0.0 0.0
6782 2418.3499298095703 722.275390625 249.06458997760063 0.0 0.0 0.0 0.0 0.0 0.0 0.0
6798 2423.4546661376953 719.7229614257812 247.56726341083433 0.0 0.0 0.0 0.0 0.0 0.0 0.0
6808 2426.0071563720703 717.1705932617188 246.14495742236738 0.0 0.0 0.0 0.0 0.0 0.0 0.0
6814 2428.5594024658203 714.6181640625 244.75723236637197 0.0 0.0 0.0 0.0 0.0 0.0 0.0
6830 2431.1118927001953 709.5133666992188 242.0254355401658 0.0 0.0 0.0 0.0 0.0 0.0 0.0
6846 2431.1118927001953 706.9609985351562 240.61444300804172 0.0 0.0 0.0 0.0 0.0 0.0 0.0
6853 2433.6643829345703 706.9609985351562 240.74268200089261 0.0 0.0 0.0 0.0 0.0 0.0 0.0
6863 2436.2166290283203 701.856201171875 238.12658891235844 0.0 0.0 0.0 0.0 0.0 0.0 0.0
6878 2438.7691192626953 696.7514038085938 235.5922494127916 0.0 0.0 0.0 0.0 0.0 0.0 0.0
6894 2443.8738555908203 694.1990356445312 234.75182303586686 0.0 0.0 0.0 0.0 0.0 0.0 0.0
6911 2443.8738555908203 691.6466064453125 233.36863443945248 0.0 0.0 0.0 0.0 0.0 0.0 0.0
6917 2446.4263458251953 686.5418090820312 230.99512140763898 0.0 0.0 0.0 0.0 0.0 0.0 0.0
6927 2448.9785919189453 683.9894409179688 230.02092535799676 0.0 0.0 0.0 0.0 0.0 0.0 0.0
6942 2448.9785919189453 681.4370727539062 228.66770923422985 0.0 0.0 0.0 0.0 0.0 0.0 0.0
6949 2451.5310821533203 678.8846435546875 227.76327467833914 0.0 0.0 0.0 0.0 0.0 0.0 0.0
6965 2451.5310821533203 676.332275390625 226.42753316650095 0.0 0.0 0.0 0.0 0.0 0.0 0.0
6989 2454.0833282470703 673.7798461914062 225.59150044472196 0.0 0.0 0.0 0.0 0.0 0.0 0.0
6998 2454.0833282470703 671.2274780273438 224.27445598112067 0.0 0.0 0.0 0.0 0.0 0.0 0.0
7005 2456.6358184814453 668.675048828125 223.5053158329279 0.0 0.0 0.0 0.0 0.0 0.0 0.0
7021 2456.6358184814453 666.1226806640625 222.20799716318317 0.0 0.0 0.0 0.0 0.0 0.0 0.0
7030 2456.6358184814453 663.5702514648438 220.923779897948 0.0 0.0 0.0 0.0 0.0 0.0 0.0
7037 2459.1883087158203 663.5702514648438 221.5097232747683 0.0 0.0 0.0 0.0 0.0 0.0 0.0
7053 2459.1883087158203 661.0178833007812 220.23283111124664 0.0 0.0 0.0 0.0 0.0 0.0 0.0
7063 2461.7405548095703 658.4655151367188 219.59172700031866 0.0 0.0 0.0 0.0 0.0 0.0 0.0
7069 2461.7405548095703 653.3607177734375 217.10815490634837 0.0 0.0 0.0 0.0 0.0 0.0 0.0
7085 2464.2930450439453 653.3607177734375 217.77684025901345 0.0 0.0 0.0 0.0 0.0 0.0 0.0
7095 2464.2930450439453 650.8082885742188 216.54212934313102 0.0 0.0 0.0 0.0 0.0 0.0 0.0
7101 2466.8452911376953 645.7034912109375 214.84660042072744 0.0 0.0 0.0 0.0 0.0 0.0 0.0
7117 2469.3977813720703 640.5986938476562 213.22748777006723 0.0 0.0 0.0 0.0 0.0 0.0 0.0
7126 2471.9502716064453 635.4939575195312 211.68247989349098 0.0 0.0 0.0 0.0 0.0 0.0 0.0
7133 2474.5025177001953 635.4939575195312 212.46392725066355 0.0 0.0 0.0 0.0 0.0 0.0 0.0
7142 2477.0550079345703 630.38916015625 210.95415299700534 0.0 0.0 0.0 0.0 0.0 0.0 0.0
7152 2477.0550079345703 627.8367309570312 209.80952889772317 0.0 0.0 0.0 0.0 0.0 0.0 0.0
7158 2482.1597442626953 622.73193359375 209.23118553128847 0.0 0.0 0.0 0.0 0.0 0.0 0.0
7168 2482.1597442626953 617.627197265625 207.0254268211109 0.0 0.0 0.0 0.0 0.0 0.0 0.0
7173 2484.7122344970703 615.0747680664062 206.81999927220568 0.0 0.0 0.0 0.0 0.0 0.0 0.0
7182 2487.2644805908203 609.969970703125 205.57788528586545 0.0 0.0 0.0 0.0 0.0 0.0 0.0
7189 2487.2644805908203 607.4176025390625 204.51521290687643 0.0 0.0 0.0 0.0 0.0 0.0 0.0
7198 2489.8169708251953 599.7603759765625 202.40843861858 0.0 0.0 0.0 0.0 0.0 0.0 0.0
7206 2492.3694610595703 599.7603759765625 203.36707290035412 0.0 0.0 0.0 0.0 0.0 0.0 0.0
7215 2494.9217071533203 594.6556396484375 202.2940366714723 0.0 0.0 0.0 0.0 0.0 0.0 0.0
7223 2494.9217071533203 589.5508422851562 200.31163697063107 0.0 0.0 0.0 0.0 0.0 0.0 0.0
7232 2494.9217071533203 584.446044921875 198.3980428015214 0.0 0.0 0.0 0.0 0.0 0.0 0.0
7237 2500.0264434814453 581.8936157226562 199.4762010084693 0.0 0.0 0.0 0.0 0.0 0.0 0.0
7246 2500.0264434814453 576.7888793945312 197.59224133367888 0.0 0.0 0.0 0.0 0.0 0.0 0.0
7253 2502.5789337158203 571.68408203125 196.80912236833035 0.0 0.0 0.0 0.0 0.0 0.0 0.0
7270 2505.1314239501953 566.5792846679688 196.065898689469 0.0 0.0 0.0 0.0 0.0 0.0 0.0
7281 2507.6836700439453 561.4744873046875 195.36061554759868 0.0 0.0 0.0 0.0 0.0 0.0 0.0
7287 2510.2361602783203 558.9220581054688 195.54878225283636 0.0 0.0 0.0 0.0 0.0 0.0 0.0
7297 2512.7884063720703 553.8173217773438 194.87000587242184 0.0 0.0 0.0 0.0 0.0 0.0 0.0
7312 2512.7884063720703 551.264892578125 193.9964029949026 0.0 0.0 0.0 0.0 0.0 0.0 0.0
7319 2515.3408966064453 546.1600952148438 193.39738991241367 0.0 0.0 0.0 0.0 0.0 0.0 0.0
7327 2520.4456329345703 543.6077270507812 194.7189771343791 0.0 0.0 0.0 0.0 0.0 0.0 0.0
7333 2520.4456329345703 538.5029296875 193.01020706571785 0.0 0.0 0.0 0.0 0.0 0.0 0.0
7342 2522.9981231689453 538.5029296875 194.12401879913637 0.0 0.0 0.0 0.0 0.0 0.0 0.0
7349 2522.9981231689453 535.9505615234375 193.26471593367313 0.0 0.0 0.0 0.0 0.0 0.0 0.0
7357 2525.5506134033203 533.3981323242188 193.52326384236235 0.0 0.0 0.0 0.0 0.0 0.0 0.0
7365 2528.1028594970703 528.2933349609375 192.94857513604643 0.0 0.0 0.0 0.0 0.0 0.0 0.0
7373 2530.6553497314453 528.2933349609375 194.06330413373178 0.0 0.0 0.0 0.0 0.0 0.0 0.0
7382 2530.6553497314453 525.740966796875 193.20519832203235 0.0 0.0 0.0 0.0 0.0 0.0 0.0
7389 2535.7600860595703 520.6361694335938 193.70933685177252 0.0 0.0 0.0 0.0 0.0 0.0 0.0
7405 2538.3125762939453 515.5313720703125 193.12521067058987 0.0 0.0 0.0 0.0 0.0 0.0 0.0
7415 2538.3125762939453 512.97900390625 192.28535719559903 0.0 0.0 0.0 0.0 0.0 0.0 0.0
7422 2540.8648223876953 510.42657470703125 192.57658463574103 0.0 0.0 0.0 0.0 0.0 0.0 0.0
7434 2545.9695587158203 505.32177734375 193.1214117002251 0.0 0.0 0.0 0.0 0.0 0.0 0.0
7438 2545.9695587158203 502.7694091796875 192.28155605721903 0.0 0.0 0.0 0.0 0.0 0.0 0.0
7448 2551.0745391845703 497.66461181640625 192.8455792679111 0.0 0.0 0.0 0.0 0.0 0.0 0.0
7455 2553.6267852783203 492.559814453125 192.30589285094857 0.0 0.0 0.0 0.0 0.0 0.0 0.0
7464 2556.1792755126953 492.559814453125 193.4302423513987 0.0 0.0 0.0 0.0 0.0 0.0 0.0
7471 2556.1792755126953 487.45501708984375 191.77083038337184 0.0 0.0 0.0 0.0 0.0 0.0 0.0
7478 2558.7315216064453 484.90264892578125 192.0792349783078 0.0 0.0 0.0 0.0 0.0 0.0 0.0
7485 2563.8365020751953 477.24542236328125 191.8784830691249 0.0 0.0 0.0 0.0 0.0 0.0 0.0
7493 2566.3887481689453 477.24542236328125 193.00904988610407 0.0 0.0 0.0 0.0 0.0 0.0 0.0
7501 2566.3887481689453 474.69305419921875 192.17137762971598 0.0 0.0 0.0 0.0 0.0 0.0 0.0
7509 2566.3887481689453 472.14068603515625 191.35019934696265 0.0 0.0 0.0 0.0 0.0 0.0 0.0
7517 2574.0459747314453 467.035888671875 193.03178182217886 0.0 0.0 0.0 0.0 0.0 0.0 0.0
7526 2574.0459747314453 464.48345947265625 192.19367645051287 0.0 0.0 0.0 0.0 0.0 0.0 0.0
7534 2574.0459747314453 461.93109130859375 191.37208991709034 0.0 0.0 0.0 0.0 0.0 0.0 0.0
7542 2576.5984649658203 461.93109130859375 192.51010057486053 0.0 0.0 0.0 0.0 0.0 0.0 0.0
7552 2576.5984649658203 459.378662109375 191.6822935146696 0.0 0.0 0.0 0.0 0.0 0.0 0.0
7560 2579.1507110595703 459.378662109375 192.8157852886186 0.0 0.0 0.0 0.0 0.0 0.0 0.0
7566 2579.1507110595703 454.27386474609375 191.1801302973336 0.0 0.0 0.0 0.0 0.0 0.0 0.0
7574 2584.2556915283203 451.72149658203125 192.60711487227059 0.0 0.0 0.0 0.0 0.0 0.0 0.0
7581 2584.2556915283203 449.16912841796875 191.777369299595 0.0 0.0 0.0 0.0 0.0 0.0 0.0
7589 2586.8079376220703 446.61669921875 192.08563047453507 0.0 0.0 0.0 0.0 0.0 0.0 0.0
7597 2589.3604278564453 444.0643310546875 192.38370829879173 0.0 0.0 0.0 0.0 0.0 0.0 0.0
7613 2591.9126739501953 441.51190185546875 192.67163076915907 0.0 0.0 0.0 0.0 0.0 0.0 0.0
7630 2594.4651641845703 436.4071044921875 192.14107209118913 0.0 0.0 0.0 0.0 0.0 0.0 0.0
7637 2597.0176544189453 433.854736328125 192.4372607846957 0.0 0.0 0.0 0.0 0.0 0.0 0.0
7653 2599.5699005126953 428.74993896484375 191.91870382999386 0.0 0.0 0.0 0.0 0.0 0.0 0.0
7662 2602.1223907470703 426.19757080078125 192.2222983752638 0.0 0.0 0.0 0.0 0.0 0.0 0.0
7669 2604.6746368408203 423.6451416015625 192.5156254814685 0.0 0.0 0.0 0.0 0.0 0.0 0.0
7679 2607.2271270751953 421.0927734375 192.7992423679143 0.0 0.0 0.0 0.0 0.0 0.0 0.0
7685 2607.2271270751953 418.54034423828125 191.96575568008484 0.0 0.0 0.0 0.0 0.0 0.0 0.0
7695 2609.7796173095703 415.98797607421875 192.2678089614543 0.0 0.0 0.0 0.0 0.0 0.0 0.0
7701 2614.8843536376953 413.4355773925781 193.64331789576494 0.0 0.0 0.0 0.0 0.0 0.0 0.0
7710 2617.4365997314453 408.3307800292969 193.0624111537512 0.0 0.0 0.0 0.0 0.0 0.0 0.0
7725 2622.5415802001953 408.3307800292969 195.25540025372965 0.0 0.0 0.0 0.0 0.0 0.0 0.0
7741 2622.5415802001953 405.77838134765625 194.37448717129018 0.0 0.0 0.0 0.0 0.0 0.0 0.0
7749 2627.6463165283203 403.2259826660156 195.64917942860137 0.0 0.0 0.0 0.0 0.0 0.0 0.0
7757 2632.7510528564453 400.6736145019531 196.86220621869035 0.0 0.0 0.0 0.0 0.0 0.0 0.0
7765 2637.8557891845703 398.1212158203125 198.01597545008502 0.0 0.0 0.0 0.0 0.0 0.0 0.0
7773 2642.9607696533203 395.5688171386719 199.11310787777273 0.0 0.0 0.0 0.0 0.0 0.0 0.0
7782 2648.0655059814453 395.5688171386719 201.11125207560045 0.0 0.0 0.0 0.0 0.0 0.0 0.0
7790 2650.6177520751953 393.01641845703125 201.10527512953539 0.0 0.0 0.0 0.0 0.0 0.0 0.0
7797 2653.1702423095703 390.4640197753906 201.09959143321694 0.0 0.0 0.0 0.0 0.0 0.0 0.0
7814 2658.2749786376953 390.4640197753906 203.02929386567723 0.0 0.0 0.0 0.0 0.0 0.0 0.0
7837 2660.8274688720703 387.91162109375 202.95862534169157 0.0 0.0 0.0 0.0 0.0 0.0 0.0
7846 2668.4846954345703 387.91162109375 205.7051680600459 0.0 0.0 0.0 0.0 0.0 0.0 0.0
7853 2673.5894317626953 385.3592224121094 206.41547812226162 0.0 0.0 0.0 0.0 0.0 0.0 0.0
7862 2676.1416778564453 385.3592224121094 207.30020138774273 0.0 0.0 0.0 0.0 0.0 0.0 0.0
7869 2678.6941680908203 382.80682373046875 207.0855109282963 0.0 0.0 0.0 0.0 0.0 0.0 0.0
7878 2681.2466583251953 382.80682373046875 207.9575084329465 0.0 0.0 0.0 0.0 0.0 0.0 0.0
7895 2683.7989044189453 382.80682373046875 208.81270131233282 0.0 0.0 0.0 0.0 0.0 0.0 0.0
7949 2686.3513946533203 382.80682373046875 209.6513235320606 0.0 0.0 0.0 0.0 0.0 0.0 0.0
7958 2691.4561309814453 382.80682373046875 211.2636738715052 0.0 0.0 0.0 0.0 0.0 0.0 0.0
7966 2694.0086212158203 382.80682373046875 212.05366955600175 0.0 0.0 0.0 0.0 0.0 0.0 0.0
7976 2699.1133575439453 382.80682373046875 213.5708819184451 0.0 0.0 0.0 0.0 0.0 0.0 0.0
7990 2701.6658477783203 382.80682373046875 214.3138331339612 0.0 0.0 0.0 0.0 0.0 0.0 0.0
8001 2706.7705841064453 382.80682373046875 215.7393019207151 0.0 0.0 0.0 0.0 0.0 0.0 0.0
8006 2709.3228302001953 382.80682373046875 216.43702948628385 0.0 0.0 0.0 0.0 0.0 0.0 0.0
8013 2714.4278106689453 382.80682373046875 217.7747030848779 0.0 0.0 0.0 0.0 0.0 0.0 0.0
8021 2719.5325469970703 382.80682373046875 219.05609042978125 0.0 0.0 0.0 0.0 0.0 0.0 0.0
8037 2722.0847930908203 382.80682373046875 219.68284866258924 0.0 0.0 0.0 0.0 0.0 0.0 0.0
8046 2724.6372833251953 382.80682373046875 220.2960230814609 0.0 0.0 0.0 0.0 0.0 0.0 0.0
8062 2727.1897735595703 382.80682373046875 220.89576683769704 0.0 0.0 0.0 0.0 0.0 0.0 0.0
8078 2729.7420196533203 382.80682373046875 221.4822993025295 0.0 0.0 0.0 0.0 0.0 0.0 0.0
8085 2734.8470001220703 382.80682373046875 222.60473004109485 0.0 0.0 0.0 0.0 0.0 0.0 0.0
8102 2739.9517364501953 382.80682373046875 223.67816853306226 0.0 0.0 0.0 0.0 0.0 0.0 0.0
8112 2742.5039825439453 382.80682373046875 224.2028351712874 0.0 0.0 0.0 0.0 0.0 0.0 0.0
8134 2747.6089630126953 382.80682373046875 225.20599240898707 0.0 0.0 0.0 0.0 0.0 0.0 0.0
8160 2750.1612091064453 382.80682373046875 225.69618553762558 0.0 0.0 0.0 0.0 0.0 0.0 0.0
8181 2755.2659454345703 385.3592224121094 227.92065889597706 0.0 0.0 0.0 0.0 0.0 0.0 0.0
8189 2760.3709259033203 387.91162109375 230.05937365838855 0.0 0.0 0.0 0.0 0.0 0.0 0.0
8205 2765.4756622314453 390.4640197753906 232.11281403904093 0.0 0.0 0.0 0.0 0.0 0.0 0.0
8213 2768.0279083251953 393.01641845703125 233.79630624233704 0.0 0.0 0.0 0.0 0.0 0.0 0.0
8221 2778.2376251220703 398.1212158203125 237.43904712221695 0.0 0.0 0.0 0.0 0.0 0.0 0.0
8230 2780.7898712158203 403.2259826660156 240.3978147583874 0.0 0.0 0.0 0.0 0.0 0.0 0.0
8237 2783.3423614501953 403.2259826660156 240.53126299051848 0.0 0.0 0.0 0.0 0.0 0.0 0.0
8246 2788.4470977783203 405.77838134765625 242.13325343108835 0.0 0.0 0.0 0.0 0.0 0.0 0.0
8253 2793.5520782470703 410.8831787109375 245.01366166340756 0.0 0.0 0.0 0.0 0.0 0.0 0.0
8261 2798.6568145751953 415.98797607421875 247.75715209517622 0.0 0.0 0.0 0.0 0.0 0.0 0.0
8269 2803.7615509033203 418.54034423828125 249.01968851311912 0.0 0.0 0.0 0.0 0.0 0.0 0.0
8278 2808.8662872314453 423.6451416015625 251.5629280953156 0.0 0.0 0.0 0.0 0.0 0.0 0.0
8286 2816.5235137939453 428.74993896484375 253.7899328906758 0.0 0.0 0.0 0.0 0.0 0.0 0.0
8296 2816.5235137939453 431.3023681640625 255.188638388606 0.0 0.0 0.0 0.0 0.0 0.0 0.0
8304 2821.6282501220703 433.854736328125 256.08412445137725 0.0 0.0 0.0 0.0 0.0 0.0 0.0
8311 2829.2854766845703 438.95953369140625 257.96982970524675 0.0 0.0 0.0 0.0 0.0 0.0 0.0
8317 2834.3902130126953 444.0643310546875 260.0288326988127 0.0 0.0 0.0 0.0 0.0 0.0 0.0
8325 2842.0474395751953 451.72149658203125 262.8593477186407 0.0 0.0 0.0 0.0 0.0 0.0 0.0
8333 2847.1521759033203 454.27386474609375 263.36255176968564 0.0 0.0 0.0 0.0 0.0 0.0 0.0
8342 2849.7046661376953 459.378662109375 265.55665263408696 0.0 0.0 0.0 0.0 0.0 0.0 0.0
8351 2857.3618927001953 464.48345947265625 266.69955097036876 0.0 0.0 0.0 0.0 0.0 0.0 0.0
8358 2865.0191192626953 472.14068603515625 268.95066045055796 0.0 0.0 0.0 0.0 0.0 0.0 0.0
8367 2867.5713653564453 472.14068603515625 268.40900135738025 0.0 0.0 0.0 0.0 0.0 0.0 0.0
8373 2870.1238555908203 474.69305419921875 269.152608562407 0.0 0.0 0.0 0.0 0.0 0.0 0.0
8381 2875.2285919189453 479.7978515625 270.5488820036944 0.0 0.0 0.0 0.0 0.0 0.0 0.0
8389 2877.7810821533203 482.3502197265625 271.2246967350987 0.0 0.0 0.0 0.0 0.0 0.0 0.0
8397 2880.3333282470703 482.3502197265625 270.63267104529416 0.0 0.0 0.0 0.0 0.0 0.0 0.0
8405 2885.4380645751953 487.45501708984375 271.9374488252838 0.0 0.0 0.0 0.0 0.0 0.0 0.0
8414 2885.4380645751953 490.0074462890625 273.197177700676 0.0 0.0 0.0 0.0 0.0 0.0 0.0
8421 2890.5430450439453 495.11224365234375 274.341758083817 0.0 0.0 0.0 0.0 0.0 0.0 0.0
8430 2893.0952911376953 497.66461181640625 274.8955021506018 0.0 0.0 0.0 0.0 0.0 0.0 0.0
8446 2895.6477813720703 500.21697998046875 275.43116231598236 0.0 0.0 0.0 0.0 0.0 0.0 0.0
8455 2900.7525177001953 505.32177734375 276.4347680164574 0.0 0.0 0.0 0.0 0.0 0.0 0.0
8470 2905.8572540283203 507.87420654296875 276.2287831790211 0.0 0.0 0.0 0.0 0.0 0.0 0.0
8486 2908.4097442626953 507.87420654296875 275.5290044084806 0.0 0.0 0.0 0.0 0.0 0.0 0.0
8497 2910.9622344970703 510.42657470703125 276.04390730531264 0.0 0.0 0.0 0.0 0.0 0.0 0.0
8513 2910.9622344970703 512.97900390625 277.2545600622653 0.0 0.0 0.0 0.0 0.0 0.0 0.0
8519 2913.5144805908203 515.5313720703125 277.71296176364103 0.0 0.0 0.0 0.0 0.0 0.0 0.0
8533 2913.5144805908203 518.083740234375 278.90184192754316 0.0 0.0 0.0 0.0 0.0 0.0 0.0
8543 2916.0669708251953 520.6361694335938 279.30582570440504 0.0 0.0 0.0 0.0 0.0 0.0 0.0
8565 2918.6192169189453 523.1885375976562 279.69639031833947 0.0 0.0 0.0 0.0 0.0 0.0 0.0
8573 2918.6192169189453 528.2933349609375 281.9881605187059 0.0 0.0 0.0 0.0 0.0 0.0 0.0
8589 2921.1717071533203 530.8457641601562 282.2893817411592 0.0 0.0 0.0 0.0 0.0 0.0 0.0
8597 2923.7241973876953 535.9505615234375 283.6638496562434 0.0 0.0 0.0 0.0 0.0 0.0 0.0
8613 2923.7241973876953 538.5029296875 284.7676958525902 0.0 0.0 0.0 0.0 0.0 0.0 0.0
8621 2926.2764434814453 543.6077270507812 286.0235291079349 0.0 0.0 0.0 0.0 0.0 0.0 0.0
8630 2928.8289337158203 546.1600952148438 286.1892633938644 0.0 0.0 0.0 0.0 0.0 0.0 0.0
8637 2931.3811798095703 551.264892578125 287.37604772472343 0.0 0.0 0.0 0.0 0.0 0.0 0.0
8647 2933.9336700439453 556.3696899414062 288.5046223284095 0.0 0.0 0.0 0.0 0.0 0.0 0.0
8654 2936.4861602783203 561.4744873046875 289.5775318680276 0.0 0.0 0.0 0.0 0.0 0.0 0.0
8663 2936.4861602783203 566.5792846679688 291.55985581098207 0.0 0.0 0.0 0.0 0.0 0.0 0.0
8669 2941.5908966064453 576.7888793945312 293.31289632440496 0.0 0.0 0.0 0.0 0.0 0.0 0.0
8681 2944.1431427001953 581.8936157226562 294.14502622581745 0.0 0.0 0.0 0.0 0.0 0.0 0.0
8686 2946.6956329345703 586.9984130859375 294.9348820227767 0.0 0.0 0.0 0.0 0.0 0.0 0.0
8696 2951.8003692626953 594.6556396484375 295.53210399995976 0.0 0.0 0.0 0.0 0.0 0.0 0.0
8701 2954.3528594970703 602.3128051757812 297.0945863974182 0.0 0.0 0.0 0.0 0.0 0.0 0.0
8710 2956.9053497314453 607.4176025390625 297.733590343728 0.0 0.0 0.0 0.0 0.0 0.0 0.0
8718 2964.5623321533203 615.0747680664062 297.0891720712056 0.0 0.0 0.0 0.0 0.0 0.0 0.0
8727 2967.1148223876953 625.2843627929688 299.33177193621214 0.0 0.0 0.0 0.0 0.0 0.0 0.0
8733 2972.2195587158203 627.8367309570312 297.96917505276997 0.0 0.0 0.0 0.0 0.0 0.0 0.0
8744 2974.7720489501953 632.9415283203125 298.56321590531854 0.0 0.0 0.0 0.0 0.0 0.0 0.0
8749 2982.4292755126953 640.5986938476562 297.8403431989214 0.0 0.0 0.0 0.0 0.0 0.0 0.0
8760 2984.9815216064453 643.151123046875 297.607519504308 0.0 0.0 0.0 0.0 0.0 0.0 0.0
8766 2992.6387481689453 650.8082885742188 296.97495074378264 0.0 0.0 0.0 0.0 0.0 0.0 0.0
8774 2992.6387481689453 653.3607177734375 297.8491002745509 0.0 0.0 0.0 0.0 0.0 0.0 0.0
8781 2997.7434844970703 655.9130859375 296.55734986078704 0.0 0.0 0.0 0.0 0.0 0.0 0.0
8789 3000.2959747314453 666.1226806640625 298.8457314689564 0.0 0.0 0.0 0.0 0.0 0.0 0.0
8797 3005.4007110595703 671.2274780273438 298.3299176794517 0.0 0.0 0.0 0.0 0.0 0.0 0.0
8805 3015.6104278564453 683.9894409179688 298.18573297424825 0.0 0.0 0.0 0.0 0.0 0.0 0.0
8813 3018.1626739501953 689.09423828125 298.7687608763676 0.0 0.0 0.0 0.0 0.0 0.0 0.0
8821 3025.8199005126953 696.7514038085938 298.0265259645579 0.0 0.0 0.0 0.0 0.0 0.0 0.0
8830 3028.3723907470703 706.9609985351562 300.1882177914986 0.0 0.0 0.0 0.0 0.0 0.0 0.0
8837 3036.0293731689453 714.6181640625 299.3124750937953 0.0 0.0 0.0 0.0 0.0 0.0 0.0
8846 3038.5818634033203 719.7229614257812 299.83713752292846 0.0 0.0 0.0 0.0 0.0 0.0 0.0
8853 3041.1343536376953 722.275390625 299.5373964499711 0.0 0.0 0.0 0.0 0.0 0.0 0.0
8862 3043.6865997314453 724.8277587890625 299.24770149919516 0.0 0.0 0.0 0.0 0.0 0.0 0.0
8869 3046.2390899658203 732.4849243164062 300.55383888217995 0.0 0.0 0.0 0.0 0.0 0.0 0.0
8878 3053.8963165283203 740.1421508789062 299.64358983371324 0.0 0.0 0.0 0.0 0.0 0.0 0.0
8885 3056.4485626220703 742.6945190429688 299.35034727620507 0.0 0.0 0.0 0.0 0.0 0.0 0.0
8896 3059.0010528564453 747.79931640625 299.87311345483545 0.0 0.0 0.0 0.0 0.0 0.0 0.0
8902 3066.6582794189453 755.4564819335938 299.0268232281294 0.0 0.0 0.0 0.0 0.0 0.0 0.0
8910 3066.6582794189453 760.561279296875 300.6635177622578 0.0 0.0 0.0 0.0 0.0 0.0 0.0
8917 3074.3155059814453 765.6660766601562 298.97081180579175 0.0 0.0 0.0 0.0 0.0 0.0 0.0
8927 3076.8677520751953 770.7708740234375 299.5133121096151 0.0 0.0 0.0 0.0 0.0 0.0 0.0
8933 3079.4202423095703 773.3232421875 299.2243164660109 0.0 0.0 0.0 0.0 0.0 0.0 0.0
8943 3081.9724884033203 775.8756713867188 298.945174334963 0.0 0.0 0.0 0.0 0.0 0.0 0.0
8950 3087.0774688720703 780.98046875 298.42282918842807 0.0 0.0 0.0 0.0 0.0 0.0 0.0
8958 3089.6297149658203 786.085205078125 298.9935644364617 0.0 0.0 0.0 0.0 0.0 0.0 0.0
8968 3092.1822052001953 791.1900024414062 299.5347573681613 0.0 0.0 0.0 0.0 0.0 0.0 0.0
8973 3099.8394317626953 798.8472290039062 298.72040816410794 0.0 0.0 0.0 0.0 0.0 0.0 0.0
8981 3104.9441680908203 803.9520263671875 298.21271641121325 0.0 0.0 0.0 0.0 0.0 0.0 0.0
8989 3107.4966583251953 809.0567626953125 298.7941783010709 0.0 0.0 0.0 0.0 0.0 0.0 0.0
8997 3110.0489044189453 816.7139892578125 300.1320115517767 0.0 0.0 0.0 0.0 0.0 0.0 0.0
9006 3115.1536407470703 819.266357421875 298.73143948753255 0.0 0.0 0.0 0.0 0.0 0.0 0.0
9016 3117.7061309814453 824.3711547851562 299.2861868265304 0.0 0.0 0.0 0.0 0.0 0.0 0.0
9022 3122.8108673095703 826.923583984375 297.9257624036084 0.0 0.0 0.0 0.0 0.0 0.0 0.0
9031 3122.8108673095703 829.4759521484375 298.78159940018804 0.0 0.0 0.0 0.0 0.0 0.0 0.0
9038 3125.3633575439453 829.4759521484375 297.6689627553426 0.0 0.0 0.0 0.0 0.0 0.0 0.0
9045 3130.4680938720703 834.5807495117188 297.22962061864274 0.0 0.0 0.0 0.0 0.0 0.0 0.0
9053 3133.0205841064453 839.685546875 297.8617174565774 0.0 0.0 0.0 0.0 0.0 0.0 0.0
9061 3138.1253204345703 844.7903442382812 297.4098484214337 0.0 0.0 0.0 0.0 0.0 0.0 0.0
9069 3143.2300567626953 847.3427124023438 296.1392696675757 0.0 0.0 0.0 0.0 0.0 0.0 0.0
9078 3148.3347930908203 852.447509765625 295.7994913467492 0.0 0.0 0.0 0.0 0.0 0.0 0.0
9085 3153.4395294189453 857.5523071289062 295.4817956967815 0.0 0.0 0.0 0.0 0.0 0.0 0.0
9097 3161.0967559814453 865.20947265625 295.05031207782423 0.0 0.0 0.0 0.0 0.0 0.0 0.0
9102 3168.7539825439453 872.8666381835938 294.6597687844512 0.0 0.0 0.0 0.0 0.0 0.0 0.0
9118 3173.8587188720703 875.4190673828125 293.5230758907342 0.0 0.0 0.0 0.0 0.0 0.0 0.0
9125 3181.5159454345703 880.5238647460938 292.39380772728873 0.0 0.0 0.0 0.0 0.0 0.0 0.0
9133 3184.0684356689453 883.0762329101562 292.3444240631252 0.0 0.0 0.0 0.0 0.0 0.0 0.0
9141 3186.6206817626953 885.628662109375 292.2968366113424 0.0 0.0 0.0 0.0 0.0 0.0 0.0
9161 3191.7256622314453 890.7333984375 292.20770627676285 0.0 0.0 0.0 0.0 0.0 0.0 0.0
9169 3199.3826446533203 895.8381958007812 291.1840446199267 0.0 0.0 0.0 0.0 0.0 0.0 0.0
9175 3204.4876251220703 898.390625 290.2196130431934 0.0 0.0 0.0 0.0 0.0 0.0 0.0
9182 3209.5923614501953 903.4954223632812 290.26641592805635 0.0 0.0 0.0 0.0 0.0 0.0 0.0
9189 3219.8018341064453 908.6002197265625 288.5176306203372 0.0 0.0 0.0 0.0 0.0 0.0 0.0
9197 3224.9068145751953 913.7049560546875 288.67557540368045 0.0 0.0 0.0 0.0 0.0 0.0 0.0
9205 3230.0115509033203 916.2573852539062 287.8375408984814 0.0 0.0 0.0 0.0 0.0 0.0 0.0
9213 3240.2210235595703 921.3621826171875 286.32337546596204 0.0 0.0 0.0 0.0 0.0 0.0 0.0
9221 3247.8782501220703 923.91455078125 284.76181966278097 0.0 0.0 0.0 0.0 0.0 0.0 0.0
9230 3252.9829864501953 929.0193481445312 285.16476802791385 0.0 0.0 0.0 0.0 0.0 0.0 0.0
9237 3258.0877227783203 931.5717163085938 284.50573984394765 0.0 0.0 0.0 0.0 0.0 0.0 0.0
9246 3268.2974395751953 936.6765747070312 283.3164439074937 0.0 0.0 0.0 0.0 0.0 0.0 0.0
9253 3273.4021759033203 939.2289428710938 282.75251499188664 0.0 0.0 0.0 0.0 0.0 0.0 0.0
9262 3283.6118927001953 941.7813110351562 280.68549406464956 0.0 0.0 0.0 0.0 0.0 0.0 0.0
9269 3293.8213653564453 946.8861694335938 279.8723804612032 0.0 0.0 0.0 0.0 0.0 0.0 0.0
9278 3301.4785919189453 946.8861694335938 277.63787926622035 0.0 0.0 0.0 0.0 0.0 0.0 0.0
9286 3314.2405548095703 954.5432739257812 277.54473429599136 0.0 0.0 0.0 0.0 0.0 0.0 0.0
9299 3321.8977813720703 954.5432739257812 275.4500164509985 0.0 0.0 0.0 0.0 0.0 0.0 0.0
9301 3324.4500274658203 954.5432739257812 274.7667004550184 0.0 0.0 0.0 0.0 0.0 0.0 0.0
9311 3327.0025177001953 954.5432739257812 274.0978886150821 0.0 0.0 0.0 0.0 0.0 0.0 0.0
9350 3329.5550079345703 954.5432739257812 273.4433668355447 0.0 0.0 0.0 0.0 0.0 0.0 0.0
9358 3332.1072540283203 954.5432739257812 272.80296463892796 0.0 0.0 0.0 0.0 0.0 0.0 0.0
9366 3339.7644805908203 954.5432739257812 271.0017040007534 0.0 0.0 0.0 0.0 0.0 0.0 0.0
9376 3352.5264434814453 957.0956420898438 269.4714200060778 0.0 0.0 0.0 0.0 0.0 0.0 0.0
9387 3360.1836700439453 957.0956420898438 267.88236890016196 0.0 0.0 0.0 0.0 0.0 0.0 0.0
9390 3362.7359161376953 957.0956420898438 267.36466635744955 0.0 0.0 0.0 0.0 0.0 0.0 0.0
9398 3367.8408966064453 957.0956420898438 266.37489846326366 0.0 0.0 0.0 0.0 0.0 0.0 0.0
9405 3370.3931427001953 957.0956420898438 265.8913368911199 0.0 0.0 0.0 0.0 0.0 0.0 0.0
9422 3375.4981231689453 957.0956420898438 264.9671219693696 0.0 0.0 0.0 0.0 0.0 0.0 0.0
9432 3380.6028594970703 957.0956420898438 264.0843463403688 0.0 0.0 0.0 0.0 0.0 0.0 0.0
9440 3385.7075958251953 957.0956420898438 263.2412795099264 0.0 0.0 0.0 0.0 0.0 0.0 0.0
9450 3388.2600860595703 957.0956420898438 262.82947255808745 0.0 0.0 0.0 0.0 0.0 0.0 0.0
9453 3395.9170684814453 957.0956420898438 261.67616300512594 0.0 0.0 0.0 0.0 0.0 0.0 0.0
9462 3403.5742950439453 957.0956420898438 260.59991689572075 0.0 0.0 0.0 0.0 0.0 0.0 0.0
9469 3411.2315216064453 954.5432739257812 258.30460178023134 0.0 0.0 0.0 0.0 0.0 0.0 0.0
9478 3413.7840118408203 954.5432739257812 258.0081855954245 0.0 0.0 0.0 0.0 0.0 0.0 0.0
9485 3413.7840118408203 951.9909057617188 256.6155826772045 0.0 0.0 0.0 0.0 0.0 0.0 0.0
9501 3418.8887481689453 951.9909057617188 256.11471044002883 0.0 0.0 0.0 0.0 0.0 0.0 0.0
9511 3421.4409942626953 951.9909057617188 255.8702858337616 0.0 0.0 0.0 0.0 0.0 0.0 0.0
9518 3423.9934844970703 951.9909057617188 255.63160810526756 0.0 0.0 0.0 0.0 0.0 0.0 0.0
9527 3426.5459747314453 946.8861694335938 252.65008661634374 0.0 0.0 0.0 0.0 0.0 0.0 0.0
9535 3429.0982208251953 944.3336791992188 251.1107887531363 0.0 0.0 0.0 0.0 0.0 0.0 0.0
9544 3434.2032012939453 941.7813110351562 249.51920256353407 0.0 0.0 0.0 0.0 0.0 0.0 0.0
9551 3439.3079376220703 939.2289428710938 248.00082749183755 0.0 0.0 0.0 0.0 0.0 0.0 0.0
9561 3441.8601837158203 936.6765747070312 246.56810602501986 0.0 0.0 0.0 0.0 0.0 0.0 0.0
9568 3449.5174102783203 931.5717163085938 243.88683380869912 0.0 0.0 0.0 0.0 0.0 0.0 0.0
9573 3452.0699005126953 931.5717163085938 243.93626426291056 0.0 0.0 0.0 0.0 0.0 0.0 0.0
9581 3452.0699005126953 929.0193481445312 242.52166459861985 0.0 0.0 0.0 0.0 0.0 0.0 0.0
9589 3457.1746368408203 926.4669799804688 241.3364099423589 0.0 0.0 0.0 0.0 0.0 0.0 0.0
9597 3459.7271270751953 923.91455078125 240.07148581806348 0.0 0.0 0.0 0.0 0.0 0.0 0.0
9605 3464.8318634033203 923.91455078125 240.34741237009456 0.0 0.0 0.0 0.0 0.0 0.0 0.0
9613 3469.9365997314453 916.2573852539062 236.60927002251196 0.0 0.0 0.0 0.0 0.0 0.0 0.0
9629 3475.0413360595703 913.7049560546875 235.71742202764756 0.0 0.0 0.0 0.0 0.0 0.0 0.0
9637 3480.1463165283203 908.6002197265625 233.5563812507944 0.0 0.0 0.0 0.0 0.0 0.0 0.0
9645 3485.2510528564453 906.0477905273438 232.8193756804049 0.0 0.0 0.0 0.0 0.0 0.0 0.0
9653 3490.3557891845703 903.4954223632812 232.12011072657393 0.0 0.0 0.0 0.0 0.0 0.0 0.0
9662 3495.4605255126953 900.9429931640625 231.45664079842044 0.0 0.0 0.0 0.0 0.0 0.0 0.0
9669 3498.0130157470703 898.390625 230.4687967552814 0.0 0.0 0.0 0.0 0.0 0.0 0.0
9678 3503.1177520751953 895.8381958007812 229.89024545479515 0.0 0.0 0.0 0.0 0.0 0.0 0.0
9685 3508.2224884033203 893.2858276367188 229.34157983112846 0.0 0.0 0.0 0.0 0.0 0.0 0.0
9694 3510.7749786376953 888.1810302734375 227.11566799401663 0.0 0.0 0.0 0.0 0.0 0.0 0.0
9701 3515.8797149658203 885.628662109375 226.71080633769816 0.0 0.0 0.0 0.0 0.0 0.0 0.0
9710 3520.9844512939453 885.628662109375 227.60224937766486 0.0 0.0 0.0 0.0 0.0 0.0 0.0
9717 3526.0891876220703 877.971435546875 224.66745974385603 0.0 0.0 0.0 0.0 0.0 0.0 0.0
9729 3536.2989044189453 875.4190673828125 225.33534542446526 0.0 0.0 0.0 0.0 0.0 0.0 0.0
9733 3538.8513946533203 870.3142700195312 223.26595844500235 0.0 0.0 0.0 0.0 0.0 0.0 0.0
9743 3546.5083770751953 867.7619018554688 223.57286483596226 0.0 0.0 0.0 0.0 0.0 0.0 0.0
9749 3546.5083770751953 865.20947265625 222.27488262815484 0.0 0.0 0.0 0.0 0.0 0.0 0.0
9758 3549.0608673095703 860.1046752929688 220.3311737451105 0.0 0.0 0.0 0.0 0.0 0.0 0.0
9765 3554.1656036376953 857.5523071289062 220.28080818558243 0.0 0.0 0.0 0.0 0.0 0.0 0.0
9781 3559.2703399658203 852.447509765625 219.03553769454834 0.0 0.0 0.0 0.0 0.0 0.0 0.0
9789 3561.8228302001953 852.447509765625 219.66277533514 0.0 0.0 0.0 0.0 0.0 0.0 0.0
9797 3566.9275665283203 847.3427124023438 218.45607828399267 0.0 0.0 0.0 0.0 0.0 0.0 0.0
9806 3569.4800567626953 847.3427124023438 219.09590110280243 0.0 0.0 0.0 0.0 0.0 0.0 0.0
9813 3572.0323028564453 844.7903442382812 218.49142583767866 0.0 0.0 0.0 0.0 0.0 0.0 0.0
9821 3574.5847930908203 842.2379150390625 217.90648899900833 0.0 0.0 0.0 0.0 0.0 0.0 0.0
9829 3577.1372833251953 842.2379150390625 218.55815486729045 0.0 0.0 0.0 0.0 0.0 0.0 0.0
9837 3582.2420196533203 834.5807495117188 216.26664147278962 0.0 0.0 0.0 0.0 0.0 0.0 0.0
9853 3587.3467559814453 829.4759521484375 215.27401307657112 0.0 0.0 0.0 0.0 0.0 0.0 0.0
9862 3592.4514923095703 826.923583984375 215.48851953948184 0.0 0.0 0.0 0.0 0.0 0.0 0.0
9869 3597.5564727783203 821.8187866210938 214.5454515380251 0.0 0.0 0.0 0.0 0.0 0.0 0.0
9878 3600.1087188720703 821.8187866210938 215.26812745022931 0.0 0.0 0.0 0.0 0.0 0.0 0.0
9885 3605.2134552001953 816.7139892578125 214.33900881859915 0.0 0.0 0.0 0.0 0.0 0.0 0.0
9895 3605.2134552001953 814.1615600585938 213.14768832513886 0.0 0.0 0.0 0.0 0.0 0.0 0.0
9901 3607.7659454345703 811.6091918945312 212.73783623053876 0.0 0.0 0.0 0.0 0.0 0.0 0.0
9910 3610.3184356689453 809.0567626953125 212.34158054943424 0.0 0.0 0.0 0.0 0.0 0.0 0.0
9917 3615.4231719970703 801.3995971679688 210.51915869771534 0.0 0.0 0.0 0.0 0.0 0.0 0.0
9926 3620.5279083251953 796.2947998046875 209.89494958330786 0.0 0.0 0.0 0.0 0.0 0.0 0.0
9933 3625.6326446533203 791.1900024414062 209.3111296174858 0.0 0.0 0.0 0.0 0.0 0.0 0.0
9942 3625.6326446533203 788.6376342773438 208.1906241672143 0.0 0.0 0.0 0.0 0.0 0.0 0.0
9949 3630.7373809814453 780.98046875 206.69108697314658 0.0 0.0 0.0 0.0 0.0 0.0 0.0
9957 3633.2898712158203 778.4280395507812 206.49689666541093 0.0 0.0 0.0 0.0 0.0 0.0 0.0
9965 3638.3946075439453 768.2184448242188 204.15757368134737 0.0 0.0 0.0 0.0 0.0 0.0 0.0
9974 3640.9470977783203 765.6660766601562 204.04874583327776 0.0 0.0 0.0 0.0 0.0 0.0 0.0
9981 3643.4995880126953 760.561279296875 202.94211471660097 0.0 0.0 0.0 0.0 0.0 0.0 0.0
9989 3643.4995880126953 758.0089111328125 201.922962722232 0.0 0.0 0.0 0.0 0.0 0.0 0.0
9999 3648.6043243408203 752.9041137695312 201.8583608647056 0.0 0.0 0.0 0.0 0.0 0.0 0.0
10006 3651.1565704345703 747.79931640625 200.8602374717532 0.0 0.0 0.0 0.0 0.0 0.0 0.0
10016 3653.7090606689453 742.6945190429688 199.91208274982603 0.0 0.0 0.0 0.0 0.0 0.0 0.0
10022 3656.2615509033203 740.1421508789062 199.94664994341542 0.0 0.0 0.0 0.0 0.0 0.0 0.0
10031 3656.2615509033203 735.037353515625 198.0459398593337 0.0 0.0 0.0 0.0 0.0 0.0 0.0
10038 3663.9185333251953 727.380126953125 198.32018492398913 0.0 0.0 0.0 0.0 0.0 0.0 0.0
10047 3663.9185333251953 722.275390625 196.47773305536398 0.0 0.0 0.0 0.0 0.0 0.0 0.0
10053 3666.4710235595703 722.275390625 197.5374291995546 0.0 0.0 0.0 0.0 0.0 0.0 0.0
10062 3669.0235137939453 714.6181640625 195.89328428489316 0.0 0.0 0.0 0.0 0.0 0.0 0.0
10069 3671.5757598876953 712.0657958984375 196.06343059810422 0.0 0.0 0.0 0.0 0.0 0.0 0.0
10077 3674.1282501220703 704.4085693359375 194.51974041668336 0.0 0.0 0.0 0.0 0.0 0.0 0.0
10094 3679.2329864501953 694.1990356445312 193.32910975223245 0.0 0.0 0.0 0.0 0.0 0.0 0.0
10101 3679.2329864501953 691.6466064453125 192.48528059667612 0.0 0.0 0.0 0.0 0.0 0.0 0.0
10110 3681.7854766845703 686.5418090820312 191.96426105151806 0.0 0.0 0.0 0.0 0.0 0.0 0.0
10117 3684.3377227783203 676.332275390625 189.96610088645738 0.0 0.0 0.0 0.0 0.0 0.0 0.0
10126 3686.8902130126953 673.7798461914062 190.33480484500495 0.0 0.0 0.0 0.0 0.0 0.0 0.0
10133 3689.4427032470703 666.1226806640625 189.18872577448127 0.0 0.0 0.0 0.0 0.0 0.0 0.0
10145 3691.9949493408203 661.0178833007812 188.8388530086807 0.0 0.0 0.0 0.0 0.0 0.0 0.0
10150 3694.5474395751953 655.9130859375 188.5073310664905 0.0 0.0 0.0 0.0 0.0 0.0 0.0
10162 3697.0996856689453 648.2559204101562 187.49003807174103 0.0 0.0 0.0 0.0 0.0 0.0 0.0
10167 3699.6521759033203 645.7034912109375 187.94070384209505 0.0 0.0 0.0 0.0 0.0 0.0 0.0
10174 3702.2046661376953 640.5986938476562 187.65599033085311 0.0 0.0 0.0 0.0 0.0 0.0 0.0
10182 3702.2046661376953 635.4939575195312 186.22639369414637 0.0 0.0 0.0 0.0 0.0 0.0 0.0
10190 3702.2046661376953 630.38916015625 184.85577364246117 0.0 0.0 0.0 0.0 0.0 0.0 0.0
10198 3707.3094024658203 627.8367309570312 186.57230664014378 0.0 0.0 0.0 0.0 0.0 0.0 0.0
10206 3709.8616485595703 622.73193359375 186.35903789636598 0.0 0.0 0.0 0.0 0.0 0.0 0.0
10213 3709.8616485595703 620.1795654296875 185.6564632937123 0.0 0.0 0.0 0.0 0.0 0.0 0.0
10221 3709.8616485595703 617.627197265625 184.96880832359568 0.0 0.0 0.0 0.0 0.0 0.0 0.0
10230 3712.4141387939453 612.5223999023438 184.83947940515395 0.0 0.0 0.0 0.0 0.0 0.0 0.0
10238 3714.9666290283203 609.969970703125 185.37704938521523 0.0 0.0 0.0 0.0 0.0 0.0 0.0
10246 3717.5188751220703 607.4176025390625 185.89697738170233 0.0 0.0 0.0 0.0 0.0 0.0 0.0
10253 3720.0713653564453 599.7603759765625 185.06541254332254 0.0 0.0 0.0 0.0 0.0 0.0 0.0
10262 3722.6236114501953 594.6556396484375 184.9309445919759 0.0 0.0 0.0 0.0 0.0 0.0 0.0
10269 3727.7285919189453 589.5508422851562 185.9662827344314 0.0 0.0 0.0 0.0 0.0 0.0 0.0
10279 3727.7285919189453 584.446044921875 184.6065040810325 0.0 0.0 0.0 0.0 0.0 0.0 0.0
10286 3732.8333282470703 574.2364501953125 184.39673565662153 0.0 0.0 0.0 0.0 0.0 0.0 0.0
10299 3735.3855743408203 571.68408203125 184.94859995195486 0.0 0.0 0.0 0.0 0.0 0.0 0.0
10302 3737.9380645751953 566.5792846679688 184.82036127674766 0.0 0.0 0.0 0.0 0.0 0.0 0.0
10312 3740.4905548095703 558.9220581054688 184.06572176807308 0.0 0.0 0.0 0.0 0.0 0.0 0.0
10321 3743.0428009033203 553.8173217773438 183.9835841147144 0.0 0.0 0.0 0.0 0.0 0.0 0.0
10327 3745.5952911376953 548.7125244140625 183.90592535031544 0.0 0.0 0.0 0.0 0.0 0.0 0.0
10333 3745.5952911376953 546.1600952148438 183.2555668252229 0.0 0.0 0.0 0.0 0.0 0.0 0.0
10343 3748.1477813720703 543.6077270507812 183.84450783468378 0.0 0.0 0.0 0.0 0.0 0.0 0.0
10349 3748.1477813720703 541.0552978515625 183.1954972873162 0.0 0.0 0.0 0.0 0.0 0.0 0.0
10358 3750.7000274658203 538.5029296875 183.78636305546456 0.0 0.0 0.0 0.0 0.0 0.0 0.0
10374 3750.7000274658203 535.9505615234375 183.13853121379066 0.0 0.0 0.0 0.0 0.0 0.0 0.0
10382 3750.7000274658203 533.3981323242188 182.50474104645292 0.0 0.0 0.0 0.0 0.0 0.0 0.0
10390 3753.2525177001953 530.8457641601562 183.1179480336831 0.0 0.0 0.0 0.0 0.0 0.0 0.0
10407 3753.2525177001953 528.2933349609375 182.4846067919175 0.0 0.0 0.0 0.0 0.0 0.0 0.0
10421 3755.8047637939453 525.740966796875 183.098326612145 0.0 0.0 0.0 0.0 0.0 0.0 0.0
10429 3755.8047637939453 523.1885375976562 182.4653919038737 0.0 0.0 0.0 0.0 0.0 0.0 0.0
10437 3755.8047637939453 520.6361694335938 181.84614333474804 0.0 0.0 0.0 0.0 0.0 0.0 0.0
10445 3758.3572540283203 518.083740234375 182.48056418535714 0.0 0.0 0.0 0.0 0.0 0.0 0.0
10453 3758.3572540283203 515.5313720703125 181.86108626543256 0.0 0.0 0.0 0.0 0.0 0.0 0.0
10462 3760.9097442626953 512.97900390625 182.49502660373972 0.0 0.0 0.0 0.0 0.0 0.0 0.0
10469 3763.4619903564453 507.87420654296875 182.49522189851547 0.0 0.0 0.0 0.0 0.0 0.0 0.0
10477 3763.4619903564453 505.32177734375 181.87531706416206 0.0 0.0 0.0 0.0 0.0 0.0 0.0
10485 3766.0144805908203 502.7694091796875 182.50875557871242 0.0 0.0 0.0 0.0 0.0 0.0 0.0
10494 3766.0144805908203 497.66461181640625 181.2949120962432 0.0 0.0 0.0 0.0 0.0 0.0 0.0
10501 3771.1192169189453 490.0074462890625 181.97502813193182 0.0 0.0 0.0 0.0 0.0 0.0 0.0
10510 3773.6717071533203 487.45501708984375 182.60532564076507 0.0 0.0 0.0 0.0 0.0 0.0 0.0
10517 3773.6717071533203 484.90264892578125 181.9831317653488 0.0 0.0 0.0 0.0 0.0 0.0 0.0
10542 3773.6717071533203 479.7978515625 180.79174037275234 0.0 0.0 0.0 0.0 0.0 0.0 0.0
10549 3776.2239532470703 479.7978515625 182.06389206456862 0.0 0.0 0.0 0.0 0.0 0.0 0.0
10557 3776.2239532470703 477.24542236328125 181.45336963437956 0.0 0.0 0.0 0.0 0.0 0.0 0.0
10574 3778.7764434814453 472.14068603515625 181.508298893713 0.0 0.0 0.0 0.0 0.0 0.0 0.0
10582 3781.3286895751953 469.5882568359375 182.15347800922416 0.0 0.0 0.0 0.0 0.0 0.0 0.0
10590 3781.3286895751953 467.035888671875 181.54112241928442 0.0 0.0 0.0 0.0 0.0 0.0 0.0
10599 3781.3286895751953 464.48345947265625 180.94210606919034 0.0 0.0 0.0 0.0 0.0 0.0 0.0
10606 3781.3286895751953 461.93109130859375 180.35632830715446 0.0 0.0 0.0 0.0 0.0 0.0 0.0
10614 3781.3286895751953 456.8262939453125 179.23522871835405 0.0 0.0 0.0 0.0 0.0 0.0 0.0
10621 3783.8811798095703 451.72149658203125 179.40628261328308 0.0 0.0 0.0 0.0 0.0 0.0 0.0
10630 3788.9859161376953 449.16912841796875 181.35783663333046 0.0 0.0 0.0 0.0 0.0 0.0 0.0
10638 3788.9859161376953 441.51190185546875 179.64796932078565 0.0 0.0 0.0 0.0 0.0 0.0 0.0
10653 3791.5384063720703 441.51190185546875 180.9323205262445 0.0 0.0 0.0 0.0 0.0 0.0 0.0
10662 3791.5384063720703 438.95953369140625 180.34669062396983 0.0 0.0 0.0 0.0 0.0 0.0 0.0
10669 3791.5384063720703 436.4071044921875 179.77400525700193 0.0 0.0 0.0 0.0 0.0 0.0 0.0
10678 3794.0906524658203 433.854736328125 180.4743906391244 0.0 0.0 0.0 0.0 0.0 0.0 0.0
10685 3796.6431427001953 428.74993896484375 180.58054948076696 0.0 0.0 0.0 0.0 0.0 0.0 0.0
10694 3799.1956329345703 426.19757080078125 181.25541719436166 0.0 0.0 0.0 0.0 0.0 0.0 0.0
10701 3799.1956329345703 423.6451416015625 180.66269488837253 0.0 0.0 0.0 0.0 0.0 0.0 0.0
10710 3804.3003692626953 418.54034423828125 181.9655770873381 0.0 0.0 0.0 0.0 0.0 0.0 0.0
10726 3806.8528594970703 415.98797607421875 182.59615877293012 0.0 0.0 0.0 0.0 0.0 0.0 0.0
10733 3806.8528594970703 413.4355773925781 181.9740961897624 0.0 0.0 0.0 0.0 0.0 0.0 0.0
10743 3809.4051055908203 410.8831787109375 182.6042258536794 0.0 0.0 0.0 0.0 0.0 0.0 0.0
10749 3811.9575958251953 408.3307800292969 183.21420214944555 0.0 0.0 0.0 0.0 0.0 0.0 0.0
10758 3814.5098419189453 405.77838134765625 183.80437137425042 0.0 0.0 0.0 0.0 0.0 0.0 0.0
10766 3819.6148223876953 400.6736145019531 184.91089154198528 0.0 0.0 0.0 0.0 0.0 0.0 0.0
10781 3822.1670684814453 395.5688171386719 184.78456816236104 0.0 0.0 0.0 0.0 0.0 0.0 0.0
10790 3824.7195587158203 390.4640197753906 184.6649469613133 0.0 0.0 0.0 0.0 0.0 0.0 0.0
10797 3824.7195587158203 387.91162109375 183.99827552288525 0.0 0.0 0.0 0.0 0.0 0.0 0.0
10805 3827.2718048095703 382.80682373046875 183.91966034341092 0.0 0.0 0.0 0.0 0.0 0.0 0.0
10821 3829.8242950439453 380.25445556640625 184.48707805603496 0.0 0.0 0.0 0.0 0.0 0.0 0.0
10902 3832.3767852783203 377.7020568847656 185.03613176874316 0.0 0.0 0.0 0.0 0.0 0.0 0.0