0 2000.0 1500.0 0 0.0 0.0 0.0 0.0 0.0 0.0 0.0
13 2000.0 1500.0 0.0 0.0 0.0 0.0 0.0 0.0 0.0 0.0
31 2000.0 1500.0 0.0 0.0 0.0 0.0 0.0 0.0 0.0 0.0
49 2000.0 1500.0 0.0 0.0 0.0 0.0 0.0 0.0 0.0 0.0
90 2000.0 1500.0 0.0 0.0 0.0 0.0 0.0 0.0 0.0 0.0
91 2000.0 1500.0 0.0 0.0 0.0 0.0 0.0 0.0 0.0 0.0
103 2000.0 1500.0 0.0 0.0 0.0 0.0 0.0 0.0 0.0 0.0
106 2000.0 1500.0 0.0 0.0 0.0 0.0 0.0 0.0 0.0 0.0
116 2007.0101318359375 1466.99658203125 0.6497879110087723 0.0 0.0 0.0 0.0 0.0 0.0 0.0
148 2007.0101318359375 1466.99658203125 0.6497732578280164 0.0 0.0 0.0 0.0 0.0 0.0 0.0
149 2007.0101318359375 1466.99658203125 0.6497732578280164 0.0 0.0 0.0 0.0 0.0 0.0 0.0
182 2022.7745361328125 1444.41748046875 3.5910310202187077 0.0 0.0 0.0 0.0 0.0 0.0 0.0
183 2050.8082275390625 1418.363525390625 8.760300023031462 0.0 0.0 0.0 0.0 0.0 0.0 0.0
185 2050.8082275390625 1418.363525390625 8.760310642008761 0.0 0.0 0.0 0.0 0.0 0.0 0.0
202 2050.8082275390625 1418.363525390625 8.760310642008761 0.0 0.0 0.0 0.0 0.0 0.0 0.0
216 2087.6026611328125 1390.5723876953125 14.932329626455797 0.0 0.0 0.0 0.0 0.0 0.0 0.0
233 2087.6026611328125 1390.5723876953125 14.932318431100512 0.0 0.0 0.0 0.0 0.0 0.0 0.0
250 2129.6568603515625 1362.781005859375 21.157536743035607 0.0 0.0 0.0 0.0 0.0 0.0 0.0
265 2152.4310302734375 1348.8887939453125 24.329708167373383 0.0 0.0 0.0 0.0 0.0 0.0 0.0
269 2176.9630126953125 1334.9898681640625 27.527872568038994 0.0 0.0 0.0 0.0 0.0 0.0 0.0
283 2176.9630126953125 1334.9898681640625 27.527881140762247 0.0 0.0 0.0 0.0 0.0 0.0 0.0
304 2201.4952392578125 1322.8348388671875 30.64047605311938 0.0 0.0 0.0 0.0 0.0 0.0 0.0
305 2227.7779541015625 1312.4105224609375 34.01058029173661 0.0 0.0 0.0 0.0 0.0 0.0 0.0
316 2254.0540771484375 1300.2557373046875 36.75043923136962 0.0 0.0 0.0 0.0 0.0 0.0 0.0
332 2254.0540771484375 1300.2557373046875 36.75041365279681 0.0 0.0 0.0 0.0 0.0 0.0 0.0
349 2283.8450927734375 1288.0941162109375 39.74451610000555 0.0 0.0 0.0 0.0 0.0 0.0 0.0
350 2311.8790283203125 1275.9393310546875 42.114935284986615 0.0 0.0 0.0 0.0 0.0 0.0 0.0
367 2345.1651611328125 1265.5150146484375 45.25754453189515 0.0 0.0 0.0 0.0 0.0 0.0 0.0
390 2345.1651611328125 1265.5150146484375 45.257543026606044 0.0 0.0 0.0 0.0 0.0 0.0 0.0
394 2378.4581298828125 1255.0906982421875 47.99116743659289 0.0 0.0 0.0 0.0 0.0 0.0 0.0
411 2413.5018310546875 1248.14794921875 51.240424701306736 0.0 0.0 0.0 0.0 0.0 0.0 0.0
415 2452.0472412109375 1241.1985473632812 54.43244821062356 0.0 0.0 0.0 0.0 0.0 0.0 0.0
429 2452.0472412109375 1241.1985473632812 54.43244917228887 0.0 0.0 0.0 0.0 0.0 0.0 0.0
430 2488.8419189453125 1237.723876953125 57.69289601536734 0.0 0.0 0.0 0.0 0.0 0.0 0.0
451 2565.9327392578125 1237.723876953125 64.15217819666914 0.0 0.0 0.0 0.0 0.0 0.0 0.0
468 2565.9327392578125 1237.723876953125 64.15217103585755 0.0 0.0 0.0 0.0 0.0 0.0 0.0
469 2604.4849853515625 1241.1985473632812 67.66230118861442 0.0 0.0 0.0 0.0 0.0 0.0 0.0
490 2641.2794189453125 1246.41064453125 70.96942255017188 0.0 0.0 0.0 0.0 0.0 0.0 0.0
491 2679.8250732421875 1253.3533935546875 74.2627407812991 0.0 0.0 0.0 0.0 0.0 0.0 0.0
515 2679.8250732421875 1253.3533935546875 74.2627350522011 0.0 0.0 0.0 0.0 0.0 0.0 0.0
516 2713.1112060546875 1262.040283203125 77.35075253911461 0.0 0.0 0.0 0.0 0.0 0.0 0.0
542 2741.1514892578125 1270.727294921875 79.98012221843072 0.0 0.0 0.0 0.0 0.0 0.0 0.0
560 2741.1514892578125 1270.727294921875 79.98012763944986 0.0 0.0 0.0 0.0 0.0 0.0 0.0
561 2769.1854248046875 1282.882080078125 83.11599168840885 0.0 0.0 0.0 0.0 0.0 0.0 0.0
575 2791.9595947265625 1296.781005859375 86.36813543691173 0.0 0.0 0.0 0.0 0.0 0.0 0.0
599 2827.0035400390625 1333.2523193359375 93.95324735828666 0.0 0.0 0.0 0.0 0.0 0.0 0.0
600 2827.0035400390625 1333.2523193359375 93.95324518817317 0.0 0.0 0.0 0.0 0.0 0.0 0.0
615 2839.2659912109375 1357.5755615234375 99.1422203850593 0.0 0.0 0.0 0.0 0.0 0.0 0.0
628 2839.2659912109375 1357.5755615234375 99.14223926520366 0.0 0.0 0.0 0.0 0.0 0.0 0.0
645 2853.2862548828125 1409.683349609375 109.66082849146814 0.0 0.0 0.0 0.0 0.0 0.0 0.0
664 2853.2862548828125 1409.683349609375 109.66081836528464 0.0 0.0 0.0 0.0 0.0 0.0 0.0
688 2858.5386962890625 1463.5284423828125 120.05478423591872 0.0 0.0 0.0 0.0 0.0 0.0 0.0
689 2858.5386962890625 1463.5284423828125 120.05478021515246 0.0 0.0 0.0 0.0 0.0 0.0 0.0
715 2860.2896728515625 1512.16162109375 128.59582691322163 0.0 0.0 0.0 0.0 0.0 0.0 0.0
718 2860.2896728515625 1512.16162109375 128.59582207798525 0.0 0.0 0.0 0.0 0.0 0.0 0.0
734 2860.2896728515625 1512.16162109375 128.59582207798525 0.0 0.0 0.0 0.0 0.0 0.0 0.0
735 2863.7979736328125 1550.3702392578125 134.118073694697 0.0 0.0 0.0 0.0 0.0 0.0 0.0
748 2863.7979736328125 1550.3702392578125 134.11805418100533 0.0 0.0 0.0 0.0 0.0 0.0 0.0
766 2867.2996826171875 1593.7978515625 139.5718141944351 0.0 0.0 0.0 0.0 0.0 0.0 0.0
784 2867.2996826171875 1593.7978515625 139.5718367014074 0.0 0.0 0.0 0.0 0.0 0.0 0.0
787 2867.2996826171875 1593.7978515625 139.5718367014074 0.0 0.0 0.0 0.0 0.0 0.0 0.0
798 2877.8114013671875 1642.430908203125 143.42030368701973 0.0 0.0 0.0 0.0 0.0 0.0 0.0
817 2886.5723876953125 1670.2220458984375 144.81373541393782 0.0 0.0 0.0 0.0 0.0 0.0 0.0
818 2897.0843505859375 1699.750732421875 145.86935585172927 0.0 0.0 0.0 0.0 0.0 0.0 0.0
832 2909.3536376953125 1732.747314453125 146.78271655190753 0.0 0.0 0.0 0.0 0.0 0.0 0.0
852 2909.3536376953125 1732.747314453125 146.78270984784012 0.0 0.0 0.0 0.0 0.0 0.0 0.0
853 2926.8756103515625 1762.2760009765625 146.167888925588 0.0 0.0 0.0 0.0 0.0 0.0 0.0
868 2947.8990478515625 1790.067138671875 144.7564163866104 0.0 0.0 0.0 0.0 0.0 0.0 0.0
887 2970.6734619140625 1816.1212158203125 142.99990135154906 0.0 0.0 0.0 0.0 0.0 0.0 0.0
900 2995.2054443359375 1842.1749267578125 141.14175907170699 0.0 0.0 0.0 0.0 0.0 0.0 0.0
916 2995.2054443359375 1842.1749267578125 141.1417705983228 0.0 0.0 0.0 0.0 0.0 0.0 0.0
918 3021.4881591796875 1866.491455078125 138.99624931274997 0.0 0.0 0.0 0.0 0.0 0.0 0.0
934 3049.5218505859375 1890.80810546875 136.82717132665033 0.0 0.0 0.0 0.0 0.0 0.0 0.0
935 3077.5557861328125 1913.3936767578125 134.72610231982299 0.0 0.0 0.0 0.0 0.0 0.0 0.0
950 3077.5557861328125 1913.3936767578125 134.72609738030536 0.0 0.0 0.0 0.0 0.0 0.0 0.0
969 3107.3399658203125 1935.9730224609375 132.61438093856316 0.0 0.0 0.0 0.0 0.0 0.0 0.0
972 3137.1314697265625 1958.5521240234375 130.80247304775202 0.0 0.0 0.0 0.0 0.0 0.0 0.0
982 3137.1314697265625 1958.5521240234375 130.80248720757686 0.0 0.0 0.0 0.0 0.0 0.0 0.0
998 3168.6668701171875 1981.1312255859375 128.97025471667968 0.0 0.0 0.0 0.0 0.0 0.0 0.0
1016 3200.2020263671875 2001.9730224609375 127.13322413919492 0.0 0.0 0.0 0.0 0.0 0.0 0.0
1017 3229.9932861328125 2024.5521240234375 126.10919346575294 0.0 0.0 0.0 0.0 0.0 0.0 0.0
1041 3261.5286865234375 2043.6630859375 124.39798609329232 0.0 0.0 0.0 0.0 0.0 0.0 0.0
1042 3291.3131103515625 2061.0301513671875 122.88211245788075 0.0 0.0 0.0 0.0 0.0 0.0 0.0
1057 3291.3131103515625 2061.0301513671875 122.8821040019243 0.0 0.0 0.0 0.0 0.0 0.0 0.0
1078 3321.1046142578125 2078.397216796875 121.56819272616038 0.0 0.0 0.0 0.0 0.0 0.0 0.0
1079 3350.8890380859375 2095.7708740234375 120.43283636262197 0.0 0.0 0.0 0.0 0.0 0.0 0.0
1095 3377.1717529296875 2113.137939453125 119.92364275148749 0.0 0.0 0.0 0.0 0.0 0.0 0.0
1112 3377.1717529296875 2113.137939453125 119.9236340942813 0.0 0.0 0.0 0.0 0.0 0.0 0.0
1133 3399.9464111328125 2132.242431640625 120.27693570712803 0.0 0.0 0.0 0.0 0.0 0.0 0.0
1134 3419.2191162109375 2154.821533203125 121.71188857522706 0.0 0.0 0.0 0.0 0.0 0.0 0.0
1135 3436.7406005859375 2180.875244140625 123.84492188923268 0.0 0.0 0.0 0.0 0.0 0.0 0.0
1150 3450.7611083984375 2208.6666259765625 126.55842320859925 0.0 0.0 0.0 0.0 0.0 0.0 0.0
1169 3450.7611083984375 2208.6666259765625 126.55844817111834 0.0 0.0 0.0 0.0 0.0 0.0 0.0
1187 3463.0235595703125 2238.195068359375 129.51748096194427 0.0 0.0 0.0 0.0 0.0 0.0 0.0
1205 3463.0235595703125 2238.195068359375 129.51747421307022 0.0 0.0 0.0 0.0 0.0 0.0 0.0
1206 3464.7745361328125 2302.4644775390625 138.59988490393278 0.0 0.0 0.0 0.0 0.0 0.0 0.0
1221 3456.0133056640625 2337.2052001953125 144.87029990686773 0.0 0.0 0.0 0.0 0.0 0.0 0.0
1233 3445.5018310546875 2371.9393310546875 150.81168227375304 0.0 0.0 0.0 0.0 0.0 0.0 0.0
1256 3445.5018310546875 2371.9393310546875 150.81168529551417 0.0 0.0 0.0 0.0 0.0 0.0 0.0
1257 3431.4884033203125 2406.6800537109375 156.8270463894612 0.0 0.0 0.0 0.0 0.0 0.0 0.0
1280 3415.7171630859375 2439.6834716796875 162.4299016707909 0.0 0.0 0.0 0.0 0.0 0.0 0.0
1281 3398.1954345703125 2474.4173583984375 167.78299271161836 0.0 0.0 0.0 0.0 0.0 0.0 0.0
1294 3377.1717529296875 2503.9461669921875 173.2170098070045 0.0 0.0 0.0 0.0 0.0 0.0 0.0
1313 3377.1717529296875 2503.9461669921875 173.21701243360428 0.0 0.0 0.0 0.0 0.0 0.0 0.0
1317 3357.8990478515625 2533.4744873046875 177.58969016699467 0.0 0.0 0.0 0.0 0.0 0.0 0.0
1335 3336.8687744140625 2559.5284423828125 181.93239600212013 0.0 0.0 0.0 0.0 0.0 0.0 0.0
1336 3310.5926513671875 2582.1075439453125 187.12185761862116 0.0 0.0 0.0 0.0 0.0 0.0 0.0
1354 3310.5926513671875 2582.1075439453125 187.1218636900856 0.0 0.0 0.0 0.0 0.0 0.0 0.0
1374 3286.0606689453125 2602.9561767578125 191.4503133709647 0.0 0.0 0.0 0.0 0.0 0.0 0.0
1375 3258.0269775390625 2620.3231201171875 196.34843368270117 0.0 0.0 0.0 0.0 0.0 0.0 0.0
1389 3229.9932861328125 2634.2154541015625 201.0754038717867 0.0 0.0 0.0 0.0 0.0 0.0 0.0
1419 3229.9932861328125 2634.2154541015625 201.07542542173854 0.0 0.0 0.0 0.0 0.0 0.0 0.0
1450 3138.8822021484375 2663.7440185546875 213.9959646476504 0.0 0.0 0.0 0.0 0.0 0.0 0.0
1451 3105.5894775390625 2668.9561767578125 219.02688419508826 0.0 0.0 0.0 0.0 0.0 0.0 0.0
1469 3074.0538330078125 2674.1680908203125 223.22430505741806 0.0 0.0 0.0 0.0 0.0 0.0 0.0
1470 3040.7611083984375 2677.6429443359375 227.507183232459 0.0 0.0 0.0 0.0 0.0 0.0 0.0
1514 3040.7611083984375 2677.6429443359375 227.50720088925863 0.0 0.0 0.0 0.0 0.0 0.0 0.0
1515 2974.1820068359375 2681.1177978515625 234.86866775909442 0.0 0.0 0.0 0.0 0.0 0.0 0.0
1539 2974.1820068359375 2681.1177978515625 234.8686808159909 0.0 0.0 0.0 0.0 0.0 0.0 0.0
1554 2905.8450927734375 2681.1177978515625 241.39846404763568 0.0 0.0 0.0 0.0 0.0 0.0 0.0
1559 2869.0506591796875 2677.6429443359375 245.1759988690984 0.0 0.0 0.0 0.0 0.0 0.0 0.0
1582 2832.2559814453125 2674.1680908203125 248.44272357425086 0.0 0.0 0.0 0.0 0.0 0.0 0.0
1600 2797.2191162109375 2668.9561767578125 251.56501366971042 0.0 0.0 0.0 0.0 0.0 0.0 0.0
1608 2762.1751708984375 2662.0064697265625 254.6619940714864 0.0 0.0 0.0 0.0 0.0 0.0 0.0
1624 2727.1312255859375 2655.0638427734375 257.34337982726873 0.0 0.0 0.0 0.0 0.0 0.0 0.0
1628 2727.1312255859375 2655.0638427734375 257.3433821630764 0.0 0.0 0.0 0.0 0.0 0.0 0.0
1647 2688.5858154296875 2646.3770751953125 260.09275533813025 0.0 0.0 0.0 0.0 0.0 0.0 0.0
1648 2648.2828369140625 2639.4273681640625 262.05570978155265 0.0 0.0 0.0 0.0 0.0 0.0 0.0
1673 2648.2828369140625 2639.4273681640625 262.0556954163188 0.0 0.0 0.0 0.0 0.0 0.0 0.0
1698 2569.4410400390625 2627.2725830078125 264.6071318203682 0.0 0.0 0.0 0.0 0.0 0.0 0.0
1717 2487.0909423828125 2618.5858154296875 265.786698200734 0.0 0.0 0.0 0.0 0.0 0.0 0.0
1748 2439.7845458984375 2616.8482666015625 265.64899448840293 0.0 0.0 0.0 0.0 0.0 0.0 0.0
1749 2394.2291259765625 2616.8482666015625 265.17883792775467 0.0 0.0 0.0 0.0 0.0 0.0 0.0
1750 2346.9224853515625 2615.1109619140625 265.1485613394173 0.0 0.0 0.0 0.0 0.0 0.0 0.0
1760 2346.9224853515625 2615.1109619140625 265.1485710306307 0.0 0.0 0.0 0.0 0.0 0.0 0.0
1776 2299.6094970703125 2615.1109619140625 264.75188924527805 0.0 0.0 0.0 0.0 0.0 0.0 0.0
1800 2248.8013916015625 2615.1109619140625 264.40572730915517 0.0 0.0 0.0 0.0 0.0 0.0 0.0
1801 2196.2357177734375 2615.1109619140625 264.11653485191994 0.0 0.0 0.0 0.0 0.0 0.0 0.0
1821 2141.9193115234375 2615.1109619140625 263.8768172009128 0.0 0.0 0.0 0.0 0.0 0.0 0.0
1842 2091.1112060546875 2613.3736572265625 264.06173037782094 0.0 0.0 0.0 0.0 0.0 0.0 0.0
1843 2091.1112060546875 2613.3736572265625 264.06171739627644 0.0 0.0 0.0 0.0 0.0 0.0 0.0
1854 2040.2962646484375 2611.6363525390625 264.2119065081668 0.0 0.0 0.0 0.0 0.0 0.0 0.0
1856 1989.4884033203125 2609.8988037109375 264.3340343325656 0.0 0.0 0.0 0.0 0.0 0.0 0.0
1874 1940.42431640625 2608.1614990234375 264.4431150733035 0.0 0.0 0.0 0.0 0.0 0.0 0.0
1890 1940.42431640625 2608.1614990234375 264.4431193908914 0.0 0.0 0.0 0.0 0.0 0.0 0.0
1891 1894.86865234375 2606.4241943359375 264.55377583805193 0.0 0.0 0.0 0.0 0.0 0.0 0.0
1916 1851.0706787109375 2606.4241943359375 264.28028536077977 0.0 0.0 0.0 0.0 0.0 0.0 0.0
1917 1809.016845703125 2608.1614990234375 263.6803589619109 0.0 0.0 0.0 0.0 0.0 0.0 0.0
1946 1809.016845703125 2608.1614990234375 263.6803668652713 0.0 0.0 0.0 0.0 0.0 0.0 0.0
1947 1765.212158203125 2609.8988037109375 263.1747900224291 0.0 0.0 0.0 0.0 0.0 0.0 0.0
1953 1721.4075927734375 2613.3736572265625 262.37612586065734 0.0 0.0 0.0 0.0 0.0 0.0 0.0
1962 1682.862060546875 2618.5858154296875 261.3014588212099 0.0 0.0 0.0 0.0 0.0 0.0 0.0
1998 1642.5657958984375 2622.0604248046875 260.7858241457496 0.0 0.0 0.0 0.0 0.0 0.0 0.0
2017 1554.956298828125 2625.5352783203125 260.74237821088013 0.0 0.0 0.0 0.0 0.0 0.0 0.0
2039 1509.4007568359375 2623.7979736328125 261.4871629456252 0.0 0.0 0.0 0.0 0.0 0.0 0.0
2060 1465.602783203125 2618.5858154296875 262.8531020933005 0.0 0.0 0.0 0.0 0.0 0.0 0.0
2081 1381.4949951171875 2599.4813232421875 266.4586188862388 0.0 0.0 0.0 0.0 0.0 0.0 0.0
2082 1339.4478759765625 2585.5823974609375 268.91020962230505 0.0 0.0 0.0 0.0 0.0 0.0 0.0
2103 1297.39404296875 2569.9527587890625 271.3295555361865 0.0 0.0 0.0 0.0 0.0 0.0 0.0
2127 1257.0977783203125 2550.8485107421875 274.15848733067713 0.0 0.0 0.0 0.0 0.0 0.0 0.0
2128 1222.053955078125 2529.9998779296875 277.169242930137 0.0 0.0 0.0 0.0 0.0 0.0 0.0
2156 1187.0101318359375 2509.1580810546875 279.7218609913631 0.0 0.0 0.0 0.0 0.0 0.0 0.0
2162 1187.0101318359375 2509.1580810546875 279.7218412529985 0.0 0.0 0.0 0.0 0.0 0.0 0.0
2176 1122.181884765625 2462.2625732421875 284.7686824108143 0.0 0.0 0.0 0.0 0.0 0.0 0.0
2200 1092.3973388671875 2436.2086181640625 287.67673192321183 0.0 0.0 0.0 0.0 0.0 0.0 0.0
2202 1062.6129150390625 2410.1546630859375 290.1547118717133 0.0 0.0 0.0 0.0 0.0 0.0 0.0
2221 1034.5792236328125 2384.1009521484375 292.4542550855641 0.0 0.0 0.0 0.0 0.0 0.0 0.0
2222 1034.5792236328125 2384.1009521484375 292.454273058657 0.0 0.0 0.0 0.0 0.0 0.0 0.0
2248 1006.5455322265625 2356.3096923828125 294.7482279900057 0.0 0.0 0.0 0.0 0.0 0.0 0.0
2266 948.7205810546875 2293.7774658203125 299.02435843332916 0.0 0.0 0.0 0.0 0.0 0.0 0.0
2271 948.7205810546875 2293.7774658203125 299.02435191512944 0.0 0.0 0.0 0.0 0.0 0.0 0.0
2299 892.6533203125 2226.040283203125 303.0808702468327 0.0 0.0 0.0 0.0 0.0 0.0 0.0
2302 892.6533203125 2226.040283203125 303.0808614099404 0.0 0.0 0.0 0.0 0.0 0.0 0.0
2314 866.3704833984375 2187.8248291015625 305.7256542379723 0.0 0.0 0.0 0.0 0.0 0.0 0.0
2315 840.087646484375 2149.615966796875 307.9168653688644 0.0 0.0 0.0 0.0 0.0 0.0 0.0
2330 815.5623779296875 2111.400634765625 310.0095034800294 0.0 0.0 0.0 0.0 0.0 0.0 0.0
2349 815.5623779296875 2111.400634765625 310.0094875629684 0.0 0.0 0.0 0.0 0.0 0.0 0.0
2351 791.0303955078125 2073.1917724609375 311.7462722312396 0.0 0.0 0.0 0.0 0.0 0.0 0.0
2365 766.4984130859375 2033.2388916015625 313.42788454387073 0.0 0.0 0.0 0.0 0.0 0.0 0.0
2383 747.2256469726562 1991.5555419921875 315.9421766652834 0.0 0.0 0.0 0.0 0.0 0.0 0.0
2384 729.7037963867188 1949.865234375 318.3413944117866 0.0 0.0 0.0 0.0 0.0 0.0 0.0
2400 715.6903076171875 1906.4443359375 321.18060513620685 0.0 0.0 0.0 0.0 0.0 0.0 0.0
2418 706.9293823242188 1863.0167236328125 324.54287138721776 0.0 0.0 0.0 0.0 0.0 0.0 0.0
2432 699.9192504882812 1817.8585205078125 327.863989161139 0.0 0.0 0.0 0.0 0.0 0.0 0.0
2448 699.9192504882812 1770.9627685546875 332.1834979812184 0.0 0.0 0.0 0.0 0.0 0.0 0.0
2466 699.9192504882812 1770.9627685546875 332.18350907393545 0.0 0.0 0.0 0.0 0.0 0.0 0.0
2467 706.9293823242188 1724.0672607421875 337.2389117157845 0.0 0.0 0.0 0.0 0.0 0.0 0.0
2486 719.1920166015625 1682.376953125 342.3646055559425 0.0 0.0 0.0 0.0 0.0 0.0 0.0
2505 736.7138671875 1642.430908203125 347.8309042602358 0.0 0.0 0.0 0.0 0.0 0.0 0.0
2533 759.4949951171875 1607.690185546875 353.6480726441394 0.0 0.0 0.0 0.0 0.0 0.0 0.0
2534 785.77783203125 1574.6868896484375 359.46784021905336 0.0 0.0 0.0 0.0 0.0 0.0 0.0
2551 812.053955078125 1545.158203125 4.608649600698669 0.0 0.0 0.0 0.0 0.0 0.0 0.0
2563 812.053955078125 1545.158203125 4.608650984864283 0.0 0.0 0.0 0.0 0.0 0.0 0.0
2565 840.087646484375 1520.8416748046875 9.75966389586877 0.0 0.0 0.0 0.0 0.0 0.0 0.0
2584 869.87890625 1501.7373046875 15.068399255532952 0.0 0.0 0.0 0.0 0.0 0.0 0.0
2585 897.9125366210938 1486.1075439453125 19.74387187554695 0.0 0.0 0.0 0.0 0.0 0.0 0.0
2600 897.9125366210938 1486.1075439453125 19.743878526513377 0.0 0.0 0.0 0.0 0.0 0.0 0.0
2616 925.9462280273438 1472.2086181640625 24.11120581210647 0.0 0.0 0.0 0.0 0.0 0.0 0.0
2632 952.2290649414062 1461.7911376953125 28.13516365652648 0.0 0.0 0.0 0.0 0.0 0.0 0.0
2633 952.2290649414062 1461.7911376953125 28.13516331460059 0.0 0.0 0.0 0.0 0.0 0.0 0.0
2649 1006.5455322265625 1449.6295166015625 36.26210185712172 0.0 0.0 0.0 0.0 0.0 0.0 0.0
2671 1006.5455322265625 1449.6295166015625 36.26208378231706 0.0 0.0 0.0 0.0 0.0 0.0 0.0
2672 1066.114501953125 1446.15478515625 45.083201808775904 0.0 0.0 0.0 0.0 0.0 0.0 0.0
2684 1066.114501953125 1446.15478515625 45.083203597583044 0.0 0.0 0.0 0.0 0.0 0.0 0.0
2700 1099.407470703125 1442.679931640625 49.146821193566275 0.0 0.0 0.0 0.0 0.0 0.0 0.0
2718 1134.4512939453125 1439.2052001953125 52.921541140517725 0.0 0.0 0.0 0.0 0.0 0.0 0.0
2719 1172.9967041015625 1435.7373046875 56.56385202523319 0.0 0.0 0.0 0.0 0.0 0.0 0.0
2734 1172.9967041015625 1435.7373046875 56.563840582529956 0.0 0.0 0.0 0.0 0.0 0.0 0.0
2749 1213.29296875 1432.262451171875 59.8399699271189 0.0 0.0 0.0 0.0 0.0 0.0 0.0
2767 1253.58935546875 1428.7877197265625 62.62571770468837 0.0 0.0 0.0 0.0 0.0 0.0 0.0
2785 1335.939453125 1432.262451171875 68.75079988416165 0.0 0.0 0.0 0.0 0.0 0.0 0.0
2802 1335.939453125 1432.262451171875 68.75079111977196 0.0 0.0 0.0 0.0 0.0 0.0 0.0
2803 1376.242431640625 1437.4747314453125 72.05674309741202 0.0 0.0 0.0 0.0 0.0 0.0 0.0
2818 1416.538818359375 1446.15478515625 75.62614244191683 0.0 0.0 0.0 0.0 0.0 0.0 0.0
2832 1416.538818359375 1446.15478515625 75.62614850449576 0.0 0.0 0.0 0.0 0.0 0.0 0.0
2850 1453.3333740234375 1454.841552734375 78.59883356673808 0.0 0.0 0.0 0.0 0.0 0.0 0.0
2851 1488.377197265625 1465.25927734375 81.52777155672564 0.0 0.0 0.0 0.0 0.0 0.0 0.0
2865 1521.670166015625 1479.158203125 84.84865596490532 0.0 0.0 0.0 0.0 0.0 0.0 0.0
2888 1553.2054443359375 1493.0504150390625 87.7563819643864 0.0 0.0 0.0 0.0 0.0 0.0 0.0
2904 1584.74755859375 1505.2120361328125 89.8975897109931 0.0 0.0 0.0 0.0 0.0 0.0 0.0
2922 1616.282958984375 1519.1041259765625 92.14702842665105 0.0 0.0 0.0 0.0 0.0 0.0 0.0
2939 1646.0673828125 1533.0032958984375 94.17823947233462 0.0 0.0 0.0 0.0 0.0 0.0 0.0
2963 1675.8519287109375 1548.6328125 96.33353657873504 0.0 0.0 0.0 0.0 0.0 0.0 0.0
2964 1703.892333984375 1564.2691650390625 98.31633231642857 0.0 0.0 0.0 0.0 0.0 0.0 0.0
2985 1733.6768798828125 1579.89892578125 99.93459857651384 0.0 0.0 0.0 0.0 0.0 0.0 0.0
3004 1763.46142578125 1597.2659912109375 101.71304624887487 0.0 0.0 0.0 0.0 0.0 0.0 0.0
3032 1794.9967041015625 1612.9022216796875 102.75337850705522 0.0 0.0 0.0 0.0 0.0 0.0 0.0
3038 1826.5389404296875 1626.79443359375 103.28362606669661 0.0 0.0 0.0 0.0 0.0 0.0 0.0
3039 1858.0740966796875 1640.693359375 103.7442144439956 0.0 0.0 0.0 0.0 0.0 0.0 0.0
3067 1922.9024658203125 1666.7474365234375 103.99829559712332 0.0 0.0 0.0 0.0 0.0 0.0 0.0
3091 1957.9461669921875 1677.1649169921875 103.3527981321236 0.0 0.0 0.0 0.0 0.0 0.0 0.0
3093 1996.4915771484375 1684.114501953125 101.81375266494508 0.0 0.0 0.0 0.0 0.0 0.0 0.0
3116 2036.7947998046875 1691.0638427734375 100.38831282500453 0.0 0.0 0.0 0.0 0.0 0.0 0.0
3117 2036.7947998046875 1691.0638427734375 100.38831413618762 0.0 0.0 0.0 0.0 0.0 0.0 0.0
3134 2077.0911865234375 1696.276123046875 98.81819752270584 0.0 0.0 0.0 0.0 0.0 0.0 0.0
3151 2119.1448974609375 1698.013427734375 96.65655123454987 0.0 0.0 0.0 0.0 0.0 0.0 0.0
3153 2161.1920166015625 1699.750732421875 94.83723526521456 0.0 0.0 0.0 0.0 0.0 0.0 0.0
3168 2161.1920166015625 1699.750732421875 94.83722877268244 0.0 0.0 0.0 0.0 0.0 0.0 0.0
3185 2206.7476806640625 1698.013427734375 92.4301686849973 0.0 0.0 0.0 0.0 0.0 0.0 0.0
3186 2252.3031005859375 1694.53857421875 90.05748537495482 0.0 0.0 0.0 0.0 0.0 0.0 0.0
3198 2297.8587646484375 1689.3265380859375 87.71290936082514 0.0 0.0 0.0 0.0 0.0 0.0 0.0
3220 2343.4141845703125 1682.376953125 85.39224099970998 0.0 0.0 0.0 0.0 0.0 0.0 0.0
3221 2343.4141845703125 1682.376953125 85.39225441124844 0.0 0.0 0.0 0.0 0.0 0.0 0.0
3238 2390.7205810546875 1675.434326171875 83.46581215543766 0.0 0.0 0.0 0.0 0.0 0.0 0.0
3260 2434.5252685546875 1666.7474365234375 81.48836771432724 0.0 0.0 0.0 0.0 0.0 0.0 0.0
3261 2481.8316650390625 1656.3231201171875 79.51005930330788 0.0 0.0 0.0 0.0 0.0 0.0 0.0
3279 2527.3873291015625 1645.9056396484375 77.85399622042254 0.0 0.0 0.0 0.0 0.0 0.0 0.0
3280 2527.3873291015625 1645.9056396484375 77.85398324984492 0.0 0.0 0.0 0.0 0.0 0.0 0.0
3296 2572.9427490234375 1633.7440185546875 76.11384940536226 0.0 0.0 0.0 0.0 0.0 0.0 0.0
3312 2616.7474365234375 1619.851806640625 74.25490475563764 0.0 0.0 0.0 0.0 0.0 0.0 0.0
3329 2662.3031005859375 1605.95263671875 72.7790812787247 0.0 0.0 0.0 0.0 0.0 0.0 0.0
3344 2749.9058837890625 1572.9493408203125 69.647519965409 0.0 0.0 0.0 0.0 0.0 0.0 0.0
3368 2832.2559814453125 1536.47802734375 66.56789921880512 0.0 0.0 0.0 0.0 0.0 0.0 0.0
3385 2832.2559814453125 1536.47802734375 66.56789096110724 0.0 0.0 0.0 0.0 0.0 0.0 0.0
3407 2914.6060791015625 1494.7877197265625 63.468325233958865 0.0 0.0 0.0 0.0 0.0 0.0 0.0
3408 2954.9093017578125 1470.4713134765625 61.42177040915699 0.0 0.0 0.0 0.0 0.0 0.0 0.0
3427 2954.9093017578125 1470.4713134765625 61.421788400149694 0.0 0.0 0.0 0.0 0.0 0.0 0.0
3429 2993.4547119140625 1446.15478515625 59.582744035683575 0.0 0.0 0.0 0.0 0.0 0.0 0.0
3441 3030.2491455078125 1414.8887939453125 56.54418092429516 0.0 0.0 0.0 0.0 0.0 0.0 0.0
3458 3067.0438232421875 1385.360107421875 54.36832071935015 0.0 0.0 0.0 0.0 0.0 0.0 0.0
3461 3131.8721923828125 1317.622802734375 49.10188458366888 0.0 0.0 0.0 0.0 0.0 0.0 0.0
3475 3161.6566162109375 1279.4073486328125 45.83833991423436 0.0 0.0 0.0 0.0 0.0 0.0 0.0
3496 3187.9395751953125 1237.723876953125 42.097188805357504 0.0 0.0 0.0 0.0 0.0 0.0 0.0
3521 3210.7205810546875 1197.7777099609375 38.7655495470741 0.0 0.0 0.0 0.0 0.0 0.0 0.0
3522 3231.7440185546875 1156.08740234375 35.458621697689864 0.0 0.0 0.0 0.0 0.0 0.0 0.0
3559 3231.7440185546875 1156.08740234375 35.45861999918329 0.0 0.0 0.0 0.0 0.0 0.0 0.0
3563 3247.5152587890625 1112.66650390625 31.597443725825066 0.0 0.0 0.0 0.0 0.0 0.0 0.0
3564 3258.0269775390625 1072.7136840820312 27.87882319236204 0.0 0.0 0.0 0.0 0.0 0.0 0.0
3596 3263.2796630859375 1034.5049438476562 23.92525474925325 0.0 0.0 0.0 0.0 0.0 0.0 0.0
3597 3263.2796630859375 1034.5049438476562 23.925254074192537 0.0 0.0 0.0 0.0 0.0 0.0 0.0
3602 3254.5186767578125 966.7608642578125 15.11972414361692 0.0 0.0 0.0 0.0 0.0 0.0 0.0
3622 3242.2559814453125 938.9696044921875 9.945244694534324 0.0 0.0 0.0 0.0 0.0 0.0 0.0
3657 3224.7340087890625 914.653076171875 4.225783888057066 0.0 0.0 0.0 0.0 0.0 0.0 0.0
3662 3224.7340087890625 914.653076171875 4.2258096694884415 0.0 0.0 0.0 0.0 0.0 0.0 0.0
3677 3152.8956298828125 853.865234375 347.007268144 0.0 0.0 0.0 0.0 0.0 0.0 0.0
3754 3152.8956298828125 853.865234375 347.0072671552414 0.0 0.0 0.0 0.0 0.0 0.0 0.0
3755 3121.3602294921875 839.9661865234375 339.8181444080145 0.0 0.0 0.0 0.0 0.0 0.0 0.0
3782 2870.8079833984375 820.8618774414062 300.7810793567879 0.0 0.0 0.0 0.0 0.0 0.0 0.0
3809 2723.6297607421875 855.5958251953125 278.7936043708829 0.0 0.0 0.0 0.0 0.0 0.0 0.0
3834 2723.6297607421875 855.5958251953125 278.7936238954809 0.0 0.0 0.0 0.0 0.0 0.0 0.0
3838 2676.3165283203125 876.4443359375 271.56170117088755 0.0 0.0 0.0 0.0 0.0 0.0 0.0
3859 2630.7611083984375 895.5486450195312 265.9597111893205 0.0 0.0 0.0 0.0 0.0 0.0 0.0
3860 2546.6600341796875 940.7069702148438 256.63334770890435 0.0 0.0 0.0 0.0 0.0 0.0 0.0
3887 2467.8182373046875 994.5521240234375 248.2446876761386 0.0 0.0 0.0 0.0 0.0 0.0 0.0
3888 2467.8182373046875 994.5521240234375 248.24469218063956 0.0 0.0 0.0 0.0 0.0 0.0 0.0
3913 2397.7308349609375 1055.3467407226562 240.53651655411005 0.0 0.0 0.0 0.0 0.0 0.0 0.0
3919 2367.9461669921875 1086.6126098632812 236.66478229273588 0.0 0.0 0.0 0.0 0.0 0.0 0.0
3933 2338.1617431640625 1117.8785400390625 233.40077698777708 0.0 0.0 0.0 0.0 0.0 0.0 0.0
3966 2275.0841064453125 1183.8787231445312 228.50121245352364 0.0 0.0 0.0 0.0 0.0 0.0 0.0
3982 2243.5421142578125 1215.14453125 226.77083959889887 0.0 0.0 0.0 0.0 0.0 0.0 0.0
3983 2212.0067138671875 1246.41064453125 225.32765407339292 0.0 0.0 0.0 0.0 0.0 0.0 0.0
4003 2180.4647216796875 1277.6766357421875 224.12622015995095 0.0 0.0 0.0 0.0 0.0 0.0 0.0
4004 2113.8856201171875 1341.939208984375 222.5865404315241 0.0 0.0 0.0 0.0 0.0 0.0 0.0
4023 2113.8856201171875 1341.939208984375 222.58655786035797 0.0 0.0 0.0 0.0 0.0 0.0 0.0
4024 2078.8416748046875 1369.7305908203125 222.90752574168164 0.0 0.0 0.0 0.0 0.0 0.0 0.0
4037 2008.7611083984375 1428.7877197265625 222.87112575900454 0.0 0.0 0.0 0.0 0.0 0.0 0.0
4052 1971.96630859375 1458.31640625 223.09786597529387 0.0 0.0 0.0 0.0 0.0 0.0 0.0
4071 1971.96630859375 1458.31640625 223.09785633113296 0.0 0.0 0.0 0.0 0.0 0.0 0.0
4072 1933.4208984375 1486.1075439453125 223.80996534624842 0.0 0.0 0.0 0.0 0.0 0.0 0.0
4102 1894.86865234375 1512.16162109375 224.68881748348934 0.0 0.0 0.0 0.0 0.0 0.0 0.0
4103 1894.86865234375 1512.16162109375 224.68884014261386 0.0 0.0 0.0 0.0 0.0 0.0 0.0
4118 1812.5186767578125 1559.05712890625 227.25956903736494 0.0 0.0 0.0 0.0 0.0 0.0 0.0
4119 1766.9630126953125 1581.63623046875 228.9958879048511 0.0 0.0 0.0 0.0 0.0 0.0 0.0
4140 1723.1650390625 1604.21533203125 230.20753893034652 0.0 0.0 0.0 0.0 0.0 0.0 0.0
4151 1679.3603515625 1625.05712890625 231.51449803919792 0.0 0.0 0.0 0.0 0.0 0.0 0.0
4169 1635.5556640625 1642.430908203125 233.22919843215027 0.0 0.0 0.0 0.0 0.0 0.0 0.0
4170 1635.5556640625 1642.430908203125 233.22921083369772 0.0 0.0 0.0 0.0 0.0 0.0 0.0
4191 1588.249267578125 1661.53515625 234.67200563740977 0.0 0.0 0.0 0.0 0.0 0.0 0.0
4194 1540.94287109375 1677.1649169921875 236.5023231359924 0.0 0.0 0.0 0.0 0.0 0.0 0.0
4207 1493.6363525390625 1689.3265380859375 238.66904821684585 0.0 0.0 0.0 0.0 0.0 0.0 0.0
4228 1493.6363525390625 1689.3265380859375 238.6690539007924 0.0 0.0 0.0 0.0 0.0 0.0 0.0
4229 1446.3233642578125 1698.013427734375 241.13527271423766 0.0 0.0 0.0 0.0 0.0 0.0 0.0
4246 1400.7745361328125 1703.2186279296875 243.74531642105 0.0 0.0 0.0 0.0 0.0 0.0 0.0
4264 1351.7105712890625 1706.693603515625 246.4862135974763 0.0 0.0 0.0 0.0 0.0 0.0 0.0
4265 1304.404052734375 1704.9560546875 249.73177092407434 0.0 0.0 0.0 0.0 0.0 0.0 0.0
4288 1304.404052734375 1704.9560546875 249.73176560207582 0.0 0.0 0.0 0.0 0.0 0.0 0.0
4289 1258.8485107421875 1699.750732421875 253.08775343814148 0.0 0.0 0.0 0.0 0.0 0.0 0.0
4307 1216.794677734375 1692.8011474609375 256.1673248681749 0.0 0.0 0.0 0.0 0.0 0.0 0.0
4326 1174.74755859375 1680.6395263671875 259.90154655296044 0.0 0.0 0.0 0.0 0.0 0.0 0.0
4327 1174.74755859375 1680.6395263671875 259.90154104884607 0.0 0.0 0.0 0.0 0.0 0.0 0.0
4336 1095.8990478515625 1651.111083984375 266.34897958488835 0.0 0.0 0.0 0.0 0.0 0.0 0.0
4357 1095.8990478515625 1651.111083984375 266.34897726055453 0.0 0.0 0.0 0.0 0.0 0.0 0.0
4359 1055.602783203125 1635.4813232421875 269.2348564874003 0.0 0.0 0.0 0.0 0.0 0.0 0.0
4374 1015.306396484375 1614.6396484375 272.77989615368455 0.0 0.0 0.0 0.0 0.0 0.0 0.0
4393 1015.306396484375 1614.6396484375 272.7799003763439 0.0 0.0 0.0 0.0 0.0 0.0 0.0
4405 975.00341796875 1590.3231201171875 276.47138232011906 0.0 0.0 0.0 0.0 0.0 0.0 0.0
4408 936.4579467773438 1564.2691650390625 280.0028008218436 0.0 0.0 0.0 0.0 0.0 0.0 0.0
4422 897.9125366210938 1534.74072265625 283.6385265306279 0.0 0.0 0.0 0.0 0.0 0.0 0.0
4436 862.8687744140625 1501.7373046875 287.62681532631325 0.0 0.0 0.0 0.0 0.0 0.0 0.0
4450 827.8250122070312 1468.73388671875 290.92440779660046 0.0 0.0 0.0 0.0 0.0 0.0 0.0
4451 796.2896728515625 1432.262451171875 294.6733270027818 0.0 0.0 0.0 0.0 0.0 0.0 0.0
4466 796.2896728515625 1432.262451171875 294.67332877949644 0.0 0.0 0.0 0.0 0.0 0.0 0.0
4488 768.2559814453125 1395.784423828125 298.20515952407607 0.0 0.0 0.0 0.0 0.0 0.0 0.0
4489 743.7239990234375 1355.8382568359375 302.2064789373994 0.0 0.0 0.0 0.0 0.0 0.0 0.0
4500 722.700439453125 1314.1480712890625 306.32683423791275 0.0 0.0 0.0 0.0 0.0 0.0 0.0
4518 722.700439453125 1314.1480712890625 306.3268416838722 0.0 0.0 0.0 0.0 0.0 0.0 0.0
4533 705.1785278320312 1268.98974609375 310.820866555924 0.0 0.0 0.0 0.0 0.0 0.0 0.0
4534 689.407470703125 1225.56884765625 314.6039130045203 0.0 0.0 0.0 0.0 0.0 0.0 0.0
4549 675.3939819335938 1185.6160888671875 317.6304784544375 0.0 0.0 0.0 0.0 0.0 0.0 0.0
4568 675.3939819335938 1185.6160888671875 317.6304915233245 0.0 0.0 0.0 0.0 0.0 0.0 0.0
4569 664.87548828125 1142.1951904296875 321.233817801408 0.0 0.0 0.0 0.0 0.0 0.0 0.0
4586 656.1145629882812 1100.5049438476562 324.406434092342 0.0 0.0 0.0 0.0 0.0 0.0 0.0
4613 649.1112060546875 1060.558837890625 327.2616220668326 0.0 0.0 0.0 0.0 0.0 0.0 0.0
4615 649.1112060546875 1060.558837890625 327.2616223752875 0.0 0.0 0.0 0.0 0.0 0.0 0.0
4629 647.3535766601562 1020.6058959960938 330.75762110566257 0.0 0.0 0.0 0.0 0.0 0.0 0.0
4630 647.3535766601562 982.3971557617188 333.98192443497965 0.0 0.0 0.0 0.0 0.0 0.0 0.0
4670 650.862060546875 947.6564331054688 337.2940129133149 0.0 0.0 0.0 0.0 0.0 0.0 0.0
4673 650.862060546875 947.6564331054688 337.2940109057631 0.0 0.0 0.0 0.0 0.0 0.0 0.0
4674 657.8721313476562 914.653076171875 340.86923524625183 0.0 0.0 0.0 0.0 0.0 0.0 0.0
4689 668.3839111328125 879.9190063476562 344.8457554512749 0.0 0.0 0.0 0.0 0.0 0.0 0.0
4691 685.9058227539062 843.4409790039062 349.9003814569812 0.0 0.0 0.0 0.0 0.0 0.0 0.0
4713 705.1785278320312 808.7002563476562 354.64201334557254 0.0 0.0 0.0 0.0 0.0 0.0 0.0
4714 727.9529418945312 773.9661865234375 359.4950292509411 0.0 0.0 0.0 0.0 0.0 0.0 0.0
4733 752.4849853515625 740.9628295898438 4.093416281594628 0.0 0.0 0.0 0.0 0.0 0.0 0.0
4734 782.2694702148438 707.95947265625 9.137932688569606 0.0 0.0 0.0 0.0 0.0 0.0 0.0
4750 782.2694702148438 707.95947265625 9.137934856912125 0.0 0.0 0.0 0.0 0.0 0.0 0.0
4773 810.3031005859375 678.4308776855469 13.299254439365427 0.0 0.0 0.0 0.0 0.0 0.0 0.0
4774 841.8451538085938 648.9021911621094 17.555806139597436 0.0 0.0 0.0 0.0 0.0 0.0 0.0
4791 873.380615234375 622.8484191894531 21.514584810404003 0.0 0.0 0.0 0.0 0.0 0.0 0.0
4793 873.380615234375 622.8484191894531 21.514590673975093 0.0 0.0 0.0 0.0 0.0 0.0 0.0
4809 906.6735229492188 600.2691955566406 25.628154843491693 0.0 0.0 0.0 0.0 0.0 0.0 0.0
4829 941.71728515625 577.6900939941406 29.45546898224473 0.0 0.0 0.0 0.0 0.0 0.0 0.0
4830 980.2626953125 555.1109924316406 33.28955136462499 0.0 0.0 0.0 0.0 0.0 0.0 0.0
4852 1017.057373046875 537.7372436523438 37.01756852823134 0.0 0.0 0.0 0.0 0.0 0.0 0.0
4853 1053.8519287109375 520.3702697753906 40.19167640159373 0.0 0.0 0.0 0.0 0.0 0.0 0.0
4867 1092.3973388671875 506.4779968261719 43.726204492618095 0.0 0.0 0.0 0.0 0.0 0.0 0.0
4881 1092.3973388671875 506.4779968261719 43.72619821375547 0.0 0.0 0.0 0.0 0.0 0.0 0.0
4900 1130.9427490234375 496.0537414550781 47.35188036247416 0.0 0.0 0.0 0.0 0.0 0.0 0.0
4905 1169.4884033203125 487.3669128417969 50.77268355729271 0.0 0.0 0.0 0.0 0.0 0.0 0.0
4919 1169.4884033203125 487.3669128417969 50.77268732149846 0.0 0.0 0.0 0.0 0.0 0.0 0.0
4920 1208.04052734375 482.16143798828125 54.37454380665115 0.0 0.0 0.0 0.0 0.0 0.0 0.0
4935 1246.5859375 478.686767578125 57.809918832515365 0.0 0.0 0.0 0.0 0.0 0.0 0.0
4953 1246.5859375 478.686767578125 57.809915702925835 0.0 0.0 0.0 0.0 0.0 0.0 0.0
4972 1246.5859375 478.686767578125 57.809915702925835 0.0 0.0 0.0 0.0 0.0 0.0 0.0
4973 1316.666748046875 480.4241027832031 64.11971008563388 0.0 0.0 0.0 0.0 0.0 0.0 0.0
4993 1349.9595947265625 485.62945556640625 67.69945856559823 0.0 0.0 0.0 0.0 0.0 0.0 0.0
4998 1381.4949951171875 494.3163757324219 71.534244430871 0.0 0.0 0.0 0.0 0.0 0.0 0.0
5008 1381.4949951171875 494.3163757324219 71.53423921581376 0.0 0.0 0.0 0.0 0.0 0.0 0.0
5030 1416.538818359375 504.74066162109375 75.41346087896505 0.0 0.0 0.0 0.0 0.0 0.0 0.0
5032 1446.3233642578125 515.1581420898438 78.68698874262269 0.0 0.0 0.0 0.0 0.0 0.0 0.0
5051 1477.8653564453125 527.3197631835938 81.98329802343136 0.0 0.0 0.0 0.0 0.0 0.0 0.0
5078 1477.8653564453125 527.3197631835938 81.98330108258904 0.0 0.0 0.0 0.0 0.0 0.0 0.0
5079 1507.64990234375 537.7372436523438 84.47954198438312 0.0 0.0 0.0 0.0 0.0 0.0 0.0
5080 1539.19189453125 549.8988647460938 87.04312471937244 0.0 0.0 0.0 0.0 0.0 0.0 0.0
5097 1570.7274169921875 560.3231201171875 88.88525585897959 0.0 0.0 0.0 0.0 0.0 0.0 0.0
5100 1605.7711181640625 567.2658386230469 89.61376015877006 0.0 0.0 0.0 0.0 0.0 0.0 0.0
5113 1605.7711181640625 567.2658386230469 89.61376167561352 0.0 0.0 0.0 0.0 0.0 0.0 0.0
5135 1639.0572509765625 572.4779663085938 89.90424582221824 0.0 0.0 0.0 0.0 0.0 0.0 0.0
5137 1674.10107421875 575.9527587890625 89.71998721122188 0.0 0.0 0.0 0.0 0.0 0.0 0.0
5152 1710.895751953125 574.2154235839844 88.36021982894621 0.0 0.0 0.0 0.0 0.0 0.0 0.0
5175 1710.895751953125 574.2154235839844 88.36022198741955 0.0 0.0 0.0 0.0 0.0 0.0 0.0
5177 1747.6903076171875 572.4779663085938 87.19380316690234 0.0 0.0 0.0 0.0 0.0 0.0 0.0
5191 1787.993408203125 567.2658386230469 85.38546083376282 0.0 0.0 0.0 0.0 0.0 0.0 0.0
5192 1830.04052734375 562.0604858398438 83.85101373875018 0.0 0.0 0.0 0.0 0.0 0.0 0.0
5210 1873.84521484375 556.8483276367188 82.56321892486156 0.0 0.0 0.0 0.0 0.0 0.0 0.0
5225 1915.8990478515625 548.1615295410156 80.72183517694964 0.0 0.0 0.0 0.0 0.0 0.0 0.0
5243 1915.8990478515625 548.1615295410156 80.72183058500858 0.0 0.0 0.0 0.0 0.0 0.0 0.0
5244 1957.9461669921875 537.7372436523438 78.8000016817453 0.0 0.0 0.0 0.0 0.0 0.0 0.0
5262 2000.0 523.844970703125 76.4405188123498 0.0 0.0 0.0 0.0 0.0 0.0 0.0
5263 2042.0472412109375 509.9460144042969 74.46867741967812 0.0 0.0 0.0 0.0 0.0 0.0 0.0
5279 2042.0472412109375 509.9460144042969 74.46866904882086 0.0 0.0 0.0 0.0 0.0 0.0 0.0
5299 2084.1011962890625 496.0537414550781 72.82525300155172 0.0 0.0 0.0 0.0 0.0 0.0 0.0
5300 2124.3973388671875 478.686767578125 70.63771738789255 0.0 0.0 0.0 0.0 0.0 0.0 0.0
5326 2124.3973388671875 478.686767578125 70.63771860252838 0.0 0.0 0.0 0.0 0.0 0.0 0.0
5329 2162.9495849609375 459.57566833496094 68.3465648788441 0.0 0.0 0.0 0.0 0.0 0.0 0.0
5343 2201.4952392578125 438.73390197753906 66.06249985865612 0.0 0.0 0.0 0.0 0.0 0.0 0.0
5344 2236.5386962890625 412.6800079345703 62.82553250317871 0.0 0.0 0.0 0.0 0.0 0.0 0.0
5365 2236.5386962890625 412.6800079345703 62.825526868325355 0.0 0.0 0.0 0.0 0.0 0.0 0.0
5377 2269.8248291015625 384.88877868652344 59.6087971361375 0.0 0.0 0.0 0.0 0.0 0.0 0.0
5391 2395.9798583984375 162.56554412841797 38.05111371424768 0.0 0.0 0.0 0.0 0.0 0.0 0.0
5409 2395.9798583984375 162.56554412841797 38.05109480220907 0.0 0.0 0.0 0.0 0.0 0.0 0.0