0 2000.0 1500.0 0 0.0 0.0 0.0 0.0 0.0 0.0 0.0
92 2020.83349609375 1531.25 4.5717889386547625 0.0 0.0 0.0 0.0 0.0 0.0 0.0
108 2026.041748046875 1536.4583740234375 5.112583483165324 0.0 0.0 0.0 0.0 0.0 0.0 0.0
123 2036.45849609375 1546.875 6.130598844903034 0.0 0.0 0.0 0.0 0.0 0.0 0.0
140 2046.875 1557.291748046875 7.088542338107402 0.0 0.0 0.0 0.0 0.0 0.0 0.0
156 2052.08349609375 1562.5 7.552821973111207 0.0 0.0 0.0 0.0 0.0 0.0 0.0
172 2057.291748046875 1567.7083740234375 8.002968742765916 0.0 0.0 0.0 0.0 0.0 0.0 0.0
188 2067.70849609375 1578.125 8.84965505250436 0.0 0.0 0.0 0.0 0.0 0.0 0.0
204 2072.916748046875 1583.3333740234375 9.260016592612445 0.0 0.0 0.0 0.0 0.0 0.0 0.0
220 2078.125 1588.541748046875 9.657733062407743 0.0 0.0 0.0 0.0 0.0 0.0 0.0
236 2083.33349609375 1588.541748046875 8.959415307797869 0.0 0.0 0.0 0.0 0.0 0.0 0.0
252 2088.541748046875 1593.75 9.366337129170532 0.0 0.0 0.0 0.0 0.0 0.0 0.0
268 2093.75 1598.9583740234375 9.760755259441552 0.0 0.0 0.0 0.0 0.0 0.0 0.0
284 2098.95849609375 1609.375 11.199413021356776 0.0 0.0 0.0 0.0 0.0 0.0 0.0
300 2098.95849609375 1614.5833740234375 12.275395029298977 0.0 0.0 0.0 0.0 0.0 0.0 0.0
316 2098.95849609375 1625.0 14.370492079717778 0.0 0.0 0.0 0.0 0.0 0.0 0.0
332 2098.95849609375 1635.416748046875 16.407309365876273 0.0 0.0 0.0 0.0 0.0 0.0 0.0
364 2098.95849609375 1645.8333740234375 18.38508736345804 0.0 0.0 0.0 0.0 0.0 0.0 0.0
380 2098.95849609375 1656.25 20.30332996242865 0.0 0.0 0.0 0.0 0.0 0.0 0.0
396 2098.95849609375 1661.4583740234375 21.24727414210284 0.0 0.0 0.0 0.0 0.0 0.0 0.0
412 2098.95849609375 1671.875 23.075726164070034 0.0 0.0 0.0 0.0 0.0 0.0 0.0
427 2098.95849609375 1677.0833740234375 23.974817504662013 0.0 0.0 0.0 0.0 0.0 0.0 0.0
444 2098.95849609375 1687.5 25.71384963553828 0.0 0.0 0.0 0.0 0.0 0.0 0.0
460 2098.95849609375 1692.7083740234375 26.56838644174357 0.0 0.0 0.0 0.0 0.0 0.0 0.0
478 2098.95849609375 1697.916748046875 27.408121361917097 0.0 0.0 0.0 0.0 0.0 0.0 0.0
492 2098.95849609375 1708.3333740234375 29.029558904985493 0.0 0.0 0.0 0.0 0.0 0.0 0.0
508 2098.95849609375 1713.541748046875 29.825656180471725 0.0 0.0 0.0 0.0 0.0 0.0 0.0
524 2098.95849609375 1718.75 30.60735959423519 0.0 0.0 0.0 0.0 0.0 0.0 0.0
540 2098.95849609375 1729.166748046875 32.11455659246624 0.0 0.0 0.0 0.0 0.0 0.0 0.0
556 2098.95849609375 1734.375 32.85405599154427 0.0 0.0 0.0 0.0 0.0 0.0 0.0
572 2098.95849609375 1739.5833740234375 33.57966456833171 0.0 0.0 0.0 0.0 0.0 0.0 0.0
604 2098.95849609375 1744.791748046875 34.2915708133946 0.0 0.0 0.0 0.0 0.0 0.0 0.0
620 2098.95849609375 1755.2083740234375 35.66192073666787 0.0 0.0 0.0 0.0 0.0 0.0 0.0
636 2098.95849609375 1760.416748046875 36.33382968511384 0.0 0.0 0.0 0.0 0.0 0.0 0.0
652 2098.95849609375 1765.625 36.992600565219874 0.0 0.0 0.0 0.0 0.0 0.0 0.0
668 2098.95849609375 1770.8333740234375 37.638459391235386 0.0 0.0 0.0 0.0 0.0 0.0 0.0
683 2098.95849609375 1776.041748046875 38.27161503748334 0.0 0.0 0.0 0.0 0.0 0.0 0.0
700 2098.95849609375 1786.4583740234375 39.48857747921687 0.0 0.0 0.0 0.0 0.0 0.0 0.0
716 2098.95849609375 1791.666748046875 40.08483673745954 0.0 0.0 0.0 0.0 0.0 0.0 0.0
732 2098.95849609375 1796.875 40.66901657389954 0.0 0.0 0.0 0.0 0.0 0.0 0.0
749 2098.95849609375 1807.291748046875 41.791020434565525 0.0 0.0 0.0 0.0 0.0 0.0 0.0
764 2098.95849609375 1812.5 42.34049299615302 0.0 0.0 0.0 0.0 0.0 0.0 0.0
782 2098.95849609375 1822.916748046875 43.39522662805527 0.0 0.0 0.0 0.0 0.0 0.0 0.0
796 2098.95849609375 1833.3333740234375 44.4071270738979 0.0 0.0 0.0 0.0 0.0 0.0 0.0
812 2098.95849609375 1838.541748046875 44.90251950596365 0.0 0.0 0.0 0.0 0.0 0.0 0.0
828 2098.95849609375 1848.9583740234375 45.85265019446393 0.0 0.0 0.0 0.0 0.0 0.0 0.0
844 2098.95849609375 1854.166748046875 46.317704830487145 0.0 0.0 0.0 0.0 0.0 0.0 0.0
860 2098.95849609375 1864.5833740234375 47.20931012684994 0.0 0.0 0.0 0.0 0.0 0.0 0.0
876 2093.75 1869.791748046875 48.87220185180638 0.0 0.0 0.0 0.0 0.0 0.0 0.0
893 2093.75 1880.2083740234375 49.657062558038234 0.0 0.0 0.0 0.0 0.0 0.0 0.0
908 2093.75 1890.625 50.408815916584814 0.0 0.0 0.0 0.0 0.0 0.0 0.0
924 2093.75 1895.8333740234375 50.77655637015491 0.0 0.0 0.0 0.0 0.0 0.0 0.0
940 2093.75 1906.25 51.48090348425379 0.0 0.0 0.0 0.0 0.0 0.0 0.0
955 2093.75 1916.666748046875 52.155295061387875 0.0 0.0 0.0 0.0 0.0 0.0 0.0
972 2093.75 1921.875 52.485156829945396 0.0 0.0 0.0 0.0 0.0 0.0 0.0
988 2093.75 1932.291748046875 53.116673447209564 0.0 0.0 0.0 0.0 0.0 0.0 0.0
1004 2093.75 1942.7083740234375 53.72111281610606 0.0 0.0 0.0 0.0 0.0 0.0 0.0
1020 2093.75 1947.916748046875 54.01669788586295 0.0 0.0 0.0 0.0 0.0 0.0 0.0
1036 2093.75 1958.3333740234375 54.58249839543501 0.0 0.0 0.0 0.0 0.0 0.0 0.0
1051 2098.95849609375 1968.7501220703125 53.895017059436924 0.0 0.0 0.0 0.0 0.0 0.0 0.0
1068 2104.166748046875 1973.9583740234375 52.9358890020782 0.0 0.0 0.0 0.0 0.0 0.0 0.0
1084 2104.166748046875 1984.3751220703125 53.54809773073859 0.0 0.0 0.0 0.0 0.0 0.0 0.0
1099 2109.375 1989.5833740234375 52.59837988781203 0.0 0.0 0.0 0.0 0.0 0.0 0.0
1116 2109.375 2000.0001220703125 53.225025516114044 0.0 0.0 0.0 0.0 0.0 0.0 0.0
1132 2114.58349609375 2005.2083740234375 52.28405240720528 0.0 0.0 0.0 0.0 0.0 0.0 0.0
1148 2119.791748046875 2015.6251220703125 51.70658442398218 0.0 0.0 0.0 0.0 0.0 0.0 0.0
1164 2125.0 2020.8333740234375 50.807472546732384 0.0 0.0 0.0 0.0 0.0 0.0 0.0
1180 2130.20849609375 2026.0416259765625 49.93331941840822 0.0 0.0 0.0 0.0 0.0 0.0 0.0
1196 2135.416748046875 2036.4583740234375 49.46918246678351 0.0 0.0 0.0 0.0 0.0 0.0 0.0
1212 2135.416748046875 2046.8751220703125 50.22888026266682 0.0 0.0 0.0 0.0 0.0 0.0 0.0
1228 2140.625 2057.2916259765625 49.75040981283294 0.0 0.0 0.0 0.0 0.0 0.0 0.0
1244 2151.041748046875 2067.7083740234375 48.10783048019951 0.0 0.0 0.0 0.0 0.0 0.0 0.0
1260 2156.25 2067.7083740234375 46.869789855234984 0.0 0.0 0.0 0.0 0.0 0.0 0.0
1276 2161.45849609375 2078.1251220703125 46.55421189574437 0.0 0.0 0.0 0.0 0.0 0.0 0.0
1291 2161.45849609375 2088.5416259765625 47.4359844238879 0.0 0.0 0.0 0.0 0.0 0.0 0.0
1307 2171.875 2093.7501220703125 45.46603183323009 0.0 0.0 0.0 0.0 0.0 0.0 0.0
1324 2182.291748046875 2093.7501220703125 43.05520413808577 0.0 0.0 0.0 0.0 0.0 0.0 0.0
1339 2192.70849609375 2104.1666259765625 41.791015138640915 0.0 0.0 0.0 0.0 0.0 0.0 0.0
1355 2203.125 2109.3751220703125 40.03748225234594 0.0 0.0 0.0 0.0 0.0 0.0 0.0
1372 2208.33349609375 2114.5833740234375 39.476734044521066 0.0 0.0 0.0 0.0 0.0 0.0 0.0
1387 2223.95849609375 2119.7916259765625 36.72352731380039 0.0 0.0 0.0 0.0 0.0 0.0 0.0
1403 2229.166748046875 2119.7916259765625 35.59798829480897 0.0 0.0 0.0 0.0 0.0 0.0 0.0
1420 2234.375 2130.2083740234375 35.83320066191925 0.0 0.0 0.0 0.0 0.0 0.0 0.0
1435 2239.58349609375 2135.4166259765625 35.400296070359815 0.0 0.0 0.0 0.0 0.0 0.0 0.0
1451 2244.791748046875 2140.6251220703125 34.980732274192235 0.0 0.0 0.0 0.0 0.0 0.0 0.0
1468 2255.20849609375 2140.6251220703125 32.79891114596836 0.0 0.0 0.0 0.0 0.0 0.0 0.0
1484 2260.416748046875 2145.8333740234375 32.459664327346985 0.0 0.0 0.0 0.0 0.0 0.0 0.0
1499 2265.625 2145.8333740234375 31.38755428612788 0.0 0.0 0.0 0.0 0.0 0.0 0.0
1516 2270.83349609375 2145.8333740234375 30.32975268012646 0.0 0.0 0.0 0.0 0.0 0.0 0.0
1532 2281.25 2145.8333740234375 28.271785525572056 0.0 0.0 0.0 0.0 0.0 0.0 0.0
1548 2286.45849609375 2145.8333740234375 27.257646388609857 0.0 0.0 0.0 0.0 0.0 0.0 0.0
1565 2296.875 2151.0416259765625 26.125459434771642 0.0 0.0 0.0 0.0 0.0 0.0 0.0
1579 2312.5 2151.0416259765625 23.265491747581194 0.0 0.0 0.0 0.0 0.0 0.0 0.0
1595 2322.916748046875 2151.0416259765625 21.419006701120765 0.0 0.0 0.0 0.0 0.0 0.0 0.0
1612 2333.33349609375 2151.0416259765625 19.632130162338797 0.0 0.0 0.0 0.0 0.0 0.0 0.0
1627 2348.95849609375 2151.0416259765625 17.083432689602603 0.0 0.0 0.0 0.0 0.0 0.0 0.0
1643 2359.375 2151.0416259765625 15.443050459897734 0.0 0.0 0.0 0.0 0.0 0.0 0.0
1660 2385.416748046875 2151.0416259765625 11.686860352371326 0.0 0.0 0.0 0.0 0.0 0.0 0.0
1675 2390.625 2151.0416259765625 10.950166840490027 0.0 0.0 0.0 0.0 0.0 0.0 0.0
1691 2411.45849609375 2151.0416259765625 8.21433358744126 0.0 0.0 0.0 0.0 0.0 0.0 0.0
1708 2421.875 2145.8333740234375 5.787862104304196 0.0 0.0 0.0 0.0 0.0 0.0 0.0
1723 2437.5 2145.8333740234375 3.991079566800522 0.0 0.0 0.0 0.0 0.0 0.0 0.0
1739 2453.125 2145.8333740234375 2.299157615763548 0.0 0.0 0.0 0.0 0.0 0.0 0.0
1754 2473.95849609375 2135.4166259765625 -2.054208877173707 0.0 0.0 0.0 0.0 0.0 0.0 0.0
1772 2489.58349609375 2130.2083740234375 -4.558103550452486 0.0 0.0 0.0 0.0 0.0 0.0 0.0
1787 2510.416748046875 2125.0001220703125 -7.260438260911869 0.0 0.0 0.0 0.0 0.0 0.0 0.0
1804 2520.83349609375 2125.0001220703125 -7.946353355555871 0.0 0.0 0.0 0.0 0.0 0.0 0.0
1819 2531.25 2119.7916259765625 -9.831993664643747 0.0 0.0 0.0 0.0 0.0 0.0 0.0
1835 2541.666748046875 2119.7916259765625 -10.407947052565277 0.0 0.0 0.0 0.0 0.0 0.0 0.0
1852 2552.08349609375 2119.7916259765625 -10.959112316827131 0.0 0.0 0.0 0.0 0.0 0.0 0.0
1867 2562.5 2114.5833740234375 -12.727718325992527 0.0 0.0 0.0 0.0 0.0 0.0 0.0
1883 2578.125 2114.5833740234375 -13.389731601812088 0.0 0.0 0.0 0.0 0.0 0.0 0.0
1900 2593.75 2104.1666259765625 -16.46251427225161 0.0 0.0 0.0 0.0 0.0 0.0 0.0
1916 2614.58349609375 2098.9583740234375 -18.218300546327328 0.0 0.0 0.0 0.0 0.0 0.0 0.0
1932 2630.20849609375 2093.7501220703125 -19.75990301754237 0.0 0.0 0.0 0.0 0.0 0.0 0.0
1948 2640.625 2088.5416259765625 -21.16331172492174 0.0 0.0 0.0 0.0 0.0 0.0 0.0
1963 2656.25 2078.1251220703125 -23.750444798305253 0.0 0.0 0.0 0.0 0.0 0.0 0.0
1979 2671.875 2067.7083740234375 -26.167014027688978 0.0 0.0 0.0 0.0 0.0 0.0 0.0
1997 2687.5 2062.5001220703125 -27.19433947221316 0.0 0.0 0.0 0.0 0.0 0.0 0.0
2023 2697.916748046875 2052.0833740234375 -29.516595878038544 0.0 0.0 0.0 0.0 0.0 0.0 0.0
2026 2713.541748046875 2036.4583740234375 -32.74841567468695 0.0 0.0 0.0 0.0 0.0 0.0 0.0
2043 2734.375 2031.2501220703125 -33.12184153049394 0.0 0.0 0.0 0.0 0.0 0.0 0.0
2059 2744.791748046875 2015.6251220703125 -36.36346417000965 0.0 0.0 0.0 0.0 0.0 0.0 0.0
2075 2765.625 2005.2083740234375 -37.58946212577831 0.0 0.0 0.0 0.0 0.0 0.0 0.0
2092 2776.041748046875 1994.7916259765625 -39.37738688655611 0.0 0.0 0.0 0.0 0.0 0.0 0.0
2107 2791.666748046875 1984.3751220703125 -40.6896689108581 0.0 0.0 0.0 0.0 0.0 0.0 0.0
2123 2802.08349609375 1973.9583740234375 -42.30790055255356 0.0 0.0 0.0 0.0 0.0 0.0 0.0
2140 2817.70849609375 1968.7501220703125 -42.250393907624385 0.0 0.0 0.0 0.0 0.0 0.0 0.0
2155 2822.916748046875 1953.125 -45.406957521698345 0.0 0.0 0.0 0.0 0.0 0.0 0.0
2172 2833.33349609375 1942.7083740234375 -46.759456417745 0.0 0.0 0.0 0.0 0.0 0.0 0.0
2188 2843.75 1937.5 -46.89796130047189 0.0 0.0 0.0 0.0 0.0 0.0 0.0
2203 2843.75 1921.875 -50.411734557925406 0.0 0.0 0.0 0.0 0.0 0.0 0.0
2219 2848.95849609375 1916.666748046875 -50.95884360019383 0.0 0.0 0.0 0.0 0.0 0.0 0.0
2235 2859.375 1901.041748046875 -53.06323111208101 0.0 0.0 0.0 0.0 0.0 0.0 0.0
2251 2864.58349609375 1890.625 -54.61861892896675 0.0 0.0 0.0 0.0 0.0 0.0 0.0
2266 2869.791748046875 1885.416748046875 -55.03764188059864 0.0 0.0 0.0 0.0 0.0 0.0 0.0
2284 2869.791748046875 1869.791748046875 -58.26929929006483 0.0 0.0 0.0 0.0 0.0 0.0 0.0
2299 2875.0 1864.5833740234375 -58.57541125831703 0.0 0.0 0.0 0.0 0.0 0.0 0.0
2316 2880.20849609375 1854.166748046875 -59.89387550908972 0.0 0.0 0.0 0.0 0.0 0.0 0.0
2348 2895.83349609375 1838.541748046875 -60.6152085257301 0.0 0.0 0.0 0.0 0.0 0.0 0.0
2364 2901.041748046875 1828.125 -61.84325794569614 0.0 0.0 0.0 0.0 0.0 0.0 0.0
2380 2911.45849609375 1812.5 -63.16691866202061 0.0 0.0 0.0 0.0 0.0 0.0 0.0
2395 2916.666748046875 1812.5 -62.33180905086189 0.0 0.0 0.0 0.0 0.0 0.0 0.0
2411 2927.08349609375 1802.0833740234375 -62.67920200062694 0.0 0.0 0.0 0.0 0.0 0.0 0.0
2428 2942.70849609375 1791.666748046875 -62.223020251857186 0.0 0.0 0.0 0.0 0.0 0.0 0.0
2443 2947.916748046875 1791.666748046875 -61.40451996390155 0.0 0.0 0.0 0.0 0.0 0.0 0.0
2459 2958.33349609375 1781.25 -61.80832611000974 0.0 0.0 0.0 0.0 0.0 0.0 0.0
2475 2973.95849609375 1776.041748046875 -60.45157656701244 0.0 0.0 0.0 0.0 0.0 0.0 0.0
2491 2984.375 1770.8333740234375 -59.92288055445538 0.0 0.0 0.0 0.0 0.0 0.0 0.0
2507 2994.791748046875 1765.625 -59.41966365378395 0.0 0.0 0.0 0.0 0.0 0.0 0.0
2523 3010.416748046875 1765.625 -57.19775841760378 0.0 0.0 0.0 0.0 0.0 0.0 0.0
2539 3020.83349609375 1760.416748046875 -56.826460164236806 0.0 0.0 0.0 0.0 0.0 0.0 0.0
2555 3026.041748046875 1760.416748046875 -56.10689066814434 0.0 0.0 0.0 0.0 0.0 0.0 0.0
2572 3041.666748046875 1755.2083740234375 -55.12224143555674 0.0 0.0 0.0 0.0 0.0 0.0 0.0
2587 3046.875 1755.2083740234375 -54.43522306434269 0.0 0.0 0.0 0.0 0.0 0.0 0.0
2603 3062.5 1744.791748046875 -54.609876576852486 0.0 0.0 0.0 0.0 0.0 0.0 0.0
2619 3067.70849609375 1744.791748046875 -53.93268227342219 0.0 0.0 0.0 0.0 0.0 0.0 0.0
2635 3072.916748046875 1739.5833740234375 -54.37275528241573 0.0 0.0 0.0 0.0 0.0 0.0 0.0
2651 3078.125 1739.5833740234375 -53.700215028148214 0.0 0.0 0.0 0.0 0.0 0.0 0.0
2667 3083.33349609375 1729.166748046875 -55.228778443329695 0.0 0.0 0.0 0.0 0.0 0.0 0.0
2683 3093.75 1723.9583740234375 -54.95329683033579 0.0 0.0 0.0 0.0 0.0 0.0 0.0
2699 3098.95849609375 1718.75 -55.361970793575225 0.0 0.0 0.0 0.0 0.0 0.0 0.0
2716 3109.375 1713.541748046875 -55.07998148938419 0.0 0.0 0.0 0.0 0.0 0.0 0.0
2731 3119.791748046875 1703.125 -55.865414671696364 0.0 0.0 0.0 0.0 0.0 0.0 0.0
2748 3130.20849609375 1692.7083740234375 -56.60379571445329 0.0 0.0 0.0 0.0 0.0 0.0 0.0
2764 3151.041748046875 1682.291748046875 -55.95068571657594 0.0 0.0 0.0 0.0 0.0 0.0 0.0
2779 3161.45849609375 1671.875 -56.68397876851943 0.0 0.0 0.0 0.0 0.0 0.0 0.0
2795 3171.875 1661.4583740234375 -57.37325207801323 0.0 0.0 0.0 0.0 0.0 0.0 0.0
2811 3187.5 1645.8333740234375 -58.31653068066921 0.0 0.0 0.0 0.0 0.0 0.0 0.0
2826 3197.916748046875 1635.416748046875 -58.90741061712967 0.0 0.0 0.0 0.0 0.0 0.0 0.0
2843 3208.33349609375 1614.5833740234375 -61.40493572113588 0.0 0.0 0.0 0.0 0.0 0.0 0.0
2859 3223.95849609375 1604.166748046875 -61.04602365927664 0.0 0.0 0.0 0.0 0.0 0.0 0.0
2875 3229.166748046875 1588.541748046875 -63.21687336286188 0.0 0.0 0.0 0.0 0.0 0.0 0.0
2891 3239.58349609375 1572.916748046875 -64.43888281946535 0.0 0.0 0.0 0.0 0.0 0.0 0.0
2907 3250.0 1562.5 -64.65796739468693 0.0 0.0 0.0 0.0 0.0 0.0 0.0
2923 3265.625 1546.875 -64.9573366823598 0.0 0.0 0.0 0.0 0.0 0.0 0.0
2939 3270.83349609375 1536.4583740234375 -65.98834829270172 0.0 0.0 0.0 0.0 0.0 0.0 0.0
2955 3281.25 1526.041748046875 -66.11281385618341 0.0 0.0 0.0 0.0 0.0 0.0 0.0
2971 3291.666748046875 1515.625 -66.22968720205996 0.0 0.0 0.0 0.0 0.0 0.0 0.0
2987 3296.875 1510.416748046875 -66.28625848382126 0.0 0.0 0.0 0.0 0.0 0.0 0.0
3003 3302.08349609375 1500.0 -67.25591577148711 0.0 0.0 0.0 0.0 0.0 0.0 0.0
3019 3307.291748046875 1489.5833740234375 -68.18054765745745 0.0 0.0 0.0 0.0 0.0 0.0 0.0
3035 3312.5 1484.375 -68.1756991498325 0.0 0.0 0.0 0.0 0.0 0.0 0.0
3052 3312.5 1473.9583740234375 -69.97578050084445 0.0 0.0 0.0 0.0 0.0 0.0 0.0
3067 3312.5 1468.75 -70.86071739085386 0.0 0.0 0.0 0.0 0.0 0.0 0.0
3082 3312.5 1458.3333740234375 -72.57167428286971 0.0 0.0 0.0 0.0 0.0 0.0 0.0
3115 3312.5 1453.125 -73.41226483862278 0.0 0.0 0.0 0.0 0.0 0.0 0.0
3133 3312.5 1447.916748046875 -74.23807907136896 0.0 0.0 0.0 0.0 0.0 0.0 0.0
3148 3312.5 1437.5 -75.83209675365694 0.0 0.0 0.0 0.0 0.0 0.0 0.0
3163 3312.5 1432.291748046875 -76.61457837456267 0.0 0.0 0.0 0.0 0.0 0.0 0.0
3179 3307.291748046875 1427.0833740234375 -78.44841440670837 0.0 0.0 0.0 0.0 0.0 0.0 0.0
3195 3302.08349609375 1421.875 -80.27060055705076 0.0 0.0 0.0 0.0 0.0 0.0 0.0
3211 3296.875 1416.666748046875 -82.0794651051242 0.0 0.0 0.0 0.0 0.0 0.0 0.0
3227 3296.875 1411.4583740234375 -82.7441984022939 0.0 0.0 0.0 0.0 0.0 0.0 0.0
3243 3286.45849609375 1401.041748046875 -86.28725790512655 0.0 0.0 0.0 0.0 0.0 0.0 0.0
3259 3281.25 1395.8333740234375 -88.03933071333599 0.0 0.0 0.0 0.0 0.0 0.0 0.0
3275 3276.041748046875 1390.625 -89.77121864005231 0.0 0.0 0.0 0.0 0.0 0.0 0.0
3291 3270.83349609375 1385.416748046875 -91.4817076251474 0.0 0.0 0.0 0.0 0.0 0.0 0.0
3307 3270.83349609375 1375.0 -92.4100669783571 0.0 0.0 0.0 0.0 0.0 0.0 0.0
3323 3260.416748046875 1369.791748046875 -95.32389006874776 0.0 0.0 0.0 0.0 0.0 0.0 0.0
3338 3255.20849609375 1364.5833740234375 -96.95575787742384 0.0 0.0 0.0 0.0 0.0 0.0 0.0
3355 3250.0 1359.375 -98.56178005526603 0.0 0.0 0.0 0.0 0.0 0.0 0.0
3371 3244.791748046875 1343.75 -100.69471167841793 0.0 0.0 0.0 0.0 0.0 0.0 0.0
3387 3234.375 1333.3333740234375 -103.72416059883128 0.0 0.0 0.0 0.0 0.0 0.0 0.0
3403 3229.166748046875 1322.916748046875 -105.38161641043742 0.0 0.0 0.0 0.0 0.0 0.0 0.0
3419 3223.95849609375 1307.291748046875 -107.10128888624693 0.0 0.0 0.0 0.0 0.0 0.0 0.0
3435 3223.95849609375 1296.875 -107.36150782018814 0.0 0.0 0.0 0.0 0.0 0.0 0.0
3450 3213.541748046875 1281.25 -110.19157199321592 0.0 0.0 0.0 0.0 0.0 0.0 0.0
3467 3203.125 1270.8333740234375 -112.83770605476033 0.0 0.0 0.0 0.0 0.0 0.0 0.0
3483 3197.916748046875 1255.2083740234375 245.9171520265771 0.0 0.0 0.0 0.0 0.0 0.0 0.0
3499 3187.5 1250.0 243.3678832261052 0.0 0.0 0.0 0.0 0.0 0.0 0.0
3516 3177.08349609375 1239.5833740234375 241.01855439927763 0.0 0.0 0.0 0.0 0.0 0.0 0.0
3532 3171.875 1229.166748046875 240.028710502322 0.0 0.0 0.0 0.0 0.0 0.0 0.0
3547 3161.45849609375 1218.75 237.8434759499937 0.0 0.0 0.0 0.0 0.0 0.0 0.0
3563 3151.041748046875 1208.3333740234375 235.7690871113911 0.0 0.0 0.0 0.0 0.0 0.0 0.0
3579 3145.83349609375 1203.125 234.75952522690895 0.0 0.0 0.0 0.0 0.0 0.0 0.0
3595 3135.416748046875 1192.7083740234375 232.8459177301422 0.0 0.0 0.0 0.0 0.0 0.0 0.0
3611 3125.0 1182.291748046875 231.03450502210998 0.0 0.0 0.0 0.0 0.0 0.0 0.0
3627 3114.58349609375 1177.0833740234375 228.93535553211856 0.0 0.0 0.0 0.0 0.0 0.0 0.0
3642 3098.95849609375 1156.25 227.017450209685 0.0 0.0 0.0 0.0 0.0 0.0 0.0
3659 3088.541748046875 1151.041748046875 225.06288758421223 0.0 0.0 0.0 0.0 0.0 0.0 0.0
3675 3078.125 1140.625 223.6835263557813 0.0 0.0 0.0 0.0 0.0 0.0 0.0
3691 3062.5 1130.2083740234375 221.26334400752174 0.0 0.0 0.0 0.0 0.0 0.0 0.0
3707 3046.875 1125.0 218.41863764233128 0.0 0.0 0.0 0.0 0.0 0.0 0.0
3723 3026.041748046875 1119.791748046875 214.66395397590756 0.0 0.0 0.0 0.0 0.0 0.0 0.0
3739 3010.416748046875 1114.5833740234375 212.16838677127473 0.0 0.0 0.0 0.0 0.0 0.0 0.0
3755 2994.791748046875 1114.5833740234375 209.04731976319223 0.0 0.0 0.0 0.0 0.0 0.0 0.0
3771 2973.95849609375 1109.375 205.93413289309652 0.0 0.0 0.0 0.0 0.0 0.0 0.0
3787 2958.33349609375 1109.375 203.08286642826974 0.0 0.0 0.0 0.0 0.0 0.0 0.0
3803 2942.70849609375 1109.375 200.36502414588145 0.0 0.0 0.0 0.0 0.0 0.0 0.0
3819 2932.291748046875 1109.375 198.6129401421451 0.0 0.0 0.0 0.0 0.0 0.0 0.0
3835 2916.666748046875 1109.375 196.11573431937066 0.0 0.0 0.0 0.0 0.0 0.0 0.0
3851 2901.041748046875 1114.5833740234375 192.7329102801614 0.0 0.0 0.0 0.0 0.0 0.0 0.0
3867 2890.625 1119.791748046875 190.1850067757472 0.0 0.0 0.0 0.0 0.0 0.0 0.0
3883 2875.0 1125.0 187.06025380573683 0.0 0.0 0.0 0.0 0.0 0.0 0.0
3898 2864.58349609375 1125.0 185.7894106105288 0.0 0.0 0.0 0.0 0.0 0.0 0.0
3916 2848.95849609375 1130.2083740234375 182.87479940733616 0.0 0.0 0.0 0.0 0.0 0.0 0.0
3932 2838.541748046875 1130.2083740234375 181.7690501865163 0.0 0.0 0.0 0.0 0.0 0.0 0.0
3947 2822.916748046875 1135.416748046875 179.05950759461413 0.0 0.0 0.0 0.0 0.0 0.0 0.0
3963 2807.291748046875 1140.625 176.4946914208057 0.0 0.0 0.0 0.0 0.0 0.0 0.0
3979 2791.666748046875 1145.8333740234375 174.0712841820613 0.0 0.0 0.0 0.0 0.0 0.0 0.0
3995 2781.25 1151.041748046875 172.10992797753462 0.0 0.0 0.0 0.0 0.0 0.0 0.0
4011 2765.625 1156.25 169.93757374780003 0.0 0.0 0.0 0.0 0.0 0.0 0.0
4026 2760.416748046875 1156.25 169.64834050024862 0.0 0.0 0.0 0.0 0.0 0.0 0.0
4043 2750.0 1161.4583740234375 167.85575830380455 0.0 0.0 0.0 0.0 0.0 0.0 0.0
4059 2739.58349609375 1166.666748046875 166.13433067420638 0.0 0.0 0.0 0.0 0.0 0.0 0.0
4074 2723.95849609375 1171.875 164.3208762632798 0.0 0.0 0.0 0.0 0.0 0.0 0.0
4090 2713.541748046875 1177.0833740234375 162.74403230050947 0.0 0.0 0.0 0.0 0.0 0.0 0.0
4108 2708.33349609375 1182.291748046875 161.3293136539912 0.0 0.0 0.0 0.0 0.0 0.0 0.0
4122 2697.916748046875 1182.291748046875 161.13790912832482 0.0 0.0 0.0 0.0 0.0 0.0 0.0
4138 2692.70849609375 1187.5 159.75708080883757 0.0 0.0 0.0 0.0 0.0 0.0 0.0
4155 2682.291748046875 1192.7083740234375 158.37463498860555 0.0 0.0 0.0 0.0 0.0 0.0 0.0
4170 2677.08349609375 1197.916748046875 157.05438734896634 0.0 0.0 0.0 0.0 0.0 0.0 0.0
4186 2666.666748046875 1203.125 155.7907682314876 0.0 0.0 0.0 0.0 0.0 0.0 0.0
4203 2666.666748046875 1208.3333740234375 154.47360681196025 0.0 0.0 0.0 0.0 0.0 0.0 0.0
4218 2656.25 1208.3333740234375 154.58360220142433 0.0 0.0 0.0 0.0 0.0 0.0 0.0
4235 2645.83349609375 1218.75 152.17614309643304 0.0 0.0 0.0 0.0 0.0 0.0 0.0
4251 2640.625 1223.9583740234375 151.00209773540857 0.0 0.0 0.0 0.0 0.0 0.0 0.0
4266 2635.416748046875 1229.166748046875 149.85722883622216 0.0 0.0 0.0 0.0 0.0 0.0 0.0
4283 2625.0 1234.375 148.92130096714342 0.0 0.0 0.0 0.0 0.0 0.0 0.0
4299 2614.58349609375 1234.375 149.27454550881177 0.0 0.0 0.0 0.0 0.0 0.0 0.0
4316 2614.58349609375 1244.791748046875 146.6795432688842 0.0 0.0 0.0 0.0 0.0 0.0 0.0
4332 2604.166748046875 1250.0 145.8926330411662 0.0 0.0 0.0 0.0 0.0 0.0 0.0
4347 2604.166748046875 1255.2083740234375 144.6048365574869 0.0 0.0 0.0 0.0 0.0 0.0 0.0
4363 2593.75 1260.416748046875 143.9163431881967 0.0 0.0 0.0 0.0 0.0 0.0 0.0
4378 2588.541748046875 1270.8333740234375 141.7190131649085 0.0 0.0 0.0 0.0 0.0 0.0 0.0
4395 2583.33349609375 1281.25 139.59607697521412 0.0 0.0 0.0 0.0 0.0 0.0 0.0
4410 2578.125 1281.25 139.98135059652992 0.0 0.0 0.0 0.0 0.0 0.0 0.0
4426 2572.916748046875 1286.4583740234375 139.1303854068367 0.0 0.0 0.0 0.0 0.0 0.0 0.0
4443 2567.70849609375 1296.875 137.09866437679582 0.0 0.0 0.0 0.0 0.0 0.0 0.0
4458 2562.5 1307.291748046875 135.14112595054291 0.0 0.0 0.0 0.0 0.0 0.0 0.0
4491 2557.291748046875 1312.5 134.4290380475611 0.0 0.0 0.0 0.0 0.0 0.0 0.0
4506 2552.08349609375 1317.7083740234375 133.7377373853476 0.0 0.0 0.0 0.0 0.0 0.0 0.0
4522 2546.875 1322.916748046875 133.06680115358438 0.0 0.0 0.0 0.0 0.0 0.0 0.0
4539 2546.875 1328.125 131.87297610315323 0.0 0.0 0.0 0.0 0.0 0.0 0.0
4554 2541.666748046875 1333.3333740234375 131.25727084072176 0.0 0.0 0.0 0.0 0.0 0.0 0.0
4570 2536.45849609375 1338.541748046875 130.65997447197716 0.0 0.0 0.0 0.0 0.0 0.0 0.0
4587 2531.25 1348.9583740234375 128.9516595633966 0.0 0.0 0.0 0.0 0.0 0.0 0.0
4602 2526.041748046875 1354.166748046875 128.4237135990395 0.0 0.0 0.0 0.0 0.0 0.0 0.0
4618 2526.041748046875 1364.5833740234375 126.15881321974189 0.0 0.0 0.0 0.0 0.0 0.0 0.0
4635 2520.83349609375 1369.791748046875 125.71595115729906 0.0 0.0 0.0 0.0 0.0 0.0 0.0
4651 2520.83349609375 1380.2083740234375 123.5157800277577 0.0 0.0 0.0 0.0 0.0 0.0 0.0
4666 2520.83349609375 1390.625 121.37158068890349 0.0 0.0 0.0 0.0 0.0 0.0 0.0
4683 2515.625 1401.041748046875 120.05543744147391 0.0 0.0 0.0 0.0 0.0 0.0 0.0
4699 2515.625 1411.4583740234375 118.00511979568952 0.0 0.0 0.0 0.0 0.0 0.0 0.0
4715 2515.625 1421.875 116.01369329855228 0.0 0.0 0.0 0.0 0.0 0.0 0.0
4731 2515.625 1432.291748046875 114.08167326318883 0.0 0.0 0.0 0.0 0.0 0.0 0.0
4747 2510.416748046875 1447.916748046875 112.20217932755295 0.0 0.0 0.0 0.0 0.0 0.0 0.0
4763 2505.20849609375 1458.3333740234375 111.30282291113619 0.0 0.0 0.0 0.0 0.0 0.0 0.0
4779 2505.20849609375 1473.9583740234375 108.67118393426205 0.0 0.0 0.0 0.0 0.0 0.0 0.0
4794 2500.0 1484.375 107.93819292052984 0.0 0.0 0.0 0.0 0.0 0.0 0.0
4810 2494.791748046875 1505.2083740234375 105.6698374899274 0.0 0.0 0.0 0.0 0.0 0.0 0.0
4827 2489.58349609375 1515.625 105.08007122618338 0.0 0.0 0.0 0.0 0.0 0.0 0.0
4842 2489.58349609375 1531.25 102.76648397281753 0.0 0.0 0.0 0.0 0.0 0.0 0.0
4860 2484.375 1541.666748046875 102.31671654830055 0.0 0.0 0.0 0.0 0.0 0.0 0.0
4875 2484.375 1562.5 99.48174952196936 0.0 0.0 0.0 0.0 0.0 0.0 0.0
4890 2479.166748046875 1572.916748046875 99.19140293338774 0.0 0.0 0.0 0.0 0.0 0.0 0.0
4906 2473.95849609375 1588.541748046875 98.2638803915082 0.0 0.0 0.0 0.0 0.0 0.0 0.0
4923 2468.75 1604.166748046875 97.39795144679081 0.0 0.0 0.0 0.0 0.0 0.0 0.0
4938 2463.541748046875 1614.5833740234375 97.20928039455086 0.0 0.0 0.0 0.0 0.0 0.0 0.0
4954 2463.541748046875 1630.2083740234375 95.33061998188171 0.0 0.0 0.0 0.0 0.0 0.0 0.0
4971 2453.125 1645.8333740234375 95.73876628811004 0.0 0.0 0.0 0.0 0.0 0.0 0.0
4986 2442.70849609375 1661.4583740234375 96.11569459978844 0.0 0.0 0.0 0.0 0.0 0.0 0.0
5002 2437.5 1671.875 95.98973577628485 0.0 0.0 0.0 0.0 0.0 0.0 0.0
5019 2432.291748046875 1687.5 95.2754018744717 0.0 0.0 0.0 0.0 0.0 0.0 0.0
5034 2421.875 1703.125 95.68774259508555 0.0 0.0 0.0 0.0 0.0 0.0 0.0
5050 2416.666748046875 1718.75 94.99361857957413 0.0 0.0 0.0 0.0 0.0 0.0 0.0
5067 2411.45849609375 1739.5833740234375 93.7911081469667 0.0 0.0 0.0 0.0 0.0 0.0 0.0
5082 2395.83349609375 1750.0 95.97251051862153 0.0 0.0 0.0 0.0 0.0 0.0 0.0
5099 2385.416748046875 1765.625 96.33162560513009 0.0 0.0 0.0 0.0 0.0 0.0 0.0
5124 2375.0 1781.25 96.66329015624936 0.0 0.0 0.0 0.0 0.0 0.0 0.0
5131 2359.375 1791.666748046875 98.64527785033695 0.0 0.0 0.0 0.0 0.0 0.0 0.0
5147 2348.95849609375 1807.291748046875 98.79990465052057 0.0 0.0 0.0 0.0 0.0 0.0 0.0
5163 2338.541748046875 1812.5 100.27975360125271 0.0 0.0 0.0 0.0 0.0 0.0 0.0
5178 2328.125 1822.916748046875 100.99022317922518 0.0 0.0 0.0 0.0 0.0 0.0 0.0
5194 2312.5 1838.541748046875 101.96262884687994 0.0 0.0 0.0 0.0 0.0 0.0 0.0
5210 2307.291748046875 1838.541748046875 103.0284551425352 0.0 0.0 0.0 0.0 0.0 0.0 0.0
5226 2296.875 1843.75 104.32472855143189 0.0 0.0 0.0 0.0 0.0 0.0 0.0
5242 2286.45849609375 1854.166748046875 104.79094972945725 0.0 0.0 0.0 0.0 0.0 0.0 0.0
5259 2276.041748046875 1859.375 106.00882869406846 0.0 0.0 0.0 0.0 0.0 0.0 0.0
5274 2270.83349609375 1864.5833740234375 106.19650050718386 0.0 0.0 0.0 0.0 0.0 0.0 0.0
5290 2260.416748046875 1864.5833740234375 108.1805179519462 0.0 0.0 0.0 0.0 0.0 0.0 0.0
5307 2250.0 1869.791748046875 109.24488193961935 0.0 0.0 0.0 0.0 0.0 0.0 0.0
5321 2234.375 1875.0 111.16223799560692 0.0 0.0 0.0 0.0 0.0 0.0 0.0
5338 2229.166748046875 1880.2083740234375 111.18782993579791 0.0 0.0 0.0 0.0 0.0 0.0 0.0
5355 2218.75 1885.416748046875 112.11327585880824 0.0 0.0 0.0 0.0 0.0 0.0 0.0
5371 2208.33349609375 1890.625 112.99547093074517 0.0 0.0 0.0 0.0 0.0 0.0 0.0
5386 2197.916748046875 1890.625 114.76703567319123 0.0 0.0 0.0 0.0 0.0 0.0 0.0
5402 2187.5 1890.625 116.47945583049923 0.0 0.0 0.0 0.0 0.0 0.0 0.0
5418 2182.291748046875 1895.8333740234375 116.33759033623986 0.0 0.0 0.0 0.0 0.0 0.0 0.0
5434 2171.875 1901.041748046875 117.02019817661858 0.0 0.0 0.0 0.0 0.0 0.0 0.0
5451 2161.45849609375 1906.25 117.67022013091758 0.0 0.0 0.0 0.0 0.0 0.0 0.0
5466 2156.25 1911.4583740234375 117.49099443572774 0.0 0.0 0.0 0.0 0.0 0.0 0.0
5483 2145.83349609375 1916.666748046875 118.11848249623074 0.0 0.0 0.0 0.0 0.0 0.0 0.0
5499 2135.416748046875 1916.666748046875 119.71495279825277 0.0 0.0 0.0 0.0 0.0 0.0 0.0
5515 2130.20849609375 1921.875 119.4716967832365 0.0 0.0 0.0 0.0 0.0 0.0 0.0
5530 2119.791748046875 1921.875 121.01992742858698 0.0 0.0 0.0 0.0 0.0 0.0 0.0
5547 2109.375 1927.0833740234375 121.47759935483433 0.0 0.0 0.0 0.0 0.0 0.0 0.0
5562 2098.95849609375 1927.0833740234375 122.95290772986132 0.0 0.0 0.0 0.0 0.0 0.0 0.0
5578 2088.541748046875 1932.291748046875 123.31689172957087 0.0 0.0 0.0 0.0 0.0 0.0 0.0
5594 2083.33349609375 1932.291748046875 124.03372659621206 0.0 0.0 0.0 0.0 0.0 0.0 0.0
5610 2072.916748046875 1937.5 124.34518210535123 0.0 0.0 0.0 0.0 0.0 0.0 0.0
5625 2057.291748046875 1937.5 126.35964175068585 0.0 0.0 0.0 0.0 0.0 0.0 0.0
5642 2046.875 1942.7083740234375 126.55767476754309 0.0 0.0 0.0 0.0 0.0 0.0 0.0
5658 2031.25 1942.7083740234375 128.446794742741 0.0 0.0 0.0 0.0 0.0 0.0 0.0
5674 2015.625 1947.916748046875 129.12845051963993 0.0 0.0 0.0 0.0 0.0 0.0 0.0
5691 2005.20849609375 1953.125 129.19113370806477 0.0 0.0 0.0 0.0 0.0 0.0 0.0
5706 1979.166748046875 1958.3333740234375 130.90399274467723 0.0 0.0 0.0 0.0 0.0 0.0 0.0
5722 1968.75 1968.7501220703125 129.76468990814456 0.0 0.0 0.0 0.0 0.0 0.0 0.0
5738 1958.33349609375 1973.9583740234375 129.79623490446625 0.0 0.0 0.0 0.0 0.0 0.0 0.0
5754 1937.5 1984.3751220703125 129.85345839234716 0.0 0.0 0.0 0.0 0.0 0.0 0.0
5770 1932.291748046875 1989.5833740234375 129.29831296249912 0.0 0.0 0.0 0.0 0.0 0.0 0.0
5787 1911.45849609375 2000.0001220703125 129.40194973194266 0.0 0.0 0.0 0.0 0.0 0.0 0.0
5801 1901.041748046875 2015.6251220703125 127.27263576949406 0.0 0.0 0.0 0.0 0.0 0.0 0.0
5818 1885.416748046875 2026.0416259765625 126.96733949329922 0.0 0.0 0.0 0.0 0.0 0.0 0.0
5835 1875.0 2036.4583740234375 126.05987801740935 0.0 0.0 0.0 0.0 0.0 0.0 0.0
5850 1864.58349609375 2041.6666259765625 126.27251251686832 0.0 0.0 0.0 0.0 0.0 0.0 0.0
5866 1854.166748046875 2052.0833740234375 125.40635775811376 0.0 0.0 0.0 0.0 0.0 0.0 0.0
5883 1848.95849609375 2062.5001220703125 123.91555190119195 0.0 0.0 0.0 0.0 0.0 0.0 0.0
5899 1838.541748046875 2067.7083740234375 124.23273790108834 0.0 0.0 0.0 0.0 0.0 0.0 0.0
5930 1833.3333740234375 2072.9166259765625 123.84911190154361 0.0 0.0 0.0 0.0 0.0 0.0 0.0
5946 1828.1251220703125 2083.3333740234375 122.42499111487561 0.0 0.0 0.0 0.0 0.0 0.0 0.0
5962 1828.1251220703125 2088.5416259765625 121.35332943100684 0.0 0.0 0.0 0.0 0.0 0.0 0.0
5978 1822.916748046875 2093.7501220703125 121.05894468467937 0.0 0.0 0.0 0.0 0.0 0.0 0.0
5994 1817.7083740234375 2098.9583740234375 120.77377411933617 0.0 0.0 0.0 0.0 0.0 0.0 0.0
6010 1812.5001220703125 2109.3751220703125 119.48397499134387 0.0 0.0 0.0 0.0 0.0 0.0 0.0
6026 1807.291748046875 2119.7916259765625 118.2516149135734 0.0 0.0 0.0 0.0 0.0 0.0 0.0
6042 1802.0833740234375 2130.2083740234375 117.07443322796104 0.0 0.0 0.0 0.0 0.0 0.0 0.0
6058 1791.666748046875 2140.6251220703125 116.76311961870829 0.0 0.0 0.0 0.0 0.0 0.0 0.0
6075 1781.2501220703125 2145.8333740234375 117.42544706485106 0.0 0.0 0.0 0.0 0.0 0.0 0.0
6090 1781.2501220703125 2166.6666259765625 113.59026414594052 0.0 0.0 0.0 0.0 0.0 0.0 0.0
6106 1770.8333740234375 2171.8751220703125 114.40308103892781 0.0 0.0 0.0 0.0 0.0 0.0 0.0
6122 1755.2083740234375 2187.5001220703125 114.18711519796534 0.0 0.0 0.0 0.0 0.0 0.0 0.0
6138 1750.0001220703125 2197.9166259765625 113.1955276780777 0.0 0.0 0.0 0.0 0.0 0.0 0.0
6154 1739.5833740234375 2213.5416259765625 112.24164068872736 0.0 0.0 0.0 0.0 0.0 0.0 0.0
6170 1729.166748046875 2223.9583740234375 112.22529820628395 0.0 0.0 0.0 0.0 0.0 0.0 0.0
6186 1713.541748046875 2239.5833740234375 112.20301455881341 0.0 0.0 0.0 0.0 0.0 0.0 0.0
6202 1703.1251220703125 2255.2083740234375 111.32382115529435 0.0 0.0 0.0 0.0 0.0 0.0 0.0
6218 1687.5001220703125 2270.8333740234375 111.38171779242603 0.0 0.0 0.0 0.0 0.0 0.0 0.0
6233 1682.291748046875 2281.2501220703125 110.52075344272984 0.0 0.0 0.0 0.0 0.0 0.0 0.0
6249 1677.0833740234375 2296.8751220703125 108.86145791859099 0.0 0.0 0.0 0.0 0.0 0.0 0.0
6266 1666.666748046875 2312.5001220703125 108.23523015373365 0.0 0.0 0.0 0.0 0.0 0.0 0.0
6282 1656.2501220703125 2322.9166259765625 108.46360109138655 0.0 0.0 0.0 0.0 0.0 0.0 0.0
6299 1645.8333740234375 2343.7501220703125 107.08285590564665 0.0 0.0 0.0 0.0 0.0 0.0 0.0
6315 1630.2083740234375 2359.3751220703125 107.51748251618434 0.0 0.0 0.0 0.0 0.0 0.0 0.0
6330 1619.791748046875 2369.7916259765625 107.78962123559609 0.0 0.0 0.0 0.0 0.0 0.0 0.0
6347 1604.166748046875 2385.4166259765625 108.16153641170595 0.0 0.0 0.0 0.0 0.0 0.0 0.0
6362 1588.541748046875 2401.0416259765625 108.50046136587864 0.0 0.0 0.0 0.0 0.0 0.0 0.0
6379 1572.916748046875 2421.8751220703125 108.02044947691283 0.0 0.0 0.0 0.0 0.0 0.0 0.0
6394 1552.0833740234375 2432.2916259765625 110.07007406716886 0.0 0.0 0.0 0.0 0.0 0.0 0.0
6410 1531.2501220703125 2447.9166259765625 111.10158262868049 0.0 0.0 0.0 0.0 0.0 0.0 0.0
6426 1510.416748046875 2473.9583740234375 110.40024471867093 0.0 0.0 0.0 0.0 0.0 0.0 0.0
6442 1484.3751220703125 2489.5833740234375 112.2313929582464 0.0 0.0 0.0 0.0 0.0 0.0 0.0
6458 1473.9583740234375 2500.0001220703125 112.21569801294146 0.0 0.0 0.0 0.0 0.0 0.0 0.0
6474 1453.1251220703125 2520.8333740234375 112.18792990413579 0.0 0.0 0.0 0.0 0.0 0.0 0.0
6490 1432.291748046875 2536.4583740234375 113.002877093806 0.0 0.0 0.0 0.0 0.0 0.0 0.0
6506 1411.4583740234375 2546.8751220703125 114.60840199577527 0.0 0.0 0.0 0.0 0.0 0.0 0.0
6522 1401.041748046875 2552.0833740234375 115.37314617311861 0.0 0.0 0.0 0.0 0.0 0.0 0.0
6538 1385.416748046875 2562.5001220703125 115.9776724180681 0.0 0.0 0.0 0.0 0.0 0.0 0.0
6554 1375.0001220703125 2567.7083740234375 116.67743067171432 0.0 0.0 0.0 0.0 0.0 0.0 0.0
6570 1359.3751220703125 2572.9166259765625 118.13128011517367 0.0 0.0 0.0 0.0 0.0 0.0 0.0
6586 1348.9583740234375 2572.9166259765625 119.72726955866798 0.0 0.0 0.0 0.0 0.0 0.0 0.0
6602 1333.3333740234375 2572.9166259765625 121.99511912787918 0.0 0.0 0.0 0.0 0.0 0.0 0.0
6618 1322.916748046875 2578.1251220703125 122.40554190752616 0.0 0.0 0.0 0.0 0.0 0.0 0.0
6634 1312.5001220703125 2578.1251220703125 123.84657146379413 0.0 0.0 0.0 0.0 0.0 0.0 0.0
6650 1296.8751220703125 2578.1251220703125 125.88894509959937 0.0 0.0 0.0 0.0 0.0 0.0 0.0
6666 1291.666748046875 2578.1251220703125 126.55641067252975 0.0 0.0 0.0 0.0 0.0 0.0 0.0
6682 1281.2501220703125 2578.1251220703125 127.84016105875324 0.0 0.0 0.0 0.0 0.0 0.0 0.0
6699 1265.6251220703125 2578.1251220703125 129.65550262455977 0.0 0.0 0.0 0.0 0.0 0.0 0.0
6715 1255.2083740234375 2578.1251220703125 130.81787223698362 0.0 0.0 0.0 0.0 0.0 0.0 0.0
6731 1244.791748046875 2578.1251220703125 131.93385872710428 0.0 0.0 0.0 0.0 0.0 0.0 0.0
6746 1234.3751220703125 2572.9166259765625 134.1715252771265 0.0 0.0 0.0 0.0 0.0 0.0 0.0
6762 1223.9583740234375 2572.9166259765625 135.15168160322415 0.0 0.0 0.0 0.0 0.0 0.0 0.0
6778 1218.7501220703125 2567.7083740234375 136.84335926015433 0.0 0.0 0.0 0.0 0.0 0.0 0.0
6794 1208.3333740234375 2557.2916259765625 140.1325204826591 0.0 0.0 0.0 0.0 0.0 0.0 0.0
6810 1197.916748046875 2546.8751220703125 143.31863314228892 0.0 0.0 0.0 0.0 0.0 0.0 0.0
6826 1192.7083740234375 2536.4583740234375 146.15694228115987 0.0 0.0 0.0 0.0 0.0 0.0 0.0
6842 1182.291748046875 2526.0416259765625 149.13000387576582 0.0 0.0 0.0 0.0 0.0 0.0 0.0
6858 1171.8751220703125 2515.6251220703125 151.9869563386313 0.0 0.0 0.0 0.0 0.0 0.0 0.0
6874 1161.4583740234375 2505.2083740234375 154.7260088590144 0.0 0.0 0.0 0.0 0.0 0.0 0.0
6890 1156.2501220703125 2500.0001220703125 156.06517644849228 0.0 0.0 0.0 0.0 0.0 0.0 0.0
6906 1145.8333740234375 2489.5833740234375 158.62553720105038 0.0 0.0 0.0 0.0 0.0 0.0 0.0
6922 1140.6251220703125 2479.1666259765625 161.1596740301745 0.0 0.0 0.0 0.0 0.0 0.0 0.0
6938 1130.2083740234375 2468.7501220703125 163.48105972459618 0.0 0.0 0.0 0.0 0.0 0.0 0.0
6954 1119.791748046875 2458.3333740234375 165.68833869727533 0.0 0.0 0.0 0.0 0.0 0.0 0.0
6970 1114.5833740234375 2447.9166259765625 168.02404763272577 0.0 0.0 0.0 0.0 0.0 0.0 0.0
6986 1109.3751220703125 2437.5001220703125 170.2867451068063 0.0 0.0 0.0 0.0 0.0 0.0 0.0
7002 1098.9583740234375 2421.8751220703125 173.3398861030232 0.0 0.0 0.0 0.0 0.0 0.0 0.0
7018 1093.7501220703125 2411.4583740234375 175.42421223528166 0.0 0.0 0.0 0.0 0.0 0.0 0.0
7034 1093.7501220703125 2395.8333740234375 179.09057980654146 0.0 0.0 0.0 0.0 0.0 0.0 0.0
7050 1088.541748046875 2385.4166259765625 180.96378122464316 0.0 0.0 0.0 0.0 0.0 0.0 0.0
7066 1083.3333740234375 2369.7916259765625 183.89446824395864 0.0 0.0 0.0 0.0 0.0 0.0 0.0
7082 1083.3333740234375 2354.1666259765625 187.30987029497905 0.0 0.0 0.0 0.0 0.0 0.0 0.0
7098 1083.3333740234375 2343.7501220703125 189.53259525048034 0.0 0.0 0.0 0.0 0.0 0.0 0.0
7114 1083.3333740234375 2322.9166259765625 193.7596300379075 0.0 0.0 0.0 0.0 0.0 0.0 0.0
7130 1083.3333740234375 2312.5001220703125 195.81367155038762 0.0 0.0 0.0 0.0 0.0 0.0 0.0
7145 1083.3333740234375 2296.8751220703125 198.76369981651678 0.0 0.0 0.0 0.0 0.0 0.0 0.0
7162 1083.3333740234375 2286.4583740234375 200.67034676489672 0.0 0.0 0.0 0.0 0.0 0.0 0.0
7178 1083.3333740234375 2270.8333740234375 203.39754495860868 0.0 0.0 0.0 0.0 0.0 0.0 0.0
7194 1083.3333740234375 2255.2083740234375 205.99211616957447 0.0 0.0 0.0 0.0 0.0 0.0 0.0
7210 1083.3333740234375 2239.5833740234375 208.4558070511139 0.0 0.0 0.0 0.0 0.0 0.0 0.0
7226 1083.3333740234375 2218.7501220703125 211.5162380681647 0.0 0.0 0.0 0.0 0.0 0.0 0.0
7242 1083.3333740234375 2203.1251220703125 213.6873072822123 0.0 0.0 0.0 0.0 0.0 0.0 0.0
7258 1083.3333740234375 2187.5001220703125 215.73857617946655 0.0 0.0 0.0 0.0 0.0 0.0 0.0
7274 1088.541748046875 2166.6666259765625 219.35374593815723 0.0 0.0 0.0 0.0 0.0 0.0 0.0
7289 1093.7501220703125 2156.2501220703125 221.67299038808082 0.0 0.0 0.0 0.0 0.0 0.0 0.0
7306 1093.7501220703125 2145.8333740234375 222.7546776283447 0.0 0.0 0.0 0.0 0.0 0.0 0.0
7324 1098.9583740234375 2135.4166259765625 224.96548880209352 0.0 0.0 0.0 0.0 0.0 0.0 0.0
7343 1104.166748046875 2125.0001220703125 227.1019857927141 0.0 0.0 0.0 0.0 0.0 0.0 0.0
7354 1109.3751220703125 2114.5833740234375 229.16399940808415 0.0 0.0 0.0 0.0 0.0 0.0 0.0
7370 1119.791748046875 2093.7501220703125 232.9988583627966 0.0 0.0 0.0 0.0 0.0 0.0 0.0
7386 1125.0001220703125 2083.3333740234375 234.84216597321327 0.0 0.0 0.0 0.0 0.0 0.0 0.0
7402 1130.2083740234375 2072.9166259765625 236.6134046359875 0.0 0.0 0.0 0.0 0.0 0.0 0.0
7418 1140.6251220703125 2062.5001220703125 239.5691239826477 0.0 0.0 0.0 0.0 0.0 0.0 0.0
7433 1145.8333740234375 2052.0833740234375 241.14841155109482 0.0 0.0 0.0 0.0 0.0 0.0 0.0
7449 1156.2501220703125 2041.6666259765625 243.92268856271025 0.0 0.0 0.0 0.0 0.0 0.0 0.0
7466 1166.666748046875 2031.2501220703125 246.57834759186582 0.0 0.0 0.0 0.0 0.0 0.0 0.0
7482 1171.8751220703125 2020.8333740234375 -112.14398163949049 0.0 0.0 0.0 0.0 0.0 0.0 0.0
7498 1182.291748046875 2010.4166259765625 -109.66572482381088 0.0 0.0 0.0 0.0 0.0 0.0 0.0
7515 1187.5001220703125 1994.7916259765625 -108.6527597569083 0.0 0.0 0.0 0.0 0.0 0.0 0.0
7530 1197.916748046875 1989.5833740234375 -106.19106694274721 0.0 0.0 0.0 0.0 0.0 0.0 0.0
7546 1208.3333740234375 1973.9583740234375 -104.19266332087587 0.0 0.0 0.0 0.0 0.0 0.0 0.0
7562 1218.7501220703125 1963.5416259765625 -102.10295470356198 0.0 0.0 0.0 0.0 0.0 0.0 0.0
7577 1223.9583740234375 1953.125 -101.3457034432678 0.0 0.0 0.0 0.0 0.0 0.0 0.0
7593 1234.3751220703125 1937.5 -99.69202115150433 0.0 0.0 0.0 0.0 0.0 0.0 0.0
7610 1244.791748046875 1921.875 -98.15829115532541 0.0 0.0 0.0 0.0 0.0 0.0 0.0
7625 1255.2083740234375 1911.4583740234375 -96.38680179670479 0.0 0.0 0.0 0.0 0.0 0.0 0.0
7642 1265.6251220703125 1895.8333740234375 -95.09566153447496 0.0 0.0 0.0 0.0 0.0 0.0 0.0
7658 1270.8333740234375 1885.416748046875 -94.67452485040236 0.0 0.0 0.0 0.0 0.0 0.0 0.0
7673 1286.4583740234375 1869.791748046875 -92.36849174218548 0.0 0.0 0.0 0.0 0.0 0.0 0.0
7689 1296.8751220703125 1854.166748046875 -91.3768401289829 0.0 0.0 0.0 0.0 0.0 0.0 0.0
7707 1307.291748046875 1838.541748046875 -90.45973540072781 0.0 0.0 0.0 0.0 0.0 0.0 0.0
7721 1317.7083740234375 1822.916748046875 -89.61176803361181 0.0 0.0 0.0 0.0 0.0 0.0 0.0
7737 1322.916748046875 1807.291748046875 -89.94912023585279 0.0 0.0 0.0 0.0 0.0 0.0 0.0
7754 1333.3333740234375 1791.666748046875 -89.13972981345026 0.0 0.0 0.0 0.0 0.0 0.0 0.0
7769 1343.7501220703125 1776.041748046875 -88.39153745488586 0.0 0.0 0.0 0.0 0.0 0.0 0.0
7785 1348.9583740234375 1760.416748046875 -88.81134887830486 0.0 0.0 0.0 0.0 0.0 0.0 0.0
7802 1348.9583740234375 1744.791748046875 -90.3369908291038 0.0 0.0 0.0 0.0 0.0 0.0 0.0
7817 1354.166748046875 1734.375 -90.14742488954705 0.0 0.0 0.0 0.0 0.0 0.0 0.0
7833 1359.3751220703125 1713.541748046875 -90.91123113824165 0.0 0.0 0.0 0.0 0.0 0.0 0.0
7849 1364.5833740234375 1703.125 -90.69365007103896 0.0 0.0 0.0 0.0 0.0 0.0 0.0
7868 1364.5833740234375 1687.5 -92.10588625819408 0.0 0.0 0.0 0.0 0.0 0.0 0.0
7882 1369.791748046875 1671.875 -92.27436558937953 0.0 0.0 0.0 0.0 0.0 0.0 0.0
7898 1369.791748046875 1661.4583740234375 -93.16990400226034 0.0 0.0 0.0 0.0 0.0 0.0 0.0
7914 1369.791748046875 1645.8333740234375 -94.43106572966727 0.0 0.0 0.0 0.0 0.0 0.0 0.0
7929 1369.791748046875 1635.416748046875 -95.23657716489035 0.0 0.0 0.0 0.0 0.0 0.0 0.0
7946 1369.791748046875 1619.791748046875 -96.37016549947646 0.0 0.0 0.0 0.0 0.0 0.0 0.0
7961 1369.791748046875 1609.375 -97.09388153568702 0.0 0.0 0.0 0.0 0.0 0.0 0.0
7977 1364.5833740234375 1604.166748046875 -98.69760582235597 0.0 0.0 0.0 0.0 0.0 0.0 0.0
7994 1354.166748046875 1593.75 -101.79852796031052 0.0 0.0 0.0 0.0 0.0 0.0 0.0
8009 1354.166748046875 1583.3333740234375 -102.28967364959567 0.0 0.0 0.0 0.0 0.0 0.0 0.0
8025 1343.7501220703125 1572.916748046875 -105.25963150328172 0.0 0.0 0.0 0.0 0.0 0.0 0.0
8042 1338.541748046875 1562.5 -106.85392554179276 0.0 0.0 0.0 0.0 0.0 0.0 0.0
8057 1338.541748046875 1557.291748046875 -106.9924920554468 0.0 0.0 0.0 0.0 0.0 0.0 0.0
8073 1328.1251220703125 1546.875 -109.77537612620912 0.0 0.0 0.0 0.0 0.0 0.0 0.0
8090 1322.916748046875 1536.4583740234375 -111.1781157885831 0.0 0.0 0.0 0.0 0.0 0.0 0.0
8105 1322.916748046875 1531.25 -111.21965212567538 0.0 0.0 0.0 0.0 0.0 0.0 0.0
8137 1317.7083740234375 1526.041748046875 -112.54898102219907 0.0 0.0 0.0 0.0 0.0 0.0 0.0
8145 1312.5001220703125 1510.416748046875 246.18712321179825 0.0 0.0 0.0 0.0 0.0 0.0 0.0
8152 1302.0833740234375 1505.2083740234375 243.6310817537022 0.0 0.0 0.0 0.0 0.0 0.0 0.0
8169 1296.8751220703125 1494.791748046875 242.5214478541997 0.0 0.0 0.0 0.0 0.0 0.0 0.0
8186 1291.666748046875 1484.375 241.46246379000561 0.0 0.0 0.0 0.0 0.0 0.0 0.0
8201 1286.4583740234375 1473.9583740234375 240.45214050066497 0.0 0.0 0.0 0.0 0.0 0.0 0.0
8216 1281.2501220703125 1458.3333740234375 239.6488865411675 0.0 0.0 0.0 0.0 0.0 0.0 0.0
8234 1276.041748046875 1447.916748046875 238.72261024445308 0.0 0.0 0.0 0.0 0.0 0.0 0.0
8249 1270.8333740234375 1437.5 237.83959418348476 0.0 0.0 0.0 0.0 0.0 0.0 0.0
8266 1270.8333740234375 1427.0833740234375 238.23997048599622 0.0 0.0 0.0 0.0 0.0 0.0 0.0
8282 1270.8333740234375 1416.666748046875 238.6229145832793 0.0 0.0 0.0 0.0 0.0 0.0 0.0
8298 1265.6251220703125 1406.25 237.74459009931215 0.0 0.0 0.0 0.0 0.0 0.0 0.0
8313 1255.2083740234375 1401.041748046875 235.42468802974437 0.0 0.0 0.0 0.0 0.0 0.0 0.0
8330 1244.791748046875 1390.625 233.47602380920821 0.0 0.0 0.0 0.0 0.0 0.0 0.0
8345 1244.791748046875 1385.416748046875 233.77701135860352 0.0 0.0 0.0 0.0 0.0 0.0 0.0
8361 1234.3751220703125 1380.2083740234375 231.58434124364751 0.0 0.0 0.0 0.0 0.0 0.0 0.0
8378 1223.9583740234375 1369.791748046875 229.8412049607497 0.0 0.0 0.0 0.0 0.0 0.0 0.0
8393 1218.7501220703125 1364.5833740234375 228.9942385287964 0.0 0.0 0.0 0.0 0.0 0.0 0.0
8409 1203.1251220703125 1359.375 225.78176790740528 0.0 0.0 0.0 0.0 0.0 0.0 0.0
8426 1192.7083740234375 1354.166748046875 223.87349015547332 0.0 0.0 0.0 0.0 0.0 0.0 0.0
8441 1177.0833740234375 1348.9583740234375 220.8993062775073 0.0 0.0 0.0 0.0 0.0 0.0 0.0
8457 1171.8751220703125 1343.75 220.3127594635749 0.0 0.0 0.0 0.0 0.0 0.0 0.0
8474 1156.2501220703125 1338.541748046875 217.51641931447884 0.0 0.0 0.0 0.0 0.0 0.0 0.0
8489 1145.8333740234375 1338.541748046875 215.27265290654256 0.0 0.0 0.0 0.0 0.0 0.0 0.0
8505 1135.416748046875 1333.3333740234375 213.7875977559245 0.0 0.0 0.0 0.0 0.0 0.0 0.0
8522 1125.0001220703125 1328.125 212.36618821937165 0.0 0.0 0.0 0.0 0.0 0.0 0.0
8537 1119.791748046875 1312.5 213.45138863868183 0.0 0.0 0.0 0.0 0.0 0.0 0.0
8553 1104.166748046875 1307.291748046875 211.02310497347347 0.0 0.0 0.0 0.0 0.0 0.0 0.0
8570 1093.7501220703125 1286.4583740234375 211.8959415277868 0.0 0.0 0.0 0.0 0.0 0.0 0.0
8585 1078.1251220703125 1276.041748046875 210.298616263095 0.0 0.0 0.0 0.0 0.0 0.0 0.0
8602 1057.291748046875 1255.2083740234375 209.34227425227633 0.0 0.0 0.0 0.0 0.0 0.0 0.0
8618 1046.8751220703125 1250.0 208.11618437864448 0.0 0.0 0.0 0.0 0.0 0.0 0.0
8633 1020.8333740234375 1234.375 205.7625642387778 0.0 0.0 0.0 0.0 0.0 0.0 0.0
8649 1005.2083740234375 1223.9583740234375 204.61646294649464 0.0 0.0 0.0 0.0 0.0 0.0 0.0
8666 994.791748046875 1213.541748046875 204.45508928193013 0.0 0.0 0.0 0.0 0.0 0.0 0.0
8682 979.166748046875 1208.3333740234375 202.5528812229202 0.0 0.0 0.0 0.0 0.0 0.0 0.0
8697 968.7501220703125 1197.916748046875 202.51755087393948 0.0 0.0 0.0 0.0 0.0 0.0 0.0
8714 953.1251220703125 1187.5 201.61464519792847 0.0 0.0 0.0 0.0 0.0 0.0 0.0
8729 942.7083740234375 1182.291748046875 200.7427388835359 0.0 0.0 0.0 0.0 0.0 0.0 0.0
8745 921.8751220703125 1171.875 199.15555557855348 0.0 0.0 0.0 0.0 0.0 0.0 0.0
8762 911.4583740234375 1161.4583740234375 199.32770298881562 0.0 0.0 0.0 0.0 0.0 0.0 0.0
8777 895.8333740234375 1156.25 197.74335835469182 0.0 0.0 0.0 0.0 0.0 0.0 0.0
8793 885.416748046875 1145.8333740234375 198.0016902710873 0.0 0.0 0.0 0.0 0.0 0.0 0.0
8809 869.791748046875 1135.416748046875 197.4408405979685 0.0 0.0 0.0 0.0 0.0 0.0 0.0
8825 854.166748046875 1125.0 196.92272509574977 0.0 0.0 0.0 0.0 0.0 0.0 0.0
8841 843.7501220703125 1114.5833740234375 197.2310670309664 0.0 0.0 0.0 0.0 0.0 0.0 0.0
8857 828.1251220703125 1104.166748046875 196.72889740336447 0.0 0.0 0.0 0.0 0.0 0.0 0.0
8873 817.7083740234375 1098.9583740234375 196.088418321479 0.0 0.0 0.0 0.0 0.0 0.0 0.0
8889 802.0834350585938 1088.541748046875 195.67343764144928 0.0 0.0 0.0 0.0 0.0 0.0 0.0
8906 791.666748046875 1078.125 196.05781518924286 0.0 0.0 0.0 0.0 0.0 0.0 0.0
8921 776.041748046875 1067.7083740234375 195.6451483805557 0.0 0.0 0.0 0.0 0.0 0.0 0.0
8937 760.416748046875 1057.291748046875 195.26398413271883 0.0 0.0 0.0 0.0 0.0 0.0 0.0
8953 744.791748046875 1046.875 194.91197408512377 0.0 0.0 0.0 0.0 0.0 0.0 0.0
8969 734.3750610351562 1031.25 196.3005116321451 0.0 0.0 0.0 0.0 0.0 0.0 0.0
8985 718.7500610351562 1010.416748046875 197.71488055540758 0.0 0.0 0.0 0.0 0.0 0.0 0.0
9001 708.3334350585938 994.791748046875 198.8960732459329 0.0 0.0 0.0 0.0 0.0 0.0 0.0
9017 703.1250610351562 979.166748046875 200.83457015696953 0.0 0.0 0.0 0.0 0.0 0.0 0.0
9033 692.7084350585938 953.125 203.4617079838442 0.0 0.0 0.0 0.0 0.0 0.0 0.0
9049 692.7084350585938 937.5 206.05308991397803 0.0 0.0 0.0 0.0 0.0 0.0 0.0
9066 687.5000610351562 921.8750610351562 207.54669827530117 0.0 0.0 0.0 0.0 0.0 0.0 0.0
9082 677.0834350585938 901.0416870117188 208.73933271264505 0.0 0.0 0.0 0.0 0.0 0.0 0.0
9098 677.0834350585938 880.2083740234375 211.77995133149918 0.0 0.0 0.0 0.0 0.0 0.0 0.0
9113 671.8750610351562 864.5833740234375 212.9035959948259 0.0 0.0 0.0 0.0 0.0 0.0 0.0
9129 671.8750610351562 843.7500610351562 215.64634158376666 0.0 0.0 0.0 0.0 0.0 0.0 0.0
9145 671.8750610351562 828.1250610351562 217.58737984789812 0.0 0.0 0.0 0.0 0.0 0.0 0.0
9161 671.8750610351562 812.5000610351562 219.41733778130342 0.0 0.0 0.0 0.0 0.0 0.0 0.0
9177 671.8750610351562 802.0833740234375 220.58912501696054 0.0 0.0 0.0 0.0 0.0 0.0 0.0
9193 671.8750610351562 781.2500610351562 222.75300222269445 0.0 0.0 0.0 0.0 0.0 0.0 0.0
9209 671.8750610351562 770.8333740234375 223.79101578071558 0.0 0.0 0.0 0.0 0.0 0.0 0.0
9225 671.8750610351562 750.0000610351562 225.70428154472918 0.0 0.0 0.0 0.0 0.0 0.0 0.0
9241 671.8750610351562 734.3750610351562 227.05200934030606 0.0 0.0 0.0 0.0 0.0 0.0 0.0
9257 677.0834350585938 723.9583740234375 229.11576671937505 0.0 0.0 0.0 0.0 0.0 0.0 0.0
9273 682.291748046875 708.3333740234375 231.44538299357444 0.0 0.0 0.0 0.0 0.0 0.0 0.0
9289 692.7084350585938 692.7083740234375 234.8554838231233 0.0 0.0 0.0 0.0 0.0 0.0 0.0
9305 697.916748046875 677.0833740234375 236.84891676984645 0.0 0.0 0.0 0.0 0.0 0.0 0.0
9321 708.3334350585938 661.4583740234375 239.95081304831226 0.0 0.0 0.0 0.0 0.0 0.0 0.0
9338 718.7500610351562 645.8333740234375 242.86522887455735 0.0 0.0 0.0 0.0 0.0 0.0 0.0
9353 739.5834350585938 625.0000610351562 -111.95410456213266 0.0 0.0 0.0 0.0 0.0 0.0 0.0
9369 744.791748046875 609.3750610351562 -110.79095100166927 0.0 0.0 0.0 0.0 0.0 0.0 0.0
9385 760.416748046875 593.7500610351562 -107.25178843200422 0.0 0.0 0.0 0.0 0.0 0.0 0.0
9401 776.041748046875 572.9166870117188 -104.15579432016395 0.0 0.0 0.0 0.0 0.0 0.0 0.0
9417 786.4584350585938 562.5000610351562 -102.0680016413616 0.0 0.0 0.0 0.0 0.0 0.0 0.0
9433 796.8750610351562 546.8750610351562 -100.36230893770953 0.0 0.0 0.0 0.0 0.0 0.0 0.0
9449 812.5000610351562 536.4583740234375 -97.27045412539691 0.0 0.0 0.0 0.0 0.0 0.0 0.0
9465 817.7083740234375 520.8333740234375 -97.08874749146996 0.0 0.0 0.0 0.0 0.0 0.0 0.0
9482 833.3333740234375 515.6250610351562 -93.78730060305003 0.0 0.0 0.0 0.0 0.0 0.0 0.0
9497 843.7501220703125 505.2083740234375 -92.25678272231481 0.0 0.0 0.0 0.0 0.0 0.0 0.0
9513 859.3751220703125 500.00006103515625 -89.17141226459985 0.0 0.0 0.0 0.0 0.0 0.0 0.0
9530 869.791748046875 489.5833740234375 -87.90350646776903 0.0 0.0 0.0 0.0 0.0 0.0 0.0
9545 890.6251220703125 479.16668701171875 -84.52548951768757 0.0 0.0 0.0 0.0 0.0 0.0 0.0
9561 901.041748046875 473.9583740234375 -82.9062182048838 0.0 0.0 0.0 0.0 0.0 0.0 0.0
9577 916.666748046875 468.75006103515625 -80.29139244691007 0.0 0.0 0.0 0.0 0.0 0.0 0.0
9593 937.5001220703125 458.3333740234375 -77.52819623533014 0.0 0.0 0.0 0.0 0.0 0.0 0.0
9609 947.916748046875 447.91668701171875 -76.94977535780708 0.0 0.0 0.0 0.0 0.0 0.0 0.0
9625 963.541748046875 447.91668701171875 -73.88110017842706 0.0 0.0 0.0 0.0 0.0 0.0 0.0
9641 973.9583740234375 442.7083740234375 -72.72297014635679 0.0 0.0 0.0 0.0 0.0 0.0 0.0
9657 989.5833740234375 437.50006103515625 -70.68708244348733 0.0 0.0 0.0 0.0 0.0 0.0 0.0
9673 1005.2083740234375 432.29168701171875 -68.77386161680809 0.0 0.0 0.0 0.0 0.0 0.0 0.0
9689 1020.8333740234375 427.0833740234375 -66.97772658040174 0.0 0.0 0.0 0.0 0.0 0.0 0.0
9705 1041.666748046875 427.0833740234375 -63.54940608553154 0.0 0.0 0.0 0.0 0.0 0.0 0.0
9721 1052.0833740234375 427.0833740234375 -61.894621190094604 0.0 0.0 0.0 0.0 0.0 0.0 0.0
9737 1067.7083740234375 421.8750305175781 -60.53233519870149 0.0 0.0 0.0 0.0 0.0 0.0 0.0
9753 1078.1251220703125 421.8750305175781 -58.98395729448247 0.0 0.0 0.0 0.0 0.0 0.0 0.0
9769 1093.7501220703125 421.8750305175781 -56.785637806966925 0.0 0.0 0.0 0.0 0.0 0.0 0.0
9785 1104.166748046875 421.8750305175781 -55.374734869722715 0.0 0.0 0.0 0.0 0.0 0.0 0.0
9801 1114.5833740234375 421.8750305175781 -54.017023195855245 0.0 0.0 0.0 0.0 0.0 0.0 0.0
9817 1119.791748046875 421.8750305175781 -53.35138812758696 0.0 0.0 0.0 0.0 0.0 0.0 0.0
9832 1135.416748046875 421.8750305175781 -51.467475316175566 0.0 0.0 0.0 0.0 0.0 0.0 0.0
9849 1145.8333740234375 421.8750305175781 -50.260776261360945 0.0 0.0 0.0 0.0 0.0 0.0 0.0
9866 1161.4583740234375 421.8750305175781 -48.55602124515731 0.0 0.0 0.0 0.0 0.0 0.0 0.0
9881 1171.8751220703125 421.8750305175781 -47.465115936493504 0.0 0.0 0.0 0.0 0.0 0.0 0.0
9896 1187.5001220703125 421.8750305175781 -45.925983199370904 0.0 0.0 0.0 0.0 0.0 0.0 0.0
9914 1197.916748046875 421.8750305175781 -44.94183570609289 0.0 0.0 0.0 0.0 0.0 0.0 0.0
9929 1208.3333740234375 421.8750305175781 -43.99811486259857 0.0 0.0 0.0 0.0 0.0 0.0 0.0
9945 1218.7501220703125 421.8750305175781 -43.093377181217406 0.0 0.0 0.0 0.0 0.0 0.0 0.0
9961 1223.9583740234375 421.8750305175781 -42.650607064585316 0.0 0.0 0.0 0.0 0.0 0.0 0.0
9977 1239.5833740234375 427.0833740234375 -40.221325692184195 0.0 0.0 0.0 0.0 0.0 0.0 0.0
9993 1244.791748046875 432.29168701171875 -38.597326511642024 0.0 0.0 0.0 0.0 0.0 0.0 0.0
10009 1255.2083740234375 437.50006103515625 -36.69303101928273 0.0 0.0 0.0 0.0 0.0 0.0 0.0
10025 1270.8333740234375 447.91668701171875 -33.38637242836339 0.0 0.0 0.0 0.0 0.0 0.0 0.0
10041 1276.041748046875 453.12506103515625 -31.88068294434038 0.0 0.0 0.0 0.0 0.0 0.0 0.0
10057 1291.666748046875 463.54168701171875 -28.854704625177675 0.0 0.0 0.0 0.0 0.0 0.0 0.0
10073 1296.8751220703125 473.9583740234375 -26.149221546743817 0.0 0.0 0.0 0.0 0.0 0.0 0.0
10089 1307.291748046875 479.16668701171875 -24.751976900422036 0.0 0.0 0.0 0.0 0.0 0.0 0.0
10105 1322.916748046875 489.5833740234375 -22.173632830543525 0.0 0.0 0.0 0.0 0.0 0.0 0.0
10121 1322.916748046875 500.00006103515625 -19.541029155186862 0.0 0.0 0.0 0.0 0.0 0.0 0.0
10137 1338.541748046875 505.2083740234375 -18.53630370289534 0.0 0.0 0.0 0.0 0.0 0.0 0.0
10152 1343.7501220703125 520.8333740234375 -14.807876812974925 0.0 0.0 0.0 0.0 0.0 0.0 0.0
10169 1348.9583740234375 526.0416870117188 -13.720044716762047 0.0 0.0 0.0 0.0 0.0 0.0 0.0
10185 1354.166748046875 536.4583740234375 -11.402505603822448 0.0 0.0 0.0 0.0 0.0 0.0 0.0
10202 1359.3751220703125 546.8750610351562 -9.158177581843063 0.0 0.0 0.0 0.0 0.0 0.0 0.0
10216 1364.5833740234375 552.0833740234375 -8.220482393034445 0.0 0.0 0.0 0.0 0.0 0.0 0.0
10233 1369.791748046875 562.5000610351562 -6.082053538436384 0.0 0.0 0.0 0.0 0.0 0.0 0.0
10249 1369.791748046875 567.7083740234375 -4.829598617316094 0.0 0.0 0.0 0.0 0.0 0.0 0.0
10265 1369.791748046875 578.1250610351562 -2.361889017711462 0.0 0.0 0.0 0.0 0.0 0.0 0.0
10281 1375.0001220703125 583.3333740234375 -1.6157800541734844 0.0 0.0 0.0 0.0 0.0 0.0 0.0
10298 1375.0001220703125 593.7500610351562 0.7968632335174419 0.0 0.0 0.0 0.0 0.0 0.0 0.0
10313 1380.2083740234375 598.9583740234375 1.4505128825980762 0.0 0.0 0.0 0.0 0.0 0.0 0.0
10329 1380.2083740234375 604.1666870117188 2.638829421146511 0.0 0.0 0.0 0.0 0.0 0.0 0.0
10345 1385.416748046875 614.5833740234375 4.373242658542466 0.0 0.0 0.0 0.0 0.0 0.0 0.0
10360 1390.6251220703125 619.7916870117188 4.920018453642001 0.0 0.0 0.0 0.0 0.0 0.0 0.0
10377 1395.8333740234375 625.0000610351562 5.450298054347186 0.0 0.0 0.0 0.0 0.0 0.0 0.0
10393 1395.8333740234375 635.4166870117188 7.716930576953331 0.0 0.0 0.0 0.0 0.0 0.0 0.0
10409 1401.041748046875 640.6250610351562 8.162032272759205 0.0 0.0 0.0 0.0 0.0 0.0 0.0
10424 1401.041748046875 651.0416870117188 10.36395517601764 0.0 0.0 0.0 0.0 0.0 0.0 0.0
10441 1406.2501220703125 651.0416870117188 9.652177248616212 0.0 0.0 0.0 0.0 0.0 0.0 0.0
10457 1411.4583740234375 666.6666870117188 12.127488066712317 0.0 0.0 0.0 0.0 0.0 0.0 0.0
10472 1416.666748046875 677.0833740234375 13.46339350289108 0.0 0.0 0.0 0.0 0.0 0.0 0.0
10489 1421.8751220703125 682.2916870117188 13.730701521588287 0.0 0.0 0.0 0.0 0.0 0.0 0.0
10505 1421.8751220703125 692.7083740234375 15.785591597622215 0.0 0.0 0.0 0.0 0.0 0.0 0.0
10521 1427.0833740234375 697.9166870117188 15.980291444066808 0.0 0.0 0.0 0.0 0.0 0.0 0.0
10537 1427.0833740234375 708.3333740234375 17.970649653219027 0.0 0.0 0.0 0.0 0.0 0.0 0.0
10552 1427.0833740234375 723.9583740234375 20.82390386241562 0.0 0.0 0.0 0.0 0.0 0.0 0.0
10568 1427.0833740234375 729.1666870117188 21.759586405930605 0.0 0.0 0.0 0.0 0.0 0.0 0.0
10585 1432.291748046875 744.7916870117188 23.522745779535853 0.0 0.0 0.0 0.0 0.0 0.0 0.0
10600 1432.291748046875 750.0000610351562 24.414427892913892 0.0 0.0 0.0 0.0 0.0 0.0 0.0
10617 1432.291748046875 765.6250610351562 26.95823161782667 0.0 0.0 0.0 0.0 0.0 0.0 0.0
10633 1437.5001220703125 776.0416870117188 27.611208211652325 0.0 0.0 0.0 0.0 0.0 0.0 0.0
10649 1437.5001220703125 786.4583740234375 29.225538249068364 0.0 0.0 0.0 0.0 0.0 0.0 0.0
10665 1437.5001220703125 802.0833740234375 31.520177063138163 0.0 0.0 0.0 0.0 0.0 0.0 0.0
10681 1442.7083740234375 812.5000610351562 31.95365002595804 0.0 0.0 0.0 0.0 0.0 0.0 0.0
10697 1442.7083740234375 822.9166870117188 33.41142721486912 0.0 0.0 0.0 0.0 0.0 0.0 0.0
10713 1442.7083740234375 828.1250610351562 34.12651330669581 0.0 0.0 0.0 0.0 0.0 0.0 0.0
10729 1447.916748046875 843.7500610351562 35.09574203260479 0.0 0.0 0.0 0.0 0.0 0.0 0.0
10745 1447.916748046875 854.1666870117188 36.435555190224676 0.0 0.0 0.0 0.0 0.0 0.0 0.0
10761 1447.916748046875 864.5833740234375 37.72395656043611 0.0 0.0 0.0 0.0 0.0 0.0 0.0
10777 1447.916748046875 875.0000610351562 38.962341766993546 0.0 0.0 0.0 0.0 0.0 0.0 0.0
10792 1447.916748046875 890.6250610351562 40.712528953799705 0.0 0.0 0.0 0.0 0.0 0.0 0.0
10809 1447.916748046875 901.0416870117188 41.83275983956483 0.0 0.0 0.0 0.0 0.0 0.0 0.0
10825 1447.916748046875 916.6666870117188 43.41378586977035 0.0 0.0 0.0 0.0 0.0 0.0 0.0
10840 1447.916748046875 927.0833740234375 44.4249176826348 0.0 0.0 0.0 0.0 0.0 0.0 0.0
10856 1447.916748046875 942.7083740234375 45.85033412651697 0.0 0.0 0.0 0.0 0.0 0.0 0.0
10873 1447.916748046875 958.3333740234375 47.18914726048766 0.0 0.0 0.0 0.0 0.0 0.0 0.0
10888 1447.916748046875 973.9583740234375 48.44601093534908 0.0 0.0 0.0 0.0 0.0 0.0 0.0
10904 1447.916748046875 984.375 49.24875943876552 0.0 0.0 0.0 0.0 0.0 0.0 0.0
10921 1447.916748046875 1005.2083740234375 50.72450336353975 0.0 0.0 0.0 0.0 0.0 0.0 0.0
10936 1447.916748046875 1015.625 51.43104765919895 0.0 0.0 0.0 0.0 0.0 0.0 0.0
10952 1447.916748046875 1031.25 52.42465405707728 0.0 0.0 0.0 0.0 0.0 0.0 0.0
10969 1447.916748046875 1046.875 53.35588926738163 0.0 0.0 0.0 0.0 0.0 0.0 0.0
10984 1447.916748046875 1062.5 54.22848608769786 0.0 0.0 0.0 0.0 0.0 0.0 0.0
11000 1447.916748046875 1078.125 55.045942307034124 0.0 0.0 0.0 0.0 0.0 0.0 0.0
11017 1447.916748046875 1088.541748046875 55.56740034712533 0.0 0.0 0.0 0.0 0.0 0.0 0.0
11032 1447.916748046875 1104.166748046875 56.29998061365555 0.0 0.0 0.0 0.0 0.0 0.0 0.0
11049 1447.916748046875 1114.5833740234375 56.76720612448864 0.0 0.0 0.0 0.0 0.0 0.0 0.0
11065 1442.7083740234375 1130.2083740234375 58.64486474767651 0.0 0.0 0.0 0.0 0.0 0.0 0.0
11081 1442.7083740234375 1140.625 59.01018350899861 0.0 0.0 0.0 0.0 0.0 0.0 0.0
11097 1442.7083740234375 1151.041748046875 59.35956566291935 0.0 0.0 0.0 0.0 0.0 0.0 0.0
11113 1442.7083740234375 1161.4583740234375 59.69371023362871 0.0 0.0 0.0 0.0 0.0 0.0 0.0
11129 1442.7083740234375 1177.0833740234375 60.162782134210744 0.0 0.0 0.0 0.0 0.0 0.0 0.0
11144 1442.7083740234375 1187.5 60.46182177768472 0.0 0.0 0.0 0.0 0.0 0.0 0.0
11161 1442.7083740234375 1197.916748046875 60.74778157648822 0.0 0.0 0.0 0.0 0.0 0.0 0.0
11176 1442.7083740234375 1208.3333740234375 61.021224244696214 0.0 0.0 0.0 0.0 0.0 0.0 0.0
11192 1442.7083740234375 1223.9583740234375 61.40506417944252 0.0 0.0 0.0 0.0 0.0 0.0 0.0
11209 1442.7083740234375 1234.375 61.64973902527248 0.0 0.0 0.0 0.0 0.0 0.0 0.0
11225 1442.7083740234375 1244.791748046875 61.883685856634514 0.0 0.0 0.0 0.0 0.0 0.0 0.0
11240 1442.7083740234375 1255.2083740234375 62.107390794994814 0.0 0.0 0.0 0.0 0.0 0.0 0.0
11257 1442.7083740234375 1265.625 62.3212862198902 0.0 0.0 0.0 0.0 0.0 0.0 0.0
11272 1442.7083740234375 1276.041748046875 62.52580310358451 0.0 0.0 0.0 0.0 0.0 0.0 0.0
11288 1447.916748046875 1286.4583740234375 61.466601127681884 0.0 0.0 0.0 0.0 0.0 0.0 0.0
11305 1447.916748046875 1302.0833740234375 61.82177844303661 0.0 0.0 0.0 0.0 0.0 0.0 0.0
11320 1453.1251220703125 1317.7083740234375 60.927411211812625 0.0 0.0 0.0 0.0 0.0 0.0 0.0
11336 1458.3333740234375 1333.3333740234375 60.09251028208672 0.0 0.0 0.0 0.0 0.0 0.0 0.0
11353 1463.541748046875 1348.9583740234375 59.3132102395607 0.0 0.0 0.0 0.0 0.0 0.0 0.0
11368 1468.7501220703125 1364.5833740234375 58.58596537356047 0.0 0.0 0.0 0.0 0.0 0.0 0.0
11384 1473.9583740234375 1385.416748046875 58.09723919403413 0.0 0.0 0.0 0.0 0.0 0.0 0.0
11401 1479.166748046875 1395.8333740234375 57.243517316225535 0.0 0.0 0.0 0.0 0.0 0.0 0.0
11416 1494.791748046875 1411.4583740234375 54.25514617397019 0.0 0.0 0.0 0.0 0.0 0.0 0.0
11432 1500.0001220703125 1427.0833740234375 53.86800725653265 0.0 0.0 0.0 0.0 0.0 0.0 0.0
11475 1505.2083740234375 1437.5 53.21468430323458 0.0 0.0 0.0 0.0 0.0 0.0 0.0
11488 1526.041748046875 1463.541748046875 50.08273704776914 0.0 0.0 0.0 0.0 0.0 0.0 0.0
11504 1541.666748046875 1473.9583740234375 47.24870073426021 0.0 0.0 0.0 0.0 0.0 0.0 0.0
11515 1552.0833740234375 1484.375 45.74559149690512 0.0 0.0 0.0 0.0 0.0 0.0 0.0
11528 1557.291748046875 1494.791748046875 45.48480811323316 0.0 0.0 0.0 0.0 0.0 0.0 0.0
11545 1567.7083740234375 1500.0 43.587795027761445 0.0 0.0 0.0 0.0 0.0 0.0 0.0
11563 1578.1251220703125 1510.416748046875 42.29295156469257 0.0 0.0 0.0 0.0 0.0 0.0 0.0
11577 1588.541748046875 1510.416748046875 39.94376478378604 0.0 0.0 0.0 0.0 0.0 0.0 0.0
11593 1598.9583740234375 1515.625 38.26436970949783 0.0 0.0 0.0 0.0 0.0 0.0 0.0
11609 1609.3751220703125 1515.625 36.00310175954701 0.0 0.0 0.0 0.0 0.0 0.0 0.0
11624 1625.0001220703125 1520.8333740234375 33.434263786990755 0.0 0.0 0.0 0.0 0.0 0.0 0.0
11639 1635.416748046875 1520.8333740234375 31.29219903040766 0.0 0.0 0.0 0.0 0.0 0.0 0.0
11657 1645.8333740234375 1520.8333740234375 29.20752755690583 0.0 0.0 0.0 0.0 0.0 0.0 0.0
11672 1651.041748046875 1520.8333740234375 28.180006578459114 0.0 0.0 0.0 0.0 0.0 0.0 0.0
11689 1666.666748046875 1520.8333740234375 25.22800752278647 0.0 0.0 0.0 0.0 0.0 0.0 0.0
11704 1677.0833740234375 1520.8333740234375 23.320070082919045 0.0 0.0 0.0 0.0 0.0 0.0 0.0
11720 1682.291748046875 1520.8333740234375 22.381265567788176 0.0 0.0 0.0 0.0 0.0 0.0 0.0
11737 1692.7083740234375 1515.625 19.62429545337821 0.0 0.0 0.0 0.0 0.0 0.0 0.0
11752 1703.1251220703125 1510.416748046875 16.91981344348531 0.0 0.0 0.0 0.0 0.0 0.0 0.0
11767 1713.541748046875 1510.416748046875 15.285133361522867 0.0 0.0 0.0 0.0 0.0 0.0 0.0
11785 1729.166748046875 1500.0 10.886261282741827 0.0 0.0 0.0 0.0 0.0 0.0 0.0
11800 1734.3751220703125 1494.791748046875 9.068734326973185 0.0 0.0 0.0 0.0 0.0 0.0 0.0
11816 1744.791748046875 1484.375 5.490998568320663 0.0 0.0 0.0 0.0 0.0 0.0 0.0
11833 1755.2083740234375 1479.166748046875 3.144399963378362 0.0 0.0 0.0 0.0 0.0 0.0 0.0
11849 1760.416748046875 1473.9583740234375 1.3987203664361232 0.0 0.0 0.0 0.0 0.0 0.0 0.0
11865 1765.6251220703125 1463.541748046875 -1.5387549495392534 0.0 0.0 0.0 0.0 0.0 0.0 0.0
11882 1770.8333740234375 1458.3333740234375 -3.22589249899076 0.0 0.0 0.0 0.0 0.0 0.0 0.0
11896 1776.041748046875 1453.125 -4.88927061062131 0.0 0.0 0.0 0.0 0.0 0.0 0.0
11912 1781.2501220703125 1447.916748046875 -6.5278391118801835 0.0 0.0 0.0 0.0 0.0 0.0 0.0
11929 1781.2501220703125 1442.7083740234375 -7.799940830085902 0.0 0.0 0.0 0.0 0.0 0.0 0.0
11944 1781.2501220703125 1432.291748046875 -10.373322301198726 0.0 0.0 0.0 0.0 0.0 0.0 0.0
11960 1786.4583740234375 1427.0833740234375 -11.921027960959236 0.0 0.0 0.0 0.0 0.0 0.0 0.0
11976 1791.666748046875 1416.666748046875 -14.72145159946433 0.0 0.0 0.0 0.0 0.0 0.0 0.0
11992 1802.0833740234375 1411.4583740234375 -16.338023060453864 0.0 0.0 0.0 0.0 0.0 0.0 0.0
12008 1802.0833740234375 1406.25 -17.650627684151146 0.0 0.0 0.0 0.0 0.0 0.0 0.0
12024 1807.291748046875 1401.041748046875 -19.057095907702916 0.0 0.0 0.0 0.0 0.0 0.0 0.0
12040 1812.5001220703125 1390.625 -21.723907881372526 0.0 0.0 0.0 0.0 0.0 0.0 0.0
12056 1817.7083740234375 1385.416748046875 -23.0418945404857 0.0 0.0 0.0 0.0 0.0 0.0 0.0
12073 1822.916748046875 1380.2083740234375 -24.32994051395937 0.0 0.0 0.0 0.0 0.0 0.0 0.0
12087 1828.1251220703125 1375.0 -25.588055269882332 0.0 0.0 0.0 0.0 0.0 0.0 0.0
12104 1828.1251220703125 1369.791748046875 -26.903411359616612 0.0 0.0 0.0 0.0 0.0 0.0 0.0
12120 1833.3333740234375 1364.5833740234375 -28.100019545667266 0.0 0.0 0.0 0.0 0.0 0.0 0.0
12136 1838.541748046875 1359.375 -29.26724904859941 0.0 0.0 0.0 0.0 0.0 0.0 0.0
12152 1843.75 1359.375 -29.127124755157396 0.0 0.0 0.0 0.0 0.0 0.0 0.0
12168 1848.95849609375 1354.166748046875 -30.268717088165957 0.0 0.0 0.0 0.0 0.0 0.0 0.0
12185 1854.166748046875 1348.9583740234375 -31.381493174228012 0.0 0.0 0.0 0.0 0.0 0.0 0.0
12200 1854.166748046875 1343.75 -32.68120767236313 0.0 0.0 0.0 0.0 0.0 0.0 0.0
12216 1859.375 1338.541748046875 -33.7316905350507 0.0 0.0 0.0 0.0 0.0 0.0 0.0
12232 1859.375 1333.3333740234375 -35.02128987386833 0.0 0.0 0.0 0.0 0.0 0.0 0.0
12248 1864.58349609375 1333.3333740234375 -34.75330946074685 0.0 0.0 0.0 0.0 0.0 0.0 0.0
12265 1869.791748046875 1328.125 -35.748923616762454 0.0 0.0 0.0 0.0 0.0 0.0 0.0
12280 1869.791748046875 1322.916748046875 -37.02812390416199 0.0 0.0 0.0 0.0 0.0 0.0 0.0
12297 1875.0 1317.7083740234375 -37.962136892644295 0.0 0.0 0.0 0.0 0.0 0.0 0.0
12313 1880.20849609375 1312.5 -38.87041602641726 0.0 0.0 0.0 0.0 0.0 0.0 0.0
12329 1880.20849609375 1307.291748046875 -40.13047417408829 0.0 0.0 0.0 0.0 0.0 0.0 0.0
12360 1880.20849609375 1296.875 -42.61521543678566 0.0 0.0 0.0 0.0 0.0 0.0 0.0
12376 1885.416748046875 1291.666748046875 -43.39230470329839 0.0 0.0 0.0 0.0 0.0 0.0 0.0
12391 1890.625 1281.25 -45.33161021618386 0.0 0.0 0.0 0.0 0.0 0.0 0.0
12409 1895.83349609375 1276.041748046875 -46.029863562348154 0.0 0.0 0.0 0.0 0.0 0.0 0.0
12424 1901.041748046875 1270.8333740234375 -46.70766118704685 0.0 0.0 0.0 0.0 0.0 0.0 0.0
12440 1901.041748046875 1260.416748046875 -49.076993837439666 0.0 0.0 0.0 0.0 0.0 0.0 0.0
12456 1906.25 1255.2083740234375 -49.66427920515015 0.0 0.0 0.0 0.0 0.0 0.0 0.0
12472 1906.25 1250.0 -50.83044616556572 0.0 0.0 0.0 0.0 0.0 0.0 0.0
12488 1906.25 1239.5833740234375 -53.11235545448072 0.0 0.0 0.0 0.0 0.0 0.0 0.0
12504 1906.25 1234.375 -54.23987215544943 0.0 0.0 0.0 0.0 0.0 0.0 0.0
12520 1911.45849609375 1229.166748046875 -54.67047633871992 0.0 0.0 0.0 0.0 0.0 0.0 0.0
12536 1911.45849609375 1223.9583740234375 -55.779237843253284 0.0 0.0 0.0 0.0 0.0 0.0 0.0
12552 1911.45849609375 1218.75 -56.874169338093616 0.0 0.0 0.0 0.0 0.0 0.0 0.0
12570 1911.45849609375 1208.3333740234375 -59.00813102607497 0.0 0.0 0.0 0.0 0.0 0.0 0.0
12600 1916.666748046875 1208.3333740234375 -58.24780165729406 0.0 0.0 0.0 0.0 0.0 0.0 0.0
12616 1916.666748046875 1203.125 -59.31051693743592 0.0 0.0 0.0 0.0 0.0 0.0 0.0
12632 1916.666748046875 1197.916748046875 -60.35874095170334 0.0 0.0 0.0 0.0 0.0 0.0 0.0
12649 1916.666748046875 1192.7083740234375 -61.392419591716646 0.0 0.0 0.0 0.0 0.0 0.0 0.0
12666 1916.666748046875 1187.5 -62.41136529673493 0.0 0.0 0.0 0.0 0.0 0.0 0.0
12679 1916.666748046875 1182.291748046875 -63.41546880635471 0.0 0.0 0.0 0.0 0.0 0.0 0.0
12712 1916.666748046875 1177.0833740234375 -64.40471500894398 0.0 0.0 0.0 0.0 0.0 0.0 0.0
12744 1916.666748046875 1171.875 -65.37897315205478 0.0 0.0 0.0 0.0 0.0 0.0 0.0
12760 1916.666748046875 1166.666748046875 -66.3381975973211 0.0 0.0 0.0 0.0 0.0 0.0 0.0
12792 1921.875 1161.4583740234375 -66.39138515953681 0.0 0.0 0.0 0.0 0.0 0.0 0.0
12808 1927.08349609375 1161.4583740234375 -65.50111168113204 0.0 0.0 0.0 0.0 0.0 0.0 0.0
12824 1932.291748046875 1156.25 -65.58067487851513 0.0 0.0 0.0 0.0 0.0 0.0 0.0