0 2000.0 1500.0 0 0.0 0.0 0.0 0.0 0.0 0.0 0.0
208 2000.0 1500.0 0 0.0 0.0 0.0 0.0 0.0 0.0 0.0
215 2000.0 1500.0 0 0.0 0.0 0.0 0.0 0.0 0.0 0.0
224 2000.0 1500.0 0 0.0 0.0 0.0 0.0 0.0 0.0 0.0
231 2000.0 1500.0 0 0.0 0.0 0.0 0.0 0.0 0.0 0.0
240 2000.0 1500.0 0 0.0 0.0 0.0 0.0 0.0 0.0 0.0
247 2000.0 1500.0 0 0.0 0.0 0.0 0.0 0.0 0.0 0.0
256 2000.0 1500.0 0 0.0 0.0 0.0 0.0 0.0 0.0 0.0
456 2000.0 1500.0 0 0.0 0.0 0.0 0.0 0.0 0.0 0.0
464 2004.06494140625 1500.0 0.4343762138584708 0.0 0.0 0.0 0.0 0.0 0.0 0.0
472 2008.1298828125 1500.0 0.8526568556481493 0.0 0.0 0.0 0.0 0.0 0.0 0.0
480 2012.194580078125 1500.0 1.2553790611912063 0.0 0.0 0.0 0.0 0.0 0.0 0.0
488 2016.259521484375 1500.0 1.6431178601243772 0.0 0.0 0.0 0.0 0.0 0.0 0.0
496 2020.324462890625 1500.0 2.016470951136668 0.0 0.0 0.0 0.0 0.0 0.0 0.0
504 2024.38916015625 1500.0 2.3758911067188535 0.0 0.0 0.0 0.0 0.0 0.0 0.0
528 2028.4541015625 1500.0 2.7219190125431822 0.0 0.0 0.0 0.0 0.0 0.0 0.0
592 2032.518798828125 1500.0 3.054989675931438 0.0 0.0 0.0 0.0 0.0 0.0 0.0
599 2036.583740234375 1500.0 3.375611962059466 0.0 0.0 0.0 0.0 0.0 0.0 0.0
608 2040.648681640625 1500.0 3.684248554718181 0.0 0.0 0.0 0.0 0.0 0.0 0.0
616 2052.84326171875 1500.0 4.513487056353512 0.0 0.0 0.0 0.0 0.0 0.0 0.0
624 2060.972900390625 1500.0 5.026344632446651 0.0 0.0 0.0 0.0 0.0 0.0 0.0
632 2069.1025390625 1500.0 5.5021028388947855 0.0 0.0 0.0 0.0 0.0 0.0 0.0
640 2077.232421875 1500.0 5.94346758935113 0.0 0.0 0.0 0.0 0.0 0.0 0.0
647 2085.362060546875 1500.0 6.3528300031962175 0.0 0.0 0.0 0.0 0.0 0.0 0.0
656 2089.427001953125 1500.0 6.549818770694571 0.0 0.0 0.0 0.0 0.0 0.0 0.0
976 2093.49169921875 1500.0 6.739382566110436 0.0 0.0 0.0 0.0 0.0 0.0 0.0
984 2097.556640625 1500.0 6.92181095283901 0.0 0.0 0.0 0.0 0.0 0.0 0.0
992 2097.556640625 1495.93505859375 4.689982470984532 0.0 0.0 0.0 0.0 0.0 0.0 0.0
999 2105.686279296875 1491.8702392578125 3.127334140464839 0.0 0.0 0.0 0.0 0.0 0.0 0.0
1010 2117.880859375 1487.805419921875 2.0294482250410937 0.0 0.0 0.0 0.0 0.0 0.0 0.0
1016 2126.0107421875 1483.740478515625 0.6727859754465584 0.0 0.0 0.0 0.0 0.0 0.0 0.0
1024 2134.140380859375 1479.6756591796875 359.4221511089727 0.0 0.0 0.0 0.0 0.0 0.0 0.0
1032 2138.205078125 1475.61083984375 357.77555045792576 0.0 0.0 0.0 0.0 0.0 0.0 0.0
1040 2146.3349609375 1471.5460205078125 356.7529726883589 0.0 0.0 0.0 0.0 0.0 0.0 0.0
1216 2150.399658203125 1471.5460205078125 357.3069678271987 0.0 0.0 0.0 0.0 0.0 0.0 0.0
1224 2154.464599609375 1467.4810791015625 355.7571497497355 0.0 0.0 0.0 0.0 0.0 0.0 0.0
1231 2158.529541015625 1467.4810791015625 356.3475857201926 0.0 0.0 0.0 0.0 0.0 0.0 0.0
1432 2162.59423828125 1467.4810791015625 356.91640400596845 0.0 0.0 0.0 0.0 0.0 0.0 0.0
1440 2166.6591796875 1467.4810791015625 357.46445516413513 0.0 0.0 0.0 0.0 0.0 0.0 0.0
1456 2174.788818359375 1467.4810791015625 358.48287782681945 0.0 0.0 0.0 0.0 0.0 0.0 0.0
1464 2178.853759765625 1467.4810791015625 358.97333148724204 0.0 0.0 0.0 0.0 0.0 0.0 0.0
1472 2186.9833984375 1467.4810791015625 359.8843838693757 0.0 0.0 0.0 0.0 0.0 0.0 0.0
1479 2195.11328125 1467.4810791015625 0.7303473808432699 0.0 0.0 0.0 0.0 0.0 0.0 0.0
1488 2199.177978515625 1467.4810791015625 1.1376265830376724 0.0 0.0 0.0 0.0 0.0 0.0 0.0
1495 2211.37255859375 1471.5460205078125 4.230416839662027 0.0 0.0 0.0 0.0 0.0 0.0 0.0
1504 2215.4375 1471.5460205078125 4.507070614231182 0.0 0.0 0.0 0.0 0.0 0.0 0.0
1512 2219.50244140625 1475.61083984375 6.929976740883745 0.0 0.0 0.0 0.0 0.0 0.0 0.0
1520 2223.567138671875 1479.6756591796875 9.26681852365418 0.0 0.0 0.0 0.0 0.0 0.0 0.0
1528 2227.632080078125 1483.740478515625 11.517199343759657 0.0 0.0 0.0 0.0 0.0 0.0 0.0
1536 2231.697021484375 1491.8702392578125 15.836911501731862 0.0 0.0 0.0 0.0 0.0 0.0 0.0
1544 2235.76171875 1495.93505859375 17.826792421586447 0.0 0.0 0.0 0.0 0.0 0.0 0.0
1552 2235.76171875 1504.0648193359375 22.248350098764703 0.0 0.0 0.0 0.0 0.0 0.0 0.0
1569 2239.82666015625 1508.129638671875 23.96178567137727 0.0 0.0 0.0 0.0 0.0 0.0 0.0
1576 2243.8916015625 1508.129638671875 23.49760207270245 0.0 0.0 0.0 0.0 0.0 0.0 0.0
1583 2247.956298828125 1508.129638671875 23.050577742285057 0.0 0.0 0.0 0.0 0.0 0.0 0.0
1592 2247.956298828125 1512.194580078125 25.235027972513066 0.0 0.0 0.0 0.0 0.0 0.0 0.0
1600 2256.0859375 1516.2593994140625 26.269081934180335 0.0 0.0 0.0 0.0 0.0 0.0 0.0
1617 2260.15087890625 1516.2593994140625 25.719970218599556 0.0 0.0 0.0 0.0 0.0 0.0 0.0
1640 2264.2158203125 1516.2593994140625 25.190977797639192 0.0 0.0 0.0 0.0 0.0 0.0 0.0
1648 2264.2158203125 1520.32421875 27.35424492709903 0.0 0.0 0.0 0.0 0.0 0.0 0.0
1656 2268.280517578125 1520.32421875 26.765471969096637 0.0 0.0 0.0 0.0 0.0 0.0 0.0
1895 2272.345458984375 1520.32421875 26.19817869940094 0.0 0.0 0.0 0.0 0.0 0.0 0.0
1911 2280.47509765625 1520.32421875 25.14377283304917 0.0 0.0 0.0 0.0 0.0 0.0 0.0
1919 2288.60498046875 1520.32421875 24.164214732065943 0.0 0.0 0.0 0.0 0.0 0.0 0.0
1927 2296.734619140625 1520.32421875 23.254473409641065 0.0 0.0 0.0 0.0 0.0 0.0 0.0
1935 2304.8642578125 1520.32421875 22.409745603601436 0.0 0.0 0.0 0.0 0.0 0.0 0.0
1943 2312.994140625 1520.32421875 21.625520341936024 0.0 0.0 0.0 0.0 0.0 0.0 0.0
1951 2325.188720703125 1520.32421875 20.571496237198318 0.0 0.0 0.0 0.0 0.0 0.0 0.0
1960 2337.38330078125 1520.32421875 19.627333268642857 0.0 0.0 0.0 0.0 0.0 0.0 0.0
1968 2345.512939453125 1520.32421875 19.04335147534219 0.0 0.0 0.0 0.0 0.0 0.0 0.0
1976 2349.577880859375 1520.32421875 18.762260834008615 0.0 0.0 0.0 0.0 0.0 0.0 0.0
1984 2353.642578125 1520.32421875 18.491712941193143 0.0 0.0 0.0 0.0 0.0 0.0 0.0
2160 2357.70751953125 1520.32421875 18.231309509977706 0.0 0.0 0.0 0.0 0.0 0.0 0.0
2167 2365.837158203125 1520.32421875 17.748198465861506 0.0 0.0 0.0 0.0 0.0 0.0 0.0
2176 2378.03173828125 1520.32421875 17.099468354804316 0.0 0.0 0.0 0.0 0.0 0.0 0.0
2183 2386.161376953125 1524.38916015625 18.76704829038907 0.0 0.0 0.0 0.0 0.0 0.0 0.0
2192 2394.291259765625 1524.38916015625 18.245178846490205 0.0 0.0 0.0 0.0 0.0 0.0 0.0
2200 2406.48583984375 1524.38916015625 17.54434042815221 0.0 0.0 0.0 0.0 0.0 0.0 0.0
2208 2414.615478515625 1524.38916015625 17.110938355289292 0.0 0.0 0.0 0.0 0.0 0.0 0.0
2216 2418.680419921875 1524.38916015625 16.90238908886427 0.0 0.0 0.0 0.0 0.0 0.0 0.0
2224 2422.7451171875 1524.38916015625 16.70170084881876 0.0 0.0 0.0 0.0 0.0 0.0 0.0
2304 2426.81005859375 1524.38916015625 16.508550396156195 0.0 0.0 0.0 0.0 0.0 0.0 0.0
2319 2430.875 1524.38916015625 16.32265726389916 0.0 0.0 0.0 0.0 0.0 0.0 0.0
2328 2434.939697265625 1520.32421875 13.982192055480184 0.0 0.0 0.0 0.0 0.0 0.0 0.0
2344 2439.004638671875 1520.32421875 13.891485615436764 0.0 0.0 0.0 0.0 0.0 0.0 0.0
2416 2443.069580078125 1520.32421875 13.8041865283638 0.0 0.0 0.0 0.0 0.0 0.0 0.0
2424 2447.13427734375 1520.32421875 13.720217558259023 0.0 0.0 0.0 0.0 0.0 0.0 0.0
2431 2455.26416015625 1520.32421875 13.564396090162816 0.0 0.0 0.0 0.0 0.0 0.0 0.0
2439 2459.328857421875 1520.32421875 13.489433473916662 0.0 0.0 0.0 0.0 0.0 0.0 0.0
2447 2463.393798828125 1516.2593994140625 11.254180907405214 0.0 0.0 0.0 0.0 0.0 0.0 0.0
2455 2471.5234375 1516.2593994140625 11.277761820304661 0.0 0.0 0.0 0.0 0.0 0.0 0.0
2471 2475.58837890625 1516.2593994140625 11.289094663704148 0.0 0.0 0.0 0.0 0.0 0.0 0.0
2479 2487.782958984375 1516.2593994140625 11.319520199749306 0.0 0.0 0.0 0.0 0.0 0.0 0.0
2488 2495.91259765625 1516.2593994140625 11.338342957844944 0.0 0.0 0.0 0.0 0.0 0.0 0.0
2495 2504.042236328125 1516.2593994140625 11.355803381833724 0.0 0.0 0.0 0.0 0.0 0.0 0.0
2504 2520.3017578125 1516.2593994140625 11.38592515761367 0.0 0.0 0.0 0.0 0.0 0.0 0.0
2512 2532.496337890625 1516.2593994140625 11.406175377640636 0.0 0.0 0.0 0.0 0.0 0.0 0.0
2519 2540.6259765625 1516.2593994140625 11.418699472465761 0.0 0.0 0.0 0.0 0.0 0.0 0.0
2528 2552.820556640625 1520.32421875 13.445610389933236 0.0 0.0 0.0 0.0 0.0 0.0 0.0
2544 2556.885498046875 1520.32421875 13.37512690583786 0.0 0.0 0.0 0.0 0.0 0.0 0.0
2592 2560.950439453125 1520.32421875 13.307287469222132 0.0 0.0 0.0 0.0 0.0 0.0 0.0
2599 2565.01513671875 1520.32421875 13.242052689182202 0.0 0.0 0.0 0.0 0.0 0.0 0.0
2615 2569.080078125 1520.32421875 13.179220087849046 0.0 0.0 0.0 0.0 0.0 0.0 0.0
2752 2569.080078125 1516.2593994140625 10.93136905350508 0.0 0.0 0.0 0.0 0.0 0.0 0.0
2767 2577.209716796875 1516.2593994140625 10.978417441066497 0.0 0.0 0.0 0.0 0.0 0.0 0.0
2776 2585.339599609375 1512.194580078125 8.939850982476344 0.0 0.0 0.0 0.0 0.0 0.0 0.0
2783 2589.404296875 1512.194580078125 9.039386032175145 0.0 0.0 0.0 0.0 0.0 0.0 0.0
2792 2597.533935546875 1512.194580078125 9.22398273305366 0.0 0.0 0.0 0.0 0.0 0.0 0.0
2808 2601.598876953125 1512.194580078125 9.312819728191556 0.0 0.0 0.0 0.0 0.0 0.0 0.0
2839 2601.598876953125 1508.129638671875 7.071692146582052 0.0 0.0 0.0 0.0 0.0 0.0 0.0
2876 2605.663818359375 1504.0648193359375 5.092166994167101 0.0 0.0 0.0 0.0 0.0 0.0 0.0
2880 2605.663818359375 1500.0 2.870077709377071 0.0 0.0 0.0 0.0 0.0 0.0 0.0
2903 2609.728515625 1500.0 3.197648046512853 0.0 0.0 0.0 0.0 0.0 0.0 0.0
2911 2609.728515625 1495.93505859375 0.9878911021911563 0.0 0.0 0.0 0.0 0.0 0.0 0.0
2919 2609.728515625 1491.8702392578125 358.79563698794664 0.0 0.0 0.0 0.0 0.0 0.0 0.0
2927 2613.79345703125 1491.8702392578125 359.2745365625662 0.0 0.0 0.0 0.0 0.0 0.0 0.0
2943 2613.79345703125 1487.805419921875 357.0979890275118 0.0 0.0 0.0 0.0 0.0 0.0 0.0
2959 2617.8583984375 1487.805419921875 357.6394055925157 0.0 0.0 0.0 0.0 0.0 0.0 0.0
2967 2617.8583984375 1483.740478515625 355.47951286428747 0.0 0.0 0.0 0.0 0.0 0.0 0.0
2975 2621.923095703125 1479.6756591796875 354.01484096108106 0.0 0.0 0.0 0.0 0.0 0.0 0.0
2983 2625.988037109375 1479.6756591796875 354.6685517126014 0.0 0.0 0.0 0.0 0.0 0.0 0.0
3191 2625.988037109375 1475.61083984375 352.5435314498818 0.0 0.0 0.0 0.0 0.0 0.0 0.0
3207 2634.11767578125 1475.61083984375 353.9079837124325 0.0 0.0 0.0 0.0 0.0 0.0 0.0
3215 2642.24755859375 1475.61083984375 355.1772775856713 0.0 0.0 0.0 0.0 0.0 0.0 0.0
3223 2650.377197265625 1475.61083984375 356.35744294165295 0.0 0.0 0.0 0.0 0.0 0.0 0.0
3231 2658.5068359375 1475.61083984375 357.4543383895863 0.0 0.0 0.0 0.0 0.0 0.0 0.0
3240 2662.57177734375 1479.6756591796875 0.10485496942595773 0.0 0.0 0.0 0.0 0.0 0.0 0.0
3247 2670.701416015625 1479.6756591796875 0.9350127033685283 0.0 0.0 0.0 0.0 0.0 0.0 0.0
3255 2678.831298828125 1479.6756591796875 1.7057305896986747 0.0 0.0 0.0 0.0 0.0 0.0 0.0
3263 2691.02587890625 1479.6756591796875 2.7415504656022165 0.0 0.0 0.0 0.0 0.0 0.0 0.0
3271 2699.155517578125 1483.740478515625 5.456530271363647 0.0 0.0 0.0 0.0 0.0 0.0 0.0
3279 2707.28515625 1483.740478515625 5.901156593512667 0.0 0.0 0.0 0.0 0.0 0.0 0.0
3287 2715.414794921875 1483.740478515625 6.313574341331034 0.0 0.0 0.0 0.0 0.0 0.0 0.0
3432 2719.479736328125 1483.740478515625 6.512047280664149 0.0 0.0 0.0 0.0 0.0 0.0 0.0
3447 2727.609375 1483.740478515625 6.880155428175357 0.0 0.0 0.0 0.0 0.0 0.0 0.0
3456 2739.803955078125 1483.740478515625 7.374402150501666 0.0 0.0 0.0 0.0 0.0 0.0 0.0
3463 2747.933837890625 1483.740478515625 7.679999620585519 0.0 0.0 0.0 0.0 0.0 0.0 0.0
3472 2760.12841796875 1483.740478515625 8.090171844207191 0.0 0.0 0.0 0.0 0.0 0.0 0.0
3479 2772.322998046875 1483.740478515625 8.45724240635684 0.0 0.0 0.0 0.0 0.0 0.0 0.0
3488 2788.582275390625 1483.740478515625 8.880377208789284 0.0 0.0 0.0 0.0 0.0 0.0 0.0
3495 2796.712158203125 1483.740478515625 9.076566527594025 0.0 0.0 0.0 0.0 0.0 0.0 0.0
3504 2804.841796875 1483.740478515625 9.258500618918887 0.0 0.0 0.0 0.0 0.0 0.0 0.0
3511 2817.036376953125 1483.740478515625 9.502670293988501 0.0 0.0 0.0 0.0 0.0 0.0 0.0
3520 2825.166015625 1483.740478515625 9.653607823067972 0.0 0.0 0.0 0.0 0.0 0.0 0.0
3527 2829.23095703125 1483.740478515625 9.726228611498641 0.0 0.0 0.0 0.0 0.0 0.0 0.0
3536 2833.295654296875 1483.740478515625 9.79608061594493 0.0 0.0 0.0 0.0 0.0 0.0 0.0
3543 2837.360595703125 1483.740478515625 9.863339740651114 0.0 0.0 0.0 0.0 0.0 0.0 0.0
3906 2841.425537109375 1483.740478515625 9.928055060541311 0.0 0.0 0.0 0.0 0.0 0.0 0.0
3915 2845.490234375 1479.6756591796875 7.8317752876689894 0.0 0.0 0.0 0.0 0.0 0.0 0.0
3927 2853.6201171875 1479.6756591796875 8.104143210962718 0.0 0.0 0.0 0.0 0.0 0.0 0.0
3935 2857.684814453125 1475.61083984375 6.081909724400887 0.0 0.0 0.0 0.0 0.0 0.0 0.0
3943 2861.749755859375 1471.5460205078125 4.143771476575154 0.0 0.0 0.0 0.0 0.0 0.0 0.0
3951 2873.9443359375 1467.4810791015625 2.9349513943876246 0.0 0.0 0.0 0.0 0.0 0.0 0.0
3959 2878.00927734375 1463.416259765625 1.1319965915266152 0.0 0.0 0.0 0.0 0.0 0.0 0.0
3967 2886.138916015625 1459.3514404296875 359.8454168805396 0.0 0.0 0.0 0.0 0.0 0.0 0.0
3975 2894.2685546875 1455.2864990234375 358.6596293591216 0.0 0.0 0.0 0.0 0.0 0.0 0.0
3983 2898.33349609375 1451.2216796875 357.04774531386045 0.0 0.0 0.0 0.0 0.0 0.0 0.0
3991 2902.3984375 1451.2216796875 357.5909932234067 0.0 0.0 0.0 0.0 0.0 0.0 0.0
4007 2906.463134765625 1451.2216796875 358.114258136578 0.0 0.0 0.0 0.0 0.0 0.0 0.0
4144 2910.528076171875 1451.2216796875 358.61831165818404 0.0 0.0 0.0 0.0 0.0 0.0 0.0
4151 2910.528076171875 1447.1568603515625 356.44825760805406 0.0 0.0 0.0 0.0 0.0 0.0 0.0
4159 2918.65771484375 1447.1568603515625 357.5387488533786 0.0 0.0 0.0 0.0 0.0 0.0 0.0
4167 2926.787353515625 1447.1568603515625 358.5519172911139 0.0 0.0 0.0 0.0 0.0 0.0 0.0
4176 2938.98193359375 1447.1568603515625 359.9150527581906 0.0 0.0 0.0 0.0 0.0 0.0 0.0
4183 2955.241455078125 1447.1568603515625 1.4899162291922323 0.0 0.0 0.0 0.0 0.0 0.0 0.0
4191 2971.5009765625 1447.1568603515625 2.8536103889080238 0.0 0.0 0.0 0.0 0.0 0.0 0.0
4199 2979.630615234375 1447.1568603515625 3.486294326625085 0.0 0.0 0.0 0.0 0.0 0.0 0.0
4207 2991.8251953125 1447.1568603515625 4.336260051837911 0.0 0.0 0.0 0.0 0.0 0.0 0.0
4215 2995.89013671875 1451.2216796875 6.765086916245366 0.0 0.0 0.0 0.0 0.0 0.0 0.0
4223 3004.019775390625 1451.2216796875 7.114885762094119 0.0 0.0 0.0 0.0 0.0 0.0 0.0
4367 3008.084716796875 1451.2216796875 7.283230642063671 0.0 0.0 0.0 0.0 0.0 0.0 0.0
4375 3012.1494140625 1451.2216796875 7.445226074034437 0.0 0.0 0.0 0.0 0.0 0.0 0.0
4383 3016.21435546875 1451.2216796875 7.60108276241408 0.0 0.0 0.0 0.0 0.0 0.0 0.0
4391 3020.279296875 1451.2216796875 7.751107019793253 0.0 0.0 0.0 0.0 0.0 0.0 0.0
4399 3024.343994140625 1451.2216796875 7.8954222446324 0.0 0.0 0.0 0.0 0.0 0.0 0.0
4407 3028.408935546875 1447.1568603515625 5.881745779564625 0.0 0.0 0.0 0.0 0.0 0.0 0.0
4415 3032.473876953125 1447.1568603515625 6.096453790504725 0.0 0.0 0.0 0.0 0.0 0.0 0.0
4488 3036.53857421875 1447.1568603515625 6.303074447131721 0.0 0.0 0.0 0.0 0.0 0.0 0.0
4495 3040.603515625 1447.1568603515625 6.501938322291991 0.0 0.0 0.0 0.0 0.0 0.0 0.0
4511 3044.668212890625 1447.1568603515625 6.693283947338557 0.0 0.0 0.0 0.0 0.0 0.0 0.0
4519 3052.798095703125 1447.1568603515625 7.048304530647258 0.0 0.0 0.0 0.0 0.0 0.0 0.0
4527 3056.86279296875 1447.1568603515625 7.219107953323331 0.0 0.0 0.0 0.0 0.0 0.0 0.0
4583 3060.927734375 1447.1568603515625 7.3834844222935345 0.0 0.0 0.0 0.0 0.0 0.0 0.0
4599 3064.99267578125 1447.1568603515625 7.541692735170159 0.0 0.0 0.0 0.0 0.0 0.0 0.0
4607 3069.057373046875 1447.1568603515625 7.693929986552703 0.0 0.0 0.0 0.0 0.0 0.0 0.0
4615 3073.122314453125 1447.1568603515625 7.840427425274726 0.0 0.0 0.0 0.0 0.0 0.0 0.0
4696 3077.187255859375 1447.1568603515625 7.981419191979612 0.0 0.0 0.0 0.0 0.0 0.0 0.0
4703 3081.251953125 1447.1568603515625 8.117110130207706 0.0 0.0 0.0 0.0 0.0 0.0 0.0
4719 3085.31689453125 1447.1568603515625 8.247654320605335 0.0 0.0 0.0 0.0 0.0 0.0 0.0
4727 3093.446533203125 1447.1568603515625 8.489799588404324 0.0 0.0 0.0 0.0 0.0 0.0 0.0
4735 3097.511474609375 1447.1568603515625 8.60629621697997 0.0 0.0 0.0 0.0 0.0 0.0 0.0
4743 3101.576416015625 1447.1568603515625 8.718425683799126 0.0 0.0 0.0 0.0 0.0 0.0 0.0
4855 3105.64111328125 1447.1568603515625 8.82630576641131 0.0 0.0 0.0 0.0 0.0 0.0 0.0
4932 3109.7060546875 1447.1568603515625 8.93015684507749 0.0 0.0 0.0 0.0 0.0 0.0 0.0
4943 3113.77099609375 1447.1568603515625 9.03009619075344 0.0 0.0 0.0 0.0 0.0 0.0 0.0
4951 3117.835693359375 1447.1568603515625 9.126243024881703 0.0 0.0 0.0 0.0 0.0 0.0 0.0
4968 3121.900634765625 1451.2216796875 11.381924788283996 0.0 0.0 0.0 0.0 0.0 0.0 0.0
4984 3125.965576171875 1451.2216796875 11.389305226983012 0.0 0.0 0.0 0.0 0.0 0.0 0.0
4996 3130.0302734375 1451.2216796875 11.396449118763684 0.0 0.0 0.0 0.0 0.0 0.0 0.0
5055 3134.09521484375 1451.2216796875 11.403333634053908 0.0 0.0 0.0 0.0 0.0 0.0 0.0
5063 3142.224853515625 1455.2864990234375 13.49929843398425 0.0 0.0 0.0 0.0 0.0 0.0 0.0
5072 3154.41943359375 1459.3514404296875 15.304166739062154 0.0 0.0 0.0 0.0 0.0 0.0 0.0
5092 3182.87353515625 1463.416259765625 16.259977426124408 0.0 0.0 0.0 0.0 0.0 0.0 0.0
5105 3215.392333984375 1467.4810791015625 16.846884030086343 0.0 0.0 0.0 0.0 0.0 0.0 0.0
5113 3227.5869140625 1467.4810791015625 16.292702771109333 0.0 0.0 0.0 0.0 0.0 0.0 0.0
5119 3235.716552734375 1467.4810791015625 15.950037547329742 0.0 0.0 0.0 0.0 0.0 0.0 0.0
5127 3243.846435546875 1471.5460205078125 17.705188611971195 0.0 0.0 0.0 0.0 0.0 0.0 0.0
5135 3247.9111328125 1471.5460205078125 17.47431489546632 0.0 0.0 0.0 0.0 0.0 0.0 0.0
5151 3251.97607421875 1471.5460205078125 17.252096649997895 0.0 0.0 0.0 0.0 0.0 0.0 0.0
5159 3256.041015625 1471.5460205078125 17.038209703488832 0.0 0.0 0.0 0.0 0.0 0.0 0.0
5175 3256.041015625 1475.61083984375 19.265968870275458 0.0 0.0 0.0 0.0 0.0 0.0 0.0
5191 3264.170654296875 1479.6756591796875 20.766939959401938 0.0 0.0 0.0 0.0 0.0 0.0 0.0
5199 3268.2353515625 1479.6756591796875 20.42146048975026 0.0 0.0 0.0 0.0 0.0 0.0 0.0
5216 3272.30029296875 1479.6756591796875 20.08883063213237 0.0 0.0 0.0 0.0 0.0 0.0 0.0
5224 3276.365234375 1479.6756591796875 19.768623702606547 0.0 0.0 0.0 0.0 0.0 0.0 0.0
5287 3280.429931640625 1479.6756591796875 19.460419035454407 0.0 0.0 0.0 0.0 0.0 0.0 0.0
5295 3284.494873046875 1479.6756591796875 19.16371013384014 0.0 0.0 0.0 0.0 0.0 0.0 0.0
5303 3292.62451171875 1479.6756591796875 18.61317158555822 0.0 0.0 0.0 0.0 0.0 0.0 0.0
5311 3296.689453125 1479.6756591796875 18.34819210062666 0.0 0.0 0.0 0.0 0.0 0.0 0.0
5320 3304.819091796875 1479.6756591796875 17.85662691628096 0.0 0.0 0.0 0.0 0.0 0.0 0.0
5327 3308.884033203125 1479.6756591796875 17.620073100798777 0.0 0.0 0.0 0.0 0.0 0.0 0.0
5335 3312.948974609375 1479.6756591796875 17.39238117441451 0.0 0.0 0.0 0.0 0.0 0.0 0.0
5343 3317.013671875 1479.6756591796875 17.173294111672647 0.0 0.0 0.0 0.0 0.0 0.0 0.0
5487 3321.07861328125 1479.6756591796875 16.96243329117553 0.0 0.0 0.0 0.0 0.0 0.0 0.0
5495 3325.1435546875 1479.6756591796875 16.759485215669343 0.0 0.0 0.0 0.0 0.0 0.0 0.0
5503 3329.208251953125 1479.6756591796875 16.564133535290566 0.0 0.0 0.0 0.0 0.0 0.0 0.0
5511 3333.273193359375 1479.6756591796875 16.376112794437063 0.0 0.0 0.0 0.0 0.0 0.0 0.0
5519 3341.40283203125 1475.61083984375 13.944313701849126 0.0 0.0 0.0 0.0 0.0 0.0 0.0
5527 3349.53271484375 1475.61083984375 13.772214481047683 0.0 0.0 0.0 0.0 0.0 0.0 0.0
5535 3361.727294921875 1475.61083984375 13.541227086619415 0.0 0.0 0.0 0.0 0.0 0.0 0.0
5543 3373.921875 1475.61083984375 13.334559083921974 0.0 0.0 0.0 0.0 0.0 0.0 0.0
5551 3386.1162109375 1475.61083984375 13.149616895285988 0.0 0.0 0.0 0.0 0.0 0.0 0.0
5559 3398.310791015625 1475.61083984375 12.984139222623824 0.0 0.0 0.0 0.0 0.0 0.0 0.0
5567 3410.50537109375 1475.61083984375 12.836077891191678 0.0 0.0 0.0 0.0 0.0 0.0 0.0
5575 3418.63525390625 1475.61083984375 12.744546516781227 0.0 0.0 0.0 0.0 0.0 0.0 0.0
5583 3430.829833984375 1475.61083984375 12.621708069577352 0.0 0.0 0.0 0.0 0.0 0.0 0.0
5592 3438.95947265625 1475.61083984375 12.545808511319066 0.0 0.0 0.0 0.0 0.0 0.0 0.0
5599 3447.089111328125 1471.5460205078125 10.391417333796483 0.0 0.0 0.0 0.0 0.0 0.0 0.0
5609 3455.218994140625 1471.5460205078125 10.477751338220159 0.0 0.0 0.0 0.0 0.0 0.0 0.0
5615 3463.3486328125 1471.5460205078125 10.557809588180163 0.0 0.0 0.0 0.0 0.0 0.0 0.0
5625 3471.478271484375 1471.5460205078125 10.632046110299711 0.0 0.0 0.0 0.0 0.0 0.0 0.0
5641 3475.543212890625 1471.5460205078125 10.66772702879203 0.0 0.0 0.0 0.0 0.0 0.0 0.0
5647 3479.608154296875 1471.5460205078125 10.702086890265619 0.0 0.0 0.0 0.0 0.0 0.0 0.0
5656 3479.608154296875 1467.4810791015625 8.457351024689444 0.0 0.0 0.0 0.0 0.0 0.0 0.0
5663 3483.6728515625 1467.4810791015625 8.575068610629572 0.0 0.0 0.0 0.0 0.0 0.0 0.0
5672 3487.73779296875 1467.4810791015625 8.6883793211951 0.0 0.0 0.0 0.0 0.0 0.0 0.0
5687 3495.867431640625 1463.416259765625 6.8211448742297875 0.0 0.0 0.0 0.0 0.0 0.0 0.0
5703 3495.867431640625 1459.3514404296875 4.589827375930128 0.0 0.0 0.0 0.0 0.0 0.0 0.0
5719 3499.932373046875 1459.3514404296875 4.853048170213242 0.0 0.0 0.0 0.0 0.0 0.0 0.0
5783 3503.9970703125 1459.3514404296875 5.1063625837758195 0.0 0.0 0.0 0.0 0.0 0.0 0.0
5791 3508.06201171875 1459.3514404296875 5.3501678091977425 0.0 0.0 0.0 0.0 0.0 0.0 0.0
5871 3508.06201171875 1455.2864990234375 3.126506492041699 0.0 0.0 0.0 0.0 0.0 0.0 0.0
5879 3512.126953125 1455.2864990234375 3.444450463818143 0.0 0.0 0.0 0.0 0.0 0.0 0.0
5927 3516.191650390625 1455.2864990234375 3.7505210506516136 0.0 0.0 0.0 0.0 0.0 0.0 0.0
5963 3552.775390625 1451.2216796875 4.1403549885041 0.0 0.0 0.0 0.0 0.0 0.0 0.0
5968 3564.969970703125 1451.2216796875 4.921909337418711 0.0 0.0 0.0 0.0 0.0 0.0 0.0
5975 3573.099853515625 1447.1568603515625 3.341420767204454 0.0 0.0 0.0 0.0 0.0 0.0 0.0
5991 3577.16455078125 1447.1568603515625 3.6513381645592204 0.0 0.0 0.0 0.0 0.0 0.0 0.0