0 2350.0 1500.0 0 1650.0 1500.0 0 0.0 0.0 0.0 0.0
15 2352.55224609375 1500.0 0.6594886532791548 1650.0 1500.0 0 0.0 0.0 0.0 0.0
23 2355.104736328125 1500.0 1.318692806765199 1650.0 1500.0 0 0.0 0.0 0.0 0.0
31 2360.20947265625 1500.0 2.6352815110819563 1650.0 1500.0 0 0.0 0.0 0.0 0.0
39 2362.761962890625 1500.0 3.292988411860563 1650.0 1500.0 0 0.0 0.0 0.0 0.0
47 2365.314208984375 1500.0 3.9499756844667786 1650.0 1500.0 0 0.0 0.0 0.0 0.0
55 2367.86669921875 1500.0 4.606246264284451 1650.0 1500.0 0 0.0 0.0 0.0 0.0
63 2372.971435546875 1500.0 5.915268923500292 1650.0 1500.0 0 0.0 0.0 0.0 0.0
71 2378.076416015625 1500.0 7.22009122798309 1650.0 1500.0 0 0.0 0.0 0.0 0.0
79 2388.285888671875 1505.104736328125 10.072487056132005 1650.0 1500.0 0 0.0 0.0 0.0 0.0
87 2398.495361328125 1505.104736328125 12.633238614375728 1650.0 1500.0 0 0.0 0.0 0.0 0.0
95 2403.600341796875 1507.6571044921875 14.082234587385514 1650.0 1500.0 0 0.0 0.0 0.0 0.0
111 2408.705078125 1507.6571044921875 15.345580476695432 1650.0 1500.0 0 0.0 0.0 0.0 0.0
119 2411.25732421875 1507.6571044921875 15.975059644330798 1650.0 1500.0 0 0.0 0.0 0.0 0.0
127 2413.809814453125 1512.761962890625 17.0204904876839 1650.0 1500.0 0 0.0 0.0 0.0 0.0
135 2418.91455078125 1512.761962890625 18.262698172480228 1650.0 1500.0 0 0.0 0.0 0.0 0.0
159 2421.467041015625 1512.761962890625 18.881368856157437 1650.0 1500.0 0 0.0 0.0 0.0 0.0
167 2424.019287109375 1512.761962890625 19.49745558776661 1650.0 1500.0 0 0.0 0.0 0.0 0.0
175 2424.019287109375 1515.3143310546875 19.736641323703296 1650.0 1500.0 0 0.0 0.0 0.0 0.0
207 2426.57177734375 1515.3143310546875 20.349198846854293 1650.0 1500.0 0 0.0 0.0 0.0 0.0
223 2431.676513671875 1515.3143310546875 21.563656031133746 1650.0 1500.0 0 0.0 0.0 0.0 0.0
231 2434.22900390625 1515.3143310546875 22.168105863114008 1650.0 1500.0 0 0.0 0.0 0.0 0.0
239 2436.781494140625 1515.3143310546875 22.769743690270914 1650.0 1500.0 0 0.0 0.0 0.0 0.0
255 2449.54345703125 1512.761962890625 25.41404953830095 1650.0 1500.0 0 0.0 0.0 0.0 0.0
263 2462.305419921875 1505.104736328125 27.34882861821533 1650.0 1500.0 0 0.0 0.0 0.0 0.0
271 2472.514892578125 1505.104736328125 29.609408301823414 1650.0 1500.0 0 0.0 0.0 0.0 0.0
279 2490.381591796875 1505.104736328125 33.400631894825814 1650.0 1500.0 0 0.0 0.0 0.0 0.0
287 2510.80078125 1500.0 36.73218584000987 1650.0 1500.0 0 0.0 0.0 0.0 0.0
295 2523.562744140625 1494.8951416015625 38.41577150782036 1650.0 1500.0 0 0.0 0.0 0.0 0.0
303 2543.98193359375 1487.238037109375 40.973050198496935 1650.0 1500.0 0 0.0 0.0 0.0 0.0
311 2566.95361328125 1477.0284423828125 43.32448156668368 1650.0 1500.0 0 0.0 0.0 0.0 0.0
319 2587.37255859375 1464.2664794921875 44.606004703211504 1650.0 1500.0 0 0.0 0.0 0.0 0.0
327 2600.134765625 1451.5045166015625 44.52182210137645 1650.0 1500.0 0 0.0 0.0 0.0 0.0
335 2600.134765625 1446.399658203125 43.58683545888475 1650.0 1500.0 0 0.0 0.0 0.0 0.0
343 2600.134765625 1443.8472900390625 43.12312199669419 1650.0 1500.0 0 0.0 0.0 0.0 0.0
351 2600.134765625 1441.294921875 42.663241463621894 1650.0 1500.0 0 0.0 0.0 0.0 0.0
360 2595.02978515625 1441.294921875 41.70114435933139 1650.0 1500.0 0 0.0 0.0 0.0 0.0
367 2587.37255859375 1428.532958984375 38.07007021034587 1650.0 1500.0 0 0.0 0.0 0.0 0.0
375 2572.058349609375 1410.6661376953125 32.20168741548507 1650.0 1500.0 0 0.0 0.0 0.0 0.0
383 2549.086669921875 1392.79931640625 24.808636327859645 1650.0 1500.0 0 0.0 0.0 0.0 0.0
391 2526.115234375 1372.3802490234375 17.455027220121565 1650.0 1500.0 0 0.0 0.0 0.0 0.0
399 2503.1435546875 1354.513427734375 10.658699558783567 1650.0 1500.0 0 0.0 0.0 0.0 0.0
407 2492.93408203125 1344.3038330078125 7.631425920604485 1650.0 1500.0 0 0.0 0.0 0.0 0.0
415 2475.0673828125 1331.5418701171875 2.772085620324205 1650.0 1500.0 0 0.0 0.0 0.0 0.0
423 2454.648193359375 1311.122802734375 357.57028126529707 1650.0 1500.0 0 0.0 0.0 0.0 0.0
431 2436.781494140625 1298.3607177734375 353.26587297396935 1650.0 1500.0 0 0.0 0.0 0.0 0.0
439 2418.91455078125 1288.1512451171875 349.1328907642454 1650.0 1500.0 0 0.0 0.0 0.0 0.0
447 2416.3623046875 1280.4940185546875 348.814988042696 1650.0 1500.0 0 0.0 0.0 0.0 0.0
455 2413.809814453125 1280.4940185546875 348.1656522287903 1650.0 1500.0 0 0.0 0.0 0.0 0.0
471 2413.809814453125 1277.941650390625 348.28256891571635 1650.0 1500.0 0 0.0 0.0 0.0 0.0
479 2413.809814453125 1272.8367919921875 348.51128188614916 1650.0 1500.0 0 0.0 0.0 0.0 0.0
487 2413.809814453125 1270.284423828125 348.62436697266156 1650.0 1500.0 0 0.0 0.0 0.0 0.0
495 2416.3623046875 1265.1796875 349.48287215669257 1650.0 1500.0 0 0.0 0.0 0.0 0.0
503 2421.467041015625 1262.627197265625 350.87872542226165 1650.0 1500.0 0 0.0 0.0 0.0 0.0
511 2429.124267578125 1254.9700927734375 353.0383006861823 1650.0 1500.0 0 0.0 0.0 0.0 0.0
519 2439.333740234375 1242.2080688476562 355.8295387782012 1650.0 1500.0 0 0.0 0.0 0.0 0.0
527 2449.54345703125 1234.5509033203125 358.47103798634816 1650.0 1500.0 0 0.0 0.0 0.0 0.0
535 2457.200439453125 1224.34130859375 0.3638162316555622 1650.0 1500.0 0 0.0 0.0 0.0 0.0
544 2462.305419921875 1224.34130859375 1.6818699737228684 1650.0 1500.0 0 0.0 0.0 0.0 0.0
551 2462.305419921875 1221.7889404296875 1.6455515229494324 1650.0 1500.0 0 0.0 0.0 0.0 0.0
560 2464.857666015625 1219.2365112304688 2.2606528783856845 1650.0 1500.0 0 0.0 0.0 0.0 0.0
575 2464.857666015625 1216.6841430664062 2.217734529929757 1650.0 1500.0 0 0.0 0.0 0.0 0.0
583 2449.54345703125 1211.579345703125 358.2599716278317 1650.0 1500.0 0 0.0 0.0 0.0 0.0
591 2426.57177734375 1196.2649536132812 352.7381570756632 1650.0 1500.0 0 0.0 0.0 0.0 0.0
599 2398.495361328125 1180.9506225585938 346.4511509987642 1650.0 1500.0 0 0.0 0.0 0.0 0.0
607 2365.314208984375 1163.0838623046875 339.79021203166246 1650.0 1500.0 0 0.0 0.0 0.0 0.0
615 2352.55224609375 1157.9790649414062 337.19404410632353 1650.0 1500.0 0 0.0 0.0 0.0 0.0
623 2332.13330078125 1150.3218383789062 333.25869089019415 1650.0 1500.0 0 0.0 0.0 0.0 0.0
631 2329.580810546875 1147.7694702148438 332.9477460135187 1650.0 1500.0 0 0.0 0.0 0.0 0.0
663 2329.580810546875 1145.2171020507812 333.2293906477067 1650.0 1500.0 0 0.0 0.0 0.0 0.0
671 2329.580810546875 1142.6646728515625 333.50812106041224 1650.0 1500.0 0 0.0 0.0 0.0 0.0
679 2332.13330078125 1140.1123046875 334.38019962808187 1650.0 1500.0 0 0.0 0.0 0.0 0.0
690 2337.238037109375 1137.5598754882812 335.8526825018698 1650.0 1500.0 0 0.0 0.0 0.0 0.0
695 2350.0 1129.9027099609375 339.61832166631 1650.0 1500.0 0 0.0 0.0 0.0 0.0
703 2370.419189453125 1124.7979125976562 345.0686080083307 1650.0 1500.0 0 0.0 0.0 0.0 0.0
711 2388.285888671875 1122.2455444335938 349.74029619248006 1650.0 1500.0 0 0.0 0.0 0.0 0.0
719 2390.83837890625 1119.693115234375 350.4857689407539 1650.0 1500.0 0 0.0 0.0 0.0 0.0
727 2393.390625 1117.1407470703125 351.22389238169575 1650.0 1500.0 0 0.0 0.0 0.0 0.0
759 2393.390625 1114.5883178710938 351.3064277265393 1650.0 1500.0 0 0.0 0.0 0.0 0.0
767 2388.285888671875 1114.5883178710938 350.00077098923674 1650.0 1500.0 0 0.0 0.0 0.0 0.0
775 2370.419189453125 1114.5883178710938 345.49448326224314 1650.0 1500.0 0 0.0 0.0 0.0 0.0
783 2339.790283203125 1104.3787841796875 338.9032013714054 1650.0 1500.0 0 0.0 0.0 0.0 0.0
791 2314.266357421875 1101.8263549804688 333.2078747321993 1650.0 1500.0 0 0.0 0.0 0.0 0.0
807 2314.266357421875 1099.2739868164062 333.486832638855 1650.0 1500.0 0 0.0 0.0 0.0 0.0
839 2314.266357421875 1096.7215576171875 333.7628887407835 1650.0 1500.0 0 0.0 0.0 0.0 0.0
855 2319.371337890625 1096.7215576171875 334.97341212633506 1650.0 1500.0 0 0.0 0.0 0.0 0.0
863 2337.238037109375 1091.6167602539062 339.77824243535673 1650.0 1500.0 0 0.0 0.0 0.0 0.0
871 2357.6572265625 1091.6167602539062 344.9176063096692 1650.0 1500.0 0 0.0 0.0 0.0 0.0
879 2380.628662109375 1091.6167602539062 350.8146599171102 1650.0 1500.0 0 0.0 0.0 0.0 0.0
887 2406.152587890625 1091.6167602539062 357.4280562896085 1650.0 1500.0 0 0.0 0.0 0.0 0.0
895 2421.467041015625 1091.6167602539062 1.3861110527741687 1650.0 1500.0 0 0.0 0.0 0.0 0.0
903 2431.676513671875 1091.6167602539062 4.014673557762279 1650.0 1500.0 0 0.0 0.0 0.0 0.0
911 2434.22900390625 1091.6167602539062 4.670852600520419 1650.0 1500.0 0 0.0 0.0 0.0 0.0
943 2436.781494140625 1089.0643920898438 5.248584724193961 1650.0 1500.0 0 0.0 0.0 0.0 0.0
951 2434.22900390625 1089.0643920898438 4.592275835734711 1650.0 1500.0 0 0.0 0.0 0.0 0.0
959 2418.91455078125 1089.0643920898438 0.6319816408050087 1650.0 1500.0 0 0.0 0.0 0.0 0.0
967 2403.600341796875 1086.511962890625 356.6916448926979 1650.0 1500.0 0 0.0 0.0 0.0 0.0
975 2360.20947265625 1083.9595947265625 345.8244197245542 1650.0 1500.0 0 0.0 0.0 0.0 0.0
983 2260.666015625 1083.9595947265625 324.071767014876 1650.0 1500.0 0 0.0 0.0 0.0 0.0
991 2184.09423828125 1083.9595947265625 310.6576111141651 1650.0 1500.0 0 0.0 0.0 0.0 0.0
999 2130.493896484375 1076.3024291992188 304.16821815639236 1650.0 1500.0 0 0.0 0.0 0.0 0.0
1007 2125.38916015625 1073.75 303.94025570965283 1650.0 1500.0 0 0.0 0.0 0.0 0.0
1023 2125.38916015625 1071.1976318359375 304.4742628711014 1650.0 1500.0 0 0.0 0.0 0.0 0.0
1031 2127.941650390625 1071.1976318359375 304.865725457353 1650.0 1500.0 0 0.0 0.0 0.0 0.0
1039 2135.598876953125 1071.1976318359375 306.07349119575196 1650.0 1500.0 0 0.0 0.0 0.0 0.0
1047 2163.675048828125 1066.0928344726562 312.04325675104764 1650.0 1500.0 0 0.0 0.0 0.0 0.0
1055 2181.5419921875 1063.5404663085938 315.89384625341523 1650.0 1500.0 0 0.0 0.0 0.0 0.0
1063 2191.75146484375 1063.5404663085938 317.8989946694442 1650.0 1500.0 0 0.0 0.0 0.0 0.0
1071 2214.72314453125 1063.5404663085938 322.7245322110834 1650.0 1500.0 0 0.0 0.0 0.0 0.0
1079 2240.2470703125 1063.5404663085938 328.4473584149429 1650.0 1500.0 0 0.0 0.0 0.0 0.0
1087 2304.056884765625 1063.5404663085938 344.6872851852009 1650.0 1500.0 0 0.0 0.0 0.0 0.0
1095 2339.790283203125 1063.5404663085938 353.9380602034549 1650.0 1500.0 0 0.0 0.0 0.0 0.0
1103 2344.895263671875 1063.5404663085938 355.25606866852695 1650.0 1500.0 0 0.0 0.0 0.0 0.0
1111 2350.0 1063.5404663085938 356.5754094145954 1650.0 1500.0 0 0.0 0.0 0.0 0.0
1135 2344.895263671875 1063.5404663085938 355.2574511288545 1650.0 1500.0 0 0.0 0.0 0.0 0.0
1143 2319.371337890625 1063.5404663085938 348.7388617118323 1650.0 1500.0 0 0.0 0.0 0.0 0.0
1153 2309.16162109375 1063.5404663085938 346.1588795568671 1650.0 1500.0 0 0.0 0.0 0.0 0.0
1160 2283.6376953125 1063.5404663085938 339.8911183731754 1650.0 1500.0 0 0.0 0.0 0.0 0.0
1167 2278.532958984375 1063.5404663085938 338.64942627060776 1650.0 1500.0 0 0.0 0.0 0.0 0.0
1207 2288.742431640625 1063.5404663085938 341.17050577291934 1650.0 1500.0 0 0.0 0.0 0.0 0.0
1215 2298.9521484375 1063.5404663085938 343.7241557950229 1650.0 1500.0 0 0.0 0.0 0.0 0.0
1223 2321.923583984375 1063.5404663085938 349.603007549929 1650.0 1500.0 0 0.0 0.0 0.0 0.0
1231 2355.104736328125 1066.0928344726562 358.211900980401 1650.0 1500.0 0 0.0 0.0 0.0 0.0
1239 2390.83837890625 1068.6452026367188 7.481751481356298 1650.0 1500.0 0 0.0 0.0 0.0 0.0
1247 2418.91455078125 1073.75 14.83971935911977 1650.0 1500.0 0 0.0 0.0 0.0 0.0
1255 2436.781494140625 1078.8547973632812 19.630320902812997 1650.0 1500.0 0 0.0 0.0 0.0 0.0
1263 2441.88623046875 1089.0643920898438 21.89083903411867 1650.0 1500.0 0 0.0 0.0 0.0 0.0
1271 2441.88623046875 1091.6167602539062 22.155811544639846 1650.0 1500.0 0 0.0 0.0 0.0 0.0
1279 2441.88623046875 1094.169189453125 22.42354297067753 1650.0 1500.0 0 0.0 0.0 0.0 0.0
1287 2439.333740234375 1099.2739868164062 22.35403518469016 1650.0 1500.0 0 0.0 0.0 0.0 0.0
1295 2436.781494140625 1101.8263549804688 22.01233916907512 1650.0 1500.0 0 0.0 0.0 0.0 0.0
1303 2429.124267578125 1106.93115234375 20.677405979592223 1650.0 1500.0 0 0.0 0.0 0.0 0.0
1311 2424.019287109375 1109.4835205078125 19.68530704751933 1650.0 1500.0 0 0.0 0.0 0.0 0.0
1319 2421.467041015625 1109.4835205078125 19.067455016292968 1650.0 1500.0 0 0.0 0.0 0.0 0.0
1351 2424.019287109375 1114.5883178710938 20.168398878508654 1650.0 1500.0 0 0.0 0.0 0.0 0.0
1359 2444.4384765625 1122.2455444335938 25.777389030660046 1650.0 1500.0 0 0.0 0.0 0.0 0.0
1367 2515.905517578125 1160.5314331054688 45.97806881730653 1650.0 1500.0 0 0.0 0.0 0.0 0.0
1375 2623.106201171875 1198.8173828125 66.10037948258687 1650.0 1500.0 0 0.0 0.0 0.0 0.0
1383 2651.1826171875 1209.0269775390625 70.82410757078401 1650.0 1500.0 0 0.0 0.0 0.0 0.0
1391 2704.782958984375 1231.9984741210938 78.995946979821 1650.0 1500.0 0 0.0 0.0 0.0 0.0
1399 2768.5927734375 1270.284423828125 88.84201891872026 1650.0 1500.0 0 0.0 0.0 0.0 0.0
1407 2804.326171875 1293.2559814453125 93.89188333979885 1650.0 1500.0 0 0.0 0.0 0.0 0.0
1415 2822.193115234375 1306.0179443359375 96.5152640112876 1650.0 1500.0 0 0.0 0.0 0.0 0.0
1423 2829.85009765625 1316.2275390625 98.76039403453458 1650.0 1500.0 0 0.0 0.0 0.0 0.0
1431 2829.85009765625 1323.884765625 100.69594941750992 1650.0 1500.0 0 0.0 0.0 0.0 0.0
1439 2829.85009765625 1328.989501953125 101.97958615861208 1650.0 1500.0 0 0.0 0.0 0.0 0.0
1447 2814.535888671875 1341.75146484375 106.33870074641696 1650.0 1500.0 0 0.0 0.0 0.0 0.0
1455 2799.221435546875 1349.40869140625 109.61465348502819 1650.0 1500.0 0 0.0 0.0 0.0 0.0
1463 2781.354736328125 1354.513427734375 112.71569319429705 1650.0 1500.0 0 0.0 0.0 0.0 0.0
1471 2776.25 1354.513427734375 113.26898539437893 1650.0 1500.0 0 0.0 0.0 0.0 0.0
1479 2773.697509765625 1354.513427734375 113.54856653366005 1650.0 1500.0 0 0.0 0.0 0.0 0.0
1511 2771.14501953125 1354.513427734375 113.83109598964484 1650.0 1500.0 0 0.0 0.0 0.0 0.0
1519 2771.14501953125 1359.6182861328125 115.01221210596262 1650.0 1500.0 0 0.0 0.0 0.0 0.0
1527 2771.14501953125 1362.170654296875 115.59966654927399 1650.0 1500.0 0 0.0 0.0 0.0 0.0
1535 2773.697509765625 1367.275390625 116.45598753669971 1650.0 1500.0 0 0.0 0.0 0.0 0.0
1544 2781.354736328125 1380.037353515625 118.33323816290199 1650.0 1500.0 0 0.0 0.0 0.0 0.0
1551 2791.564208984375 1387.694580078125 118.71499672523035 1650.0 1500.0 0 0.0 0.0 0.0 0.0
1560 2804.326171875 1397.9041748046875 119.29256420775395 1650.0 1500.0 0 0.0 0.0 0.0 0.0
1567 2814.535888671875 1415.7708740234375 121.7115474756898 1650.0 1500.0 0 0.0 0.0 0.0 0.0
1577 2822.193115234375 1423.4281005859375 122.25690379457093 1650.0 1500.0 0 0.0 0.0 0.0 0.0
1583 2827.2978515625 1433.6376953125 123.65489233361069 1650.0 1500.0 0 0.0 0.0 0.0 0.0
1591 2829.85009765625 1436.1900634765625 123.81177669863263 1650.0 1500.0 0 0.0 0.0 0.0 0.0
1623 2829.85009765625 1438.742431640625 124.34664113391216 1650.0 1500.0 0 0.0 0.0 0.0 0.0
1871 2829.85009765625 1441.294921875 124.87794369582087 1650.0 1500.0 0 0.0 0.0 0.0 0.0
1887 2827.2978515625 1438.742431640625 124.7358385553854 1650.0 1500.0 0 0.0 0.0 0.0 0.0
1895 2824.745361328125 1425.98046875 122.36324276957066 1650.0 1500.0 0 0.0 0.0 0.0 0.0
1903 2824.745361328125 1400.45654296875 116.52793778699309 1650.0 1500.0 0 0.0 0.0 0.0 0.0
1911 2824.745361328125 1387.694580078125 113.53699273960586 1650.0 1500.0 0 0.0 0.0 0.0 0.0
1919 2824.745361328125 1372.3802490234375 109.84645932254853 1650.0 1500.0 0 0.0 0.0 0.0 0.0
1927 2824.745361328125 1351.9610595703125 104.77172143201841 1650.0 1500.0 0 0.0 0.0 0.0 0.0
1935 2824.745361328125 1341.75146484375 102.20622400904276 1650.0 1500.0 0 0.0 0.0 0.0 0.0
1943 2824.745361328125 1336.646728515625 100.91708927872692 1650.0 1500.0 0 0.0 0.0 0.0 0.0
1951 2824.745361328125 1323.884765625 97.65757115525076 1650.0 1500.0 0 0.0 0.0 0.0 0.0
1960 2824.745361328125 1321.332275390625 97.00479921454908 1650.0 1500.0 0 0.0 0.0 0.0 0.0
1967 2824.745361328125 1318.7799072265625 96.35101311494601 1650.0 1500.0 0 0.0 0.0 0.0 0.0
1976 2819.640625 1311.122802734375 94.52045202435919 1650.0 1500.0 0 0.0 0.0 0.0 0.0
1983 2819.640625 1306.0179443359375 93.20483623723143 1650.0 1500.0 0 0.0 0.0 0.0 0.0
1991 2817.088134765625 1300.9132080078125 91.9267308774679 1650.0 1500.0 0 0.0 0.0 0.0 0.0
1999 2814.535888671875 1295.808349609375 90.63223000955165 1650.0 1500.0 0 0.0 0.0 0.0 0.0
2007 2811.9833984375 1293.2559814453125 89.98977322617674 1650.0 1500.0 0 0.0 0.0 0.0 0.0
2015 2806.878662109375 1288.1512451171875 88.6739844698545 1650.0 1500.0 0 0.0 0.0 0.0 0.0
2023 2804.326171875 1283.04638671875 87.34090281442599 1650.0 1500.0 0 0.0 0.0 0.0 0.0
2031 2799.221435546875 1280.4940185546875 86.63863833758936 1650.0 1500.0 0 0.0 0.0 0.0 0.0
2039 2794.11669921875 1272.8367919921875 84.57269504962377 1650.0 1500.0 0 0.0 0.0 0.0 0.0
2047 2789.011962890625 1267.7320556640625 83.13520283906476 1650.0 1500.0 0 0.0 0.0 0.0 0.0
2055 2778.80224609375 1257.5224609375 80.13849415941193 1650.0 1500.0 0 0.0 0.0 0.0 0.0
2063 2776.25 1254.9700927734375 79.38238124264731 1650.0 1500.0 0 0.0 0.0 0.0 0.0
2071 2773.697509765625 1249.865234375 77.96391930486199 1650.0 1500.0 0 0.0 0.0 0.0 0.0
2079 2771.14501953125 1249.865234375 77.84196072940868 1650.0 1500.0 0 0.0 0.0 0.0 0.0
2087 2766.040283203125 1247.3128662109375 76.93084802815366 1650.0 1500.0 0 0.0 0.0 0.0 0.0
3839 2766.040283203125 1247.3128662109375 76.93084802815366 1647.4476318359375 1500.0 359.23609514449765 0.0 0.0 0.0 0.0
3863 2766.040283203125 1247.3128662109375 76.93084802815366 1644.895263671875 1500.0 358.4717622498096 0.0 0.0 0.0 0.0
3879 2766.040283203125 1247.3128662109375 76.93084802815366 1642.3427734375 1500.0 357.7071665104881 0.0 0.0 0.0 0.0
3887 2766.040283203125 1247.3128662109375 76.93084802815366 1637.238037109375 1500.0 356.17750481155116 0.0 0.0 0.0 0.0
3903 2766.040283203125 1247.3128662109375 76.93084802815366 1634.6856689453125 1500.0 355.41288083697845 0.0 0.0 0.0 0.0
3911 2766.040283203125 1247.3128662109375 76.93084802815366 1629.580810546875 1500.0 353.8848023761504 0.0 0.0 0.0 0.0
3927 2766.040283203125 1247.3128662109375 76.93084802815366 1627.0284423828125 1502.552490234375 353.0754203614834 0.0 0.0 0.0 0.0
3935 2766.040283203125 1247.3128662109375 76.93084802815366 1624.47607421875 1505.1048583984375 352.2558690876017 0.0 0.0 0.0 0.0
3943 2766.040283203125 1247.3128662109375 76.93084802815366 1619.371337890625 1505.1048583984375 350.73400869988916 0.0 0.0 0.0 0.0
3951 2766.040283203125 1247.3128662109375 76.93084802815366 1616.81884765625 1505.1048583984375 349.9742056367965 0.0 0.0 0.0 0.0
3959 2766.040283203125 1247.3128662109375 76.93084802815366 1614.2664794921875 1505.1048583984375 349.21564736550056 0.0 0.0 0.0 0.0
3967 2766.040283203125 1247.3128662109375 76.93084802815366 1609.1617431640625 1505.1048583984375 347.704047352865 0.0 0.0 0.0 0.0
3976 2766.040283203125 1247.3128662109375 76.93084802815366 1606.6092529296875 1505.1048583984375 346.949879022167 0.0 0.0 0.0 0.0
3983 2766.040283203125 1247.3128662109375 76.93084802815366 1604.056884765625 1505.1048583984375 346.1975133183138 0.0 0.0 0.0 0.0
3991 2766.040283203125 1247.3128662109375 76.93084802815366 1598.9521484375 1505.1048583984375 344.70029550224615 0.0 0.0 0.0 0.0
3999 2766.040283203125 1247.3128662109375 76.93084802815366 1596.3997802734375 1505.1048583984375 343.95382087476787 0.0 0.0 0.0 0.0
4007 2766.040283203125 1247.3128662109375 76.93084802815366 1588.7425537109375 1505.1048583984375 341.73500527931014 0.0 0.0 0.0 0.0
4015 2766.040283203125 1247.3128662109375 76.93084802815366 1581.0853271484375 1505.1048583984375 339.54029201580477 0.0 0.0 0.0 0.0
4023 2766.040283203125 1247.3128662109375 76.93084802815366 1573.42822265625 1505.1048583984375 337.3725132605517 0.0 0.0 0.0 0.0
4031 2766.040283203125 1247.3128662109375 76.93084802815366 1565.77099609375 1505.1048583984375 335.23431241594085 0.0 0.0 0.0 0.0
4039 2766.040283203125 1247.3128662109375 76.93084802815366 1558.11376953125 1505.1048583984375 333.1281939341729 0.0 0.0 0.0 0.0
4047 2766.040283203125 1247.3128662109375 76.93084802815366 1550.4566650390625 1505.1048583984375 331.0564277335667 0.0 0.0 0.0 0.0
4055 2766.040283203125 1247.3128662109375 76.93084802815366 1542.7994384765625 1505.1048583984375 329.02101550127463 0.0 0.0 0.0 0.0
4063 2766.040283203125 1247.3128662109375 76.93084802815366 1537.6947021484375 1505.1048583984375 327.6811357744932 0.0 0.0 0.0 0.0
4071 2766.040283203125 1247.3128662109375 76.93084802815366 1535.1422119140625 1505.1048583984375 327.0155551811018 0.0 0.0 0.0 0.0
4087 2766.040283203125 1247.3128662109375 76.93084802815366 1532.58984375 1505.1048583984375 326.35443289832034 0.0 0.0 0.0 0.0
4095 2766.040283203125 1247.3128662109375 76.93084802815366 1527.485107421875 1505.1048583984375 325.0498374996685 0.0 0.0 0.0 0.0
4111 2766.040283203125 1247.3128662109375 76.93084802815366 1524.9326171875 1505.1048583984375 324.402103397167 0.0 0.0 0.0 0.0
4127 2766.040283203125 1247.3128662109375 76.93084802815366 1522.3802490234375 1505.1048583984375 323.75901376232395 0.0 0.0 0.0 0.0
4135 2766.040283203125 1247.3128662109375 76.93084802815366 1519.827880859375 1505.1048583984375 323.1205648443777 0.0 0.0 0.0 0.0
4207 2766.040283203125 1247.3128662109375 76.93084802815366 1514.72314453125 1505.1048583984375 321.86241543113897 0.0 0.0 0.0 0.0
4223 2766.040283203125 1247.3128662109375 76.93084802815366 1512.170654296875 1510.2095947265625 320.34205928093184 0.0 0.0 0.0 0.0
4231 2766.040283203125 1247.3128662109375 76.93084802815366 1509.6182861328125 1512.761962890625 319.27038556466476 0.0 0.0 0.0 0.0
4239 2766.040283203125 1247.3128662109375 76.93084802815366 1504.5135498046875 1517.8668212890625 317.11714273629934 0.0 0.0 0.0 0.0
4247 2766.040283203125 1247.3128662109375 76.93084802815366 1501.9610595703125 1517.8668212890625 316.531213795014 0.0 0.0 0.0 0.0
4255 2766.040283203125 1247.3128662109375 76.93084802815366 1499.40869140625 1517.8668212890625 315.9503497622378 0.0 0.0 0.0 0.0
4295 2766.040283203125 1247.3128662109375 76.93084802815366 1496.8563232421875 1520.419189453125 314.8706163007221 0.0 0.0 0.0 0.0
4303 2766.040283203125 1247.3128662109375 76.93084802815366 1494.303955078125 1520.419189453125 314.3042459299403 0.0 0.0 0.0 0.0
4359 2766.040283203125 1247.3128662109375 76.93084802815366 1491.7515869140625 1522.9715576171875 313.22317076033164 0.0 0.0 0.0 0.0
4431 2766.040283203125 1247.3128662109375 76.93084802815366 1489.1990966796875 1525.52392578125 312.1416263016273 0.0 0.0 0.0 0.0
4463 2766.040283203125 1247.3128662109375 76.93084802815366 1489.1990966796875 1528.076416015625 311.6015459003729 0.0 0.0 0.0 0.0
4551 2766.040283203125 1247.3128662109375 76.93084802815366 1486.646728515625 1530.6287841796875 310.5201291025044 0.0 0.0 0.0 0.0
4607 2766.040283203125 1247.3128662109375 76.93084802815366 1486.646728515625 1533.18115234375 309.9648591876793 0.0 0.0 0.0 0.0
4623 2766.040283203125 1247.3128662109375 76.93084802815366 1486.646728515625 1535.7335205078125 309.40449614933164 0.0 0.0 0.0 0.0
4631 2766.040283203125 1247.3128662109375 76.93084802815366 1486.646728515625 1538.2860107421875 308.8389724237677 0.0 0.0 0.0 0.0
4639 2766.040283203125 1247.3128662109375 76.93084802815366 1484.0943603515625 1538.2860107421875 308.3291511305189 0.0 0.0 0.0 0.0
5223 2766.040283203125 1247.3128662109375 76.93084802815366 1484.0943603515625 1538.2860107421875 308.3291511305189 0.0 0.0 0.0 0.0
5231 2766.040283203125 1247.3128662109375 76.93084802815366 1484.0943603515625 1538.2860107421875 308.3291511305189 0.0 0.0 0.0 0.0
5239 2766.040283203125 1247.3128662109375 76.93084802815366 1484.0943603515625 1538.2860107421875 308.3291511305189 0.0 0.0 0.0 0.0
5247 2766.040283203125 1247.3128662109375 76.93084802815366 1484.0943603515625 1538.2860107421875 308.3291511305189 0.0 0.0 0.0 0.0
5255 2766.040283203125 1247.3128662109375 76.93084802815366 1484.0943603515625 1538.2860107421875 308.3291511305189 0.0 0.0 0.0 0.0
5263 2766.040283203125 1247.3128662109375 76.93084802815366 1484.0943603515625 1538.2860107421875 308.3291511305189 0.0 0.0 0.0 0.0
5271 2766.040283203125 1247.3128662109375 76.93084802815366 1484.0943603515625 1538.2860107421875 308.3291511305189 0.0 0.0 0.0 0.0
5279 2766.040283203125 1247.3128662109375 76.93084802815366 1609.381233215332 1410.6987285614014 313.68072498072564 0.0 0.0 0.0 0.0
5287 2766.040283203125 1247.3128662109375 76.93084802815366 1627.2480545043945 1387.7271709442139 316.1331065387419 0.0 0.0 0.0 0.0
5295 2766.040283203125 1247.3128662109375 76.93084802815366 1645.1147537231445 1367.3081035614014 318.68311818607856 0.0 0.0 0.0 0.0
5303 2766.040283203125 1247.3128662109375 76.93084802815366 1657.8767166137695 1357.0985088348389 321.6932244100931 0.0 0.0 0.0 0.0
5311 2766.040283203125 1247.3128662109375 76.93084802815366 1665.5339431762695 1349.4412822723389 322.6848533816013 0.0 0.0 0.0 0.0
5319 2766.040283203125 1247.3128662109375 76.93084802815366 1665.5339431762695 1346.8889141082764 321.56003441203796 0.0 0.0 0.0 0.0
5327 2766.040283203125 1247.3128662109375 76.93084802815366 1665.5339431762695 1341.7840557098389 319.42403293081287 0.0 0.0 0.0 0.0
5335 2766.040283203125 1247.3128662109375 76.93084802815366 1670.6386795043945 1334.1269512176514 319.3277626302775 0.0 0.0 0.0 0.0
5343 2766.040283203125 1247.3128662109375 76.93084802815366 1673.1911697387695 1331.5745830535889 319.7911548399026 0.0 0.0 0.0 0.0
5351 2766.040283203125 1247.3128662109375 76.93084802815366 1678.2959060668945 1326.4697246551514 320.64003681340904 0.0 0.0 0.0 0.0
5359 2766.040283203125 1247.3128662109375 76.93084802815366 1683.4006423950195 1323.9173564910889 322.46959064322755 0.0 0.0 0.0 0.0
5367 2766.040283203125 1247.3128662109375 76.93084802815366 1685.9531326293945 1318.8124980926514 321.715999894514 0.0 0.0 0.0 0.0
5375 2766.040283203125 1247.3128662109375 76.93084802815366 1696.162727355957 1311.1553936004639 323.98611898987104 0.0 0.0 0.0 0.0
5383 2766.040283203125 1247.3128662109375 76.93084802815366 1698.7150955200195 1306.0505352020264 323.13048391160385 0.0 0.0 0.0 0.0
5392 2766.040283203125 1247.3128662109375 76.93084802815366 1708.924690246582 1298.3934307098389 325.20573449564733 0.0 0.0 0.0 0.0
5399 2766.040283203125 1247.3128662109375 76.93084802815366 1716.5817947387695 1288.1838359832764 324.71089659566985 0.0 0.0 0.0 0.0
5407 2766.040283203125 1247.3128662109375 76.93084802815366 1726.791389465332 1277.9742412567139 325.51096848546615 0.0 0.0 0.0 0.0
5415 2766.040283203125 1247.3128662109375 76.93084802815366 1737.0009841918945 1270.3170146942139 327.2564973423497 0.0 0.0 0.0 0.0
5423 2766.040283203125 1247.3128662109375 76.93084802815366 1739.553352355957 1265.2122783660889 326.1828664021016 0.0 0.0 0.0 0.0
5431 2766.040283203125 1247.3128662109375 76.93084802815366 1744.6582107543945 1260.1074199676514 326.49200536433 0.0 0.0 0.0 0.0
5439 2766.040283203125 1247.3128662109375 76.93084802815366 1747.210578918457 1255.0026836395264 325.46912838922725 0.0 0.0 0.0 0.0
5447 2766.040283203125 1247.3128662109375 76.93084802815366 1752.315315246582 1247.3454570770264 324.7344703052028 0.0 0.0 0.0 0.0
5463 2766.040283203125 1247.3128662109375 76.93084802815366 1757.4201736450195 1239.6883525848389 324.07728381681426 0.0 0.0 0.0 0.0
5471 2766.040283203125 1247.3128662109375 76.93084802815366 1759.972541809082 1234.5834941864014 323.21546162710024 0.0 0.0 0.0 0.0
5479 2766.040283203125 1247.3128662109375 76.93084802815366 1765.077278137207 1219.2691631317139 319.823152713376 0.0 0.0 0.0 0.0
5487 2766.040283203125 1247.3128662109375 76.93084802815366 1772.734504699707 1206.5072002410889 319.1752580628276 0.0 0.0 0.0 0.0
5495 2766.040283203125 1247.3128662109375 76.93084802815366 1782.9440994262695 1198.8499736785889 321.79312055998366 0.0 0.0 0.0 0.0
5503 2766.040283203125 1247.3128662109375 76.93084802815366 1785.496467590332 1193.7452373504639 321.0849592443249 0.0 0.0 0.0 0.0
5511 2766.040283203125 1247.3128662109375 76.93084802815366 1790.6013259887695 1191.1927471160889 322.88687850100564 0.0 0.0 0.0 0.0
5519 2766.040283203125 1247.3128662109375 76.93084802815366 1793.153694152832 1191.1927471160889 324.3376375119814 0.0 0.0 0.0 0.0
5567 2766.040283203125 1247.3128662109375 76.93084802815366 1795.7060623168945 1188.6403789520264 324.58064041791516 0.0 0.0 0.0 0.0
5583 2766.040283203125 1247.3128662109375 76.93084802815366 1800.810920715332 1188.6403789520264 327.35314323972636 0.0 0.0 0.0 0.0
5599 2766.040283203125 1247.3128662109375 76.93084802815366 1803.3632888793945 1186.0880107879639 327.46269965513426 0.0 0.0 0.0 0.0
5607 2766.040283203125 1247.3128662109375 76.93084802815366 1805.915657043457 1186.0880107879639 328.8156371025794 0.0 0.0 0.0 0.0
5615 2766.040283203125 1247.3128662109375 76.93084802815366 1811.020393371582 1180.9832744598389 328.90129588930944 0.0 0.0 0.0 0.0
5623 2766.040283203125 1247.3128662109375 76.93084802815366 1818.677619934082 1180.9832744598389 332.6885689890918 0.0 0.0 0.0 0.0
5631 2766.040283203125 1247.3128662109375 76.93084802815366 1821.2299880981445 1180.9832744598389 333.91983746557315 0.0 0.0 0.0 0.0
5639 2766.040283203125 1247.3128662109375 76.93084802815366 1823.782356262207 1180.9832744598389 335.1211062678851 0.0 0.0 0.0 0.0
5647 2766.040283203125 1247.3128662109375 76.93084802815366 1828.8872146606445 1180.9832744598389 337.40684618466264 0.0 0.0 0.0 0.0
5655 2766.040283203125 1247.3128662109375 76.93084802815366 1836.5444412231445 1178.4307842254639 339.16760040515385 0.0 0.0 0.0 0.0
5663 2766.040283203125 1247.3128662109375 76.93084802815366 1846.7539138793945 1175.8784160614014 341.7033060707115 0.0 0.0 0.0 0.0
5671 2766.040283203125 1247.3128662109375 76.93084802815366 1869.725471496582 1165.6688213348389 343.93675412098366 0.0 0.0 0.0 0.0
5679 2766.040283203125 1247.3128662109375 76.93084802815366 1892.6970291137695 1155.4592266082764 345.62671124713654 0.0 0.0 0.0 0.0
5687 2766.040283203125 1247.3128662109375 76.93084802815366 1920.7734451293945 1142.6972637176514 346.97601957435154 0.0 0.0 0.0 0.0
5695 2766.040283203125 1247.3128662109375 76.93084802815366 1936.087776184082 1137.5925273895264 348.5900104543613 0.0 0.0 0.0 0.0
5703 2766.040283203125 1247.3128662109375 76.93084802815366 1943.745002746582 1135.0401592254639 349.3216195231546 0.0 0.0 0.0 0.0
5711 2766.040283203125 1247.3128662109375 76.93084802815366 1948.849739074707 1135.0401592254639 350.84987197637906 0.0 0.0 0.0 0.0
5719 2766.040283203125 1247.3128662109375 76.93084802815366 1951.4021072387695 1132.4876689910889 349.93545424167166 0.0 0.0 0.0 0.0
5807 2766.040283203125 1247.3128662109375 76.93084802815366 1956.506965637207 1132.4876689910889 351.4288707925859 0.0 0.0 0.0 0.0
5839 2766.040283203125 1247.3128662109375 76.93084802815366 1959.0593338012695 1129.9353008270264 350.4903709740539 0.0 0.0 0.0 0.0
5847 2766.040283203125 1247.3128662109375 76.93084802815366 1961.611701965332 1127.3829326629639 349.5910251733099 0.0 0.0 0.0 0.0
5855 2766.040283203125 1247.3128662109375 76.93084802815366 1966.7165603637695 1127.3829326629639 351.10404113627476 0.0 0.0 0.0 0.0
5863 2766.040283203125 1247.3128662109375 76.93084802815366 1969.268928527832 1127.3829326629639 351.83834690832646 0.0 0.0 0.0 0.0
6503 2766.040283203125 1247.3128662109375 76.93084802815366 1964.164192199707 1127.3829326629639 350.2756942898555 0.0 0.0 0.0 0.0
6559 2766.040283203125 1247.3128662109375 76.93084802815366 1961.611701965332 1127.3829326629639 349.4704418607483 0.0 0.0 0.0 0.0
6575 2766.040283203125 1247.3128662109375 76.93084802815366 1959.0593338012695 1127.3829326629639 348.64067781500296 0.0 0.0 0.0 0.0
6599 2766.040283203125 1247.3128662109375 76.93084802815366 1953.9545974731445 1127.3829326629639 346.877989338043 0.0 0.0 0.0 0.0
6607 2766.040283203125 1247.3128662109375 76.93084802815366 1946.2973709106445 1127.3829326629639 343.98500601426446 0.0 0.0 0.0 0.0
6615 2766.040283203125 1247.3128662109375 76.93084802815366 1933.5354080200195 1127.3829326629639 338.3928245393042 0.0 0.0 0.0 0.0
6623 2766.040283203125 1247.3128662109375 76.93084802815366 1915.668586730957 1122.2781963348389 325.90079717574827 0.0 0.0 0.0 0.0
6631 2766.040283203125 1247.3128662109375 76.93084802815366 1867.1731033325195 1122.2781963348389 287.37044262462433 0.0 0.0 0.0 0.0
6639 2766.040283203125 1247.3128662109375 76.93084802815366 1805.915657043457 1112.0686016082764 251.4976481902728 0.0 0.0 0.0 0.0
6647 2766.040283203125 1247.3128662109375 76.93084802815366 1762.5249099731445 1109.5162334442139 232.92813829820176 0.0 0.0 0.0 0.0
6655 2766.040283203125 1247.3128662109375 76.93084802815366 1726.791389465332 1101.8590068817139 224.68496126147392 0.0 0.0 0.0 0.0
6663 2766.040283203125 1247.3128662109375 76.93084802815366 1698.7150955200195 1101.8590068817139 216.8905658920636 0.0 0.0 0.0 0.0
6671 2766.040283203125 1247.3128662109375 76.93084802815366 1673.1911697387695 1101.8590068817139 211.48997793218496 0.0 0.0 0.0 0.0
6679 2766.040283203125 1247.3128662109375 76.93084802815366 1665.5339431762695 1101.8590068817139 210.011960874688 0.0 0.0 0.0 0.0
6687 2766.040283203125 1247.3128662109375 76.93084802815366 1650.219612121582 1096.7541484832764 210.57001368413086 0.0 0.0 0.0 0.0
6695 2766.040283203125 1247.3128662109375 76.93084802815366 1645.1147537231445 1096.7541484832764 209.61022923465663 0.0 0.0 0.0 0.0
6703 2766.040283203125 1247.3128662109375 76.93084802815366 1640.0100173950195 1096.7541484832764 208.70780000802353 0.0 0.0 0.0 0.0
6775 2766.040283203125 1247.3128662109375 76.93084802815366 1640.0100173950195 1091.6494121551514 212.2972887576728 0.0 0.0 0.0 0.0
6791 2766.040283203125 1247.3128662109375 76.93084802815366 1637.457649230957 1089.0970439910889 213.47754068370904 0.0 0.0 0.0 0.0
6799 2766.040283203125 1247.3128662109375 76.93084802815366 1637.457649230957 1086.5446758270264 215.24004833685893 0.0 0.0 0.0 0.0
6807 2766.040283203125 1247.3128662109375 76.93084802815366 1634.905158996582 1078.8874492645264 219.57949302965744 0.0 0.0 0.0 0.0
6815 2766.040283203125 1247.3128662109375 76.93084802815366 1632.3527908325195 1071.2302227020264 223.6206044663 0.0 0.0 0.0 0.0
6823 2766.040283203125 1247.3128662109375 76.93084802815366 1624.6955642700195 1066.1254863739014 224.13789851337293 0.0 0.0 0.0 0.0
6831 2766.040283203125 1247.3128662109375 76.93084802815366 1619.5908279418945 1058.4682598114014 226.91972009543775 0.0 0.0 0.0 0.0
6839 2766.040283203125 1247.3128662109375 76.93084802815366 1614.4860916137695 1053.3635234832764 228.00877017885836 0.0 0.0 0.0 0.0
6847 2766.040283203125 1247.3128662109375 76.93084802815366 1611.9336013793945 1050.8110332489014 228.52959317276287 0.0 0.0 0.0 0.0
6863 2766.040283203125 1247.3128662109375 76.93084802815366 1606.8288650512695 1045.7062969207764 229.48424225690434 0.0 0.0 0.0 0.0
6999 2766.040283203125 1247.3128662109375 76.93084802815366 1609.381233215332 1045.7062969207764 230.5831421894082 0.0 0.0 0.0 0.0
7007 2766.040283203125 1247.3128662109375 76.93084802815366 1611.9336013793945 1045.7062969207764 231.71189784314703 0.0 0.0 0.0 0.0
7015 2766.040283203125 1247.3128662109375 76.93084802815366 1614.4860916137695 1045.7062969207764 232.8708758426506 0.0 0.0 0.0 0.0
7023 2766.040283203125 1247.3128662109375 76.93084802815366 1619.5908279418945 1045.7062969207764 235.31344966436217 0.0 0.0 0.0 0.0
7031 2766.040283203125 1247.3128662109375 76.93084802815366 1622.143196105957 1045.7062969207764 236.56545174164972 0.0 0.0 0.0 0.0
7039 2766.040283203125 1247.3128662109375 76.93084802815366 1640.0100173950195 1045.7062969207764 247.02365359831816 0.0 0.0 0.0 0.0
7047 2766.040283203125 1247.3128662109375 76.93084802815366 1675.743537902832 1045.7062969207764 273.8332594846292 0.0 0.0 0.0 0.0
7055 2766.040283203125 1247.3128662109375 76.93084802815366 1708.924690246582 1045.7062969207764 298.3411523637858 0.0 0.0 0.0 0.0
7063 2766.040283203125 1247.3128662109375 76.93084802815366 1742.1057205200195 1045.7062969207764 319.00774778309926 0.0 0.0 0.0 0.0
7071 2766.040283203125 1247.3128662109375 76.93084802815366 1772.734504699707 1045.7062969207764 333.9440964880897 0.0 0.0 0.0 0.0
7079 2766.040283203125 1247.3128662109375 76.93084802815366 1831.439582824707 1048.2586650848389 352.45942742205375 0.0 0.0 0.0 0.0
7087 2766.040283203125 1247.3128662109375 76.93084802815366 1915.668586730957 1048.2586650848389 4.093115067507483 0.0 0.0 0.0 0.0
7095 2766.040283203125 1247.3128662109375 76.93084802815366 1979.4785232543945 1048.2586650848389 8.92790797682457 0.0 0.0 0.0 0.0
7103 2766.040283203125 1247.3128662109375 76.93084802815366 2005.0024490356445 1050.8110332489014 11.799101994428455 0.0 0.0 0.0 0.0
7487 2766.040283203125 1247.3128662109375 76.93084802815366 2015.2119216918945 1055.9158916473389 15.476514266820033 0.0 0.0 0.0 0.0
7495 2766.040283203125 1247.3128662109375 76.93084802815366 2015.2119216918945 1058.4682598114014 17.355298848576822 0.0 0.0 0.0 0.0
7503 2766.040283203125 1247.3128662109375 76.93084802815366 2022.8691482543945 1066.1254863739014 22.228228831088728 0.0 0.0 0.0 0.0
7511 2766.040283203125 1247.3128662109375 76.93084802815366 2025.4216384887695 1066.1254863739014 21.993527334310244 0.0 0.0 0.0 0.0
7519 2766.040283203125 1247.3128662109375 76.93084802815366 2027.9738845825195 1068.6778545379639 23.566396259400264 0.0 0.0 0.0 0.0
7526 2766.040283203125 1247.3128662109375 76.93084802815366 2030.5263748168945 1068.6778545379639 23.28960031051571 0.0 0.0 0.0 0.0
7535 2766.040283203125 1247.3128662109375 76.93084802815366 2030.5263748168945 1071.2302227020264 25.139816830243987 0.0 0.0 0.0 0.0
7543 2766.040283203125 1247.3128662109375 76.93084802815366 2030.5263748168945 1073.7825908660889 26.97832471600111 0.0 0.0 0.0 0.0
7551 2766.040283203125 1247.3128662109375 76.93084802815366 2033.0788650512695 1076.3350811004639 28.366222578880453 0.0 0.0 0.0 0.0
7559 2766.040283203125 1247.3128662109375 76.93084802815366 2043.2883377075195 1086.5446758270264 33.14728100499805 0.0 0.0 0.0 0.0
7567 2766.040283203125 1247.3128662109375 76.93084802815366 2050.9455642700195 1089.0970439910889 33.15780206900304 0.0 0.0 0.0 0.0
7575 2766.040283203125 1247.3128662109375 76.93084802815366 2084.1267166137695 1106.9637432098389 36.40713910983307 0.0 0.0 0.0 0.0
7583 2766.040283203125 1247.3128662109375 76.93084802815366 2109.6506423950195 1127.3829326629639 41.438761862600586 0.0 0.0 0.0 0.0
7592 2766.040283203125 1247.3128662109375 76.93084802815366 2155.5937576293945 1163.1164531707764 46.256063310173914 0.0 0.0 0.0 0.0
7599 2766.040283203125 1247.3128662109375 76.93084802815366 2209.1940994262695 1191.1927471160889 44.59955245246866 0.0 0.0 0.0 0.0
7607 2766.040283203125 1247.3128662109375 76.93084802815366 2260.2419509887695 1229.4787578582764 47.79657500833491 0.0 0.0 0.0 0.0
7615 2766.040283203125 1247.3128662109375 76.93084802815366 2313.8422927856445 1252.4503154754639 43.6101065689559 0.0 0.0 0.0 0.0
7623 2766.040283203125 1247.3128662109375 76.93084802815366 2347.0234451293945 1270.3170146942139 43.45169164861092 0.0 0.0 0.0 0.0
7631 2766.040283203125 1247.3128662109375 76.93084802815366 2390.4140701293945 1285.6314678192139 40.03896074589029 0.0 0.0 0.0 0.0
7639 2766.040283203125 1247.3128662109375 76.93084802815366 2428.6999588012695 1295.8409404754639 36.57213598647003 0.0 0.0 0.0 0.0
7647 2766.040283203125 1247.3128662109375 76.93084802815366 2461.8811111450195 1311.1553936004639 37.53979031889665 0.0 0.0 0.0 0.0
7655 2766.040283203125 1247.3128662109375 76.93084802815366 2472.0908279418945 1316.2601299285889 38.032172631625215 0.0 0.0 0.0 0.0
7663 2766.040283203125 1247.3128662109375 76.93084802815366 2477.1955642700195 1316.2601299285889 36.634798119577354 0.0 0.0 0.0 0.0
7671 2766.040283203125 1247.3128662109375 76.93084802815366 2484.8527908325195 1316.2601299285889 34.715246942500556 0.0 0.0 0.0 0.0
7679 2766.040283203125 1247.3128662109375 76.93084802815366 2487.4050369262695 1316.2601299285889 34.09476721138597 0.0 0.0 0.0 0.0
7687 2766.040283203125 1247.3128662109375 76.93084802815366 2489.9575271606445 1316.2601299285889 33.49288813295841 0.0 0.0 0.0 0.0
7703 2766.040283203125 1247.3128662109375 76.93084802815366 2495.0622634887695 1316.2601299285889 32.35979973292643 0.0 0.0 0.0 0.0
7719 2766.040283203125 1247.3128662109375 76.93084802815366 2497.6147537231445 1316.2601299285889 31.810525122182312 0.0 0.0 0.0 0.0
7727 2766.040283203125 1247.3128662109375 76.93084802815366 2500.1669998168945 1316.2601299285889 31.277979800214908 0.0 0.0 0.0 0.0
7735 2766.040283203125 1247.3128662109375 76.93084802815366 2502.7194900512695 1316.2601299285889 30.761605977494256 0.0 0.0 0.0 0.0
7751 2766.040283203125 1247.3128662109375 76.93084802815366 2507.8242263793945 1316.2601299285889 29.790396767772606 0.0 0.0 0.0 0.0
7767 2766.040283203125 1247.3128662109375 76.93084802815366 2510.3767166137695 1316.2601299285889 29.319743804529523 0.0 0.0 0.0 0.0
7807 2766.040283203125 1247.3128662109375 76.93084802815366 2510.3767166137695 1313.7077617645264 27.48492471240951 0.0 0.0 0.0 0.0
7847 2766.040283203125 1247.3128662109375 76.93084802815366 2507.8242263793945 1311.1553936004639 26.00482807771654 0.0 0.0 0.0 0.0
7855 2766.040283203125 1247.3128662109375 76.93084802815366 2502.7194900512695 1308.6030254364014 24.804641477060855 0.0 0.0 0.0 0.0
7863 2766.040283203125 1247.3128662109375 76.93084802815366 2500.1669998168945 1308.6030254364014 25.141474088162354 0.0 0.0 0.0 0.0
7871 2766.040283203125 1247.3128662109375 76.93084802815366 2495.0622634887695 1303.4981670379639 21.868641110866264 0.0 0.0 0.0 0.0
7879 2766.040283203125 1247.3128662109375 76.93084802815366 2482.3003005981445 1293.2885723114014 14.227029191438277 0.0 0.0 0.0 0.0
7887 2766.040283203125 1247.3128662109375 76.93084802815366 2461.8811111450195 1277.9742412567139 359.1200641032989 0.0 0.0 0.0 0.0
7895 2766.040283203125 1247.3128662109375 76.93084802815366 2436.3571853637695 1257.5550518035889 334.7811554181388 0.0 0.0 0.0 0.0
7903 2766.040283203125 1247.3128662109375 76.93084802815366 2415.9379959106445 1242.2407207489014 315.730469301303 0.0 0.0 0.0 0.0
7911 2766.040283203125 1247.3128662109375 76.93084802815366 2403.1760330200195 1229.4787578582764 303.70428559398914 0.0 0.0 0.0 0.0
7918 2766.040283203125 1247.3128662109375 76.93084802815366 2395.5188064575195 1219.2691631317139 296.62616390393566 0.0 0.0 0.0 0.0
7927 2766.040283203125 1247.3128662109375 76.93084802815366 2385.3093338012695 1209.0595684051514 288.5996626562977 0.0 0.0 0.0 0.0
7935 2766.040283203125 1247.3128662109375 76.93084802815366 2354.6804275512695 1191.1927471160889 269.8655656208745 0.0 0.0 0.0 0.0
7942 2766.040283203125 1247.3128662109375 76.93084802815366 2334.2614822387695 1180.9832744598389 259.44175399079785 0.0 0.0 0.0 0.0
7951 2766.040283203125 1247.3128662109375 76.93084802815366 2316.3945388793945 1165.6688213348389 253.93090900740918 0.0 0.0 0.0 0.0
7959 2766.040283203125 1247.3128662109375 76.93084802815366 2308.7375564575195 1160.5640850067139 251.3039565287895 0.0 0.0 0.0 0.0
7967 2766.040283203125 1247.3128662109375 76.93084802815366 2298.5278396606445 1152.9068584442139 248.5731030145625 0.0 0.0 0.0 0.0
7975 2766.040283203125 1247.3128662109375 76.93084802815366 2290.8706130981445 1150.3544902801514 245.40740398831844 0.0 0.0 0.0 0.0
7983 2766.040283203125 1247.3128662109375 76.93084802815366 2288.3183670043945 1150.3544902801514 243.98483764175256 0.0 0.0 0.0 0.0
7992 2766.040283203125 1247.3128662109375 76.93084802815366 2283.2133865356445 1147.8021221160889 242.47207053772996 0.0 0.0 0.0 0.0
7999 2766.040283203125 1247.3128662109375 76.93084802815366 2280.6611404418945 1145.2497539520264 242.35483702884449 0.0 0.0 0.0 0.0
8007 2766.040283203125 1247.3128662109375 76.93084802815366 2278.1086502075195 1145.2497539520264 240.99806440127253 0.0 0.0 0.0 0.0
8023 2766.040283203125 1247.3128662109375 76.93084802815366 2273.0039138793945 1145.2497539520264 238.40465683688552 0.0 0.0 0.0 0.0
8039 2766.040283203125 1247.3128662109375 76.93084802815366 2270.4514236450195 1145.2497539520264 237.13863551788785 0.0 0.0 0.0 0.0
8047 2766.040283203125 1247.3128662109375 76.93084802815366 2267.8991775512695 1145.2497539520264 235.90308504529975 0.0 0.0 0.0 0.0
8055 2766.040283203125 1247.3128662109375 76.93084802815366 2262.7944412231445 1145.2497539520264 233.54981699482238 0.0 0.0 0.0 0.0
8063 2766.040283203125 1247.3128662109375 76.93084802815366 2252.5847244262695 1145.2497539520264 229.2895368091509 0.0 0.0 0.0 0.0
8071 2766.040283203125 1247.3128662109375 76.93084802815366 2239.8227615356445 1145.2497539520264 224.61356782945944 0.0 0.0 0.0 0.0
8079 2766.040283203125 1247.3128662109375 76.93084802815366 2227.0607986450195 1145.2497539520264 220.5318680020144 0.0 0.0 0.0 0.0
8086 2766.040283203125 1247.3128662109375 76.93084802815366 2214.2988357543945 1145.2497539520264 216.9835229362305 0.0 0.0 0.0 0.0
8095 2766.040283203125 1247.3128662109375 76.93084802815366 2188.7749099731445 1145.2497539520264 211.56064907244564 0.0 0.0 0.0 0.0
8103 2766.040283203125 1247.3128662109375 76.93084802815366 2181.1176834106445 1145.2497539520264 210.07656859975538 0.0 0.0 0.0 0.0
8111 2766.040283203125 1247.3128662109375 76.93084802815366 2163.2509841918945 1145.2497539520264 207.24447278416562 0.0 0.0 0.0 0.0
8119 2766.040283203125 1247.3128662109375 76.93084802815366 2153.0412673950195 1145.2497539520264 205.8108549033941 0.0 0.0 0.0 0.0
8127 2766.040283203125 1247.3128662109375 76.93084802815366 2147.9365310668945 1145.2497539520264 205.13763968447205 0.0 0.0 0.0 0.0
8231 2766.040283203125 1247.3128662109375 76.93084802815366 2145.3842849731445 1145.2497539520264 204.81153936900404 0.0 0.0 0.0 0.0
8239 2766.040283203125 1247.3128662109375 76.93084802815366 2142.8317947387695 1145.2497539520264 204.49564842555145 0.0 0.0 0.0 0.0
8247 2766.040283203125 1247.3128662109375 76.93084802815366 2137.7270584106445 1145.2497539520264 203.9023036214275 0.0 0.0 0.0 0.0
8255 2766.040283203125 1247.3128662109375 76.93084802815366 2114.7553787231445 1145.2497539520264 201.83600058829222 0.0 0.0 0.0 0.0
8263 2766.040283203125 1247.3128662109375 76.93084802815366 2099.4411697387695 1142.6972637176514 202.24377419506465 0.0 0.0 0.0 0.0
8463 2766.040283203125 1247.3128662109375 76.93084802815366 2091.7839431762695 1140.1448955535889 203.2747040919922 0.0 0.0 0.0 0.0
8471 2766.040283203125 1247.3128662109375 76.93084802815366 2086.6792068481445 1140.1448955535889 202.75579969591803 0.0 0.0 0.0 0.0
8479 2766.040283203125 1247.3128662109375 76.93084802815366 2076.4694900512695 1140.1448955535889 201.83746234113113 0.0 0.0 0.0 0.0
8487 2766.040283203125 1247.3128662109375 76.93084802815366 2068.8122634887695 1140.1448955535889 201.21001305632257 0.0 0.0 0.0 0.0
8495 2766.040283203125 1247.3128662109375 76.93084802815366 2056.0503005981445 1137.5925273895264 201.91530822285438 0.0 0.0 0.0 0.0
8503 2766.040283203125 1247.3128662109375 76.93084802815366 2043.2883377075195 1137.5925273895264 200.91738375999097 0.0 0.0 0.0 0.0
8511 2766.040283203125 1247.3128662109375 76.93084802815366 2017.7644119262695 1135.0401592254639 200.8224797014404 0.0 0.0 0.0 0.0
8519 2766.040283203125 1247.3128662109375 76.93084802815366 2002.4499588012695 1132.4876689910889 201.3987396812953 0.0 0.0 0.0 0.0
8527 2766.040283203125 1247.3128662109375 76.93084802815366 1982.0310134887695 1129.9353008270264 201.51390946010878 0.0 0.0 0.0 0.0
8535 2766.040283203125 1247.3128662109375 76.93084802815366 1941.1926345825195 1119.7257061004639 204.0924795801829 0.0 0.0 0.0 0.0
8543 2766.040283203125 1247.3128662109375 76.93084802815366 1910.563850402832 1114.6209697723389 204.14785525677195 0.0 0.0 0.0 0.0
8551 2766.040283203125 1247.3128662109375 76.93084802815366 1882.4875564575195 1104.4113750457764 207.10066423896882 0.0 0.0 0.0 0.0
8559 2766.040283203125 1247.3128662109375 76.93084802815366 1854.4111404418945 1101.8590068817139 205.21811924861044 0.0 0.0 0.0 0.0
8567 2766.040283203125 1247.3128662109375 76.93084802815366 1828.8872146606445 1094.2017803192139 206.82606594658296 0.0 0.0 0.0 0.0
8575 2766.040283203125 1247.3128662109375 76.93084802815366 1808.4680252075195 1086.5446758270264 208.6962853808189 0.0 0.0 0.0 0.0
8583 2766.040283203125 1247.3128662109375 76.93084802815366 1793.153694152832 1078.8874492645264 210.9766802087379 0.0 0.0 0.0 0.0
8592 2766.040283203125 1247.3128662109375 76.93084802815366 1788.0488357543945 1076.3350811004639 211.68541024252107 0.0 0.0 0.0 0.0
8599 2766.040283203125 1247.3128662109375 76.93084802815366 1782.9440994262695 1071.2302227020264 214.00265818993904 0.0 0.0 0.0 0.0
8607 2766.040283203125 1247.3128662109375 76.93084802815366 1770.1821365356445 1063.5731182098389 215.88802550284987 0.0 0.0 0.0 0.0
8615 2766.040283203125 1247.3128662109375 76.93084802815366 1765.077278137207 1058.4682598114014 217.87622733512143 0.0 0.0 0.0 0.0
8623 2766.040283203125 1247.3128662109375 76.93084802815366 1754.867805480957 1048.2586650848389 221.2639756384209 0.0 0.0 0.0 0.0
8631 2766.040283203125 1247.3128662109375 76.93084802815366 1744.6582107543945 1038.0491313934326 224.14055908827027 0.0 0.0 0.0 0.0
8639 2766.040283203125 1247.3128662109375 76.93084802815366 1734.448616027832 1027.8395366668701 226.57850017087645 0.0 0.0 0.0 0.0
8647 2766.040283203125 1247.3128662109375 76.93084802815366 1729.3437576293945 1025.2871685028076 226.22409572316582 0.0 0.0 0.0 0.0
8655 2766.040283203125 1247.3128662109375 76.93084802815366 1721.686653137207 1015.0775737762451 229.24181331499386 0.0 0.0 0.0 0.0
8663 2766.040283203125 1247.3128662109375 76.93084802815366 1708.924690246582 1012.5251445770264 225.98438889638857 0.0 0.0 0.0 0.0
8671 2766.040283203125 1247.3128662109375 76.93084802815366 1703.8198318481445 1002.3156108856201 229.9724966413542 0.0 0.0 0.0 0.0
8679 2766.040283203125 1247.3128662109375 76.93084802815366 1696.162727355957 994.6583843231201 231.1726643885973 0.0 0.0 0.0 0.0
8687 2766.040283203125 1247.3128662109375 76.93084802815366 1688.505500793457 984.4488506317139 233.51722889803278 0.0 0.0 0.0 0.0
8695 2766.040283203125 1247.3128662109375 76.93084802815366 1683.4006423950195 979.3440532684326 234.0521158195843 0.0 0.0 0.0 0.0
8703 2766.040283203125 1247.3128662109375 76.93084802815366 1680.848274230957 966.5820293426514 239.43281216491954 0.0 0.0 0.0 0.0
8711 2766.040283203125 1247.3128662109375 76.93084802815366 1680.848274230957 964.0296611785889 240.7410695634308 0.0 0.0 0.0 0.0
8721 2766.040283203125 1247.3128662109375 76.93084802815366 1680.848274230957 961.4772930145264 242.01891012507627 0.0 0.0 0.0 0.0
8727 2766.040283203125 1247.3128662109375 76.93084802815366 1678.2959060668945 958.9248638153076 241.9216935495462 0.0 0.0 0.0 0.0
8735 2766.040283203125 1247.3128662109375 76.93084802815366 1678.2959060668945 956.3724956512451 243.17144351197766 0.0 0.0 0.0 0.0
8742 2766.040283203125 1247.3128662109375 76.93084802815366 1678.2959060668945 953.8200664520264 244.39103101417703 0.0 0.0 0.0 0.0
8775 2766.040283203125 1247.3128662109375 76.93084802815366 1678.2959060668945 951.2676982879639 245.58063774230442 0.0 0.0 0.0 0.0