0 345.9587860107422 2097.0007934570312 353.559333519359 0.0 0.0 0.0 0.0 0.0 0.0 0.0
63 345.9587860107422 2097.0007934570312 353.559333519359 0.0 0.0 0.0 0.0 0.0 0.0 0.0
79 345.9587860107422 2097.0007934570312 353.559333519359 0.0 0.0 0.0 0.0 0.0 0.0 0.0
97 345.9587860107422 2097.0007934570312 353.559333519359 0.0 0.0 0.0 0.0 0.0 0.0 0.0
113 351.3549270629883 2043.915771484375 347.651086624698 0.0 0.0 0.0 0.0 0.0 0.0 0.0
132 361.9783706665039 2012.04541015625 341.99726989464176 0.0 0.0 0.0 0.0 0.0 0.0 0.0
151 376.14295196533203 1980.1751708984375 338.79130638680317 0.0 0.0 0.0 0.0 0.0 0.0 0.0
166 397.3898391723633 1951.845947265625 339.4366161020699 0.0 0.0 0.0 0.0 0.0 0.0 0.0
188 415.0955581665039 1919.9755859375 338.00366555853884 0.0 0.0 0.0 0.0 0.0 0.0 0.0
199 436.34244537353516 1888.1053466796875 338.07404780946933 0.0 0.0 0.0 0.0 0.0 0.0 0.0
222 446.96585845947266 1873.9407958984375 338.539809564221 0.0 0.0 0.0 0.0 0.0 0.0 0.0
240 457.5893325805664 1859.776123046875 338.9414190997923 0.0 0.0 0.0 0.0 0.0 0.0 0.0
253 464.6716079711914 1849.1527099609375 338.8728904424951 0.0 0.0 0.0 0.0 0.0 0.0 0.0
268 471.7538833618164 1842.0704345703125 339.75670767660745 0.0 0.0 0.0 0.0 0.0 0.0 0.0
291 475.2950210571289 1838.529296875 340.17974743469773 0.0 0.0 0.0 0.0 0.0 0.0 0.0
304 482.37735748291016 1831.447021484375 340.9565387033996 0.0 0.0 0.0 0.0 0.0 0.0 0.0
320 489.45963287353516 1824.36474609375 341.66954055894286 0.0 0.0 0.0 0.0 0.0 0.0 0.0
337 496.54190826416016 1817.2823486328125 342.3239897618679 0.0 0.0 0.0 0.0 0.0 0.0 0.0
356 500.08304595947266 1813.7412109375 342.6371932209956 0.0 0.0 0.0 0.0 0.0 0.0 0.0
374 503.6242446899414 1810.2000732421875 342.936947712401 0.0 0.0 0.0 0.0 0.0 0.0 0.0
387 514.2476577758789 1803.1177978515625 344.7700533169908 0.0 0.0 0.0 0.0 0.0 0.0 0.0
405 528.4122695922852 1792.494384765625 346.54351441204915 0.0 0.0 0.0 0.0 0.0 0.0 0.0
424 542.5768203735352 1781.8709716796875 348.0761255793607 0.0 0.0 0.0 0.0 0.0 0.0 0.0
439 563.8237075805664 1767.706298828125 350.4660407421615 0.0 0.0 0.0 0.0 0.0 0.0 0.0
457 581.5294570922852 1753.541748046875 351.3926003557756 0.0 0.0 0.0 0.0 0.0 0.0 0.0
473 595.6940078735352 1742.9183349609375 352.2624527348894 0.0 0.0 0.0 0.0 0.0 0.0 0.0
490 624.0231704711914 1721.6715087890625 353.5822145166103 0.0 0.0 0.0 0.0 0.0 0.0 0.0
507 662.9758071899414 1696.8834228515625 356.0885085974088 0.0 0.0 0.0 0.0 0.0 0.0 0.0
533 701.9284439086914 1675.6365966796875 358.9104818402804 0.0 0.0 0.0 0.0 0.0 0.0 0.0
543 751.5044326782227 1647.307373046875 0.9262129309575542 0.0 0.0 0.0 0.0 0.0 0.0 0.0
560 801.0804824829102 1615.43701171875 1.2475976859058662 0.0 0.0 0.0 0.0 0.0 0.0 0.0
577 861.2800064086914 1587.10791015625 4.298284896214049 0.0 0.0 0.0 0.0 0.0 0.0 0.0
594 928.5617446899414 1551.6964111328125 5.327685256894057 0.0 0.0 0.0 0.0 0.0 0.0 0.0
613 999.3848037719727 1519.826171875 7.400318934715102 0.0 0.0 0.0 0.0 0.0 0.0 0.0
629 1024.1727676391602 1509.20263671875 8.18027445417873 0.0 0.0 0.0 0.0 0.0 0.0 0.0
650 1048.9608535766602 1498.5792236328125 8.807875008327173 0.0 0.0 0.0 0.0 0.0 0.0 0.0
855 1052.5019912719727 1495.0380859375 7.990805104323172 0.0 0.0 0.0 0.0 0.0 0.0 0.0
876 1066.6665420532227 1484.4146728515625 6.580887588195949 0.0 0.0 0.0 0.0 0.0 0.0 0.0
893 1116.2425918579102 1459.6265869140625 7.061323846436835 0.0 0.0 0.0 0.0 0.0 0.0 0.0
912 1162.2775039672852 1441.9208984375 9.057968244082232 0.0 0.0 0.0 0.0 0.0 0.0 0.0
923 1222.4769668579102 1413.5916748046875 9.181122844912906 0.0 0.0 0.0 0.0 0.0 0.0 0.0
941 1289.7587051391602 1395.885986328125 13.288884603363982 0.0 0.0 0.0 0.0 0.0 0.0 0.0
961 1346.4171524047852 1385.2625732421875 16.937421499189966 0.0 0.0 0.0 0.0 0.0 0.0 0.0
977 1395.9932022094727 1381.721435546875 21.12557984699383 0.0 0.0 0.0 0.0 0.0 0.0 0.0
996 1442.0279922485352 1374.63916015625 22.520134982829077 0.0 0.0 0.0 0.0 0.0 0.0 0.0
1010 1488.0629043579102 1371.0980224609375 24.772739078326936 0.0 0.0 0.0 0.0 0.0 0.0 0.0
1030 1534.0978164672852 1367.5567626953125 26.364303294666357 0.0 0.0 0.0 0.0 0.0 0.0 0.0
1044 1562.4270401000977 1364.015625 26.589179695432023 0.0 0.0 0.0 0.0 0.0 0.0 0.0
1066 1594.2972793579102 1360.4744873046875 26.96112612303284 0.0 0.0 0.0 0.0 0.0 0.0 0.0
1086 1615.5442276000977 1356.933349609375 26.662519320407185 0.0 0.0 0.0 0.0 0.0 0.0 0.0
1096 1629.7087783813477 1356.933349609375 27.558328242599927 0.0 0.0 0.0 0.0 0.0 0.0 0.0
1114 1636.7910537719727 1356.933349609375 27.97945968098165 0.0 0.0 0.0 0.0 0.0 0.0 0.0
1131 1643.8733291625977 1356.933349609375 28.3754639522799 0.0 0.0 0.0 0.0 0.0 0.0 0.0
1147 1650.9557266235352 1356.933349609375 28.74785663819776 0.0 0.0 0.0 0.0 0.0 0.0 0.0
1165 1658.0380020141602 1356.933349609375 29.097944963987686 0.0 0.0 0.0 0.0 0.0 0.0 0.0
1182 1661.5791397094727 1356.933349609375 29.267598662305844 0.0 0.0 0.0 0.0 0.0 0.0 0.0
1200 1661.5791397094727 1356.933349609375 29.267622942940392 0.0 0.0 0.0 0.0 0.0 0.0 0.0
1321 1661.5791397094727 1356.933349609375 29.267622942940392 0.0 0.0 0.0 0.0 0.0 0.0 0.0
1339 1654.4968643188477 1356.933349609375 28.90525045213299 0.0 0.0 0.0 0.0 0.0 0.0 0.0
1356 1636.7910537719727 1356.933349609375 27.828280713363526 0.0 0.0 0.0 0.0 0.0 0.0 0.0
1376 1619.0853652954102 1353.3922119140625 24.408077196948256 0.0 0.0 0.0 0.0 0.0 0.0 0.0
1399 1601.3796768188477 1346.3099365234375 18.320270020151284 0.0 0.0 0.0 0.0 0.0 0.0 0.0
1412 1576.5915908813477 1339.2276611328125 9.548686006936606 0.0 0.0 0.0 0.0 0.0 0.0 0.0
1430 1541.1800918579102 1332.1453857421875 354.883249716893 0.0 0.0 0.0 0.0 0.0 0.0 0.0
1449 1505.7687149047852 1325.0631103515625 337.2206022672947 0.0 0.0 0.0 0.0 0.0 0.0 0.0
1465 1466.8160781860352 1317.980712890625 316.3061650399097 0.0 0.0 0.0 0.0 0.0 0.0 0.0
1482 1431.4045791625977 1310.8984375 298.2263965429369 0.0 0.0 0.0 0.0 0.0 0.0 0.0
1497 1395.9932022094727 1310.8984375 281.1825264021401 0.0 0.0 0.0 0.0 0.0 0.0 0.0
1516 1360.5817031860352 1310.8984375 266.60260062949186 0.0 0.0 0.0 0.0 0.0 0.0 0.0
1530 1321.6290664672852 1310.8984375 253.7764935551739 0.0 0.0 0.0 0.0 0.0 0.0 0.0
1550 1289.7587051391602 1310.8984375 245.32767125415438 0.0 0.0 0.0 0.0 0.0 0.0 0.0
1564 1268.5118789672852 1310.8984375 240.5204458248283 0.0 0.0 0.0 0.0 0.0 0.0 0.0
1581 1240.1826553344727 1317.980712890625 232.5076257382716 0.0 0.0 0.0 0.0 0.0 0.0 0.0
1597 1218.9358291625977 1325.0631103515625 226.62761841309072 0.0 0.0 0.0 0.0 0.0 0.0 0.0
1616 1201.2301406860352 1335.6865234375 220.2488438354265 0.0 0.0 0.0 0.0 0.0 0.0 0.0
1632 1179.9831924438477 1349.85107421875 213.18262305669526 0.0 0.0 0.0 0.0 0.0 0.0 0.0
1649 1158.7363662719727 1367.5567626953125 205.7977942786079 0.0 0.0 0.0 0.0 0.0 0.0 0.0
1666 1144.5718154907227 1385.2625732421875 198.9443614513463 0.0 0.0 0.0 0.0 0.0 0.0 0.0
1683 1130.4071426391602 1402.96826171875 193.1015089782182 0.0 0.0 0.0 0.0 0.0 0.0 0.0
1700 1119.7837295532227 1420.674072265625 187.453388897114 0.0 0.0 0.0 0.0 0.0 0.0 0.0
1717 1105.6191787719727 1438.3797607421875 183.41106522489974 0.0 0.0 0.0 0.0 0.0 0.0 0.0
1735 1094.9957656860352 1456.08544921875 179.137637915605 0.0 0.0 0.0 0.0 0.0 0.0 0.0
1752 1084.3722305297852 1473.791259765625 175.49553507134107 0.0 0.0 0.0 0.0 0.0 0.0 0.0
1770 1073.7488174438477 1487.955810546875 173.57452749212746 0.0 0.0 0.0 0.0 0.0 0.0 0.0
1787 1066.6665420532227 1502.120361328125 170.8192780089811 0.0 0.0 0.0 0.0 0.0 0.0 0.0
1804 1052.5019912719727 1512.7437744140625 171.76779397342165 0.0 0.0 0.0 0.0 0.0 0.0 0.0
1821 1048.9608535766602 1523.3673095703125 169.21292870924196 0.0 0.0 0.0 0.0 0.0 0.0 0.0
1839 1041.8784561157227 1526.908447265625 170.44855495279046 0.0 0.0 0.0 0.0 0.0 0.0 0.0
1856 1038.3373184204102 1530.4495849609375 170.41133366420735 0.0 0.0 0.0 0.0 0.0 0.0 0.0
1875 1034.7961807250977 1533.99072265625 170.3757366265408 0.0 0.0 0.0 0.0 0.0 0.0 0.0
1892 1034.7961807250977 1537.5318603515625 169.09289365753506 0.0 0.0 0.0 0.0 0.0 0.0 0.0
1908 1031.2550430297852 1537.5318603515625 170.36923426036265 0.0 0.0 0.0 0.0 0.0 0.0 0.0
2001 1031.2550430297852 1537.5318603515625 170.36926976530555 0.0 0.0 0.0 0.0 0.0 0.0 0.0
2019 1045.4197158813477 1533.99072265625 166.09665312082376 0.0 0.0 0.0 0.0 0.0 0.0 0.0
2037 1056.0431289672852 1526.908447265625 164.20074288501985 0.0 0.0 0.0 0.0 0.0 0.0 0.0
2053 1077.2899551391602 1512.7437744140625 159.3481805904641 0.0 0.0 0.0 0.0 0.0 0.0 0.0
2071 1098.5369033813477 1502.120361328125 152.132820306204 0.0 0.0 0.0 0.0 0.0 0.0 0.0
2087 1126.8660049438477 1487.955810546875 139.84074930371736 0.0 0.0 0.0 0.0 0.0 0.0 0.0
2104 1151.6540908813477 1470.2501220703125 127.39756925859488 0.0 0.0 0.0 0.0 0.0 0.0 0.0
2121 1176.4420547485352 1456.08544921875 113.2564227881242 0.0 0.0 0.0 0.0 0.0 0.0 0.0
2138 1197.6890029907227 1445.4620361328125 100.90076377696157 0.0 0.0 0.0 0.0 0.0 0.0 0.0
2155 1226.0181045532227 1431.2974853515625 84.75735241961586 0.0 0.0 0.0 0.0 0.0 0.0 0.0
2172 1250.8061904907227 1420.674072265625 72.46525452100359 0.0 0.0 0.0 0.0 0.0 0.0 0.0
2190 1272.0530166625977 1410.050537109375 62.431571906256366 0.0 0.0 0.0 0.0 0.0 0.0 0.0
2207 1296.8411026000977 1402.96826171875 54.586909065400306 0.0 0.0 0.0 0.0 0.0 0.0 0.0
2224 1318.0879287719727 1395.885986328125 48.399582206978764 0.0 0.0 0.0 0.0 0.0 0.0 0.0
2241 1339.3347549438477 1385.2625732421875 41.59526193951939 0.0 0.0 0.0 0.0 0.0 0.0 0.0
2258 1364.1228408813477 1378.1802978515625 37.3240358724256 0.0 0.0 0.0 0.0 0.0 0.0 0.0
2275 1388.9108047485352 1367.5567626953125 32.3354344581541 0.0 0.0 0.0 0.0 0.0 0.0 0.0
2293 1417.2400283813477 1360.4744873046875 29.886818329175114 0.0 0.0 0.0 0.0 0.0 0.0 0.0
2310 1445.5692520141602 1353.3922119140625 27.944642846774357 0.0 0.0 0.0 0.0 0.0 0.0 0.0
2328 1470.3572158813477 1346.3099365234375 26.193565198681483 0.0 0.0 0.0 0.0 0.0 0.0 0.0
2344 1495.1453018188477 1342.768798828125 26.242142774259918 0.0 0.0 0.0 0.0 0.0 0.0 0.0
2362 1519.9332656860352 1335.6865234375 24.81053891129102 0.0 0.0 0.0 0.0 0.0 0.0 0.0
2379 1548.2624893188477 1332.1453857421875 25.353497908193773 0.0 0.0 0.0 0.0 0.0 0.0 0.0
2396 1573.0504531860352 1325.0631103515625 24.08885558059525 0.0 0.0 0.0 0.0 0.0 0.0 0.0
2413 1590.7561416625977 1321.52197265625 23.975179401946775 0.0 0.0 0.0 0.0 0.0 0.0 0.0
2431 1619.0853652954102 1321.52197265625 26.12901914625904 0.0 0.0 0.0 0.0 0.0 0.0 0.0
2448 1647.4145889282227 1317.980712890625 26.401989885234443 0.0 0.0 0.0 0.0 0.0 0.0 0.0
2470 1675.7436904907227 1314.4395751953125 26.619125606924214 0.0 0.0 0.0 0.0 0.0 0.0 0.0
2483 1707.6140518188477 1310.8984375 26.984356568010853 0.0 0.0 0.0 0.0 0.0 0.0 0.0
2507 1735.9431533813477 1310.8984375 28.529534566628755 0.0 0.0 0.0 0.0 0.0 0.0 0.0
2518 1760.7312393188477 1310.8984375 29.635362848488754 0.0 0.0 0.0 0.0 0.0 0.0 0.0
2539 1785.5192031860352 1310.8984375 30.53961658840258 0.0 0.0 0.0 0.0 0.0 0.0 0.0
2555 1806.7661514282227 1310.8984375 31.190237949194525 0.0 0.0 0.0 0.0 0.0 0.0 0.0
2572 1824.4718399047852 1310.8984375 31.657893035001123 0.0 0.0 0.0 0.0 0.0 0.0 0.0
2589 1835.0952529907227 1310.8984375 31.913967528439585 0.0 0.0 0.0 0.0 0.0 0.0 0.0
2609 1845.7186660766602 1310.8984375 32.147638025264584 0.0 0.0 0.0 0.0 0.0 0.0 0.0
2622 1852.8010635375977 1310.8984375 32.29409215708523 0.0 0.0 0.0 0.0 0.0 0.0 0.0
2641 1856.3422012329102 1310.8984375 32.365003529364586 0.0 0.0 0.0 0.0 0.0 0.0 0.0
2656 1859.8833389282227 1310.8984375 32.43376920694455 0.0 0.0 0.0 0.0 0.0 0.0 0.0
2676 1863.4244766235352 1310.8984375 32.500389665526214 0.0 0.0 0.0 0.0 0.0 0.0 0.0
2691 1863.4244766235352 1310.8984375 32.50040389680083 0.0 0.0 0.0 0.0 0.0 0.0 0.0
2709 1870.5067520141602 1310.8984375 32.62569526778637 0.0 0.0 0.0 0.0 0.0 0.0 0.0
2725 1870.5067520141602 1314.4395751953125 34.45587197049218 0.0 0.0 0.0 0.0 0.0 0.0 0.0
2763 1870.5067520141602 1317.980712890625 36.285323147720575 0.0 0.0 0.0 0.0 0.0 0.0 0.0
2835 1866.9656143188477 1317.980712890625 36.34131240457954 0.0 0.0 0.0 0.0 0.0 0.0 0.0
2855 1852.8010635375977 1321.52197265625 38.69103285403109 0.0 0.0 0.0 0.0 0.0 0.0 0.0
2878 1835.0952529907227 1321.52197265625 39.46975870842368 0.0 0.0 0.0 0.0 0.0 0.0 0.0
2892 1813.8484268188477 1321.52197265625 40.624590110936765 0.0 0.0 0.0 0.0 0.0 0.0 0.0
2912 1781.9780654907227 1321.52197265625 43.048529778423585 0.0 0.0 0.0 0.0 0.0 0.0 0.0
2925 1743.0254287719727 1321.52197265625 47.578028828529014 0.0 0.0 0.0 0.0 0.0 0.0 0.0
2946 1700.5317764282227 1321.52197265625 55.40728585491324 0.0 0.0 0.0 0.0 0.0 0.0 0.0
2963 1658.0380020141602 1317.980712890625 64.98444430823118 0.0 0.0 0.0 0.0 0.0 0.0 0.0
2976 1626.1676406860352 1314.4395751953125 74.08614644523873 0.0 0.0 0.0 0.0 0.0 0.0 0.0
2997 1601.3796768188477 1314.4395751953125 83.83709623499549 0.0 0.0 0.0 0.0 0.0 0.0 0.0
3012 1565.9681777954102 1314.4395751953125 100.83453740074098 0.0 0.0 0.0 0.0 0.0 0.0 0.0
3027 1541.1800918579102 1314.4395751953125 113.50843098893203 0.0 0.0 0.0 0.0 0.0 0.0 0.0
3045 1505.7687149047852 1314.4395751953125 131.9738947613667 0.0 0.0 0.0 0.0 0.0 0.0 0.0
3062 1488.0629043579102 1314.4395751953125 140.7947570103562 0.0 0.0 0.0 0.0 0.0 0.0 0.0
3078 1456.1926651000977 1317.980712890625 154.31446243125453 0.0 0.0 0.0 0.0 0.0 0.0 0.0
3096 1431.4045791625977 1321.52197265625 163.21499828009775 0.0 0.0 0.0 0.0 0.0 0.0 0.0
3111 1406.6166152954102 1325.0631103515625 170.78303730924762 0.0 0.0 0.0 0.0 0.0 0.0 0.0
3128 1381.8285293579102 1332.1453857421875 175.93304309455914 0.0 0.0 0.0 0.0 0.0 0.0 0.0
3145 1367.6639785766602 1335.6865234375 178.73784857400915 0.0 0.0 0.0 0.0 0.0 0.0 0.0
3163 1349.9582901000977 1346.3099365234375 179.50434736408772 0.0 0.0 0.0 0.0 0.0 0.0 0.0
3179 1335.7936172485352 1349.85107421875 181.91603818802275 0.0 0.0 0.0 0.0 0.0 0.0 0.0
3196 1318.0879287719727 1353.3922119140625 184.86465880958787 0.0 0.0 0.0 0.0 0.0 0.0 0.0
3213 1303.9233779907227 1360.4744873046875 185.2591674455204 0.0 0.0 0.0 0.0 0.0 0.0 0.0
3230 1286.2175674438477 1371.0980224609375 185.00240416253803 0.0 0.0 0.0 0.0 0.0 0.0 0.0
3248 1268.5118789672852 1381.721435546875 184.78603378698898 0.0 0.0 0.0 0.0 0.0 0.0 0.0
3264 1247.2650527954102 1388.8037109375 186.6892917024815 0.0 0.0 0.0 0.0 0.0 0.0 0.0
3282 1229.5592422485352 1402.96826171875 184.8680783023854 0.0 0.0 0.0 0.0 0.0 0.0 0.0
3298 1211.8535537719727 1413.5916748046875 184.67275853438372 0.0 0.0 0.0 0.0 0.0 0.0 0.0
3316 1190.6066055297852 1420.674072265625 186.59481212147358 0.0 0.0 0.0 0.0 0.0 0.0 0.0
3333 1176.4420547485352 1431.2974853515625 185.37546633459 0.0 0.0 0.0 0.0 0.0 0.0 0.0
3351 1165.8186416625977 1441.9208984375 183.50748409351314 0.0 0.0 0.0 0.0 0.0 0.0 0.0
3369 1155.1952285766602 1452.5443115234375 181.857369631656 0.0 0.0 0.0 0.0 0.0 0.0 0.0
3386 1144.5718154907227 1459.6265869140625 181.75825735968527 0.0 0.0 0.0 0.0 0.0 0.0 0.0
3405 1137.4894180297852 1459.6265869140625 183.6406812488068 0.0 0.0 0.0 0.0 0.0 0.0 0.0
3421 1133.9482803344727 1466.7088623046875 181.56862697347037 0.0 0.0 0.0 0.0 0.0 0.0 0.0
3438 1133.9482803344727 1470.2501220703125 180.06083425895974 0.0 0.0 0.0 0.0 0.0 0.0 0.0
3483 1137.4894180297852 1470.2501220703125 178.99579395101028 0.0 0.0 0.0 0.0 0.0 0.0 0.0
3502 1144.5718154907227 1470.2501220703125 176.75015888414373 0.0 0.0 0.0 0.0 0.0 0.0 0.0
3519 1158.7363662719727 1470.2501220703125 171.76881874600224 0.0 0.0 0.0 0.0 0.0 0.0 0.0
3535 1176.4420547485352 1470.2501220703125 164.7600507599597 0.0 0.0 0.0 0.0 0.0 0.0 0.0
3551 1208.3124160766602 1470.2501220703125 149.66992328098502 0.0 0.0 0.0 0.0 0.0 0.0 0.0
3569 1240.1826553344727 1456.08544921875 134.5377810935653 0.0 0.0 0.0 0.0 0.0 0.0 0.0
3586 1282.6764297485352 1445.4620361328125 111.27027855165237 0.0 0.0 0.0 0.0 0.0 0.0 0.0
3603 1314.5467910766602 1434.838623046875 94.03793407579396 0.0 0.0 0.0 0.0 0.0 0.0 0.0
3621 1342.8758926391602 1424.2152099609375 79.64689865485398 0.0 0.0 0.0 0.0 0.0 0.0 0.0
3638 1371.2051162719727 1413.5916748046875 67.05516006342906 0.0 0.0 0.0 0.0 0.0 0.0 0.0
3655 1399.5343399047852 1406.5093994140625 57.86795833179016 0.0 0.0 0.0 0.0 0.0 0.0 0.0
3673 1434.9457168579102 1395.885986328125 48.18406737298403 0.0 0.0 0.0 0.0 0.0 0.0 0.0
3690 1463.2749404907227 1385.2625732421875 41.060549518975634 0.0 0.0 0.0 0.0 0.0 0.0 0.0
3708 1495.1453018188477 1374.63916015625 35.34423145261175 0.0 0.0 0.0 0.0 0.0 0.0 0.0
3725 1516.3921279907227 1371.0980224609375 33.68687253118564 0.0 0.0 0.0 0.0 0.0 0.0 0.0
3742 1548.2624893188477 1360.4744873046875 29.635698117094478 0.0 0.0 0.0 0.0 0.0 0.0 0.0
3768 1573.0504531860352 1356.933349609375 29.050285517435995 0.0 0.0 0.0 0.0 0.0 0.0 0.0
3778 1597.8385391235352 1349.85107421875 27.09225069550105 0.0 0.0 0.0 0.0 0.0 0.0 0.0
3802 1622.6265029907227 1346.3099365234375 26.975278249085633 0.0 0.0 0.0 0.0 0.0 0.0 0.0
3812 1647.4145889282227 1339.2276611328125 25.406028087051183 0.0 0.0 0.0 0.0 0.0 0.0 0.0
3834 1665.1202774047852 1335.6865234375 25.107938573535094 0.0 0.0 0.0 0.0 0.0 0.0 0.0
3850 1696.9906387329102 1332.1453857421875 25.812067371104973 0.0 0.0 0.0 0.0 0.0 0.0 0.0
3867 1711.1551895141602 1332.1453857421875 26.80349975459464 0.0 0.0 0.0 0.0 0.0 0.0 0.0
3884 1735.9431533813477 1332.1453857421875 28.223479790816313 0.0 0.0 0.0 0.0 0.0 0.0 0.0
3903 1760.7312393188477 1332.1453857421875 29.385076801463285 0.0 0.0 0.0 0.0 0.0 0.0 0.0
3917 1774.8957901000977 1332.1453857421875 29.97385289656674 0.0 0.0 0.0 0.0 0.0 0.0 0.0
3936 1792.6014785766602 1332.1453857421875 30.608711251379745 0.0 0.0 0.0 0.0 0.0 0.0 0.0
3951 1806.7661514282227 1332.1453857421875 31.059179364887413 0.0 0.0 0.0 0.0 0.0 0.0 0.0
3968 1817.3895645141602 1335.6865234375 33.037346604074685 0.0 0.0 0.0 0.0 0.0 0.0 0.0
3986 1828.0129776000977 1339.2276611328125 34.843039519114626 0.0 0.0 0.0 0.0 0.0 0.0 0.0
4005 1838.6363906860352 1342.768798828125 36.48992107022855 0.0 0.0 0.0 0.0 0.0 0.0 0.0
4022 1845.7186660766602 1349.85107421875 39.803735063951564 0.0 0.0 0.0 0.0 0.0 0.0 0.0
4038 1849.2599258422852 1353.3922119140625 41.403764284990885 0.0 0.0 0.0 0.0 0.0 0.0 0.0
4055 1852.8010635375977 1360.4744873046875 44.68775266916752 0.0 0.0 0.0 0.0 0.0 0.0 0.0
4072 1856.3422012329102 1371.0980224609375 49.526041743399574 0.0 0.0 0.0 0.0 0.0 0.0 0.0
4090 1856.3422012329102 1374.63916015625 51.27912576171981 0.0 0.0 0.0 0.0 0.0 0.0 0.0
4106 1859.8833389282227 1378.1802978515625 52.45922226308825 0.0 0.0 0.0 0.0 0.0 0.0 0.0
4124 1859.8833389282227 1378.1802978515625 52.4592421054022 0.0 0.0 0.0 0.0 0.0 0.0 0.0
4139 1859.8833389282227 1381.721435546875 54.183443843077285 0.0 0.0 0.0 0.0 0.0 0.0 0.0
4163 1859.8833389282227 1385.2625732421875 55.88863339388729 0.0 0.0 0.0 0.0 0.0 0.0 0.0
4186 1859.8833389282227 1388.8037109375 57.573527039372564 0.0 0.0 0.0 0.0 0.0 0.0 0.0
4211 1859.8833389282227 1388.8037109375 57.57354348745342 0.0 0.0 0.0 0.0 0.0 0.0 0.0
4239 1856.3422012329102 1392.3448486328125 60.012621670658135 0.0 0.0 0.0 0.0 0.0 0.0 0.0
4251 1842.1775283813477 1395.885986328125 65.33524195231566 0.0 0.0 0.0 0.0 0.0 0.0 0.0
4271 1817.3895645141602 1402.96826171875 76.71693211858967 0.0 0.0 0.0 0.0 0.0 0.0 0.0
4288 1785.5192031860352 1406.5093994140625 91.71279065240246 0.0 0.0 0.0 0.0 0.0 0.0 0.0
4304 1753.6489639282227 1406.5093994140625 107.67560546347879 0.0 0.0 0.0 0.0 0.0 0.0 0.0
4321 1714.6963272094727 1406.5093994140625 128.20106697204977 0.0 0.0 0.0 0.0 0.0 0.0 0.0
4338 1682.8259658813477 1406.5093994140625 143.937271481857 0.0 0.0 0.0 0.0 0.0 0.0 0.0
4355 1654.4968643188477 1406.5093994140625 156.46805480434682 0.0 0.0 0.0 0.0 0.0 0.0 0.0
4374 1622.6265029907227 1406.5093994140625 168.4328045219077 0.0 0.0 0.0 0.0 0.0 0.0 0.0
4391 1597.8385391235352 1406.5093994140625 176.38093283898291 0.0 0.0 0.0 0.0 0.0 0.0 0.0
4408 1573.0504531860352 1406.5093994140625 183.0889858070953 0.0 0.0 0.0 0.0 0.0 0.0 0.0
4424 1544.7212295532227 1406.5093994140625 189.34459363284896 0.0 0.0 0.0 0.0 0.0 0.0 0.0
4441 1527.0155410766602 1406.5093994140625 192.75006990460474 0.0 0.0 0.0 0.0 0.0 0.0 0.0
4458 1498.6864395141602 1402.96826171875 198.56063598703327 0.0 0.0 0.0 0.0 0.0 0.0 0.0
4476 1473.8983535766602 1399.4271240234375 202.94274034066137 0.0 0.0 0.0 0.0 0.0 0.0 0.0
4493 1456.1926651000977 1399.4271240234375 204.53935233733324 0.0 0.0 0.0 0.0 0.0 0.0 0.0
4510 1431.4045791625977 1395.885986328125 207.85929797778448 0.0 0.0 0.0 0.0 0.0 0.0 0.0
4527 1410.1577529907227 1388.8037109375 212.0123830986974 0.0 0.0 0.0 0.0 0.0 0.0 0.0
4544 1392.4519424438477 1388.8037109375 212.36691149998398 0.0 0.0 0.0 0.0 0.0 0.0 0.0
4562 1378.2873916625977 1388.8037109375 212.6184073184092 0.0 0.0 0.0 0.0 0.0 0.0 0.0
4579 1360.5817031860352 1388.8037109375 212.88955602062805 0.0 0.0 0.0 0.0 0.0 0.0 0.0
4597 1342.8758926391602 1388.8037109375 213.1233694293648 0.0 0.0 0.0 0.0 0.0 0.0 0.0
4614 1325.1702041625977 1388.8037109375 213.3249858117681 0.0 0.0 0.0 0.0 0.0 0.0 0.0
4631 1307.4645156860352 1395.885986328125 210.34989337124944 0.0 0.0 0.0 0.0 0.0 0.0 0.0
4648 1286.2175674438477 1399.4271240234375 209.50067005608838 0.0 0.0 0.0 0.0 0.0 0.0 0.0
4666 1264.9707412719727 1406.5093994140625 207.26878911947887 0.0 0.0 0.0 0.0 0.0 0.0 0.0
4683 1247.2650527954102 1413.5916748046875 205.15710819895907 0.0 0.0 0.0 0.0 0.0 0.0 0.0
4700 1233.1003799438477 1424.2152099609375 201.46933270481094 0.0 0.0 0.0 0.0 0.0 0.0 0.0
4716 1215.3946914672852 1431.2974853515625 200.1980183846744 0.0 0.0 0.0 0.0 0.0 0.0 0.0
4735 1204.7712783813477 1438.3797607421875 198.2317842395895 0.0 0.0 0.0 0.0 0.0 0.0 0.0
4751 1190.6066055297852 1445.4620361328125 196.9603112273731 0.0 0.0 0.0 0.0 0.0 0.0 0.0
4773 1183.5243301391602 1452.5443115234375 194.75837735364087 0.0 0.0 0.0 0.0 0.0 0.0 0.0
4787 1176.4420547485352 1459.6265869140625 192.72426983865176 0.0 0.0 0.0 0.0 0.0 0.0 0.0
4810 1172.9009170532227 1470.2501220703125 188.5885861899156 0.0 0.0 0.0 0.0 0.0 0.0 0.0
4820 1172.9009170532227 1473.791259765625 186.96697169361607 0.0 0.0 0.0 0.0 0.0 0.0 0.0
4844 1172.9009170532227 1480.87353515625 183.8206618624252 0.0 0.0 0.0 0.0 0.0 0.0 0.0
4855 1172.9009170532227 1491.4969482421875 179.33310151997927 0.0 0.0 0.0 0.0 0.0 0.0 0.0
4876 1172.9009170532227 1498.5792236328125 176.45319912393308 0.0 0.0 0.0 0.0 0.0 0.0 0.0
4892 1176.4420547485352 1502.120361328125 173.8716393460843 0.0 0.0 0.0 0.0 0.0 0.0 0.0
4909 1183.5243301391602 1505.6614990234375 169.9961815392963 0.0 0.0 0.0 0.0 0.0 0.0 0.0
4926 1201.2301406860352 1509.20263671875 161.5547910091754 0.0 0.0 0.0 0.0 0.0 0.0 0.0
4942 1222.4769668579102 1512.7437744140625 150.835594848524 0.0 0.0 0.0 0.0 0.0 0.0 0.0
4963 1250.8061904907227 1512.7437744140625 136.34969416572284 0.0 0.0 0.0 0.0 0.0 0.0 0.0
4977 1275.5941543579102 1512.7437744140625 123.43367126426772 0.0 0.0 0.0 0.0 0.0 0.0 0.0
4996 1307.4645156860352 1512.7437744140625 107.48721523012834 0.0 0.0 0.0 0.0 0.0 0.0 0.0
5012 1335.7936172485352 1502.120361328125 92.00763279626575 0.0 0.0 0.0 0.0 0.0 0.0 0.0
5028 1364.1228408813477 1491.4969482421875 77.834561308195 0.0 0.0 0.0 0.0 0.0 0.0 0.0
5045 1388.9108047485352 1484.4146728515625 67.71640193125609 0.0 0.0 0.0 0.0 0.0 0.0 0.0
5062 1413.6988906860352 1473.791259765625 57.6028807956164 0.0 0.0 0.0 0.0 0.0 0.0 0.0
5082 1431.4045791625977 1470.2501220703125 52.975130400715855 0.0 0.0 0.0 0.0 0.0 0.0 0.0
5097 1452.6515274047852 1463.167724609375 47.025585522084796 0.0 0.0 0.0 0.0 0.0 0.0 0.0
5116 1466.8160781860352 1456.08544921875 42.39970139952544 0.0 0.0 0.0 0.0 0.0 0.0 0.0
5132 1484.5217666625977 1449.003173828125 38.171237949463745 0.0 0.0 0.0 0.0 0.0 0.0 0.0
5149 1495.1453018188477 1445.4620361328125 36.188232935710005 0.0 0.0 0.0 0.0 0.0 0.0 0.0
5165 1509.3098526000977 1434.838623046875 31.141743160087984 0.0 0.0 0.0 0.0 0.0 0.0 0.0
5183 1527.0155410766602 1427.75634765625 28.475838094920647 0.0 0.0 0.0 0.0 0.0 0.0 0.0
5200 1541.1800918579102 1424.2152099609375 27.555727581564142 0.0 0.0 0.0 0.0 0.0 0.0 0.0
5217 1558.8859024047852 1417.1328125 25.40266375942319 0.0 0.0 0.0 0.0 0.0 0.0 0.0
5234 1573.0504531860352 1413.5916748046875 24.83858342054117 0.0 0.0 0.0 0.0 0.0 0.0 0.0
5251 1590.7561416625977 1406.5093994140625 23.07771611926657 0.0 0.0 0.0 0.0 0.0 0.0 0.0
5268 1612.0030899047852 1402.96826171875 23.410757971392542 0.0 0.0 0.0 0.0 0.0 0.0 0.0
5285 1629.7087783813477 1399.4271240234375 23.392087687243873 0.0 0.0 0.0 0.0 0.0 0.0 0.0
5302 1647.4145889282227 1395.885986328125 23.37606559822507 0.0 0.0 0.0 0.0 0.0 0.0 0.0
5320 1665.1202774047852 1395.885986328125 24.913745207359 0.0 0.0 0.0 0.0 0.0 0.0 0.0
5337 1682.8259658813477 1392.3448486328125 24.684648797041646 0.0 0.0 0.0 0.0 0.0 0.0 0.0
5354 1704.0729141235352 1392.3448486328125 26.272671350927425 0.0 0.0 0.0 0.0 0.0 0.0 0.0
5371 1721.7786026000977 1392.3448486328125 27.41509807302073 0.0 0.0 0.0 0.0 0.0 0.0 0.0
5388 1735.9431533813477 1392.3448486328125 28.226116286939998 0.0 0.0 0.0 0.0 0.0 0.0 0.0
5405 1750.1078262329102 1392.3448486328125 28.945706872054714 0.0 0.0 0.0 0.0 0.0 0.0 0.0
5422 1767.8135147094727 1395.885986328125 31.29825146346471 0.0 0.0 0.0 0.0 0.0 0.0 0.0
5438 1778.4369277954102 1399.4271240234375 33.25565988902345 0.0 0.0 0.0 0.0 0.0 0.0 0.0
5456 1785.5192031860352 1402.96826171875 35.055889628694615 0.0 0.0 0.0 0.0 0.0 0.0 0.0
5473 1792.6014785766602 1406.5093994140625 36.746838719000166 0.0 0.0 0.0 0.0 0.0 0.0 0.0
5490 1799.6838760375977 1410.050537109375 38.33390306390692 0.0 0.0 0.0 0.0 0.0 0.0 0.0
5508 1803.2250137329102 1413.5916748046875 39.98379056868029 0.0 0.0 0.0 0.0 0.0 0.0 0.0
5525 1806.7661514282227 1420.674072265625 43.32509029612727 0.0 0.0 0.0 0.0 0.0 0.0 0.0
5542 1810.3072891235352 1427.75634765625 46.528785763351635 0.0 0.0 0.0 0.0 0.0 0.0 0.0
5558 1817.3895645141602 1434.838623046875 49.15160671663715 0.0 0.0 0.0 0.0 0.0 0.0 0.0
5580 1820.9307022094727 1441.9208984375 52.092832241196675 0.0 0.0 0.0 0.0 0.0 0.0 0.0
5593 1824.4718399047852 1449.003173828125 54.891370896086144 0.0 0.0 0.0 0.0 0.0 0.0 0.0
5615 1824.4718399047852 1452.5443115234375 56.588257824037896 0.0 0.0 0.0 0.0 0.0 0.0 0.0
5629 1824.4718399047852 1456.08544921875 58.26436972991269 0.0 0.0 0.0 0.0 0.0 0.0 0.0
5651 1824.4718399047852 1466.7088623046875 63.09430536546894 0.0 0.0 0.0 0.0 0.0 0.0 0.0
5663 1824.4718399047852 1473.791259765625 66.21225788861139 0.0 0.0 0.0 0.0 0.0 0.0 0.0
5683 1824.4718399047852 1484.4146728515625 70.65423955461095 0.0 0.0 0.0 0.0 0.0 0.0 0.0
5698 1820.9307022094727 1495.0380859375 75.98995010184358 0.0 0.0 0.0 0.0 0.0 0.0 0.0
5719 1810.3072891235352 1505.6614990234375 83.75689745037421 0.0 0.0 0.0 0.0 0.0 0.0 0.0
5732 1792.6014785766602 1516.284912109375 94.48858569349103 0.0 0.0 0.0 0.0 0.0 0.0 0.0
5750 1778.4369277954102 1526.908447265625 103.3354916715932 0.0 0.0 0.0 0.0 0.0 0.0 0.0
5767 1757.1901016235352 1533.99072265625 114.85323870330727 0.0 0.0 0.0 0.0 0.0 0.0 0.0
5786 1732.4020156860352 1537.5318603515625 127.652818978138 0.0 0.0 0.0 0.0 0.0 0.0 0.0
5802 1707.6140518188477 1544.6141357421875 139.2024961583561 0.0 0.0 0.0 0.0 0.0 0.0 0.0
5820 1682.8259658813477 1544.6141357421875 150.77570246852844 0.0 0.0 0.0 0.0 0.0 0.0 0.0
5839 1654.4968643188477 1544.6141357421875 162.41823551457935 0.0 0.0 0.0 0.0 0.0 0.0 0.0
5855 1633.2499160766602 1544.6141357421875 170.131279259478 0.0 0.0 0.0 0.0 0.0 0.0 0.0
5872 1601.3796768188477 1544.6141357421875 179.61459125922727 0.0 0.0 0.0 0.0 0.0 0.0 0.0
5889 1576.5915908813477 1544.6141357421875 185.79597281072404 0.0 0.0 0.0 0.0 0.0 0.0 0.0
5905 1541.1800918579102 1537.5318603515625 195.3303244864108 0.0 0.0 0.0 0.0 0.0 0.0 0.0
5922 1502.2275772094727 1526.908447265625 204.34809461196636 0.0 0.0 0.0 0.0 0.0 0.0 0.0
5943 1463.2749404907227 1516.284912109375 211.07601521210603 0.0 0.0 0.0 0.0 0.0 0.0 0.0
5957 1431.4045791625977 1509.20263671875 214.70461490277324 0.0 0.0 0.0 0.0 0.0 0.0 0.0
5974 1403.0754776000977 1502.120361328125 217.59308000842816 0.0 0.0 0.0 0.0 0.0 0.0 0.0
5995 1374.7462539672852 1495.0380859375 219.88600262868556 0.0 0.0 0.0 0.0 0.0 0.0 0.0
6009 1339.3347549438477 1487.955810546875 221.3619176636406 0.0 0.0 0.0 0.0 0.0 0.0 0.0
6027 1307.4645156860352 1484.4146728515625 221.2645173701979 0.0 0.0 0.0 0.0 0.0 0.0 0.0
6045 1286.2175674438477 1484.4146728515625 220.1921730907626 0.0 0.0 0.0 0.0 0.0 0.0 0.0
6065 1254.3473281860352 1480.87353515625 220.3572273606963 0.0 0.0 0.0 0.0 0.0 0.0 0.0
6079 1233.1003799438477 1480.87353515625 219.43029351276 0.0 0.0 0.0 0.0 0.0 0.0 0.0
6097 1211.8535537719727 1480.87353515625 218.65206378176782 0.0 0.0 0.0 0.0 0.0 0.0 0.0
6112 1187.0654678344727 1480.87353515625 217.90977420554526 0.0 0.0 0.0 0.0 0.0 0.0 0.0
6129 1172.9009170532227 1480.87353515625 217.5335535400273 0.0 0.0 0.0 0.0 0.0 0.0 0.0
6146 1151.6540908813477 1480.87353515625 217.05990053814372 0.0 0.0 0.0 0.0 0.0 0.0 0.0
6169 1133.9482803344727 1480.87353515625 216.719568252859 0.0 0.0 0.0 0.0 0.0 0.0 0.0
6190 1119.7837295532227 1480.87353515625 216.4780716519706 0.0 0.0 0.0 0.0 0.0 0.0 0.0
6203 1105.6191787719727 1484.4146728515625 214.64098089434964 0.0 0.0 0.0 0.0 0.0 0.0 0.0
6220 1091.4545059204102 1487.955810546875 213.0126783065661 0.0 0.0 0.0 0.0 0.0 0.0 0.0
6236 1077.2899551391602 1495.0380859375 209.95457927932972 0.0 0.0 0.0 0.0 0.0 0.0 0.0
6250 1066.6665420532227 1502.120361328125 207.04573001965275 0.0 0.0 0.0 0.0 0.0 0.0 0.0
6273 1056.0431289672852 1509.20263671875 204.41236168889583 0.0 0.0 0.0 0.0 0.0 0.0 0.0
6284 1048.9608535766602 1516.284912109375 201.66282254466927 0.0 0.0 0.0 0.0 0.0 0.0 0.0
6308 1048.9608535766602 1523.3673095703125 198.15028340879655 0.0 0.0 0.0 0.0 0.0 0.0 0.0
6319 1045.4197158813477 1533.99072265625 193.67103354966378 0.0 0.0 0.0 0.0 0.0 0.0 0.0
6339 1045.4197158813477 1544.6141357421875 188.72495446608923 0.0 0.0 0.0 0.0 0.0 0.0 0.0
6358 1052.5019912719727 1555.237548828125 182.11389825542403 0.0 0.0 0.0 0.0 0.0 0.0 0.0
6370 1070.2076797485352 1569.402099609375 170.40670032137456 0.0 0.0 0.0 0.0 0.0 0.0 0.0
6389 1087.9133682250977 1583.5667724609375 158.6447394469177 0.0 0.0 0.0 0.0 0.0 0.0 0.0
6404 1116.2425918579102 1590.6490478515625 143.42956155819883 0.0 0.0 0.0 0.0 0.0 0.0 0.0
6422 1148.1129531860352 1594.190185546875 126.66646907689706 0.0 0.0 0.0 0.0 0.0 0.0 0.0
6439 1183.5243301391602 1597.7313232421875 109.2368548084085 0.0 0.0 0.0 0.0 0.0 0.0 0.0
6456 1222.4769668579102 1597.7313232421875 92.01546421384266 0.0 0.0 0.0 0.0 0.0 0.0 0.0
6473 1261.4296035766602 1597.7313232421875 78.0345465221677 0.0 0.0 0.0 0.0 0.0 0.0 0.0
6493 1293.2998428344727 1597.7313232421875 68.74651888188814 0.0 0.0 0.0 0.0 0.0 0.0 0.0
6508 1328.7113418579102 1590.6490478515625 58.04307173224646 0.0 0.0 0.0 0.0 0.0 0.0 0.0
6526 1357.0405654907227 1583.5667724609375 50.49014627238519 0.0 0.0 0.0 0.0 0.0 0.0 0.0
6543 1381.8285293579102 1572.943359375 43.136895844900906 0.0 0.0 0.0 0.0 0.0 0.0 0.0
6560 1406.6166152954102 1558.7786865234375 35.5753939455054 0.0 0.0 0.0 0.0 0.0 0.0 0.0
6577 1427.8634414672852 1544.6141357421875 29.28836352016978 0.0 0.0 0.0 0.0 0.0 0.0 0.0
6597 1445.5692520141602 1523.3673095703125 20.77871481702674 0.0 0.0 0.0 0.0 0.0 0.0 0.0
6615 1466.8160781860352 1505.6614990234375 15.674946508670288 0.0 0.0 0.0 0.0 0.0 0.0 0.0
6631 1491.6040420532227 1487.955810546875 12.114271700599701 0.0 0.0 0.0 0.0 0.0 0.0 0.0
6646 1519.9332656860352 1466.7088623046875 8.643615486799135 0.0 0.0 0.0 0.0 0.0 0.0 0.0
6664 1548.2624893188477 1452.5443115234375 8.505606936574424 0.0 0.0 0.0 0.0 0.0 0.0 0.0
6681 1569.5093154907227 1434.838623046875 5.7783717208760805 0.0 0.0 0.0 0.0 0.0 0.0 0.0
6698 1594.2972793579102 1420.674072265625 5.5867591230992275 0.0 0.0 0.0 0.0 0.0 0.0 0.0
6716 1622.6265029907227 1402.96826171875 4.891183268490565 0.0 0.0 0.0 0.0 0.0 0.0 0.0
6733 1647.4145889282227 1392.3448486328125 6.161117449070723 0.0 0.0 0.0 0.0 0.0 0.0 0.0
6750 1665.1202774047852 1381.721435546875 5.762820751840053 0.0 0.0 0.0 0.0 0.0 0.0 0.0
6768 1686.3671035766602 1374.63916015625 7.503514837517621 0.0 0.0 0.0 0.0 0.0 0.0 0.0
6785 1714.6963272094727 1371.0980224609375 11.551461732769539 0.0 0.0 0.0 0.0 0.0 0.0 0.0
6802 1735.9431533813477 1371.0980224609375 15.19884873582285 0.0 0.0 0.0 0.0 0.0 0.0 0.0
6820 1764.2723770141602 1371.0980224609375 19.10882935621916 0.0 0.0 0.0 0.0 0.0 0.0 0.0
6845 1789.0603408813477 1371.0980224609375 21.919161651071846 0.0 0.0 0.0 0.0 0.0 0.0 0.0
6855 1810.3072891235352 1371.0980224609375 23.94691572754975 0.0 0.0 0.0 0.0 0.0 0.0 0.0
6877 1828.0129776000977 1374.63916015625 26.974304724994596 0.0 0.0 0.0 0.0 0.0 0.0 0.0
6896 1842.1775283813477 1385.2625732421875 32.71048736525795 0.0 0.0 0.0 0.0 0.0 0.0 0.0
6906 1849.2599258422852 1395.885986328125 37.98138964045914 0.0 0.0 0.0 0.0 0.0 0.0 0.0
6926 1856.3422012329102 1410.050537109375 44.57031028070607 0.0 0.0 0.0 0.0 0.0 0.0 0.0
6943 1863.4244766235352 1417.1328125 47.3335278206946 0.0 0.0 0.0 0.0 0.0 0.0 0.0
6960 1866.9656143188477 1424.2152099609375 50.359692835915865 0.0 0.0 0.0 0.0 0.0 0.0 0.0
6980 1870.5067520141602 1427.75634765625 51.57522652212437 0.0 0.0 0.0 0.0 0.0 0.0 0.0
6994 1870.5067520141602 1434.838623046875 55.00711068075752 0.0 0.0 0.0 0.0 0.0 0.0 0.0
7011 1870.5067520141602 1441.9208984375 58.35840300071827 0.0 0.0 0.0 0.0 0.0 0.0 0.0
7030 1870.5067520141602 1445.4620361328125 60.011320415039236 0.0 0.0 0.0 0.0 0.0 0.0 0.0
7047 1870.5067520141602 1449.003173828125 61.64127373051528 0.0 0.0 0.0 0.0 0.0 0.0 0.0
7067 1870.5067520141602 1452.5443115234375 63.247178859812564 0.0 0.0 0.0 0.0 0.0 0.0 0.0
7081 1870.5067520141602 1459.6265869140625 66.36012182794309 0.0 0.0 0.0 0.0 0.0 0.0 0.0
7098 1870.5067520141602 1466.7088623046875 69.36749275328486 0.0 0.0 0.0 0.0 0.0 0.0 0.0
7116 1866.9656143188477 1470.2501220703125 71.93319517683896 0.0 0.0 0.0 0.0 0.0 0.0 0.0
7134 1856.3422012329102 1480.87353515625 79.72084525324944 0.0 0.0 0.0 0.0 0.0 0.0 0.0
7151 1831.5541152954102 1491.4969482421875 93.6682030971685 0.0 0.0 0.0 0.0 0.0 0.0 0.0
7168 1803.2250137329102 1495.0380859375 108.3990918114091 0.0 0.0 0.0 0.0 0.0 0.0 0.0
7185 1774.8957901000977 1498.5792236328125 123.24298770376224 0.0 0.0 0.0 0.0 0.0 0.0 0.0
7202 1743.0254287719727 1502.120361328125 138.9403601192716 0.0 0.0 0.0 0.0 0.0 0.0 0.0
7220 1714.6963272094727 1505.6614990234375 151.29145062280065 0.0 0.0 0.0 0.0 0.0 0.0 0.0
7237 1682.8259658813477 1505.6614990234375 164.10331343913532 0.0 0.0 0.0 0.0 0.0 0.0 0.0
7255 1658.0380020141602 1505.6614990234375 172.6896801112656 0.0 0.0 0.0 0.0 0.0 0.0 0.0
7272 1629.7087783813477 1505.6614990234375 180.84824251545263 0.0 0.0 0.0 0.0 0.0 0.0 0.0
7289 1597.8385391235352 1498.5792236328125 190.87361323494196 0.0 0.0 0.0 0.0 0.0 0.0 0.0
7306 1580.1327285766602 1491.4969482421875 197.12312396260046 0.0 0.0 0.0 0.0 0.0 0.0 0.0
7332 1562.4270401000977 1484.4146728515625 202.610423590454 0.0 0.0 0.0 0.0 0.0 0.0 0.0
7342 1530.5566787719727 1477.3323974609375 208.11265348277811 0.0 0.0 0.0 0.0 0.0 0.0 0.0
7365 1505.7687149047852 1473.791259765625 210.7883458961507 0.0 0.0 0.0 0.0 0.0 0.0 0.0
7380 1480.9806289672852 1470.2501220703125 212.97793517484274 0.0 0.0 0.0 0.0 0.0 0.0 0.0
7398 1456.1926651000977 1466.7088623046875 214.76793466048883 0.0 0.0 0.0 0.0 0.0 0.0 0.0
7414 1427.8634414672852 1463.167724609375 216.18834561502496 0.0 0.0 0.0 0.0 0.0 0.0 0.0
7432 1399.5343399047852 1463.167724609375 215.86260958952226 0.0 0.0 0.0 0.0 0.0 0.0 0.0
7443 1367.6639785766602 1459.6265869140625 216.99827549639411 0.0 0.0 0.0 0.0 0.0 0.0 0.0
7466 1332.2524795532227 1459.6265869140625 216.4147727655046 0.0 0.0 0.0 0.0 0.0 0.0 0.0
7478 1296.8411026000977 1459.6265869140625 215.97251200291475 0.0 0.0 0.0 0.0 0.0 0.0 0.0
7497 1272.0530166625977 1459.6265869140625 215.71950446453872 0.0 0.0 0.0 0.0 0.0 0.0 0.0
7525 1240.1826553344727 1459.6265869140625 215.4668098630779 0.0 0.0 0.0 0.0 0.0 0.0 0.0
7529 1222.4769668579102 1466.7088623046875 212.19095776384006 0.0 0.0 0.0 0.0 0.0 0.0 0.0
7550 1204.7712783813477 1473.791259765625 209.37609161555815 0.0 0.0 0.0 0.0 0.0 0.0 0.0
7566 1194.1478652954102 1480.87353515625 206.52158801894979 0.0 0.0 0.0 0.0 0.0 0.0 0.0
7586 1183.5243301391602 1487.955810546875 203.9384191786192 0.0 0.0 0.0 0.0 0.0 0.0 0.0
7602 1176.4420547485352 1495.0380859375 201.2226422495889 0.0 0.0 0.0 0.0 0.0 0.0 0.0
7619 1172.9009170532227 1502.120361328125 198.2251797986304 0.0 0.0 0.0 0.0 0.0 0.0 0.0
7633 1169.3597793579102 1509.20263671875 195.37042239126913 0.0 0.0 0.0 0.0 0.0 0.0 0.0
7650 1165.8186416625977 1519.826171875 191.0631644951349 0.0 0.0 0.0 0.0 0.0 0.0 0.0
7669 1165.8186416625977 1526.908447265625 187.79449975917595 0.0 0.0 0.0 0.0 0.0 0.0 0.0
7684 1165.8186416625977 1537.5318603515625 183.10744870535768 0.0 0.0 0.0 0.0 0.0 0.0 0.0
7702 1165.8186416625977 1548.1552734375 178.65770158873863 0.0 0.0 0.0 0.0 0.0 0.0 0.0
7719 1165.8186416625977 1555.237548828125 175.803630751649 0.0 0.0 0.0 0.0 0.0 0.0 0.0
7736 1169.3597793579102 1562.31982421875 171.87024123966313 0.0 0.0 0.0 0.0 0.0 0.0 0.0
7753 1183.5243301391602 1569.402099609375 163.86096425065045 0.0 0.0 0.0 0.0 0.0 0.0 0.0
7770 1208.3124160766602 1572.943359375 151.51629379702683 0.0 0.0 0.0 0.0 0.0 0.0 0.0
7788 1233.1003799438477 1576.4844970703125 138.53247062400595 0.0 0.0 0.0 0.0 0.0 0.0 0.0
7805 1264.9707412719727 1576.4844970703125 121.84707931168062 0.0 0.0 0.0 0.0 0.0 0.0 0.0
7822 1296.8411026000977 1576.4844970703125 106.0336320902063 0.0 0.0 0.0 0.0 0.0 0.0 0.0
7839 1328.7113418579102 1576.4844970703125 92.01520955870915 0.0 0.0 0.0 0.0 0.0 0.0 0.0
7857 1360.5817031860352 1576.4844970703125 80.16792635229613 0.0 0.0 0.0 0.0 0.0 0.0 0.0
7874 1388.9108047485352 1565.8609619140625 67.50154738512954 0.0 0.0 0.0 0.0 0.0 0.0 0.0
7891 1420.7811660766602 1551.6964111328125 54.832115969673026 0.0 0.0 0.0 0.0 0.0 0.0 0.0
7910 1449.1103897094727 1533.99072265625 43.45955846186773 0.0 0.0 0.0 0.0 0.0 0.0 0.0
7927 1477.4394912719727 1516.284912109375 34.335728203267706 0.0 0.0 0.0 0.0 0.0 0.0 0.0
7945 1505.7687149047852 1505.6614990234375 30.024037855792912 0.0 0.0 0.0 0.0 0.0 0.0 0.0
7961 1527.0155410766602 1491.4969482421875 24.692348014833044 0.0 0.0 0.0 0.0 0.0 0.0 0.0
7978 1548.2624893188477 1477.3323974609375 20.303611645510614 0.0 0.0 0.0 0.0 0.0 0.0 0.0
7995 1573.0504531860352 1463.167724609375 17.15570662715473 0.0 0.0 0.0 0.0 0.0 0.0 0.0
8012 1597.8385391235352 1449.003173828125 14.643539409436087 0.0 0.0 0.0 0.0 0.0 0.0 0.0
8029 1619.0853652954102 1438.3797607421875 13.476655222931115 0.0 0.0 0.0 0.0 0.0 0.0 0.0
8052 1647.4145889282227 1427.75634765625 13.59561892252539 0.0 0.0 0.0 0.0 0.0 0.0 0.0
8069 1665.1202774047852 1420.674072265625 13.476818627553186 0.0 0.0 0.0 0.0 0.0 0.0 0.0
8086 1689.9082412719727 1410.050537109375 13.06831286461339 0.0 0.0 0.0 0.0 0.0 0.0 0.0
8102 1718.2374649047852 1406.5093994140625 16.001205117371043 0.0 0.0 0.0 0.0 0.0 0.0 0.0
8120 1750.1078262329102 1406.5093994140625 20.1194727853388 0.0 0.0 0.0 0.0 0.0 0.0 0.0
8137 1771.3546524047852 1406.5093994140625 22.43200170317023 0.0 0.0 0.0 0.0 0.0 0.0 0.0
8154 1792.6014785766602 1406.5093994140625 24.378387320795568 0.0 0.0 0.0 0.0 0.0 0.0 0.0
8171 1806.7661514282227 1406.5093994140625 25.53068693125296 0.0 0.0 0.0 0.0 0.0 0.0 0.0
8190 1820.9307022094727 1406.5093994140625 26.553714742723983 0.0 0.0 0.0 0.0 0.0 0.0 0.0
8205 1828.0129776000977 1410.050537109375 28.747071859420004 0.0 0.0 0.0 0.0 0.0 0.0 0.0
8223 1831.5541152954102 1420.674072265625 34.25589706085421 0.0 0.0 0.0 0.0 0.0 0.0 0.0
8237 1835.0952529907227 1427.75634765625 37.80942185200949 0.0 0.0 0.0 0.0 0.0 0.0 0.0
8258 1838.6363906860352 1434.838623046875 41.234822270473984 0.0 0.0 0.0 0.0 0.0 0.0 0.0
8272 1842.1775283813477 1438.3797607421875 42.785257660641534 0.0 0.0 0.0 0.0 0.0 0.0 0.0
8288 1845.7186660766602 1445.4620361328125 46.011809345992106 0.0 0.0 0.0 0.0 0.0 0.0 0.0
8305 1849.2599258422852 1452.5443115234375 49.09791310953419 0.0 0.0 0.0 0.0 0.0 0.0 0.0
8322 1849.2599258422852 1456.08544921875 50.85486223987952 0.0 0.0 0.0 0.0 0.0 0.0 0.0
8340 1849.2599258422852 1463.167724609375 54.302238852542544 0.0 0.0 0.0 0.0 0.0 0.0 0.0
8357 1849.2599258422852 1470.2501220703125 57.671050940992316 0.0 0.0 0.0 0.0 0.0 0.0 0.0
8373 1852.8010635375977 1477.3323974609375 60.182009851579835 0.0 0.0 0.0 0.0 0.0 0.0 0.0
8391 1852.8010635375977 1484.4146728515625 63.390739329666616 0.0 0.0 0.0 0.0 0.0 0.0 0.0
8408 1852.8010635375977 1495.0380859375 67.97924271309891 0.0 0.0 0.0 0.0 0.0 0.0 0.0
8425 1852.8010635375977 1502.120361328125 70.92856711592198 0.0 0.0 0.0 0.0 0.0 0.0 0.0
8444 1852.8010635375977 1512.7437744140625 75.10560921703241 0.0 0.0 0.0 0.0 0.0 0.0 0.0
8459 1852.8010635375977 1523.3673095703125 79.02829841226405 0.0 0.0 0.0 0.0 0.0 0.0 0.0
8477 1845.7186660766602 1530.4495849609375 84.19441385360808 0.0 0.0 0.0 0.0 0.0 0.0 0.0
8493 1838.6363906860352 1541.072998046875 90.32158277118371 0.0 0.0 0.0 0.0 0.0 0.0 0.0
8509 1831.5541152954102 1548.1552734375 95.31002966240935 0.0 0.0 0.0 0.0 0.0 0.0 0.0
8526 1828.0129776000977 1551.6964111328125 97.7694929633047 0.0 0.0 0.0 0.0 0.0 0.0 0.0
8544 1810.3072891235352 1555.237548828125 107.08690749202383 0.0 0.0 0.0 0.0 0.0 0.0 0.0
8562 1785.5192031860352 1562.31982421875 120.25205587601594 0.0 0.0 0.0 0.0 0.0 0.0 0.0
8579 1757.1901016235352 1562.31982421875 134.8151653067875 0.0 0.0 0.0 0.0 0.0 0.0 0.0
8596 1732.4020156860352 1565.8609619140625 146.1312280137097 0.0 0.0 0.0 0.0 0.0 0.0 0.0
8613 1714.6963272094727 1565.8609619140625 154.11814059158536 0.0 0.0 0.0 0.0 0.0 0.0 0.0
8630 1686.3671035766602 1565.8609619140625 165.2874626087132 0.0 0.0 0.0 0.0 0.0 0.0 0.0
8648 1661.5791397094727 1562.31982421875 174.91830262655316 0.0 0.0 0.0 0.0 0.0 0.0 0.0
8665 1626.1676406860352 1555.237548828125 186.7774060717793 0.0 0.0 0.0 0.0 0.0 0.0 0.0
8682 1590.7561416625977 1544.6141357421875 197.4716342931361 0.0 0.0 0.0 0.0 0.0 0.0 0.0
8699 1555.3447647094727 1537.5318603515625 204.34390408027315 0.0 0.0 0.0 0.0 0.0 0.0 0.0
8716 1523.4744033813477 1526.908447265625 210.89678501797124 0.0 0.0 0.0 0.0 0.0 0.0 0.0
8734 1488.0629043579102 1516.284912109375 215.95496479659926 0.0 0.0 0.0 0.0 0.0 0.0 0.0
8751 1452.6515274047852 1505.6614990234375 219.7716516388669 0.0 0.0 0.0 0.0 0.0 0.0 0.0
8768 1417.2400283813477 1495.0380859375 222.64386114615473 0.0 0.0 0.0 0.0 0.0 0.0 0.0
8786 1381.8285293579102 1484.4146728515625 224.80206451812995 0.0 0.0 0.0 0.0 0.0 0.0 0.0
8803 1357.0405654907227 1477.3323974609375 225.88230102734536 0.0 0.0 0.0 0.0 0.0 0.0 0.0
8838 1311.0056533813477 1470.2501220703125 225.12844834612832 0.0 0.0 0.0 0.0 0.0 0.0 0.0
8864 1293.2998428344727 1466.7088623046875 225.23618722370014 0.0 0.0 0.0 0.0 0.0 0.0 0.0
8871 1272.0530166625977 1466.7088623046875 223.52942272717956 0.0 0.0 0.0 0.0 0.0 0.0 0.0
8906 1240.1826553344727 1466.7088623046875 221.53648441901538 0.0 0.0 0.0 0.0 0.0 0.0 0.0
8931 1226.0181045532227 1466.7088623046875 220.7506499352216 0.0 0.0 0.0 0.0 0.0 0.0 0.0
8945 1211.8535537719727 1466.7088623046875 220.05343171117676 0.0 0.0 0.0 0.0 0.0 0.0 0.0
8962 1197.6890029907227 1466.7088623046875 219.43489975307875 0.0 0.0 0.0 0.0 0.0 0.0 0.0
8981 1183.5243301391602 1466.7088623046875 218.88621349210888 0.0 0.0 0.0 0.0 0.0 0.0 0.0
8995 1162.2775039672852 1473.791259765625 215.12143469255074 0.0 0.0 0.0 0.0 0.0 0.0 0.0
9015 1151.6540908813477 1480.87353515625 211.737162031335 0.0 0.0 0.0 0.0 0.0 0.0 0.0
9030 1137.4894180297852 1487.955810546875 208.82902312226503 0.0 0.0 0.0 0.0 0.0 0.0 0.0
9048 1126.8660049438477 1487.955810546875 209.33191268106452 0.0 0.0 0.0 0.0 0.0 0.0 0.0
9063 1123.3248672485352 1491.4969482421875 207.7332525494282 0.0 0.0 0.0 0.0 0.0 0.0 0.0
9083 1119.7837295532227 1495.0380859375 206.18998166349087 0.0 0.0 0.0 0.0 0.0 0.0 0.0
9114 1119.7837295532227 1498.5792236328125 204.38869563759158 0.0 0.0 0.0 0.0 0.0 0.0 0.0
9138 1119.7837295532227 1498.5792236328125 204.38875193079042 0.0 0.0 0.0 0.0 0.0 0.0 0.0
9163 1123.3248672485352 1502.120361328125 202.20860791465805 0.0 0.0 0.0 0.0 0.0 0.0 0.0
9179 1126.8660049438477 1505.6614990234375 199.97566751581923 0.0 0.0 0.0 0.0 0.0 0.0 0.0
9196 1130.4071426391602 1505.6614990234375 199.4993393411923 0.0 0.0 0.0 0.0 0.0 0.0 0.0
9214 1133.9482803344727 1509.20263671875 197.20576159372592 0.0 0.0 0.0 0.0 0.0 0.0 0.0
9232 1141.0305557250977 1512.7437744140625 194.21489723769787 0.0 0.0 0.0 0.0 0.0 0.0 0.0
9251 1158.7363662719727 1516.284912109375 188.5443764094711 0.0 0.0 0.0 0.0 0.0 0.0 0.0
9267 1176.4420547485352 1516.284912109375 183.8648124020841 0.0 0.0 0.0 0.0 0.0 0.0 0.0
9284 1201.2301406860352 1516.284912109375 175.816984574343 0.0 0.0 0.0 0.0 0.0 0.0 0.0
9303 1236.6415176391602 1516.284912109375 160.9044555036005 0.0 0.0 0.0 0.0 0.0 0.0 0.0
9318 1268.5118789672852 1516.284912109375 145.30850885174118 0.0 0.0 0.0 0.0 0.0 0.0 0.0
9336 1307.4645156860352 1512.7437744140625 124.74576775383149 0.0 0.0 0.0 0.0 0.0 0.0 0.0
9352 1339.3347549438477 1505.6614990234375 107.67248785497544 0.0 0.0 0.0 0.0 0.0 0.0 0.0
9370 1374.7462539672852 1498.5792236328125 90.23195967322674 0.0 0.0 0.0 0.0 0.0 0.0 0.0
9387 1406.6166152954102 1491.4969482421875 76.39136680555926 0.0 0.0 0.0 0.0 0.0 0.0 0.0
9404 1431.4045791625977 1484.4146728515625 66.46861503703141 0.0 0.0 0.0 0.0 0.0 0.0 0.0
9421 1459.7338027954102 1473.791259765625 55.96204528913893 0.0 0.0 0.0 0.0 0.0 0.0 0.0
9438 1484.5217666625977 1459.6265869140625 46.17152219075474 0.0 0.0 0.0 0.0 0.0 0.0 0.0
9455 1509.3098526000977 1445.4620361328125 38.061872798769016 0.0 0.0 0.0 0.0 0.0 0.0 0.0
9472 1541.1800918579102 1431.2974853515625 31.59748240241541 0.0 0.0 0.0 0.0 0.0 0.0 0.0
9490 1565.9681777954102 1420.674072265625 27.68408131627409 0.0 0.0 0.0 0.0 0.0 0.0 0.0
9506 1590.7561416625977 1406.5093994140625 23.065434958513222 0.0 0.0 0.0 0.0 0.0 0.0 0.0
9523 1615.5442276000977 1395.885986328125 20.7887286652295 0.0 0.0 0.0 0.0 0.0 0.0 0.0
9540 1640.3321914672852 1381.721435546875 17.543323036131127 0.0 0.0 0.0 0.0 0.0 0.0 0.0
9558 1665.1202774047852 1371.0980224609375 16.340360282868374 0.0 0.0 0.0 0.0 0.0 0.0 0.0
9576 1686.3671035766602 1364.015625 16.308738249494255 0.0 0.0 0.0 0.0 0.0 0.0 0.0
9593 1718.2374649047852 1353.3922119140625 16.272430284905226 0.0 0.0 0.0 0.0 0.0 0.0 0.0
9611 1746.5665664672852 1349.85107421875 18.55697065939242 0.0 0.0 0.0 0.0 0.0 0.0 0.0
9633 1771.3546524047852 1346.3099365234375 20.01014245266458 0.0 0.0 0.0 0.0 0.0 0.0 0.0
9645 1792.6014785766602 1346.3099365234375 22.339966894766334 0.0 0.0 0.0 0.0 0.0 0.0 0.0
9670 1810.3072891235352 1346.3099365234375 24.01843413271719 0.0 0.0 0.0 0.0 0.0 0.0 0.0
9680 1824.4718399047852 1346.3099365234375 25.211028316906223 0.0 0.0 0.0 0.0 0.0 0.0 0.0
9702 1831.5541152954102 1346.3099365234375 25.771911792643863 0.0 0.0 0.0 0.0 0.0 0.0 0.0
9720 1842.1775283813477 1349.85107421875 28.201815749889406 0.0 0.0 0.0 0.0 0.0 0.0 0.0
9735 1845.7186660766602 1353.3922119140625 30.16773023412553 0.0 0.0 0.0 0.0 0.0 0.0 0.0
9754 1849.2599258422852 1356.933349609375 32.076407982336875 0.0 0.0 0.0 0.0 0.0 0.0 0.0
9766 1849.2599258422852 1360.4744873046875 33.906518750006015 0.0 0.0 0.0 0.0 0.0 0.0 0.0
9786 1852.8010635375977 1364.015625 35.700817367094416 0.0 0.0 0.0 0.0 0.0 0.0 0.0
9803 1852.8010635375977 1367.5567626953125 37.52863805399558 0.0 0.0 0.0 0.0 0.0 0.0 0.0
9819 1856.3422012329102 1371.0980224609375 39.20556768873172 0.0 0.0 0.0 0.0 0.0 0.0 0.0
9836 1856.3422012329102 1378.1802978515625 42.83002518485338 0.0 0.0 0.0 0.0 0.0 0.0 0.0
9853 1856.3422012329102 1385.2625732421875 46.414468214542424 0.0 0.0 0.0 0.0 0.0 0.0 0.0
9871 1859.8833389282227 1392.3448486328125 49.48244767232754 0.0 0.0 0.0 0.0 0.0 0.0 0.0
9889 1859.8833389282227 1399.4271240234375 52.957917606025575 0.0 0.0 0.0 0.0 0.0 0.0 0.0
9907 1859.8833389282227 1402.96826171875 54.67676531469846 0.0 0.0 0.0 0.0 0.0 0.0 0.0
9923 1859.8833389282227 1406.5093994140625 56.3762178735538 0.0 0.0 0.0 0.0 0.0 0.0 0.0
9940 1859.8833389282227 1413.5916748046875 59.69218171295297 0.0 0.0 0.0 0.0 0.0 0.0 0.0
9958 1859.8833389282227 1417.1328125 61.326589297913245 0.0 0.0 0.0 0.0 0.0 0.0 0.0
9975 1859.8833389282227 1424.2152099609375 64.50060329486591 0.0 0.0 0.0 0.0 0.0 0.0 0.0
9992 1856.3422012329102 1427.75634765625 67.02734885648097 0.0 0.0 0.0 0.0 0.0 0.0 0.0
10010 1849.2599258422852 1431.2974853515625 70.66400028145516 0.0 0.0 0.0 0.0 0.0 0.0 0.0
10028 1831.5541152954102 1438.3797607421875 79.77247358234241 0.0 0.0 0.0 0.0 0.0 0.0 0.0
10045 1810.3072891235352 1441.9208984375 89.89412216198407 0.0 0.0 0.0 0.0 0.0 0.0 0.0
10063 1781.9780654907227 1445.4620361328125 104.42217554840424 0.0 0.0 0.0 0.0 0.0 0.0 0.0
10079 1760.7312393188477 1445.4620361328125 115.32429404032864 0.0 0.0 0.0 0.0 0.0 0.0 0.0
10097 1735.9431533813477 1445.4620361328125 128.2167548149484 0.0 0.0 0.0 0.0 0.0 0.0 0.0
10114 1700.5317764282227 1445.4620361328125 145.5669422770598 0.0 0.0 0.0 0.0 0.0 0.0 0.0
10140 1672.2025527954102 1445.4620361328125 157.8964782915969 0.0 0.0 0.0 0.0 0.0 0.0 0.0
10149 1640.3321914672852 1445.4620361328125 169.6176002674402 0.0 0.0 0.0 0.0 0.0 0.0 0.0
10172 1626.1676406860352 1445.4620361328125 174.35106666015554 0.0 0.0 0.0 0.0 0.0 0.0 0.0
10187 1608.4619522094727 1445.4620361328125 179.60426840280576 0.0 0.0 0.0 0.0 0.0 0.0 0.0
10208 1590.7561416625977 1445.4620361328125 184.23310861923818 0.0 0.0 0.0 0.0 0.0 0.0 0.0
10219 1576.5915908813477 1441.9208984375 189.045892334192 0.0 0.0 0.0 0.0 0.0 0.0 0.0
10240 1555.3447647094727 1438.3797607421875 194.53758063837205 0.0 0.0 0.0 0.0 0.0 0.0 0.0
10255 1534.0978164672852 1434.838623046875 199.21745735272185 0.0 0.0 0.0 0.0 0.0 0.0 0.0
10271 1502.2275772094727 1427.75634765625 205.4567969904952 0.0 0.0 0.0 0.0 0.0 0.0 0.0
10288 1480.9806289672852 1424.2152099609375 208.45128062345765 0.0 0.0 0.0 0.0 0.0 0.0 0.0
10305 1456.1926651000977 1417.1328125 212.56463557854772 0.0 0.0 0.0 0.0 0.0 0.0 0.0
10322 1431.4045791625977 1410.050537109375 215.92619474335453 0.0 0.0 0.0 0.0 0.0 0.0 0.0
10339 1399.5343399047852 1402.96826171875 218.46483995293755 0.0 0.0 0.0 0.0 0.0 0.0 0.0
10356 1364.1228408813477 1395.885986328125 220.2890013076448 0.0 0.0 0.0 0.0 0.0 0.0 0.0
10372 1328.7113418579102 1388.8037109375 221.66609873489944 0.0 0.0 0.0 0.0 0.0 0.0 0.0
10390 1296.8411026000977 1385.2625732421875 221.50046689487584 0.0 0.0 0.0 0.0 0.0 0.0 0.0
10418 1272.0530166625977 1381.721435546875 221.72471270498028 0.0 0.0 0.0 0.0 0.0 0.0 0.0
10424 1240.1826553344727 1381.721435546875 220.13298675608127 0.0 0.0 0.0 0.0 0.0 0.0 0.0
10442 1215.3946914672852 1381.721435546875 219.12059807932638 0.0 0.0 0.0 0.0 0.0 0.0 0.0
10460 1190.6066055297852 1381.721435546875 218.2927969790694 0.0 0.0 0.0 0.0 0.0 0.0 0.0
10477 1165.8186416625977 1381.721435546875 217.6160344533618 0.0 0.0 0.0 0.0 0.0 0.0 0.0
10494 1148.1129531860352 1381.721435546875 217.1991280661237 0.0 0.0 0.0 0.0 0.0 0.0 0.0
10511 1137.4894180297852 1381.721435546875 216.9708371746978 0.0 0.0 0.0 0.0 0.0 0.0 0.0
10528 1123.3248672485352 1385.2625732421875 215.0780077962932 0.0 0.0 0.0 0.0 0.0 0.0 0.0
10545 1112.7014541625977 1388.8037109375 213.36538771317606 0.0 0.0 0.0 0.0 0.0 0.0 0.0
10562 1105.6191787719727 1392.3448486328125 211.72055851744477 0.0 0.0 0.0 0.0 0.0 0.0 0.0
10579 1094.9957656860352 1399.4271240234375 208.647098365315 0.0 0.0 0.0 0.0 0.0 0.0 0.0
10596 1091.4545059204102 1402.96826171875 207.07206804816752 0.0 0.0 0.0 0.0 0.0 0.0 0.0
10613 1087.9133682250977 1410.050537109375 203.8169519499914 0.0 0.0 0.0 0.0 0.0 0.0 0.0
10631 1084.3722305297852 1413.5916748046875 202.4139880989065 0.0 0.0 0.0 0.0 0.0 0.0 0.0
10649 1084.3722305297852 1417.1328125 200.6377234992804 0.0 0.0 0.0 0.0 0.0 0.0 0.0
10667 1077.2899551391602 1420.674072265625 199.80230443106706 0.0 0.0 0.0 0.0 0.0 0.0 0.0
10684 1077.2899551391602 1427.75634765625 196.32470382270913 0.0 0.0 0.0 0.0 0.0 0.0 0.0
10701 1077.2899551391602 1431.2974853515625 194.604723521413 0.0 0.0 0.0 0.0 0.0 0.0 0.0
10718 1077.2899551391602 1441.9208984375 189.62163093686843 0.0 0.0 0.0 0.0 0.0 0.0 0.0
10735 1084.3722305297852 1445.4620361328125 186.27281043602937 0.0 0.0 0.0 0.0 0.0 0.0 0.0
10753 1094.9957656860352 1449.003173828125 181.75397707150347 0.0 0.0 0.0 0.0 0.0 0.0 0.0
10772 1109.1603164672852 1456.08544921875 174.20176849571953 0.0 0.0 0.0 0.0 0.0 0.0 0.0
10789 1126.8660049438477 1459.6265869140625 166.11165879511748 0.0 0.0 0.0 0.0 0.0 0.0 0.0
10806 1144.5718154907227 1463.167724609375 157.39644740093507 0.0 0.0 0.0 0.0 0.0 0.0 0.0
10829 1172.9009170532227 1466.7088623046875 142.75763420239838 0.0 0.0 0.0 0.0 0.0 0.0 0.0
10844 1208.3124160766602 1470.2501220703125 124.14735753412309 0.0 0.0 0.0 0.0 0.0 0.0 0.0
10862 1240.1826553344727 1470.2501220703125 108.14431182357661 0.0 0.0 0.0 0.0 0.0 0.0 0.0
10877 1272.0530166625977 1470.2501220703125 93.84170787715574 0.0 0.0 0.0 0.0 0.0 0.0 0.0
10894 1307.4645156860352 1470.2501220703125 80.56479705678184 0.0 0.0 0.0 0.0 0.0 0.0 0.0
10910 1335.7936172485352 1470.2501220703125 71.69686531206385 0.0 0.0 0.0 0.0 0.0 0.0 0.0
10927 1364.1228408813477 1466.7088623046875 63.07363073036376 0.0 0.0 0.0 0.0 0.0 0.0 0.0
10944 1388.9108047485352 1459.6265869140625 55.126763055415736 0.0 0.0 0.0 0.0 0.0 0.0 0.0
10961 1417.2400283813477 1445.4620361328125 45.18888460309081 0.0 0.0 0.0 0.0 0.0 0.0 0.0
10980 1442.0279922485352 1427.75634765625 35.74052028233422 0.0 0.0 0.0 0.0 0.0 0.0 0.0
10995 1466.8160781860352 1410.050537109375 28.07893588022739 0.0 0.0 0.0 0.0 0.0 0.0 0.0
11012 1495.1453018188477 1395.885986328125 23.662101900331763 0.0 0.0 0.0 0.0 0.0 0.0 0.0
11029 1516.3921279907227 1381.721435546875 19.457958100160994 0.0 0.0 0.0 0.0 0.0 0.0 0.0
11048 1537.6389541625977 1364.015625 14.60528384213083 0.0 0.0 0.0 0.0 0.0 0.0 0.0
11064 1569.5093154907227 1346.3099365234375 12.363839981641746 0.0 0.0 0.0 0.0 0.0 0.0 0.0
11091 1590.7561416625977 1332.1453857421875 10.224664685024734 0.0 0.0 0.0 0.0 0.0 0.0 0.0
11099 1608.4619522094727 1325.0631103515625 10.600484927567834 0.0 0.0 0.0 0.0 0.0 0.0 0.0
11117 1636.7910537719727 1314.4395751953125 11.335752611520036 0.0 0.0 0.0 0.0 0.0 0.0 0.0
11133 1658.0380020141602 1307.3572998046875 12.144667280804427 0.0 0.0 0.0 0.0 0.0 0.0 0.0
11150 1675.7436904907227 1307.3572998046875 15.185543594669568 0.0 0.0 0.0 0.0 0.0 0.0 0.0
11167 1707.6140518188477 1307.3572998046875 19.481529509478236 0.0 0.0 0.0 0.0 0.0 0.0 0.0
11184 1735.9431533813477 1307.3572998046875 22.53884719248765 0.0 0.0 0.0 0.0 0.0 0.0 0.0
11202 1767.8135147094727 1314.4395751953125 28.05666206769 0.0 0.0 0.0 0.0 0.0 0.0 0.0
11220 1796.1426162719727 1328.604248046875 35.23043698481352 0.0 0.0 0.0 0.0 0.0 0.0 0.0
11236 1810.3072891235352 1335.6865234375 38.397427252727766 0.0 0.0 0.0 0.0 0.0 0.0 0.0
11254 1824.4718399047852 1346.3099365234375 42.790926209968674 0.0 0.0 0.0 0.0 0.0 0.0 0.0
11271 1835.0952529907227 1356.933349609375 46.978519339648244 0.0 0.0 0.0 0.0 0.0 0.0 0.0
11289 1845.7186660766602 1364.015625 49.141889390874724 0.0 0.0 0.0 0.0 0.0 0.0 0.0
11306 1852.8010635375977 1371.0980224609375 51.57361155461692 0.0 0.0 0.0 0.0 0.0 0.0 0.0
11324 1856.3422012329102 1374.63916015625 52.74227668343643 0.0 0.0 0.0 0.0 0.0 0.0 0.0
11341 1856.3422012329102 1378.1802978515625 54.46347446043282 0.0 0.0 0.0 0.0 0.0 0.0 0.0
11357 1859.8833389282227 1381.721435546875 55.51895657448536 0.0 0.0 0.0 0.0 0.0 0.0 0.0
11404 1859.8833389282227 1371.0980224609375 50.224797822766874 0.0 0.0 0.0 0.0 0.0 0.0 0.0