0 2000.0 1500.0 0 0.0 0.0 0.0 0.0 0.0 0.0 0.0
22 2000.0 1500.0 0 0.0 0.0 0.0 0.0 0.0 0.0 0.0
25 2000.0 1500.0 0 0.0 0.0 0.0 0.0 0.0 0.0 0.0
31 2000.0 1500.0 0 0.0 0.0 0.0 0.0 0.0 0.0 0.0
39 2000.0 1500.0 0 0.0 0.0 0.0 0.0 0.0 0.0 0.0
47 2000.0 1500.0 0 0.0 0.0 0.0 0.0 0.0 0.0 0.0
56 2000.0 1500.0 0 0.0 0.0 0.0 0.0 0.0 0.0 0.0
63 2000.0 1500.0 0 0.0 0.0 0.0 0.0 0.0 0.0 0.0
71 2000.0 1500.0 0 0.0 0.0 0.0 0.0 0.0 0.0 0.0
79 2000.0 1500.0 0 0.0 0.0 0.0 0.0 0.0 0.0 0.0
88 1997.16064453125 1488.6424560546875 359.83966223121547 0.0 0.0 0.0 0.0 0.0 0.0 0.0
95 1991.4818115234375 1477.284912109375 358.41049308935624 0.0 0.0 0.0 0.0 0.0 0.0 0.0
103 1985.802978515625 1468.7667236328125 356.77165203073355 0.0 0.0 0.0 0.0 0.0 0.0 0.0
111 1982.963623046875 1463.087890625 356.18176129266817 0.0 0.0 0.0 0.0 0.0 0.0 0.0
120 1980.124267578125 1457.4090576171875 355.62323338931077 0.0 0.0 0.0 0.0 0.0 0.0 0.0
127 1980.124267578125 1451.730224609375 356.4256144243416 0.0 0.0 0.0 0.0 0.0 0.0 0.0
135 1977.2847900390625 1446.051513671875 355.8540830993655 0.0 0.0 0.0 0.0 0.0 0.0 0.0
144 1974.4454345703125 1440.3726806640625 355.3130475762931 0.0 0.0 0.0 0.0 0.0 0.0 0.0
156 1968.7666015625 1431.8544921875 353.92510458098377 0.0 0.0 0.0 0.0 0.0 0.0 0.0
160 1963.087890625 1420.4969482421875 353.09353405486155 0.0 0.0 0.0 0.0 0.0 0.0 0.0
168 1957.4090576171875 1409.1392822265625 352.34652739134896 0.0 0.0 0.0 0.0 0.0 0.0 0.0
175 1954.5697021484375 1397.78173828125 352.914020875649 0.0 0.0 0.0 0.0 0.0 0.0 0.0
184 1948.890869140625 1383.584716796875 352.6285168704621 0.0 0.0 0.0 0.0 0.0 0.0 0.0
191 1943.2120361328125 1372.2271728515625 351.9288577906846 0.0 0.0 0.0 0.0 0.0 0.0 0.0
200 1937.5333251953125 1360.86962890625 351.3005877747706 0.0 0.0 0.0 0.0 0.0 0.0 0.0
207 1934.69384765625 1352.3514404296875 351.4958205295728 0.0 0.0 0.0 0.0 0.0 0.0 0.0
215 1931.8544921875 1346.672607421875 351.1881026874956 0.0 0.0 0.0 0.0 0.0 0.0 0.0
223 1929.01513671875 1340.9937744140625 350.89693924470754 0.0 0.0 0.0 0.0 0.0 0.0 0.0
231 1926.1756591796875 1332.4755859375 351.1222786311861 0.0 0.0 0.0 0.0 0.0 0.0 0.0
239 1920.4969482421875 1326.796875 349.55913901321316 0.0 0.0 0.0 0.0 0.0 0.0 0.0
247 1917.657470703125 1321.1180419921875 349.35557369765513 0.0 0.0 0.0 0.0 0.0 0.0 0.0
255 1914.818115234375 1312.599853515625 349.69588445668586 0.0 0.0 0.0 0.0 0.0 0.0 0.0
263 1911.978759765625 1306.9210205078125 349.48501672907645 0.0 0.0 0.0 0.0 0.0 0.0 0.0
272 1909.1392822265625 1301.2423095703125 349.28545788883764 0.0 0.0 0.0 0.0 0.0 0.0 0.0
279 1906.2999267578125 1295.5634765625 349.09670478337216 0.0 0.0 0.0 0.0 0.0 0.0 0.0
288 1906.2999267578125 1292.72412109375 349.66075221721405 0.0 0.0 0.0 0.0 0.0 0.0 0.0
295 1903.46044921875 1287.0452880859375 349.4517730877473 0.0 0.0 0.0 0.0 0.0 0.0 0.0
303 1900.62109375 1281.366455078125 349.2540583990342 0.0 0.0 0.0 0.0 0.0 0.0 0.0
311 1900.62109375 1278.527099609375 349.8144588168849 0.0 0.0 0.0 0.0 0.0 0.0 0.0
320 1897.78173828125 1275.687744140625 349.05000400805227 0.0 0.0 0.0 0.0 0.0 0.0 0.0
328 1897.78173828125 1272.8482666015625 349.615111603115 0.0 0.0 0.0 0.0 0.0 0.0 0.0
375 1894.9422607421875 1270.0089111328125 348.8570972094815 0.0 0.0 0.0 0.0 0.0 0.0 0.0
391 1894.9422607421875 1267.1695556640625 349.42658732584624 0.0 0.0 0.0 0.0 0.0 0.0 0.0
399 1892.1029052734375 1264.330078125 348.67473663047457 0.0 0.0 0.0 0.0 0.0 0.0 0.0
407 1889.2635498046875 1258.6513671875 348.518914739433 0.0 0.0 0.0 0.0 0.0 0.0 0.0
415 1889.2635498046875 1252.9725341796875 349.64765672647957 0.0 0.0 0.0 0.0 0.0 0.0 0.0
423 1886.424072265625 1250.1331787109375 348.8885284418527 0.0 0.0 0.0 0.0 0.0 0.0 0.0
431 1883.584716796875 1244.454345703125 348.72117433338843 0.0 0.0 0.0 0.0 0.0 0.0 0.0
439 1883.584716796875 1241.614990234375 349.2938024516445 0.0 0.0 0.0 0.0 0.0 0.0 0.0
447 1880.745361328125 1238.7755126953125 348.546259240684 0.0 0.0 0.0 0.0 0.0 0.0 0.0
455 1880.745361328125 1235.9361572265625 349.12292250904085 0.0 0.0 0.0 0.0 0.0 0.0 0.0
463 1877.9058837890625 1233.0968017578125 348.38089660464556 0.0 0.0 0.0 0.0 0.0 0.0 0.0
471 1877.9058837890625 1227.41796875 349.51580503201774 0.0 0.0 0.0 0.0 0.0 0.0 0.0
480 1875.0665283203125 1224.57861328125 348.7610481777686 0.0 0.0 0.0 0.0 0.0 0.0 0.0
488 1872.2271728515625 1218.8997802734375 348.60055535457445 0.0 0.0 0.0 0.0 0.0 0.0 0.0
497 1869.3876953125 1210.381591796875 348.9970314702916 0.0 0.0 0.0 0.0 0.0 0.0 0.0
503 1866.54833984375 1204.7027587890625 348.8238257746431 0.0 0.0 0.0 0.0 0.0 0.0 0.0
511 1863.708984375 1199.02392578125 348.65997083475696 0.0 0.0 0.0 0.0 0.0 0.0 0.0
519 1860.8695068359375 1193.34521484375 348.50485199624234 0.0 0.0 0.0 0.0 0.0 0.0 0.0
527 1858.0301513671875 1187.6663818359375 348.35819539054273 0.0 0.0 0.0 0.0 0.0 0.0 0.0
536 1855.1907958984375 1181.987548828125 348.21943807812397 0.0 0.0 0.0 0.0 0.0 0.0 0.0
543 1852.351318359375 1176.308837890625 348.0881258377136 0.0 0.0 0.0 0.0 0.0 0.0 0.0
551 1849.511962890625 1170.6300048828125 347.9639567188806 0.0 0.0 0.0 0.0 0.0 0.0 0.0
559 1846.672607421875 1164.951171875 347.8464823180111 0.0 0.0 0.0 0.0 0.0 0.0 0.0
568 1838.1544189453125 1162.11181640625 344.64155818916163 0.0 0.0 0.0 0.0 0.0 0.0 0.0
576 1826.7967529296875 1156.4329833984375 341.1517746932532 0.0 0.0 0.0 0.0 0.0 0.0 0.0
585 1812.599853515625 1156.4329833984375 335.30682196047155 0.0 0.0 0.0 0.0 0.0 0.0 0.0
591 1798.40283203125 1153.5936279296875 330.801082863085 0.0 0.0 0.0 0.0 0.0 0.0 0.0
600 1784.205810546875 1150.7542724609375 326.72986718553 0.0 0.0 0.0 0.0 0.0 0.0 0.0
607 1772.8482666015625 1145.075439453125 324.92623885885996 0.0 0.0 0.0 0.0 0.0 0.0 0.0
615 1758.6512451171875 1139.3966064453125 322.4532436546341 0.0 0.0 0.0 0.0 0.0 0.0 0.0
623 1747.293701171875 1136.5572509765625 320.034623903207 0.0 0.0 0.0 0.0 0.0 0.0 0.0
631 1735.9361572265625 1130.8784790039062 318.90092888474345 0.0 0.0 0.0 0.0 0.0 0.0 0.0
640 1724.5784912109375 1125.1996459960938 317.88194054003566 0.0 0.0 0.0 0.0 0.0 0.0 0.0
647 1713.220947265625 1122.3602905273438 315.8709119813567 0.0 0.0 0.0 0.0 0.0 0.0 0.0
656 1701.8634033203125 1116.6814575195312 315.1598869032447 0.0 0.0 0.0 0.0 0.0 0.0 0.0
663 1690.5057373046875 1111.002685546875 314.52125518786715 0.0 0.0 0.0 0.0 0.0 0.0 0.0
672 1676.308837890625 1108.1632690429688 312.1558115667062 0.0 0.0 0.0 0.0 0.0 0.0 0.0
680 1664.951171875 1105.3239135742188 310.66860395590663 0.0 0.0 0.0 0.0 0.0 0.0 0.0
687 1653.5936279296875 1099.6450805664062 310.48921615189926 0.0 0.0 0.0 0.0 0.0 0.0 0.0
695 1642.2359619140625 1096.8057250976562 309.1566975901534 0.0 0.0 0.0 0.0 0.0 0.0 0.0
704 1630.87841796875 1093.96630859375 307.9485573285617 0.0 0.0 0.0 0.0 0.0 0.0 0.0
712 1616.681396484375 1091.1268920898438 306.31526540155323 0.0 0.0 0.0 0.0 0.0 0.0 0.0
719 1602.4844970703125 1088.2875366210938 304.86644379351014 0.0 0.0 0.0 0.0 0.0 0.0 0.0
727 1588.2874755859375 1085.4481201171875 303.5820055517289 0.0 0.0 0.0 0.0 0.0 0.0 0.0
736 1576.929931640625 1082.6087036132812 302.8984813167138 0.0 0.0 0.0 0.0 0.0 0.0 0.0
744 1562.73291015625 1082.6087036132812 300.6078028274528 0.0 0.0 0.0 0.0 0.0 0.0 0.0
751 1548.535888671875 1079.7693481445312 299.80935766845937 0.0 0.0 0.0 0.0 0.0 0.0 0.0
759 1537.1783447265625 1079.7693481445312 298.2109579744133 0.0 0.0 0.0 0.0 0.0 0.0 0.0
767 1525.82080078125 1076.929931640625 298.0374586779707 0.0 0.0 0.0 0.0 0.0 0.0 0.0
775 1514.463134765625 1076.929931640625 296.59806574014516 0.0 0.0 0.0 0.0 0.0 0.0 0.0
784 1503.1055908203125 1074.0905151367188 296.5780658333247 0.0 0.0 0.0 0.0 0.0 0.0 0.0
791 1491.748046875 1074.0905151367188 295.27045582933783 0.0 0.0 0.0 0.0 0.0 0.0 0.0
800 1480.390380859375 1074.0905151367188 294.08143837045213 0.0 0.0 0.0 0.0 0.0 0.0 0.0
807 1469.0328369140625 1071.2511596679688 294.3009528501735 0.0 0.0 0.0 0.0 0.0 0.0 0.0
815 1457.67529296875 1071.2511596679688 293.2001827297223 0.0 0.0 0.0 0.0 0.0 0.0 0.0
823 1446.317626953125 1071.2511596679688 292.19987518026494 0.0 0.0 0.0 0.0 0.0 0.0 0.0
831 1434.9600830078125 1071.2511596679688 291.2910794667116 0.0 0.0 0.0 0.0 0.0 0.0 0.0
839 1426.44189453125 1071.2511596679688 290.65743750280603 0.0 0.0 0.0 0.0 0.0 0.0 0.0
847 1417.9237060546875 1071.2511596679688 290.06846679584896 0.0 0.0 0.0 0.0 0.0 0.0 0.0
856 1409.405517578125 1071.2511596679688 289.5210566884532 0.0 0.0 0.0 0.0 0.0 0.0 0.0
872 1403.7266845703125 1071.2511596679688 289.1737158120146 0.0 0.0 0.0 0.0 0.0 0.0 0.0
873 1395.20849609375 1071.2511596679688 288.68951081840294 0.0 0.0 0.0 0.0 0.0 0.0 0.0
879 1389.5296630859375 1068.4117431640625 289.76227844689095 0.0 0.0 0.0 0.0 0.0 0.0 0.0
889 1383.8509521484375 1068.4117431640625 289.40330522364934 0.0 0.0 0.0 0.0 0.0 0.0 0.0
896 1378.172119140625 1068.4117431640625 289.06163946243953 0.0 0.0 0.0 0.0 0.0 0.0 0.0
903 1372.4932861328125 1068.4117431640625 288.7364625777402 0.0 0.0 0.0 0.0 0.0 0.0 0.0
911 1361.1357421875 1068.4117431640625 288.1460033479879 0.0 0.0 0.0 0.0 0.0 0.0 0.0
919 1352.6175537109375 1068.4117431640625 287.7345185296164 0.0 0.0 0.0 0.0 0.0 0.0 0.0
927 1341.260009765625 1068.4117431640625 287.2365235788606 0.0 0.0 0.0 0.0 0.0 0.0 0.0
935 1332.7418212890625 1068.4117431640625 286.88947347388284 0.0 0.0 0.0 0.0 0.0 0.0 0.0
943 1321.3841552734375 1068.4117431640625 286.46949638389344 0.0 0.0 0.0 0.0 0.0 0.0 0.0
951 1312.865966796875 1068.4117431640625 286.1768601555832 0.0 0.0 0.0 0.0 0.0 0.0 0.0
960 1301.5084228515625 1068.4117431640625 285.82275434281297 0.0 0.0 0.0 0.0 0.0 0.0 0.0
968 1290.15087890625 1068.4117431640625 285.5014018426036 0.0 0.0 0.0 0.0 0.0 0.0 0.0
976 1281.6326904296875 1068.4117431640625 285.2775269642358 0.0 0.0 0.0 0.0 0.0 0.0 0.0
984 1270.2750244140625 1068.4117431640625 285.0066181247577 0.0 0.0 0.0 0.0 0.0 0.0 0.0
992 1261.7568359375 1068.4117431640625 284.8178915654805 0.0 0.0 0.0 0.0 0.0 0.0 0.0
1000 1253.2386474609375 1068.4117431640625 284.64257516111127 0.0 0.0 0.0 0.0 0.0 0.0 0.0
1008 1244.720458984375 1068.4117431640625 284.479701927578 0.0 0.0 0.0 0.0 0.0 0.0 0.0
1017 1239.041748046875 1071.2511596679688 282.9852333317792 0.0 0.0 0.0 0.0 0.0 0.0 0.0
1024 1230.5235595703125 1071.2511596679688 282.94018607503904 0.0 0.0 0.0 0.0 0.0 0.0 0.0
1032 1222.00537109375 1071.2511596679688 282.89832005036544 0.0 0.0 0.0 0.0 0.0 0.0 0.0
1040 1213.4871826171875 1071.2511596679688 282.85943225437654 0.0 0.0 0.0 0.0 0.0 0.0 0.0
1048 1207.808349609375 1071.2511596679688 282.83477038903857 0.0 0.0 0.0 0.0 0.0 0.0 0.0
1056 1199.2901611328125 1071.2511596679688 282.8004299935757 0.0 0.0 0.0 0.0 0.0 0.0 0.0
1064 1196.4508056640625 1071.2511596679688 282.7892366717847 0.0 0.0 0.0 0.0 0.0 0.0 0.0
1072 1190.77197265625 1074.0905151367188 281.37701246947506 0.0 0.0 0.0 0.0 0.0 0.0 0.0
1081 1187.9326171875 1074.0905151367188 281.4012489955072 0.0 0.0 0.0 0.0 0.0 0.0 0.0
1088 1185.0931396484375 1074.0905151367188 281.4248821472824 0.0 0.0 0.0 0.0 0.0 0.0 0.0
1105 1182.2537841796875 1074.0905151367188 281.4479607468363 0.0 0.0 0.0 0.0 0.0 0.0 0.0
1113 1179.4144287109375 1076.929931640625 280.0457698282124 0.0 0.0 0.0 0.0 0.0 0.0 0.0
1121 1176.574951171875 1076.929931640625 280.1031476451342 0.0 0.0 0.0 0.0 0.0 0.0 0.0
1128 1173.735595703125 1076.929931640625 280.15908851760753 0.0 0.0 0.0 0.0 0.0 0.0 0.0
1136 1168.0567626953125 1079.7693481445312 278.876817809404 0.0 0.0 0.0 0.0 0.0 0.0 0.0
1144 1162.3779296875 1079.7693481445312 279.04548272463114 0.0 0.0 0.0 0.0 0.0 0.0 0.0
1152 1156.69921875 1082.6087036132812 277.8189895381431 0.0 0.0 0.0 0.0 0.0 0.0 0.0
1160 1148.1810302734375 1082.6087036132812 278.1410584184249 0.0 0.0 0.0 0.0 0.0 0.0 0.0
1168 1142.502197265625 1085.4481201171875 276.96012257524006 0.0 0.0 0.0 0.0 0.0 0.0 0.0
1176 1136.8233642578125 1085.4481201171875 277.2215885602534 0.0 0.0 0.0 0.0 0.0 0.0 0.0
1184 1131.1446533203125 1088.2875366210938 276.08722773709326 0.0 0.0 0.0 0.0 0.0 0.0 0.0
1193 1128.30517578125 1091.1268920898438 274.8290629300982 0.0 0.0 0.0 0.0 0.0 0.0 0.0
1205 1125.4658203125 1091.1268920898438 275.0157522564462 0.0 0.0 0.0 0.0 0.0 0.0 0.0
1209 1122.62646484375 1093.96630859375 273.7876046689587 0.0 0.0 0.0 0.0 0.0 0.0 0.0
1220 1119.7869873046875 1093.96630859375 273.9999602350258 0.0 0.0 0.0 0.0 0.0 0.0 0.0
1225 1116.9476318359375 1093.96630859375 274.20708783497355 0.0 0.0 0.0 0.0 0.0 0.0 0.0
1233 1114.1082763671875 1093.96630859375 274.40910352404615 0.0 0.0 0.0 0.0 0.0 0.0 0.0
1240 1111.268798828125 1096.8057250976562 273.19815640429226 0.0 0.0 0.0 0.0 0.0 0.0 0.0
1248 1108.429443359375 1096.8057250976562 273.4250171957625 0.0 0.0 0.0 0.0 0.0 0.0 0.0
1256 1102.7506103515625 1096.8057250976562 273.85697241982837 0.0 0.0 0.0 0.0 0.0 0.0 0.0
1264 1099.9112548828125 1099.6450805664062 272.6617742736909 0.0 0.0 0.0 0.0 0.0 0.0 0.0
1272 1094.232421875 1099.6450805664062 273.1303505636281 0.0 0.0 0.0 0.0 0.0 0.0 0.0
1280 1088.5537109375 1102.4844970703125 272.20616333405286 0.0 0.0 0.0 0.0 0.0 0.0 0.0
1288 1082.8748779296875 1105.3239135742188 271.33008169633797 0.0 0.0 0.0 0.0 0.0 0.0 0.0
1296 1077.196044921875 1108.1632690429688 270.49974535073136 0.0 0.0 0.0 0.0 0.0 0.0 0.0
1304 1071.517333984375 1111.002685546875 269.71288471565185 0.0 0.0 0.0 0.0 0.0 0.0 0.0
1312 1062.9991455078125 1113.8421020507812 269.2806693324861 0.0 0.0 0.0 0.0 0.0 0.0 0.0
1320 1054.48095703125 1116.6814575195312 268.88062562042785 0.0 0.0 0.0 0.0 0.0 0.0 0.0
1328 1048.8021240234375 1119.5208740234375 268.1789942551119 0.0 0.0 0.0 0.0 0.0 0.0 0.0
1336 1043.1233520507812 1122.3602905273438 267.5144442922899 0.0 0.0 0.0 0.0 0.0 0.0 0.0
1344 1040.283935546875 1122.3602905273438 267.8798300257548 0.0 0.0 0.0 0.0 0.0 0.0 0.0
1352 1034.6051635742188 1125.1996459960938 267.23115571762787 0.0 0.0 0.0 0.0 0.0 0.0 0.0
1360 1028.9263305664062 1125.1996459960938 267.9580822309058 0.0 0.0 0.0 0.0 0.0 0.0 0.0
1368 1026.0869750976562 1128.0390625 266.93716384239406 0.0 0.0 0.0 0.0 0.0 0.0 0.0
1376 1020.4081420898438 1130.8784790039062 266.3384532560469 0.0 0.0 0.0 0.0 0.0 0.0 0.0
1384 1014.7293701171875 1133.7178955078125 265.77155961180415 0.0 0.0 0.0 0.0 0.0 0.0 0.0
1392 1009.0505981445312 1133.7178955078125 266.5669988601586 0.0 0.0 0.0 0.0 0.0 0.0 0.0
1400 1000.5324096679688 1136.5572509765625 266.36916985485595 0.0 0.0 0.0 0.0 0.0 0.0 0.0
1408 994.8535766601562 1139.3966064453125 265.8006984338196 0.0 0.0 0.0 0.0 0.0 0.0 0.0
1418 989.1748046875 1142.236083984375 265.2624276228371 0.0 0.0 0.0 0.0 0.0 0.0 0.0
1424 983.4959716796875 1145.075439453125 264.7528920599891 0.0 0.0 0.0 0.0 0.0 0.0 0.0
1432 977.8171997070312 1147.914794921875 264.2705749099522 0.0 0.0 0.0 0.0 0.0 0.0 0.0
1440 974.977783203125 1150.7542724609375 263.36369692255465 0.0 0.0 0.0 0.0 0.0 0.0 0.0
1448 969.2990112304688 1150.7542724609375 264.27124042007415 0.0 0.0 0.0 0.0 0.0 0.0 0.0
1456 966.4595947265625 1153.5936279296875 263.3644184825922 0.0 0.0 0.0 0.0 0.0 0.0 0.0
1464 963.6202392578125 1156.4329833984375 262.48615420567876 0.0 0.0 0.0 0.0 0.0 0.0 0.0
1472 960.7808227539062 1159.2724609375 261.63570440568367 0.0 0.0 0.0 0.0 0.0 0.0 0.0
1480 957.94140625 1162.11181640625 260.81251033920046 0.0 0.0 0.0 0.0 0.0 0.0 0.0
1488 955.10205078125 1164.951171875 260.01576025393064 0.0 0.0 0.0 0.0 0.0 0.0 0.0
1496 952.2626342773438 1170.6300048828125 257.95610810799894 0.0 0.0 0.0 0.0 0.0 0.0 0.0
1505 952.2626342773438 1173.4693603515625 256.6387188772325 0.0 0.0 0.0 0.0 0.0 0.0 0.0
1512 949.4232177734375 1176.308837890625 255.97827486566823 0.0 0.0 0.0 0.0 0.0 0.0 0.0
1521 949.4232177734375 1179.148193359375 254.68330065160626 0.0 0.0 0.0 0.0 0.0 0.0 0.0
1537 946.5838623046875 1181.987548828125 254.08790753112754 0.0 0.0 0.0 0.0 0.0 0.0 0.0
1552 946.5838623046875 1184.8270263671875 252.81569679948774 0.0 0.0 0.0 0.0 0.0 0.0 0.0
1560 943.7444458007812 1187.6663818359375 252.28295938790455 0.0 0.0 0.0 0.0 0.0 0.0 0.0
1584 943.7444458007812 1190.5057373046875 251.0338441973375 0.0 0.0 0.0 0.0 0.0 0.0 0.0
1592 940.905029296875 1190.5057373046875 251.7775688017336 0.0 0.0 0.0 0.0 0.0 0.0 0.0
1600 938.065673828125 1193.34521484375 251.2798344502923 0.0 0.0 0.0 0.0 0.0 0.0 0.0
1608 932.3868408203125 1193.34521484375 252.72548641466355 0.0 0.0 0.0 0.0 0.0 0.0 0.0
1617 929.5474853515625 1196.1845703125 252.19573819970694 0.0 0.0 0.0 0.0 0.0 0.0 0.0
1624 926.7080688476562 1196.1845703125 252.9143329668098 0.0 0.0 0.0 0.0 0.0 0.0 0.0
1632 923.86865234375 1199.02392578125 252.3782882804813 0.0 0.0 0.0 0.0 0.0 0.0 0.0
1640 921.029296875 1199.02392578125 253.09286999010547 0.0 0.0 0.0 0.0 0.0 0.0 0.0
1648 921.029296875 1201.8634033203125 251.83318696240644 0.0 0.0 0.0 0.0 0.0 0.0 0.0
1656 918.1898803710938 1201.8634033203125 252.55966552843094 0.0 0.0 0.0 0.0 0.0 0.0 0.0
1665 915.3504638671875 1201.8634033203125 253.27032211681174 0.0 0.0 0.0 0.0 0.0 0.0 0.0
1672 915.3504638671875 1204.7027587890625 252.00847616111074 0.0 0.0 0.0 0.0 0.0 0.0 0.0
1720 912.5111083984375 1204.7027587890625 252.73110939642217 0.0 0.0 0.0 0.0 0.0 0.0 0.0
1840 912.5111083984375 1207.5421142578125 251.4761511991567 0.0 0.0 0.0 0.0 0.0 0.0 0.0
1848 909.6716918945312 1207.5421142578125 252.2103042453563 0.0 0.0 0.0 0.0 0.0 0.0 0.0
1872 906.832275390625 1207.5421142578125 252.92856494508615 0.0 0.0 0.0 0.0 0.0 0.0 0.0
1873 903.992919921875 1210.381591796875 252.39196995203756 0.0 0.0 0.0 0.0 0.0 0.0 0.0
1880 901.1535034179688 1210.381591796875 253.1063002419176 0.0 0.0 0.0 0.0 0.0 0.0 0.0
1894 898.3140869140625 1210.381591796875 253.80500863794876 0.0 0.0 0.0 0.0 0.0 0.0 0.0
1968 895.4747314453125 1213.220947265625 253.23900092076641 0.0 0.0 0.0 0.0 0.0 0.0 0.0
1976 892.6353149414062 1213.220947265625 253.93479014873128 0.0 0.0 0.0 0.0 0.0 0.0 0.0
1985 889.7958984375 1213.220947265625 254.6152772362371 0.0 0.0 0.0 0.0 0.0 0.0 0.0
1992 886.95654296875 1213.220947265625 255.28068269516726 0.0 0.0 0.0 0.0 0.0 0.0 0.0
2001 881.2777099609375 1213.220947265625 256.5534066446454 0.0 0.0 0.0 0.0 0.0 0.0 0.0
2008 878.4383544921875 1213.220947265625 257.17535482828805 0.0 0.0 0.0 0.0 0.0 0.0 0.0
2017 878.4383544921875 1216.060302734375 255.86663707613474 0.0 0.0 0.0 0.0 0.0 0.0 0.0
2024 875.5989379882812 1216.060302734375 256.50407260088184 0.0 0.0 0.0 0.0 0.0 0.0 0.0
2032 872.759521484375 1216.060302734375 257.12717174198986 0.0 0.0 0.0 0.0 0.0 0.0 0.0
2209 869.920166015625 1216.060302734375 257.7361331788899 0.0 0.0 0.0 0.0 0.0 0.0 0.0
2216 867.0807495117188 1216.060302734375 258.3313158261609 0.0 0.0 0.0 0.0 0.0 0.0 0.0
2224 861.4019165039062 1216.060302734375 259.4684925633791 0.0 0.0 0.0 0.0 0.0 0.0 0.0
2232 855.72314453125 1216.060302734375 260.5543940030875 0.0 0.0 0.0 0.0 0.0 0.0 0.0
2240 850.0443725585938 1216.060302734375 261.59092378367416 0.0 0.0 0.0 0.0 0.0 0.0 0.0
2248 847.2049560546875 1216.060302734375 262.09706538336616 0.0 0.0 0.0 0.0 0.0 0.0 0.0
2256 844.3655395507812 1216.060302734375 262.5913649102761 0.0 0.0 0.0 0.0 0.0 0.0 0.0
2264 841.5261840820312 1218.8997802734375 261.7376119365008 0.0 0.0 0.0 0.0 0.0 0.0 0.0
2272 838.686767578125 1218.8997802734375 262.2403107197281 0.0 0.0 0.0 0.0 0.0 0.0 0.0
2280 833.0079956054688 1218.8997802734375 263.1997227710849 0.0 0.0 0.0 0.0 0.0 0.0 0.0
2289 830.1685791015625 1218.8997802734375 263.6681214336762 0.0 0.0 0.0 0.0 0.0 0.0 0.0
2296 824.4898071289062 1218.8997802734375 264.56157473041117 0.0 0.0 0.0 0.0 0.0 0.0 0.0
2304 821.650390625 1218.8997802734375 264.9976889611263 0.0 0.0 0.0 0.0 0.0 0.0 0.0
2312 818.8109741210938 1218.8997802734375 265.4233893345928 0.0 0.0 0.0 0.0 0.0 0.0 0.0
2320 815.9716186523438 1218.8997802734375 265.83893941465954 0.0 0.0 0.0 0.0 0.0 0.0 0.0
2328 813.1322021484375 1218.8997802734375 266.2445891048203 0.0 0.0 0.0 0.0 0.0 0.0 0.0
2336 810.2927856445312 1218.8997802734375 266.640532255675 0.0 0.0 0.0 0.0 0.0 0.0 0.0
2344 807.4534301757812 1218.8997802734375 267.02691031459295 0.0 0.0 0.0 0.0 0.0 0.0 0.0
2352 804.614013671875 1218.8997802734375 267.4040122053634 0.0 0.0 0.0 0.0 0.0 0.0 0.0
2368 801.7745971679688 1218.8997802734375 267.7720754929457 0.0 0.0 0.0 0.0 0.0 0.0 0.0
2376 796.0958251953125 1218.8997802734375 268.473474043865 0.0 0.0 0.0 0.0 0.0 0.0 0.0
2384 793.2564086914062 1218.8997802734375 268.8156669901763 0.0 0.0 0.0 0.0 0.0 0.0 0.0
2392 790.4170532226562 1218.8997802734375 269.1495639279108 0.0 0.0 0.0 0.0 0.0 0.0 0.0
2400 787.57763671875 1218.8997802734375 269.47536579159697 0.0 0.0 0.0 0.0 0.0 0.0 0.0
2417 784.7382202148438 1218.8997802734375 269.793278333251 0.0 0.0 0.0 0.0 0.0 0.0 0.0
2480 784.7382202148438 1216.060302734375 271.2280854865105 0.0 0.0 0.0 0.0 0.0 0.0 0.0
2496 781.8988647460938 1213.220947265625 272.9103887190543 0.0 0.0 0.0 0.0 0.0 0.0 0.0
2504 781.8988647460938 1210.381591796875 274.3584141369853 0.0 0.0 0.0 0.0 0.0 0.0 0.0
2512 779.0594482421875 1207.5421142578125 275.97410249830216 0.0 0.0 0.0 0.0 0.0 0.0 0.0
2520 779.0594482421875 1201.8634033203125 278.89409371515063 0.0 0.0 0.0 0.0 0.0 0.0 0.0
2531 776.2200317382812 1199.02392578125 280.40522437534275 0.0 0.0 0.0 0.0 0.0 0.0 0.0
2546 773.3806762695312 1190.5057373046875 284.7310384883342 0.0 0.0 0.0 0.0 0.0 0.0 0.0
2557 770.541259765625 1187.6663818359375 286.0946622934391 0.0 0.0 0.0 0.0 0.0 0.0 0.0
2568 770.541259765625 1184.8270263671875 287.55087714011347 0.0 0.0 0.0 0.0 0.0 0.0 0.0
2576 767.7018432617188 1181.987548828125 288.8385692445855 0.0 0.0 0.0 0.0 0.0 0.0 0.0
2584 767.7018432617188 1179.148193359375 290.2867625323643 0.0 0.0 0.0 0.0 0.0 0.0 0.0
2592 764.8624877929688 1176.308837890625 291.4979118707115 0.0 0.0 0.0 0.0 0.0 0.0 0.0
2600 764.8624877929688 1173.4693603515625 292.9353312852137 0.0 0.0 0.0 0.0 0.0 0.0 0.0
2608 762.0230712890625 1170.6300048828125 294.070023471901 0.0 0.0 0.0 0.0 0.0 0.0 0.0
2617 762.0230712890625 1167.7906494140625 295.49391932943263 0.0 0.0 0.0 0.0 0.0 0.0 0.0
2624 759.1836547851562 1164.951171875 296.55274648433544 0.0 0.0 0.0 0.0 0.0 0.0 0.0
2632 759.1836547851562 1162.11181640625 297.96099779875044 0.0 0.0 0.0 0.0 0.0 0.0 0.0
2640 756.3442993164062 1159.2724609375 298.94468132125644 0.0 0.0 0.0 0.0 0.0 0.0 0.0
2648 756.3442993164062 1153.5936279296875 301.7046779652803 0.0 0.0 0.0 0.0 0.0 0.0 0.0
2656 753.5048828125 1150.7542724609375 302.5713598945366 0.0 0.0 0.0 0.0 0.0 0.0 0.0
2664 750.6654663085938 1147.914794921875 303.4104478981559 0.0 0.0 0.0 0.0 0.0 0.0 0.0
2672 750.6654663085938 1145.075439453125 304.76219984623776 0.0 0.0 0.0 0.0 0.0 0.0 0.0
2680 750.6654663085938 1142.236083984375 306.1005574719079 0.0 0.0 0.0 0.0 0.0 0.0 0.0
2688 747.8261108398438 1139.3966064453125 306.82563538881766 0.0 0.0 0.0 0.0 0.0 0.0 0.0
2696 747.8261108398438 1136.5572509765625 308.1421164479532 0.0 0.0 0.0 0.0 0.0 0.0 0.0
2704 744.9866943359375 1133.7178955078125 308.7999797398562 0.0 0.0 0.0 0.0 0.0 0.0 0.0
2712 744.9866943359375 1128.0390625 311.3581879616052 0.0 0.0 0.0 0.0 0.0 0.0 0.0
2720 744.9866943359375 1125.1996459960938 312.6210519388272 0.0 0.0 0.0 0.0 0.0 0.0 0.0
2728 744.9866943359375 1122.3602905273438 313.86755546327504 0.0 0.0 0.0 0.0 0.0 0.0 0.0
2736 744.9866943359375 1116.6814575195312 316.29416799127637 0.0 0.0 0.0 0.0 0.0 0.0 0.0
2744 744.9866943359375 1113.8421020507812 317.4898732031075 0.0 0.0 0.0 0.0 0.0 0.0 0.0
2752 744.9866943359375 1108.1632690429688 319.81162683213154 0.0 0.0 0.0 0.0 0.0 0.0 0.0
2760 744.9866943359375 1105.3239135742188 320.95426264692014 0.0 0.0 0.0 0.0 0.0 0.0 0.0
2768 744.9866943359375 1099.6450805664062 323.1678484999683 0.0 0.0 0.0 0.0 0.0 0.0 0.0
2776 744.9866943359375 1093.96630859375 325.3084040190621 0.0 0.0 0.0 0.0 0.0 0.0 0.0
2785 744.9866943359375 1091.1268920898438 326.36006819380225 0.0 0.0 0.0 0.0 0.0 0.0 0.0
2792 744.9866943359375 1085.4481201171875 328.3903419179662 0.0 0.0 0.0 0.0 0.0 0.0 0.0
2801 744.9866943359375 1082.6087036132812 329.38685729586325 0.0 0.0 0.0 0.0 0.0 0.0 0.0
2808 747.8261108398438 1082.6087036132812 330.4756094270548 0.0 0.0 0.0 0.0 0.0 0.0 0.0
2817 747.8261108398438 1076.929931640625 332.355411426314 0.0 0.0 0.0 0.0 0.0 0.0 0.0
2824 750.6654663085938 1074.0905151367188 334.4078276202458 0.0 0.0 0.0 0.0 0.0 0.0 0.0
2833 750.6654663085938 1068.4117431640625 336.1357428235974 0.0 0.0 0.0 0.0 0.0 0.0 0.0
2840 753.5048828125 1062.7329711914062 338.96673269464685 0.0 0.0 0.0 0.0 0.0 0.0 0.0
2848 756.3442993164062 1057.0541381835938 341.715866781873 0.0 0.0 0.0 0.0 0.0 0.0 0.0
2864 759.1836547851562 1051.3753662109375 344.37962849395205 0.0 0.0 0.0 0.0 0.0 0.0 0.0
2865 762.0230712890625 1045.6965942382812 346.9553686426125 0.0 0.0 0.0 0.0 0.0 0.0 0.0
2874 764.8624877929688 1040.0177612304688 349.44124956663234 0.0 0.0 0.0 0.0 0.0 0.0 0.0
2880 767.7018432617188 1034.3389892578125 351.83604562065824 0.0 0.0 0.0 0.0 0.0 0.0 0.0
2895 767.7018432617188 1031.4995727539062 352.336494126017 0.0 0.0 0.0 0.0 0.0 0.0 0.0
2896 770.541259765625 1028.66015625 354.1818970267259 0.0 0.0 0.0 0.0 0.0 0.0 0.0
2905 770.541259765625 1025.82080078125 354.62700712868957 0.0 0.0 0.0 0.0 0.0 0.0 0.0
2913 770.541259765625 1022.9813842773438 355.0615721852844 0.0 0.0 0.0 0.0 0.0 0.0 0.0
2920 773.3806762695312 1022.9813842773438 356.46798589302455 0.0 0.0 0.0 0.0 0.0 0.0 0.0
2928 773.3806762695312 1020.1419677734375 356.85853587970524 0.0 0.0 0.0 0.0 0.0 0.0 0.0
2936 773.3806762695312 1017.3026123046875 357.23970880684794 0.0 0.0 0.0 0.0 0.0 0.0 0.0
2944 776.2200317382812 1014.4631958007812 359.00013634404775 0.0 0.0 0.0 0.0 0.0 0.0 0.0
2952 779.0594482421875 1008.784423828125 1.0091555306098599 0.0 0.0 0.0 0.0 0.0 0.0 0.0
2960 781.8988647460938 1003.1055908203125 2.930504181286153 0.0 0.0 0.0 0.0 0.0 0.0 0.0
2968 781.8988647460938 1000.2662353515625 3.163935452961482 0.0 0.0 0.0 0.0 0.0 0.0 0.0
2976 784.7382202148438 994.58740234375 4.988955233282979 0.0 0.0 0.0 0.0 0.0 0.0 0.0
2984 787.57763671875 991.748046875 6.590596261853079 0.0 0.0 0.0 0.0 0.0 0.0 0.0
2992 787.57763671875 988.9086303710938 6.733727773968667 0.0 0.0 0.0 0.0 0.0 0.0 0.0
3000 787.57763671875 986.0692138671875 6.873321614476993 0.0 0.0 0.0 0.0 0.0 0.0 0.0
3008 790.4170532226562 983.2298583984375 8.432118476430219 0.0 0.0 0.0 0.0 0.0 0.0 0.0
3017 790.4170532226562 980.3904418945312 8.529578666664463 0.0 0.0 0.0 0.0 0.0 0.0 0.0
3024 793.2564086914062 977.551025390625 10.04935309950315 0.0 0.0 0.0 0.0 0.0 0.0 0.0
3032 793.2564086914062 974.711669921875 10.10661167396188 0.0 0.0 0.0 0.0 0.0 0.0 0.0
3041 796.0958251953125 971.8722534179688 11.588202520693017 0.0 0.0 0.0 0.0 0.0 0.0 0.0
3048 796.0958251953125 969.0328369140625 11.607185680222813 0.0 0.0 0.0 0.0 0.0 0.0 0.0
3056 798.9352416992188 966.1934814453125 13.051433213899827 0.0 0.0 0.0 0.0 0.0 0.0 0.0
3064 798.9352416992188 963.3540649414062 13.034020332760406 0.0 0.0 0.0 0.0 0.0 0.0 0.0
3072 801.7745971679688 957.67529296875 14.391193878111949 0.0 0.0 0.0 0.0 0.0 0.0 0.0
3080 801.7745971679688 954.8358764648438 14.340450989123042 0.0 0.0 0.0 0.0 0.0 0.0 0.0
3088 801.7745971679688 951.9964599609375 14.290987115089138 0.0 0.0 0.0 0.0 0.0 0.0 0.0
3096 804.614013671875 949.1571044921875 15.666225787961935 0.0 0.0 0.0 0.0 0.0 0.0 0.0
3104 804.614013671875 946.3176879882812 15.583803350272433 0.0 0.0 0.0 0.0 0.0 0.0 0.0
3112 807.4534301757812 943.478271484375 16.924759528854622 0.0 0.0 0.0 0.0 0.0 0.0 0.0
3120 807.4534301757812 940.638916015625 16.811090157424474 0.0 0.0 0.0 0.0 0.0 0.0 0.0
3128 810.2927856445312 940.638916015625 18.265501307803447 0.0 0.0 0.0 0.0 0.0 0.0 0.0
3136 810.2927856445312 937.7994995117188 18.11859754542928 0.0 0.0 0.0 0.0 0.0 0.0 0.0
3144 813.1322021484375 934.9600830078125 19.390597334994425 0.0 0.0 0.0 0.0 0.0 0.0 0.0
3152 815.9716186523438 932.1207275390625 20.62711874404863 0.0 0.0 0.0 0.0 0.0 0.0 0.0
3160 818.8109741210938 932.1207275390625 22.0683310664906 0.0 0.0 0.0 0.0 0.0 0.0 0.0
3168 821.650390625 929.2813110351562 23.228322098409194 0.0 0.0 0.0 0.0 0.0 0.0 0.0
3176 827.3291625976562 926.44189453125 25.73537637920134 0.0 0.0 0.0 0.0 0.0 0.0 0.0
3184 830.1685791015625 923.6025390625 26.78688143116449 0.0 0.0 0.0 0.0 0.0 0.0 0.0
3192 833.0079956054688 923.6025390625 28.193568406674785 0.0 0.0 0.0 0.0 0.0 0.0 0.0
3200 835.8473510742188 917.9237060546875 28.769519416671642 0.0 0.0 0.0 0.0 0.0 0.0 0.0
3208 838.686767578125 915.0843505859375 29.728281276377857 0.0 0.0 0.0 0.0 0.0 0.0 0.0
3218 841.5261840820312 912.2449340820312 30.657204617782213 0.0 0.0 0.0 0.0 0.0 0.0 0.0
3224 844.3655395507812 909.405517578125 31.556958299869848 0.0 0.0 0.0 0.0 0.0 0.0 0.0
3232 847.2049560546875 906.5661010742188 32.42831304217833 0.0 0.0 0.0 0.0 0.0 0.0 0.0
3240 850.0443725585938 906.5661010742188 33.78935322223384 0.0 0.0 0.0 0.0 0.0 0.0 0.0
3248 852.8837280273438 903.7267456054688 34.589350815225544 0.0 0.0 0.0 0.0 0.0 0.0 0.0
3256 855.72314453125 900.8873291015625 35.36356281202967 0.0 0.0 0.0 0.0 0.0 0.0 0.0
3272 855.72314453125 898.0479125976562 34.805141786128615 0.0 0.0 0.0 0.0 0.0 0.0 0.0
3280 858.5625610351562 895.2085571289062 35.57235208819429 0.0 0.0 0.0 0.0 0.0 0.0 0.0
3289 861.4019165039062 892.369140625 36.31458387905565 0.0 0.0 0.0 0.0 0.0 0.0 0.0
3296 864.2413330078125 889.5297241210938 37.03258363020143 0.0 0.0 0.0 0.0 0.0 0.0 0.0
3304 867.0807495117188 886.6903686523438 37.72704009525387 0.0 0.0 0.0 0.0 0.0 0.0 0.0
3312 869.920166015625 883.8509521484375 38.398628079105606 0.0 0.0 0.0 0.0 0.0 0.0 0.0
3320 872.759521484375 881.0115356445312 39.047969132685864 0.0 0.0 0.0 0.0 0.0 0.0 0.0
3328 875.5989379882812 881.0115356445312 40.33916692931086 0.0 0.0 0.0 0.0 0.0 0.0 0.0
3336 878.4383544921875 878.1721801757812 40.92393127907354 0.0 0.0 0.0 0.0 0.0 0.0 0.0
3344 881.2777099609375 875.332763671875 41.48907181015164 0.0 0.0 0.0 0.0 0.0 0.0 0.0
3352 884.1171264648438 872.4933471679688 42.03524581477262 0.0 0.0 0.0 0.0 0.0 0.0 0.0
3360 886.95654296875 869.6539916992188 42.563049966912786 0.0 0.0 0.0 0.0 0.0 0.0 0.0
3368 892.6353149414062 866.8145751953125 44.272191957995915 0.0 0.0 0.0 0.0 0.0 0.0 0.0
3376 898.3140869140625 863.9751586914062 45.901339744872644 0.0 0.0 0.0 0.0 0.0 0.0 0.0
3384 901.1535034179688 861.1358032226562 46.297798628437135 0.0 0.0 0.0 0.0 0.0 0.0 0.0
3392 906.832275390625 858.29638671875 47.83057795828228 0.0 0.0 0.0 0.0 0.0 0.0 0.0
3400 909.6716918945312 858.29638671875 49.003657487521025 0.0 0.0 0.0 0.0 0.0 0.0 0.0
3408 912.5111083984375 855.4569702148438 49.29350937928086 0.0 0.0 0.0 0.0 0.0 0.0 0.0
3417 915.3504638671875 855.4569702148438 50.444234493474596 0.0 0.0 0.0 0.0 0.0 0.0 0.0
3432 915.3504638671875 852.6176147460938 49.560065692941066 0.0 0.0 0.0 0.0 0.0 0.0 0.0
3440 918.1898803710938 852.6176147460938 50.706671931784626 0.0 0.0 0.0 0.0 0.0 0.0 0.0
3448 918.1898803710938 849.7781982421875 49.81727025332475 0.0 0.0 0.0 0.0 0.0 0.0 0.0
3456 918.1898803710938 846.9387817382812 48.94563083550105 0.0 0.0 0.0 0.0 0.0 0.0 0.0
3464 921.029296875 844.0994262695312 49.23748768679718 0.0 0.0 0.0 0.0 0.0 0.0 0.0
3472 923.86865234375 841.260009765625 49.51923655758026 0.0 0.0 0.0 0.0 0.0 0.0 0.0
3480 926.7080688476562 838.4205932617188 49.79128761962545 0.0 0.0 0.0 0.0 0.0 0.0 0.0
3488 929.5474853515625 835.5812377929688 50.0539698376503 0.0 0.0 0.0 0.0 0.0 0.0 0.0
3496 932.3868408203125 835.5812377929688 51.192803606689495 0.0 0.0 0.0 0.0 0.0 0.0 0.0
3504 938.065673828125 832.7418212890625 52.48609325612307 0.0 0.0 0.0 0.0 0.0 0.0 0.0
3512 940.905029296875 829.9024047851562 52.6553717317949 0.0 0.0 0.0 0.0 0.0 0.0 0.0
3520 946.5838623046875 827.0630493164062 53.875498002825566 0.0 0.0 0.0 0.0 0.0 0.0 0.0
3528 952.2626342773438 824.2236328125 55.03397410509592 0.0 0.0 0.0 0.0 0.0 0.0 0.0
3536 957.94140625 818.5448608398438 55.189959014183785 0.0 0.0 0.0 0.0 0.0 0.0 0.0
3544 963.6202392578125 815.7054443359375 56.281594074231066 0.0 0.0 0.0 0.0 0.0 0.0 0.0
3552 969.2990112304688 810.0266723632812 56.353624915221474 0.0 0.0 0.0 0.0 0.0 0.0 0.0
3560 972.138427734375 807.187255859375 56.38837208148084 0.0 0.0 0.0 0.0 0.0 0.0 0.0
3568 977.8171997070312 804.3478393554688 57.41862108385976 0.0 0.0 0.0 0.0 0.0 0.0 0.0
3576 977.8171997070312 801.5084838867188 56.40201884434521 0.0 0.0 0.0 0.0 0.0 0.0 0.0
3585 980.6566162109375 798.6690673828125 56.43509473204597 0.0 0.0 0.0 0.0 0.0 0.0 0.0
3592 980.6566162109375 795.8296508789062 55.43633124613734 0.0 0.0 0.0 0.0 0.0 0.0 0.0
3601 983.4959716796875 792.9902954101562 55.50303431524338 0.0 0.0 0.0 0.0 0.0 0.0 0.0
3615 986.3353881835938 792.9902954101562 56.551258725038906 0.0 0.0 0.0 0.0 0.0 0.0 0.0
3630 986.3353881835938 790.15087890625 55.550381103411155 0.0 0.0 0.0 0.0 0.0 0.0 0.0
3631 989.1748046875 787.3114624023438 55.61310807796008 0.0 0.0 0.0 0.0 0.0 0.0 0.0
3632 992.0142211914062 784.4720458984375 55.67364556649835 0.0 0.0 0.0 0.0 0.0 0.0 0.0
3646 994.8535766601562 781.6326904296875 55.73207681232458 0.0 0.0 0.0 0.0 0.0 0.0 0.0
3648 997.6929931640625 781.6326904296875 56.77629406212128 0.0 0.0 0.0 0.0 0.0 0.0 0.0
3656 1003.3717651367188 778.7932739257812 57.78658836596924 0.0 0.0 0.0 0.0 0.0 0.0 0.0
3664 1009.0505981445312 775.953857421875 58.74476431834586 0.0 0.0 0.0 0.0 0.0 0.0 0.0
3672 1011.8899536132812 775.953857421875 59.734747030755955 0.0 0.0 0.0 0.0 0.0 0.0 0.0
3680 1014.7293701171875 773.114501953125 59.651766130295925 0.0 0.0 0.0 0.0 0.0 0.0 0.0
3688 1020.4081420898438 773.114501953125 61.56238124541039 0.0 0.0 0.0 0.0 0.0 0.0 0.0
3696 1023.24755859375 770.2750854492188 61.41584601273348 0.0 0.0 0.0 0.0 0.0 0.0 0.0
3704 1028.9263305664062 767.4356689453125 62.18470188388187 0.0 0.0 0.0 0.0 0.0 0.0 0.0
3712 1031.7657470703125 767.4356689453125 63.10963155509728 0.0 0.0 0.0 0.0 0.0 0.0 0.0
3720 1037.4445190429688 764.5963134765625 63.789234815328314 0.0 0.0 0.0 0.0 0.0 0.0 0.0
3728 1040.283935546875 764.5963134765625 64.68273107303105 0.0 0.0 0.0 0.0 0.0 0.0 0.0
3736 1043.1233520507812 764.5963134765625 65.55844751686396 0.0 0.0 0.0 0.0 0.0 0.0 0.0
3744 1048.8021240234375 761.7568969726562 66.10808154249594 0.0 0.0 0.0 0.0 0.0 0.0 0.0
3753 1054.48095703125 761.7568969726562 67.768092910051 0.0 0.0 0.0 0.0 0.0 0.0 0.0
3761 1057.3203125 761.7568969726562 68.58082149237441 0.0 0.0 0.0 0.0 0.0 0.0 0.0
3768 1065.8385009765625 761.7568969726562 70.87188856001058 0.0 0.0 0.0 0.0 0.0 0.0 0.0
3776 1071.517333984375 758.91748046875 71.13691118764473 0.0 0.0 0.0 0.0 0.0 0.0 0.0
3784 1077.196044921875 758.91748046875 72.58863266908656 0.0 0.0 0.0 0.0 0.0 0.0 0.0
3793 1082.8748779296875 758.91748046875 73.9783497626895 0.0 0.0 0.0 0.0 0.0 0.0 0.0
3800 1088.5537109375 756.078125 74.07595218556878 0.0 0.0 0.0 0.0 0.0 0.0 0.0
3808 1091.39306640625 756.078125 74.75328353624093 0.0 0.0 0.0 0.0 0.0 0.0 0.0
3817 1094.232421875 756.078125 75.41559200755836 0.0 0.0 0.0 0.0 0.0 0.0 0.0
3920 1097.0718994140625 756.078125 76.06314839135376 0.0 0.0 0.0 0.0 0.0 0.0 0.0
3928 1102.7506103515625 756.078125 77.30132632614124 0.0 0.0 0.0 0.0 0.0 0.0 0.0
3936 1111.268798828125 753.2387084960938 77.79442880723946 0.0 0.0 0.0 0.0 0.0 0.0 0.0
3945 1119.7869873046875 750.3992919921875 78.2508805727847 0.0 0.0 0.0 0.0 0.0 0.0 0.0
3953 1128.30517578125 750.3992919921875 79.92448823546391 0.0 0.0 0.0 0.0 0.0 0.0 0.0
3960 1136.8233642578125 750.3992919921875 81.48687284657927 0.0 0.0 0.0 0.0 0.0 0.0 0.0
3968 1145.341552734375 750.3992919921875 82.94446995138145 0.0 0.0 0.0 0.0 0.0 0.0 0.0
3976 1153.8597412109375 750.3992919921875 84.30352299805986 0.0 0.0 0.0 0.0 0.0 0.0 0.0
3984 1159.53857421875 747.5599365234375 83.84523765491315 0.0 0.0 0.0 0.0 0.0 0.0 0.0
3992 1165.2174072265625 747.5599365234375 84.7304759855345 0.0 0.0 0.0 0.0 0.0 0.0 0.0
4000 1173.735595703125 747.5599365234375 85.96777787351664 0.0 0.0 0.0 0.0 0.0 0.0 0.0
4008 1176.574951171875 747.5599365234375 86.3703169181083 0.0 0.0 0.0 0.0 0.0 0.0 0.0
4017 1182.2537841796875 747.5599365234375 87.13771727862002 0.0 0.0 0.0 0.0 0.0 0.0 0.0
4024 1185.0931396484375 747.5599365234375 87.51216251701595 0.0 0.0 0.0 0.0 0.0 0.0 0.0
4033 1187.9326171875 747.5599365234375 87.87761321139948 0.0 0.0 0.0 0.0 0.0 0.0 0.0
4040 1190.77197265625 747.5599365234375 88.2342370700228 0.0 0.0 0.0 0.0 0.0 0.0 0.0
4144 1193.611328125 747.5599365234375 88.58221722247322 0.0 0.0 0.0 0.0 0.0 0.0 0.0
4160 1196.4508056640625 747.5599365234375 88.92179116148992 0.0 0.0 0.0 0.0 0.0 0.0 0.0
4168 1202.1295166015625 747.5599365234375 89.56877178023763 0.0 0.0 0.0 0.0 0.0 0.0 0.0
4176 1213.4871826171875 747.5599365234375 90.74544090391498 0.0 0.0 0.0 0.0 0.0 0.0 0.0
4184 1224.8447265625 747.5599365234375 91.81493045105128 0.0 0.0 0.0 0.0 0.0 0.0 0.0
4192 1233.3629150390625 747.5599365234375 92.56083187752694 0.0 0.0 0.0 0.0 0.0 0.0 0.0
4200 1244.720458984375 747.5599365234375 93.4643728166256 0.0 0.0 0.0 0.0 0.0 0.0 0.0
4209 1253.2386474609375 747.5599365234375 94.09432532139499 0.0 0.0 0.0 0.0 0.0 0.0 0.0
4217 1261.7568359375 747.5599365234375 94.67987868572266 0.0 0.0 0.0 0.0 0.0 0.0 0.0
4224 1270.2750244140625 747.5599365234375 95.22412582816833 0.0 0.0 0.0 0.0 0.0 0.0 0.0
4233 1278.793212890625 747.5599365234375 95.72993193366091 0.0 0.0 0.0 0.0 0.0 0.0 0.0
4240 1284.4720458984375 747.5599365234375 96.05085642733161 0.0 0.0 0.0 0.0 0.0 0.0 0.0
4248 1292.990234375 747.5599365234375 96.49817644786322 0.0 0.0 0.0 0.0 0.0 0.0 0.0
4256 1301.5084228515625 747.5599365234375 96.9138265791396 0.0 0.0 0.0 0.0 0.0 0.0 0.0
4264 1307.187255859375 747.5599365234375 97.1775197100041 0.0 0.0 0.0 0.0 0.0 0.0 0.0
4272 1315.7054443359375 747.5599365234375 97.54505562913374 0.0 0.0 0.0 0.0 0.0 0.0 0.0
4287 1321.3841552734375 747.5599365234375 97.7782108942863 0.0 0.0 0.0 0.0 0.0 0.0 0.0
4294 1327.06298828125 747.5599365234375 98.0000908372167 0.0 0.0 0.0 0.0 0.0 0.0 0.0
4296 1332.7418212890625 747.5599365234375 98.2112073782784 0.0 0.0 0.0 0.0 0.0 0.0 0.0
4305 1338.4205322265625 747.5599365234375 98.41209466290826 0.0 0.0 0.0 0.0 0.0 0.0 0.0
4313 1341.260009765625 747.5599365234375 98.51004208638187 0.0 0.0 0.0 0.0 0.0 0.0 0.0
4320 1344.099365234375 747.5599365234375 98.6055740570514 0.0 0.0 0.0 0.0 0.0 0.0 0.0
4328 1346.938720703125 747.5599365234375 98.6987346761727 0.0 0.0 0.0 0.0 0.0 0.0 0.0
4336 1349.7781982421875 747.5599365234375 98.7895812924333 0.0 0.0 0.0 0.0 0.0 0.0 0.0
4344 1352.6175537109375 747.5599365234375 98.87817170497595 0.0 0.0 0.0 0.0 0.0 0.0 0.0
4352 1358.29638671875 750.3992919921875 100.43726820365777 0.0 0.0 0.0 0.0 0.0 0.0 0.0
4360 1363.97509765625 750.3992919921875 100.53020888198091 0.0 0.0 0.0 0.0 0.0 0.0 0.0
4368 1369.6539306640625 750.3992919921875 100.61865202374224 0.0 0.0 0.0 0.0 0.0 0.0 0.0
4376 1378.172119140625 753.2387084960938 102.10011634439161 0.0 0.0 0.0 0.0 0.0 0.0 0.0
4384 1386.6903076171875 753.2387084960938 102.11799952291398 0.0 0.0 0.0 0.0 0.0 0.0 0.0
4392 1395.20849609375 753.2387084960938 102.13461088683943 0.0 0.0 0.0 0.0 0.0 0.0 0.0
4400 1403.7266845703125 756.078125 103.50800938876932 0.0 0.0 0.0 0.0 0.0 0.0 0.0
4408 1415.084228515625 756.078125 103.4009248830506 0.0 0.0 0.0 0.0 0.0 0.0 0.0
4417 1423.6025390625 758.91748046875 104.68340414306715 0.0 0.0 0.0 0.0 0.0 0.0 0.0
4424 1434.9600830078125 761.7568969726562 105.79196484829961 0.0 0.0 0.0 0.0 0.0 0.0 0.0
4433 1446.317626953125 764.5963134765625 106.79644612280356 0.0 0.0 0.0 0.0 0.0 0.0 0.0
4440 1454.8358154296875 764.5963134765625 106.48063953218147 0.0 0.0 0.0 0.0 0.0 0.0 0.0
4448 1463.35400390625 767.4356689453125 107.54009270473341 0.0 0.0 0.0 0.0 0.0 0.0 0.0
4456 1469.0328369140625 767.4356689453125 107.28846081064717 0.0 0.0 0.0 0.0 0.0 0.0 0.0
4464 1477.551025390625 770.2750854492188 108.28902015734735 0.0 0.0 0.0 0.0 0.0 0.0 0.0
4472 1483.2298583984375 773.114501953125 109.38225194299793 0.0 0.0 0.0 0.0 0.0 0.0 0.0
4480 1488.9085693359375 773.114501953125 109.04160425433827 0.0 0.0 0.0 0.0 0.0 0.0 0.0
4488 1491.748046875 775.953857421875 110.28787048924366 0.0 0.0 0.0 0.0 0.0 0.0 0.0
4496 1494.58740234375 775.953857421875 110.0909872746575 0.0 0.0 0.0 0.0 0.0 0.0 0.0
4504 1494.58740234375 778.7932739257812 111.53448101884567 0.0 0.0 0.0 0.0 0.0 0.0 0.0
4512 1500.2662353515625 778.7932739257812 111.0902358403091 0.0 0.0 0.0 0.0 0.0 0.0 0.0
4520 1505.9449462890625 781.6326904296875 112.0394411721395 0.0 0.0 0.0 0.0 0.0 0.0 0.0
4528 1514.463134765625 784.4720458984375 112.6905601395475 0.0 0.0 0.0 0.0 0.0 0.0 0.0
4536 1522.9813232421875 784.4720458984375 111.95853470134935 0.0 0.0 0.0 0.0 0.0 0.0 0.0
4544 1534.3389892578125 787.3114624023438 112.37987806242472 0.0 0.0 0.0 0.0 0.0 0.0 0.0
4552 1542.857177734375 790.15087890625 113.00581954315018 0.0 0.0 0.0 0.0 0.0 0.0 0.0
4560 1554.2147216796875 790.15087890625 112.02325317197204 0.0 0.0 0.0 0.0 0.0 0.0 0.0
4568 1562.73291015625 792.9902954101562 112.67559427771454 0.0 0.0 0.0 0.0 0.0 0.0 0.0
4576 1571.2510986328125 792.9902954101562 111.94462994683079 0.0 0.0 0.0 0.0 0.0 0.0 0.0
4584 1579.769287109375 795.8296508789062 112.60276295642245 0.0 0.0 0.0 0.0 0.0 0.0 0.0
4592 1588.2874755859375 798.6690673828125 113.21220425269496 0.0 0.0 0.0 0.0 0.0 0.0 0.0
4600 1593.96630859375 798.6690673828125 112.68755836827725 0.0 0.0 0.0 0.0 0.0 0.0 0.0
4608 1602.4844970703125 801.5084838867188 113.29072799756545 0.0 0.0 0.0 0.0 0.0 0.0 0.0
4622 1608.1632080078125 804.3478393554688 114.1253795315236 0.0 0.0 0.0 0.0 0.0 0.0 0.0
4624 1613.842041015625 807.187255859375 114.91635741764819 0.0 0.0 0.0 0.0 0.0 0.0 0.0
4633 1619.5208740234375 810.0266723632812 115.66576401120079 0.0 0.0 0.0 0.0 0.0 0.0 0.0
4642 1622.3602294921875 812.8660278320312 116.71934358288533 0.0 0.0 0.0 0.0 0.0 0.0 0.0
4653 1628.0390625 815.7054443359375 117.37355343103047 0.0 0.0 0.0 0.0 0.0 0.0 0.0
4656 1633.7177734375 818.5448608398438 117.99310064608107 0.0 0.0 0.0 0.0 0.0 0.0 0.0
4664 1639.3966064453125 821.3842163085938 118.57971624951676 0.0 0.0 0.0 0.0 0.0 0.0 0.0
4672 1642.2359619140625 824.2236328125 119.54434399702097 0.0 0.0 0.0 0.0 0.0 0.0 0.0
4680 1647.914794921875 827.0630493164062 120.04835088531743 0.0 0.0 0.0 0.0 0.0 0.0 0.0
4688 1650.754150390625 829.9024047851562 120.96722332720432 0.0 0.0 0.0 0.0 0.0 0.0 0.0
4696 1653.5936279296875 832.7418212890625 121.85723853008531 0.0 0.0 0.0 0.0 0.0 0.0 0.0
4704 1659.2723388671875 835.5812377929688 122.23752246306415 0.0 0.0 0.0 0.0 0.0 0.0 0.0
4712 1662.11181640625 838.4205932617188 123.08722823200796 0.0 0.0 0.0 0.0 0.0 0.0 0.0
4720 1664.951171875 841.260009765625 123.90982261085281 0.0 0.0 0.0 0.0 0.0 0.0 0.0
4728 1667.7906494140625 844.0994262695312 124.70594946034106 0.0 0.0 0.0 0.0 0.0 0.0 0.0
4736 1670.6300048828125 846.9387817382812 125.47634431965497 0.0 0.0 0.0 0.0 0.0 0.0 0.0
4744 1676.308837890625 846.9387817382812 124.3795486049521 0.0 0.0 0.0 0.0 0.0 0.0 0.0
4752 1679.148193359375 849.7781982421875 125.1605536458784 0.0 0.0 0.0 0.0 0.0 0.0 0.0
4760 1681.987548828125 849.7781982421875 124.60681760640233 0.0 0.0 0.0 0.0 0.0 0.0 0.0
4768 1684.8270263671875 852.6176147460938 125.38044793519231 0.0 0.0 0.0 0.0 0.0 0.0 0.0
4776 1687.6663818359375 855.4569702148438 126.12894105188661 0.0 0.0 0.0 0.0 0.0 0.0 0.0
4784 1690.5057373046875 855.4569702148438 125.5529351496694 0.0 0.0 0.0 0.0 0.0 0.0 0.0
4792 1693.34521484375 858.29638671875 126.29581597879911 0.0 0.0 0.0 0.0 0.0 0.0 0.0
4800 1696.1845703125 861.1358032226562 127.01445611276444 0.0 0.0 0.0 0.0 0.0 0.0 0.0
4808 1699.02392578125 861.1358032226562 126.4182246174716 0.0 0.0 0.0 0.0 0.0 0.0 0.0
4817 1701.8634033203125 863.9751586914062 127.13282262995995 0.0 0.0 0.0 0.0 0.0 0.0 0.0
4824 1707.5421142578125 863.9751586914062 125.96160264555488 0.0 0.0 0.0 0.0 0.0 0.0 0.0
4834 1710.381591796875 866.8145751953125 126.69115244888172 0.0 0.0 0.0 0.0 0.0 0.0 0.0
4840 1716.060302734375 869.6539916992188 126.81130378448972 0.0 0.0 0.0 0.0 0.0 0.0 0.0
4848 1718.8997802734375 869.6539916992188 126.21966614642042 0.0 0.0 0.0 0.0 0.0 0.0 0.0
4856 1721.7391357421875 872.4933471679688 126.94077229847699 0.0 0.0 0.0 0.0 0.0 0.0 0.0
4864 1724.5784912109375 875.332763671875 127.63825380196056 0.0 0.0 0.0 0.0 0.0 0.0 0.0
4880 1724.5784912109375 878.1721801757812 128.945764780098 0.0 0.0 0.0 0.0 0.0 0.0 0.0
4904 1724.5784912109375 881.0115356445312 130.2381241132141 0.0 0.0 0.0 0.0 0.0 0.0 0.0
4912 1727.41796875 881.0115356445312 129.56938315039335 0.0 0.0 0.0 0.0 0.0 0.0 0.0
4920 1727.41796875 883.8509521484375 130.85436092748034 0.0 0.0 0.0 0.0 0.0 0.0 0.0
4928 1727.41796875 886.6903686523438 132.1235533350019 0.0 0.0 0.0 0.0 0.0 0.0 0.0
4936 1730.25732421875 889.5297241210938 132.6483476445332 0.0 0.0 0.0 0.0 0.0 0.0 0.0
4948 1730.25732421875 892.369140625 133.89449228314766 0.0 0.0 0.0 0.0 0.0 0.0 0.0
4953 1733.0966796875 895.2085571289062 134.35937391380398 0.0 0.0 0.0 0.0 0.0 0.0 0.0
4961 1733.0966796875 898.0479125976562 135.5824428204743 0.0 0.0 0.0 0.0 0.0 0.0 0.0
4984 1733.0966796875 900.8873291015625 136.78836207622717 0.0 0.0 0.0 0.0 0.0 0.0 0.0
4992 1735.9361572265625 900.8873291015625 135.97862921194445 0.0 0.0 0.0 0.0 0.0 0.0 0.0
5024 1735.9361572265625 903.7267456054688 137.17891631682238 0.0 0.0 0.0 0.0 0.0 0.0 0.0
5032 1735.9361572265625 906.5661010742188 138.36164408082246 0.0 0.0 0.0 0.0 0.0 0.0 0.0
5040 1738.7755126953125 909.405517578125 138.67363157558307 0.0 0.0 0.0 0.0 0.0 0.0 0.0
5048 1741.6148681640625 912.2449340820312 138.97486141516748 0.0 0.0 0.0 0.0 0.0 0.0 0.0
5056 1744.454345703125 912.2449340820312 138.12022051502285 0.0 0.0 0.0 0.0 0.0 0.0 0.0
5064 1750.133056640625 915.0843505859375 137.62524000748056 0.0 0.0 0.0 0.0 0.0 0.0 0.0
5072 1755.8118896484375 917.9237060546875 137.15664221113943 0.0 0.0 0.0 0.0 0.0 0.0 0.0
5080 1764.330078125 920.7631225585938 135.94740730405087 0.0 0.0 0.0 0.0 0.0 0.0 0.0
5088 1770.0089111328125 920.7631225585938 134.39574662485398 0.0 0.0 0.0 0.0 0.0 0.0 0.0
5096 1778.527099609375 923.6025390625 133.38708038544763 0.0 0.0 0.0 0.0 0.0 0.0 0.0
5104 1787.0452880859375 926.44189453125 132.45215200224612 0.0 0.0 0.0 0.0 0.0 0.0 0.0
5112 1795.5634765625 929.2813110351562 131.58582401026558 0.0 0.0 0.0 0.0 0.0 0.0 0.0
5120 1801.2421875 929.2813110351562 130.21890190719097 0.0 0.0 0.0 0.0 0.0 0.0 0.0
5128 1809.7603759765625 932.1207275390625 129.51710451397975 0.0 0.0 0.0 0.0 0.0 0.0 0.0
5136 1815.439208984375 932.1207275390625 128.24024935139641 0.0 0.0 0.0 0.0 0.0 0.0 0.0
5144 1821.1180419921875 934.9600830078125 128.27673992102936 0.0 0.0 0.0 0.0 0.0 0.0 0.0
5152 1826.7967529296875 937.7994995117188 128.31131234574812 0.0 0.0 0.0 0.0 0.0 0.0 0.0
5160 1832.4755859375 940.638916015625 128.34399733415037 0.0 0.0 0.0 0.0 0.0 0.0 0.0
5168 1835.31494140625 940.638916015625 127.71763750259964 0.0 0.0 0.0 0.0 0.0 0.0 0.0
5176 1838.1544189453125 943.478271484375 128.389493170029 0.0 0.0 0.0 0.0 0.0 0.0 0.0
5184 1840.9937744140625 943.478271484375 127.76212388538784 0.0 0.0 0.0 0.0 0.0 0.0 0.0
5192 1843.8331298828125 946.3176879882812 128.43255837121913 0.0 0.0 0.0 0.0 0.0 0.0 0.0
5200 1846.672607421875 949.1571044921875 129.0808024316187 0.0 0.0 0.0 0.0 0.0 0.0 0.0
5208 1852.351318359375 949.1571044921875 127.82315565732273 0.0 0.0 0.0 0.0 0.0 0.0 0.0
5217 1855.1907958984375 951.9964599609375 128.49152808430858 0.0 0.0 0.0 0.0 0.0 0.0 0.0
5224 1858.0301513671875 954.8358764648438 129.1378524606843 0.0 0.0 0.0 0.0 0.0 0.0 0.0
5233 1863.708984375 954.8358764648438 127.87768014003012 0.0 0.0 0.0 0.0 0.0 0.0 0.0
5240 1869.3876953125 960.5146484375 129.16826217260981 0.0 0.0 0.0 0.0 0.0 0.0 0.0
5248 1872.2271728515625 963.3540649414062 129.79208470604578 0.0 0.0 0.0 0.0 0.0 0.0 0.0
5256 1877.9058837890625 966.1934814453125 129.7448487103498 0.0 0.0 0.0 0.0 0.0 0.0 0.0
5264 1883.584716796875 969.0328369140625 129.7001137612611 0.0 0.0 0.0 0.0 0.0 0.0 0.0
5272 1889.2635498046875 971.8722534179688 129.65782668030346 0.0 0.0 0.0 0.0 0.0 0.0 0.0
5280 1894.9422607421875 974.711669921875 129.61782796246928 0.0 0.0 0.0 0.0 0.0 0.0 0.0
5288 1900.62109375 974.711669921875 128.33655380132666 0.0 0.0 0.0 0.0 0.0 0.0 0.0
5296 1909.1392822265625 977.551025390625 127.77405650197045 0.0 0.0 0.0 0.0 0.0 0.0 0.0
5304 1914.818115234375 977.551025390625 126.57422792491644 0.0 0.0 0.0 0.0 0.0 0.0 0.0
5312 1923.3363037109375 980.3904418945312 126.14265434724228 0.0 0.0 0.0 0.0 0.0 0.0 0.0
5320 1929.01513671875 980.3904418945312 125.0158096760232 0.0 0.0 0.0 0.0 0.0 0.0 0.0
5329 1931.8544921875 983.2298583984375 125.77617012724255 0.0 0.0 0.0 0.0 0.0 0.0 0.0
5336 1937.5333251953125 983.2298583984375 124.66583213937844 0.0 0.0 0.0 0.0 0.0 0.0 0.0
5344 1940.3726806640625 986.0692138671875 125.43753175383284 0.0 0.0 0.0 0.0 0.0 0.0 0.0
5369 1943.2120361328125 986.0692138671875 124.87742161104393 0.0 0.0 0.0 0.0 0.0 0.0 0.0
5372 1946.051513671875 988.9086303710938 125.64225659591483 0.0 0.0 0.0 0.0 0.0 0.0 0.0
5380 1948.890869140625 988.9086303710938 125.07742482796826 0.0 0.0 0.0 0.0 0.0 0.0 0.0
5388 1951.730224609375 991.748046875 125.83578730801719 0.0 0.0 0.0 0.0 0.0 0.0 0.0
5392 1954.5697021484375 991.748046875 125.26648173416487 0.0 0.0 0.0 0.0 0.0 0.0 0.0
5408 1954.5697021484375 994.58740234375 126.59966506842272 0.0 0.0 0.0 0.0 0.0 0.0 0.0
5424 1957.4090576171875 994.58740234375 126.01288837769113 0.0 0.0 0.0 0.0 0.0 0.0 0.0
5433 1960.2484130859375 997.4268188476562 126.7407861872569 0.0 0.0 0.0 0.0 0.0 0.0 0.0
5448 1963.087890625 1000.2662353515625 127.4448006889298 0.0 0.0 0.0 0.0 0.0 0.0 0.0
5456 1965.92724609375 1000.2662353515625 126.83880072843837 0.0 0.0 0.0 0.0 0.0 0.0 0.0
5464 1968.7666015625 1003.1055908203125 127.53961111043463 0.0 0.0 0.0 0.0 0.0 0.0 0.0
5472 1971.6060791015625 1003.1055908203125 126.93144066792797 0.0 0.0 0.0 0.0 0.0 0.0 0.0
5480 1974.4454345703125 1005.9450073242188 127.62924870725988 0.0 0.0 0.0 0.0 0.0 0.0 0.0
5488 1977.2847900390625 1005.9450073242188 127.0190734728784 0.0 0.0 0.0 0.0 0.0 0.0 0.0
5496 1982.963623046875 1008.784423828125 127.12148425780009 0.0 0.0 0.0 0.0 0.0 0.0 0.0
5504 1988.6424560546875 1008.784423828125 125.95077665848962 0.0 0.0 0.0 0.0 0.0 0.0 0.0
5512 1994.3211669921875 1011.623779296875 126.11083236157813 0.0 0.0 0.0 0.0 0.0 0.0 0.0
5520 2000.0 1014.4631958007812 126.26224565782226 0.0 0.0 0.0 0.0 0.0 0.0 0.0
5528 2002.83935546875 1014.4631958007812 125.68318751651503 0.0 0.0 0.0 0.0 0.0 0.0 0.0
5536 2005.6788330078125 1014.4631958007812 125.11737311350834 0.0 0.0 0.0 0.0 0.0 0.0 0.0
5544 2008.5181884765625 1014.4631958007812 124.56462677405023 0.0 0.0 0.0 0.0 0.0 0.0 0.0
5552 2008.5181884765625 1017.3026123046875 125.90501843588274 0.0 0.0 0.0 0.0 0.0 0.0 0.0
5560 2011.3575439453125 1017.3026123046875 125.33416323324508 0.0 0.0 0.0 0.0 0.0 0.0 0.0
5568 2014.197021484375 1020.1419677734375 126.0841489895401 0.0 0.0 0.0 0.0 0.0 0.0 0.0
5576 2017.036376953125 1022.9813842773438 126.80969543341942 0.0 0.0 0.0 0.0 0.0 0.0 0.0
5584 2019.875732421875 1022.9813842773438 126.21812238278949 0.0 0.0 0.0 0.0 0.0 0.0 0.0
5592 2022.7152099609375 1025.82080078125 126.93927759083678 0.0 0.0 0.0 0.0 0.0 0.0 0.0
5601 2025.5545654296875 1028.66015625 127.63678476950747 0.0 0.0 0.0 0.0 0.0 0.0 0.0
5608 2028.3939208984375 1028.66015625 127.02641066462999 0.0 0.0 0.0 0.0 0.0 0.0 0.0
5617 2031.2333984375 1031.4995727539062 127.72105718118138 0.0 0.0 0.0 0.0 0.0 0.0 0.0
5624 2036.912109375 1031.4995727539062 126.52363730135113 0.0 0.0 0.0 0.0 0.0 0.0 0.0
5634 2039.7515869140625 1034.3389892578125 127.23479401386419 0.0 0.0 0.0 0.0 0.0 0.0 0.0
5640 2045.4302978515625 1037.1784057617188 127.32560635008176 0.0 0.0 0.0 0.0 0.0 0.0 0.0
5648 2051.109130859375 1037.1784057617188 126.14577463591357 0.0 0.0 0.0 0.0 0.0 0.0 0.0
5656 2056.7879638671875 1040.0177612304688 126.29526128731311 0.0 0.0 0.0 0.0 0.0 0.0 0.0
5664 2062.4666748046875 1040.0177612304688 125.1616072191006 0.0 0.0 0.0 0.0 0.0 0.0 0.0
5672 2068.1455078125 1040.0177612304688 124.07905908571877 0.0 0.0 0.0 0.0 0.0 0.0 0.0
5680 2073.8243408203125 1040.0177612304688 123.04566117962571 0.0 0.0 0.0 0.0 0.0 0.0 0.0
5688 2079.5030517578125 1042.857177734375 123.36212726227762 0.0 0.0 0.0 0.0 0.0 0.0 0.0
5705 2082.3424072265625 1042.857177734375 122.85013279079226 0.0 0.0 0.0 0.0 0.0 0.0 0.0
5708 2085.1820068359375 1042.857177734375 122.35006880858694 0.0 0.0 0.0 0.0 0.0 0.0 0.0
5712 2088.0213623046875 1042.857177734375 121.86178127478618 0.0 0.0 0.0 0.0 0.0 0.0 0.0
5726 2090.8607177734375 1042.857177734375 121.3849772744505 0.0 0.0 0.0 0.0 0.0 0.0 0.0
5733 2090.8607177734375 1045.6965942382812 122.75543995331469 0.0 0.0 0.0 0.0 0.0 0.0 0.0
5752 2093.7000732421875 1045.6965942382812 122.25764642297088 0.0 0.0 0.0 0.0 0.0 0.0 0.0
5760 2096.5394287109375 1048.5359497070312 123.10673091554537 0.0 0.0 0.0 0.0 0.0 0.0 0.0
5768 2099.3787841796875 1048.5359497070312 122.6006971346078 0.0 0.0 0.0 0.0 0.0 0.0 0.0
5776 2102.2183837890625 1051.3753662109375 123.43881003485865 0.0 0.0 0.0 0.0 0.0 0.0 0.0
5784 2110.7364501953125 1051.3753662109375 121.96626921435654 0.0 0.0 0.0 0.0 0.0 0.0 0.0
5792 2119.2547607421875 1051.3753662109375 120.59315551231714 0.0 0.0 0.0 0.0 0.0 0.0 0.0
5801 2127.7728271484375 1051.3753662109375 119.31347946243329 0.0 0.0 0.0 0.0 0.0 0.0 0.0
5808 2139.1304931640625 1051.3753662109375 117.75945238459371 0.0 0.0 0.0 0.0 0.0 0.0 0.0
5817 2147.6485595703125 1051.3753662109375 116.67434099665871 0.0 0.0 0.0 0.0 0.0 0.0 0.0
5824 2156.1668701171875 1051.3753662109375 115.66428236977228 0.0 0.0 0.0 0.0 0.0 0.0 0.0
5834 2164.6849365234375 1051.3753662109375 114.7244256033785 0.0 0.0 0.0 0.0 0.0 0.0 0.0
5840 2170.3638916015625 1051.3753662109375 114.12763837480594 0.0 0.0 0.0 0.0 0.0 0.0 0.0
5848 2176.0426025390625 1051.3753662109375 113.55929418162106 0.0 0.0 0.0 0.0 0.0 0.0 0.0
5856 2181.7213134765625 1051.3753662109375 113.0180835867595 0.0 0.0 0.0 0.0 0.0 0.0 0.0
5864 2187.4002685546875 1051.3753662109375 112.50270690000778 0.0 0.0 0.0 0.0 0.0 0.0 0.0
5872 2193.0789794921875 1051.3753662109375 112.0120043576265 0.0 0.0 0.0 0.0 0.0 0.0 0.0
5880 2195.9183349609375 1051.3753662109375 111.77266990001931 0.0 0.0 0.0 0.0 0.0 0.0 0.0
5888 2201.5970458984375 1048.5359497070312 109.93709159999437 0.0 0.0 0.0 0.0 0.0 0.0 0.0
5896 2207.2760009765625 1048.5359497070312 109.56967835428176 0.0 0.0 0.0 0.0 0.0 0.0 0.0
5904 2212.9547119140625 1048.5359497070312 109.22000381095035 0.0 0.0 0.0 0.0 0.0 0.0 0.0
5912 2218.6334228515625 1048.5359497070312 108.88717394229985 0.0 0.0 0.0 0.0 0.0 0.0 0.0
5920 2221.4730224609375 1048.5359497070312 108.7248795556792 0.0 0.0 0.0 0.0 0.0 0.0 0.0
5928 2224.3123779296875 1048.5359497070312 108.56659169012727 0.0 0.0 0.0 0.0 0.0 0.0 0.0
5936 2227.1517333984375 1048.5359497070312 108.41222474301622 0.0 0.0 0.0 0.0 0.0 0.0 0.0
5944 2229.9910888671875 1045.6965942382812 106.84006009164449 0.0 0.0 0.0 0.0 0.0 0.0 0.0
5952 2232.8304443359375 1045.6965942382812 106.72848171313859 0.0 0.0 0.0 0.0 0.0 0.0 0.0