0 295.62298583984375 1411.1112060546875 159.98443057790263 0.0 0.0 0.0 0.0 0.0 0.0 0.0
62 295.62298583984375 1411.1112060546875 159.98443057790263 0.0 0.0 0.0 0.0 0.0 0.0 0.0
76 295.62298583984375 1411.1112060546875 159.98443057790263 0.0 0.0 0.0 0.0 0.0 0.0 0.0
84 295.62298583984375 1411.1112060546875 159.98443057790263 0.0 0.0 0.0 0.0 0.0 0.0 0.0
93 295.62298583984375 1411.1112060546875 159.98443057790263 0.0 0.0 0.0 0.0 0.0 0.0 0.0
100 295.62298583984375 1411.1112060546875 159.98443057790263 0.0 0.0 0.0 0.0 0.0 0.0 0.0
108 295.62298583984375 1411.1112060546875 159.98443057790263 0.0 0.0 0.0 0.0 0.0 0.0 0.0
119 295.62298583984375 1411.1112060546875 159.98443057790263 0.0 0.0 0.0 0.0 0.0 0.0 0.0
126 295.62298583984375 1411.1112060546875 159.98443057790263 0.0 0.0 0.0 0.0 0.0 0.0 0.0
132 295.62298583984375 1411.1112060546875 159.98443057790263 0.0 0.0 0.0 0.0 0.0 0.0 0.0
139 295.62298583984375 1411.1112060546875 159.98443057790263 0.0 0.0 0.0 0.0 0.0 0.0 0.0
146 295.62298583984375 1411.1112060546875 159.98443057790263 0.0 0.0 0.0 0.0 0.0 0.0 0.0
154 295.62298583984375 1411.1112060546875 159.98443057790263 0.0 0.0 0.0 0.0 0.0 0.0 0.0
162 295.62298583984375 1411.1112060546875 159.98443057790263 0.0 0.0 0.0 0.0 0.0 0.0 0.0
170 295.62298583984375 1411.1112060546875 159.98443057790263 0.0 0.0 0.0 0.0 0.0 0.0 0.0
176 295.62298583984375 1411.1112060546875 159.98443057790263 0.0 0.0 0.0 0.0 0.0 0.0 0.0
193 295.62298583984375 1411.1112060546875 159.98443057790263 0.0 0.0 0.0 0.0 0.0 0.0 0.0
200 295.62298583984375 1411.1112060546875 159.98443057790263 0.0 0.0 0.0 0.0 0.0 0.0 0.0
208 295.62298583984375 1411.1112060546875 159.98443057790263 0.0 0.0 0.0 0.0 0.0 0.0 0.0
216 295.62298583984375 1411.1112060546875 159.98443057790263 0.0 0.0 0.0 0.0 0.0 0.0 0.0
224 295.62298583984375 1411.1112060546875 159.98443057790263 0.0 0.0 0.0 0.0 0.0 0.0 0.0
233 295.62298583984375 1411.1112060546875 159.98443057790263 0.0 0.0 0.0 0.0 0.0 0.0 0.0
240 295.62298583984375 1411.1112060546875 159.98443057790263 0.0 0.0 0.0 0.0 0.0 0.0 0.0
246 295.62298583984375 1411.1112060546875 159.98443057790263 0.0 0.0 0.0 0.0 0.0 0.0 0.0
254 741.4233627319336 1357.635311126709 159.52003904396753 0.0 0.0 0.0 0.0 0.0 0.0 0.0
263 765.6657943725586 1357.635311126709 158.9562631185288 0.0 0.0 0.0 0.0 0.0 0.0 0.0
271 789.9081649780273 1357.635311126709 158.5000562775499 0.0 0.0 0.0 0.0 0.0 0.0 0.0
285 814.1505966186523 1357.635311126709 158.13090116719275 0.0 0.0 0.0 0.0 0.0 0.0 0.0
287 830.3122177124023 1357.635311126709 157.91825421997376 0.0 0.0 0.0 0.0 0.0 0.0 0.0
304 866.6758651733398 1357.635311126709 157.56477217546723 0.0 0.0 0.0 0.0 0.0 0.0 0.0
318 898.9991073608398 1353.5949058532715 155.6119719091802 0.0 0.0 0.0 0.0 0.0 0.0 0.0
325 907.0799179077148 1353.5949058532715 155.68153598138912 0.0 0.0 0.0 0.0 0.0 0.0 0.0
335 919.2011337280273 1353.5949058532715 155.7748654933741 0.0 0.0 0.0 0.0 0.0 0.0 0.0
340 927.2819442749023 1349.554500579834 153.74606607416058 0.0 0.0 0.0 0.0 0.0 0.0 0.0
357 943.4435653686523 1349.554500579834 154.12919070743385 0.0 0.0 0.0 0.0 0.0 0.0 0.0
365 955.5647811889648 1349.554500579834 154.3862317969682 0.0 0.0 0.0 0.0 0.0 0.0 0.0
375 963.6455917358398 1349.554500579834 154.54507656824603 0.0 0.0 0.0 0.0 0.0 0.0 0.0
378 975.7667465209961 1349.554500579834 154.75827422862926 0.0 0.0 0.0 0.0 0.0 0.0 0.0
387 983.8475570678711 1349.554500579834 154.89001283613504 0.0 0.0 0.0 0.0 0.0 0.0 0.0
399 987.8879623413086 1349.554500579834 154.95340001704022 0.0 0.0 0.0 0.0 0.0 0.0 0.0
403 991.9283676147461 1349.554500579834 155.01439392730595 0.0 0.0 0.0 0.0 0.0 0.0 0.0
419 995.9687728881836 1345.5140953063965 152.90941184741467 0.0 0.0 0.0 0.0 0.0 0.0 0.0
421 1004.0495834350586 1341.473690032959 151.0960658180407 0.0 0.0 0.0 0.0 0.0 0.0 0.0
438 1020.2112045288086 1341.473690032959 151.83870750934943 0.0 0.0 0.0 0.0 0.0 0.0 0.0
449 1028.2920150756836 1341.473690032959 152.18303217555368 0.0 0.0 0.0 0.0 0.0 0.0 0.0
456 1032.332420349121 1341.473690032959 152.34869945868473 0.0 0.0 0.0 0.0 0.0 0.0 0.0
467 1040.413230895996 1341.473690032959 152.65591739860753 0.0 0.0 0.0 0.0 0.0 0.0 0.0
472 1044.4536361694336 1341.473690032959 152.80375836534122 0.0 0.0 0.0 0.0 0.0 0.0 0.0
488 1056.574851989746 1337.4332847595215 151.1934497891081 0.0 0.0 0.0 0.0 0.0 0.0 0.0
503 1072.736473083496 1337.4332847595215 151.92287134762284 0.0 0.0 0.0 0.0 0.0 0.0 0.0
517 1084.8576889038086 1337.4332847595215 152.4123525580903 0.0 0.0 0.0 0.0 0.0 0.0 0.0
532 1113.140525817871 1333.392879486084 151.54759320018397 0.0 0.0 0.0 0.0 0.0 0.0 0.0
545 1133.3425521850586 1333.392879486084 152.37145928515514 0.0 0.0 0.0 0.0 0.0 0.0 0.0
550 1141.4233627319336 1333.392879486084 152.6770529257348 0.0 0.0 0.0 0.0 0.0 0.0 0.0
562 1153.544578552246 1333.392879486084 153.0871119296856 0.0 0.0 0.0 0.0 0.0 0.0 0.0
565 1165.6657943725586 1333.392879486084 153.45400840223166 0.0 0.0 0.0 0.0 0.0 0.0 0.0
583 1197.9890365600586 1329.3524742126465 152.48839539355217 0.0 0.0 0.0 0.0 0.0 0.0 0.0
589 1210.110252380371 1329.3524742126465 152.91833558192735 0.0 0.0 0.0 0.0 0.0 0.0 0.0
600 1222.2314682006836 1329.3524742126465 153.30301310716993 0.0 0.0 0.0 0.0 0.0 0.0 0.0
604 1226.271873474121 1329.3524742126465 153.4263647854956 0.0 0.0 0.0 0.0 0.0 0.0 0.0
625 1246.4738998413086 1329.3524742126465 153.94202190261177 0.0 0.0 0.0 0.0 0.0 0.0 0.0
628 1254.5547103881836 1325.312068939209 152.05061635561708 0.0 0.0 0.0 0.0 0.0 0.0 0.0
639 1262.635398864746 1325.312068939209 152.37950556611736 0.0 0.0 0.0 0.0 0.0 0.0 0.0
642 1286.877830505371 1325.312068939209 153.1782092156585 0.0 0.0 0.0 0.0 0.0 0.0 0.0
660 1311.120262145996 1321.2716636657715 152.00686827649005 0.0 0.0 0.0 0.0 0.0 0.0 0.0
667 1323.2414779663086 1321.2716636657715 152.48749800013132 0.0 0.0 0.0 0.0 0.0 0.0 0.0
680 1339.4030990600586 1317.231258392334 151.10272081838986 0.0 0.0 0.0 0.0 0.0 0.0 0.0
682 1363.6455307006836 1317.231258392334 152.1447240114714 0.0 0.0 0.0 0.0 0.0 0.0 0.0
699 1400.009178161621 1313.1908531188965 151.64090075456437 0.0 0.0 0.0 0.0 0.0 0.0 0.0
717 1432.332420349121 1313.1908531188965 152.81877987081486 0.0 0.0 0.0 0.0 0.0 0.0 0.0
733 1464.655662536621 1309.150447845459 152.00590601316665 0.0 0.0 0.0 0.0 0.0 0.0 0.0
743 1488.898094177246 1309.150447845459 152.87582750970194 0.0 0.0 0.0 0.0 0.0 0.0 0.0
753 1509.1001205444336 1309.150447845459 153.48180890800404 0.0 0.0 0.0 0.0 0.0 0.0 0.0
763 1529.302146911621 1309.150447845459 153.98834039763204 0.0 0.0 0.0 0.0 0.0 0.0 0.0
766 1553.544578552246 1309.150447845459 154.4802285707267 0.0 0.0 0.0 0.0 0.0 0.0 0.0
784 1593.948631286621 1305.1100425720215 153.45372337496445 0.0 0.0 0.0 0.0 0.0 0.0 0.0
791 1618.191062927246 1305.1100425720215 154.047605186347 0.0 0.0 0.0 0.0 0.0 0.0 0.0
801 1638.3930892944336 1305.1100425720215 154.4612413909321 0.0 0.0 0.0 0.0 0.0 0.0 0.0
806 1654.554588317871 1301.069637298584 152.8042739188499 0.0 0.0 0.0 0.0 0.0 0.0 0.0
821 1690.9182357788086 1297.0292320251465 152.12729308079855 0.0 0.0 0.0 0.0 0.0 0.0 0.0
837 1707.0798568725586 1297.0292320251465 152.73009282054184 0.0 0.0 0.0 0.0 0.0 0.0 0.0
839 1727.281883239746 1297.0292320251465 153.36002393441558 0.0 0.0 0.0 0.0 0.0 0.0 0.0
845 1739.4030990600586 1297.0292320251465 153.69816420010457 0.0 0.0 0.0 0.0 0.0 0.0 0.0
855 1755.5647201538086 1297.0292320251465 154.08778952013427 0.0 0.0 0.0 0.0 0.0 0.0 0.0
860 1771.7263412475586 1297.0292320251465 154.42448093302204 0.0 0.0 0.0 0.0 0.0 0.0 0.0
878 1804.0495834350586 1297.0292320251465 154.93682405356543 0.0 0.0 0.0 0.0 0.0 0.0 0.0
883 1816.170799255371 1297.0292320251465 155.1087139644145 0.0 0.0 0.0 0.0 0.0 0.0 0.0
894 1832.332420349121 1297.0292320251465 155.3067187260747 0.0 0.0 0.0 0.0 0.0 0.0 0.0
898 1848.494041442871 1297.0292320251465 155.47779751567168 0.0 0.0 0.0 0.0 0.0 0.0 0.0
917 1884.8576889038086 1297.0292320251465 155.76220531600046 0.0 0.0 0.0 0.0 0.0 0.0 0.0
931 1892.9384994506836 1297.0292320251465 155.82081525270291 0.0 0.0 0.0 0.0 0.0 0.0 0.0
932 1909.1001205444336 1297.0292320251465 155.9220821183281 0.0 0.0 0.0 0.0 0.0 0.0 0.0
937 1921.221336364746 1297.0292320251465 155.9900383344106 0.0 0.0 0.0 0.0 0.0 0.0 0.0
947 1929.302146911621 1297.0292320251465 156.03202642147312 0.0 0.0 0.0 0.0 0.0 0.0 0.0
952 1945.463768005371 1297.0292320251465 156.10458910024693 0.0 0.0 0.0 0.0 0.0 0.0 0.0
967 1957.5849838256836 1297.0292320251465 156.15326759347656 0.0 0.0 0.0 0.0 0.0 0.0 0.0
968 1981.8274154663086 1292.988826751709 154.41023127203144 0.0 0.0 0.0 0.0 0.0 0.0 0.0
982 1997.9890365600586 1292.988826751709 154.70314940950283 0.0 0.0 0.0 0.0 0.0 0.0 0.0
986 2010.110252380371 1292.988826751709 154.8996675560794 0.0 0.0 0.0 0.0 0.0 0.0 0.0
998 2022.2314682006836 1292.988826751709 155.07545779725936 0.0 0.0 0.0 0.0 0.0 0.0 0.0
1000 2046.473777770996 1284.908016204834 151.72478728575652 0.0 0.0 0.0 0.0 0.0 0.0 0.0
1006 2070.716209411621 1284.908016204834 152.64830112885465 0.0 0.0 0.0 0.0 0.0 0.0 0.0
1021 2090.9182357788086 1280.8676109313965 151.41565146457128 0.0 0.0 0.0 0.0 0.0 0.0 0.0
1027 2107.0798568725586 1280.8676109313965 152.11495949800724 0.0 0.0 0.0 0.0 0.0 0.0 0.0
1038 2119.201072692871 1280.8676109313965 152.58425743791346 0.0 0.0 0.0 0.0 0.0 0.0 0.0
1039 2131.3222885131836 1280.8676109313965 153.00410444133033 0.0 0.0 0.0 0.0 0.0 0.0 0.0
1058 2159.605125427246 1280.8676109313965 153.7725803603028 0.0 0.0 0.0 0.0 0.0 0.0 0.0
1060 2183.847557067871 1280.8676109313965 154.3056610051318 0.0 0.0 0.0 0.0 0.0 0.0 0.0
1075 2208.089988708496 1280.8676109313965 154.73705510780368 0.0 0.0 0.0 0.0 0.0 0.0 0.0
1077 2232.332420349121 1280.8676109313965 155.0861202190355 0.0 0.0 0.0 0.0 0.0 0.0 0.0
1090 2256.574851989746 1280.8676109313965 155.3685417512043 0.0 0.0 0.0 0.0 0.0 0.0 0.0
1092 2280.817283630371 1280.8676109313965 155.5970968421801 0.0 0.0 0.0 0.0 0.0 0.0 0.0
1104 2296.978904724121 1280.8676109313965 155.7287427163385 0.0 0.0 0.0 0.0 0.0 0.0 0.0
1108 2309.099998474121 1280.8676109313965 155.8170597820145 0.0 0.0 0.0 0.0 0.0 0.0 0.0
1117 2321.221336364746 1280.8676109313965 155.8960925690505 0.0 0.0 0.0 0.0 0.0 0.0 0.0
1137 2329.302146911621 1280.8676109313965 155.94494254963763 0.0 0.0 0.0 0.0 0.0 0.0 0.0
1140 2333.342430114746 1280.8676109313965 155.96840956514632 0.0 0.0 0.0 0.0 0.0 0.0 0.0
1146 2337.382957458496 1280.8676109313965 155.9910054582794 0.0 0.0 0.0 0.0 0.0 0.0 0.0
1154 2341.423240661621 1280.8676109313965 156.0127474024717 0.0 0.0 0.0 0.0 0.0 0.0 0.0
1165 2349.504051208496 1284.908016204834 158.14125792589095 0.0 0.0 0.0 0.0 0.0 0.0 0.0
1171 2357.584861755371 1284.908016204834 158.02643779050476 0.0 0.0 0.0 0.0 0.0 0.0 0.0
1185 2365.665672302246 1288.9484214782715 160.00523639366588 0.0 0.0 0.0 0.0 0.0 0.0 0.0
1187 2377.787010192871 1288.9484214782715 159.64251078651594 0.0 0.0 0.0 0.0 0.0 0.0 0.0
1192 2385.867820739746 1292.988826751709 161.4997587938661 0.0 0.0 0.0 0.0 0.0 0.0 0.0
1207 2397.988914489746 1297.0292320251465 162.98321283750795 0.0 0.0 0.0 0.0 0.0 0.0 0.0
1223 2446.473777770996 1313.1908531188965 166.96826107273262 0.0 0.0 0.0 0.0 0.0 0.0 0.0
1226 2470.716209411621 1313.1908531188965 164.98809800588555 0.0 0.0 0.0 0.0 0.0 0.0 0.0
1238 2503.039451599121 1317.231258392334 164.67587759668538 0.0 0.0 0.0 0.0 0.0 0.0 0.0
1240 2515.160789489746 1321.2716636657715 165.81335632362402 0.0 0.0 0.0 0.0 0.0 0.0 0.0
1246 2539.403221130371 1321.2716636657715 164.0520285196551 0.0 0.0 0.0 0.0 0.0 0.0 0.0
1261 2555.564842224121 1321.2716636657715 163.03647984555343 0.0 0.0 0.0 0.0 0.0 0.0 0.0
1276 2587.888084411621 1329.3524742126465 164.88679693984776 0.0 0.0 0.0 0.0 0.0 0.0 0.0
1279 2600.009178161621 1333.392879486084 166.00123118763742 0.0 0.0 0.0 0.0 0.0 0.0 0.0
1290 2616.170799255371 1333.392879486084 164.72262028680058 0.0 0.0 0.0 0.0 0.0 0.0 0.0
1294 2636.372703552246 1337.4332847595215 165.24906782591273 0.0 0.0 0.0 0.0 0.0 0.0 0.0
1302 2648.494041442871 1341.473690032959 166.32387692693487 0.0 0.0 0.0 0.0 0.0 0.0 0.0
1316 2664.655662536621 1341.473690032959 165.00179514081125 0.0 0.0 0.0 0.0 0.0 0.0 0.0
1317 2688.898094177246 1345.5140953063965 165.19989217240715 0.0 0.0 0.0 0.0 0.0 0.0 0.0
1331 2721.221336364746 1349.554500579834 164.8366841337617 0.0 0.0 0.0 0.0 0.0 0.0 0.0
1332 2745.463768005371 1349.554500579834 163.26071278629476 0.0 0.0 0.0 0.0 0.0 0.0 0.0
1340 2769.706199645996 1357.635311126709 165.59085581798936 0.0 0.0 0.0 0.0 0.0 0.0 0.0
1355 2802.029441833496 1357.635311126709 163.43486928692 0.0 0.0 0.0 0.0 0.0 0.0 0.0
1357 2826.271873474121 1357.635311126709 162.12530925615653 0.0 0.0 0.0 0.0 0.0 0.0 0.0
1369 2854.554588317871 1357.635311126709 160.92626113245393 0.0 0.0 0.0 0.0 0.0 0.0 0.0
1372 2886.877830505371 1357.635311126709 159.88326887160608 0.0 0.0 0.0 0.0 0.0 0.0 0.0
1378 2927.281883239746 1357.635311126709 158.94719816896205 0.0 0.0 0.0 0.0 0.0 0.0 0.0
1389 2963.645652770996 1357.635311126709 158.32484769504117 0.0 0.0 0.0 0.0 0.0 0.0 0.0
1394 2987.888084411621 1357.635311126709 157.9891225081011 0.0 0.0 0.0 0.0 0.0 0.0 0.0
1413 3032.332420349121 1357.635311126709 157.55941502152848 0.0 0.0 0.0 0.0 0.0 0.0 0.0
1424 3056.574851989746 1361.6757164001465 159.19096694804517 0.0 0.0 0.0 0.0 0.0 0.0 0.0
1427 3072.736473083496 1361.6757164001465 158.83429657195305 0.0 0.0 0.0 0.0 0.0 0.0 0.0
1439 3096.978904724121 1361.6757164001465 158.401335006834 0.0 0.0 0.0 0.0 0.0 0.0 0.0
1441 3113.140525817871 1361.6757164001465 158.1519116154035 0.0 0.0 0.0 0.0 0.0 0.0 0.0
1456 3137.382957458496 1361.6757164001465 157.84917785059352 0.0 0.0 0.0 0.0 0.0 0.0 0.0
1457 3161.625389099121 1361.6757164001465 157.60424917359933 0.0 0.0 0.0 0.0 0.0 0.0 0.0
1465 3202.029441833496 1361.6757164001465 157.31121364545578 0.0 0.0 0.0 0.0 0.0 0.0 0.0
1476 3226.271873474121 1357.635311126709 155.34626816786522 0.0 0.0 0.0 0.0 0.0 0.0 0.0
1481 3270.716209411621 1357.635311126709 155.71445862883354 0.0 0.0 0.0 0.0 0.0 0.0 0.0
1493 3294.958641052246 1357.635311126709 155.87695968930882 0.0 0.0 0.0 0.0 0.0 0.0 0.0
1494 3343.443504333496 1357.635311126709 156.09777359377694 0.0 0.0 0.0 0.0 0.0 0.0 0.0
1503 3371.726463317871 1357.635311126709 156.19881519490573 0.0 0.0 0.0 0.0 0.0 0.0 0.0
1518 3412.130271911621 1357.635311126709 156.3023915298203 0.0 0.0 0.0 0.0 0.0 0.0 0.0
1520 3436.372703552246 1357.635311126709 156.35268291333549 0.0 0.0 0.0 0.0 0.0 0.0 0.0
1533 3468.695945739746 1353.5949058532715 154.6906289932799 0.0 0.0 0.0 0.0 0.0 0.0 0.0
1535 3492.938377380371 1349.554500579834 153.2284091108629 0.0 0.0 0.0 0.0 0.0 0.0 0.0
1550 3517.180809020996 1349.554500579834 153.86527343842832 0.0 0.0 0.0 0.0 0.0 0.0 0.0
1551 3533.342430114746 1345.5140953063965 152.2903555742249 0.0 0.0 0.0 0.0 0.0 0.0 0.0
1559 3561.625389099121 1341.473690032959 151.45209270294657 0.0 0.0 0.0 0.0 0.0 0.0 0.0
1570 3573.746482849121 1341.473690032959 151.99110601559033 0.0 0.0 0.0 0.0 0.0 0.0 0.0
1573 3585.867820739746 1329.3524742126465 146.5085271717929 0.0 0.0 0.0 0.0 0.0 0.0 0.0
1587 3593.948631286621 1325.312068939209 145.18869426590254 0.0 0.0 0.0 0.0 0.0 0.0 0.0
1588 3602.029441833496 1321.2716636657715 143.9723791695397 0.0 0.0 0.0 0.0 0.0 0.0 0.0
1597 3610.110252380371 1317.231258392334 142.85191195905185 0.0 0.0 0.0 0.0 0.0 0.0 0.0
1610 3618.191062927246 1313.1908531188965 141.82010568366258 0.0 0.0 0.0 0.0 0.0 0.0 0.0
1629 3626.271873474121 1305.1100425720215 138.89362858182682 0.0 0.0 0.0 0.0 0.0 0.0 0.0
1646 3642.433494567871 1288.9484214782715 134.02036776145724 0.0 0.0 0.0 0.0 0.0 0.0 0.0
1661 3670.716209411621 1260.665584564209 127.78060722600466 0.0 0.0 0.0 0.0 0.0 0.0 0.0
1676 3711.120262145996 1236.423152923584 127.0958043893765 0.0 0.0 0.0 0.0 0.0 0.0 0.0
1690 3735.362693786621 1220.261531829834 126.16399712295026 0.0 0.0 0.0 0.0 0.0 0.0 0.0
1696 3747.484031677246 1208.1403160095215 124.0908590395849 0.0 0.0 0.0 0.0 0.0 0.0 0.0
1711 3759.605125427246 1200.0595054626465 123.93998541328625 0.0 0.0 0.0 0.0 0.0 0.0 0.0
1713 3763.645652770996 1191.9786949157715 121.54253317262055 0.0 0.0 0.0 0.0 0.0 0.0 0.0
1730 3775.766746520996 1163.695858001709 114.37812379988742 0.0 0.0 0.0 0.0 0.0 0.0 0.0
1740 3775.766746520996 1151.5746421813965 109.74821870717855 0.0 0.0 0.0 0.0 0.0 0.0 0.0
1745 3779.807273864746 1119.2513999938965 101.30039091778832 0.0 0.0 0.0 0.0 0.0 0.0 0.0
1758 3779.807273864746 1086.9281578063965 93.19544199357142 0.0 0.0 0.0 0.0 0.0 0.0 0.0
1766 3783.847557067871 1062.6857872009277 89.90672983676836 0.0 0.0 0.0 0.0 0.0 0.0 0.0
1780 3783.847557067871 1046.5241661071777 86.79010814319838 0.0 0.0 0.0 0.0 0.0 0.0 0.0
1783 3791.928367614746 1030.3625450134277 87.7372030647889 0.0 0.0 0.0 0.0 0.0 0.0 0.0
1796 3791.928367614746 1018.2413291931152 85.53930375418622 0.0 0.0 0.0 0.0 0.0 0.0 0.0
1800 3791.928367614746 1010.1605186462402 84.17601390939973 0.0 0.0 0.0 0.0 0.0 0.0 0.0
1815 3795.968650817871 1002.0797080993652 84.8973951138837 0.0 0.0 0.0 0.0 0.0 0.0 0.0
1833 3795.968650817871 993.9988975524902 83.57904208116702 0.0 0.0 0.0 0.0 0.0 0.0 0.0
1837 3795.968650817871 989.9584922790527 82.9438239770605 0.0 0.0 0.0 0.0 0.0 0.0 0.0
1849 3795.968650817871 985.9180870056152 82.33170468978574 0.0 0.0 0.0 0.0 0.0 0.0 0.0
1852 3800.009178161621 977.8372764587402 83.20049132303592 0.0 0.0 0.0 0.0 0.0 0.0 0.0
1872 3800.009178161621 957.635311126709 80.48915849250153 0.0 0.0 0.0 0.0 0.0 0.0 0.0
1874 3800.009178161621 945.5140953063965 79.03037671645689 0.0 0.0 0.0 0.0 0.0 0.0 0.0
1888 3800.009178161621 933.392879486084 77.72255784766924 0.0 0.0 0.0 0.0 0.0 0.0 0.0
1891 3800.009178161621 913.1908531188965 75.89607935568336 0.0 0.0 0.0 0.0 0.0 0.0 0.0
1903 3804.049461364746 897.0292320251465 76.55207546557506 0.0 0.0 0.0 0.0 0.0 0.0 0.0
1906 3804.049461364746 880.8676109313965 75.19932563106579 0.0 0.0 0.0 0.0 0.0 0.0 0.0
1927 3804.049461364746 852.584774017334 73.33913680718683 0.0 0.0 0.0 0.0 0.0 0.0 0.0
1942 3804.049461364746 836.423152923584 72.41994003664104 0.0 0.0 0.0 0.0 0.0 0.0 0.0
1945 3804.049461364746 828.342342376709 71.99376233980473 0.0 0.0 0.0 0.0 0.0 0.0 0.0
1956 3804.049461364746 816.2211265563965 71.42164605033815 0.0 0.0 0.0 0.0 0.0 0.0 0.0
1960 3804.049461364746 812.180721282959 71.23811403682782 0.0 0.0 0.0 0.0 0.0 0.0 0.0
1981 3804.049461364746 808.1403160095215 71.06158417843506 0.0 0.0 0.0 0.0 0.0 0.0 0.0
2001 3804.049461364746 804.099910736084 70.89167415419683 0.0 0.0 0.0 0.0 0.0 0.0 0.0
2038 3804.049461364746 800.0595054626465 70.72811060226468 0.0 0.0 0.0 0.0 0.0 0.0 0.0
2049 3804.049461364746 796.019100189209 70.57075639141073 0.0 0.0 0.0 0.0 0.0 0.0 0.0
2055 3804.049461364746 791.9786949157715 70.41934625058809 0.0 0.0 0.0 0.0 0.0 0.0 0.0
2065 3804.049461364746 787.938289642334 70.2736106100516 0.0 0.0 0.0 0.0 0.0 0.0 0.0
2068 3800.009178161621 787.938289642334 68.02103152377248 0.0 0.0 0.0 0.0 0.0 0.0 0.0
2079 3795.968650817871 783.8978843688965 65.79803027065583 0.0 0.0 0.0 0.0 0.0 0.0 0.0
2090 3795.968650817871 779.857479095459 65.827014023336 0.0 0.0 0.0 0.0 0.0 0.0 0.0
2102 3795.968650817871 775.8171348571777 65.85491345361845 0.0 0.0 0.0 0.0 0.0 0.0 0.0
2116 3791.928367614746 775.8171348571777 63.60458991648068 0.0 0.0 0.0 0.0 0.0 0.0 0.0
2117 3791.928367614746 771.7767295837402 63.71652194350031 0.0 0.0 0.0 0.0 0.0 0.0 0.0
2129 3791.928367614746 767.7363243103027 63.8243244771993 0.0 0.0 0.0 0.0 0.0 0.0 0.0
2132 3787.887840270996 767.7363243103027 61.57948332270246 0.0 0.0 0.0 0.0 0.0 0.0 0.0
2147 3783.847557067871 763.6959190368652 59.61555567476563 0.0 0.0 0.0 0.0 0.0 0.0 0.0
2155 3783.847557067871 759.6555137634277 59.87787449684055 0.0 0.0 0.0 0.0 0.0 0.0 0.0
2169 3775.766746520996 759.6555137634277 55.452447346862414 0.0 0.0 0.0 0.0 0.0 0.0 0.0
2171 3775.766746520996 755.6151084899902 55.8705521932182 0.0 0.0 0.0 0.0 0.0 0.0 0.0
2184 3771.726463317871 751.5747032165527 54.154440274497006 0.0 0.0 0.0 0.0 0.0 0.0 0.0
2186 3767.685935974121 751.5747032165527 51.97376524844964 0.0 0.0 0.0 0.0 0.0 0.0 0.0
2197 3763.645652770996 751.5747032165527 49.816168905648055 0.0 0.0 0.0 0.0 0.0 0.0 0.0
2201 3755.564842224121 747.5342979431152 46.36362132904537 0.0 0.0 0.0 0.0 0.0 0.0 0.0
2209 3747.484031677246 743.4938926696777 43.12437367652586 0.0 0.0 0.0 0.0 0.0 0.0 0.0
2224 3739.403221130371 739.4534873962402 40.09403002998005 0.0 0.0 0.0 0.0 0.0 0.0 0.0
2225 3735.362693786621 735.4130821228027 39.13237304178881 0.0 0.0 0.0 0.0 0.0 0.0 0.0
2236 3727.281883239746 731.3726768493652 36.370159742488 0.0 0.0 0.0 0.0 0.0 0.0 0.0
2241 3719.201072692871 731.3726768493652 32.62943166471325 0.0 0.0 0.0 0.0 0.0 0.0 0.0
2254 3711.120262145996 727.3322715759277 30.32654626067017 0.0 0.0 0.0 0.0 0.0 0.0 0.0
2255 3707.079978942871 727.3322715759277 28.55145389244177 0.0 0.0 0.0 0.0 0.0 0.0 0.0
2263 3703.039451599121 727.3322715759277 26.818978610727186 0.0 0.0 0.0 0.0 0.0 0.0 0.0
2275 3698.999168395996 723.2918663024902 26.542622830950563 0.0 0.0 0.0 0.0 0.0 0.0 0.0
2279 3690.918357849121 723.2918663024902 23.261990181055126 0.0 0.0 0.0 0.0 0.0 0.0 0.0
2290 3682.837547302246 723.2918663024902 20.153992459918925 0.0 0.0 0.0 0.0 0.0 0.0 0.0
2294 3678.797019958496 723.2918663024902 18.644124495746212 0.0 0.0 0.0 0.0 0.0 0.0 0.0
2303 3674.756736755371 719.2514610290527 18.798044158892765 0.0 0.0 0.0 0.0 0.0 0.0 0.0
2319 3654.554588317871 719.2514610290527 12.218253506571614 0.0 0.0 0.0 0.0 0.0 0.0 0.0
2330 3646.473777770996 715.2110557556152 11.486249900861026 0.0 0.0 0.0 0.0 0.0 0.0 0.0
2333 3638.392967224121 715.2110557556152 9.064727455161687 0.0 0.0 0.0 0.0 0.0 0.0 0.0
2340 3626.271873474121 715.2110557556152 5.765785051786111 0.0 0.0 0.0 0.0 0.0 0.0 0.0
2354 3622.231346130371 715.2110557556152 4.703299254442868 0.0 0.0 0.0 0.0 0.0 0.0 0.0
2357 3614.150535583496 715.2110557556152 2.717086248454791 0.0 0.0 0.0 0.0 0.0 0.0 0.0
2369 3593.948631286621 715.2110557556152 358.50491748771765 0.0 0.0 0.0 0.0 0.0 0.0 0.0
2372 3585.867820739746 715.2110557556152 356.93636301562395 0.0 0.0 0.0 0.0 0.0 0.0 0.0
2384 3569.706199645996 715.2110557556152 354.2048156541532 0.0 0.0 0.0 0.0 0.0 0.0 0.0
2387 3553.544578552246 715.2110557556152 351.83154719320504 0.0 0.0 0.0 0.0 0.0 0.0 0.0
2402 3541.423240661621 715.2110557556152 350.2343303974761 0.0 0.0 0.0 0.0 0.0 0.0 0.0
2403 3521.221336364746 715.2110557556152 348.0006970151209 0.0 0.0 0.0 0.0 0.0 0.0 0.0
2411 3509.099998474121 715.2110557556152 346.7998826568769 0.0 0.0 0.0 0.0 0.0 0.0 0.0
2422 3505.059715270996 715.2110557556152 346.4145528223457 0.0 0.0 0.0 0.0 0.0 0.0 0.0
2427 3484.857566833496 715.2110557556152 344.80093624314736 0.0 0.0 0.0 0.0 0.0 0.0 0.0
2438 3468.695945739746 715.2110557556152 343.6842156743714 0.0 0.0 0.0 0.0 0.0 0.0 0.0
2441 3444.453514099121 715.2110557556152 342.3271953974943 0.0 0.0 0.0 0.0 0.0 0.0 0.0
2459 3424.251609802246 719.2514610290527 339.49973468357945 0.0 0.0 0.0 0.0 0.0 0.0 0.0
2465 3404.049461364746 719.2514610290527 339.01782461497146 0.0 0.0 0.0 0.0 0.0 0.0 0.0
2476 3383.847557067871 719.2514610290527 338.6150492660274 0.0 0.0 0.0 0.0 0.0 0.0 0.0
2480 3367.685935974121 719.2514610290527 338.33660964016826 0.0 0.0 0.0 0.0 0.0 0.0 0.0
2495 3347.484031677246 723.2918663024902 336.16262751686907 0.0 0.0 0.0 0.0 0.0 0.0 0.0
2503 3335.362693786621 723.2918663024902 336.20517050380414 0.0 0.0 0.0 0.0 0.0 0.0 0.0
2627 3109.099998474121 759.6555137634277 330.14783232809896 0.0 0.0 0.0 0.0 0.0 0.0 0.0
2640 3096.978904724121 763.6959190368652 328.82567254497224 0.0 0.0 0.0 0.0 0.0 0.0 0.0
2642 3080.817283630371 763.6959190368652 329.8755702390396 0.0 0.0 0.0 0.0 0.0 0.0 0.0
2656 3064.655662536621 767.7363243103027 328.85256626187316 0.0 0.0 0.0 0.0 0.0 0.0 0.0
2658 3056.574851989746 771.7767295837402 327.35025387951424 0.0 0.0 0.0 0.0 0.0 0.0 0.0
2675 3028.291893005371 775.8171348571777 327.58639627532347 0.0 0.0 0.0 0.0 0.0 0.0 0.0
2681 3016.170799255371 779.857479095459 326.5440806025513 0.0 0.0 0.0 0.0 0.0 0.0 0.0
2700 2971.726463317871 783.8978843688965 328.00525391366546 0.0 0.0 0.0 0.0 0.0 0.0 0.0
2707 2963.645652770996 787.938289642334 326.5687033171623 0.0 0.0 0.0 0.0 0.0 0.0 0.0
2719 2947.484031677246 787.938289642334 327.92296839411904 0.0 0.0 0.0 0.0 0.0 0.0 0.0
2720 2931.322410583496 796.019100189209 325.26896097112376 0.0 0.0 0.0 0.0 0.0 0.0 0.0
2739 2894.958641052246 804.099910736084 324.941212000723 0.0 0.0 0.0 0.0 0.0 0.0 0.0
2745 2874.756736755371 804.099910736084 326.8437077371394 0.0 0.0 0.0 0.0 0.0 0.0 0.0
2750 2858.595115661621 804.099910736084 328.16095929249275 0.0 0.0 0.0 0.0 0.0 0.0 0.0
2766 2822.231346130371 808.1403160095215 328.703037071184 0.0 0.0 0.0 0.0 0.0 0.0 0.0
2775 2810.110252380371 812.180721282959 327.5385010730286 0.0 0.0 0.0 0.0 0.0 0.0 0.0
2783 2789.908103942871 812.180721282959 329.0182149248231 0.0 0.0 0.0 0.0 0.0 0.0 0.0
2793 2781.827293395996 816.2211265563965 327.50308268338404 0.0 0.0 0.0 0.0 0.0 0.0 0.0
2799 2761.625389099121 816.2211265563965 328.988553594492 0.0 0.0 0.0 0.0 0.0 0.0 0.0
2806 2757.584861755371 816.2211265563965 329.2744878243152 0.0 0.0 0.0 0.0 0.0 0.0 0.0
2816 2745.463768005371 816.2211265563965 330.0423227036413 0.0 0.0 0.0 0.0 0.0 0.0 0.0
2820 2737.382957458496 816.2211265563965 330.51709267577905 0.0 0.0 0.0 0.0 0.0 0.0 0.0
2837 2713.140525817871 820.261531829834 329.85844349389583 0.0 0.0 0.0 0.0 0.0 0.0 0.0
2844 2696.978904724121 820.261531829834 330.76866924739727 0.0 0.0 0.0 0.0 0.0 0.0 0.0
2859 2692.938377380371 820.261531829834 330.9876745155245 0.0 0.0 0.0 0.0 0.0 0.0 0.0
2860 2680.817283630371 820.261531829834 331.57555329354216 0.0 0.0 0.0 0.0 0.0 0.0 0.0
2874 2660.615135192871 820.261531829834 332.3948572828363 0.0 0.0 0.0 0.0 0.0 0.0 0.0
2877 2640.413230895996 820.261531829834 333.0797788529078 0.0 0.0 0.0 0.0 0.0 0.0 0.0
2888 2620.211082458496 820.261531829834 333.6523084729639 0.0 0.0 0.0 0.0 0.0 0.0 0.0
2890 2608.089988708496 824.3019371032715 331.9504093166014 0.0 0.0 0.0 0.0 0.0 0.0 0.0
2911 2547.484031677246 832.3827476501465 330.8391227840161 0.0 0.0 0.0 0.0 0.0 0.0 0.0
2915 2523.241600036621 832.3827476501465 331.93131356133244 0.0 0.0 0.0 0.0 0.0 0.0 0.0
2923 2498.999168395996 832.3827476501465 332.81547319038293 0.0 0.0 0.0 0.0 0.0 0.0 0.0
2938 2462.635398864746 832.3827476501465 333.7954766960915 0.0 0.0 0.0 0.0 0.0 0.0 0.0
2945 2450.514305114746 832.3827476501465 334.0877009997286 0.0 0.0 0.0 0.0 0.0 0.0 0.0
2955 2438.392967224121 832.3827476501465 334.3491235699124 0.0 0.0 0.0 0.0 0.0 0.0 0.0
2970 2430.312156677246 832.3827476501465 334.51069049860723 0.0 0.0 0.0 0.0 0.0 0.0 0.0
2972 2426.271873474121 832.3827476501465 334.5883996156058 0.0 0.0 0.0 0.0 0.0 0.0 0.0
2975 2418.191062927246 832.3827476501465 334.7325524729541 0.0 0.0 0.0 0.0 0.0 0.0 0.0
2990 2406.069725036621 832.3827476501465 334.92595420373095 0.0 0.0 0.0 0.0 0.0 0.0 0.0
2992 2397.988914489746 832.3827476501465 335.04550307679614 0.0 0.0 0.0 0.0 0.0 0.0 0.0
3007 2361.625389099121 828.342342376709 337.10708998264147 0.0 0.0 0.0 0.0 0.0 0.0 0.0
3014 2337.382957458496 828.342342376709 337.0037856974816 0.0 0.0 0.0 0.0 0.0 0.0 0.0
3039 2272.736473083496 828.342342376709 336.83466852088253 0.0 0.0 0.0 0.0 0.0 0.0 0.0
3050 2252.534324645996 824.3019371032715 338.67223313147736 0.0 0.0 0.0 0.0 0.0 0.0 0.0
3054 2240.413230895996 824.3019371032715 338.45002734072887 0.0 0.0 0.0 0.0 0.0 0.0 0.0
3074 2195.968894958496 820.261531829834 339.4521747712498 0.0 0.0 0.0 0.0 0.0 0.0 0.0
3077 2175.766746520996 820.261531829834 338.97809285410585 0.0 0.0 0.0 0.0 0.0 0.0 0.0
3087 2155.564842224121 816.2211265563965 340.46073699529336 0.0 0.0 0.0 0.0 0.0 0.0 0.0
3092 2139.4030990600586 816.2211265563965 339.93167315457265 0.0 0.0 0.0 0.0 0.0 0.0 0.0
3103 2127.281883239746 812.180721282959 341.58479233417273 0.0 0.0 0.0 0.0 0.0 0.0 0.0
3109 2115.1606674194336 812.180721282959 341.05572293475905 0.0 0.0 0.0 0.0 0.0 0.0 0.0
3123 2090.9182357788086 812.180721282959 340.19913911776416 0.0 0.0 0.0 0.0 0.0 0.0 0.0
3140 2070.716209411621 812.180721282959 339.60242102466293 0.0 0.0 0.0 0.0 0.0 0.0 0.0
3154 2050.5141830444336 812.180721282959 339.10367267533036 0.0 0.0 0.0 0.0 0.0 0.0 0.0
3155 2030.3122787475586 812.180721282959 338.68679343119544 0.0 0.0 0.0 0.0 0.0 0.0 0.0
3162 2022.2314682006836 812.180721282959 338.5322108277809 0.0 0.0 0.0 0.0 0.0 0.0 0.0
3176 2010.110252380371 812.180721282959 338.32476938334827 0.0 0.0 0.0 0.0 0.0 0.0 0.0
3180 1989.9082260131836 816.2211265563965 336.15275831119664 0.0 0.0 0.0 0.0 0.0 0.0 0.0
3193 1949.5041732788086 816.2211265563965 336.26934146280826 0.0 0.0 0.0 0.0 0.0 0.0 0.0
3207 1925.2617416381836 816.2211265563965 336.3259458652045 0.0 0.0 0.0 0.0 0.0 0.0 0.0
3208 1909.1001205444336 816.2211265563965 336.3585466449655 0.0 0.0 0.0 0.0 0.0 0.0 0.0
3216 1892.9384994506836 816.2211265563965 336.3867179346727 0.0 0.0 0.0 0.0 0.0 0.0 0.0
3231 1872.736473083496 816.2211265563965 336.4161525745569 0.0 0.0 0.0 0.0 0.0 0.0 0.0
3232 1852.5344467163086 816.2211265563965 336.44072468696146 0.0 0.0 0.0 0.0 0.0 0.0 0.0
3245 1832.332420349121 816.2211265563965 336.4612867823347 0.0 0.0 0.0 0.0 0.0 0.0 0.0
3249 1808.089988708496 812.180721282959 338.3034813171726 0.0 0.0 0.0 0.0 0.0 0.0 0.0
3260 1795.9687728881836 812.180721282959 338.12015664853226 0.0 0.0 0.0 0.0 0.0 0.0 0.0
3262 1779.8071517944336 812.180721282959 337.9089284416799 0.0 0.0 0.0 0.0 0.0 0.0 0.0
3270 1767.685935974121 812.180721282959 337.76724484658405 0.0 0.0 0.0 0.0 0.0 0.0 0.0
3284 1751.524314880371 808.1403160095215 339.5483902183433 0.0 0.0 0.0 0.0 0.0 0.0 0.0
3286 1743.443504333496 808.1403160095215 339.33105277682273 0.0 0.0 0.0 0.0 0.0 0.0 0.0
3300 1727.281883239746 808.1403160095215 338.9553597794366 0.0 0.0 0.0 0.0 0.0 0.0 0.0
3303 1707.0798568725586 808.1403160095215 338.5628383691409 0.0 0.0 0.0 0.0 0.0 0.0 0.0
3308 1694.958641052246 808.1403160095215 338.3521537866151 0.0 0.0 0.0 0.0 0.0 0.0 0.0
3321 1670.716209411621 800.0595054626465 341.6451461840055 0.0 0.0 0.0 0.0 0.0 0.0 0.0
3324 1654.554588317871 796.019100189209 342.8914783629683 0.0 0.0 0.0 0.0 0.0 0.0 0.0
3341 1614.1506576538086 796.019100189209 341.10739540304564 0.0 0.0 0.0 0.0 0.0 0.0 0.0
3351 1585.867820739746 796.019100189209 340.12767792123714 0.0 0.0 0.0 0.0 0.0 0.0 0.0
3357 1553.544578552246 796.019100189209 339.2756220229476 0.0 0.0 0.0 0.0 0.0 0.0 0.0
3368 1521.221336364746 796.019100189209 338.6273251871337 0.0 0.0 0.0 0.0 0.0 0.0 0.0
3372 1488.898094177246 796.019100189209 338.1340900674187 0.0 0.0 0.0 0.0 0.0 0.0 0.0
3386 1472.736473083496 796.019100189209 337.9209904267367 0.0 0.0 0.0 0.0 0.0 0.0 0.0
3387 1456.574851989746 796.019100189209 337.73684219652745 0.0 0.0 0.0 0.0 0.0 0.0 0.0
3395 1424.251609802246 796.019100189209 337.45665518740464 0.0 0.0 0.0 0.0 0.0 0.0 0.0
3406 1400.009178161621 796.019100189209 337.28662305719064 0.0 0.0 0.0 0.0 0.0 0.0 0.0
3410 1383.847557067871 800.0595054626465 335.2421730080034 0.0 0.0 0.0 0.0 0.0 0.0 0.0
3424 1355.5647201538086 808.1403160095215 332.00353559240125 0.0 0.0 0.0 0.0 0.0 0.0 0.0
3430 1339.4030990600586 808.1403160095215 332.6231614202324 0.0 0.0 0.0 0.0 0.0 0.0 0.0
3446 1311.120262145996 812.180721282959 331.71258853058947 0.0 0.0 0.0 0.0 0.0 0.0 0.0
3449 1298.9990463256836 812.180721282959 332.2242310436019 0.0 0.0 0.0 0.0 0.0 0.0 0.0
3460 1286.877830505371 812.180721282959 332.68200809083567 0.0 0.0 0.0 0.0 0.0 0.0 0.0
3464 1262.635398864746 812.180721282959 333.42306976924533 0.0 0.0 0.0 0.0 0.0 0.0 0.0
3479 1242.433494567871 812.180721282959 333.93925513973767 0.0 0.0 0.0 0.0 0.0 0.0 0.0
3481 1226.271873474121 812.180721282959 334.29613083580387 0.0 0.0 0.0 0.0 0.0 0.0 0.0
3489 1189.9082260131836 812.180721282959 334.88934282803746 0.0 0.0 0.0 0.0 0.0 0.0 0.0
3500 1153.544578552246 812.180721282959 335.32750783643974 0.0 0.0 0.0 0.0 0.0 0.0 0.0
3502 1141.4233627319336 812.180721282959 335.45816652938214 0.0 0.0 0.0 0.0 0.0 0.0 0.0
3519 1121.221336364746 812.180721282959 335.6401361648427 0.0 0.0 0.0 0.0 0.0 0.0 0.0
3520 1109.1001205444336 812.180721282959 335.7378143022514 0.0 0.0 0.0 0.0 0.0 0.0 0.0
3536 1092.9384994506836 812.180721282959 335.8503530374661 0.0 0.0 0.0 0.0 0.0 0.0 0.0
3537 1080.817283630371 812.180721282959 335.92583518625514 0.0 0.0 0.0 0.0 0.0 0.0 0.0
3551 1060.6152572631836 812.180721282959 336.0309798357324 0.0 0.0 0.0 0.0 0.0 0.0 0.0
3559 1048.494041442871 812.180721282959 336.0874227348022 0.0 0.0 0.0 0.0 0.0 0.0 0.0
3569 1040.413230895996 812.180721282959 336.1223262144241 0.0 0.0 0.0 0.0 0.0 0.0 0.0
3572 1032.332420349121 816.2211265563965 334.06764451263655 0.0 0.0 0.0 0.0 0.0 0.0 0.0
3591 1004.0495834350586 816.2211265563965 334.60674972740844 0.0 0.0 0.0 0.0 0.0 0.0 0.0
3598 995.9687728881836 816.2211265563965 334.7495669928379 0.0 0.0 0.0 0.0 0.0 0.0 0.0
3609 971.7263412475586 816.2211265563965 335.096230827814 0.0 0.0 0.0 0.0 0.0 0.0 0.0
3612 959.6051864624023 816.2211265563965 335.2512610787729 0.0 0.0 0.0 0.0 0.0 0.0 0.0
3631 919.2011337280273 812.180721282959 337.2394493588283 0.0 0.0 0.0 0.0 0.0 0.0 0.0
3648 874.7566757202148 804.099910736084 340.1766879252207 0.0 0.0 0.0 0.0 0.0 0.0 0.0
3662 862.6354598999023 804.099910736084 339.79588267885754 0.0 0.0 0.0 0.0 0.0 0.0 0.0
3666 810.1101913452148 804.099910736084 338.7034558435771 0.0 0.0 0.0 0.0 0.0 0.0 0.0
3679 797.9889755249023 800.0595054626465 340.48887089759523 0.0 0.0 0.0 0.0 0.0 0.0 0.0
3683 781.8273544311523 800.0595054626465 339.95599815353535 0.0 0.0 0.0 0.0 0.0 0.0 0.0
3697 769.7061996459961 800.0595054626465 339.5984450413762 0.0 0.0 0.0 0.0 0.0 0.0 0.0
3699 745.4637680053711 800.0595054626465 339.0197177494947 0.0 0.0 0.0 0.0 0.0 0.0 0.0
3712 721.2213363647461 800.0595054626465 338.5514046650607 0.0 0.0 0.0 0.0 0.0 0.0 0.0
3714 696.9789047241211 800.0595054626465 338.17242325466384 0.0 0.0 0.0 0.0 0.0 0.0 0.0
3727 680.8172836303711 800.0595054626465 337.9541155061115 0.0 0.0 0.0 0.0 0.0 0.0 0.0
3728 672.7364730834961 800.0595054626465 337.85291412931224 0.0 0.0 0.0 0.0 0.0 0.0 0.0
3736 664.6556625366211 800.0595054626465 337.759089399854 0.0 0.0 0.0 0.0 0.0 0.0 0.0
3751 656.5748519897461 800.0595054626465 337.6721160168108 0.0 0.0 0.0 0.0 0.0 0.0 0.0
3753 648.4940414428711 800.0595054626465 337.59145739539554 0.0 0.0 0.0 0.0 0.0 0.0 0.0
3766 636.3728256225586 800.0595054626465 337.4832619961678 0.0 0.0 0.0 0.0 0.0 0.0 0.0
3768 624.2516098022461 800.0595054626465 337.3864771734819 0.0 0.0 0.0 0.0 0.0 0.0 0.0
3782 612.1303939819336 800.0595054626465 337.29989423536006 0.0 0.0 0.0 0.0 0.0 0.0 0.0
3783 600.0092086791992 800.0595054626465 337.22244640112876 0.0 0.0 0.0 0.0 0.0 0.0 0.0
3790 591.9283981323242 800.0595054626465 337.1745665020519 0.0 0.0 0.0 0.0 0.0 0.0 0.0
3804 583.8475875854492 800.0595054626465 337.1301730892446 0.0 0.0 0.0 0.0 0.0 0.0 0.0
3824 579.8071823120117 800.0595054626465 337.10885400611863 0.0 0.0 0.0 0.0 0.0 0.0 0.0
3828 575.7667770385742 800.0595054626465 337.08832288544943 0.0 0.0 0.0 0.0 0.0 0.0 0.0
3843 567.6859664916992 800.0595054626465 337.05022148774 0.0 0.0 0.0 0.0 0.0 0.0 0.0
3861 563.6455612182617 800.0595054626465 337.0319036811322 0.0 0.0 0.0 0.0 0.0 0.0 0.0
3952 559.6051559448242 800.0595054626465 337.0142541899329 0.0 0.0 0.0 0.0 0.0 0.0 0.0
3969 555.5647506713867 800.0595054626465 336.99729255458965 0.0 0.0 0.0 0.0 0.0 0.0 0.0