0 2000.0 1500.0 0 0.0 0.0 0.0 0.0 0.0 0.0 0.0
63 2000.0 1500.0 0 0.0 0.0 0.0 0.0 0.0 0.0 0.0
80 2000.0 1500.0 0 0.0 0.0 0.0 0.0 0.0 0.0 0.0
97 2000.0 1500.0 0 0.0 0.0 0.0 0.0 0.0 0.0 0.0
114 2000.0 1444.6640625 351.44635032573086 0.0 0.0 0.0 0.0 0.0 0.0 0.0
130 2007.905029296875 1369.565185546875 346.804349681985 0.0 0.0 0.0 0.0 0.0 0.0 0.0
147 2011.857666015625 1290.5137939453125 342.6480576274571 0.0 0.0 0.0 0.0 0.0 0.0 0.0
164 2019.7626953125 1203.557373046875 341.0871911666495 0.0 0.0 0.0 0.0 0.0 0.0 0.0
180 2031.620361328125 1120.5533447265625 341.48439240095297 0.0 0.0 0.0 0.0 0.0 0.0 0.0
208 2059.288330078125 970.3557739257812 343.12086254831365 0.0 0.0 0.0 0.0 0.0 0.0 0.0
209 2059.288330078125 970.3557739257812 343.12090817942044 0.0 0.0 0.0 0.0 0.0 0.0 0.0
230 2071.146240234375 922.9249267578125 344.57727747496494 0.0 0.0 0.0 0.0 0.0 0.0 0.0
247 2083.00390625 875.4940795898438 345.59198784604706 0.0 0.0 0.0 0.0 0.0 0.0 0.0
263 2098.814208984375 843.87353515625 349.1350653676405 0.0 0.0 0.0 0.0 0.0 0.0 0.0
280 2106.71923828125 824.1106567382812 350.178193465461 0.0 0.0 0.0 0.0 0.0 0.0 0.0
297 2118.576904296875 812.2529907226562 353.808560438094 0.0 0.0 0.0 0.0 0.0 0.0 0.0
747 2118.576904296875 812.2529907226562 353.808560438094 0.0 0.0 0.0 0.0 0.0 0.0 0.0
763 2118.576904296875 812.2529907226562 353.808560438094 0.0 0.0 0.0 0.0 0.0 0.0 0.0
780 2118.576904296875 812.2529907226562 353.808560438094 0.0 0.0 0.0 0.0 0.0 0.0 0.0
797 2118.576904296875 812.2529907226562 353.808560438094 0.0 0.0 0.0 0.0 0.0 0.0 0.0
813 2118.576904296875 812.2529907226562 353.808560438094 0.0 0.0 0.0 0.0 0.0 0.0 0.0
830 2118.576904296875 812.2529907226562 353.808560438094 0.0 0.0 0.0 0.0 0.0 0.0 0.0
847 2118.576904296875 812.2529907226562 353.808560438094 0.0 0.0 0.0 0.0 0.0 0.0 0.0
863 2062.9853591918945 828.9130058288574 349.0958429271063 0.0 0.0 0.0 0.0 0.0 0.0 0.0
880 1987.886604309082 836.8180961608887 343.3162664054607 0.0 0.0 0.0 0.0 0.0 0.0 0.0
903 1916.740364074707 852.6283988952637 337.37500034119466 0.0 0.0 0.0 0.0 0.0 0.0 0.0
913 1849.5466384887695 864.4861259460449 334.81368576309274 0.0 0.0 0.0 0.0 0.0 0.0 0.0
930 1794.2107009887695 872.3912162780762 334.0148397107272 0.0 0.0 0.0 0.0 0.0 0.0 0.0
947 1734.9221267700195 876.3437919616699 334.92475818113434 0.0 0.0 0.0 0.0 0.0 0.0 0.0
963 1679.5861892700195 876.3437919616699 336.73507269987374 0.0 0.0 0.0 0.0 0.0 0.0 0.0
980 1636.1079177856445 876.3437919616699 337.76766850733816 0.0 0.0 0.0 0.0 0.0 0.0 0.0
997 1596.5822830200195 876.3437919616699 338.46647154424727 0.0 0.0 0.0 0.0 0.0 0.0 0.0
1013 1564.9616775512695 876.3437919616699 338.9050094852196 0.0 0.0 0.0 0.0 0.0 0.0 0.0
1030 1545.198860168457 876.3437919616699 339.1389240550484 0.0 0.0 0.0 0.0 0.0 0.0 0.0
1047 1517.530891418457 876.3437919616699 339.40292092168875 0.0 0.0 0.0 0.0 0.0 0.0 0.0
1563 1517.530891418457 876.3437919616699 339.40292092168875 0.0 0.0 0.0 0.0 0.0 0.0 0.0
1580 1517.530891418457 876.3437919616699 339.40292092168875 0.0 0.0 0.0 0.0 0.0 0.0 0.0
1598 1517.530891418457 876.3437919616699 339.40292092168875 0.0 0.0 0.0 0.0 0.0 0.0 0.0
1613 1517.530891418457 876.3437919616699 339.40292092168875 0.0 0.0 0.0 0.0 0.0 0.0 0.0
1630 1465.5064539909363 791.0885162353516 341.8294730708649 0.0 0.0 0.0 0.0 0.0 0.0 0.0
1647 1465.5064539909363 727.8474273681641 346.54636271491216 0.0 0.0 0.0 0.0 0.0 0.0 0.0
1663 1473.4116053581238 680.4165802001953 351.58455234946103 0.0 0.0 0.0 0.0 0.0 0.0 0.0
1680 1493.1744227409363 632.9857940673828 358.9570175793949 0.0 0.0 0.0 0.0 0.0 0.0 0.0
1697 1505.0320887565613 593.4600982666016 2.30073746178158 0.0 0.0 0.0 0.0 0.0 0.0 0.0
1713 1516.8898768424988 561.8395233154297 5.247063657912307 0.0 0.0 0.0 0.0 0.0 0.0 0.0
1730 1520.8423914909363 538.1241302490234 5.4600240212992475 0.0 0.0 0.0 0.0 0.0 0.0 0.0
1747 1524.7950282096863 506.50355529785156 5.2650277837382475 0.0 0.0 0.0 0.0 0.0 0.0 0.0
1763 1528.7475428581238 478.83558654785156 5.286210679859508 0.0 0.0 0.0 0.0 0.0 0.0 0.0
1780 1548.5103602409363 459.07273864746094 11.091428023156368 0.0 0.0 0.0 0.0 0.0 0.0 0.0
1797 1564.3206629753113 439.3098907470703 14.755133324929659 0.0 0.0 0.0 0.0 0.0 0.0 0.0
1813 1568.2731776237488 431.4047393798828 15.281406644440807 0.0 0.0 0.0 0.0 0.0 0.0 0.0
1832 1572.2258143424988 431.4047393798828 16.77401928947495 0.0 0.0 0.0 0.0 0.0 0.0 0.0
1880 1572.2258143424988 439.3098907470703 17.889522955163343 0.0 0.0 0.0 0.0 0.0 0.0 0.0
2247 1572.2258143424988 439.3098907470703 17.889522955163343 0.0 0.0 0.0 0.0 0.0 0.0 0.0
2263 1572.2258143424988 439.3098907470703 17.889522955163343 0.0 0.0 0.0 0.0 0.0 0.0 0.0
2280 1572.2258143424988 439.3098907470703 17.889522955163343 0.0 0.0 0.0 0.0 0.0 0.0 0.0
2297 1586.0309448242188 470.7314796447754 19.159560492599894 0.0 0.0 0.0 0.0 0.0 0.0 0.0
2313 1641.3668823242188 462.826358795166 17.821593401174553 0.0 0.0 0.0 0.0 0.0 0.0 0.0
2330 1700.6554565429688 454.9212074279785 16.997060058759857 0.0 0.0 0.0 0.0 0.0 0.0 0.0
2347 1763.8965454101562 450.96863174438477 17.695036637883263 0.0 0.0 0.0 0.0 0.0 0.0 0.0
2363 1842.9479370117188 450.96863174438477 19.569974304781752 0.0 0.0 0.0 0.0 0.0 0.0 0.0
2380 1914.0941772460938 450.96863174438477 20.6720811745799 0.0 0.0 0.0 0.0 0.0 0.0 0.0
2397 1985.2402954101562 450.96863174438477 21.391793231698017 0.0 0.0 0.0 0.0 0.0 0.0 0.0
2413 2048.4815063476562 450.96863174438477 21.826300440814634 0.0 0.0 0.0 0.0 0.0 0.0 0.0
2430 2111.7227172851562 450.96863174438477 22.12140440884275 0.0 0.0 0.0 0.0 0.0 0.0 0.0
2447 2167.0586547851562 450.96863174438477 22.304101953247823 0.0 0.0 0.0 0.0 0.0 0.0 0.0
2463 2218.4419555664062 450.96863174438477 22.426697921962102 0.0 0.0 0.0 0.0 0.0 0.0 0.0
2480 2261.9202270507812 450.96863174438477 22.50499537668179 0.0 0.0 0.0 0.0 0.0 0.0 0.0
2497 2309.3511352539062 447.01608657836914 21.31922645668655 0.0 0.0 0.0 0.0 0.0 0.0 0.0
2997 2309.3511352539062 447.01608657836914 21.31922645668655 0.0 0.0 0.0 0.0 0.0 0.0 0.0
3013 2318.061004638672 460.6757526397705 29.018026648067732 0.0 0.0 0.0 0.0 0.0 0.0 0.0
3030 2325.966033935547 476.4860248565674 35.095839273899955 0.0 0.0 0.0 0.0 0.0 0.0 0.0
3048 2341.776336669922 504.1539936065674 43.5151406746151 0.0 0.0 0.0 0.0 0.0 0.0 0.0
3064 2357.586639404297 539.7271137237549 52.78096748459815 0.0 0.0 0.0 0.0 0.0 0.0 0.0
3081 2377.349578857422 571.3476581573486 57.717219526592274 0.0 0.0 0.0 0.0 0.0 0.0 0.0
3097 2401.064910888672 614.8259296417236 63.34169540562105 0.0 0.0 0.0 0.0 0.0 0.0 0.0
3114 2432.685516357422 662.2567768096924 66.00988731696795 0.0 0.0 0.0 0.0 0.0 0.0 0.0
3130 2456.400848388672 701.7824726104736 68.32980552680955 0.0 0.0 0.0 0.0 0.0 0.0 0.0
3147 2488.021453857422 753.1658344268799 70.10040733498586 0.0 0.0 0.0 0.0 0.0 0.0 0.0
3163 2519.642059326172 800.5966815948486 70.52730093629891 0.0 0.0 0.0 0.0 0.0 0.0 0.0
3180 2555.215057373047 848.0275287628174 69.73678689382344 0.0 0.0 0.0 0.0 0.0 0.0 0.0
3197 2590.788299560547 891.5058002471924 68.43885863097272 0.0 0.0 0.0 0.0 0.0 0.0 0.0
3213 2622.408905029297 934.9840717315674 68.63360327159499 0.0 0.0 0.0 0.0 0.0 0.0 0.0
3230 2646.124237060547 970.5571918487549 69.38081916634944 0.0 0.0 0.0 0.0 0.0 0.0 0.0
3247 2673.792205810547 1006.1303119659424 68.76637111026174 0.0 0.0 0.0 0.0 0.0 0.0 0.0
3263 2693.555145263672 1033.7982807159424 68.94292947055514 0.0 0.0 0.0 0.0 0.0 0.0 0.0
3280 2713.317840576172 1061.4663105010986 69.07926462857837 0.0 0.0 0.0 0.0 0.0 0.0 0.0
3297 2729.128143310547 1085.1816425323486 69.53824009216372 0.0 0.0 0.0 0.0 0.0 0.0 0.0
3313 2737.033416748047 1100.9919452667236 70.73290241468614 0.0 0.0 0.0 0.0 0.0 0.0 0.0
3330 2744.938446044922 1112.8496112823486 70.8051305522125 0.0 0.0 0.0 0.0 0.0 0.0 0.0
3347 2748.891082763672 1120.7547626495361 71.35497758506374 0.0 0.0 0.0 0.0 0.0 0.0 0.0
3363 2760.748748779297 1124.7073993682861 67.8336538484793 0.0 0.0 0.0 0.0 0.0 0.0 0.0
3380 2772.606414794922 1124.7073993682861 63.40632702917672 0.0 0.0 0.0 0.0 0.0 0.0 0.0
3680 2814.2096557617188 1142.3751335144043 52.59651370669977 0.0 0.0 0.0 0.0 0.0 0.0 0.0
3697 2837.9249877929688 1142.3751335144043 47.98247997428851 0.0 0.0 0.0 0.0 0.0 0.0 0.0
3713 2873.4982299804688 1130.5173454284668 38.565733077581456 0.0 0.0 0.0 0.0 0.0 0.0 0.0
3730 2924.8815307617188 1106.8020133972168 26.344235371389686 0.0 0.0 0.0 0.0 0.0 0.0 0.0
3747 2976.2650756835938 1075.1814079284668 15.06121216384625 0.0 0.0 0.0 0.0 0.0 0.0 0.0
3763 3035.5536499023438 1039.6082878112793 6.495064755301854 0.0 0.0 0.0 0.0 0.0 0.0 0.0
3780 3106.6998901367188 988.224925994873 357.9182869887907 0.0 0.0 0.0 0.0 0.0 0.0 0.0
3799 3169.9408569335938 940.7940788269043 352.62467218686925 0.0 0.0 0.0 0.0 0.0 0.0 0.0
3813 3233.1820678710938 893.3632316589355 349.26092230285735 0.0 0.0 0.0 0.0 0.0 0.0 0.0
3830 3296.4230346679688 845.9323844909668 347.12619131582335 0.0 0.0 0.0 0.0 0.0 0.0 0.0
3847 3347.8065795898438 806.4067497253418 345.7133211687518 0.0 0.0 0.0 0.0 0.0 0.0 0.0
3863 3403.1425170898438 762.9284782409668 344.50007412956944 0.0 0.0 0.0 0.0 0.0 0.0 0.0
3880 3438.7155151367188 731.307933807373 342.9955159476068 0.0 0.0 0.0 0.0 0.0 0.0 0.0
3897 3466.3834838867188 711.5450553894043 343.34586635461676 0.0 0.0 0.0 0.0 0.0 0.0 0.0
3913 3478.2413940429688 695.7347526550293 341.32354649534625 0.0 0.0 0.0 0.0 0.0 0.0 0.0
3930 3482.1937866210938 687.829662322998 339.8778878082274 0.0 0.0 0.0 0.0 0.0 0.0 0.0
3947 3482.1937866210938 683.8770866394043 338.64250858975646 0.0 0.0 0.0 0.0 0.0 0.0 0.0