0 3907.915771484375 924.9296264648438 173.52118293482826 0.0 0.0 0.0 0.0 0.0 0.0 0.0
98 3605.0913162231445 578.6000213623047 173.7704140885769 0.0 0.0 0.0 0.0 0.0 0.0 0.0
116 3597.1862869262695 578.6000213623047 172.4664317198011 0.0 0.0 0.0 0.0 0.0 0.0 0.0
135 3589.2810134887695 578.6000213623047 171.22632445907885 0.0 0.0 0.0 0.0 0.0 0.0 0.0
150 3577.4233474731445 578.6000213623047 169.50084160429327 0.0 0.0 0.0 0.0 0.0 0.0 0.0
167 3561.6130447387695 578.6000213623047 167.4195289444978 0.0 0.0 0.0 0.0 0.0 0.0 0.0
185 3541.8503494262695 578.6000213623047 165.12439390356388 0.0 0.0 0.0 0.0 0.0 0.0 0.0
201 3518.1347732543945 578.6000213623047 162.75465050569807 0.0 0.0 0.0 0.0 0.0 0.0 0.0
218 3498.3720779418945 574.6474456787109 162.39017469205908 0.0 0.0 0.0 0.0 0.0 0.0 0.0
235 3478.6091384887695 566.7423553466797 163.4300745626436 0.0 0.0 0.0 0.0 0.0 0.0 0.0
250 3454.8938064575195 558.8372039794922 163.9625047016894 0.0 0.0 0.0 0.0 0.0 0.0 0.0
267 3431.1782302856445 550.9320526123047 164.41476994830833 0.0 0.0 0.0 0.0 0.0 0.0 0.0
283 3407.4628982543945 539.0743255615234 166.10039026817788 0.0 0.0 0.0 0.0 0.0 0.0 0.0
300 3383.7475662231445 535.1218109130859 164.92120647385866 0.0 0.0 0.0 0.0 0.0 0.0 0.0
317 3360.0319900512695 523.2640838623047 166.52737997616146 0.0 0.0 0.0 0.0 0.0 0.0 0.0
333 3336.3166580200195 515.3589324951172 166.59337581664164 0.0 0.0 0.0 0.0 0.0 0.0 0.0
350 3312.6013259887695 507.4537811279297 166.6494329650672 0.0 0.0 0.0 0.0 0.0 0.0 0.0
366 3292.8383865356445 499.54869079589844 167.13237945608228 0.0 0.0 0.0 0.0 0.0 0.0 0.0
383 3273.0754470825195 487.6909637451172 168.8614691732352 0.0 0.0 0.0 0.0 0.0 0.0 0.0
400 3245.4074783325195 479.7858123779297 168.11827072000597 0.0 0.0 0.0 0.0 0.0 0.0 0.0
417 3217.7395095825195 467.92808532714844 168.75354893556772 0.0 0.0 0.0 0.0 0.0 0.0 0.0
433 3182.1665115356445 460.0229949951172 167.17502778793204 0.0 0.0 0.0 0.0 0.0 0.0 0.0
450 3150.5459060668945 448.16526794433594 167.54448586342681 0.0 0.0 0.0 0.0 0.0 0.0 0.0
467 3111.0202713012695 440.26011657714844 165.83333342798653 0.0 0.0 0.0 0.0 0.0 0.0 0.0
483 3079.3996658325195 424.44984436035156 167.686893550898 0.0 0.0 0.0 0.0 0.0 0.0 0.0
500 3047.7790603637695 412.59214782714844 167.95741606955136 0.0 0.0 0.0 0.0 0.0 0.0 0.0
517 3024.0637283325195 400.7344207763672 169.08602306564552 0.0 0.0 0.0 0.0 0.0 0.0 0.0
533 3008.2534255981445 388.87672424316406 171.07444138987415 0.0 0.0 0.0 0.0 0.0 0.0 0.0
550 2992.4431228637695 377.01902770996094 172.82411323667526 0.0 0.0 0.0 0.0 0.0 0.0 0.0
566 2980.5854568481445 365.1613006591797 174.99217241367563 0.0 0.0 0.0 0.0 0.0 0.0 0.0
583 2968.7277908325195 357.2561798095703 175.65466391272736 0.0 0.0 0.0 0.0 0.0 0.0 0.0
600 2964.7751541137695 349.3510284423828 177.67917181069646 0.0 0.0 0.0 0.0 0.0 0.0 0.0
617 2960.8225173950195 345.39845275878906 178.27702046592805 0.0 0.0 0.0 0.0 0.0 0.0 0.0
633 2956.8701248168945 341.44590759277344 178.85288094886636 0.0 0.0 0.0 0.0 0.0 0.0 0.0
682 2952.9174880981445 341.44590759277344 178.06084578656964 0.0 0.0 0.0 0.0 0.0 0.0 0.0
748 2948.9648513793945 341.44590759277344 177.28776005064674 0.0 0.0 0.0 0.0 0.0 0.0 0.0
814 2945.0122146606445 341.44590759277344 176.53325440025554 0.0 0.0 0.0 0.0 0.0 0.0 0.0
848 2941.0598220825195 341.44590759277344 175.79708545303083 0.0 0.0 0.0 0.0 0.0 0.0 0.0
884 2937.1071853637695 345.39845275878906 173.65941107651895 0.0 0.0 0.0 0.0 0.0 0.0 0.0
901 2929.2021560668945 353.30360412597656 169.50456143874823 0.0 0.0 0.0 0.0 0.0 0.0 0.0
917 2921.2968826293945 361.20875549316406 165.48980299407452 0.0 0.0 0.0 0.0 0.0 0.0 0.0
933 2913.3918533325195 369.11387634277344 161.62843607069516 0.0 0.0 0.0 0.0 0.0 0.0 0.0
951 2901.5339431762695 384.9241485595703 154.70294678953928 0.0 0.0 0.0 0.0 0.0 0.0 0.0
968 2889.6762771606445 408.6395721435547 145.3059442880794 0.0 0.0 0.0 0.0 0.0 0.0 0.0
985 2873.8659744262695 432.35499572753906 137.10139629830076 0.0 0.0 0.0 0.0 0.0 0.0 0.0
1001 2862.0083084106445 460.0229949951172 128.19380946532704 0.0 0.0 0.0 0.0 0.0 0.0 0.0
1018 2846.1980056762695 483.73838806152344 122.36480467782847 0.0 0.0 0.0 0.0 0.0 0.0 0.0
1035 2834.3403396606445 511.40635681152344 115.53909952416434 0.0 0.0 0.0 0.0 0.0 0.0 0.0
1050 2826.4353103637695 535.1218109130859 109.99144098262717 0.0 0.0 0.0 0.0 0.0 0.0 0.0
1067 2814.5776443481445 554.8846282958984 107.14868757274853 0.0 0.0 0.0 0.0 0.0 0.0 0.0
1083 2810.6250076293945 578.6000213623047 101.714310112331 0.0 0.0 0.0 0.0 0.0 0.0 0.0
1100 2806.6723709106445 594.4103240966797 98.78593613683721 0.0 0.0 0.0 0.0 0.0 0.0 0.0
1117 2802.7197341918945 614.1731414794922 95.26594163815936 0.0 0.0 0.0 0.0 0.0 0.0 0.0
1133 2798.7673416137695 629.9834442138672 92.9569134844731 0.0 0.0 0.0 0.0 0.0 0.0 0.0
1150 2794.8147048950195 637.8885955810547 92.49425932136465 0.0 0.0 0.0 0.0 0.0 0.0 0.0
1167 2794.8147048950195 645.7937469482422 90.77912995923047 0.0 0.0 0.0 0.0 0.0 0.0 0.0
1183 2790.8620681762695 649.7462615966797 91.26207648711481 0.0 0.0 0.0 0.0 0.0 0.0 0.0
1201 2790.8620681762695 653.6988372802734 90.41330684017468 0.0 0.0 0.0 0.0 0.0 0.0 0.0
1217 2786.9096755981445 653.6988372802734 91.75751709498492 0.0 0.0 0.0 0.0 0.0 0.0 0.0
1281 2786.9096755981445 649.7462615966797 92.65908346029128 0.0 0.0 0.0 0.0 0.0 0.0 0.0
1300 2786.9096755981445 641.8411712646484 94.54925905688917 0.0 0.0 0.0 0.0 0.0 0.0 0.0
1317 2786.9096755981445 637.8885955810547 95.51601235629253 0.0 0.0 0.0 0.0 0.0 0.0 0.0
1333 2786.9096755981445 629.9834442138672 97.53934969413093 0.0 0.0 0.0 0.0 0.0 0.0 0.0
1350 2786.9096755981445 618.1257171630859 100.78244958024912 0.0 0.0 0.0 0.0 0.0 0.0 0.0
1367 2786.9096755981445 602.3154754638672 105.48506605821133 0.0 0.0 0.0 0.0 0.0 0.0 0.0
1383 2790.8620681762695 586.5051727294922 109.46628961810872 0.0 0.0 0.0 0.0 0.0 0.0 0.0
1400 2802.7197341918945 566.7423553466797 113.24235959868018 0.0 0.0 0.0 0.0 0.0 0.0 0.0
1417 2810.6250076293945 546.9794769287109 118.6108675751958 0.0 0.0 0.0 0.0 0.0 0.0 0.0
1433 2826.4353103637695 519.3115081787109 126.68666517592264 0.0 0.0 0.0 0.0 0.0 0.0 0.0
1451 2846.1980056762695 491.64353942871094 135.95640837095078 0.0 0.0 0.0 0.0 0.0 0.0 0.0
1467 2862.0083084106445 467.92808532714844 145.25561753564938 0.0 0.0 0.0 0.0 0.0 0.0 0.0
1483 2881.7712478637695 452.1178436279297 152.2013948827086 0.0 0.0 0.0 0.0 0.0 0.0 0.0
1500 2893.6289138793945 440.26011657714844 157.74009290777434 0.0 0.0 0.0 0.0 0.0 0.0 0.0
1517 2905.4865798950195 428.4024200439453 163.66258156766304 0.0 0.0 0.0 0.0 0.0 0.0 0.0
1533 2917.3442459106445 420.4972686767578 168.3240551096241 0.0 0.0 0.0 0.0 0.0 0.0 0.0
1550 2921.2968826293945 416.5447235107422 170.41454565820464 0.0 0.0 0.0 0.0 0.0 0.0 0.0
1567 2929.2021560668945 416.5447235107422 171.67800571115885 0.0 0.0 0.0 0.0 0.0 0.0 0.0
1584 2933.1545486450195 416.5447235107422 172.3263512629033 0.0 0.0 0.0 0.0 0.0 0.0 0.0
1615 2937.1071853637695 416.5447235107422 172.9917647876104 0.0 0.0 0.0 0.0 0.0 0.0 0.0
1648 2941.0598220825195 416.5447235107422 173.67454962322682 0.0 0.0 0.0 0.0 0.0 0.0 0.0