0 2000.0 1500.0 0 0.0 0.0 0.0 0.0 0.0 0.0 0.0
62 2000.0 1500.0 0 0.0 0.0 0.0 0.0 0.0 0.0 0.0
69 2000.0 1500.0 0 0.0 0.0 0.0 0.0 0.0 0.0 0.0
86 2000.0 1500.0 0 0.0 0.0 0.0 0.0 0.0 0.0 0.0
95 2000.0 1500.0 0 0.0 0.0 0.0 0.0 0.0 0.0 0.0
102 2000.0 1500.0 0 0.0 0.0 0.0 0.0 0.0 0.0 0.0
110 2000.0 1500.0 0 0.0 0.0 0.0 0.0 0.0 0.0 0.0
121 2000.0 1500.0 0 0.0 0.0 0.0 0.0 0.0 0.0 0.0
129 2000.0 1500.0 0 0.0 0.0 0.0 0.0 0.0 0.0 0.0
134 2000.0 1500.0 0 0.0 0.0 0.0 0.0 0.0 0.0 0.0
141 2000.0 1500.0 0 0.0 0.0 0.0 0.0 0.0 0.0 0.0
166 2000.0 1500.0 0 0.0 0.0 0.0 0.0 0.0 0.0 0.0
249 2000.0 1500.0 0 0.0 0.0 0.0 0.0 0.0 0.0 0.0
254 2000.0 1500.0 0 0.0 0.0 0.0 0.0 0.0 0.0 0.0
269 2000.0 1500.0 0 0.0 0.0 0.0 0.0 0.0 0.0 0.0
283 2000.0 1500.0 0 0.0 0.0 0.0 0.0 0.0 0.0 0.0
288 2000.0 1500.0 0 0.0 0.0 0.0 0.0 0.0 0.0 0.0
294 2016.54248046875 1483.4573974609375 351.845377797192 0.0 0.0 0.0 0.0 0.0 0.0 0.0
302 2028.949462890625 1479.32177734375 350.2534395896787 0.0 0.0 0.0 0.0 0.0 0.0 0.0
310 2033.085205078125 1475.18603515625 348.36396245052345 0.0 0.0 0.0 0.0 0.0 0.0 0.0
322 2037.220703125 1466.914794921875 344.51216705875646 0.0 0.0 0.0 0.0 0.0 0.0 0.0
328 2041.3564453125 1466.914794921875 344.90032613671195 0.0 0.0 0.0 0.0 0.0 0.0 0.0
486 2045.4921875 1466.914794921875 345.27456179812634 0.0 0.0 0.0 0.0 0.0 0.0 0.0
510 2045.4921875 1471.0504150390625 347.41839761093956 0.0 0.0 0.0 0.0 0.0 0.0 0.0
542 2045.4921875 1479.32177734375 351.7414436757627 0.0 0.0 0.0 0.0 0.0 0.0 0.0
585 2049.627685546875 1483.4573974609375 353.9533059967249 0.0 0.0 0.0 0.0 0.0 0.0 0.0
704 2057.89892578125 1471.0504150390625 348.0449991894722 0.0 0.0 0.0 0.0 0.0 0.0 0.0
717 2057.89892578125 1466.914794921875 345.90961874197603 0.0 0.0 0.0 0.0 0.0 0.0 0.0
837 2062.03466796875 1471.0504150390625 348.3185418525828 0.0 0.0 0.0 0.0 0.0 0.0 0.0
855 2062.03466796875 1491.7286376953125 359.17515819669586 0.0 0.0 0.0 0.0 0.0 0.0 0.0
870 2066.17041015625 1504.1356201171875 5.204195622879382 0.0 0.0 0.0 0.0 0.0 0.0 0.0
878 2074.441650390625 1528.9495849609375 15.886653503196982 0.0 0.0 0.0 0.0 0.0 0.0 0.0
889 2074.441650390625 1541.3564453125 21.706556463342764 0.0 0.0 0.0 0.0 0.0 0.0 0.0
897 2074.441650390625 1549.6278076171875 25.448455385574647 0.0 0.0 0.0 0.0 0.0 0.0 0.0
908 2074.441650390625 1553.763427734375 27.282520071988102 0.0 0.0 0.0 0.0 0.0 0.0 0.0
934 2074.441650390625 1562.03466796875 30.804313041783416 0.0 0.0 0.0 0.0 0.0 0.0 0.0
1022 2082.712890625 1562.03466796875 28.434425821895914 0.0 0.0 0.0 0.0 0.0 0.0 0.0
1030 2082.712890625 1557.8990478515625 26.586576067472137 0.0 0.0 0.0 0.0 0.0 0.0 0.0
1038 2090.984130859375 1553.763427734375 22.66978742990503 0.0 0.0 0.0 0.0 0.0 0.0 0.0
1057 2107.52685546875 1545.4920654296875 15.58533921819921 0.0 0.0 0.0 0.0 0.0 0.0 0.0
1065 2115.798095703125 1541.3564453125 12.248607657289313 0.0 0.0 0.0 0.0 0.0 0.0 0.0
1070 2124.0693359375 1537.2208251953125 9.109159518935243 0.0 0.0 0.0 0.0 0.0 0.0 0.0
1090 2132.3408203125 1528.9495849609375 4.15731944363155 0.0 0.0 0.0 0.0 0.0 0.0 0.0
1107 2140.612060546875 1524.8138427734375 1.5313746070737295 0.0 0.0 0.0 0.0 0.0 0.0 0.0
1111 2144.74755859375 1520.67822265625 359.22207419760025 0.0 0.0 0.0 0.0 0.0 0.0 0.0
1122 2148.88330078125 1516.5426025390625 356.99272936080047 0.0 0.0 0.0 0.0 0.0 0.0 0.0
1126 2153.01904296875 1512.406982421875 354.84359681999706 0.0 0.0 0.0 0.0 0.0 0.0 0.0
1141 2157.154541015625 1512.406982421875 354.85785611009044 0.0 0.0 0.0 0.0 0.0 0.0 0.0
1152 2161.290283203125 1508.271240234375 352.7882196834344 0.0 0.0 0.0 0.0 0.0 0.0 0.0
1272 2157.154541015625 1508.271240234375 352.69225712182777 0.0 0.0 0.0 0.0 0.0 0.0 0.0
1285 2140.612060546875 1483.4573974609375 337.51673764216406 0.0 0.0 0.0 0.0 0.0 0.0 0.0
1382 2153.01904296875 1466.914794921875 332.1006652607912 0.0 0.0 0.0 0.0 0.0 0.0 0.0
1390 2161.290283203125 1454.5078125 328.27446789307317 0.0 0.0 0.0 0.0 0.0 0.0 0.0
1401 2173.697265625 1437.9652099609375 324.2018067520162 0.0 0.0 0.0 0.0 0.0 0.0 0.0
1406 2177.832763671875 1429.6939697265625 321.7834343929979 0.0 0.0 0.0 0.0 0.0 0.0 0.0
1424 2194.37548828125 1400.744384765625 315.6224451413393 0.0 0.0 0.0 0.0 0.0 0.0 0.0
1430 2194.37548828125 1396.6087646484375 313.9953645918189 0.0 0.0 0.0 0.0 0.0 0.0 0.0
1446 2194.37548828125 1392.47314453125 312.4084415625903 0.0 0.0 0.0 0.0 0.0 0.0 0.0
1458 2198.510986328125 1392.47314453125 313.83913819657755 0.0 0.0 0.0 0.0 0.0 0.0 0.0
1526 2198.510986328125 1396.6087646484375 315.5031925041492 0.0 0.0 0.0 0.0 0.0 0.0 0.0
1534 2198.510986328125 1425.558349609375 329.24778734398353 0.0 0.0 0.0 0.0 0.0 0.0 0.0
1542 2198.510986328125 1454.5078125 344.2886610042898 0.0 0.0 0.0 0.0 0.0 0.0 0.0
1557 2198.510986328125 1491.7286376953125 3.918514411933643 0.0 0.0 0.0 0.0 0.0 0.0 0.0
1566 2198.510986328125 1528.9495849609375 21.639713239094704 0.0 0.0 0.0 0.0 0.0 0.0 0.0
1582 2198.510986328125 1545.4920654296875 28.864361652082692 0.0 0.0 0.0 0.0 0.0 0.0 0.0
1593 2198.510986328125 1557.8990478515625 33.93622334203798 0.0 0.0 0.0 0.0 0.0 0.0 0.0
1598 2198.510986328125 1562.03466796875 35.58521858900045 0.0 0.0 0.0 0.0 0.0 0.0 0.0
1733 2252.2744140625 1446.236572265625 337.1234408036841 0.0 0.0 0.0 0.0 0.0 0.0 0.0
1734 2256.41015625 1442.1009521484375 335.8028605007444 0.0 0.0 0.0 0.0 0.0 0.0 0.0
1744 2260.5458984375 1433.82958984375 332.6377962577902 0.0 0.0 0.0 0.0 0.0 0.0 0.0
1752 2264.681396484375 1421.422607421875 327.8630988940831 0.0 0.0 0.0 0.0 0.0 0.0 0.0
1765 2268.817138671875 1417.2869873046875 326.98149306968753 0.0 0.0 0.0 0.0 0.0 0.0 0.0
1823 2272.952880859375 1417.2869873046875 327.9725875109008 0.0 0.0 0.0 0.0 0.0 0.0 0.0
1830 2272.952880859375 1421.422607421875 329.9288199883258 0.0 0.0 0.0 0.0 0.0 0.0 0.0
1839 2272.952880859375 1442.1009521484375 340.4469539328312 0.0 0.0 0.0 0.0 0.0 0.0 0.0
1846 2272.952880859375 1462.7791748046875 351.30372646484415 0.0 0.0 0.0 0.0 0.0 0.0 0.0
1856 2285.359619140625 1508.271240234375 12.571769582624 0.0 0.0 0.0 0.0 0.0 0.0 0.0
1874 2289.495361328125 1520.67822265625 17.746305594814373 0.0 0.0 0.0 0.0 0.0 0.0 0.0
1879 2293.631103515625 1541.3564453125 25.96707899347288 0.0 0.0 0.0 0.0 0.0 0.0 0.0
1895 2297.7666015625 1549.6278076171875 28.405993853501997 0.0 0.0 0.0 0.0 0.0 0.0 0.0
1926 2301.90234375 1549.6278076171875 27.25867537692028 0.0 0.0 0.0 0.0 0.0 0.0 0.0
1966 2310.173583984375 1549.6278076171875 25.103308598891175 0.0 0.0 0.0 0.0 0.0 0.0 0.0
1973 2314.309326171875 1545.4920654296875 22.192793244137803 0.0 0.0 0.0 0.0 0.0 0.0 0.0
1982 2318.44482421875 1545.4920654296875 21.24406193267197 0.0 0.0 0.0 0.0 0.0 0.0 0.0
1990 2326.71630859375 1545.4920654296875 19.467709342959864 0.0 0.0 0.0 0.0 0.0 0.0 0.0
1998 2330.851806640625 1545.4920654296875 18.60939412131721 0.0 0.0 0.0 0.0 0.0 0.0 0.0
2011 2339.123046875 1537.2208251953125 13.152897453975498 0.0 0.0 0.0 0.0 0.0 0.0 0.0
2015 2343.2587890625 1537.2208251953125 12.510358051748398 0.0 0.0 0.0 0.0 0.0 0.0 0.0
2030 2347.39453125 1537.2208251953125 11.890219441540566 0.0 0.0 0.0 0.0 0.0 0.0 0.0
2055 2351.530029296875 1533.085205078125 9.265906644881227 0.0 0.0 0.0 0.0 0.0 0.0 0.0
2062 2355.665771484375 1528.9495849609375 6.714291316919457 0.0 0.0 0.0 0.0 0.0 0.0 0.0
2073 2359.801513671875 1524.8138427734375 4.238068754234703 0.0 0.0 0.0 0.0 0.0 0.0 0.0
2081 2359.801513671875 1520.67822265625 2.0895683672963514 0.0 0.0 0.0 0.0 0.0 0.0 0.0
2120 2363.93701171875 1516.5426025390625 359.7614763054832 0.0 0.0 0.0 0.0 0.0 0.0 0.0
2133 2372.208251953125 1512.406982421875 357.43300443767953 0.0 0.0 0.0 0.0 0.0 0.0 0.0
2142 2376.343994140625 1512.406982421875 357.35302186833417 0.0 0.0 0.0 0.0 0.0 0.0 0.0
2158 2384.615234375 1504.1356201171875 353.18027842351984 0.0 0.0 0.0 0.0 0.0 0.0 0.0
2166 2388.7509765625 1504.1356201171875 353.25499187326045 0.0 0.0 0.0 0.0 0.0 0.0 0.0
2187 2397.022216796875 1500.0 351.3865027532345 0.0 0.0 0.0 0.0 0.0 0.0 0.0
2193 2401.157958984375 1495.8643798828125 349.4516896542823 0.0 0.0 0.0 0.0 0.0 0.0 0.0
2206 2409.42919921875 1491.7286376953125 347.8611708229615 0.0 0.0 0.0 0.0 0.0 0.0 0.0
2214 2413.56494140625 1491.7286376953125 348.12883219335384 0.0 0.0 0.0 0.0 0.0 0.0 0.0
2221 2417.700439453125 1487.593017578125 346.3262117395374 0.0 0.0 0.0 0.0 0.0 0.0 0.0
2230 2421.836181640625 1483.4573974609375 344.59899071498535 0.0 0.0 0.0 0.0 0.0 0.0 0.0
2238 2430.107421875 1479.32177734375 343.37120646242147 0.0 0.0 0.0 0.0 0.0 0.0 0.0
2259 2438.378662109375 1471.0504150390625 340.30373455236474 0.0 0.0 0.0 0.0 0.0 0.0 0.0
2277 2442.514404296875 1471.0504150390625 340.8415524674608 0.0 0.0 0.0 0.0 0.0 0.0 0.0
2302 2446.650146484375 1466.914794921875 339.3525813552583 0.0 0.0 0.0 0.0 0.0 0.0 0.0
2322 2454.92138671875 1462.7791748046875 338.52459361073545 0.0 0.0 0.0 0.0 0.0 0.0 0.0
2335 2463.192626953125 1462.7791748046875 339.6846583939291 0.0 0.0 0.0 0.0 0.0 0.0 0.0
2341 2467.328369140625 1462.7791748046875 340.2442983573492 0.0 0.0 0.0 0.0 0.0 0.0 0.0
2366 2471.4638671875 1458.6434326171875 338.78193099954206 0.0 0.0 0.0 0.0 0.0 0.0 0.0
2437 2475.599609375 1466.914794921875 343.4644768942808 0.0 0.0 0.0 0.0 0.0 0.0 0.0
2446 2479.735107421875 1495.8643798828125 358.6305554402814 0.0 0.0 0.0 0.0 0.0 0.0 0.0
2459 2488.006591796875 1516.5426025390625 8.24154020882412 0.0 0.0 0.0 0.0 0.0 0.0 0.0
2462 2492.14208984375 1545.4920654296875 21.040056510593686 0.0 0.0 0.0 0.0 0.0 0.0 0.0
2477 2496.27783203125 1553.763427734375 23.80648973650584 0.0 0.0 0.0 0.0 0.0 0.0 0.0
2494 2496.27783203125 1557.8990478515625 25.672145466143064 0.0 0.0 0.0 0.0 0.0 0.0 0.0
2550 2500.41357421875 1557.8990478515625 24.61079290346889 0.0 0.0 0.0 0.0 0.0 0.0 0.0
2558 2500.41357421875 1562.03466796875 26.461101261893646 0.0 0.0 0.0 0.0 0.0 0.0 0.0
2565 2504.549072265625 1562.03466796875 25.37478402115903 0.0 0.0 0.0 0.0 0.0 0.0 0.0
2609 2516.9560546875 1562.03466796875 22.4092782054298 0.0 0.0 0.0 0.0 0.0 0.0 0.0
2614 2525.227294921875 1553.763427734375 16.786395305747575 0.0 0.0 0.0 0.0 0.0 0.0 0.0
2622 2529.363037109375 1549.6278076171875 14.039967219432839 0.0 0.0 0.0 0.0 0.0 0.0 0.0
2629 2537.63427734375 1541.3564453125 8.810926664908564 0.0 0.0 0.0 0.0 0.0 0.0 0.0
2639 2545.905517578125 1524.8138427734375 359.80283299177034 0.0 0.0 0.0 0.0 0.0 0.0 0.0
2646 2558.3125 1512.406982421875 353.49931876935676 0.0 0.0 0.0 0.0 0.0 0.0 0.0
2658 2578.99072265625 1487.593017578125 343.0386860985616 0.0 0.0 0.0 0.0 0.0 0.0 0.0
2662 2591.397705078125 1466.914794921875 335.09247032680435 0.0 0.0 0.0 0.0 0.0 0.0 0.0
2677 2612.075927734375 1429.6939697265625 323.98766487367925 0.0 0.0 0.0 0.0 0.0 0.0 0.0
2678 2624.48291015625 1413.1513671875 320.56106495999893 0.0 0.0 0.0 0.0 0.0 0.0 0.0
2686 2632.754150390625 1404.8800048828125 319.5685234087811 0.0 0.0 0.0 0.0 0.0 0.0 0.0
2776 2632.754150390625 1409.0157470703125 321.36518232828416 0.0 0.0 0.0 0.0 0.0 0.0 0.0
2781 2645.1611328125 1417.2869873046875 328.186410252234 0.0 0.0 0.0 0.0 0.0 0.0 0.0
2792 2645.1611328125 1421.422607421875 330.14611457237385 0.0 0.0 0.0 0.0 0.0 0.0 0.0
2800 2649.296875 1429.6939697265625 334.9603756168311 0.0 0.0 0.0 0.0 0.0 0.0 0.0
2813 2653.432373046875 1433.82958984375 337.67671129576524 0.0 0.0 0.0 0.0 0.0 0.0 0.0
2855 2657.568115234375 1437.9652099609375 340.3249625688966 0.0 0.0 0.0 0.0 0.0 0.0 0.0
2871 2665.83935546875 1437.9652099609375 341.3624174757771 0.0 0.0 0.0 0.0 0.0 0.0 0.0
2877 2674.11083984375 1437.9652099609375 342.3289394752764 0.0 0.0 0.0 0.0 0.0 0.0 0.0
2894 2690.6533203125 1437.9652099609375 344.01324979369923 0.0 0.0 0.0 0.0 0.0 0.0 0.0
2910 2703.060302734375 1433.82958984375 343.2452247436654 0.0 0.0 0.0 0.0 0.0 0.0 0.0
2926 2707.196044921875 1429.6939697265625 341.6502795365496 0.0 0.0 0.0 0.0 0.0 0.0 0.0
3006 2711.33154296875 1437.9652099609375 346.26650837930873 0.0 0.0 0.0 0.0 0.0 0.0 0.0
3013 2711.33154296875 1450.3721923828125 352.7648269161292 0.0 0.0 0.0 0.0 0.0 0.0 0.0
3026 2715.46728515625 1466.914794921875 1.1783985187435633 0.0 0.0 0.0 0.0 0.0 0.0 0.0
3039 2719.602783203125 1475.18603515625 5.074918985320167 0.0 0.0 0.0 0.0 0.0 0.0 0.0
3045 2727.874267578125 1483.4573974609375 8.312328964306374 0.0 0.0 0.0 0.0 0.0 0.0 0.0
3058 2732.009765625 1487.593017578125 9.859668226856698 0.0 0.0 0.0 0.0 0.0 0.0 0.0
3106 2736.1455078125 1487.593017578125 9.332686036975744 0.0 0.0 0.0 0.0 0.0 0.0 0.0
3111 2740.281005859375 1487.593017578125 8.824381001934483 0.0 0.0 0.0 0.0 0.0 0.0 0.0
3120 2752.68798828125 1483.4573974609375 5.53361004560864 0.0 0.0 0.0 0.0 0.0 0.0 0.0
3125 2773.3662109375 1479.32177734375 2.092009365476372 0.0 0.0 0.0 0.0 0.0 0.0 0.0
3136 2785.773193359375 1475.18603515625 359.4557207753245 0.0 0.0 0.0 0.0 0.0 0.0 0.0
3159 2798.18017578125 1471.0504150390625 357.08335035320965 0.0 0.0 0.0 0.0 0.0 0.0 0.0
3166 2806.451416015625 1471.0504150390625 356.9535589622612 0.0 0.0 0.0 0.0 0.0 0.0 0.0
3178 2818.8583984375 1471.0504150390625 356.7787085330221 0.0 0.0 0.0 0.0 0.0 0.0 0.0
3182 2831.265380859375 1471.0504150390625 356.62164357057594 0.0 0.0 0.0 0.0 0.0 0.0 0.0
3198 2839.53662109375 1475.18603515625 358.5329453581433 0.0 0.0 0.0 0.0 0.0 0.0 0.0
3302 2847.80810546875 1475.18603515625 358.301464830197 0.0 0.0 0.0 0.0 0.0 0.0 0.0
3310 2864.3505859375 1475.18603515625 357.8991609350423 0.0 0.0 0.0 0.0 0.0 0.0 0.0
3326 2905.70703125 1454.5078125 349.33219494512855 0.0 0.0 0.0 0.0 0.0 0.0 0.0
3335 2918.114013671875 1442.1009521484375 344.1975568432551 0.0 0.0 0.0 0.0 0.0 0.0 0.0
3343 2938.792236328125 1421.422607421875 337.2351519645305 0.0 0.0 0.0 0.0 0.0 0.0 0.0
3355 2955.3349609375 1400.744384765625 330.9264412599163 0.0 0.0 0.0 0.0 0.0 0.0 0.0
3359 2967.741943359375 1388.33740234375 328.10821263773374 0.0 0.0 0.0 0.0 0.0 0.0 0.0
3374 2976.01318359375 1380.066162109375 326.4039199110314 0.0 0.0 0.0 0.0 0.0 0.0 0.0
3462 2976.01318359375 1384.2017822265625 328.3336478569887 0.0 0.0 0.0 0.0 0.0 0.0 0.0
3469 2976.01318359375 1400.744384765625 336.5601654614159 0.0 0.0 0.0 0.0 0.0 0.0 0.0
3478 2976.01318359375 1413.1513671875 342.91414387387533 0.0 0.0 0.0 0.0 0.0 0.0 0.0
3487 2976.01318359375 1437.9652099609375 356.0074386044029 0.0 0.0 0.0 0.0 0.0 0.0 0.0
3493 2976.01318359375 1450.3721923828125 2.4600017806755545 0.0 0.0 0.0 0.0 0.0 0.0 0.0
3513 2976.01318359375 1475.18603515625 14.78719866154941 0.0 0.0 0.0 0.0 0.0 0.0 0.0
3521 2976.01318359375 1524.8138427734375 35.13018888665394 0.0 0.0 0.0 0.0 0.0 0.0 0.0
3526 2976.01318359375 1537.2208251953125 39.762339950160396 0.0 0.0 0.0 0.0 0.0 0.0 0.0
3533 2984.284423828125 1562.03466796875 44.87762654133277 0.0 0.0 0.0 0.0 0.0 0.0 0.0
3546 2988.420166015625 1570.3060302734375 45.94338879758743 0.0 0.0 0.0 0.0 0.0 0.0 0.0
3598 2992.5556640625 1574.441650390625 45.65446611096749 0.0 0.0 0.0 0.0 0.0 0.0 0.0
3614 2996.69140625 1574.441650390625 44.02660608830408 0.0 0.0 0.0 0.0 0.0 0.0 0.0
3623 3004.962646484375 1562.03466796875 36.26635682492778 0.0 0.0 0.0 0.0 0.0 0.0 0.0
3638 3017.36962890625 1553.763427734375 29.04066611531907 0.0 0.0 0.0 0.0 0.0 0.0 0.0
3661 3021.50537109375 1541.3564453125 22.260074278665073 0.0 0.0 0.0 0.0 0.0 0.0 0.0
3663 3029.776611328125 1512.406982421875 6.3622334983652 0.0 0.0 0.0 0.0 0.0 0.0 0.0
3670 3033.912109375 1491.7286376953125 355.47052286357376 0.0 0.0 0.0 0.0 0.0 0.0 0.0
3678 3038.0478515625 1466.914794921875 343.1364372886136 0.0 0.0 0.0 0.0 0.0 0.0 0.0
3695 3046.319091796875 1446.236572265625 334.51687066898756 0.0 0.0 0.0 0.0 0.0 0.0 0.0
3712 3046.319091796875 1437.9652099609375 330.58124932610104 0.0 0.0 0.0 0.0 0.0 0.0 0.0
3720 3050.454833984375 1437.9652099609375 331.4536655413484 0.0 0.0 0.0 0.0 0.0 0.0 0.0
3727 3050.454833984375 1433.82958984375 329.50439062609206 0.0 0.0 0.0 0.0 0.0 0.0 0.0
3806 3050.454833984375 1450.3721923828125 337.78905595645654 0.0 0.0 0.0 0.0 0.0 0.0 0.0
3814 3046.319091796875 1466.914794921875 346.012603093848 0.0 0.0 0.0 0.0 0.0 0.0 0.0
3826 3046.319091796875 1500.0 3.4106206699978827 0.0 0.0 0.0 0.0 0.0 0.0 0.0
3838 3038.0478515625 1545.4920654296875 26.610442209950122 0.0 0.0 0.0 0.0 0.0 0.0 0.0
3846 3038.0478515625 1582.7130126953125 40.45917340924794 0.0 0.0 0.0 0.0 0.0 0.0 0.0
3860 3029.776611328125 1628.205078125 56.036945172239996 0.0 0.0 0.0 0.0 0.0 0.0 0.0
3862 3025.640869140625 1648.88330078125 62.262986752388656 0.0 0.0 0.0 0.0 0.0 0.0 0.0
3879 3013.23388671875 1702.646728515625 74.13247916874687 0.0 0.0 0.0 0.0 0.0 0.0 0.0
3887 3009.098388671875 1719.1893310546875 77.44997830888556 0.0 0.0 0.0 0.0 0.0 0.0 0.0
3893 3009.098388671875 1723.3250732421875 77.73247062511953 0.0 0.0 0.0 0.0 0.0 0.0 0.0
3913 3004.962646484375 1727.460693359375 80.08218636205666 0.0 0.0 0.0 0.0 0.0 0.0 0.0
3974 3013.23388671875 1702.646728515625 73.10756745081753 0.0 0.0 0.0 0.0 0.0 0.0 0.0
3982 3021.50537109375 1677.8328857421875 64.41624772971196 0.0 0.0 0.0 0.0 0.0 0.0 0.0
3990 3029.776611328125 1644.7476806640625 50.97334445380514 0.0 0.0 0.0 0.0 0.0 0.0 0.0
3998 3033.912109375 1615.7982177734375 38.33512974296454 0.0 0.0 0.0 0.0 0.0 0.0 0.0
4011 3038.0478515625 1582.7130126953125 21.634846465190236 0.0 0.0 0.0 0.0 0.0 0.0 0.0
4015 3042.18359375 1549.6278076171875 3.9177958444778653 0.0 0.0 0.0 0.0 0.0 0.0 0.0
4030 3042.18359375 1487.593017578125 332.4404074550749 0.0 0.0 0.0 0.0 0.0 0.0 0.0
4039 3042.18359375 1462.7791748046875 321.57132777452637 0.0 0.0 0.0 0.0 0.0 0.0 0.0
4047 3042.18359375 1425.558349609375 308.18329323504156 0.0 0.0 0.0 0.0 0.0 0.0 0.0
4061 3042.18359375 1404.8800048828125 301.7352343746905 0.0 0.0 0.0 0.0 0.0 0.0 0.0
4062 3042.18359375 1388.33740234375 297.15476191965877 0.0 0.0 0.0 0.0 0.0 0.0 0.0
4070 3042.18359375 1375.9305419921875 294.0272369267752 0.0 0.0 0.0 0.0 0.0 0.0 0.0
4089 3042.18359375 1371.7947998046875 293.01872636955335 0.0 0.0 0.0 0.0 0.0 0.0 0.0
4275 3042.18359375 1367.6591796875 292.0428967673365 0.0 0.0 0.0 0.0 0.0 0.0 0.0
4280 3050.454833984375 1363.5235595703125 294.74392636771546 0.0 0.0 0.0 0.0 0.0 0.0 0.0
4295 3062.86181640625 1355.2523193359375 297.8769517442098 0.0 0.0 0.0 0.0 0.0 0.0 0.0
4311 3071.133056640625 1355.2523193359375 301.37348594150995 0.0 0.0 0.0 0.0 0.0 0.0 0.0
4318 3071.133056640625 1351.1165771484375 300.1355504761823 0.0 0.0 0.0 0.0 0.0 0.0 0.0
4330 3075.268798828125 1351.1165771484375 301.8719084388796 0.0 0.0 0.0 0.0 0.0 0.0 0.0
4350 3083.5400390625 1351.1165771484375 305.19058154198103 0.0 0.0 0.0 0.0 0.0 0.0 0.0
4366 3087.675537109375 1351.1165771484375 306.8092359143344 0.0 0.0 0.0 0.0 0.0 0.0 0.0
4398 3091.811279296875 1351.1165771484375 308.3877678292639 0.0 0.0 0.0 0.0 0.0 0.0 0.0
4409 3095.947021484375 1351.1165771484375 309.92598785625296 0.0 0.0 0.0 0.0 0.0 0.0 0.0
4415 3100.08251953125 1351.1165771484375 311.4238316178525 0.0 0.0 0.0 0.0 0.0 0.0 0.0
4423 3104.21826171875 1355.2523193359375 314.4765974192311 0.0 0.0 0.0 0.0 0.0 0.0 0.0
4430 3108.35400390625 1355.2523193359375 315.849532620359 0.0 0.0 0.0 0.0 0.0 0.0 0.0
4459 3116.625244140625 1355.2523193359375 318.44189722946726 0.0 0.0 0.0 0.0 0.0 0.0 0.0
4464 3120.7607421875 1355.2523193359375 319.699331357732 0.0 0.0 0.0 0.0 0.0 0.0 0.0
4473 3124.896484375 1359.387939453125 322.6883124195782 0.0 0.0 0.0 0.0 0.0 0.0 0.0
4478 3137.303466796875 1367.6591796875 329.424979040097 0.0 0.0 0.0 0.0 0.0 0.0 0.0
4501 3145.57470703125 1375.9305419921875 334.9906504391354 0.0 0.0 0.0 0.0 0.0 0.0 0.0
4513 3149.71044921875 1380.066162109375 337.70630644162134 0.0 0.0 0.0 0.0 0.0 0.0 0.0
4520 3153.845947265625 1388.33740234375 342.41079015646164 0.0 0.0 0.0 0.0 0.0 0.0 0.0
4532 3162.117431640625 1409.0157470703125 353.42709391652414 0.0 0.0 0.0 0.0 0.0 0.0 0.0
4537 3170.388671875 1417.2869873046875 357.577167716822 0.0 0.0 0.0 0.0 0.0 0.0 0.0
4543 3182.795654296875 1433.82958984375 5.022661868854826 0.0 0.0 0.0 0.0 0.0 0.0 0.0
4551 3186.93115234375 1442.1009521484375 8.728020789639402 0.0 0.0 0.0 0.0 0.0 0.0 0.0
4564 3195.20263671875 1446.236572265625 9.73888354655368 0.0 0.0 0.0 0.0 0.0 0.0 0.0
4586 3195.20263671875 1454.5078125 13.843100971534966 0.0 0.0 0.0 0.0 0.0 0.0 0.0
4591 3199.338134765625 1454.5078125 13.176646313741145 0.0 0.0 0.0 0.0 0.0 0.0 0.0
4600 3199.338134765625 1458.6434326171875 15.210385727321167 0.0 0.0 0.0 0.0 0.0 0.0 0.0
4613 3199.338134765625 1462.7791748046875 17.21707084335918 0.0 0.0 0.0 0.0 0.0 0.0 0.0
4614 3203.473876953125 1471.0504150390625 20.226219300057906 0.0 0.0 0.0 0.0 0.0 0.0 0.0
4629 3211.7451171875 1475.18603515625 20.348742481484507 0.0 0.0 0.0 0.0 0.0 0.0 0.0
4646 3224.152099609375 1487.593017578125 23.060143433117815 0.0 0.0 0.0 0.0 0.0 0.0 0.0
4654 3232.42333984375 1504.1356201171875 28.001335571630776 0.0 0.0 0.0 0.0 0.0 0.0 0.0
4667 3240.694580078125 1516.5426025390625 30.7693185744389 0.0 0.0 0.0 0.0 0.0 0.0 0.0
4688 3244.830322265625 1520.67822265625 31.247294505240035 0.0 0.0 0.0 0.0 0.0 0.0 0.0
4734 3248.966064453125 1524.8138427734375 31.701215015443694 0.0 0.0 0.0 0.0 0.0 0.0 0.0
4743 3253.1015625 1520.67822265625 28.702110706966465 0.0 0.0 0.0 0.0 0.0 0.0 0.0
4750 3257.2373046875 1512.406982421875 23.861796671342532 0.0 0.0 0.0 0.0 0.0 0.0 0.0
4759 3265.508544921875 1504.1356201171875 18.180964673684528 0.0 0.0 0.0 0.0 0.0 0.0 0.0
4766 3269.644287109375 1491.7286376953125 11.328813019476826 0.0 0.0 0.0 0.0 0.0 0.0 0.0
4776 3273.77978515625 1479.32177734375 4.55793953101626 0.0 0.0 0.0 0.0 0.0 0.0 0.0
4781 3273.77978515625 1471.0504150390625 0.24337961547287534 0.0 0.0 0.0 0.0 0.0 0.0 0.0
4795 3282.05126953125 1458.6434326171875 353.8463872397791 0.0 0.0 0.0 0.0 0.0 0.0 0.0
4799 3282.05126953125 1446.236572265625 347.40299267481726 0.0 0.0 0.0 0.0 0.0 0.0 0.0
4806 3286.186767578125 1442.1009521484375 345.63052497983415 0.0 0.0 0.0 0.0 0.0 0.0 0.0
4816 3286.186767578125 1433.82958984375 341.42485880381605 0.0 0.0 0.0 0.0 0.0 0.0 0.0
4830 3286.186767578125 1425.558349609375 337.3045376423015 0.0 0.0 0.0 0.0 0.0 0.0 0.0
4997 3294.4580078125 1425.558349609375 338.5471414165059 0.0 0.0 0.0 0.0 0.0 0.0 0.0
5010 3298.59375 1425.558349609375 339.1467094313296 0.0 0.0 0.0 0.0 0.0 0.0 0.0
5016 3306.864990234375 1417.2869873046875 336.4431540575175 0.0 0.0 0.0 0.0 0.0 0.0 0.0
5033 3311.000732421875 1413.1513671875 335.1539383434378 0.0 0.0 0.0 0.0 0.0 0.0 0.0
5086 3319.27197265625 1421.422607421875 340.44936829086856 0.0 0.0 0.0 0.0 0.0 0.0 0.0
5094 3323.40771484375 1442.1009521484375 351.4534300438298 0.0 0.0 0.0 0.0 0.0 0.0 0.0
5101 3327.543212890625 1462.7791748046875 2.0000951949968737 0.0 0.0 0.0 0.0 0.0 0.0 0.0
5114 3335.814697265625 1483.4573974609375 11.244579345793937 0.0 0.0 0.0 0.0 0.0 0.0 0.0
5129 3339.9501953125 1491.7286376953125 14.610620437446329 0.0 0.0 0.0 0.0 0.0 0.0 0.0
5211 3344.0859375 1491.7286376953125 13.917592185560153 0.0 0.0 0.0 0.0 0.0 0.0 0.0
5222 3344.0859375 1487.593017578125 11.843904164973765 0.0 0.0 0.0 0.0 0.0 0.0 0.0
5230 3348.221435546875 1487.593017578125 11.247152458808245 0.0 0.0 0.0 0.0 0.0 0.0 0.0
5254 3348.221435546875 1483.4573974609375 9.146691881320095 0.0 0.0 0.0 0.0 0.0 0.0 0.0
5422 3348.221435546875 1487.593017578125 11.226920392312707 0.0 0.0 0.0 0.0 0.0 0.0 0.0
5494 3348.221435546875 1483.4573974609375 9.126298680385801 0.0 0.0 0.0 0.0 0.0 0.0 0.0
5502 3348.221435546875 1475.18603515625 4.856247308469051 0.0 0.0 0.0 0.0 0.0 0.0 0.0
5528 3348.221435546875 1471.0504150390625 2.7106822098701713 0.0 0.0 0.0 0.0 0.0 0.0 0.0
5535 3348.221435546875 1466.914794921875 0.5560154410955391 0.0 0.0 0.0 0.0 0.0 0.0 0.0
5550 3344.0859375 1458.6434326171875 356.26458074633183 0.0 0.0 0.0 0.0 0.0 0.0 0.0
5579 3344.0859375 1454.5078125 354.10104205201935 0.0 0.0 0.0 0.0 0.0 0.0 0.0