0 2000.0 1500.0 0 0.0 0.0 0.0 0.0 0.0 0.0 0.0
373 2003.3037109375 1500.0 0.8662991262968376 0.0 0.0 0.0 0.0 0.0 0.0 0.0
389 2029.733642578125 1483.4813232421875 7.309644638096074 0.0 0.0 0.0 0.0 0.0 0.0 0.0
407 2059.4674072265625 1466.962646484375 13.970711100261155 0.0 0.0 0.0 0.0 0.0 0.0 0.0
424 2102.4158935546875 1443.83642578125 22.32011207820898 0.0 0.0 0.0 0.0 0.0 0.0 0.0
440 2125.5421142578125 1437.22900390625 27.028654558402593 0.0 0.0 0.0 0.0 0.0 0.0 0.0
458 2151.9720458984375 1430.6214599609375 32.09261550807855 0.0 0.0 0.0 0.0 0.0 0.0 0.0
474 2178.4017333984375 1430.6214599609375 37.674099890708135 0.0 0.0 0.0 0.0 0.0 0.0 0.0
490 2188.3131103515625 1430.6214599609375 39.70817300062794 0.0 0.0 0.0 0.0 0.0 0.0 0.0
508 2204.8316650390625 1430.6214599609375 42.94166538574649 0.0 0.0 0.0 0.0 0.0 0.0 0.0
524 2214.7430419921875 1430.6214599609375 44.82325288538874 0.0 0.0 0.0 0.0 0.0 0.0 0.0
541 2218.0467529296875 1430.6214599609375 45.44380673264635 0.0 0.0 0.0 0.0 0.0 0.0 0.0
558 2221.3504638671875 1430.6214599609375 46.05787754513034 0.0 0.0 0.0 0.0 0.0 0.0 0.0
607 2224.6541748046875 1430.6214599609375 46.66540922662398 0.0 0.0 0.0 0.0 0.0 0.0 0.0
690 2218.0467529296875 1427.3177490234375 44.81314627174186 0.0 0.0 0.0 0.0 0.0 0.0 0.0
707 2198.2242431640625 1404.1915283203125 37.025396699149496 0.0 0.0 0.0 0.0 0.0 0.0 0.0
725 2138.7569580078125 1344.724365234375 17.328288778862316 0.0 0.0 0.0 0.0 0.0 0.0 0.0
742 2056.1634521484375 1265.4345703125 356.869932360317 0.0 0.0 0.0 0.0 0.0 0.0 0.0
758 1986.7850341796875 1202.66357421875 344.18611247353505 0.0 0.0 0.0 0.0 0.0 0.0 0.0
775 1924.0140380859375 1163.0187377929688 334.1913965814959 0.0 0.0 0.0 0.0 0.0 0.0 0.0
792 1857.9393310546875 1129.9813842773438 325.2225495657677 0.0 0.0 0.0 0.0 0.0 0.0 0.0
809 1828.2056884765625 1116.7664184570312 321.4420389336599 0.0 0.0 0.0 0.0 0.0 0.0 0.0
825 1801.7757568359375 1103.5514526367188 318.6753072253913 0.0 0.0 0.0 0.0 0.0 0.0 0.0
842 1791.8646240234375 1096.9440307617188 317.96838218366446 0.0 0.0 0.0 0.0 0.0 0.0 0.0
859 1788.560791015625 1093.6402587890625 317.93133080781826 0.0 0.0 0.0 0.0 0.0 0.0 0.0
875 1781.953369140625 1090.3365478515625 317.2840553363199 0.0 0.0 0.0 0.0 0.0 0.0 0.0
974 1781.953369140625 1087.0327758789062 317.8784002095799 0.0 0.0 0.0 0.0 0.0 0.0 0.0
991 1791.8646240234375 1083.7290649414062 320.412868705116 0.0 0.0 0.0 0.0 0.0 0.0 0.0
1009 1844.724365234375 1060.6029052734375 335.7152855785675 0.0 0.0 0.0 0.0 0.0 0.0 0.0
1026 1937.22900390625 1030.8692626953125 0.8179323799280951 0.0 0.0 0.0 0.0 0.0 0.0 0.0
1042 2039.6448974609375 997.8319091796875 23.068203227748086 0.0 0.0 0.0 0.0 0.0 0.0 0.0
1060 2175.0980224609375 971.4019775390625 44.610391560556195 0.0 0.0 0.0 0.0 0.0 0.0 0.0
1076 2254.3878173828125 961.4907836914062 54.883868677341866 0.0 0.0 0.0 0.0 0.0 0.0 0.0
1094 2310.5513916015625 954.88330078125 60.842086968700926 0.0 0.0 0.0 0.0 0.0 0.0 0.0
1110 2356.8035888671875 951.57958984375 65.35397730479389 0.0 0.0 0.0 0.0 0.0 0.0 0.0
1128 2379.9298095703125 951.57958984375 67.76610653694098 0.0 0.0 0.0 0.0 0.0 0.0 0.0
1144 2386.5372314453125 951.57958984375 68.43645097353334 0.0 0.0 0.0 0.0 0.0 0.0 0.0
1160 2389.8409423828125 951.57958984375 68.76701777227731 0.0 0.0 0.0 0.0 0.0 0.0 0.0
1177 2393.1448974609375 951.57958984375 69.09304071571256 0.0 0.0 0.0 0.0 0.0 0.0 0.0
1258 2393.1448974609375 948.2758178710938 68.29501826401099 0.0 0.0 0.0 0.0 0.0 0.0 0.0
1276 2389.8409423828125 944.9721069335938 67.15081568013147 0.0 0.0 0.0 0.0 0.0 0.0 0.0
1293 2383.2335205078125 941.6683349609375 65.62126360615571 0.0 0.0 0.0 0.0 0.0 0.0 0.0
1311 2350.1961669921875 925.149658203125 57.15146528785215 0.0 0.0 0.0 0.0 0.0 0.0 0.0
1327 2270.9066162109375 898.7197875976562 35.57193679663237 0.0 0.0 0.0 0.0 0.0 0.0 0.0
1344 2188.3131103515625 878.8973388671875 12.711331356434755 0.0 0.0 0.0 0.0 0.0 0.0 0.0
1361 2082.5933837890625 859.0748901367188 346.32959688314577 0.0 0.0 0.0 0.0 0.0 0.0 0.0
1377 2009.9112548828125 849.1636962890625 330.9851304732158 0.0 0.0 0.0 0.0 0.0 0.0 0.0
1394 1973.5701904296875 849.1636962890625 323.430436493268 0.0 0.0 0.0 0.0 0.0 0.0 0.0
1411 1943.8365478515625 842.5562133789062 318.8324374967734 0.0 0.0 0.0 0.0 0.0 0.0 0.0
1428 1920.7103271484375 842.5562133789062 314.6576195514791 0.0 0.0 0.0 0.0 0.0 0.0 0.0
1444 1910.799072265625 835.94873046875 314.1546297118276 0.0 0.0 0.0 0.0 0.0 0.0 0.0
1461 1904.191650390625 835.94873046875 312.99972744929414 0.0 0.0 0.0 0.0 0.0 0.0 0.0
1477 1900.887939453125 832.64501953125 313.0666618248057 0.0 0.0 0.0 0.0 0.0 0.0 0.0
1494 1897.584228515625 832.64501953125 312.49492433563705 0.0 0.0 0.0 0.0 0.0 0.0 0.0
1512 1894.2803955078125 829.34130859375 312.5723955252005 0.0 0.0 0.0 0.0 0.0 0.0 0.0
1560 1894.2803955078125 826.0375366210938 313.21599123975557 0.0 0.0 0.0 0.0 0.0 0.0 0.0
1627 1894.2803955078125 826.0375366210938 313.2160009461712 0.0 0.0 0.0 0.0 0.0 0.0 0.0
1644 1894.2803955078125 822.7338256835938 313.8531165504247 0.0 0.0 0.0 0.0 0.0 0.0 0.0
1662 1933.92529296875 796.3038940429688 326.4459248900216 0.0 0.0 0.0 0.0 0.0 0.0 0.0
1679 2016.5186767578125 753.3553466796875 350.5169942844268 0.0 0.0 0.0 0.0 0.0 0.0 0.0
1695 2145.3643798828125 707.1029968261719 19.90049441026798 0.0 0.0 0.0 0.0 0.0 0.0 0.0
1712 2244.4766845703125 687.2805786132812 37.9194544395358 0.0 0.0 0.0 0.0 0.0 0.0 0.0
1729 2320.4625244140625 674.0656127929688 48.847263075592025 0.0 0.0 0.0 0.0 0.0 0.0 0.0
1746 2379.9298095703125 670.7619018554688 56.93663440444834 0.0 0.0 0.0 0.0 0.0 0.0 0.0
1762 2429.4859619140625 667.4581604003906 62.437817319053465 0.0 0.0 0.0 0.0 0.0 0.0 0.0
1779 2459.2196044921875 664.1544189453125 65.09165737399763 0.0 0.0 0.0 0.0 0.0 0.0 0.0
1795 2469.1307373046875 664.1544189453125 66.1903751608412 0.0 0.0 0.0 0.0 0.0 0.0 0.0
1811 2472.4344482421875 664.1544189453125 66.55164127051398 0.0 0.0 0.0 0.0 0.0 0.0 0.0
1945 2472.4344482421875 657.5469360351562 64.99689553374975 0.0 0.0 0.0 0.0 0.0 0.0 0.0
1962 2469.1307373046875 657.5469360351562 64.60915942709426 0.0 0.0 0.0 0.0 0.0 0.0 0.0
1979 2449.3082275390625 647.6357116699219 59.66984381203133 0.0 0.0 0.0 0.0 0.0 0.0 0.0
1996 2406.3597412109375 637.7245178222656 50.289065365685076 0.0 0.0 0.0 0.0 0.0 0.0 0.0
2013 2330.3736572265625 624.5095520019531 30.896767457735905 0.0 0.0 0.0 0.0 0.0 0.0 0.0
2030 2241.1729736328125 611.2946166992188 6.5604217644589085 0.0 0.0 0.0 0.0 0.0 0.0 0.0
2047 2171.7943115234375 607.9908752441406 348.6990793825254 0.0 0.0 0.0 0.0 0.0 0.0 0.0
2062 2092.5047607421875 601.3833923339844 331.2763943594103 0.0 0.0 0.0 0.0 0.0 0.0 0.0
2080 2029.733642578125 598.0796508789062 319.48329135969107 0.0 0.0 0.0 0.0 0.0 0.0 0.0
2096 2000.0 591.4721984863281 315.297998899459 0.0 0.0 0.0 0.0 0.0 0.0 0.0
2113 1973.5701904296875 588.16845703125 311.47570202626116 0.0 0.0 0.0 0.0 0.0 0.0 0.0
2131 1950.4439697265625 584.8647155761719 308.48953174256803 0.0 0.0 0.0 0.0 0.0 0.0 0.0
2147 1937.22900390625 584.8647155761719 306.48728376714087 0.0 0.0 0.0 0.0 0.0 0.0 0.0
2179 1927.31787109375 581.5609741210938 305.72779722788187 0.0 0.0 0.0 0.0 0.0 0.0 0.0
2212 1927.31787109375 578.2572326660156 306.4353555184609 0.0 0.0 0.0 0.0 0.0 0.0 0.0
2446 1937.22900390625 578.2572326660156 307.9920941290203 0.0 0.0 0.0 0.0 0.0 0.0 0.0
2463 1950.4439697265625 578.2572326660156 310.17211176511967 0.0 0.0 0.0 0.0 0.0 0.0 0.0
2481 1986.7850341796875 568.3460388183594 319.0132944626946 0.0 0.0 0.0 0.0 0.0 0.0 0.0
2498 2026.429931640625 558.434814453125 329.2648038087687 0.0 0.0 0.0 0.0 0.0 0.0 0.0
2515 2109.0233154296875 538.6123962402344 352.0696978112885 0.0 0.0 0.0 0.0 0.0 0.0 0.0
2532 2198.2242431640625 528.701171875 14.784778808425472 0.0 0.0 0.0 0.0 0.0 0.0 0.0
2548 2237.8690185546875 528.701171875 24.385365127054513 0.0 0.0 0.0 0.0 0.0 0.0 0.0
2564 2277.5140380859375 528.701171875 33.233008195752745 0.0 0.0 0.0 0.0 0.0 0.0 0.0
2581 2294.0325927734375 528.701171875 36.75884721169348 0.0 0.0 0.0 0.0 0.0 0.0 0.0
2598 2303.9439697265625 528.701171875 38.81782218702 0.0 0.0 0.0 0.0 0.0 0.0 0.0
2614 2307.2476806640625 532.0049133300781 40.03595263630211 0.0 0.0 0.0 0.0 0.0 0.0 0.0
2729 2303.9439697265625 528.701171875 38.82088744010554 0.0 0.0 0.0 0.0 0.0 0.0 0.0
2747 2290.7288818359375 518.7899780273438 34.493746149957474 0.0 0.0 0.0 0.0 0.0 0.0 0.0
2765 2254.3878173828125 502.2712707519531 23.971760083660342 0.0 0.0 0.0 0.0 0.0 0.0 0.0
2782 2185.0093994140625 469.23390197753906 4.907561640640438 0.0 0.0 0.0 0.0 0.0 0.0 0.0
2799 2092.5047607421875 429.5890655517578 344.28297032637806 0.0 0.0 0.0 0.0 0.0 0.0 0.0
2815 2016.5186767578125 403.15916442871094 330.5445616415293 0.0 0.0 0.0 0.0 0.0 0.0 0.0
2832 1950.4439697265625 386.6404724121094 320.2433372577991 0.0 0.0 0.0 0.0 0.0 0.0 0.0
2849 1890.9766845703125 363.5143127441406 314.0672870259733 0.0 0.0 0.0 0.0 0.0 0.0 0.0
2866 1857.9393310546875 356.90684509277344 309.9873685102913 0.0 0.0 0.0 0.0 0.0 0.0 0.0
2882 1831.5093994140625 350.2993621826172 307.30245881713006 0.0 0.0 0.0 0.0 0.0 0.0 0.0
2899 1818.29443359375 346.99562072753906 306.033999500459 0.0 0.0 0.0 0.0 0.0 0.0 0.0
2931 1805.0794677734375 340.3881530761719 305.5116516761706 0.0 0.0 0.0 0.0 0.0 0.0 0.0
2948 1801.7757568359375 340.3881530761719 305.02934530116863 0.0 0.0 0.0 0.0 0.0 0.0 0.0