0 2000.0 1500.0 0 0.0 0.0 0.0 0.0 0.0 0.0 0.0
1 2000.0 1500.0 0 0.0 0.0 0.0 0.0 0.0 0.0 0.0
9 2000.0 1500.0 0 0.0 0.0 0.0 0.0 0.0 0.0 0.0
21 2000.0 1500.0 0 0.0 0.0 0.0 0.0 0.0 0.0 0.0
52 2000.0 1500.0 0 0.0 0.0 0.0 0.0 0.0 0.0 0.0
170 2000.0 1500.0 0 0.0 0.0 0.0 0.0 0.0 0.0 0.0
270 2000.0 1500.0 0 0.0 0.0 0.0 0.0 0.0 0.0 0.0
354 2000.0 1500.0 0 0.0 0.0 0.0 0.0 0.0 0.0 0.0
371 2000.0 1500.0 0 0.0 0.0 0.0 0.0 0.0 0.0 0.0
390 2000.0 1500.0 0 0.0 0.0 0.0 0.0 0.0 0.0 0.0
404 2000.0 1500.0 0 0.0 0.0 0.0 0.0 0.0 0.0 0.0
452 2000.0 1500.0 0 0.0 0.0 0.0 0.0 0.0 0.0 0.0
474 2000.0 1500.0 0 0.0 0.0 0.0 0.0 0.0 0.0 0.0
488 2000.0 1500.0 0 0.0 0.0 0.0 0.0 0.0 0.0 0.0
504 2000.0 1500.0 0 0.0 0.0 0.0 0.0 0.0 0.0 0.0
521 2000.0 1500.0 0 0.0 0.0 0.0 0.0 0.0 0.0 0.0
554 2000.0 1500.0 0 0.0 0.0 0.0 0.0 0.0 0.0 0.0
638 2000.0 1500.0 0 0.0 0.0 0.0 0.0 0.0 0.0 0.0
756 2000.0 1500.0 0 0.0 0.0 0.0 0.0 0.0 0.0 0.0
840 2000.0 1500.0 0 0.0 0.0 0.0 0.0 0.0 0.0 0.0
958 2000.0 1500.0 0 0.0 0.0 0.0 0.0 0.0 0.0 0.0
1009 2000.0 1500.0 0 0.0 0.0 0.0 0.0 0.0 0.0 0.0
1043 2000.0 1500.0 0 0.0 0.0 0.0 0.0 0.0 0.0 0.0
1058 2000.0 1500.0 0 0.0 0.0 0.0 0.0 0.0 0.0 0.0
1092 2000.0 1500.0 0 0.0 0.0 0.0 0.0 0.0 0.0 0.0
1128 2000.000060081482 1503.7408905029297 359.73024288222973 0.0 0.0 0.0 0.0 0.0 0.0 0.0
1158 2000.000060081482 1507.4822235107422 359.4700674873315 0.0 0.0 0.0 0.0 0.0 0.0 0.0
1195 2000.000060081482 1511.2234344482422 359.219068820667 0.0 0.0 0.0 0.0 0.0 0.0 0.0
1208 2000.000060081482 1514.9644012451172 358.9769257018488 0.0 0.0 0.0 0.0 0.0 0.0 0.0
1243 2000.000060081482 1518.7057342529297 358.74330769596486 0.0 0.0 0.0 0.0 0.0 0.0 0.0
1278 2003.741271018982 1522.4469451904297 356.48602664993814 0.0 0.0 0.0 0.0 0.0 0.0 0.0
1313 2003.741271018982 1526.1879119873047 356.34058146833297 0.0 0.0 0.0 0.0 0.0 0.0 0.0
1409 2003.741271018982 1526.1879119873047 356.3405927228416 0.0 0.0 0.0 0.0 0.0 0.0 0.0
1509 2003.741271018982 1526.1879119873047 356.34066144925566 0.0 0.0 0.0 0.0 0.0 0.0 0.0
1610 2003.741271018982 1522.4469451904297 356.4917378449925 0.0 0.0 0.0 0.0 0.0 0.0 0.0
1649 2003.741271018982 1518.7057342529297 356.64854118910534 0.0 0.0 0.0 0.0 0.0 0.0 0.0
1679 2003.741271018982 1514.9644012451172 356.8113259159634 0.0 0.0 0.0 0.0 0.0 0.0 0.0
1715 2003.741271018982 1511.2234344482422 356.98036644477105 0.0 0.0 0.0 0.0 0.0 0.0 0.0
1747 2003.741271018982 1507.4822235107422 357.15584573656236 0.0 0.0 0.0 0.0 0.0 0.0 0.0
1763 2003.741271018982 1503.7408905029297 357.3379681214137 0.0 0.0 0.0 0.0 0.0 0.0 0.0
1778 2003.741271018982 1496.2587127685547 357.73109209293443 0.0 0.0 0.0 0.0 0.0 0.0 0.0
1795 2003.741271018982 1485.0352020263672 358.3936125421274 0.0 0.0 0.0 0.0 0.0 0.0 0.0
1813 2003.741271018982 1466.3296356201172 359.74519101070325 0.0 0.0 0.0 0.0 0.0 0.0 0.0
1829 2003.741271018982 1440.1414031982422 2.2860612955666966 0.0 0.0 0.0 0.0 0.0 0.0 0.0
1848 2003.741271018982 1413.9531707763672 5.687431303895494 0.0 0.0 0.0 0.0 0.0 0.0 0.0
1862 2007.4823598861694 1380.2827606201172 9.146041854894065 0.0 0.0 0.0 0.0 0.0 0.0 0.0
1878 2007.4823598861694 1354.0946502685547 14.78618055940882 0.0 0.0 0.0 0.0 0.0 0.0 0.0
1895 2007.4823598861694 1331.6477508544922 20.830389079930512 0.0 0.0 0.0 0.0 0.0 0.0 0.0
1913 2007.4823598861694 1316.6831512451172 25.44130567213017 0.0 0.0 0.0 0.0 0.0 0.0 0.0
1931 2003.741271018982 1301.7184295654297 32.5164168102105 0.0 0.0 0.0 0.0 0.0 0.0 0.0
1947 1996.2589712142944 1290.4949188232422 40.06439586656734 0.0 0.0 0.0 0.0 0.0 0.0 0.0
1963 1992.517882347107 1283.0127410888672 44.70179660307389 0.0 0.0 0.0 0.0 0.0 0.0 0.0
1979 1988.7765493392944 1279.2714080810547 47.64138423692634 0.0 0.0 0.0 0.0 0.0 0.0 0.0
1996 1985.035460472107 1275.5303192138672 50.55010689696283 0.0 0.0 0.0 0.0 0.0 0.0 0.0
2013 1985.035460472107 1271.7892303466797 52.37854690068295 0.0 0.0 0.0 0.0 0.0 0.0 0.0
2029 1985.035460472107 1268.0478973388672 54.240531370086785 0.0 0.0 0.0 0.0 0.0 0.0 0.0
2046 1985.035460472107 1264.3068084716797 56.13430198402486 0.0 0.0 0.0 0.0 0.0 0.0 0.0
2063 1985.035460472107 1260.5657196044922 58.05837167284753 0.0 0.0 0.0 0.0 0.0 0.0 0.0
2096 1985.035460472107 1256.8245086669922 60.01109999508827 0.0 0.0 0.0 0.0 0.0 0.0 0.0
2130 1985.035460472107 1253.0834197998047 61.99037746074134 0.0 0.0 0.0 0.0 0.0 0.0 0.0
2163 1985.035460472107 1249.3422088623047 63.99428073266259 0.0 0.0 0.0 0.0 0.0 0.0 0.0
2197 1985.035460472107 1245.6009979248047 66.0205047691361 0.0 0.0 0.0 0.0 0.0 0.0 0.0
2213 1985.035460472107 1241.8599090576172 68.06663872669492 0.0 0.0 0.0 0.0 0.0 0.0 0.0
2230 1985.035460472107 1238.1188201904297 70.1302070641612 0.0 0.0 0.0 0.0 0.0 0.0 0.0
2247 1985.035460472107 1226.8953094482422 76.44281920034456 0.0 0.0 0.0 0.0 0.0 0.0 0.0
2264 1988.7765493392944 1204.4484100341797 89.3832495095482 0.0 0.0 0.0 0.0 0.0 0.0 0.0
2281 1996.2589712142944 1185.7424774169922 100.80881310826322 0.0 0.0 0.0 0.0 0.0 0.0 0.0
2297 2000.000060081482 1167.0366668701172 111.13566278257878 0.0 0.0 0.0 0.0 0.0 0.0 0.0
2314 2007.4823598861694 1148.3309783935547 122.02450258232744 0.0 0.0 0.0 0.0 0.0 0.0 0.0
2331 2011.2235708236694 1133.3662567138672 129.35147240960015 0.0 0.0 0.0 0.0 0.0 0.0 0.0
2348 2018.705870628357 1118.4016571044922 137.6620860176015 0.0 0.0 0.0 0.0 0.0 0.0 0.0
2365 2022.4469594955444 1103.4370574951172 143.59112249703117 0.0 0.0 0.0 0.0 0.0 0.0 0.0
2382 2022.4469594955444 1092.2135467529297 146.3707334948295 0.0 0.0 0.0 0.0 0.0 0.0 0.0
2398 2026.188292503357 1084.7312469482422 149.93710520176484 0.0 0.0 0.0 0.0 0.0 0.0 0.0
2415 2026.188292503357 1077.2488250732422 151.44656868449744 0.0 0.0 0.0 0.0 0.0 0.0 0.0
2432 2029.9293813705444 1069.7666473388672 154.7404324635914 0.0 0.0 0.0 0.0 0.0 0.0 0.0
2448 2029.9293813705444 1066.0254364013672 155.35880489429957 0.0 0.0 0.0 0.0 0.0 0.0 0.0
2468 2029.9293813705444 1062.2842254638672 155.95607726145687 0.0 0.0 0.0 0.0 0.0 0.0 0.0
2482 2029.9293813705444 1054.8019256591797 157.07164275767985 0.0 0.0 0.0 0.0 0.0 0.0 0.0
2498 2029.9293813705444 1051.0608367919922 157.61017302811314 0.0 0.0 0.0 0.0 0.0 0.0 0.0
2515 2029.9293813705444 1047.3197479248047 158.1301510544908 0.0 0.0 0.0 0.0 0.0 0.0 0.0
2549 2029.9293813705444 1043.5784149169922 158.63221499225625 0.0 0.0 0.0 0.0 0.0 0.0 0.0
2582 2029.9293813705444 1039.8373260498047 159.11693437065998 0.0 0.0 0.0 0.0 0.0 0.0 0.0
2599 2029.9293813705444 1036.0962371826172 159.58484774821238 0.0 0.0 0.0 0.0 0.0 0.0 0.0
2633 2029.9293813705444 1032.3549041748047 160.0365369219656 0.0 0.0 0.0 0.0 0.0 0.0 0.0
2666 2029.9293813705444 1028.6138153076172 160.47247402194864 0.0 0.0 0.0 0.0 0.0 0.0 0.0
2685 2033.670470237732 1024.8727264404297 162.9035437472666 0.0 0.0 0.0 0.0 0.0 0.0 0.0
2700 2037.411681175232 1021.1315155029297 165.26124008891514 0.0 0.0 0.0 0.0 0.0 0.0 0.0
2720 2041.152892112732 1013.6492156982422 167.71071975490162 0.0 0.0 0.0 0.0 0.0 0.0 0.0
2734 2041.152892112732 1006.1669158935547 168.03157729428244 0.0 0.0 0.0 0.0 0.0 0.0 0.0
2750 2044.8939809799194 998.6844940185547 170.29625696650066 0.0 0.0 0.0 0.0 0.0 0.0 0.0
2768 2044.8939809799194 991.2023162841797 170.43992512398074 0.0 0.0 0.0 0.0 0.0 0.0 0.0
2784 2044.8939809799194 976.2375946044922 170.6903817473825 0.0 0.0 0.0 0.0 0.0 0.0 0.0
2811 2044.8939809799194 946.3083953857422 171.0773194819007 0.0 0.0 0.0 0.0 0.0 0.0 0.0
2818 2044.8939809799194 938.8260955810547 171.16741506551682 0.0 0.0 0.0 0.0 0.0 0.0 0.0
2836 2041.152892112732 923.8614959716797 169.48638351920437 0.0 0.0 0.0 0.0 0.0 0.0 0.0
2852 2037.411681175232 908.8967132568359 168.02391045725454 0.0 0.0 0.0 0.0 0.0 0.0 0.0
2868 2037.411681175232 901.4145355224609 168.32331485132738 0.0 0.0 0.0 0.0 0.0 0.0 0.0
2885 2029.9293813705444 882.7086639404297 165.41303011455972 0.0 0.0 0.0 0.0 0.0 0.0 0.0
2904 2029.9293813705444 867.7440643310547 166.30779776953966 0.0 0.0 0.0 0.0 0.0 0.0 0.0
2921 2029.9293813705444 856.5206146240234 166.9124132773896 0.0 0.0 0.0 0.0 0.0 0.0 0.0
2938 2029.9293813705444 849.0382537841797 167.2878685102874 0.0 0.0 0.0 0.0 0.0 0.0 0.0
2952 2029.9293813705444 841.5558929443359 167.6376452714407 0.0 0.0 0.0 0.0 0.0 0.0 0.0
2968 2029.9293813705444 837.8147430419922 167.80633289505892 0.0 0.0 0.0 0.0 0.0 0.0 0.0
2986 2029.9293813705444 830.3323822021484 168.12062268126954 0.0 0.0 0.0 0.0 0.0 0.0 0.0
3002 2029.9293813705444 826.5912933349609 168.27218658519405 0.0 0.0 0.0 0.0 0.0 0.0 0.0
3021 2029.9293813705444 822.8502044677734 168.41835999363315 0.0 0.0 0.0 0.0 0.0 0.0 0.0
3036 2033.670470237732 819.1089324951172 170.59522197627285 0.0 0.0 0.0 0.0 0.0 0.0 0.0
3053 2037.411681175232 815.3677825927734 172.69570072810393 0.0 0.0 0.0 0.0 0.0 0.0 0.0
3071 2037.411681175232 811.6266937255859 172.68479696278717 0.0 0.0 0.0 0.0 0.0 0.0 0.0
3090 2041.152892112732 811.6266937255859 174.79473258033065 0.0 0.0 0.0 0.0 0.0 0.0 0.0
3102 2041.152892112732 807.8854217529297 174.7092445597749 0.0 0.0 0.0 0.0 0.0 0.0 0.0
3136 2041.152892112732 804.1443328857422 174.62678881081365 0.0 0.0 0.0 0.0 0.0 0.0 0.0
3169 2041.152892112732 800.4032440185547 174.54725845913254 0.0 0.0 0.0 0.0 0.0 0.0 0.0
3207 2044.8939809799194 796.6619720458984 176.50205778684114 0.0 0.0 0.0 0.0 0.0 0.0 0.0
3237 2044.8939809799194 796.6619720458984 176.50205353287475 0.0 0.0 0.0 0.0 0.0 0.0 0.0
3254 2048.6351919174194 789.1797332763672 178.17710532936638 0.0 0.0 0.0 0.0 0.0 0.0 0.0
3272 2052.376280784607 785.4384613037109 179.99083504226817 0.0 0.0 0.0 0.0 0.0 0.0 0.0
3286 2059.858702659607 770.4739227294922 182.64374746697197 0.0 0.0 0.0 0.0 0.0 0.0 0.0
3304 2063.599913597107 759.2504119873047 183.49555465274133 0.0 0.0 0.0 0.0 0.0 0.0 0.0
3322 2078.564269065857 721.8389129638672 186.52891077936778 0.0 0.0 0.0 0.0 0.0 0.0 0.0
3337 2082.305724143982 699.3919525146484 185.67317489137082 0.0 0.0 0.0 0.0 0.0 0.0 0.0
3354 2089.787901878357 680.6860809326172 187.0806375004135 0.0 0.0 0.0 0.0 0.0 0.0 0.0
3371 2093.529112815857 658.2391204833984 186.12392636312626 0.0 0.0 0.0 0.0 0.0 0.0 0.0
3387 2101.011290550232 639.5333099365234 187.4571415082604 0.0 0.0 0.0 0.0 0.0 0.0 0.0
3404 2101.011290550232 624.5687103271484 185.53605827527048 0.0 0.0 0.0 0.0 0.0 0.0 0.0
3421 2104.752501487732 613.3452606201172 186.08751992471713 0.0 0.0 0.0 0.0 0.0 0.0 0.0
3442 2104.752501487732 602.1217498779297 184.7333773349227 0.0 0.0 0.0 0.0 0.0 0.0 0.0
3454 2108.493712425232 594.6393890380859 185.80723846112764 0.0 0.0 0.0 0.0 0.0 0.0 0.0
3471 2108.493712425232 583.4159393310547 184.48039139636717 0.0 0.0 0.0 0.0 0.0 0.0 0.0
3488 2108.493712425232 579.6747894287109 184.0535343258838 0.0 0.0 0.0 0.0 0.0 0.0 0.0
3504 2108.493712425232 575.9337005615234 183.64153625270103 0.0 0.0 0.0 0.0 0.0 0.0 0.0
3521 2108.493712425232 572.1924285888672 183.24385528346204 0.0 0.0 0.0 0.0 0.0 0.0 0.0
3539 2108.493712425232 568.4513397216797 182.8601982132105 0.0 0.0 0.0 0.0 0.0 0.0 0.0
3555 2108.493712425232 564.7102508544922 182.48989549783215 0.0 0.0 0.0 0.0 0.0 0.0 0.0
3588 2108.493712425232 560.9689788818359 182.13260735229434 0.0 0.0 0.0 0.0 0.0 0.0 0.0
3622 2108.493712425232 557.2278900146484 181.78778463727286 0.0 0.0 0.0 0.0 0.0 0.0 0.0
3642 2108.493712425232 553.4867401123047 181.45503763290316 0.0 0.0 0.0 0.0 0.0 0.0 0.0
3657 2112.234679222107 553.4867401123047 183.526940827518 0.0 0.0 0.0 0.0 0.0 0.0 0.0
3672 2112.234679222107 549.7454681396484 183.1333803083876 0.0 0.0 0.0 0.0 0.0 0.0 0.0
3689 2112.234679222107 538.5220184326172 182.06843734032253 0.0 0.0 0.0 0.0 0.0 0.0 0.0
3705 2112.234679222107 531.0398406982422 181.40672158145583 0.0 0.0 0.0 0.0 0.0 0.0 0.0
3722 2115.976134300232 523.5574188232422 182.72643894366465 0.0 0.0 0.0 0.0 0.0 0.0 0.0
3739 2115.976134300232 512.3339691162109 181.70147552412158 0.0 0.0 0.0 0.0 0.0 0.0 0.0
3761 2115.976134300232 497.36936950683594 180.50864858618556 0.0 0.0 0.0 0.0 0.0 0.0 0.0
3776 2115.976134300232 478.66355895996094 179.24797549321366 0.0 0.0 0.0 0.0 0.0 0.0 0.0
3791 2115.976134300232 459.9576873779297 178.18242078296527 0.0 0.0 0.0 0.0 0.0 0.0 0.0
3811 2101.011290550232 433.76963806152344 170.26556112967972 0.0 0.0 0.0 0.0 0.0 0.0 0.0
3824 2089.787901878357 415.0637664794922 165.2806182704873 0.0 0.0 0.0 0.0 0.0 0.0 0.0
3842 2074.823302268982 396.3581085205078 159.41163323468794 0.0 0.0 0.0 0.0 0.0 0.0 0.0
3857 2059.858702659607 377.6522674560547 154.59175737762808 0.0 0.0 0.0 0.0 0.0 0.0 0.0
3873 2048.6351919174194 366.4287872314453 151.00165111837958 0.0 0.0 0.0 0.0 0.0 0.0 0.0
3891 2044.8939809799194 358.94639587402344 150.6079914948594 0.0 0.0 0.0 0.0 0.0 0.0 0.0
3908 2041.152892112732 351.4641876220703 150.2442075360795 0.0 0.0 0.0 0.0 0.0 0.0 0.0
3924 2041.152892112732 340.24073791503906 152.40907156637877 0.0 0.0 0.0 0.0 0.0 0.0 0.0
3940 2041.152892112732 332.7583465576172 153.75830359871588 0.0 0.0 0.0 0.0 0.0 0.0 0.0
3958 2041.152892112732 325.27598571777344 155.01904721577927 0.0 0.0 0.0 0.0 0.0 0.0 0.0
3974 2041.152892112732 317.7937774658203 156.19674072555108 0.0 0.0 0.0 0.0 0.0 0.0 0.0
3993 2041.152892112732 310.31138610839844 157.29634920996625 0.0 0.0 0.0 0.0 0.0 0.0 0.0
4007 2041.152892112732 306.57029724121094 157.8271689012126 0.0 0.0 0.0 0.0 0.0 0.0 0.0
4025 2041.152892112732 302.8290252685547 158.33966050972202 0.0 0.0 0.0 0.0 0.0 0.0 0.0
4042 2044.8939809799194 295.34681701660156 161.22954083579867 0.0 0.0 0.0 0.0 0.0 0.0 0.0
4074 2048.6351919174194 291.6055450439453 163.6382148175354 0.0 0.0 0.0 0.0 0.0 0.0 0.0
4108 2048.6351919174194 287.8644561767578 163.9481875138269 0.0 0.0 0.0 0.0 0.0 0.0 0.0
4125 2052.376280784607 287.8644561767578 166.0469616869404 0.0 0.0 0.0 0.0 0.0 0.0 0.0
4141 2052.376280784607 284.1233367919922 166.2719611404126 0.0 0.0 0.0 0.0 0.0 0.0 0.0
4175 2052.376280784607 280.38206481933594 166.4890947951144 0.0 0.0 0.0 0.0 0.0 0.0 0.0
4208 2052.376280784607 276.64097595214844 166.698502338722 0.0 0.0 0.0 0.0 0.0 0.0 0.0
4233 2052.376280784607 269.15858459472656 167.08867149243798 0.0 0.0 0.0 0.0 0.0 0.0 0.0
4244 2048.6351919174194 250.4529266357422 166.13933143850858 0.0 0.0 0.0 0.0 0.0 0.0 0.0
4263 2029.9293813705444 213.0412139892578 160.2490142308514 0.0 0.0 0.0 0.0 0.0 0.0 0.0
4277 2014.9647817611694 171.8885955810547 157.8878996824638 0.0 0.0 0.0 0.0 0.0 0.0 0.0
4293 2000.000060081482 141.95925903320312 154.90602456783694 0.0 0.0 0.0 0.0 0.0 0.0 0.0
4310 1977.553038597107 112.02993774414062 149.7198140448507 0.0 0.0 0.0 0.0 0.0 0.0 0.0
4330 1962.5885610580444 89.58299255371094 147.4129434455255 0.0 0.0 0.0 0.0 0.0 0.0 0.0
4344 1947.6239614486694 67.13603210449219 145.58696298539377 0.0 0.0 0.0 0.0 0.0 0.0 0.0
4363 1932.659239768982 44.6890869140625 144.14265477624252 0.0 0.0 0.0 0.0 0.0 0.0 0.0
4377 1925.1769399642944 25.98340606689453 145.2086815350733 0.0 0.0 0.0 0.0 0.0 0.0 0.0
4396 1917.694640159607 18.50102996826172 143.54672320553328 0.0 0.0 0.0 0.0 0.0 0.0 0.0
4411 1913.9535512924194 11.018653869628906 143.7201740265753 0.0 0.0 0.0 0.0 0.0 0.0 0.0
4427 1910.212218284607 7.277557373046875 142.92056807971943 0.0 0.0 0.0 0.0 0.0 0.0 0.0
4447 1910.212218284607 7.277557373046875 142.92060313463145 0.0 0.0 0.0 0.0 0.0 0.0 0.0
4462 1902.730040550232 7.277557373046875 139.3775304669761 0.0 0.0 0.0 0.0 0.0 0.0 0.0
4478 1895.247618675232 7.277557373046875 135.97723676103885 0.0 0.0 0.0 0.0 0.0 0.0 0.0
4494 1872.8007192611694 18.50102996826172 122.82483208945524 0.0 0.0 0.0 0.0 0.0 0.0 0.0
4511 1794.236388206482 25.98340606689453 102.92203835464403 0.0 0.0 0.0 0.0 0.0 0.0 0.0