1 2000.0 1500.0 0 0.0 0.0 0.0 0.0 0.0 0.0 0.0
494 1987.3417968749998 1449.3670654296875 356.90594837994564 0.0 0.0 0.0 0.0 0.0 0.0 0.0
516 2025.3164062499998 1449.3670654296875 8.706863034688354 0.0 0.0 0.0 0.0 0.0 0.0 0.0
532 2063.291259765625 1449.3670654296875 19.92323684393942 0.0 0.0 0.0 0.0 0.0 0.0 0.0
548 2113.924072265625 1474.68359375 37.54753572536204 0.0 0.0 0.0 0.0 0.0 0.0 0.0
559 2151.898681640625 1487.341796875 48.43441824406518 0.0 0.0 0.0 0.0 0.0 0.0 0.0
573 2177.215087890625 1500.0 56.14194615717309 0.0 0.0 0.0 0.0 0.0 0.0 0.0
588 2202.53173828125 1512.658203125 63.246123435406794 0.0 0.0 0.0 0.0 0.0 0.0 0.0
605 2215.18994140625 1525.31640625 68.38223390811467 0.0 0.0 0.0 0.0 0.0 0.0 0.0
621 2227.84814453125 1525.31640625 69.75001344499009 0.0 0.0 0.0 0.0 0.0 0.0 0.0
798 2227.84814453125 1500.0 62.709106670328985 0.0 0.0 0.0 0.0 0.0 0.0 0.0
815 2227.84814453125 1474.68359375 56.13269252174393 0.0 0.0 0.0 0.0 0.0 0.0 0.0
832 2227.84814453125 1436.7088623046875 47.37606818606511 0.0 0.0 0.0 0.0 0.0 0.0 0.0
844 2202.53173828125 1411.3924560546875 36.25989303184939 0.0 0.0 0.0 0.0 0.0 0.0 0.0
859 2189.87353515625 1373.417724609375 27.278197761360182 0.0 0.0 0.0 0.0 0.0 0.0 0.0
877 2164.556884765625 1360.759521484375 18.495574052814746 0.0 0.0 0.0 0.0 0.0 0.0 0.0
893 2139.240478515625 1335.4429931640625 9.372710372915478 0.0 0.0 0.0 0.0 0.0 0.0 0.0
910 2113.924072265625 1310.1265869140625 1.269715489299756 0.0 0.0 0.0 0.0 0.0 0.0 0.0
925 2088.607666015625 1297.4683837890625 353.81739464804605 0.0 0.0 0.0 0.0 0.0 0.0 0.0
940 2063.291259765625 1284.8101806640625 346.9907249210789 0.0 0.0 0.0 0.0 0.0 0.0 0.0
958 2050.6328125 1272.15185546875 344.2584301195463 0.0 0.0 0.0 0.0 0.0 0.0 0.0
1000 2037.9747314453123 1272.15185546875 340.5303463815005 0.0 0.0 0.0 0.0 0.0 0.0 0.0
1007 2012.6582031249998 1272.15185546875 333.443242984783 0.0 0.0 0.0 0.0 0.0 0.0 0.0
1325 2012.6582031249998 1259.49365234375 335.10673422093595 0.0 0.0 0.0 0.0 0.0 0.0 0.0
1357 2037.9747314453123 1246.83544921875 343.8310147671386 0.0 0.0 0.0 0.0 0.0 0.0 0.0
1371 2088.607666015625 1246.83544921875 359.84439416754043 0.0 0.0 0.0 0.0 0.0 0.0 0.0
1387 2126.582275390625 1234.17724609375 10.813688546731655 0.0 0.0 0.0 0.0 0.0 0.0 0.0
1404 2151.898681640625 1234.17724609375 18.336839208811227 0.0 0.0 0.0 0.0 0.0 0.0 0.0
1421 2177.215087890625 1234.17724609375 25.48906363142818 0.0 0.0 0.0 0.0 0.0 0.0 0.0
1437 2189.87353515625 1234.17724609375 28.948960870916153 0.0 0.0 0.0 0.0 0.0 0.0 0.0
1451 2202.53173828125 1234.17724609375 32.29117697913371 0.0 0.0 0.0 0.0 0.0 0.0 0.0
1467 2215.18994140625 1234.17724609375 35.509418359762364 0.0 0.0 0.0 0.0 0.0 0.0 0.0
1677 2215.18994140625 1221.51904296875 33.33735604749767 0.0 0.0 0.0 0.0 0.0 0.0 0.0
1693 2215.18994140625 1208.8607177734375 31.284975212995278 0.0 0.0 0.0 0.0 0.0 0.0 0.0
1709 2215.18994140625 1196.2025146484375 29.34797955828283 0.0 0.0 0.0 0.0 0.0 0.0 0.0
1725 2189.87353515625 1170.8861083984375 19.230612902597883 0.0 0.0 0.0 0.0 0.0 0.0 0.0
1741 2164.556884765625 1145.5696411132812 10.032324056708546 0.0 0.0 0.0 0.0 0.0 0.0 0.0
1757 2139.240478515625 1120.253173828125 1.8506105520075238 0.0 0.0 0.0 0.0 0.0 0.0 0.0
1771 2101.265869140625 1094.9367065429688 351.27269739767684 0.0 0.0 0.0 0.0 0.0 0.0 0.0
1789 2063.291259765625 1082.2785034179688 341.26486734764654 0.0 0.0 0.0 0.0 0.0 0.0 0.0
1806 2012.6582031249998 1069.6202392578125 329.55866409440824 0.0 0.0 0.0 0.0 0.0 0.0 0.0
1819 1987.3417968749998 1056.9620361328125 325.3060978114219 0.0 0.0 0.0 0.0 0.0 0.0 0.0
1835 1962.0252685546873 1056.9620361328125 319.3033814629932 0.0 0.0 0.0 0.0 0.0 0.0 0.0
1851 1949.3670654296873 1044.3038330078125 318.92122561955335 0.0 0.0 0.0 0.0 0.0 0.0 0.0
1867 1936.7088623046873 1044.3038330078125 316.0740782176365 0.0 0.0 0.0 0.0 0.0 0.0 0.0
1901 1924.0506591796873 1044.3038330078125 313.36009690279315 0.0 0.0 0.0 0.0 0.0 0.0 0.0
2092 1924.0506591796873 1031.6455688476562 316.1010430496935 0.0 0.0 0.0 0.0 0.0 0.0 0.0
2125 1936.7088623046873 1018.9873657226562 321.66023135464144 0.0 0.0 0.0 0.0 0.0 0.0 0.0
2141 1974.6835937499998 993.6708984375 335.8548720715379 0.0 0.0 0.0 0.0 0.0 0.0 0.0
2155 2025.3164062499998 993.6708984375 351.69592350230994 0.0 0.0 0.0 0.0 0.0 0.0 0.0
2173 2101.265869140625 981.0126953125 14.277787853302456 0.0 0.0 0.0 0.0 0.0 0.0 0.0
2189 2164.556884765625 968.3544311523438 29.67258087904726 0.0 0.0 0.0 0.0 0.0 0.0 0.0
2203 2215.18994140625 968.3544311523438 41.58111712882665 0.0 0.0 0.0 0.0 0.0 0.0 0.0
2219 2240.50634765625 968.3544311523438 46.98078546696176 0.0 0.0 0.0 0.0 0.0 0.0 0.0
2235 2253.16455078125 968.3544311523438 49.54550589518742 0.0 0.0 0.0 0.0 0.0 0.0 0.0
2251 2265.82275390625 968.3544311523438 51.98006491665119 0.0 0.0 0.0 0.0 0.0 0.0 0.0
2477 2265.82275390625 955.6962280273438 48.99667317223683 0.0 0.0 0.0 0.0 0.0 0.0 0.0
2525 2253.16455078125 943.0379638671875 43.40177906200814 0.0 0.0 0.0 0.0 0.0 0.0 0.0
2550 2240.50634765625 930.3797607421875 37.84842459685046 0.0 0.0 0.0 0.0 0.0 0.0 0.0
2566 2215.18994140625 905.0632934570312 27.14812537037301 0.0 0.0 0.0 0.0 0.0 0.0 0.0
2578 2164.556884765625 879.746826171875 9.957188148232362 0.0 0.0 0.0 0.0 0.0 0.0 0.0
2594 2126.582275390625 854.4303588867188 358.26645814462677 0.0 0.0 0.0 0.0 0.0 0.0 0.0
2609 2075.949462890625 816.4556884765625 345.7626457898161 0.0 0.0 0.0 0.0 0.0 0.0 0.0
2625 2025.3164062499998 791.1392211914062 334.7666977015347 0.0 0.0 0.0 0.0 0.0 0.0 0.0
2639 1987.3417968749998 778.4810180664062 326.95970989410387 0.0 0.0 0.0 0.0 0.0 0.0 0.0
2653 1949.3670654296873 765.8228149414062 320.3408175916359 0.0 0.0 0.0 0.0 0.0 0.0 0.0
2669 1936.7088623046873 765.8228149414062 317.42957813899585 0.0 0.0 0.0 0.0 0.0 0.0 0.0
2683 1924.0506591796873 765.8228149414062 314.6514246969468 0.0 0.0 0.0 0.0 0.0 0.0 0.0
2702 1911.3924560546873 765.8228149414062 312.0061511530132 0.0 0.0 0.0 0.0 0.0 0.0 0.0
2796 1898.7341308593748 765.8228149414062 309.49231307949395 0.0 0.0 0.0 0.0 0.0 0.0 0.0
2925 1898.7341308593748 753.16455078125 312.4110352116461 0.0 0.0 0.0 0.0 0.0 0.0 0.0
2955 1911.3924560546873 753.16455078125 315.2168285930857 0.0 0.0 0.0 0.0 0.0 0.0 0.0
2973 1936.7088623046873 740.50634765625 323.9660604172797 0.0 0.0 0.0 0.0 0.0 0.0 0.0
2988 1974.6835937499998 727.8480834960938 336.51311889256823 0.0 0.0 0.0 0.0 0.0 0.0 0.0
3003 2012.6582031249998 715.1898803710938 349.0021809697634 0.0 0.0 0.0 0.0 0.0 0.0 0.0
3020 2063.291259765625 702.5316772460938 4.630423057216035 0.0 0.0 0.0 0.0 0.0 0.0 0.0
3034 2101.265869140625 689.8734130859375 15.103786723572156 0.0 0.0 0.0 0.0 0.0 0.0 0.0
3051 2139.240478515625 689.8734130859375 25.83585426307465 0.0 0.0 0.0 0.0 0.0 0.0 0.0
3068 2164.556884765625 689.8734130859375 32.5150439465542 0.0 0.0 0.0 0.0 0.0 0.0 0.0
3085 2189.87353515625 689.8734130859375 38.695126621443606 0.0 0.0 0.0 0.0 0.0 0.0 0.0
3100 2189.87353515625 677.2152099609375 36.35228055633974 0.0 0.0 0.0 0.0 0.0 0.0 0.0
3119 2202.53173828125 677.2152099609375 39.40684411785559 0.0 0.0 0.0 0.0 0.0 0.0 0.0
3133 2215.18994140625 677.2152099609375 42.32933043749838 0.0 0.0 0.0 0.0 0.0 0.0 0.0
3308 2215.18994140625 664.5569763183594 39.79921390853287 0.0 0.0 0.0 0.0 0.0 0.0 0.0
3341 2215.18994140625 651.8987426757812 37.39859107437398 0.0 0.0 0.0 0.0 0.0 0.0 0.0
3355 2215.18994140625 639.2405090332031 35.124514186591085 0.0 0.0 0.0 0.0 0.0 0.0 0.0
3373 2189.87353515625 626.582275390625 26.253612250818193 0.0 0.0 0.0 0.0 0.0 0.0 0.0
3388 2164.556884765625 588.6076049804688 15.418915376741822 0.0 0.0 0.0 0.0 0.0 0.0 0.0
3403 2139.240478515625 575.9493713378906 7.060693634637232 0.0 0.0 0.0 0.0 0.0 0.0 0.0
3419 2113.924072265625 563.2911376953125 359.18974318234564 0.0 0.0 0.0 0.0 0.0 0.0 0.0
3437 2088.607666015625 537.9747009277344 352.3875086372647 0.0 0.0 0.0 0.0 0.0 0.0 0.0
3453 2050.6328125 525.3164672851562 342.2494153254814 0.0 0.0 0.0 0.0 0.0 0.0 0.0
3469 2037.9747314453123 512.6582336425781 339.89634063262616 0.0 0.0 0.0 0.0 0.0 0.0 0.0
3483 2012.6582031249998 512.6582336425781 332.8466713895159 0.0 0.0 0.0 0.0 0.0 0.0 0.0
3502 1999.9999999999998 500.0 331.2799671533008 0.0 0.0 0.0 0.0 0.0 0.0 0.0
3518 1987.3417968749998 500.0 327.92965580434515 0.0 0.0 0.0 0.0 0.0 0.0 0.0
3549 1974.6835937499998 500.0 324.702954783962 0.0 0.0 0.0 0.0 0.0 0.0 0.0
3612 1962.0252685546873 500.0 321.60452652305315 0.0 0.0 0.0 0.0 0.0 0.0 0.0
3772 1962.0252685546873 487.3417663574219 323.9315927307044 0.0 0.0 0.0 0.0 0.0 0.0 0.0
3803 1974.6835937499998 487.3417663574219 327.25704449730523 0.0 0.0 0.0 0.0 0.0 0.0 0.0
3821 1999.9999999999998 474.6835632324219 336.1183339439695 0.0 0.0 0.0 0.0 0.0 0.0 0.0
3837 2037.9747314453123 462.02532958984375 348.6182767996748 0.0 0.0 0.0 0.0 0.0 0.0 0.0
3851 2063.291259765625 462.02532958984375 356.5318047748032 0.0 0.0 0.0 0.0 0.0 0.0 0.0
3869 2088.607666015625 462.02532958984375 4.43599711753113 0.0 0.0 0.0 0.0 0.0 0.0 0.0
3882 2113.924072265625 449.3670959472656 11.417499077000187 0.0 0.0 0.0 0.0 0.0 0.0 0.0
3902 2126.582275390625 449.3670959472656 15.2328863337016 0.0 0.0 0.0 0.0 0.0 0.0 0.0
3935 2139.240478515625 449.3670959472656 18.972338790468356 0.0 0.0 0.0 0.0 0.0 0.0 0.0
4125 2139.240478515625 436.7088623046875 17.76650485501702 0.0 0.0 0.0 0.0 0.0 0.0 0.0
4140 2139.240478515625 424.05064392089844 16.63519359283731 0.0 0.0 0.0 0.0 0.0 0.0 0.0
4157 2139.240478515625 411.3924102783203 15.574205564544727 0.0 0.0 0.0 0.0 0.0 0.0 0.0
4170 2126.582275390625 411.3924102783203 11.701941591615892 0.0 0.0 0.0 0.0 0.0 0.0 0.0
4186 2113.924072265625 386.0759582519531 6.8325381815943445 0.0 0.0 0.0 0.0 0.0 0.0 0.0
4204 2101.265869140625 373.417724609375 2.6960484962556563 0.0 0.0 0.0 0.0 0.0 0.0 0.0
4220 2075.949462890625 348.1012725830078 355.4287382668868 0.0 0.0 0.0 0.0 0.0 0.0 0.0
4235 2050.6328125 335.4430389404297 348.459013221848 0.0 0.0 0.0 0.0 0.0 0.0 0.0
4252 2025.3164062499998 310.1265869140625 343.17454783659605 0.0 0.0 0.0 0.0 0.0 0.0 0.0
4268 2012.6582031249998 297.4683609008789 340.74639840170704 0.0 0.0 0.0 0.0 0.0 0.0 0.0
4286 1999.9999999999998 284.8101348876953 338.516137747961 0.0 0.0 0.0 0.0 0.0 0.0 0.0
4300 1987.3417968749998 272.1519088745117 336.47031016123765 0.0 0.0 0.0 0.0 0.0 0.0 0.0