0 2000.0 1500.0 0 0.0 0.0 0.0 0.0 0.0 0.0 0.0
32 2000.0 1500.0 0 0.0 0.0 0.0 0.0 0.0 0.0 0.0
42 2000.0 1500.0 0 0.0 0.0 0.0 0.0 0.0 0.0 0.0
55 2000.0 1500.0 0 0.0 0.0 0.0 0.0 0.0 0.0 0.0
70 1994.0186767578125 1458.130126953125 0.15281934113545503 0.0 0.0 0.0 0.0 0.0 0.0 0.0
87 1982.055908203125 1413.2696533203125 358.30007021655047 0.0 0.0 0.0 0.0 0.0 0.0 0.0
104 1964.1116943359375 1386.3533935546875 353.1993102741871 0.0 0.0 0.0 0.0 0.0 0.0 0.0
121 1949.1580810546875 1362.427734375 349.9367664662605 0.0 0.0 0.0 0.0 0.0 0.0 0.0
138 1925.2325439453125 1341.4927978515625 343.4997653913208 0.0 0.0 0.0 0.0 0.0 0.0 0.0
154 1889.3441162109375 1314.5765380859375 335.6910070889919 0.0 0.0 0.0 0.0 0.0 0.0 0.0
171 1847.474365234375 1281.6788330078125 329.70591977872266 0.0 0.0 0.0 0.0 0.0 0.0 0.0
188 1832.520751953125 1266.725341796875 328.76343847589214 0.0 0.0 0.0 0.0 0.0 0.0 0.0
205 1817.5672607421875 1257.753173828125 326.25118968622326 0.0 0.0 0.0 0.0 0.0 0.0 0.0
222 1814.57666015625 1254.7625732421875 326.1594336908172 0.0 0.0 0.0 0.0 0.0 0.0 0.0
262 1811.5859375 1254.7625732421875 325.06768861988417 0.0 0.0 0.0 0.0 0.0 0.0 0.0
300 1808.59521484375 1254.7625732421875 323.9956213478182 0.0 0.0 0.0 0.0 0.0 0.0 0.0
308 1802.61376953125 1260.743896484375 319.736251945689 0.0 0.0 0.0 0.0 0.0 0.0 0.0
321 1796.6324462890625 1263.734619140625 316.68950175698643 0.0 0.0 0.0 0.0 0.0 0.0 0.0
340 1769.716064453125 1284.6695556640625 301.5173605794587 0.0 0.0 0.0 0.0 0.0 0.0 0.0
355 1736.818359375 1311.5858154296875 285.7997201946799 0.0 0.0 0.0 0.0 0.0 0.0 0.0
372 1682.9857177734375 1350.4649658203125 270.2177459840615 0.0 0.0 0.0 0.0 0.0 0.0 0.0
388 1641.115966796875 1383.3626708984375 260.852946272076 0.0 0.0 0.0 0.0 0.0 0.0 0.0
405 1617.1903076171875 1410.2789306640625 253.64535048747587 0.0 0.0 0.0 0.0 0.0 0.0 0.0
422 1602.23681640625 1431.2138671875 248.3387181635992 0.0 0.0 0.0 0.0 0.0 0.0 0.0
438 1596.2554931640625 1449.1580810546875 242.77162600077742 0.0 0.0 0.0 0.0 0.0 0.0 0.0
456 1596.2554931640625 1461.120849609375 238.18044989206518 0.0 0.0 0.0 0.0 0.0 0.0 0.0
472 1599.24609375 1479.0650634765625 230.95933551062393 0.0 0.0 0.0 0.0 0.0 0.0 0.0
488 1605.2275390625 1491.02783203125 224.94844805049044 0.0 0.0 0.0 0.0 0.0 0.0 0.0
507 1623.1717529296875 1505.9814453125 213.49496173551427 0.0 0.0 0.0 0.0 0.0 0.0 0.0
521 1647.097412109375 1514.9534912109375 200.64698398266063 0.0 0.0 0.0 0.0 0.0 0.0 0.0
538 1709.902099609375 1523.925537109375 170.59006866830634 0.0 0.0 0.0 0.0 0.0 0.0 0.0
558 1745.79052734375 1526.916259765625 156.0146592910304 0.0 0.0 0.0 0.0 0.0 0.0 0.0
571 1769.716064453125 1526.916259765625 146.97194259276134 0.0 0.0 0.0 0.0 0.0 0.0 0.0
588 1787.6602783203125 1523.925537109375 139.861809384243 0.0 0.0 0.0 0.0 0.0 0.0 0.0
604 1790.6510009765625 1520.9349365234375 137.74004026696298 0.0 0.0 0.0 0.0 0.0 0.0 0.0
622 1799.623046875 1511.9627685546875 131.4740453819355 0.0 0.0 0.0 0.0 0.0 0.0 0.0
638 1826.5394287109375 1491.02783203125 117.0304332962449 0.0 0.0 0.0 0.0 0.0 0.0 0.0
656 1880.3720703125 1458.130126953125 99.7024883206272 0.0 0.0 0.0 0.0 0.0 0.0 0.0
675 1910.279052734375 1446.1673583984375 94.7225383663594 0.0 0.0 0.0 0.0 0.0 0.0 0.0
687 1928.2232666015625 1434.20458984375 90.10413376047956 0.0 0.0 0.0 0.0 0.0 0.0 0.0
705 1943.1767578125 1425.232421875 87.17521049011793 0.0 0.0 0.0 0.0 0.0 0.0 0.0
722 1952.1488037109375 1416.2603759765625 83.94951768341241 0.0 0.0 0.0 0.0 0.0 0.0 0.0
737 1955.1395263671875 1407.2882080078125 80.13743594819482 0.0 0.0 0.0 0.0 0.0 0.0 0.0
755 1970.093017578125 1389.3441162109375 74.89378754953896 0.0 0.0 0.0 0.0 0.0 0.0 0.0
771 1979.065185546875 1374.3905029296875 70.39453976137963 0.0 0.0 0.0 0.0 0.0 0.0 0.0
788 1997.0093994140625 1353.4556884765625 66.32002864951755 0.0 0.0 0.0 0.0 0.0 0.0 0.0
805 2011.962890625 1332.520751953125 62.29409550789802 0.0 0.0 0.0 0.0 0.0 0.0 0.0
820 2020.9349365234375 1311.5858154296875 57.350709280155 0.0 0.0 0.0 0.0 0.0 0.0 0.0
841 2038.879150390625 1281.6788330078125 53.22201806733182 0.0 0.0 0.0 0.0 0.0 0.0 0.0
855 2053.8326416015625 1260.743896484375 51.56554838780448 0.0 0.0 0.0 0.0 0.0 0.0 0.0
872 2056.8233642578125 1242.7996826171875 47.11878250682042 0.0 0.0 0.0 0.0 0.0 0.0 0.0
891 2059.8140869140625 1236.818359375 46.46348480810241 0.0 0.0 0.0 0.0 0.0 0.0 0.0
905 2062.8048095703125 1233.82763671875 46.72232716029896 0.0 0.0 0.0 0.0 0.0 0.0 0.0
922 2065.7955322265625 1230.8369140625 46.971941307150985 0.0 0.0 0.0 0.0 0.0 0.0 0.0
938 2068.7862548828125 1227.84619140625 47.21266630584563 0.0 0.0 0.0 0.0 0.0 0.0 0.0
971 2071.7769775390625 1230.8369140625 49.33984660425955 0.0 0.0 0.0 0.0 0.0 0.0 0.0
988 2086.7303466796875 1254.7625732421875 63.69798865854705 0.0 0.0 0.0 0.0 0.0 0.0 0.0
1006 2107.6651611328125 1290.65087890625 84.29308578014275 0.0 0.0 0.0 0.0 0.0 0.0 0.0
1021 2116.6373291015625 1326.539306640625 102.36211425260603 0.0 0.0 0.0 0.0 0.0 0.0 0.0
1038 2128.6002197265625 1365.41845703125 118.90526794973815 0.0 0.0 0.0 0.0 0.0 0.0 0.0
1057 2134.5816650390625 1413.2696533203125 136.41727879814675 0.0 0.0 0.0 0.0 0.0 0.0 0.0
1072 2134.5816650390625 1428.22314453125 141.92025030854128 0.0 0.0 0.0 0.0 0.0 0.0 0.0
1088 2134.5816650390625 1437.1953125 145.04474031039078 0.0 0.0 0.0 0.0 0.0 0.0 0.0
1125 2131.5909423828125 1440.1859130859375 147.17408299989847 0.0 0.0 0.0 0.0 0.0 0.0 0.0
1138 2116.6373291015625 1440.1859130859375 153.3358697491876 0.0 0.0 0.0 0.0 0.0 0.0 0.0
1156 2053.8326416015625 1440.1859130859375 186.87326135550126 0.0 0.0 0.0 0.0 0.0 0.0 0.0
1174 2032.897705078125 1440.1859130859375 197.3680627045624 0.0 0.0 0.0 0.0 0.0 0.0 0.0
1188 2002.99072265625 1440.1859130859375 211.41896748897975 0.0 0.0 0.0 0.0 0.0 0.0 0.0
1205 1970.093017578125 1440.1859130859375 224.92527917012282 0.0 0.0 0.0 0.0 0.0 0.0 0.0
1224 1943.1767578125 1419.2510986328125 241.76084870102324 0.0 0.0 0.0 0.0 0.0 0.0 0.0
1237 1913.269775390625 1383.3626708984375 263.6783610820571 0.0 0.0 0.0 0.0 0.0 0.0 0.0
1255 1856.4464111328125 1302.61376953125 295.8157578023597 0.0 0.0 0.0 0.0 0.0 0.0 0.0
1271 1826.5394287109375 1251.7718505859375 310.02032142333724 0.0 0.0 0.0 0.0 0.0 0.0 0.0
1289 1808.59521484375 1203.920654296875 321.60940109422796 0.0 0.0 0.0 0.0 0.0 0.0 0.0
1305 1799.623046875 1165.04150390625 330.27923108848415 0.0 0.0 0.0 0.0 0.0 0.0 0.0
1322 1793.6417236328125 1129.153076171875 337.18318048579863 0.0 0.0 0.0 0.0 0.0 0.0 0.0
1339 1787.6602783203125 1108.2182006835938 339.6685728523928 0.0 0.0 0.0 0.0 0.0 0.0 0.0
1354 1787.6602783203125 1102.2367553710938 341.06737568913064 0.0 0.0 0.0 0.0 0.0 0.0 0.0
1371 1793.6417236328125 1087.2832641601562 346.6974299137409 0.0 0.0 0.0 0.0 0.0 0.0 0.0
1389 1811.5859375 1069.3390502929688 357.4047289415838 0.0 0.0 0.0 0.0 0.0 0.0 0.0
1403 1817.5672607421875 1060.366943359375 1.0017132902797812 0.0 0.0 0.0 0.0 0.0 0.0 0.0
1420 1826.5394287109375 1057.3762817382812 5.605787798574283 0.0 0.0 0.0 0.0 0.0 0.0 0.0
1501 1823.5487060546875 1063.357666015625 3.848004910795453 0.0 0.0 0.0 0.0 0.0 0.0 0.0
1509 1814.57666015625 1075.3204956054688 358.3010000920997 0.0 0.0 0.0 0.0 0.0 0.0 0.0
1521 1802.61376953125 1096.25537109375 349.0269823001128 0.0 0.0 0.0 0.0 0.0 0.0 0.0
1539 1766.725341796875 1138.125244140625 319.99371674264694 0.0 0.0 0.0 0.0 0.0 0.0 0.0
1553 1718.8741455078125 1185.9764404296875 290.20862748146385 0.0 0.0 0.0 0.0 0.0 0.0 0.0
1573 1665.04150390625 1248.7811279296875 265.0392778366179 0.0 0.0 0.0 0.0 0.0 0.0 0.0
1591 1644.106689453125 1272.7066650390625 257.5685862789825 0.0 0.0 0.0 0.0 0.0 0.0 0.0
1605 1635.134521484375 1290.65087890625 251.5670447304042 0.0 0.0 0.0 0.0 0.0 0.0 0.0
1621 1632.143798828125 1299.623046875 248.41838413280547 0.0 0.0 0.0 0.0 0.0 0.0 0.0
1639 1629.1531982421875 1311.5858154296875 244.28960656355792 0.0 0.0 0.0 0.0 0.0 0.0 0.0
1655 1629.1531982421875 1332.520751953125 236.4499025982879 0.0 0.0 0.0 0.0 0.0 0.0 0.0
1672 1629.1531982421875 1350.4649658203125 230.41648098526036 0.0 0.0 0.0 0.0 0.0 0.0 0.0
1688 1635.134521484375 1365.41845703125 223.6109719021704 0.0 0.0 0.0 0.0 0.0 0.0 0.0
1705 1650.0880126953125 1383.3626708984375 212.95667746413068 0.0 0.0 0.0 0.0 0.0 0.0 0.0
1722 1674.013671875 1389.3441162109375 200.43072514506616 0.0 0.0 0.0 0.0 0.0 0.0 0.0
1737 1730.8370361328125 1380.3719482421875 170.4505318363016 0.0 0.0 0.0 0.0 0.0 0.0 0.0
1757 1832.520751953125 1338.502197265625 124.38819516995153 0.0 0.0 0.0 0.0 0.0 0.0 0.0
1772 1886.3533935546875 1305.6044921875 104.67387685956436 0.0 0.0 0.0 0.0 0.0 0.0 0.0
1788 1949.1580810546875 1266.725341796875 89.9491249562081 0.0 0.0 0.0 0.0 0.0 0.0 0.0
1807 2026.9163818359375 1218.8741455078125 79.77909330124669 0.0 0.0 0.0 0.0 0.0 0.0 0.0
1819 2122.6187744140625 1156.0693359375 72.57184226171489 0.0 0.0 0.0 0.0 0.0 0.0 0.0
1839 2203.3677978515625 1102.2367553710938 69.08570980861117 0.0 0.0 0.0 0.0 0.0 0.0 0.0
1857 2299.0701904296875 1051.3948974609375 69.88052608451625 0.0 0.0 0.0 0.0 0.0 0.0 0.0
1870 2325.9864501953125 1039.4320678710938 70.87849884415937 0.0 0.0 0.0 0.0 0.0 0.0 0.0
1887 2379.8189697265625 997.562255859375 67.10803609684405 0.0 0.0 0.0 0.0 0.0 0.0 0.0
1909 2397.7633056640625 976.6273193359375 63.65696798108212 0.0 0.0 0.0 0.0 0.0 0.0 0.0
1922 2400.7540283203125 958.6831665039062 57.79449179665926 0.0 0.0 0.0 0.0 0.0 0.0 0.0
1939 2400.7540283203125 931.766845703125 48.98266834790712 0.0 0.0 0.0 0.0 0.0 0.0 0.0
1956 2394.7725830078125 913.8226318359375 41.52144432741926 0.0 0.0 0.0 0.0 0.0 0.0 0.0
1973 2379.8189697265625 892.8876953125 30.52786770296808 0.0 0.0 0.0 0.0 0.0 0.0 0.0
1989 2361.8748779296875 877.9342041015625 20.108411891288426 0.0 0.0 0.0 0.0 0.0 0.0 0.0
2005 2328.9771728515625 862.980712890625 3.982189196992124 0.0 0.0 0.0 0.0 0.0 0.0 0.0
2025 2287.1072998046875 848.0272216796875 346.92054099651966 0.0 0.0 0.0 0.0 0.0 0.0 0.0
2039 2206.3585205078125 833.07373046875 323.12234470339115 0.0 0.0 0.0 0.0 0.0 0.0 0.0
2057 2161.4979248046875 830.0830078125 311.9176431575913 0.0 0.0 0.0 0.0 0.0 0.0 0.0
2072 2128.6002197265625 830.0830078125 304.63969178440306 0.0 0.0 0.0 0.0 0.0 0.0 0.0
2090 2110.6558837890625 833.07373046875 299.9484799671161 0.0 0.0 0.0 0.0 0.0 0.0 0.0
2106 2098.6932373046875 839.0551147460938 295.3266586367361 0.0 0.0 0.0 0.0 0.0 0.0 0.0
2122 2089.7210693359375 854.0086059570312 287.17371181606313 0.0 0.0 0.0 0.0 0.0 0.0 0.0
2141 2068.7862548828125 901.8598022460938 265.5636876526796 0.0 0.0 0.0 0.0 0.0 0.0 0.0
2156 2053.8326416015625 946.7203369140625 249.32936679768574 0.0 0.0 0.0 0.0 0.0 0.0 0.0
2172 2041.869873046875 994.571533203125 235.67399029940876 0.0 0.0 0.0 0.0 0.0 0.0 0.0
2191 2035.888427734375 1039.4320678710938 224.73607864812894 0.0 0.0 0.0 0.0 0.0 0.0 0.0
2206 2035.888427734375 1075.3204956054688 216.31517089901234 0.0 0.0 0.0 0.0 0.0 0.0 0.0
2222 2038.879150390625 1111.2088623046875 208.68741133211128 0.0 0.0 0.0 0.0 0.0 0.0 0.0
2240 2047.851318359375 1141.1158447265625 201.02384002816083 0.0 0.0 0.0 0.0 0.0 0.0 0.0
2255 2053.8326416015625 1153.0787353515625 197.15022852821681 0.0 0.0 0.0 0.0 0.0 0.0 0.0
2270 2062.8048095703125 1165.04150390625 192.25387762210067 0.0 0.0 0.0 0.0 0.0 0.0 0.0
2288 2074.7674560546875 1168.0322265625 186.27945936116498 0.0 0.0 0.0 0.0 0.0 0.0 0.0
2306 2086.7303466796875 1174.0135498046875 180.7151708296363 0.0 0.0 0.0 0.0 0.0 0.0 0.0
2320 2113.6466064453125 1171.02294921875 167.40134091125947 0.0 0.0 0.0 0.0 0.0 0.0 0.0
2337 2161.4979248046875 1150.0880126953125 142.31769743971262 0.0 0.0 0.0 0.0 0.0 0.0 0.0
2355 2218.3211669921875 1120.1809692382812 117.91288255439059 0.0 0.0 0.0 0.0 0.0 0.0 0.0
2370 2314.0235595703125 1069.3390502929688 94.90545326238282 0.0 0.0 0.0 0.0 0.0 0.0 0.0
2387 2376.8282470703125 1030.4599609375 83.9428129300934 0.0 0.0 0.0 0.0 0.0 0.0 0.0
2405 2433.6517333984375 991.5808715820312 76.55839717091106 0.0 0.0 0.0 0.0 0.0 0.0 0.0
2422 2469.5401611328125 952.7017211914062 68.63071464592986 0.0 0.0 0.0 0.0 0.0 0.0 0.0
2439 2493.4656982421875 922.7947387695312 63.31263212741578 0.0 0.0 0.0 0.0 0.0 0.0 0.0
2460 2499.4471435546875 907.8412475585938 59.38573228923241 0.0 0.0 0.0 0.0 0.0 0.0 0.0
2472 2499.4471435546875 895.87841796875 55.01835350542444 0.0 0.0 0.0 0.0 0.0 0.0 0.0
2489 2499.4471435546875 886.9063110351562 51.91826895437083 0.0 0.0 0.0 0.0 0.0 0.0 0.0
2507 2499.4471435546875 883.9156494140625 50.90498088502818 0.0 0.0 0.0 0.0 0.0 0.0 0.0
2546 2493.4656982421875 883.9156494140625 48.59025902146476 0.0 0.0 0.0 0.0 0.0 0.0 0.0
2556 2478.5120849609375 883.9156494140625 42.29707153241168 0.0 0.0 0.0 0.0 0.0 0.0 0.0
2572 2433.6517333984375 892.8876953125 20.574588997971034 0.0 0.0 0.0 0.0 0.0 0.0 0.0
2589 2361.8748779296875 916.8133544921875 339.6857567658541 0.0 0.0 0.0 0.0 0.0 0.0 0.0
2606 2272.1539306640625 940.7389526367188 306.2101415097861 0.0 0.0 0.0 0.0 0.0 0.0 0.0
2622 2191.4049072265625 967.6552734375 286.71401962162395 0.0 0.0 0.0 0.0 0.0 0.0 0.0
2641 2098.6932373046875 1006.5343627929688 272.2915535861453 0.0 0.0 0.0 0.0 0.0 0.0 0.0
2656 2062.8048095703125 1030.4599609375 264.87683771572256 0.0 0.0 0.0 0.0 0.0 0.0 0.0
2673 2038.879150390625 1051.3948974609375 258.99427574714366 0.0 0.0 0.0 0.0 0.0 0.0 0.0
2689 2023.9256591796875 1078.3111572265625 250.5516891217966 0.0 0.0 0.0 0.0 0.0 0.0 0.0
2704 2014.95361328125 1108.2182006835938 241.28114470297658 0.0 0.0 0.0 0.0 0.0 0.0 0.0
2720 2002.99072265625 1141.1158447265625 233.77265438576188 0.0 0.0 0.0 0.0 0.0 0.0 0.0
2737 1994.0186767578125 1185.9764404296875 224.2535063031159 0.0 0.0 0.0 0.0 0.0 0.0 0.0
2756 1988.0372314453125 1257.753173828125 212.38635285212843 0.0 0.0 0.0 0.0 0.0 0.0 0.0
2772 1988.0372314453125 1299.623046875 206.06841685898178 0.0 0.0 0.0 0.0 0.0 0.0 0.0
2788 1988.0372314453125 1323.548583984375 203.07114240593157 0.0 0.0 0.0 0.0 0.0 0.0 0.0
2806 1988.0372314453125 1344.4835205078125 200.8478111247117 0.0 0.0 0.0 0.0 0.0 0.0 0.0
2821 1988.0372314453125 1359.43701171875 199.441390777631 0.0 0.0 0.0 0.0 0.0 0.0 0.0
2840 1985.0465087890625 1380.3719482421875 199.03067742051738 0.0 0.0 0.0 0.0 0.0 0.0 0.0
2855 1976.074462890625 1386.3533935546875 202.69346411740838 0.0 0.0 0.0 0.0 0.0 0.0 0.0
2873 1958.1302490234375 1392.334716796875 210.04332129125498 0.0 0.0 0.0 0.0 0.0 0.0 0.0
2887 1937.1953125 1389.3441162109375 219.90250421975378 0.0 0.0 0.0 0.0 0.0 0.0 0.0
2904 1904.297607421875 1374.3905029296875 236.83428878271053 0.0 0.0 0.0 0.0 0.0 0.0 0.0
2921 1856.4464111328125 1347.4742431640625 258.43186588016323 0.0 0.0 0.0 0.0 0.0 0.0 0.0
2937 1805.6044921875 1320.5579833984375 274.1785444336348 0.0 0.0 0.0 0.0 0.0 0.0 0.0
2954 1763.7347412109375 1302.61376953125 282.0137031677416 0.0 0.0 0.0 0.0 0.0 0.0 0.0
2970 1736.818359375 1284.6695556640625 288.6054744763227 0.0 0.0 0.0 0.0 0.0 0.0 0.0
2989 1700.929931640625 1230.8369140625 305.09838492178324 0.0 0.0 0.0 0.0 0.0 0.0 0.0
3005 1671.02294921875 1177.0042724609375 317.09279930902176 0.0 0.0 0.0 0.0 0.0 0.0 0.0
3021 1656.0694580078125 1135.1344604492188 325.9280982888007 0.0 0.0 0.0 0.0 0.0 0.0 0.0
3039 1650.0880126953125 1099.24609375 333.82466791361566 0.0 0.0 0.0 0.0 0.0 0.0 0.0
3055 1647.097412109375 1078.3111572265625 337.9318227759965 0.0 0.0 0.0 0.0 0.0 0.0 0.0
3070 1647.097412109375 1048.4041748046875 344.19744936511086 0.0 0.0 0.0 0.0 0.0 0.0 0.0
3089 1662.0509033203125 1030.4599609375 353.85015258554256 0.0 0.0 0.0 0.0 0.0 0.0 0.0
3104 1679.9951171875 1009.5250854492188 3.8142355654216544 0.0 0.0 0.0 0.0 0.0 0.0 0.0
3120 1697.9393310546875 997.562255859375 12.478084237506607 0.0 0.0 0.0 0.0 0.0 0.0 0.0
3139 1706.911376953125 991.5808715820312 16.551049528062208 0.0 0.0 0.0 0.0 0.0 0.0 0.0
3154 1721.8648681640625 988.5901489257812 23.474275974249053 0.0 0.0 0.0 0.0 0.0 0.0 0.0
3172 1760.7440185546875 982.6087646484375 39.05742246382516 0.0 0.0 0.0 0.0 0.0 0.0 0.0
3190 1808.59521484375 991.5808715820312 58.46483934631061 0.0 0.0 0.0 0.0 0.0 0.0 0.0
3205 1865.41845703125 1012.5157470703125 78.62631015720473 0.0 0.0 0.0 0.0 0.0 0.0 0.0
3221 1919.2510986328125 1033.45068359375 92.27883808053207 0.0 0.0 0.0 0.0 0.0 0.0 0.0
3237 1949.1580810546875 1057.3762817382812 103.19018288695963 0.0 0.0 0.0 0.0 0.0 0.0 0.0
3255 1964.1116943359375 1087.2832641601562 115.5351809575331 0.0 0.0 0.0 0.0 0.0 0.0 0.0
3269 1985.0465087890625 1135.1344604492188 130.6094912900805 0.0 0.0 0.0 0.0 0.0 0.0 0.0
3286 1991.0279541015625 1171.02294921875 141.82596892210566 0.0 0.0 0.0 0.0 0.0 0.0 0.0
3304 1991.0279541015625 1185.9764404296875 146.86167624079886 0.0 0.0 0.0 0.0 0.0 0.0 0.0
3320 1991.0279541015625 1236.818359375 159.4774617340109 0.0 0.0 0.0 0.0 0.0 0.0 0.0
3337 1976.074462890625 1284.6695556640625 173.28996273827454 0.0 0.0 0.0 0.0 0.0 0.0 0.0
3356 1928.2232666015625 1347.4742431640625 194.54802637436836 0.0 0.0 0.0 0.0 0.0 0.0 0.0
3370 1886.3533935546875 1383.3626708984375 208.4411465302295 0.0 0.0 0.0 0.0 0.0 0.0 0.0
3387 1838.502197265625 1410.2789306640625 221.48669442342242 0.0 0.0 0.0 0.0 0.0 0.0 0.0
3407 1787.6602783203125 1422.2418212890625 234.97125204961324 0.0 0.0 0.0 0.0 0.0 0.0 0.0
3421 1748.7811279296875 1428.22314453125 243.75973596680348 0.0 0.0 0.0 0.0 0.0 0.0 0.0
3438 1712.892822265625 1428.22314453125 251.9353905392887 0.0 0.0 0.0 0.0 0.0 0.0 0.0
3455 1665.04150390625 1422.2418212890625 261.8598520338395 0.0 0.0 0.0 0.0 0.0 0.0 0.0
3472 1638.125244140625 1413.2696533203125 268.68954918319537 0.0 0.0 0.0 0.0 0.0 0.0 0.0
3488 1617.1903076171875 1401.306884765625 275.3435798541766 0.0 0.0 0.0 0.0 0.0 0.0 0.0
3505 1602.23681640625 1389.3441162109375 281.06801286580105 0.0 0.0 0.0 0.0 0.0 0.0 0.0
3523 1584.2926025390625 1383.3626708984375 283.34167743037983 0.0 0.0 0.0 0.0 0.0 0.0 0.0
3537 1578.311279296875 1380.3719482421875 284.5350826242198 0.0 0.0 0.0 0.0 0.0 0.0 0.0
3555 1557.3763427734375 1374.3905029296875 286.1551030741066 0.0 0.0 0.0 0.0 0.0 0.0 0.0
3574 1533.45068359375 1365.41845703125 288.54840422919517 0.0 0.0 0.0 0.0 0.0 0.0 0.0
3588 1503.543701171875 1347.4742431640625 293.4602775816792 0.0 0.0 0.0 0.0 0.0 0.0 0.0
3605 1455.6925048828125 1332.520751953125 294.25222179900476 0.0 0.0 0.0 0.0 0.0 0.0 0.0
3623 1395.8785400390625 1317.5672607421875 293.7166398246691 0.0 0.0 0.0 0.0 0.0 0.0 0.0
3638 1342.0458984375 1302.61376953125 293.88170704959185 0.0 0.0 0.0 0.0 0.0 0.0 0.0
3656 1261.2969970703125 1287.6602783203125 291.91136667059106 0.0 0.0 0.0 0.0 0.0 0.0 0.0
3671 1237.371337890625 1287.6602783203125 289.6231568513549 0.0 0.0 0.0 0.0 0.0 0.0 0.0
3690 1231.389892578125 1284.6695556640625 290.48321064906503 0.0 0.0 0.0 0.0 0.0 0.0 0.0
3730 1231.389892578125 1281.6788330078125 291.95132208924235 0.0 0.0 0.0 0.0 0.0 0.0 0.0
3739 1219.4271240234375 1272.7066650390625 294.6446959226339 0.0 0.0 0.0 0.0 0.0 0.0 0.0
3755 1198.4921875 1263.734619140625 295.85307274322247 0.0 0.0 0.0 0.0 0.0 0.0 0.0
3772 1180.548095703125 1257.753173828125 296.03507843000284 0.0 0.0 0.0 0.0 0.0 0.0 0.0
3788 1171.575927734375 1257.753173828125 294.7812136970151 0.0 0.0 0.0 0.0 0.0 0.0 0.0
3846 1171.575927734375 1260.743896484375 293.3218193140051 0.0 0.0 0.0 0.0 0.0 0.0 0.0
3855 1171.575927734375 1272.7066650390625 287.34715858897755 0.0 0.0 0.0 0.0 0.0 0.0 0.0
3870 1177.557373046875 1308.5950927734375 268.6718783709857 0.0 0.0 0.0 0.0 0.0 0.0 0.0
3888 1195.5015869140625 1344.4835205078125 248.04686003892513 0.0 0.0 0.0 0.0 0.0 0.0 0.0
3905 1219.4271240234375 1371.39990234375 229.7244785903422 0.0 0.0 0.0 0.0 0.0 0.0 0.0
3922 1243.352783203125 1395.325439453125 213.49500738499162 0.0 0.0 0.0 0.0 0.0 0.0 0.0
3939 1318.1202392578125 1422.2418212890625 176.92038695793852 0.0 0.0 0.0 0.0 0.0 0.0 0.0
3956 1386.9063720703125 1437.1953125 152.60699559724682 0.0 0.0 0.0 0.0 0.0 0.0 0.0
3971 1458.6832275390625 1449.1580810546875 135.4991769151942 0.0 0.0 0.0 0.0 0.0 0.0 0.0
3989 1518.4971923828125 1464.111572265625 127.53081419345273 0.0 0.0 0.0 0.0 0.0 0.0 0.0
4006 1557.3763427734375 1470.093017578125 122.40234691910345 0.0 0.0 0.0 0.0 0.0 0.0 0.0
4022 1575.320556640625 1470.093017578125 119.22678929358159 0.0 0.0 0.0 0.0 0.0 0.0 0.0
4039 1632.143798828125 1449.1580810546875 105.3044522405136 0.0 0.0 0.0 0.0 0.0 0.0 0.0
4056 1688.9671630859375 1407.2882080078125 89.06437349860289 0.0 0.0 0.0 0.0 0.0 0.0 0.0
4071 1748.7811279296875 1359.43701171875 77.43356794656734 0.0 0.0 0.0 0.0 0.0 0.0 0.0
4089 1814.57666015625 1320.5579833984375 73.68781970143061 0.0 0.0 0.0 0.0 0.0 0.0 0.0
4105 1886.3533935546875 1269.716064453125 69.1926712907399 0.0 0.0 0.0 0.0 0.0 0.0 0.0
4121 1961.1209716796875 1215.8834228515625 66.39292057443447 0.0 0.0 0.0 0.0 0.0 0.0 0.0
4139 2059.8140869140625 1129.153076171875 61.56153632979101 0.0 0.0 0.0 0.0 0.0 0.0 0.0
4157 2095.7025146484375 1075.3204956054688 54.62614072252899 0.0 0.0 0.0 0.0 0.0 0.0 0.0
4170 2116.6373291015625 1045.4134521484375 51.97194612234773 0.0 0.0 0.0 0.0 0.0 0.0 0.0
4189 2125.6094970703125 1027.46923828125 49.48488083538359 0.0 0.0 0.0 0.0 0.0 0.0 0.0
4207 2131.5909423828125 1000.552978515625 44.076549796546146 0.0 0.0 0.0 0.0 0.0 0.0 0.0
4223 2134.5816650390625 985.5994262695312 41.28435887798895 0.0 0.0 0.0 0.0 0.0 0.0 0.0
4242 2134.5816650390625 970.6459350585938 37.63302765745652 0.0 0.0 0.0 0.0 0.0 0.0 0.0
4256 2134.5816650390625 952.7017211914062 33.791849388547234 0.0 0.0 0.0 0.0 0.0 0.0 0.0
4273 2134.5816650390625 937.7482299804688 30.936225842141766 0.0 0.0 0.0 0.0 0.0 0.0 0.0
4289 2125.6094970703125 925.7854614257812 24.89694003454167 0.0 0.0 0.0 0.0 0.0 0.0 0.0
4307 2104.6746826171875 913.8226318359375 13.777294314130927 0.0 0.0 0.0 0.0 0.0 0.0 0.0
4324 2062.8048095703125 910.8319091796875 353.3830465176637 0.0 0.0 0.0 0.0 0.0 0.0 0.0
4340 2002.99072265625 919.8040161132812 326.9394866189374 0.0 0.0 0.0 0.0 0.0 0.0 0.0
4359 1925.2325439453125 943.7296142578125 300.3232475468785 0.0 0.0 0.0 0.0 0.0 0.0 0.0
4372 1823.5487060546875 985.5994262695312 278.69656010060555 0.0 0.0 0.0 0.0 0.0 0.0 0.0
4388 1706.911376953125 1063.357666015625 260.03487700297217 0.0 0.0 0.0 0.0 0.0 0.0 0.0
4408 1617.1903076171875 1144.1065673828125 248.01278140409005 0.0 0.0 0.0 0.0 0.0 0.0 0.0
4422 1602.23681640625 1162.05078125 244.7204867734436 0.0 0.0 0.0 0.0 0.0 0.0 0.0
4437 1587.2833251953125 1182.9857177734375 240.97929370627088 0.0 0.0 0.0 0.0 0.0 0.0 0.0
4454 1584.2926025390625 1209.9019775390625 232.61971737371886 0.0 0.0 0.0 0.0 0.0 0.0 0.0
4473 1584.2926025390625 1221.8648681640625 228.73568006978735 0.0 0.0 0.0 0.0 0.0 0.0 0.0
4489 1587.2833251953125 1236.818359375 223.2114415762028 0.0 0.0 0.0 0.0 0.0 0.0 0.0
4504 1599.24609375 1251.7718505859375 214.46638212388865 0.0 0.0 0.0 0.0 0.0 0.0 0.0
4524 1626.1624755859375 1275.6973876953125 198.79300363777594 0.0 0.0 0.0 0.0 0.0 0.0 0.0
4538 1641.115966796875 1284.6695556640625 191.04918382663993 0.0 0.0 0.0 0.0 0.0 0.0 0.0
4555 1694.9486083984375 1305.6044921875 168.60942904281842 0.0 0.0 0.0 0.0 0.0 0.0 0.0
4573 1742.7998046875 1314.5765380859375 151.78995581428273 0.0 0.0 0.0 0.0 0.0 0.0 0.0
4587 1790.6510009765625 1317.5672607421875 137.64865749408742 0.0 0.0 0.0 0.0 0.0 0.0 0.0
4605 1856.4464111328125 1311.5858154296875 121.69965632527135 0.0 0.0 0.0 0.0 0.0 0.0 0.0
4622 1949.1580810546875 1284.6695556640625 103.75938324991887 0.0 0.0 0.0 0.0 0.0 0.0 0.0
4638 2032.897705078125 1254.7625732421875 92.93022842378008 0.0 0.0 0.0 0.0 0.0 0.0 0.0
4655 2122.6187744140625 1227.84619140625 87.98993667184766 0.0 0.0 0.0 0.0 0.0 0.0 0.0
4672 2164.4886474609375 1221.8648681640625 88.68795996794506 0.0 0.0 0.0 0.0 0.0 0.0 0.0
4691 2200.3770751953125 1221.8648681640625 91.08482544245226 0.0 0.0 0.0 0.0 0.0 0.0 0.0
4705 2230.2840576171875 1221.8648681640625 92.66808121219816 0.0 0.0 0.0 0.0 0.0 0.0 0.0
4721 2260.1910400390625 1233.82763671875 98.70792347442341 0.0 0.0 0.0 0.0 0.0 0.0 0.0
4741 2314.0235595703125 1245.7904052734375 102.78943862021345 0.0 0.0 0.0 0.0 0.0 0.0 0.0
4755 2370.8470458984375 1245.7904052734375 101.42411933025244 0.0 0.0 0.0 0.0 0.0 0.0 0.0
4771 2433.6517333984375 1233.82763671875 96.56572376646602 0.0 0.0 0.0 0.0 0.0 0.0 0.0
4788 2496.4564208984375 1215.8834228515625 91.53024036197553 0.0 0.0 0.0 0.0 0.0 0.0 0.0
4806 2544.3074951171875 1188.9671630859375 84.34258763057625 0.0 0.0 0.0 0.0 0.0 0.0 0.0
4820 2571.2239990234375 1168.0322265625 78.97606343626194 0.0 0.0 0.0 0.0 0.0 0.0 0.0
4838 2589.1680908203125 1147.0972900390625 73.30837466877199 0.0 0.0 0.0 0.0 0.0 0.0 0.0
4856 2598.1402587890625 1132.143798828125 68.99561286511391 0.0 0.0 0.0 0.0 0.0 0.0 0.0
4870 2601.1309814453125 1117.1903076171875 63.67759768127945 0.0 0.0 0.0 0.0 0.0 0.0 0.0
4887 2607.1124267578125 1102.2367553710938 59.710287447170174 0.0 0.0 0.0 0.0 0.0 0.0 0.0
4904 2619.0750732421875 1084.2926025390625 56.97027582525419 0.0 0.0 0.0 0.0 0.0 0.0 0.0
4920 2631.0379638671875 1072.3297729492188 56.545764295647416 0.0 0.0 0.0 0.0 0.0 0.0 0.0
4937 2640.0101318359375 1063.357666015625 56.25935271312164 0.0 0.0 0.0 0.0 0.0 0.0 0.0
4954 2660.9449462890625 1054.3855590820312 59.43779007228454 0.0 0.0 0.0 0.0 0.0 0.0 0.0
4970 2675.8983154296875 1051.3948974609375 62.6561988081466 0.0 0.0 0.0 0.0 0.0 0.0 0.0
4986 2690.8519287109375 1057.3762817382812 69.02285941157572 0.0 0.0 0.0 0.0 0.0 0.0 0.0
5003 2708.7960205078125 1087.2832641601562 85.97270757242802 0.0 0.0 0.0 0.0 0.0 0.0 0.0
5020 2714.7774658203125 1135.1344604492188 109.75299095000298 0.0 0.0 0.0 0.0 0.0 0.0 0.0
5036 2702.8148193359375 1218.8741455078125 145.365826695721 0.0 0.0 0.0 0.0 0.0 0.0 0.0
5055 2637.0194091796875 1368.4091796875 185.69368905948608 0.0 0.0 0.0 0.0 0.0 0.0 0.0
5072 2580.1959228515625 1446.1673583984375 203.59257438775654 0.0 0.0 0.0 0.0 0.0 0.0 0.0
5088 2526.3634033203125 1494.0185546875 216.47243043837375 0.0 0.0 0.0 0.0 0.0 0.0 0.0
5105 2469.5401611328125 1520.9349365234375 229.4347258923744 0.0 0.0 0.0 0.0 0.0 0.0 0.0
5122 2415.7073974609375 1520.9349365234375 244.76793025123743 0.0 0.0 0.0 0.0 0.0 0.0 0.0
5138 2358.8841552734375 1508.9720458984375 259.8896456230772 0.0 0.0 0.0 0.0 0.0 0.0 0.0
5156 2260.1910400390625 1458.130126953125 282.63714983814316 0.0 0.0 0.0 0.0 0.0 0.0 0.0
5172 2212.3397216796875 1419.2510986328125 294.84743379387555 0.0 0.0 0.0 0.0 0.0 0.0 0.0
5188 2182.4327392578125 1383.3626708984375 304.5884395172144 0.0 0.0 0.0 0.0 0.0 0.0 0.0
5205 2167.4793701171875 1356.4462890625 311.84747976378276 0.0 0.0 0.0 0.0 0.0 0.0 0.0
5221 2152.5257568359375 1335.511474609375 315.73453653008573 0.0 0.0 0.0 0.0 0.0 0.0 0.0
5238 2146.5443115234375 1302.61376953125 325.04373591873093 0.0 0.0 0.0 0.0 0.0 0.0 0.0
5255 2143.5535888671875 1269.716064453125 333.4219162591949 0.0 0.0 0.0 0.0 0.0 0.0 0.0
5270 2143.5535888671875 1230.8369140625 342.20169570460746 0.0 0.0 0.0 0.0 0.0 0.0 0.0
5290 2158.5072021484375 1182.9857177734375 355.2560751339979 0.0 0.0 0.0 0.0 0.0 0.0 0.0
5305 2185.4234619140625 1144.1065673828125 8.890160826757494 0.0 0.0 0.0 0.0 0.0 0.0 0.0
5320 2209.3489990234375 1108.2182006835938 17.931023284443313 0.0 0.0 0.0 0.0 0.0 0.0 0.0
5338 2242.2467041015625 1075.3204956054688 28.11409262577422 0.0 0.0 0.0 0.0 0.0 0.0 0.0
5354 2272.1539306640625 1063.357666015625 38.299764980671796 0.0 0.0 0.0 0.0 0.0 0.0 0.0
5370 2305.0516357421875 1057.3762817382812 49.05099557890685 0.0 0.0 0.0 0.0 0.0 0.0 0.0
5387 2331.9678955078125 1057.3762817382812 57.94617920663404 0.0 0.0 0.0 0.0 0.0 0.0 0.0
5406 2352.9027099609375 1060.366943359375 65.066467377616 0.0 0.0 0.0 0.0 0.0 0.0 0.0
5419 2373.8377685546875 1081.3018798828125 78.72316103471809 0.0 0.0 0.0 0.0 0.0 0.0 0.0
5438 2391.7818603515625 1129.153076171875 102.84152848328051 0.0 0.0 0.0 0.0 0.0 0.0 0.0
5454 2391.7818603515625 1182.9857177734375 127.39693690662804 0.0 0.0 0.0 0.0 0.0 0.0 0.0
5472 2370.8470458984375 1230.8369140625 151.14650053275534 0.0 0.0 0.0 0.0 0.0 0.0 0.0
5488 2349.9119873046875 1260.743896484375 166.76459129423426 0.0 0.0 0.0 0.0 0.0 0.0 0.0
5505 2328.9771728515625 1275.6973876953125 178.56615829690784 0.0 0.0 0.0 0.0 0.0 0.0 0.0
5522 2287.1072998046875 1290.65087890625 198.48844132570923 0.0 0.0 0.0 0.0 0.0 0.0 0.0
5538 2203.3677978515625 1317.5672607421875 225.27405999089535 0.0 0.0 0.0 0.0 0.0 0.0 0.0
5555 2137.5723876953125 1335.511474609375 239.4168994642504 0.0 0.0 0.0 0.0 0.0 0.0 0.0
5573 2032.897705078125 1353.4556884765625 253.6813703436327 0.0 0.0 0.0 0.0 0.0 0.0 0.0
5587 1922.2418212890625 1374.3905029296875 260.79900511300343 0.0 0.0 0.0 0.0 0.0 0.0 0.0
5605 1805.6044921875 1389.3441162109375 266.184462422991 0.0 0.0 0.0 0.0 0.0 0.0 0.0
5622 1709.902099609375 1392.334716796875 271.0851635647481 0.0 0.0 0.0 0.0 0.0 0.0 0.0
5638 1650.0880126953125 1389.3441162109375 274.69507961079796 0.0 0.0 0.0 0.0 0.0 0.0 0.0
5655 1593.2647705078125 1368.4091796875 283.0662066101863 0.0 0.0 0.0 0.0 0.0 0.0 0.0
5673 1560.3670654296875 1350.4649658203125 289.0087855499648 0.0 0.0 0.0 0.0 0.0 0.0 0.0
5687 1524.4786376953125 1332.520751953125 293.22944832734936 0.0 0.0 0.0 0.0 0.0 0.0 0.0
5705 1476.62744140625 1314.5765380859375 295.09621654981777 0.0 0.0 0.0 0.0 0.0 0.0 0.0
5723 1386.9063720703125 1281.6788330078125 296.80173857871034 0.0 0.0 0.0 0.0 0.0 0.0 0.0
5737 1324.1016845703125 1260.743896484375 296.92197283435587 0.0 0.0 0.0 0.0 0.0 0.0 0.0
5755 1270.26904296875 1251.7718505859375 294.08014829757695 0.0 0.0 0.0 0.0 0.0 0.0 0.0
5773 1225.4085693359375 1236.818359375 294.9758164604077 0.0 0.0 0.0 0.0 0.0 0.0 0.0
5788 1213.44580078125 1224.85546875 298.5967942653185 0.0 0.0 0.0 0.0 0.0 0.0 0.0
5805 1204.4736328125 1215.8834228515625 301.0598631863802 0.0 0.0 0.0 0.0 0.0 0.0 0.0
5821 1204.4736328125 1194.948486328125 310.107047513274 0.0 0.0 0.0 0.0 0.0 0.0 0.0
5839 1207.46435546875 1132.143798828125 331.09224913845935 0.0 0.0 0.0 0.0 0.0 0.0 0.0
5855 1213.44580078125 1081.3018798828125 344.47987905118316 0.0 0.0 0.0 0.0 0.0 0.0 0.0
5871 1219.4271240234375 1030.4599609375 353.96034458061735 0.0 0.0 0.0 0.0 0.0 0.0 0.0
5888 1234.380615234375 991.5808715820312 3.3393517580313414 0.0 0.0 0.0 0.0 0.0 0.0 0.0
5903 1249.3341064453125 967.6552734375 10.512012473280038 0.0 0.0 0.0 0.0 0.0 0.0 0.0
5920 1258.3062744140625 955.6924438476562 14.415477403141779 0.0 0.0 0.0 0.0 0.0 0.0 0.0
5944 1264.2877197265625 952.7017211914062 17.177309219486006 0.0 0.0 0.0 0.0 0.0 0.0 0.0
6007 1261.2969970703125 955.6924438476562 15.869256547863301 0.0 0.0 0.0 0.0 0.0 0.0 0.0
6024 1222.4178466796875 994.571533203125 350.2101455800246 0.0 0.0 0.0 0.0 0.0 0.0 0.0
6039 1171.575927734375 1051.3948974609375 309.0805276394167 0.0 0.0 0.0 0.0 0.0 0.0 0.0
6057 1117.7432861328125 1108.2182006835938 278.9387729795674 0.0 0.0 0.0 0.0 0.0 0.0 0.0
6072 1066.9013671875 1165.04150390625 259.7842946004414 0.0 0.0 0.0 0.0 0.0 0.0 0.0
6087 1036.994384765625 1218.8741455078125 245.27663144723428 0.0 0.0 0.0 0.0 0.0 0.0 0.0
6108 1013.0687866210938 1299.623046875 228.33991744862007 0.0 0.0 0.0 0.0 0.0 0.0 0.0
6121 1010.0780639648438 1326.539306640625 222.11114082727232 0.0 0.0 0.0 0.0 0.0 0.0 0.0
6138 1019.0501708984375 1386.3533935546875 207.81007994313322 0.0 0.0 0.0 0.0 0.0 0.0 0.0
6157 1028.0222778320312 1410.2789306640625 200.8325051589711 0.0 0.0 0.0 0.0 0.0 0.0 0.0
6170 1034.0037231445312 1431.2138671875 196.4199213119389 0.0 0.0 0.0 0.0 0.0 0.0 0.0
6188 1048.9571533203125 1455.1395263671875 188.82864566989628 0.0 0.0 0.0 0.0 0.0 0.0 0.0
6208 1078.8642578125 1511.9627685546875 178.8286688882635 0.0 0.0 0.0 0.0 0.0 0.0 0.0
6221 1099.799072265625 1532.897705078125 171.78157307202616 0.0 0.0 0.0 0.0 0.0 0.0 0.0
6238 1153.6317138671875 1568.7861328125 157.69240062506998 0.0 0.0 0.0 0.0 0.0 0.0 0.0
6254 1189.5201416015625 1580.7489013671875 147.8880903345094 0.0 0.0 0.0 0.0 0.0 0.0 0.0
6270 1228.3992919921875 1577.7581787109375 134.96404163588338 0.0 0.0 0.0 0.0 0.0 0.0 0.0
6287 1282.2318115234375 1547.8511962890625 113.08188280804242 0.0 0.0 0.0 0.0 0.0 0.0 0.0
6307 1351.0179443359375 1505.9814453125 94.33332398391593 0.0 0.0 0.0 0.0 0.0 0.0 0.0
6321 1440.739013671875 1449.1580810546875 80.82146848759527 0.0 0.0 0.0 0.0 0.0 0.0 0.0
6338 1596.2554931640625 1353.4556884765625 72.34702496455714 0.0 0.0 0.0 0.0 0.0 0.0 0.0
6358 1694.9486083984375 1293.6416015625 69.89197051770691 0.0 0.0 0.0 0.0 0.0 0.0 0.0
6371 1766.725341796875 1257.753173828125 70.81763208750573 0.0 0.0 0.0 0.0 0.0 0.0 0.0
6388 1829.5301513671875 1212.8927001953125 67.71937535761754 0.0 0.0 0.0 0.0 0.0 0.0 0.0
6405 1877.38134765625 1174.0135498046875 64.86493378106718 0.0 0.0 0.0 0.0 0.0 0.0 0.0
6422 1922.2418212890625 1135.1344604492188 62.43448904701347 0.0 0.0 0.0 0.0 0.0 0.0 0.0
6437 1988.0372314453125 1078.3111572265625 60.45963168661672 0.0 0.0 0.0 0.0 0.0 0.0 0.0
6454 2026.9163818359375 1042.4227905273438 59.037976690702806 0.0 0.0 0.0 0.0 0.0 0.0 0.0
6471 2044.860595703125 1012.5157470703125 54.52147540420037 0.0 0.0 0.0 0.0 0.0 0.0 0.0
6490 2062.8048095703125 988.5901489257812 52.65835141261124 0.0 0.0 0.0 0.0 0.0 0.0 0.0
6506 2068.7862548828125 970.6459350585938 49.08903712764851 0.0 0.0 0.0 0.0 0.0 0.0 0.0
6522 2071.7769775390625 958.6831665039062 46.5744515822762 0.0 0.0 0.0 0.0 0.0 0.0 0.0
6539 2071.7769775390625 946.7203369140625 43.158577528364276 0.0 0.0 0.0 0.0 0.0 0.0 0.0
6598 2077.7581787109375 952.7017211914062 47.40232717539777 0.0 0.0 0.0 0.0 0.0 0.0 0.0
6607 2092.7117919921875 979.6180419921875 63.01865871207451 0.0 0.0 0.0 0.0 0.0 0.0 0.0
6621 2134.5816650390625 1039.4320678710938 95.94221191172852 0.0 0.0 0.0 0.0 0.0 0.0 0.0
6639 2182.4327392578125 1099.24609375 117.31360946250615 0.0 0.0 0.0 0.0 0.0 0.0 0.0
6655 2260.1910400390625 1177.0042724609375 130.28403329543755 0.0 0.0 0.0 0.0 0.0 0.0 0.0
6671 2355.8934326171875 1248.7811279296875 132.9916935484532 0.0 0.0 0.0 0.0 0.0 0.0 0.0
6689 2439.6331787109375 1302.61376953125 132.26171123302979 0.0 0.0 0.0 0.0 0.0 0.0 0.0
6705 2490.4749755859375 1335.511474609375 132.03117804559042 0.0 0.0 0.0 0.0 0.0 0.0 0.0
6721 2523.3726806640625 1359.43701171875 132.74011103367343 0.0 0.0 0.0 0.0 0.0 0.0 0.0
6806 2505.4285888671875 1356.4462890625 137.19790371502364 0.0 0.0 0.0 0.0 0.0 0.0 0.0
6821 2442.6236572265625 1338.502197265625 162.37821202403074 0.0 0.0 0.0 0.0 0.0 0.0 0.0
6840 2337.9493408203125 1287.6602783203125 235.48927408127147 0.0 0.0 0.0 0.0 0.0 0.0 0.0
6856 2188.4141845703125 1221.8648681640625 275.7396825048771 0.0 0.0 0.0 0.0 0.0 0.0 0.0
6871 2056.8233642578125 1147.0972900390625 294.39977074710737 0.0 0.0 0.0 0.0 0.0 0.0 0.0
6890 1964.1116943359375 1087.2832641601562 302.83420090799814 0.0 0.0 0.0 0.0 0.0 0.0 0.0
6903 1916.2603759765625 1021.4878540039062 315.22610289938746 0.0 0.0 0.0 0.0 0.0 0.0 0.0
6922 1895.3255615234375 967.6552734375 325.9570699058285 0.0 0.0 0.0 0.0 0.0 0.0 0.0
6940 1889.3441162109375 916.8133544921875 336.94854894188575 0.0 0.0 0.0 0.0 0.0 0.0 0.0
6954 1889.3441162109375 898.869140625 341.13828788668565 0.0 0.0 0.0 0.0 0.0 0.0 0.0
6970 1907.288330078125 886.9063110351562 351.61787464006113 0.0 0.0 0.0 0.0 0.0 0.0 0.0
6988 1961.1209716796875 868.9620971679688 17.88126770457677 0.0 0.0 0.0 0.0 0.0 0.0 0.0
7004 2050.8419189453125 842.0458374023438 46.48885181394604 0.0 0.0 0.0 0.0 0.0 0.0 0.0
7023 2185.4234619140625 821.1109008789062 70.22819091498377 0.0 0.0 0.0 0.0 0.0 0.0 0.0
7043 2254.2095947265625 815.1295166015625 79.0708317599038 0.0 0.0 0.0 0.0 0.0 0.0 0.0
7057 2305.0516357421875 815.1295166015625 85.10538643421438 0.0 0.0 0.0 0.0 0.0 0.0 0.0
7072 2334.9586181640625 815.1295166015625 87.92443771246451 0.0 0.0 0.0 0.0 0.0 0.0 0.0
7089 2340.9400634765625 818.1201782226562 89.87737928687687 0.0 0.0 0.0 0.0 0.0 0.0 0.0
7122 2337.9493408203125 827.09228515625 94.27651336207543 0.0 0.0 0.0 0.0 0.0 0.0 0.0
7139 2305.0516357421875 862.980712890625 117.34822917122654 0.0 0.0 0.0 0.0 0.0 0.0 0.0
7159 2245.2374267578125 916.8133544921875 160.7482201397238 0.0 0.0 0.0 0.0 0.0 0.0 0.0
7172 2152.5257568359375 985.5994262695312 201.8261271577477 0.0 0.0 0.0 0.0 0.0 0.0 0.0
7189 2056.8233642578125 1042.4227905273438 224.65802043826244 0.0 0.0 0.0 0.0 0.0 0.0 0.0
7208 1850.4649658203125 1114.1995849609375 247.74701365401611 0.0 0.0 0.0 0.0 0.0 0.0 0.0
7222 1697.9393310546875 1141.1158447265625 259.84276122643683 0.0 0.0 0.0 0.0 0.0 0.0 0.0
7238 1593.2647705078125 1162.05078125 263.49533929796183 0.0 0.0 0.0 0.0 0.0 0.0 0.0
7255 1491.5809326171875 1177.0042724609375 266.7400372813945 0.0 0.0 0.0 0.0 0.0 0.0 0.0
7270 1422.7947998046875 1179.9949951171875 270.30846578570464 0.0 0.0 0.0 0.0 0.0 0.0 0.0
7286 1377.934326171875 1179.9949951171875 272.6793200990347 0.0 0.0 0.0 0.0 0.0 0.0 0.0
7305 1351.0179443359375 1174.0135498046875 276.2693378178185 0.0 0.0 0.0 0.0 0.0 0.0 0.0
7320 1333.07373046875 1171.02294921875 277.9024298783153 0.0 0.0 0.0 0.0 0.0 0.0 0.0
7337 1309.148193359375 1162.05078125 281.77472241350836 0.0 0.0 0.0 0.0 0.0 0.0 0.0
7356 1294.1947021484375 1153.0787353515625 285.3911151853731 0.0 0.0 0.0 0.0 0.0 0.0 0.0
7370 1273.259765625 1135.1344604492188 291.8195328740815 0.0 0.0 0.0 0.0 0.0 0.0 0.0
7387 1252.3248291015625 1096.25537109375 304.8699217564368 0.0 0.0 0.0 0.0 0.0 0.0 0.0
7404 1237.371337890625 1039.4320678710938 321.1420394582935 0.0 0.0 0.0 0.0 0.0 0.0 0.0
7423 1216.4364013671875 931.766845703125 339.08221438558974 0.0 0.0 0.0 0.0 0.0 0.0 0.0
7438 1216.4364013671875 868.9620971679688 349.5342465202675 0.0 0.0 0.0 0.0 0.0 0.0 0.0
7456 1219.4271240234375 815.1295166015625 356.67868129476744 0.0 0.0 0.0 0.0 0.0 0.0 0.0
7472 1231.389892578125 770.2689819335938 4.408123344460762 0.0 0.0 0.0 0.0 0.0 0.0 0.0
7487 1249.3341064453125 737.3712768554688 12.393339307952829 0.0 0.0 0.0 0.0 0.0 0.0 0.0
7506 1273.259765625 710.4549560546875 21.253321332871224 0.0 0.0 0.0 0.0 0.0 0.0 0.0
7524 1312.138916015625 680.5479736328125 32.99668023047764 0.0 0.0 0.0 0.0 0.0 0.0 0.0
7538 1345.03662109375 662.603759765625 41.94474467504608 0.0 0.0 0.0 0.0 0.0 0.0 0.0
7555 1386.9063720703125 656.6223754882812 54.5786278907961 0.0 0.0 0.0 0.0 0.0 0.0 0.0
7573 1440.739013671875 656.6223754882812 68.40414088075806 0.0 0.0 0.0 0.0 0.0 0.0 0.0
7588 1512.515869140625 692.5107421875 91.50795657296112 0.0 0.0 0.0 0.0 0.0 0.0 0.0
7605 1587.2833251953125 743.3526611328125 109.7477746277795 0.0 0.0 0.0 0.0 0.0 0.0 0.0
7625 1730.8370361328125 859.989990234375 127.18182997282986 0.0 0.0 0.0 0.0 0.0 0.0 0.0
7638 1829.5301513671875 967.6552734375 137.87988063303135 0.0 0.0 0.0 0.0 0.0 0.0 0.0
7656 1904.297607421875 1057.3762817382812 143.4598034631622 0.0 0.0 0.0 0.0 0.0 0.0 0.0
7671 1943.1767578125 1114.1995849609375 147.55123278480988 0.0 0.0 0.0 0.0 0.0 0.0 0.0
7688 1979.065185546875 1156.0693359375 147.7279439114258 0.0 0.0 0.0 0.0 0.0 0.0 0.0
7704 2002.99072265625 1179.9949951171875 146.80249201916536 0.0 0.0 0.0 0.0 0.0 0.0 0.0
7719 2020.9349365234375 1194.948486328125 145.38924050951985 0.0 0.0 0.0 0.0 0.0 0.0 0.0
7738 2029.9071044921875 1203.920654296875 145.21889073585976 0.0 0.0 0.0 0.0 0.0 0.0 0.0
7755 2029.9071044921875 1209.9019775390625 147.216978368066 0.0 0.0 0.0 0.0 0.0 0.0 0.0
7771 2023.9256591796875 1230.8369140625 155.54440354510763 0.0 0.0 0.0 0.0 0.0 0.0 0.0
7788 1982.055908203125 1260.743896484375 179.48964168791898 0.0 0.0 0.0 0.0 0.0 0.0 0.0
7805 1919.2510986328125 1287.6602783203125 206.48592264411238 0.0 0.0 0.0 0.0 0.0 0.0 0.0
7820 1847.474365234375 1305.6044921875 228.8689320267706 0.0 0.0 0.0 0.0 0.0 0.0 0.0
7839 1736.818359375 1305.6044921875 253.4294447105142 0.0 0.0 0.0 0.0 0.0 0.0 0.0
7856 1685.9764404296875 1296.63232421875 264.2642351914585 0.0 0.0 0.0 0.0 0.0 0.0 0.0
7871 1674.013671875 1284.6695556640625 271.06047021722645 0.0 0.0 0.0 0.0 0.0 0.0 0.0
7890 1674.013671875 1278.6881103515625 274.0682806968349 0.0 0.0 0.0 0.0 0.0 0.0 0.0
7905 1721.8648681640625 1248.7811279296875 296.292922544054 0.0 0.0 0.0 0.0 0.0 0.0 0.0
7921 1790.6510009765625 1233.82763671875 329.9844192628389 0.0 0.0 0.0 0.0 0.0 0.0 0.0
7942 1892.3348388671875 1230.8369140625 27.1728030809615 0.0 0.0 0.0 0.0 0.0 0.0 0.0
7955 2020.9349365234375 1227.84619140625 64.76061038736322 0.0 0.0 0.0 0.0 0.0 0.0 0.0
7971 2131.5909423828125 1242.7996826171875 85.3856579775001 0.0 0.0 0.0 0.0 0.0 0.0 0.0
7989 2212.3397216796875 1242.7996826171875 90.90927999805945 0.0 0.0 0.0 0.0 0.0 0.0 0.0
8005 2284.1165771484375 1239.8089599609375 92.9998594476848 0.0 0.0 0.0 0.0 0.0 0.0 0.0
8021 2355.8934326171875 1215.8834228515625 87.91189706803073 0.0 0.0 0.0 0.0 0.0 0.0 0.0
8038 2373.8377685546875 1191.957763671875 79.46863260806128 0.0 0.0 0.0 0.0 0.0 0.0 0.0
8055 2388.7911376953125 1156.0693359375 67.74405636508675 0.0 0.0 0.0 0.0 0.0 0.0 0.0
8071 2394.7725830078125 1102.2367553710938 51.346325398386796 0.0 0.0 0.0 0.0 0.0 0.0 0.0
8088 2400.7540283203125 1033.45068359375 37.264767212997185 0.0 0.0 0.0 0.0 0.0 0.0 0.0
8105 2391.7818603515625 976.6273193359375 24.849007125412186 0.0 0.0 0.0 0.0 0.0 0.0 0.0
8123 2358.8841552734375 910.8319091796875 8.273047680680293 0.0 0.0 0.0 0.0 0.0 0.0 0.0
8139 2320.0050048828125 871.9528198242188 354.0967251851056 0.0 0.0 0.0 0.0 0.0 0.0 0.0
8159 2254.2095947265625 833.07373046875 336.29950789200655 0.0 0.0 0.0 0.0 0.0 0.0 0.0
8172 2227.2933349609375 824.1016235351562 328.7717627590547 0.0 0.0 0.0 0.0 0.0 0.0 0.0
8189 2164.4886474609375 809.1481323242188 315.6447945037087 0.0 0.0 0.0 0.0 0.0 0.0 0.0
8208 2050.8419189453125 797.185302734375 300.1280333188623 0.0 0.0 0.0 0.0 0.0 0.0 0.0
8222 1976.074462890625 797.185302734375 291.6460146406183 0.0 0.0 0.0 0.0 0.0 0.0 0.0
8239 1898.3162841796875 803.1666870117188 284.5957071455912 0.0 0.0 0.0 0.0 0.0 0.0 0.0
8258 1826.5394287109375 815.1295166015625 278.6068743202863 0.0 0.0 0.0 0.0 0.0 0.0 0.0
8271 1766.725341796875 827.09228515625 274.69119333297976 0.0 0.0 0.0 0.0 0.0 0.0 0.0
8287 1712.892822265625 839.0551147460938 271.9074142202801 0.0 0.0 0.0 0.0 0.0 0.0 0.0
8306 1647.097412109375 868.9620971679688 265.05707036753984 0.0 0.0 0.0 0.0 0.0 0.0 0.0
8322 1608.21826171875 895.87841796875 258.9092819845307 0.0 0.0 0.0 0.0 0.0 0.0 0.0
8338 1575.320556640625 934.7575073242188 249.74412686405765 0.0 0.0 0.0 0.0 0.0 0.0 0.0
8356 1548.4041748046875 991.5808715820312 237.18225852793483 0.0 0.0 0.0 0.0 0.0 0.0 0.0
8373 1527.4693603515625 1069.3390502929688 223.40138720818078 0.0 0.0 0.0 0.0 0.0 0.0 0.0
8390 1509.525146484375 1156.0693359375 213.33735493626702 0.0 0.0 0.0 0.0 0.0 0.0 0.0
8406 1503.543701171875 1281.6788330078125 201.81623779327197 0.0 0.0 0.0 0.0 0.0 0.0 0.0
8421 1503.543701171875 1344.4835205078125 197.15228991874324 0.0 0.0 0.0 0.0 0.0 0.0 0.0
8439 1521.4879150390625 1389.3441162109375 188.24495285776143 0.0 0.0 0.0 0.0 0.0 0.0 0.0
8455 1542.4228515625 1401.306884765625 178.83453317477165 0.0 0.0 0.0 0.0 0.0 0.0 0.0
8471 1572.329833984375 1404.297607421875 165.45092303637205 0.0 0.0 0.0 0.0 0.0 0.0 0.0
8489 1626.1624755859375 1386.3533935546875 139.9183729110358 0.0 0.0 0.0 0.0 0.0 0.0 0.0
8506 1742.7998046875 1326.539306640625 102.95614179903089 0.0 0.0 0.0 0.0 0.0 0.0 0.0
8521 1859.4371337890625 1293.6416015625 92.62331721585963 0.0 0.0 0.0 0.0 0.0 0.0 0.0
8539 2026.9163818359375 1239.8089599609375 85.4806694947012 0.0 0.0 0.0 0.0 0.0 0.0 0.0
8554 2188.4141845703125 1179.9949951171875 81.19570039755365 0.0 0.0 0.0 0.0 0.0 0.0 0.0
8571 2308.0421142578125 1120.1809692382812 76.29231249582227 0.0 0.0 0.0 0.0 0.0 0.0 0.0
8589 2373.8377685546875 1081.3018798828125 73.00491182718275 0.0 0.0 0.0 0.0 0.0 0.0 0.0
8604 2415.7073974609375 1060.366943359375 72.74908345880789 0.0 0.0 0.0 0.0 0.0 0.0 0.0
8619 2433.6517333984375 1045.4134521484375 70.39802553119193 0.0 0.0 0.0 0.0 0.0 0.0 0.0
8638 2436.6424560546875 1018.4971313476562 60.59877023599296 0.0 0.0 0.0 0.0 0.0 0.0 0.0
8657 2436.6424560546875 988.5901489257812 50.494079106234835 0.0 0.0 0.0 0.0 0.0 0.0 0.0
8672 2433.6517333984375 970.6459350585938 44.01775593019613 0.0 0.0 0.0 0.0 0.0 0.0 0.0
8691 2421.6888427734375 946.7203369140625 33.42996930615084 0.0 0.0 0.0 0.0 0.0 0.0 0.0
8706 2418.6981201171875 943.7296142578125 31.455417368073654 0.0 0.0 0.0 0.0 0.0 0.0 0.0
8737 2412.7166748046875 943.7296142578125 28.618503495275547 0.0 0.0 0.0 0.0 0.0 0.0 0.0
8757 2373.8377685546875 964.66455078125 8.587958701863158 0.0 0.0 0.0 0.0 0.0 0.0 0.0
8773 2293.0887451171875 1006.5343627929688 320.24273589050836 0.0 0.0 0.0 0.0 0.0 0.0 0.0
8792 2068.7862548828125 1120.1809692382812 271.63772404437555 0.0 0.0 0.0 0.0 0.0 0.0 0.0
8806 1862.4278564453125 1218.8741455078125 259.2501941884043 0.0 0.0 0.0 0.0 0.0 0.0 0.0
8821 1650.0880126953125 1293.6416015625 259.2803281715446 0.0 0.0 0.0 0.0 0.0 0.0 0.0
8840 1497.5623779296875 1347.4742431640625 259.2644419807759 0.0 0.0 0.0 0.0 0.0 0.0 0.0
8856 1380.925048828125 1353.4556884765625 267.6252870834075 0.0 0.0 0.0 0.0 0.0 0.0 0.0
8871 1306.157470703125 1326.539306640625 280.2629133636341 0.0 0.0 0.0 0.0 0.0 0.0 0.0
8888 1252.3248291015625 1275.6973876953125 296.5567896679065 0.0 0.0 0.0 0.0 0.0 0.0 0.0
8908 1204.4736328125 1191.957763671875 315.9368460624431 0.0 0.0 0.0 0.0 0.0 0.0 0.0
8921 1192.5108642578125 1147.0972900390625 326.66409868379037 0.0 0.0 0.0 0.0 0.0 0.0 0.0
8939 1189.5201416015625 1102.2367553710938 337.24133153640616 0.0 0.0 0.0 0.0 0.0 0.0 0.0
8958 1204.4736328125 1054.3855590820312 351.66851950163993 0.0 0.0 0.0 0.0 0.0 0.0 0.0
8969 1222.4178466796875 1018.4971313476562 2.6417886712931704 0.0 0.0 0.0 0.0 0.0 0.0 0.0
8986 1237.371337890625 991.5808715820312 9.911671609606913 0.0 0.0 0.0 0.0 0.0 0.0 0.0
9006 1306.157470703125 955.6924438476562 34.16279614279654 0.0 0.0 0.0 0.0 0.0 0.0 0.0
9022 1407.84130859375 937.7482299804688 60.01334569260007 0.0 0.0 0.0 0.0 0.0 0.0 0.0
9038 1533.45068359375 919.8040161132812 76.15121073948245 0.0 0.0 0.0 0.0 0.0 0.0 0.0
9058 1638.125244140625 916.8133544921875 86.17298672837865 0.0 0.0 0.0 0.0 0.0 0.0 0.0
9071 1730.8370361328125 931.766845703125 95.97232499378072 0.0 0.0 0.0 0.0 0.0 0.0 0.0
9088 1823.5487060546875 955.6924438476562 103.82877143100234 0.0 0.0 0.0 0.0 0.0 0.0 0.0
9108 1904.297607421875 1027.46923828125 121.60209244710057 0.0 0.0 0.0 0.0 0.0 0.0 0.0
9121 1940.18603515625 1105.2274780273438 139.64943192996196 0.0 0.0 0.0 0.0 0.0 0.0 0.0
9138 1964.1116943359375 1179.9949951171875 152.3676778628477 0.0 0.0 0.0 0.0 0.0 0.0 0.0
9154 1970.093017578125 1245.7904052734375 163.71712585084722 0.0 0.0 0.0 0.0 0.0 0.0 0.0
9169 1967.102294921875 1305.6044921875 173.24772646194117 0.0 0.0 0.0 0.0 0.0 0.0 0.0
9187 1955.1395263671875 1359.43701171875 182.30218613039654 0.0 0.0 0.0 0.0 0.0 0.0 0.0
9204 1928.2232666015625 1413.2696533203125 193.58423713141343 0.0 0.0 0.0 0.0 0.0 0.0 0.0
9221 1877.38134765625 1467.102294921875 208.6120645415385 0.0 0.0 0.0 0.0 0.0 0.0 0.0
9237 1838.502197265625 1491.02783203125 219.37882547925048 0.0 0.0 0.0 0.0 0.0 0.0 0.0
9258 1799.623046875 1502.99072265625 230.14377717976376 0.0 0.0 0.0 0.0 0.0 0.0 0.0
9270 1760.7440185546875 1505.9814453125 241.00227133588274 0.0 0.0 0.0 0.0 0.0 0.0 0.0
9288 1712.892822265625 1485.0465087890625 259.2861098875052 0.0 0.0 0.0 0.0 0.0 0.0 0.0
9307 1641.115966796875 1425.232421875 285.721438958724 0.0 0.0 0.0 0.0 0.0 0.0 0.0
9321 1605.2275390625 1368.4091796875 304.13697762892684 0.0 0.0 0.0 0.0 0.0 0.0 0.0
9338 1572.329833984375 1299.623046875 319.6484219933318 0.0 0.0 0.0 0.0 0.0 0.0 0.0
9358 1545.41357421875 1227.84619140625 331.0696524895482 0.0 0.0 0.0 0.0 0.0 0.0 0.0
9370 1527.4693603515625 1162.05078125 339.42612076187055 0.0 0.0 0.0 0.0 0.0 0.0 0.0
9388 1518.4971923828125 1105.2274780273438 346.21629777568376 0.0 0.0 0.0 0.0 0.0 0.0 0.0
9407 1533.45068359375 1036.4413452148438 359.3842627521786 0.0 0.0 0.0 0.0 0.0 0.0 0.0
9420 1545.41357421875 1012.5157470703125 5.993198933246958 0.0 0.0 0.0 0.0 0.0 0.0 0.0
9437 1611.208984375 958.6831665039062 28.55442185274893 0.0 0.0 0.0 0.0 0.0 0.0 0.0
9456 1665.04150390625 931.766845703125 43.33583492524292 0.0 0.0 0.0 0.0 0.0 0.0 0.0
9471 1718.8741455078125 910.8319091796875 54.67968471299622 0.0 0.0 0.0 0.0 0.0 0.0 0.0
9488 1760.7440185546875 901.8598022460938 63.26462693036325 0.0 0.0 0.0 0.0 0.0 0.0 0.0
9505 1781.678955078125 898.869140625 67.45389354312698 0.0 0.0 0.0 0.0 0.0 0.0 0.0
9522 1808.59521484375 895.87841796875 72.17090026694882 0.0 0.0 0.0 0.0 0.0 0.0 0.0
9539 1865.41845703125 880.9249267578125 76.17996758538038 0.0 0.0 0.0 0.0 0.0 0.0 0.0
9555 1937.1953125 854.0086059570312 76.96849608819616 0.0 0.0 0.0 0.0 0.0 0.0 0.0
9572 2011.962890625 830.0830078125 78.59467771488647 0.0 0.0 0.0 0.0 0.0 0.0 0.0
9587 2077.7581787109375 803.1666870117188 77.7670759242053 0.0 0.0 0.0 0.0 0.0 0.0 0.0
9607 2164.4886474609375 770.2689819335938 77.83630425934302 0.0 0.0 0.0 0.0 0.0 0.0 0.0
9622 2227.2933349609375 746.3433837890625 77.83726299736725 0.0 0.0 0.0 0.0 0.0 0.0 0.0