0 2012.0340576171875 1355.5908203125 270.2881921714785 0.0 0.0 0.0 0.0 0.0 0.0 0.0
331 2012.0340576171875 1355.5908203125 270.2881921714785 0.0 0.0 0.0 0.0 0.0 0.0 0.0
355 2012.0340576171875 1355.5908203125 270.2881921714785 0.0 0.0 0.0 0.0 0.0 0.0 0.0
371 2012.0340576171875 1355.5908203125 270.2881921714785 0.0 0.0 0.0 0.0 0.0 0.0 0.0
479 2012.0340576171875 1355.5908203125 270.2881921714785 0.0 0.0 0.0 0.0 0.0 0.0 0.0
495 2012.0340576171875 1355.5908203125 270.2881921714785 0.0 0.0 0.0 0.0 0.0 0.0 0.0
511 2012.0340576171875 1355.5908203125 270.2881921714785 0.0 0.0 0.0 0.0 0.0 0.0 0.0
519 2012.0340576171875 1355.5908203125 270.2881921714785 0.0 0.0 0.0 0.0 0.0 0.0 0.0
595 2012.0340576171875 1355.5908203125 270.2881921714785 0.0 0.0 0.0 0.0 0.0 0.0 0.0
603 2012.0340576171875 1355.5908203125 270.2881921714785 0.0 0.0 0.0 0.0 0.0 0.0 0.0
611 2012.0340576171875 1355.5908203125 270.2881921714785 0.0 0.0 0.0 0.0 0.0 0.0 0.0
619 2012.0340576171875 1355.5908203125 270.2881921714785 0.0 0.0 0.0 0.0 0.0 0.0 0.0
627 2012.0340576171875 1355.5908203125 270.2881921714785 0.0 0.0 0.0 0.0 0.0 0.0 0.0
637 2012.0340576171875 1355.5908203125 270.2881921714785 0.0 0.0 0.0 0.0 0.0 0.0 0.0
643 2012.0340576171875 1355.5908203125 270.2881921714785 0.0 0.0 0.0 0.0 0.0 0.0 0.0
743 2012.0340576171875 1355.5908203125 270.2881921714785 0.0 0.0 0.0 0.0 0.0 0.0 0.0
859 2012.0340576171875 1355.5908203125 270.2881921714785 0.0 0.0 0.0 0.0 0.0 0.0 0.0
867 2012.0340576171875 1355.5908203125 270.2881921714785 0.0 0.0 0.0 0.0 0.0 0.0 0.0
883 2012.0340576171875 1355.5908203125 270.2881921714785 0.0 0.0 0.0 0.0 0.0 0.0 0.0
1247 2012.0340576171875 1355.5908203125 270.2881921714785 0.0 0.0 0.0 0.0 0.0 0.0 0.0
1255 2012.0340576171875 1355.5908203125 270.2881921714785 0.0 0.0 0.0 0.0 0.0 0.0 0.0
1263 2012.0340576171875 1355.5908203125 270.2881921714785 0.0 0.0 0.0 0.0 0.0 0.0 0.0
1271 2012.0340576171875 1355.5908203125 270.2881921714785 0.0 0.0 0.0 0.0 0.0 0.0 0.0
1279 2012.0340576171875 1355.5908203125 270.2881921714785 0.0 0.0 0.0 0.0 0.0 0.0 0.0
1287 2012.0340576171875 1355.5908203125 270.2881921714785 0.0 0.0 0.0 0.0 0.0 0.0 0.0
1295 2012.0340576171875 1355.5908203125 270.2881921714785 0.0 0.0 0.0 0.0 0.0 0.0 0.0
1303 2012.0340576171875 1355.5908203125 270.2881921714785 0.0 0.0 0.0 0.0 0.0 0.0 0.0
1309 2012.0340576171875 1355.5908203125 270.2881921714785 0.0 0.0 0.0 0.0 0.0 0.0 0.0
1317 2012.0340576171875 1355.5908203125 270.2881921714785 0.0 0.0 0.0 0.0 0.0 0.0 0.0
1325 2012.0340576171875 1355.5908203125 270.2881921714785 0.0 0.0 0.0 0.0 0.0 0.0 0.0
1565 2012.0340576171875 1355.5908203125 270.2881921714785 0.0 0.0 0.0 0.0 0.0 0.0 0.0
1573 2012.0340576171875 1355.5908203125 270.2881921714785 0.0 0.0 0.0 0.0 0.0 0.0 0.0
1581 2012.0340576171875 1355.5908203125 270.2881921714785 0.0 0.0 0.0 0.0 0.0 0.0 0.0
1589 2012.0340576171875 1355.5908203125 270.2881921714785 0.0 0.0 0.0 0.0 0.0 0.0 0.0
1597 2012.0340576171875 1355.5908203125 270.2881921714785 0.0 0.0 0.0 0.0 0.0 0.0 0.0
1605 1939.7849960327148 1280.6955642700195 266.86664381699524 0.0 0.0 0.0 0.0 0.0 0.0 0.0
1613 1924.7423934936523 1271.6699295043945 266.75302562766757 0.0 0.0 0.0 0.0 0.0 0.0 0.0
1619 1921.7338485717773 1268.661506652832 267.21632289993676 0.0 0.0 0.0 0.0 0.0 0.0 0.0
1627 1915.7167587280273 1265.652961730957 266.91051354842756 0.0 0.0 0.0 0.0 0.0 0.0 0.0
1635 1915.7167587280273 1262.644416809082 268.1477747958698 0.0 0.0 0.0 0.0 0.0 0.0 0.0
1699 1912.7082138061523 1262.644416809082 267.3579316636966 0.0 0.0 0.0 0.0 0.0 0.0 0.0
1705 1906.6912460327148 1265.652961730957 264.6141004297345 0.0 0.0 0.0 0.0 0.0 0.0 0.0
1713 1900.6741561889648 1271.6699295043945 260.66970394041067 0.0 0.0 0.0 0.0 0.0 0.0 0.0
1721 1891.6486434936523 1274.6784744262695 257.60363981657343 0.0 0.0 0.0 0.0 0.0 0.0 0.0
1729 1885.6315536499023 1280.6955642700195 253.85189900360766 0.0 0.0 0.0 0.0 0.0 0.0 0.0
1737 1882.6230087280273 1286.7126541137695 250.607981076524 0.0 0.0 0.0 0.0 0.0 0.0 0.0
1751 1882.6230087280273 1289.721076965332 249.17564817689177 0.0 0.0 0.0 0.0 0.0 0.0 0.0
1815 1882.6230087280273 1292.729621887207 247.7346054532271 0.0 0.0 0.0 0.0 0.0 0.0 0.0
1829 1879.6144638061523 1298.746711730957 244.57496562769185 0.0 0.0 0.0 0.0 0.0 0.0 0.0
1838 1876.6059188842773 1304.7636795043945 241.4724154028169 0.0 0.0 0.0 0.0 0.0 0.0 0.0
1845 1873.5974960327148 1310.7807693481445 238.43447548190014 0.0 0.0 0.0 0.0 0.0 0.0 0.0
1853 1870.5889511108398 1319.8064041137695 234.02571405221525 0.0 0.0 0.0 0.0 0.0 0.0 0.0
1861 1861.5633163452148 1328.831916809082 229.99739504784955 0.0 0.0 0.0 0.0 0.0 0.0 0.0
1869 1858.5547714233398 1334.849006652832 227.2689075809457 0.0 0.0 0.0 0.0 0.0 0.0 0.0
1875 1852.5378036499023 1340.8659744262695 224.88111706909072 0.0 0.0 0.0 0.0 0.0 0.0 0.0
1883 1846.5207138061523 1340.8659744262695 225.37664087853884 0.0 0.0 0.0 0.0 0.0 0.0 0.0
1892 1840.5036239624023 1343.8745193481445 224.4663318724118 0.0 0.0 0.0 0.0 0.0 0.0 0.0
1899 1837.4952011108398 1343.8745193481445 224.7305016170374 0.0 0.0 0.0 0.0 0.0 0.0 0.0
1908 1837.4952011108398 1346.8830642700195 223.2842811756249 0.0 0.0 0.0 0.0 0.0 0.0 0.0
1915 1834.4866561889648 1346.8830642700195 223.57762954086562 0.0 0.0 0.0 0.0 0.0 0.0 0.0
1939 1831.4781112670898 1346.8830642700195 223.86376067645554 0.0 0.0 0.0 0.0 0.0 0.0 0.0
1947 1828.4695663452148 1343.8745193481445 225.56388147331748 0.0 0.0 0.0 0.0 0.0 0.0 0.0
1953 1825.4610214233398 1334.849006652832 230.11008299574834 0.0 0.0 0.0 0.0 0.0 0.0 0.0
1961 1819.4440536499023 1328.831916809082 233.1605583391911 0.0 0.0 0.0 0.0 0.0 0.0 0.0
1969 1810.4184188842773 1325.823371887207 234.6661213055576 0.0 0.0 0.0 0.0 0.0 0.0 0.0
1977 1801.3929061889648 1316.7978591918945 238.80008234464188 0.0 0.0 0.0 0.0 0.0 0.0 0.0
1985 1789.3587265014648 1307.7722244262695 242.43548693689806 0.0 0.0 0.0 0.0 0.0 0.0 0.0
1993 1771.3075790405273 1295.738166809082 246.4719760285017 0.0 0.0 0.0 0.0 0.0 0.0 0.0
2001 1741.2223739624023 1280.6955642700195 249.83929825362642 0.0 0.0 0.0 0.0 0.0 0.0 0.0
2008 1711.1371688842773 1265.652961730957 252.4621875759996 0.0 0.0 0.0 0.0 0.0 0.0 0.0
2015 1684.0603866577148 1241.5847244262695 258.1266928710397 0.0 0.0 0.0 0.0 0.0 0.0 0.0
2024 1650.9666366577148 1223.533576965332 259.47283650852734 0.0 0.0 0.0 0.0 0.0 0.0 0.0
2031 1626.8985214233398 1208.4909744262695 260.95077435446746 0.0 0.0 0.0 0.0 0.0 0.0 0.0
2041 1611.8557968139648 1196.456916809082 262.74688587673444 0.0 0.0 0.0 0.0 0.0 0.0 0.0
2047 1599.8217391967773 1190.439826965332 262.6281847961674 0.0 0.0 0.0 0.0 0.0 0.0 0.0
2056 1593.8047714233398 1187.431282043457 262.57208708106896 0.0 0.0 0.0 0.0 0.0 0.0 0.0
2071 1593.8047714233398 1184.422737121582 263.86612223046797 0.0 0.0 0.0 0.0 0.0 0.0 0.0
2171 1593.8047714233398 1193.448371887207 259.8406409606405 0.0 0.0 0.0 0.0 0.0 0.0 0.0
2179 1590.7962265014648 1199.4653396606445 256.54897440032454 0.0 0.0 0.0 0.0 0.0 0.0 0.0
2187 1590.7962265014648 1202.4738845825195 255.16201395084929 0.0 0.0 0.0 0.0 0.0 0.0 0.0
2271 1587.7876815795898 1202.4738845825195 254.6657252276124 0.0 0.0 0.0 0.0 0.0 0.0 0.0
2279 1587.7876815795898 1187.431282043457 261.3029329812628 0.0 0.0 0.0 0.0 0.0 0.0 0.0
2287 1584.7791366577148 1172.3886795043945 266.8115709716617 0.0 0.0 0.0 0.0 0.0 0.0 0.0
2295 1581.7705917358398 1151.328987121582 273.94701650818337 0.0 0.0 0.0 0.0 0.0 0.0 0.0
2303 1581.7705917358398 1124.252326965332 282.9010270374876 0.0 0.0 0.0 0.0 0.0 0.0 0.0
2311 1575.7536239624023 1100.1840896606445 287.71992499417087 0.0 0.0 0.0 0.0 0.0 0.0 0.0
2319 1572.7450790405273 1082.132942199707 291.4010159504075 0.0 0.0 0.0 0.0 0.0 0.0 0.0
2327 1566.7279891967773 1058.0647659301758 294.80033848203976 0.0 0.0 0.0 0.0 0.0 0.0 0.0
2335 1557.7024765014648 1043.0221633911133 294.7048217337828 0.0 0.0 0.0 0.0 0.0 0.0 0.0
2342 1551.6853866577148 1027.9795608520508 295.7417026492221 0.0 0.0 0.0 0.0 0.0 0.0 0.0
2349 1548.6768417358398 1027.9795608520508 294.4697586669037 0.0 0.0 0.0 0.0 0.0 0.0 0.0
2358 1548.6768417358398 1024.9710159301758 295.2044863827895 0.0 0.0 0.0 0.0 0.0 0.0 0.0
2411 1554.6939315795898 1033.9965896606445 295.59979695348176 0.0 0.0 0.0 0.0 0.0 0.0 0.0
2419 1566.7279891967773 1067.0903396606445 291.5649975236902 0.0 0.0 0.0 0.0 0.0 0.0 0.0
2427 1575.7536239624023 1097.1756057739258 285.5932406740058 0.0 0.0 0.0 0.0 0.0 0.0 0.0
2435 1584.7791366577148 1118.235237121582 281.72229834094946 0.0 0.0 0.0 0.0 0.0 0.0 0.0
2444 1587.7876815795898 1133.2778396606445 277.23964622383727 0.0 0.0 0.0 0.0 0.0 0.0 0.0
2451 1590.7962265014648 1139.2949295043945 275.97605412375384 0.0 0.0 0.0 0.0 0.0 0.0 0.0
2457 1590.7962265014648 1142.3034744262695 274.8412935405469 0.0 0.0 0.0 0.0 0.0 0.0 0.0
2513 1593.8047714233398 1142.3034744262695 275.80594065837806 0.0 0.0 0.0 0.0 0.0 0.0 0.0
2521 1593.8047714233398 1127.260871887207 280.9506457593238 0.0 0.0 0.0 0.0 0.0 0.0 0.0
2529 1587.7876815795898 1094.1670608520508 288.3164654274236 0.0 0.0 0.0 0.0 0.0 0.0 0.0
2535 1581.7705917358398 1070.0988845825195 292.2366325124303 0.0 0.0 0.0 0.0 0.0 0.0 0.0
2543 1575.7536239624023 1043.0221633911133 296.0880863590159 0.0 0.0 0.0 0.0 0.0 0.0 0.0
2551 1569.7365341186523 1021.9624710083008 298.13206644722413 0.0 0.0 0.0 0.0 0.0 0.0 0.0
2560 1566.7279891967773 1000.9028396606445 300.99581798956706 0.0 0.0 0.0 0.0 0.0 0.0 0.0
2567 1563.7194442749023 985.8601760864258 302.46618501150067 0.0 0.0 0.0 0.0 0.0 0.0 0.0
2576 1563.7194442749023 982.851692199707 303.0198100312902 0.0 0.0 0.0 0.0 0.0 0.0 0.0
2583 1563.7194442749023 979.843147277832 303.5604710254024 0.0 0.0 0.0 0.0 0.0 0.0 0.0
2645 1563.7194442749023 982.851692199707 303.0065124872623 0.0 0.0 0.0 0.0 0.0 0.0 0.0
2653 1563.7194442749023 997.8942947387695 299.86413778797515 0.0 0.0 0.0 0.0 0.0 0.0 0.0
2661 1569.7365341186523 1012.936897277832 299.32175815492144 0.0 0.0 0.0 0.0 0.0 0.0 0.0
2667 1575.7536239624023 1018.953987121582 300.80338315747355 0.0 0.0 0.0 0.0 0.0 0.0 0.0
2675 1578.7620468139648 1027.9795608520508 300.2901573492722 0.0 0.0 0.0 0.0 0.0 0.0 0.0
2683 1581.7705917358398 1033.9965896606445 300.40159613750586 0.0 0.0 0.0 0.0 0.0 0.0 0.0
2694 1584.7791366577148 1037.0051345825195 301.15432813074864 0.0 0.0 0.0 0.0 0.0 0.0 0.0
2699 1590.7962265014648 1040.0136184692383 303.3543798590285 0.0 0.0 0.0 0.0 0.0 0.0 0.0
2708 1593.8047714233398 1043.0221633911133 304.20988877731315 0.0 0.0 0.0 0.0 0.0 0.0 0.0
2715 1602.8302841186523 1046.030647277832 308.0175587804578 0.0 0.0 0.0 0.0 0.0 0.0 0.0
2721 1611.8557968139648 1046.030647277832 312.3444475788741 0.0 0.0 0.0 0.0 0.0 0.0 0.0
2729 1623.8899765014648 1046.030647277832 318.22114767295477 0.0 0.0 0.0 0.0 0.0 0.0 0.0
2737 1635.9240341186523 1046.030647277832 324.1390027177468 0.0 0.0 0.0 0.0 0.0 0.0 0.0
2745 1653.9751815795898 1046.030647277832 332.9513606131729 0.0 0.0 0.0 0.0 0.0 0.0 0.0
2753 1675.0348739624023 1043.0221633911133 342.41977783539613 0.0 0.0 0.0 0.0 0.0 0.0 0.0
2761 1687.0689315795898 1037.0051345825195 346.81421975936365 0.0 0.0 0.0 0.0 0.0 0.0 0.0
2769 1699.1031112670898 1030.9880447387695 350.84953760048427 0.0 0.0 0.0 0.0 0.0 0.0 0.0
2778 1702.1115341186523 1030.9880447387695 352.1641179149973 0.0 0.0 0.0 0.0 0.0 0.0 0.0
2785 1705.1200790405273 1030.9880447387695 353.4631455788624 0.0 0.0 0.0 0.0 0.0 0.0 0.0
2839 1705.1200790405273 1033.9965896606445 354.1826373391332 0.0 0.0 0.0 0.0 0.0 0.0 0.0
2847 1720.1626815795898 1049.039192199707 4.638417170741548 0.0 0.0 0.0 0.0 0.0 0.0 0.0
2853 1729.1883163452148 1070.0988845825195 15.497840754653886 0.0 0.0 0.0 0.0 0.0 0.0 0.0
2861 1741.2223739624023 1082.132942199707 23.64582480267518 0.0 0.0 0.0 0.0 0.0 0.0 0.0
2869 1753.2564315795898 1094.1670608520508 31.448353413601403 0.0 0.0 0.0 0.0 0.0 0.0 0.0
2878 1768.2991561889648 1103.1926345825195 37.874425955086345 0.0 0.0 0.0 0.0 0.0 0.0 0.0
2885 1783.3417587280273 1109.2096633911133 42.379157342584854 0.0 0.0 0.0 0.0 0.0 0.0 0.0
2894 1795.3758163452148 1115.2267532348633 46.207560937494996 0.0 0.0 0.0 0.0 0.0 0.0 0.0
2901 1801.3929061889648 1115.2267532348633 46.63883802609616 0.0 0.0 0.0 0.0 0.0 0.0 0.0
2909 1807.4098739624023 1115.2267532348633 47.04915734659313 0.0 0.0 0.0 0.0 0.0 0.0 0.0
2993 1810.4184188842773 1115.2267532348633 47.249226180655704 0.0 0.0 0.0 0.0 0.0 0.0 0.0
3009 1816.4355087280273 1115.2267532348633 47.629842753411516 0.0 0.0 0.0 0.0 0.0 0.0 0.0
3017 1819.4440536499023 1118.235237121582 49.24842067944345 0.0 0.0 0.0 0.0 0.0 0.0 0.0
3033 1822.4524765014648 1121.243782043457 50.829957222872245 0.0 0.0 0.0 0.0 0.0 0.0 0.0
3039 1822.4524765014648 1124.252326965332 52.30545293191384 0.0 0.0 0.0 0.0 0.0 0.0 0.0
3055 1825.4610214233398 1124.252326965332 52.3739733076193 0.0 0.0 0.0 0.0 0.0 0.0 0.0
3063 1825.4610214233398 1127.260871887207 53.85084136366877 0.0 0.0 0.0 0.0 0.0 0.0 0.0
3071 1825.4610214233398 1130.2692947387695 55.32795770745458 0.0 0.0 0.0 0.0 0.0 0.0 0.0
3079 1831.4781112670898 1130.2692947387695 55.313505191745286 0.0 0.0 0.0 0.0 0.0 0.0 0.0
3157 1831.4781112670898 1133.2778396606445 56.790014182136424 0.0 0.0 0.0 0.0 0.0 0.0 0.0
3165 1834.4866561889648 1133.2778396606445 56.745894231330006 0.0 0.0 0.0 0.0 0.0 0.0 0.0
3173 1837.4952011108398 1136.2863845825195 58.14083439892757 0.0 0.0 0.0 0.0 0.0 0.0 0.0
3179 1840.5036239624023 1142.3034744262695 60.928678324161474 0.0 0.0 0.0 0.0 0.0 0.0 0.0
3187 1843.5121688842773 1142.3034744262695 60.78075134481123 0.0 0.0 0.0 0.0 0.0 0.0 0.0
3195 1846.5207138061523 1148.320442199707 63.48655733473105 0.0 0.0 0.0 0.0 0.0 0.0 0.0
3203 1849.5292587280273 1148.320442199707 63.27484516064019 0.0 0.0 0.0 0.0 0.0 0.0 0.0
3211 1852.5378036499023 1148.320442199707 63.068356216868885 0.0 0.0 0.0 0.0 0.0 0.0 0.0
3219 1852.5378036499023 1151.328987121582 64.52533882758655 0.0 0.0 0.0 0.0 0.0 0.0 0.0
3227 1855.5463485717773 1154.337532043457 65.70344874399319 0.0 0.0 0.0 0.0 0.0 0.0 0.0
3243 1861.5633163452148 1154.337532043457 65.18288514478104 0.0 0.0 0.0 0.0 0.0 0.0 0.0
3249 1864.5718612670898 1154.337532043457 64.9290525489917 0.0 0.0 0.0 0.0 0.0 0.0 0.0
3258 1867.5804061889648 1154.337532043457 64.68150205450982 0.0 0.0 0.0 0.0 0.0 0.0 0.0
3266 1873.5974960327148 1154.337532043457 64.21034626493963 0.0 0.0 0.0 0.0 0.0 0.0 0.0
3281 1876.6059188842773 1154.337532043457 63.98061449018032 0.0 0.0 0.0 0.0 0.0 0.0 0.0
3289 1885.6315536499023 1154.337532043457 63.34040771871998 0.0 0.0 0.0 0.0 0.0 0.0 0.0
3295 1888.6400985717773 1154.337532043457 63.13230648703479 0.0 0.0 0.0 0.0 0.0 0.0 0.0
3303 1894.6570663452148 1154.337532043457 62.73633569358382 0.0 0.0 0.0 0.0 0.0 0.0 0.0
3312 1900.6741561889648 1157.346076965332 63.74874807295431 0.0 0.0 0.0 0.0 0.0 0.0 0.0
3319 1915.7167587280273 1160.354621887207 64.05010858345591 0.0 0.0 0.0 0.0 0.0 0.0 0.0
3328 1921.7338485717773 1163.363166809082 64.99393631375378 0.0 0.0 0.0 0.0 0.0 0.0 0.0
3335 1927.7508163452148 1163.363166809082 64.50765505906182 0.0 0.0 0.0 0.0 0.0 0.0 0.0
3344 1933.7679061889648 1166.3715896606445 65.4274681620735 0.0 0.0 0.0 0.0 0.0 0.0 0.0
3360 1933.7679061889648 1169.3801345825195 66.87325179432682 0.0 0.0 0.0 0.0 0.0 0.0 0.0
3475 1936.7764511108398 1169.3801345825195 66.57766850405082 0.0 0.0 0.0 0.0 0.0 0.0 0.0
3516 1936.7764511108398 1166.3715896606445 65.12332525292078 0.0 0.0 0.0 0.0 0.0 0.0 0.0
3523 1936.7764511108398 1151.328987121582 57.72582943020591 0.0 0.0 0.0 0.0 0.0 0.0 0.0
3529 1936.7764511108398 1130.2692947387695 47.42233299057448 0.0 0.0 0.0 0.0 0.0 0.0 0.0
3537 1936.7764511108398 1103.1926345825195 34.845064893723894 0.0 0.0 0.0 0.0 0.0 0.0 0.0
3546 1927.7508163452148 1079.1244583129883 22.40693505162831 0.0 0.0 0.0 0.0 0.0 0.0 0.0
3553 1921.7338485717773 1052.047737121582 10.747840946550475 0.0 0.0 0.0 0.0 0.0 0.0 0.0
3561 1912.7082138061523 1040.0136184692383 3.5819332377002056 0.0 0.0 0.0 0.0 0.0 0.0 0.0
3567 1912.7082138061523 1027.9795608520508 0.17891661365926126 0.0 0.0 0.0 0.0 0.0 0.0 0.0
3575 1906.6912460327148 1024.9710159301758 356.8884734345856 0.0 0.0 0.0 0.0 0.0 0.0 0.0
3583 1903.6827011108398 1021.9624710083008 354.87191599117534 0.0 0.0 0.0 0.0 0.0 0.0 0.0
3592 1903.6827011108398 1012.936897277832 352.8067028331023 0.0 0.0 0.0 0.0 0.0 0.0 0.0
3599 1894.6570663452148 1009.9284133911133 348.14632903360604 0.0 0.0 0.0 0.0 0.0 0.0 0.0
3607 1888.6400985717773 1006.9198684692383 344.8646187563841 0.0 0.0 0.0 0.0 0.0 0.0 0.0
3615 1876.6059188842773 1003.9113235473633 338.7632540662546 0.0 0.0 0.0 0.0 0.0 0.0 0.0
3621 1864.5718612670898 1003.9113235473633 332.90055251783684 0.0 0.0 0.0 0.0 0.0 0.0 0.0
3629 1843.5121688842773 1003.9113235473633 322.5145693127166 0.0 0.0 0.0 0.0 0.0 0.0 0.0
3637 1822.4524765014648 1003.9113235473633 312.3739078278492 0.0 0.0 0.0 0.0 0.0 0.0 0.0
3645 1810.4184188842773 1003.9113235473633 306.7549481866122 0.0 0.0 0.0 0.0 0.0 0.0 0.0
3653 1795.3758163452148 1000.9028396606445 300.62831172572976 0.0 0.0 0.0 0.0 0.0 0.0 0.0
3661 1786.3503036499023 1000.9028396606445 296.7242213449699 0.0 0.0 0.0 0.0 0.0 0.0 0.0
3669 1783.3417587280273 1000.9028396606445 295.4397348142567 0.0 0.0 0.0 0.0 0.0 0.0 0.0
3678 1774.3161239624023 997.8942947387695 292.49717130457174 0.0 0.0 0.0 0.0 0.0 0.0 0.0
3683 1765.2906112670898 991.8772659301758 290.5194047180739 0.0 0.0 0.0 0.0 0.0 0.0 0.0
3693 1756.2649765014648 982.851692199707 289.4897430491613 0.0 0.0 0.0 0.0 0.0 0.0 0.0
3699 1744.2309188842773 973.8261184692383 287.5033077271866 0.0 0.0 0.0 0.0 0.0 0.0 0.0
3707 1738.2138290405273 967.8090286254883 286.9967711001139 0.0 0.0 0.0 0.0 0.0 0.0 0.0
3715 1735.2052841186523 958.7834548950195 288.45163140661884 0.0 0.0 0.0 0.0 0.0 0.0 0.0
3723 1729.1883163452148 958.7834548950195 286.15150674890043 0.0 0.0 0.0 0.0 0.0 0.0 0.0
3731 1729.1883163452148 955.7749710083008 287.06030653848535 0.0 0.0 0.0 0.0 0.0 0.0 0.0
3739 1726.1797714233398 955.7749710083008 285.9142954696892 0.0 0.0 0.0 0.0 0.0 0.0 0.0
3747 1723.1712265014648 955.7749710083008 284.7868455448533 0.0 0.0 0.0 0.0 0.0 0.0 0.0
3753 1723.1712265014648 952.7664260864258 285.7226006906779 0.0 0.0 0.0 0.0 0.0 0.0 0.0
3863 1723.1712265014648 955.7749710083008 284.7679168403896 0.0 0.0 0.0 0.0 0.0 0.0 0.0
3933 1717.1541366577148 955.7749710083008 282.5875231308018 0.0 0.0 0.0 0.0 0.0 0.0 0.0
3941 1714.1457138061523 958.7834548950195 280.49833986386585 0.0 0.0 0.0 0.0 0.0 0.0 0.0
3947 1708.1286239624023 964.8005447387695 276.32574227517665 0.0 0.0 0.0 0.0 0.0 0.0 0.0
3955 1693.0860214233398 967.8090286254883 270.80208622923726 0.0 0.0 0.0 0.0 0.0 0.0 0.0
3963 1675.0348739624023 976.834602355957 262.73276456652786 0.0 0.0 0.0 0.0 0.0 0.0 0.0
3971 1659.9922714233398 979.843147277832 258.43953654290635 0.0 0.0 0.0 0.0 0.0 0.0 0.0
3979 1641.9411239624023 985.8601760864258 252.90035304680057 0.0 0.0 0.0 0.0 0.0 0.0 0.0
3987 1632.9154891967773 988.8687210083008 250.30731501283074 0.0 0.0 0.0 0.0 0.0 0.0 0.0
3995 1623.8899765014648 991.8772659301758 247.88123940193256 0.0 0.0 0.0 0.0 0.0 0.0 0.0
4001 1620.8814315795898 991.8772659301758 247.5608641195535 0.0 0.0 0.0 0.0 0.0 0.0 0.0
4065 1617.8728866577148 991.8772659301758 247.24834837392817 0.0 0.0 0.0 0.0 0.0 0.0 0.0
4071 1617.8728866577148 997.8942947387695 244.33188736852733 0.0 0.0 0.0 0.0 0.0 0.0 0.0
4079 1611.8557968139648 997.8942947387695 243.87768343556272 0.0 0.0 0.0 0.0 0.0 0.0 0.0
4087 1605.8388290405273 1000.9028396606445 242.05052249060762 0.0 0.0 0.0 0.0 0.0 0.0 0.0
4096 1602.8302841186523 1000.9028396606445 241.8745751914943 0.0 0.0 0.0 0.0 0.0 0.0 0.0
4103 1599.8217391967773 1000.9028396606445 241.70301792323258 0.0 0.0 0.0 0.0 0.0 0.0 0.0
4111 1593.8047714233398 1000.9028396606445 241.37664410344885 0.0 0.0 0.0 0.0 0.0 0.0 0.0
4128 1590.7962265014648 1000.9028396606445 241.2175293890634 0.0 0.0 0.0 0.0 0.0 0.0 0.0
4267 1587.7876815795898 1000.9028396606445 241.06237617624416 0.0 0.0 0.0 0.0 0.0 0.0 0.0
4383 1584.7791366577148 1000.9028396606445 240.91111109285762 0.0 0.0 0.0 0.0 0.0 0.0 0.0
4397 1581.7705917358398 1000.9028396606445 240.7636228763785 0.0 0.0 0.0 0.0 0.0 0.0 0.0
4413 1581.7705917358398 997.8942947387695 242.22919979669157 0.0 0.0 0.0 0.0 0.0 0.0 0.0
4483 1572.7450790405273 997.8942947387695 241.71371329394688 0.0 0.0 0.0 0.0 0.0 0.0 0.0
4491 1563.7194442749023 997.8942947387695 241.23500870874162 0.0 0.0 0.0 0.0 0.0 0.0 0.0
4499 1560.7108993530273 1000.9028396606445 239.64384045158764 0.0 0.0 0.0 0.0 0.0 0.0 0.0
4507 1557.7024765014648 1000.9028396606445 239.52808305761508 0.0 0.0 0.0 0.0 0.0 0.0 0.0
4516 1554.6939315795898 1000.9028396606445 239.41521599211782 0.0 0.0 0.0 0.0 0.0 0.0 0.0
4523 1551.6853866577148 1000.9028396606445 239.30519088886965 0.0 0.0 0.0 0.0 0.0 0.0 0.0
4591 1551.6853866577148 994.8857498168945 242.2372196162577 0.0 0.0 0.0 0.0 0.0 0.0 0.0
4599 1548.6768417358398 991.8772659301758 243.48127874177308 0.0 0.0 0.0 0.0 0.0 0.0 0.0
4607 1542.6597518920898 982.851692199707 247.19325723360546 0.0 0.0 0.0 0.0 0.0 0.0 0.0
4615 1536.6427841186523 976.834602355957 249.32701618886782 0.0 0.0 0.0 0.0 0.0 0.0 0.0
4623 1527.6171493530273 970.8175735473633 250.95258675484607 0.0 0.0 0.0 0.0 0.0 0.0 0.0
4632 1521.6001815795898 961.7919998168945 254.17194150324602 0.0 0.0 0.0 0.0 0.0 0.0 0.0
4639 1515.5830917358398 955.7749710083008 255.88147467994978 0.0 0.0 0.0 0.0 0.0 0.0 0.0
4648 1509.5660018920898 949.7578811645508 257.4837418928684 0.0 0.0 0.0 0.0 0.0 0.0 0.0
4655 1503.5490341186523 940.7323684692383 260.236104080806 0.0 0.0 0.0 0.0 0.0 0.0 0.0
4662 1500.5404891967773 934.7152786254883 262.19071225347693 0.0 0.0 0.0 0.0 0.0 0.0 0.0
4669 1494.5233993530273 925.6897048950195 264.5887611526827 0.0 0.0 0.0 0.0 0.0 0.0 0.0
4679 1491.5148544311523 919.6726760864258 266.34519906890966 0.0 0.0 0.0 0.0 0.0 0.0 0.0
4685 1488.5064315795898 913.655647277832 268.0191386672186 0.0 0.0 0.0 0.0 0.0 0.0 0.0
4694 1488.5064315795898 910.647102355957 269.2407463541006 0.0 0.0 0.0 0.0 0.0 0.0 0.0
4701 1485.4978866577148 904.6300735473633 270.7757611607229 0.0 0.0 0.0 0.0 0.0 0.0 0.0
4841 1485.4978866577148 907.638557434082 269.55880471660106 0.0 0.0 0.0 0.0 0.0 0.0 0.0
4925 1485.4978866577148 901.6215286254883 271.92209662176816 0.0 0.0 0.0 0.0 0.0 0.0 0.0
4933 1482.4893417358398 892.5959548950195 274.41092388426586 0.0 0.0 0.0 0.0 0.0 0.0 0.0
4941 1482.4893417358398 880.5618362426758 278.6893661520542 0.0 0.0 0.0 0.0 0.0 0.0 0.0
4949 1482.4893417358398 874.544807434082 280.75225877762745 0.0 0.0 0.0 0.0 0.0 0.0 0.0
4957 1479.4807968139648 868.5277786254883 281.7048244657331 0.0 0.0 0.0 0.0 0.0 0.0 0.0
4966 1476.4722518920898 865.5192337036133 281.6460527816227 0.0 0.0 0.0 0.0 0.0 0.0 0.0
4973 1476.4722518920898 862.5106887817383 282.64191578464454 0.0 0.0 0.0 0.0 0.0 0.0 0.0
4980 1476.4722518920898 859.5022048950195 283.6189678863072 0.0 0.0 0.0 0.0 0.0 0.0 0.0
5073 1473.4637069702148 859.5022048950195 282.52995577223857 0.0 0.0 0.0 0.0 0.0 0.0 0.0
5089 1473.4637069702148 862.5106887817383 281.512833069571 0.0 0.0 0.0 0.0 0.0 0.0 0.0
5189 1473.4637069702148 859.5022048950195 282.511163907867 0.0 0.0 0.0 0.0 0.0 0.0 0.0
5197 1473.4637069702148 847.4680862426758 286.2170845214742 0.0 0.0 0.0 0.0 0.0 0.0 0.0
5205 1473.4637069702148 835.4340286254883 289.6408764515365 0.0 0.0 0.0 0.0 0.0 0.0 0.0
5213 1476.4722518920898 817.3828811645508 295.32498747001864 0.0 0.0 0.0 0.0 0.0 0.0 0.0
5221 1476.4722518920898 811.3657913208008 296.7259327873897 0.0 0.0 0.0 0.0 0.0 0.0 0.0
5229 1476.4722518920898 799.3317337036133 299.29260770535905 0.0 0.0 0.0 0.0 0.0 0.0 0.0
5235 1479.4807968139648 793.3146438598633 301.8153864225466 0.0 0.0 0.0 0.0 0.0 0.0 0.0
5244 1479.4807968139648 784.2890701293945 303.4458822446804 0.0 0.0 0.0 0.0 0.0 0.0 0.0
5251 1479.4807968139648 781.2805862426758 303.9765924698568 0.0 0.0 0.0 0.0 0.0 0.0 0.0
5305 1479.4807968139648 784.2890701293945 303.4328596711338 0.0 0.0 0.0 0.0 0.0 0.0 0.0
5313 1482.4893417358398 796.3231887817383 302.5369092247316 0.0 0.0 0.0 0.0 0.0 0.0 0.0
5321 1485.4978866577148 805.348762512207 302.17683988066636 0.0 0.0 0.0 0.0 0.0 0.0 0.0
5329 1485.4978866577148 811.3657913208008 300.97236440682025 0.0 0.0 0.0 0.0 0.0 0.0 0.0
5337 1488.5064315795898 814.3743362426758 301.74509056681774 0.0 0.0 0.0 0.0 0.0 0.0 0.0
5345 1488.5064315795898 817.3828811645508 301.1469808583646 0.0 0.0 0.0 0.0 0.0 0.0 0.0
5353 1491.5148544311523 820.3913650512695 301.92582192473986 0.0 0.0 0.0 0.0 0.0 0.0 0.0
5477 1497.5319442749023 820.3913650512695 304.6968211575259 0.0 0.0 0.0 0.0 0.0 0.0 0.0
5491 1500.5404891967773 820.3913650512695 306.09402267985934 0.0 0.0 0.0 0.0 0.0 0.0 0.0
5499 1503.5490341186523 817.3828811645508 307.94028171731975 0.0 0.0 0.0 0.0 0.0 0.0 0.0
5547 1515.5830917358398 823.3999099731445 313.11822100448296 0.0 0.0 0.0 0.0 0.0 0.0 0.0
5555 1530.6256942749023 838.442512512207 319.81650851947416 0.0 0.0 0.0 0.0 0.0 0.0 0.0
5561 1545.6682968139648 853.4851150512695 327.5410443985835 0.0 0.0 0.0 0.0 0.0 0.0 0.0
5570 1566.7279891967773 871.536262512207 339.90402004008536 0.0 0.0 0.0 0.0 0.0 0.0 0.0
5577 1587.7876815795898 886.5789260864258 352.5901702481523 0.0 0.0 0.0 0.0 0.0 0.0 0.0
5585 1605.8388290405273 895.6044998168945 2.3711571424872275 0.0 0.0 0.0 0.0 0.0 0.0 0.0
5593 1617.8728866577148 901.6215286254883 8.69742886183942 0.0 0.0 0.0 0.0 0.0 0.0 0.0
5601 1632.9154891967773 904.6300735473633 14.62028323228867 0.0 0.0 0.0 0.0 0.0 0.0 0.0
5609 1644.9496688842773 907.638557434082 19.276383041961573 0.0 0.0 0.0 0.0 0.0 0.0 0.0
5617 1659.9922714233398 907.638557434082 23.177160296774396 0.0 0.0 0.0 0.0 0.0 0.0 0.0
5623 1669.0177841186523 907.638557434082 25.370591306621925 0.0 0.0 0.0 0.0 0.0 0.0 0.0
5632 1675.0348739624023 907.638557434082 26.76958043582112 0.0 0.0 0.0 0.0 0.0 0.0 0.0
5641 1678.0434188842773 904.6300735473633 26.18840808464455 0.0 0.0 0.0 0.0 0.0 0.0 0.0
5647 1684.0603866577148 904.6300735473633 27.551684250708362 0.0 0.0 0.0 0.0 0.0 0.0 0.0
5655 1684.0603866577148 901.6215286254883 26.256942539714494 0.0 0.0 0.0 0.0 0.0 0.0 0.0
5671 1684.0603866577148 898.6129837036133 24.978381522655276 0.0 0.0 0.0 0.0 0.0 0.0 0.0
5849 1690.0774765014648 895.6044998168945 25.168515828625523 0.0 0.0 0.0 0.0 0.0 0.0 0.0
5857 1699.1031112670898 889.5874099731445 24.84336623950643 0.0 0.0 0.0 0.0 0.0 0.0 0.0
5865 1705.1200790405273 883.5703811645508 23.845902269739213 0.0 0.0 0.0 0.0 0.0 0.0 0.0
5873 1714.1457138061523 877.553352355957 23.633140986314615 0.0 0.0 0.0 0.0 0.0 0.0 0.0
5881 1726.1797714233398 868.5277786254883 23.009235029188602 0.0 0.0 0.0 0.0 0.0 0.0 0.0
5887 1732.1968612670898 862.5106887817383 22.133451598972428 0.0 0.0 0.0 0.0 0.0 0.0 0.0
5896 1738.2138290405273 853.4851150512695 20.184608442440364 0.0 0.0 0.0 0.0 0.0 0.0 0.0
5904 1738.2138290405273 850.4766311645508 18.990282654751553 0.0 0.0 0.0 0.0 0.0 0.0 0.0
5911 1738.2138290405273 847.4680862426758 17.813994778448823 0.0 0.0 0.0 0.0 0.0 0.0 0.0
5989 1741.2223739624023 853.4851150512695 21.091179387313844 0.0 0.0 0.0 0.0 0.0 0.0 0.0
5997 1744.2309188842773 859.5022048950195 24.387370314105148 0.0 0.0 0.0 0.0 0.0 0.0 0.0
6003 1744.2309188842773 865.5192337036133 26.995634752875617 0.0 0.0 0.0 0.0 0.0 0.0 0.0
6019 1747.2394638061523 868.5277786254883 28.971792534027628 0.0 0.0 0.0 0.0 0.0 0.0 0.0
6081 1750.2480087280273 865.5192337036133 28.316481782484708 0.0 0.0 0.0 0.0 0.0 0.0 0.0
6089 1759.2735214233398 859.5022048950195 27.724567245911103 0.0 0.0 0.0 0.0 0.0 0.0 0.0
6097 1768.2991561889648 841.451057434082 22.612595207566052 0.0 0.0 0.0 0.0 0.0 0.0 0.0
6105 1780.3332138061523 826.4084548950195 19.962109745288195 0.0 0.0 0.0 0.0 0.0 0.0 0.0
6115 1786.3503036499023 817.3828811645508 18.18729988148229 0.0 0.0 0.0 0.0 0.0 0.0 0.0
6121 1789.3587265014648 805.348762512207 14.64226531283068 0.0 0.0 0.0 0.0 0.0 0.0 0.0
6130 1789.3587265014648 793.3146438598633 10.431874786161643 0.0 0.0 0.0 0.0 0.0 0.0 0.0
6137 1789.3587265014648 787.2976150512695 8.402900693686313 0.0 0.0 0.0 0.0 0.0 0.0 0.0
6146 1789.3587265014648 778.2720413208008 5.524477297029087 0.0 0.0 0.0 0.0 0.0 0.0 0.0
6152 1786.3503036499023 772.255012512207 2.5525722576372303 0.0 0.0 0.0 0.0 0.0 0.0 0.0
6159 1774.3161239624023 763.2294387817383 355.19775722618914 0.0 0.0 0.0 0.0 0.0 0.0 0.0
6168 1771.3075790405273 760.2208938598633 353.1980552367509 0.0 0.0 0.0 0.0 0.0 0.0 0.0
6175 1768.2991561889648 760.2208938598633 351.8801730642849 0.0 0.0 0.0 0.0 0.0 0.0 0.0
6261 1747.2394638061523 754.2038650512695 341.06318796809666 0.0 0.0 0.0 0.0 0.0 0.0 0.0
6269 1723.1712265014648 748.1867752075195 328.98229130408555 0.0 0.0 0.0 0.0 0.0 0.0 0.0
6275 1696.0945663452148 745.1782913208008 315.9759919170223 0.0 0.0 0.0 0.0 0.0 0.0 0.0
6284 1684.0603866577148 742.1697463989258 310.6139604881214 0.0 0.0 0.0 0.0 0.0 0.0 0.0
6291 1675.0348739624023 739.1612014770508 306.86185037997944 0.0 0.0 0.0 0.0 0.0 0.0 0.0
6300 1659.9922714233398 736.152717590332 300.7275507207274 0.0 0.0 0.0 0.0 0.0 0.0 0.0
6307 1647.9580917358398 733.144172668457 296.25562614652 0.0 0.0 0.0 0.0 0.0 0.0 0.0
6316 1641.9411239624023 733.144172668457 293.73081480374833 0.0 0.0 0.0 0.0 0.0 0.0 0.0
6323 1635.9240341186523 733.144172668457 291.27410120909093 0.0 0.0 0.0 0.0 0.0 0.0 0.0
6332 1635.9240341186523 730.1356887817383 292.0775802032072 0.0 0.0 0.0 0.0 0.0 0.0 0.0
6399 1632.9154891967773 730.1356887817383 290.8555645759396 0.0 0.0 0.0 0.0 0.0 0.0 0.0
6407 1632.9154891967773 736.152717590332 289.1226839880694 0.0 0.0 0.0 0.0 0.0 0.0 0.0
6415 1632.9154891967773 742.1697463989258 287.3151630874408 0.0 0.0 0.0 0.0 0.0 0.0 0.0
6423 1629.9069442749023 745.1782913208008 285.23446355166607 0.0 0.0 0.0 0.0 0.0 0.0 0.0
6432 1623.8899765014648 751.1953201293945 281.0538135780361 0.0 0.0 0.0 0.0 0.0 0.0 0.0
6439 1620.8814315795898 760.2208938598633 276.7596685093336 0.0 0.0 0.0 0.0 0.0 0.0 0.0
6448 1614.8643417358398 766.237922668457 272.6133795877001 0.0 0.0 0.0 0.0 0.0 0.0 0.0
6456 1608.8473739624023 772.255012512207 268.5163724870603 0.0 0.0 0.0 0.0 0.0 0.0 0.0
6465 1605.8388290405273 772.255012512207 267.7186873723438 0.0 0.0 0.0 0.0 0.0 0.0 0.0
6601 1602.8302841186523 772.255012512207 266.9380471410963 0.0 0.0 0.0 0.0 0.0 0.0 0.0
6609 1596.8131942749023 772.255012512207 265.44258697063447 0.0 0.0 0.0 0.0 0.0 0.0 0.0
6617 1593.8047714233398 769.246467590332 265.95088186407594 0.0 0.0 0.0 0.0 0.0 0.0 0.0
6625 1587.7876815795898 769.246467590332 264.49763908351764 0.0 0.0 0.0 0.0 0.0 0.0 0.0
6634 1581.7705917358398 769.246467590332 263.1072923927882 0.0 0.0 0.0 0.0 0.0 0.0 0.0
6641 1578.7620468139648 769.246467590332 262.4276890354014 0.0 0.0 0.0 0.0 0.0 0.0 0.0
6725 1575.7536239624023 769.246467590332 261.7633789568403 0.0 0.0 0.0 0.0 0.0 0.0 0.0
6741 1569.7365341186523 766.237922668457 261.7543890328057 0.0 0.0 0.0 0.0 0.0 0.0 0.0
6749 1563.7194442749023 763.2294387817383 261.74584914491066 0.0 0.0 0.0 0.0 0.0 0.0 0.0
6757 1560.7108993530273 760.2208938598633 262.37932120507946 0.0 0.0 0.0 0.0 0.0 0.0 0.0
6765 1554.6939315795898 757.2123489379883 262.33679335849314 0.0 0.0 0.0 0.0 0.0 0.0 0.0
6773 1551.6853866577148 754.2038650512695 262.9503883353074 0.0 0.0 0.0 0.0 0.0 0.0 0.0
6780 1551.6853866577148 751.1953201293945 264.2397488795719 0.0 0.0 0.0 0.0 0.0 0.0 0.0
6873 1548.6768417358398 751.1953201293945 263.5348984071031 0.0 0.0 0.0 0.0 0.0 0.0 0.0
6881 1542.6597518920898 751.1953201293945 262.1866206165775 0.0 0.0 0.0 0.0 0.0 0.0 0.0
6889 1521.6001815795898 751.1953201293945 258.12770079738124 0.0 0.0 0.0 0.0 0.0 0.0 0.0
6897 1503.5490341186523 748.1867752075195 256.29083270016923 0.0 0.0 0.0 0.0 0.0 0.0 0.0
6905 1494.5233993530273 748.1867752075195 254.7926338754111 0.0 0.0 0.0 0.0 0.0 0.0 0.0
6911 1488.5064315795898 748.1867752075195 253.8402795650326 0.0 0.0 0.0 0.0 0.0 0.0 0.0
6920 1485.4978866577148 748.1867752075195 253.37546662550508 0.0 0.0 0.0 0.0 0.0 0.0 0.0