0 1529.4168395996094 1781.2680406570435 89.57149681167527 0.0 0.0 0.0 0.0 0.0 0.0 0.0
72 1529.4168395996094 1781.2680406570435 89.57149681167527 0.0 0.0 0.0 0.0 0.0 0.0 0.0
79 1529.4168395996094 1781.2680406570435 89.57149681167527 0.0 0.0 0.0 0.0 0.0 0.0 0.0
96 1529.4168395996094 1781.2680406570435 89.57149681167527 0.0 0.0 0.0 0.0 0.0 0.0 0.0
104 1529.4168395996094 1781.2680406570435 89.57149681167527 0.0 0.0 0.0 0.0 0.0 0.0 0.0
112 1665.1905517578125 1472.8056297302246 91.28486580732053 0.0 0.0 0.0 0.0 0.0 0.0 0.0
119 1665.1905517578125 1460.7685203552246 93.5856896754187 0.0 0.0 0.0 0.0 0.0 0.0 0.0
127 1665.1905517578125 1452.7436180114746 95.02244945849245 0.0 0.0 0.0 0.0 0.0 0.0 0.0
144 1661.17822265625 1432.681728363037 96.41775365552681 0.0 0.0 0.0 0.0 0.0 0.0 0.0
152 1657.165771484375 1432.681728363037 94.48234229644427 0.0 0.0 0.0 0.0 0.0 0.0 0.0
160 1653.1534423828125 1424.6569480895996 94.0548651283232 0.0 0.0 0.0 0.0 0.0 0.0 0.0
168 1653.1534423828125 1420.6444969177246 94.78135883447194 0.0 0.0 0.0 0.0 0.0 0.0 0.0
184 1645.128662109375 1400.582607269287 94.57593096825897 0.0 0.0 0.0 0.0 0.0 0.0 0.0
192 1645.128662109375 1396.570156097412 95.28530517073719 0.0 0.0 0.0 0.0 0.0 0.0 0.0
199 1641.1162109375 1388.5453758239746 94.79800318729698 0.0 0.0 0.0 0.0 0.0 0.0 0.0
208 1641.1162109375 1384.5329246520996 95.5001072895216 0.0 0.0 0.0 0.0 0.0 0.0 0.0
224 1641.1162109375 1380.520595550537 96.1790292762104 0.0 0.0 0.0 0.0 0.0 0.0 0.0
672 1641.1162109375 1372.4958152770996 97.44994367486018 0.0 0.0 0.0 0.0 0.0 0.0 0.0
679 1641.1162109375 1368.4833641052246 98.06416843325675 0.0 0.0 0.0 0.0 0.0 0.0 0.0
712 1641.1162109375 1364.471035003662 98.6578831088398 0.0 0.0 0.0 0.0 0.0 0.0 0.0
719 1641.1162109375 1360.458583831787 99.23174826003591 0.0 0.0 0.0 0.0 0.0 0.0 0.0
960 1645.128662109375 1356.4462547302246 101.7314953764218 0.0 0.0 0.0 0.0 0.0 0.0 0.0
992 1649.1409912109375 1356.4462547302246 103.76031866894411 0.0 0.0 0.0 0.0 0.0 0.0 0.0
1016 1653.1534423828125 1356.4462547302246 105.80266712864287 0.0 0.0 0.0 0.0 0.0 0.0 0.0
1024 1657.165771484375 1356.4462547302246 107.85592262164974 0.0 0.0 0.0 0.0 0.0 0.0 0.0
1056 1661.17822265625 1352.4338035583496 110.10657619883435 0.0 0.0 0.0 0.0 0.0 0.0 0.0
1064 1669.2030029296875 1352.4338035583496 114.25031639968805 0.0 0.0 0.0 0.0 0.0 0.0 0.0
1080 1673.21533203125 1348.421474456787 116.28603138471732 0.0 0.0 0.0 0.0 0.0 0.0 0.0
1088 1677.227783203125 1348.421474456787 118.3540245549724 0.0 0.0 0.0 0.0 0.0 0.0 0.0
1096 1697.2896728515625 1344.409023284912 128.0422261354699 0.0 0.0 0.0 0.0 0.0 0.0 0.0
1104 1701.3021240234375 1344.409023284912 130.04511568762672 0.0 0.0 0.0 0.0 0.0 0.0 0.0
1120 1709.326904296875 1340.3966941833496 133.34406522497966 0.0 0.0 0.0 0.0 0.0 0.0 0.0
1128 1721.3641357421875 1336.3842430114746 138.26311332389776 0.0 0.0 0.0 0.0 0.0 0.0 0.0
1135 1733.4012451171875 1332.371913909912 142.8213499323419 0.0 0.0 0.0 0.0 0.0 0.0 0.0
1152 1741.426025390625 1332.371913909912 146.37115625244502 0.0 0.0 0.0 0.0 0.0 0.0 0.0
1168 1753.4632568359375 1328.359462738037 150.27861150049216 0.0 0.0 0.0 0.0 0.0 0.0 0.0
1176 1761.488037109375 1328.359462738037 153.5339616623819 0.0 0.0 0.0 0.0 0.0 0.0 0.0
1184 1765.5003662109375 1328.359462738037 155.12476075945224 0.0 0.0 0.0 0.0 0.0 0.0 0.0
1192 1769.5128173828125 1324.347011566162 155.37716057177684 0.0 0.0 0.0 0.0 0.0 0.0 0.0
1200 1789.5748291015625 1320.3346824645996 161.11996704952622 0.0 0.0 0.0 0.0 0.0 0.0 0.0
1216 1793.587158203125 1320.3346824645996 162.52668233126764 0.0 0.0 0.0 0.0 0.0 0.0 0.0
1223 1805.6243896484375 1320.3346824645996 166.42949257323 0.0 0.0 0.0 0.0 0.0 0.0 0.0
1232 1813.649169921875 1316.3222312927246 167.3454829986966 0.0 0.0 0.0 0.0 0.0 0.0 0.0
1248 1821.6739501953125 1316.3222312927246 169.7547381661993 0.0 0.0 0.0 0.0 0.0 0.0 0.0
1258 1833.7110595703125 1312.309902191162 171.49299742409858 0.0 0.0 0.0 0.0 0.0 0.0 0.0
1272 1857.7855224609375 1304.2851219177246 174.33901686258372 0.0 0.0 0.0 0.0 0.0 0.0 0.0
1281 1861.7978515625 1304.2851219177246 175.37267330215553 0.0 0.0 0.0 0.0 0.0 0.0 0.0
1296 1869.8226318359375 1304.2851219177246 177.31732626403982 0.0 0.0 0.0 0.0 0.0 0.0 0.0
1304 1877.847412109375 1300.2726707458496 177.42490925053198 0.0 0.0 0.0 0.0 0.0 0.0 0.0
1400 1881.85986328125 1300.2726707458496 178.3636107745795 0.0 0.0 0.0 0.0 0.0 0.0 0.0
1408 1885.8721923828125 1300.2726707458496 179.2728502359027 0.0 0.0 0.0 0.0 0.0 0.0 0.0
1496 1889.8846435546875 1300.2726707458496 180.15344958721903 0.0 0.0 0.0 0.0 0.0 0.0 0.0
1504 1893.89697265625 1300.2726707458496 181.00598776450343 0.0 0.0 0.0 0.0 0.0 0.0 0.0
1511 1897.909423828125 1300.2726707458496 181.8312883031698 0.0 0.0 0.0 0.0 0.0 0.0 0.0
1528 1905.9342041015625 1300.2726707458496 183.37885029876946 0.0 0.0 0.0 0.0 0.0 0.0 0.0
1536 1925.9962158203125 1304.2851219177246 188.38210062734998 0.0 0.0 0.0 0.0 0.0 0.0 0.0
1543 1938.0333251953125 1304.2851219177246 190.02133435726896 0.0 0.0 0.0 0.0 0.0 0.0 0.0
1560 1962.107666015625 1308.297451019287 194.41010184125966 0.0 0.0 0.0 0.0 0.0 0.0 0.0
1568 1974.1448974609375 1312.309902191162 197.32568806249927 0.0 0.0 0.0 0.0 0.0 0.0 0.0
1575 1990.1944580078125 1316.3222312927246 200.1371291709437 0.0 0.0 0.0 0.0 0.0 0.0 0.0
1584 2018.28125 1324.347011566162 204.4916873980549 0.0 0.0 0.0 0.0 0.0 0.0 0.0
1592 2022.2935791015625 1324.347011566162 204.52063660809551 0.0 0.0 0.0 0.0 0.0 0.0 0.0
1608 2034.330810546875 1328.359462738037 206.4668883311573 0.0 0.0 0.0 0.0 0.0 0.0 0.0
1616 2042.3555908203125 1332.371913909912 208.31836615470542 0.0 0.0 0.0 0.0 0.0 0.0 0.0
1625 2054.392822265625 1336.3842430114746 209.88789990719852 0.0 0.0 0.0 0.0 0.0 0.0 0.0
1632 2058.4051513671875 1336.3842430114746 209.72877642190946 0.0 0.0 0.0 0.0 0.0 0.0 0.0
1656 2062.4176025390625 1336.3842430114746 209.57520849033992 0.0 0.0 0.0 0.0 0.0 0.0 0.0
1663 2078.4671630859375 1336.3842430114746 209.03836277993682 0.0 0.0 0.0 0.0 0.0 0.0 0.0
1680 2082.4794921875 1336.3842430114746 208.90883742127681 0.0 0.0 0.0 0.0 0.0 0.0 0.0
1688 2086.491943359375 1336.3842430114746 208.78382520541805 0.0 0.0 0.0 0.0 0.0 0.0 0.0
1704 2090.5042724609375 1336.3842430114746 208.66316321654563 0.0 0.0 0.0 0.0 0.0 0.0 0.0
1720 2094.5167236328125 1336.3842430114746 208.54671138167038 0.0 0.0 0.0 0.0 0.0 0.0 0.0
1744 2098.529052734375 1336.3842430114746 208.4343009248214 0.0 0.0 0.0 0.0 0.0 0.0 0.0
1880 2102.54150390625 1336.3842430114746 208.32579624076612 0.0 0.0 0.0 0.0 0.0 0.0 0.0
1896 2106.553955078125 1360.458583831787 219.9054633255805 0.0 0.0 0.0 0.0 0.0 0.0 0.0
1904 2110.5662841796875 1368.4833641052246 223.21190800289563 0.0 0.0 0.0 0.0 0.0 0.0 0.0
1912 2114.5787353515625 1384.5329246520996 229.8974759901596 0.0 0.0 0.0 0.0 0.0 0.0 0.0
1920 2122.603515625 1420.6444969177246 242.37256140882536 0.0 0.0 0.0 0.0 0.0 0.0 0.0
1929 2122.603515625 1436.6940574645996 248.43000748789376 0.0 0.0 0.0 0.0 0.0 0.0 0.0
1944 2122.603515625 1444.718837738037 251.3083711622625 0.0 0.0 0.0 0.0 0.0 0.0 0.0
1953 2122.603515625 1456.7560691833496 255.3054864217312 0.0 0.0 0.0 0.0 0.0 0.0 0.0
1959 2126.6158447265625 1472.8056297302246 258.59971435542155 0.0 0.0 0.0 0.0 0.0 0.0 0.0
1968 2134.640625 1484.842861175537 258.9490954057943 0.0 0.0 0.0 0.0 0.0 0.0 0.0
1976 2134.640625 1488.8551902770996 260.14200520934094 0.0 0.0 0.0 0.0 0.0 0.0 0.0
1991 2138.653076171875 1500.892421722412 261.84175975170376 0.0 0.0 0.0 0.0 0.0 0.0 0.0
2000 2142.6654052734375 1512.929531097412 263.3720026257454 0.0 0.0 0.0 0.0 0.0 0.0 0.0
2007 2142.6654052734375 1524.9667625427246 266.3792649876874 0.0 0.0 0.0 0.0 0.0 0.0 0.0
2015 2150.690185546875 1549.041103363037 268.3283421051359 0.0 0.0 0.0 0.0 0.0 0.0 0.0
2024 2154.70263671875 1561.0783348083496 269.20370048972063 0.0 0.0 0.0 0.0 0.0 0.0 0.0
2039 2162.727294921875 1577.1278953552246 269.14158880129554 0.0 0.0 0.0 0.0 0.0 0.0 0.0
2048 2166.73974609375 1593.1774559020996 270.7086540891563 0.0 0.0 0.0 0.0 0.0 0.0 0.0
2055 2170.752197265625 1621.264247894287 274.0412742742496 0.0 0.0 0.0 0.0 0.0 0.0 0.0
2063 2170.752197265625 1629.2890281677246 275.4490289148448 0.0 0.0 0.0 0.0 0.0 0.0 0.0
2072 2178.777099609375 1645.3385887145996 274.5192682207389 0.0 0.0 0.0 0.0 0.0 0.0 0.0
2080 2182.789306640625 1665.4006004333496 275.99233813088233 0.0 0.0 0.0 0.0 0.0 0.0 0.0
2096 2182.789306640625 1673.425380706787 277.2752202666318 0.0 0.0 0.0 0.0 0.0 0.0 0.0
2104 2182.789306640625 1677.4377098083496 277.8952410674045 0.0 0.0 0.0 0.0 0.0 0.0 0.0
2111 2186.8017578125 1685.462490081787 277.21429051337316 0.0 0.0 0.0 0.0 0.0 0.0 0.0
2120 2186.8017578125 1689.474941253662 277.8364532331949 0.0 0.0 0.0 0.0 0.0 0.0 0.0
2143 2190.814208984375 1701.512050628662 277.7390537661412 0.0 0.0 0.0 0.0 0.0 0.0 0.0
2151 2190.814208984375 1709.5368309020996 278.90919027043356 0.0 0.0 0.0 0.0 0.0 0.0 0.0
2160 2194.82666015625 1709.5368309020996 276.9439275733264 0.0 0.0 0.0 0.0 0.0 0.0 0.0
2176 2194.82666015625 1713.5492820739746 277.5749970436053 0.0 0.0 0.0 0.0 0.0 0.0 0.0
2192 2194.82666015625 1717.561611175537 278.18509307720024 0.0 0.0 0.0 0.0 0.0 0.0 0.0
2208 2194.82666015625 1721.574062347412 278.7747882704558 0.0 0.0 0.0 0.0 0.0 0.0 0.0
2224 2198.8388671875 1721.574062347412 276.81117382784487 0.0 0.0 0.0 0.0 0.0 0.0 0.0
2240 2198.8388671875 1725.586513519287 277.4467490035398 0.0 0.0 0.0 0.0 0.0 0.0 0.0
2247 2202.851318359375 1729.5988426208496 276.1700729547721 0.0 0.0 0.0 0.0 0.0 0.0 0.0
2352 2202.851318359375 1733.6112937927246 276.8268615247355 0.0 0.0 0.0 0.0 0.0 0.0 0.0
2360 2198.8388671875 1733.6112937927246 278.81240141940657 0.0 0.0 0.0 0.0 0.0 0.0 0.0
2376 2194.82666015625 1733.6112937927246 280.8171252666758 0.0 0.0 0.0 0.0 0.0 0.0 0.0
2383 2182.789306640625 1741.636074066162 287.54710965479353 0.0 0.0 0.0 0.0 0.0 0.0 0.0
2392 2170.752197265625 1745.6484031677246 293.8228791350791 0.0 0.0 0.0 0.0 0.0 0.0 0.0
2400 2162.727294921875 1745.6484031677246 297.9630359263558 0.0 0.0 0.0 0.0 0.0 0.0 0.0
2416 2146.6778564453125 1753.673183441162 305.4120837455081 0.0 0.0 0.0 0.0 0.0 0.0 0.0
2424 2138.653076171875 1761.6979637145996 308.5012518051531 0.0 0.0 0.0 0.0 0.0 0.0 0.0
2431 2130.6282958984375 1761.6979637145996 312.4613686832744 0.0 0.0 0.0 0.0 0.0 0.0 0.0
2440 2110.5662841796875 1773.735195159912 319.39619074841846 0.0 0.0 0.0 0.0 0.0 0.0 0.0
2448 2094.5167236328125 1781.7599754333496 324.6017299493035 0.0 0.0 0.0 0.0 0.0 0.0 0.0
2464 2090.5042724609375 1785.772304534912 325.3578579081109 0.0 0.0 0.0 0.0 0.0 0.0 0.0
2472 2066.429931640625 1789.784755706787 333.821722404954 0.0 0.0 0.0 0.0 0.0 0.0 0.0
2480 2062.4176025390625 1789.784755706787 335.4059791742875 0.0 0.0 0.0 0.0 0.0 0.0 0.0
2487 2050.38037109375 1793.797206878662 338.51838561756244 0.0 0.0 0.0 0.0 0.0 0.0 0.0
2496 2034.330810546875 1797.8095359802246 342.6172399516058 0.0 0.0 0.0 0.0 0.0 0.0 0.0
2512 2026.3060302734375 1797.8095359802246 345.2820762984603 0.0 0.0 0.0 0.0 0.0 0.0 0.0
2520 2014.268798828125 1797.8095359802246 348.9666108285936 0.0 0.0 0.0 0.0 0.0 0.0 0.0
2529 2002.231689453125 1801.8219871520996 350.782934237905 0.0 0.0 0.0 0.0 0.0 0.0 0.0
2536 1998.21923828125 1801.8219871520996 351.922709025857 0.0 0.0 0.0 0.0 0.0 0.0 0.0
2552 1994.2069091796875 1801.8219871520996 353.0288344716015 0.0 0.0 0.0 0.0 0.0 0.0 0.0
2559 1986.18212890625 1805.834316253662 353.4565473639836 0.0 0.0 0.0 0.0 0.0 0.0 0.0
2567 1982.169677734375 1805.834316253662 354.516919806908 0.0 0.0 0.0 0.0 0.0 0.0 0.0
2575 1978.1573486328125 1805.834316253662 355.54513249219804 0.0 0.0 0.0 0.0 0.0 0.0 0.0
2591 1974.1448974609375 1805.834316253662 356.5419790577505 0.0 0.0 0.0 0.0 0.0 0.0 0.0
2607 1970.1324462890625 1805.834316253662 357.5080777930051 0.0 0.0 0.0 0.0 0.0 0.0 0.0
2623 1962.107666015625 1805.834316253662 359.323517250292 0.0 0.0 0.0 0.0 0.0 0.0 0.0
2648 1962.107666015625 1809.846767425537 357.49218644294643 0.0 0.0 0.0 0.0 0.0 0.0 0.0
2656 1958.0953369140625 1809.846767425537 358.4287418091934 0.0 0.0 0.0 0.0 0.0 0.0 0.0
2752 1954.0828857421875 1809.846767425537 359.3359580161888 0.0 0.0 0.0 0.0 0.0 0.0 0.0
2767 1950.070556640625 1809.846767425537 0.2145006201828039 0.0 0.0 0.0 0.0 0.0 0.0 0.0
2784 1942.0457763671875 1809.846767425537 1.8631732109774077 0.0 0.0 0.0 0.0 0.0 0.0 0.0
2800 1938.0333251953125 1809.846767425537 2.6608971778507 0.0 0.0 0.0 0.0 0.0 0.0 0.0
2816 1925.9962158203125 1813.8590965270996 3.0939979324465128 0.0 0.0 0.0 0.0 0.0 0.0 0.0
2840 1921.9837646484375 1813.8590965270996 3.8518252751221667 0.0 0.0 0.0 0.0 0.0 0.0 0.0
2850 1913.958984375 1817.8715476989746 3.4712698427190674 0.0 0.0 0.0 0.0 0.0 0.0 0.0
2856 1909.9466552734375 1817.8715476989746 4.216786509604418 0.0 0.0 0.0 0.0 0.0 0.0 0.0
2880 1901.9217529296875 1817.8715476989746 5.613400179591764 0.0 0.0 0.0 0.0 0.0 0.0 0.0
3160 1905.9342041015625 1813.8590965270996 6.924716188301943 0.0 0.0 0.0 0.0 0.0 0.0 0.0
3183 1909.9466552734375 1813.8590965270996 6.248099325831532 0.0 0.0 0.0 0.0 0.0 0.0 0.0
3192 1925.9962158203125 1805.834316253662 7.6853529949014785 0.0 0.0 0.0 0.0 0.0 0.0 0.0
3201 1930.008544921875 1805.834316253662 7.035756003993981 0.0 0.0 0.0 0.0 0.0 0.0 0.0
3208 1942.0457763671875 1797.8095359802246 9.30228593679189 0.0 0.0 0.0 0.0 0.0 0.0 0.0
3224 1950.070556640625 1797.8095359802246 8.074472343052122 0.0 0.0 0.0 0.0 0.0 0.0 0.0
3240 1954.0828857421875 1793.797206878662 9.502193280790578 0.0 0.0 0.0 0.0 0.0 0.0 0.0
3256 1966.1201171875 1785.772304534912 12.115462294048399 0.0 0.0 0.0 0.0 0.0 0.0 0.0
3264 1974.1448974609375 1785.772304534912 11.097976384519711 0.0 0.0 0.0 0.0 0.0 0.0 0.0
3271 1978.1573486328125 1781.7599754333496 12.664578526395559 0.0 0.0 0.0 0.0 0.0 0.0 0.0
3280 1990.1944580078125 1777.7475242614746 13.408230750323497 0.0 0.0 0.0 0.0 0.0 0.0 0.0
3296 1998.21923828125 1773.735195159912 14.678325473588785 0.0 0.0 0.0 0.0 0.0 0.0 0.0
3303 2006.2440185546875 1773.735195159912 13.855138421435214 0.0 0.0 0.0 0.0 0.0 0.0 0.0
3311 2026.3060302734375 1765.7104148864746 16.327463017161875 0.0 0.0 0.0 0.0 0.0 0.0 0.0
3320 2030.318359375 1761.6979637145996 18.122398482224156 0.0 0.0 0.0 0.0 0.0 0.0 0.0
3336 2046.3680419921875 1757.685634613037 19.314838986255978 0.0 0.0 0.0 0.0 0.0 0.0 0.0
3343 2050.38037109375 1757.685634613037 19.09010490955623 0.0 0.0 0.0 0.0 0.0 0.0 0.0
3352 2058.4051513671875 1749.6608543395996 23.0680880696016 0.0 0.0 0.0 0.0 0.0 0.0 0.0
3360 2062.4176025390625 1749.6608543395996 22.983614113132518 0.0 0.0 0.0 0.0 0.0 0.0 0.0
3367 2082.4794921875 1741.636074066162 27.52395458698632 0.0 0.0 0.0 0.0 0.0 0.0 0.0
3384 2086.491943359375 1737.623622894287 29.748585130213797 0.0 0.0 0.0 0.0 0.0 0.0 0.0
3392 2098.529052734375 1733.6112937927246 32.58927353903837 0.0 0.0 0.0 0.0 0.0 0.0 0.0
3401 2106.553955078125 1733.6112937927246 33.15352430855498 0.0 0.0 0.0 0.0 0.0 0.0 0.0
3408 2118.591064453125 1729.5988426208496 36.378426367712535 0.0 0.0 0.0 0.0 0.0 0.0 0.0
3416 2126.6158447265625 1725.586513519287 39.394955057428746 0.0 0.0 0.0 0.0 0.0 0.0 0.0
3447 2130.6282958984375 1725.586513519287 39.91672054599795 0.0 0.0 0.0 0.0 0.0 0.0 0.0
3584 2130.6282958984375 1721.574062347412 41.901485826869845 0.0 0.0 0.0 0.0 0.0 0.0 0.0
3591 2130.6282958984375 1713.5492820739746 45.784006376000576 0.0 0.0 0.0 0.0 0.0 0.0 0.0
3599 2126.6158447265625 1697.4997215270996 52.24436352856489 0.0 0.0 0.0 0.0 0.0 0.0 0.0
3608 2126.6158447265625 1685.462490081787 57.50847554015027 0.0 0.0 0.0 0.0 0.0 0.0 0.0
3616 2122.603515625 1673.425380706787 61.31953444469244 0.0 0.0 0.0 0.0 0.0 0.0 0.0
3632 2114.5787353515625 1641.3261375427246 70.1760566808924 0.0 0.0 0.0 0.0 0.0 0.0 0.0
3640 2110.5662841796875 1629.2890281677246 72.84443533556785 0.0 0.0 0.0 0.0 0.0 0.0 0.0
3648 2110.5662841796875 1621.264247894287 75.49731155240451 0.0 0.0 0.0 0.0 0.0 0.0 0.0
3656 2106.553955078125 1613.2394676208496 76.48164430604706 0.0 0.0 0.0 0.0 0.0 0.0 0.0
3672 2106.553955078125 1597.1899070739746 81.13960659449296 0.0 0.0 0.0 0.0 0.0 0.0 0.0
3679 2102.54150390625 1589.165126800537 81.70774327694173 0.0 0.0 0.0 0.0 0.0 0.0 0.0
3687 2094.5167236328125 1569.103115081787 83.62428089637197 0.0 0.0 0.0 0.0 0.0 0.0 0.0
3703 2090.5042724609375 1565.090663909912 82.98244983543557 0.0 0.0 0.0 0.0 0.0 0.0 0.0
3712 2090.5042724609375 1557.0658836364746 85.06916483531691 0.0 0.0 0.0 0.0 0.0 0.0 0.0
3719 2082.4794921875 1528.9792137145996 88.03472660389158 0.0 0.0 0.0 0.0 0.0 0.0 0.0
3728 2078.4671630859375 1520.9543113708496 88.08877758445888 0.0 0.0 0.0 0.0 0.0 0.0 0.0
3736 2074.4547119140625 1508.9172019958496 88.98845098401787 0.0 0.0 0.0 0.0 0.0 0.0 0.0
3752 2070.4423828125 1488.8551902770996 91.31034497641625 0.0 0.0 0.0 0.0 0.0 0.0 0.0
3759 2066.429931640625 1476.8180809020996 91.88156450055644 0.0 0.0 0.0 0.0 0.0 0.0 0.0
3768 2066.429931640625 1472.8056297302246 92.67869828004766 0.0 0.0 0.0 0.0 0.0 0.0 0.0
3778 2062.4176025390625 1444.718837738037 95.61737172832383 0.0 0.0 0.0 0.0 0.0 0.0 0.0
3784 2062.4176025390625 1436.6940574645996 96.92435002184376 0.0 0.0 0.0 0.0 0.0 0.0 0.0
3800 2062.4176025390625 1428.669277191162 98.14718677144359 0.0 0.0 0.0 0.0 0.0 0.0 0.0
3807 2062.4176025390625 1416.632167816162 99.80867640368277 0.0 0.0 0.0 0.0 0.0 0.0 0.0
3815 2062.4176025390625 1392.5578269958496 102.55490005012652 0.0 0.0 0.0 0.0 0.0 0.0 0.0
3823 2058.4051513671875 1388.5453758239746 101.058241723968 0.0 0.0 0.0 0.0 0.0 0.0 0.0
3831 2058.4051513671875 1380.520595550537 102.01161090711363 0.0 0.0 0.0 0.0 0.0 0.0 0.0
3847 2058.4051513671875 1376.508144378662 102.4720745936946 0.0 0.0 0.0 0.0 0.0 0.0 0.0
3855 2058.4051513671875 1368.4833641052246 103.33227307412287 0.0 0.0 0.0 0.0 0.0 0.0 0.0
3871 2058.4051513671875 1364.471035003662 103.74767527895833 0.0 0.0 0.0 0.0 0.0 0.0 0.0
4056 2054.392822265625 1364.471035003662 101.73481373257644 0.0 0.0 0.0 0.0 0.0 0.0 0.0
4063 2046.3680419921875 1368.4833641052246 97.14989178720103 0.0 0.0 0.0 0.0 0.0 0.0 0.0
4071 2034.330810546875 1380.520595550537 88.7884760466998 0.0 0.0 0.0 0.0 0.0 0.0 0.0
4088 2030.318359375 1380.520595550537 86.96610669593613 0.0 0.0 0.0 0.0 0.0 0.0 0.0
4095 2022.2935791015625 1384.5329246520996 82.36037951002484 0.0 0.0 0.0 0.0 0.0 0.0 0.0
4103 2014.268798828125 1392.5578269958496 76.52854658624003 0.0 0.0 0.0 0.0 0.0 0.0 0.0
4112 2002.231689453125 1400.582607269287 69.2182425632989 0.0 0.0 0.0 0.0 0.0 0.0 0.0
4121 1994.2069091796875 1404.5949363708496 64.97777775816101 0.0 0.0 0.0 0.0 0.0 0.0 0.0
4136 1990.1944580078125 1408.6073875427246 62.0787017334508 0.0 0.0 0.0 0.0 0.0 0.0 0.0
4144 1974.1448974609375 1412.619716644287 56.05560994493172 0.0 0.0 0.0 0.0 0.0 0.0 0.0
4152 1966.1201171875 1412.619716644287 54.06401020639774 0.0 0.0 0.0 0.0 0.0 0.0 0.0
4160 1950.070556640625 1412.619716644287 50.5339864115177 0.0 0.0 0.0 0.0 0.0 0.0 0.0
4176 1946.05810546875 1412.619716644287 49.68002864808787 0.0 0.0 0.0 0.0 0.0 0.0 0.0
4184 1942.0457763671875 1416.632167816162 46.99040454085471 0.0 0.0 0.0 0.0 0.0 0.0 0.0
4192 1921.9837646484375 1416.632167816162 43.721107313579495 0.0 0.0 0.0 0.0 0.0 0.0 0.0
4201 1917.971435546875 1416.632167816162 43.08927573499173 0.0 0.0 0.0 0.0 0.0 0.0 0.0
4207 1913.958984375 1416.632167816162 42.47848764934676 0.0 0.0 0.0 0.0 0.0 0.0 0.0
4223 1893.89697265625 1420.6444969177246 38.15611878881751 0.0 0.0 0.0 0.0 0.0 0.0 0.0
4231 1881.85986328125 1420.6444969177246 36.908458013694 0.0 0.0 0.0 0.0 0.0 0.0 0.0
4239 1873.8350830078125 1420.6444969177246 36.131780227343285 0.0 0.0 0.0 0.0 0.0 0.0 0.0
4248 1861.7978515625 1420.6444969177246 35.07906736783744 0.0 0.0 0.0 0.0 0.0 0.0 0.0
4264 1853.7730712890625 1420.6444969177246 34.42398212343656 0.0 0.0 0.0 0.0 0.0 0.0 0.0
4271 1825.686279296875 1416.632167816162 34.22612564612726 0.0 0.0 0.0 0.0 0.0 0.0 0.0
4279 1821.6739501953125 1416.632167816162 33.91669559727907 0.0 0.0 0.0 0.0 0.0 0.0 0.0
4288 1813.649169921875 1416.632167816162 33.3391416482356 0.0 0.0 0.0 0.0 0.0 0.0 0.0
4303 1797.599609375 1416.632167816162 32.32878415939527 0.0 0.0 0.0 0.0 0.0 0.0 0.0
4311 1785.5623779296875 1416.632167816162 31.64470759589838 0.0 0.0 0.0 0.0 0.0 0.0 0.0
4319 1777.53759765625 1416.632167816162 31.219224745260448 0.0 0.0 0.0 0.0 0.0 0.0 0.0
4327 1761.488037109375 1416.632167816162 30.475311548736926 0.0 0.0 0.0 0.0 0.0 0.0 0.0
4336 1757.4755859375 1416.632167816162 30.29576227875046 0.0 0.0 0.0 0.0 0.0 0.0 0.0
4351 1749.4508056640625 1416.632167816162 29.960839141818752 0.0 0.0 0.0 0.0 0.0 0.0 0.0
4359 1741.426025390625 1416.632167816162 29.648453865353616 0.0 0.0 0.0 0.0 0.0 0.0 0.0
4369 1729.388916015625 1416.632167816162 29.22559817975295 0.0 0.0 0.0 0.0 0.0 0.0 0.0
4375 1725.37646484375 1416.632167816162 29.089558516295625 0.0 0.0 0.0 0.0 0.0 0.0 0.0
4383 1713.33935546875 1412.619716644287 30.582024026212736 0.0 0.0 0.0 0.0 0.0 0.0 0.0
4400 1709.326904296875 1412.619716644287 30.398819983517825 0.0 0.0 0.0 0.0 0.0 0.0 0.0
4408 1701.3021240234375 1412.619716644287 30.0569858080909 0.0 0.0 0.0 0.0 0.0 0.0 0.0
4417 1685.2525634765625 1412.619716644287 29.459421016888797 0.0 0.0 0.0 0.0 0.0 0.0 0.0
4425 1681.2401123046875 1412.619716644287 29.315245660193824 0.0 0.0 0.0 0.0 0.0 0.0 0.0
4431 1677.227783203125 1412.619716644287 29.176100008163104 0.0 0.0 0.0 0.0 0.0 0.0 0.0
4448 1665.1905517578125 1412.619716644287 28.79934357194773 0.0 0.0 0.0 0.0 0.0 0.0 0.0
4463 1649.1409912109375 1408.6073875427246 30.16348896968114 0.0 0.0 0.0 0.0 0.0 0.0 0.0
4471 1641.1162109375 1408.6073875427246 29.837471442868292 0.0 0.0 0.0 0.0 0.0 0.0 0.0
4487 1637.103759765625 1408.6073875427246 29.680103360466234 0.0 0.0 0.0 0.0 0.0 0.0 0.0
4495 1633.0914306640625 1408.6073875427246 29.52826107145549 0.0 0.0 0.0 0.0 0.0 0.0 0.0
4720 1637.103759765625 1408.6073875427246 29.68582372919397 0.0 0.0 0.0 0.0 0.0 0.0 0.0
4735 1641.1162109375 1408.6073875427246 29.84925285297564 0.0 0.0 0.0 0.0 0.0 0.0 0.0
4744 1653.1534423828125 1408.6073875427246 30.398959169268466 0.0 0.0 0.0 0.0 0.0 0.0 0.0
4768 1665.1905517578125 1408.6073875427246 31.015150455066674 0.0 0.0 0.0 0.0 0.0 0.0 0.0
4783 1673.21533203125 1408.6073875427246 31.457739674487215 0.0 0.0 0.0 0.0 0.0 0.0 0.0
4799 1681.2401123046875 1408.6073875427246 31.93457869114664 0.0 0.0 0.0 0.0 0.0 0.0 0.0
4807 1693.27734375 1404.5949363708496 35.0236913090192 0.0 0.0 0.0 0.0 0.0 0.0 0.0
4818 1701.3021240234375 1404.5949363708496 35.77502965902514 0.0 0.0 0.0 0.0 0.0 0.0 0.0
4826 1709.326904296875 1400.582607269287 38.75188011771931 0.0 0.0 0.0 0.0 0.0 0.0 0.0
4831 1725.37646484375 1400.582607269287 40.98890459665918 0.0 0.0 0.0 0.0 0.0 0.0 0.0
4848 1729.388916015625 1396.570156097412 43.60526195267434 0.0 0.0 0.0 0.0 0.0 0.0 0.0
4855 1741.426025390625 1392.5578269958496 47.90635085538557 0.0 0.0 0.0 0.0 0.0 0.0 0.0
4863 1749.4508056640625 1392.5578269958496 49.60984797332637 0.0 0.0 0.0 0.0 0.0 0.0 0.0
4871 1765.5003662109375 1388.5453758239746 55.58244507959304 0.0 0.0 0.0 0.0 0.0 0.0 0.0
4879 1777.53759765625 1384.5329246520996 60.88688860988205 0.0 0.0 0.0 0.0 0.0 0.0 0.0
4895 1781.550048828125 1384.5329246520996 62.12743243222721 0.0 0.0 0.0 0.0 0.0 0.0 0.0
4903 1805.6243896484375 1384.5329246520996 71.06011988072137 0.0 0.0 0.0 0.0 0.0 0.0 0.0
4912 1813.649169921875 1384.5329246520996 74.18009397142217 0.0 0.0 0.0 0.0 0.0 0.0 0.0
4927 1825.686279296875 1384.5329246520996 79.2040150348245 0.0 0.0 0.0 0.0 0.0 0.0 0.0
4935 1829.69873046875 1384.5329246520996 80.91243426680072 0.0 0.0 0.0 0.0 0.0 0.0 0.0
4943 1837.7235107421875 1384.5329246520996 84.46961648929116 0.0 0.0 0.0 0.0 0.0 0.0 0.0
4951 1849.7607421875 1384.5329246520996 90.09772304963988 0.0 0.0 0.0 0.0 0.0 0.0 0.0
4968 1857.7855224609375 1384.5329246520996 93.9569481654552 0.0 0.0 0.0 0.0 0.0 0.0 0.0
4975 1861.7978515625 1384.5329246520996 95.91005917578079 0.0 0.0 0.0 0.0 0.0 0.0 0.0
4983 1869.8226318359375 1380.520595550537 100.4483647077814 0.0 0.0 0.0 0.0 0.0 0.0 0.0
4991 1885.8721923828125 1380.520595550537 108.70342568586162 0.0 0.0 0.0 0.0 0.0 0.0 0.0
4999 1897.909423828125 1380.520595550537 114.92680562386911 0.0 0.0 0.0 0.0 0.0 0.0 0.0
5015 1901.9217529296875 1376.508144378662 116.93835722953435 0.0 0.0 0.0 0.0 0.0 0.0 0.0
5023 1917.971435546875 1372.4958152770996 124.79123045008129 0.0 0.0 0.0 0.0 0.0 0.0 0.0
5031 1921.9837646484375 1372.4958152770996 126.82052334974998 0.0 0.0 0.0 0.0 0.0 0.0 0.0
5039 1938.0333251953125 1372.4958152770996 134.65946825438948 0.0 0.0 0.0 0.0 0.0 0.0 0.0
5049 1942.0457763671875 1368.4833641052246 135.87148890652242 0.0 0.0 0.0 0.0 0.0 0.0 0.0
5072 1970.1324462890625 1368.4833641052246 148.14432209741355 0.0 0.0 0.0 0.0 0.0 0.0 0.0
5079 1978.1573486328125 1368.4833641052246 151.4891669280138 0.0 0.0 0.0 0.0 0.0 0.0 0.0
5088 1982.169677734375 1368.4833641052246 153.1252430760311 0.0 0.0 0.0 0.0 0.0 0.0 0.0
5095 1994.2069091796875 1364.471035003662 156.44443006370898 0.0 0.0 0.0 0.0 0.0 0.0 0.0
5112 2018.28125 1364.471035003662 164.57939385180845 0.0 0.0 0.0 0.0 0.0 0.0 0.0
5119 2022.2935791015625 1364.471035003662 165.89443270030057 0.0 0.0 0.0 0.0 0.0 0.0 0.0
5127 2026.3060302734375 1364.471035003662 167.17344858988588 0.0 0.0 0.0 0.0 0.0 0.0 0.0
5135 2038.34326171875 1364.471035003662 170.70428970355943 0.0 0.0 0.0 0.0 0.0 0.0 0.0
5143 2046.3680419921875 1364.471035003662 172.92351693644594 0.0 0.0 0.0 0.0 0.0 0.0 0.0
5175 2054.392822265625 1364.471035003662 175.01365322733625 0.0 0.0 0.0 0.0 0.0 0.0 0.0
5408 2050.38037109375 1360.458583831787 172.14648560869068 0.0 0.0 0.0 0.0 0.0 0.0 0.0
5431 2042.3555908203125 1360.458583831787 169.73610694890422 0.0 0.0 0.0 0.0 0.0 0.0 0.0
5441 2034.330810546875 1360.458583831787 167.1776785532756 0.0 0.0 0.0 0.0 0.0 0.0 0.0
5463 2018.28125 1360.458583831787 161.42589216735402 0.0 0.0 0.0 0.0 0.0 0.0 0.0
5471 2010.2564697265625 1360.458583831787 158.39992393855965 0.0 0.0 0.0 0.0 0.0 0.0 0.0
5479 2002.231689453125 1360.458583831787 155.2215954673465 0.0 0.0 0.0 0.0 0.0 0.0 0.0
5487 1986.18212890625 1360.458583831787 148.25343996303508 0.0 0.0 0.0 0.0 0.0 0.0 0.0
5503 1974.1448974609375 1360.458583831787 142.73083984779979 0.0 0.0 0.0 0.0 0.0 0.0 0.0
5512 1950.070556640625 1360.458583831787 130.66179152138278 0.0 0.0 0.0 0.0 0.0 0.0 0.0
5520 1938.0333251953125 1360.458583831787 124.51854353365752 0.0 0.0 0.0 0.0 0.0 0.0 0.0
5527 1930.008544921875 1360.458583831787 120.39032488793521 0.0 0.0 0.0 0.0 0.0 0.0 0.0
5544 1913.958984375 1360.458583831787 112.09281232532012 0.0 0.0 0.0 0.0 0.0 0.0 0.0
5551 1909.9466552734375 1364.471035003662 109.83330706018242 0.0 0.0 0.0 0.0 0.0 0.0 0.0
5559 1901.9217529296875 1364.471035003662 105.74663879716698 0.0 0.0 0.0 0.0 0.0 0.0 0.0
5567 1885.8721923828125 1364.471035003662 97.8229362372796 0.0 0.0 0.0 0.0 0.0 0.0 0.0
5575 1877.847412109375 1368.4833641052246 93.2022496943869 0.0 0.0 0.0 0.0 0.0 0.0 0.0
5591 1873.8350830078125 1368.4833641052246 91.31067496750669 0.0 0.0 0.0 0.0 0.0 0.0 0.0
5608 1861.7978515625 1368.4833641052246 85.89279836098322 0.0 0.0 0.0 0.0 0.0 0.0 0.0
5615 1853.7730712890625 1368.4833641052246 82.41418597021274 0.0 0.0 0.0 0.0 0.0 0.0 0.0
5623 1849.7607421875 1368.4833641052246 80.70994314386618 0.0 0.0 0.0 0.0 0.0 0.0 0.0
5639 1833.7110595703125 1368.4833641052246 74.43624510245516 0.0 0.0 0.0 0.0 0.0 0.0 0.0
5647 1825.686279296875 1368.4833641052246 71.4498206354281 0.0 0.0 0.0 0.0 0.0 0.0 0.0
5655 1817.6614990234375 1368.4833641052246 68.60939305963021 0.0 0.0 0.0 0.0 0.0 0.0 0.0
5664 1793.587158203125 1368.4833641052246 61.29279520791491 0.0 0.0 0.0 0.0 0.0 0.0 0.0
5672 1785.5623779296875 1368.4833641052246 58.99616244001109 0.0 0.0 0.0 0.0 0.0 0.0 0.0
5687 1777.53759765625 1368.4833641052246 56.8314561681083 0.0 0.0 0.0 0.0 0.0 0.0 0.0
5698 1769.5128173828125 1368.4833641052246 54.793732797250556 0.0 0.0 0.0 0.0 0.0 0.0 0.0
5703 1749.4508056640625 1368.4833641052246 50.40137514421215 0.0 0.0 0.0 0.0 0.0 0.0 0.0
5712 1745.4384765625 1368.4833641052246 49.55167370987019 0.0 0.0 0.0 0.0 0.0 0.0 0.0
5721 1729.388916015625 1368.4833641052246 46.55141715981634 0.0 0.0 0.0 0.0 0.0 0.0 0.0
5736 1725.37646484375 1368.4833641052246 45.826163107582175 0.0 0.0 0.0 0.0 0.0 0.0 0.0
5751 1717.3516845703125 1368.4833641052246 44.46788991118652 0.0 0.0 0.0 0.0 0.0 0.0 0.0
5760 1709.326904296875 1368.4833641052246 43.19675704808506 0.0 0.0 0.0 0.0 0.0 0.0 0.0
5783 1705.314453125 1368.4833641052246 42.58240954504359 0.0 0.0 0.0 0.0 0.0 0.0 0.0
5791 1701.3021240234375 1364.471035003662 43.886022477418265 0.0 0.0 0.0 0.0 0.0 0.0 0.0
5799 1693.27734375 1364.471035003662 42.65245020427213 0.0 0.0 0.0 0.0 0.0 0.0 0.0
6128 1697.2896728515625 1368.4833641052246 41.22862140953302 0.0 0.0 0.0 0.0 0.0 0.0 0.0
6135 1697.2896728515625 1380.520595550537 35.09578345779991 0.0 0.0 0.0 0.0 0.0 0.0 0.0
6143 1701.3021240234375 1384.5329246520996 33.33393780121904 0.0 0.0 0.0 0.0 0.0 0.0 0.0
6151 1701.3021240234375 1396.570156097412 27.113426724424272 0.0 0.0 0.0 0.0 0.0 0.0 0.0
6160 1701.3021240234375 1404.5949363708496 22.97245759847479 0.0 0.0 0.0 0.0 0.0 0.0 0.0
6175 1701.3021240234375 1424.6569480895996 12.812867749777666 0.0 0.0 0.0 0.0 0.0 0.0 0.0
6184 1701.3021240234375 1436.6940574645996 6.909158760386333 0.0 0.0 0.0 0.0 0.0 0.0 0.0
6192 1701.3021240234375 1440.7065086364746 4.96761585583414 0.0 0.0 0.0 0.0 0.0 0.0 0.0
6199 1705.314453125 1444.718837738037 2.2504698977274415 0.0 0.0 0.0 0.0 0.0 0.0 0.0
6208 1705.314453125 1452.7436180114746 358.5509134347786 0.0 0.0 0.0 0.0 0.0 0.0 0.0
6239 1705.314453125 1456.7560691833496 356.73257817927595 0.0 0.0 0.0 0.0 0.0 0.0 0.0
6247 1705.314453125 1460.7685203552246 354.94604009759325 0.0 0.0 0.0 0.0 0.0 0.0 0.0
6263 1705.314453125 1464.780849456787 353.19244268751413 0.0 0.0 0.0 0.0 0.0 0.0 0.0
6271 1705.314453125 1476.8180809020996 348.23154069561247 0.0 0.0 0.0 0.0 0.0 0.0 0.0
6279 1705.314453125 1480.830410003662 346.61567892499795 0.0 0.0 0.0 0.0 0.0 0.0 0.0
6287 1705.314453125 1488.8551902770996 343.5270440032514 0.0 0.0 0.0 0.0 0.0 0.0 0.0
6304 1701.3021240234375 1500.892421722412 340.57209926135215 0.0 0.0 0.0 0.0 0.0 0.0 0.0
6311 1697.2896728515625 1508.9172019958496 339.19468322225555 0.0 0.0 0.0 0.0 0.0 0.0 0.0
6319 1697.2896728515625 1516.941982269287 336.468960155194 0.0 0.0 0.0 0.0 0.0 0.0 0.0
6327 1693.27734375 1537.003993988037 331.9495977009352 0.0 0.0 0.0 0.0 0.0 0.0 0.0
6337 1689.264892578125 1541.0163230895996 332.3554395314744 0.0 0.0 0.0 0.0 0.0 0.0 0.0
6345 1689.264892578125 1553.053554534912 328.9165734294439 0.0 0.0 0.0 0.0 0.0 0.0 0.0
6360 1689.264892578125 1561.0783348083496 326.75648706033496 0.0 0.0 0.0 0.0 0.0 0.0 0.0
6368 1689.264892578125 1577.1278953552246 322.91731297003037 0.0 0.0 0.0 0.0 0.0 0.0 0.0
6375 1689.264892578125 1581.140224456787 321.9880878345747 0.0 0.0 0.0 0.0 0.0 0.0 0.0
6384 1689.264892578125 1585.152675628662 321.0880099065162 0.0 0.0 0.0 0.0 0.0 0.0 0.0
6392 1689.264892578125 1601.202236175537 317.90586326014784 0.0 0.0 0.0 0.0 0.0 0.0 0.0
6408 1689.264892578125 1605.214687347412 317.1364597553801 0.0 0.0 0.0 0.0 0.0 0.0 0.0
6423 1689.264892578125 1621.264247894287 314.4251004811482 0.0 0.0 0.0 0.0 0.0 0.0 0.0
6432 1689.264892578125 1625.2765769958496 313.76994781362987 0.0 0.0 0.0 0.0 0.0 0.0 0.0
6442 1689.264892578125 1633.301357269287 312.5438393463231 0.0 0.0 0.0 0.0 0.0 0.0 0.0
6455 1689.264892578125 1641.3261375427246 311.3971700643838 0.0 0.0 0.0 0.0 0.0 0.0 0.0
6465 1689.264892578125 1661.3881492614746 308.95616795741194 0.0 0.0 0.0 0.0 0.0 0.0 0.0
6471 1689.264892578125 1669.412929534912 308.0441772536684 0.0 0.0 0.0 0.0 0.0 0.0 0.0
6479 1689.264892578125 1677.4377098083496 307.1923454171882 0.0 0.0 0.0 0.0 0.0 0.0 0.0
6490 1689.264892578125 1693.4872703552246 305.7002165676662 0.0 0.0 0.0 0.0 0.0 0.0 0.0
6503 1693.27734375 1697.4997215270996 303.35991325161024 0.0 0.0 0.0 0.0 0.0 0.0 0.0
6513 1693.27734375 1701.512050628662 303.08042838162885 0.0 0.0 0.0 0.0 0.0 0.0 0.0
6576 1693.27734375 1705.524501800537 302.81059264400227 0.0 0.0 0.0 0.0 0.0 0.0 0.0
6583 1693.27734375 1709.5368309020996 302.55010089271946 0.0 0.0 0.0 0.0 0.0 0.0 0.0
6599 1693.27734375 1713.5492820739746 302.298582115774 0.0 0.0 0.0 0.0 0.0 0.0 0.0
6664 1697.2896728515625 1717.561611175537 300.0635550107884 0.0 0.0 0.0 0.0 0.0 0.0 0.0
6671 1697.2896728515625 1733.6112937927246 299.4651596401765 0.0 0.0 0.0 0.0 0.0 0.0 0.0
6679 1697.2896728515625 1745.6484031677246 299.06013706958083 0.0 0.0 0.0 0.0 0.0 0.0 0.0
6688 1697.2896728515625 1753.673183441162 298.8083225534896 0.0 0.0 0.0 0.0 0.0 0.0 0.0
6704 1697.2896728515625 1765.7104148864746 298.46747084446395 0.0 0.0 0.0 0.0 0.0 0.0 0.0
6904 1697.2896728515625 1761.6979637145996 298.5853571622048 0.0 0.0 0.0 0.0 0.0 0.0 0.0
6911 1697.2896728515625 1741.636074066162 299.304343039654 0.0 0.0 0.0 0.0 0.0 0.0 0.0
6919 1697.2896728515625 1729.5988426208496 299.78805066336713 0.0 0.0 0.0 0.0 0.0 0.0 0.0
6936 1697.2896728515625 1717.561611175537 300.33032298223674 0.0 0.0 0.0 0.0 0.0 0.0 0.0
7024 1701.3021240234375 1717.561611175537 298.26215637413986 0.0 0.0 0.0 0.0 0.0 0.0 0.0
7039 1705.314453125 1717.561611175537 296.19155640546603 0.0 0.0 0.0 0.0 0.0 0.0 0.0
7047 1713.33935546875 1717.561611175537 292.05380101023525 0.0 0.0 0.0 0.0 0.0 0.0 0.0
7056 1721.3641357421875 1717.561611175537 287.94367868003997 0.0 0.0 0.0 0.0 0.0 0.0 0.0
7065 1733.4012451171875 1717.561611175537 281.89100577828754 0.0 0.0 0.0 0.0 0.0 0.0 0.0
7079 1757.4755859375 1717.561611175537 270.5384081280956 0.0 0.0 0.0 0.0 0.0 0.0 0.0
7088 1769.5128173828125 1717.561611175537 265.1601470686955 0.0 0.0 0.0 0.0 0.0 0.0 0.0
7095 1781.550048828125 1717.561611175537 260.08055695414714 0.0 0.0 0.0 0.0 0.0 0.0 0.0
7104 1809.63671875 1721.574062347412 251.10128235602687 0.0 0.0 0.0 0.0 0.0 0.0 0.0
7119 1813.649169921875 1721.574062347412 249.6542603406749 0.0 0.0 0.0 0.0 0.0 0.0 0.0
7127 1821.6739501953125 1725.586513519287 248.34271957423994 0.0 0.0 0.0 0.0 0.0 0.0 0.0
7136 1833.7110595703125 1729.5988426208496 245.87661152168792 0.0 0.0 0.0 0.0 0.0 0.0 0.0
7144 1837.7235107421875 1729.5988426208496 244.5666493937071 0.0 0.0 0.0 0.0 0.0 0.0 0.0
7151 1841.7359619140625 1729.5988426208496 243.29266003560198 0.0 0.0 0.0 0.0 0.0 0.0 0.0
7167 1849.7607421875 1729.5988426208496 240.88372200854917 0.0 0.0 0.0 0.0 0.0 0.0 0.0
7175 1865.810302734375 1729.5988426208496 236.5821010201149 0.0 0.0 0.0 0.0 0.0 0.0 0.0
7183 1869.8226318359375 1729.5988426208496 235.5400353948454 0.0 0.0 0.0 0.0 0.0 0.0 0.0
7191 1877.847412109375 1729.5988426208496 233.57923588098575 0.0 0.0 0.0 0.0 0.0 0.0 0.0
7199 1905.9342041015625 1729.5988426208496 227.98579758601088 0.0 0.0 0.0 0.0 0.0 0.0 0.0
7215 1921.9837646484375 1729.5988426208496 225.17243431247712 0.0 0.0 0.0 0.0 0.0 0.0 0.0
7223 1934.02099609375 1729.5988426208496 223.2591223476447 0.0 0.0 0.0 0.0 0.0 0.0 0.0
7231 1942.0457763671875 1729.5988426208496 222.06606223943064 0.0 0.0 0.0 0.0 0.0 0.0 0.0
7239 1966.1201171875 1725.586513519287 217.43074830229298 0.0 0.0 0.0 0.0 0.0 0.0 0.0
7247 1986.18212890625 1725.586513519287 215.58580678698416 0.0 0.0 0.0 0.0 0.0 0.0 0.0
7255 1994.2069091796875 1721.574062347412 212.9809973925599 0.0 0.0 0.0 0.0 0.0 0.0 0.0
7271 2018.28125 1717.561611175537 209.91989729353776 0.0 0.0 0.0 0.0 0.0 0.0 0.0
7279 2030.318359375 1713.5492820739746 207.60325478706835 0.0 0.0 0.0 0.0 0.0 0.0 0.0
7287 2038.34326171875 1713.5492820739746 207.44949383723866 0.0 0.0 0.0 0.0 0.0 0.0 0.0
7303 2066.429931640625 1709.5368309020996 205.367099858087 0.0 0.0 0.0 0.0 0.0 0.0 0.0
7311 2070.4423828125 1709.5368309020996 205.36549941932032 0.0 0.0 0.0 0.0 0.0 0.0 0.0
7319 2090.5042724609375 1709.5368309020996 205.35880714791705 0.0 0.0 0.0 0.0 0.0 0.0 0.0
7343 2094.5167236328125 1709.5368309020996 205.35753560521215 0.0 0.0 0.0 0.0 0.0 0.0 0.0
7352 2098.529052734375 1709.5368309020996 205.3562589997567 0.0 0.0 0.0 0.0 0.0 0.0 0.0
7568 2090.5042724609375 1709.5368309020996 205.35893598794829 0.0 0.0 0.0 0.0 0.0 0.0 0.0
7575 2086.491943359375 1709.5368309020996 205.36035113444234 0.0 0.0 0.0 0.0 0.0 0.0 0.0
7591 2082.4794921875 1709.5368309020996 205.3617888967658 0.0 0.0 0.0 0.0 0.0 0.0 0.0
7599 2070.4423828125 1709.5368309020996 205.36666097511818 0.0 0.0 0.0 0.0 0.0 0.0 0.0
7607 2066.429931640625 1709.5368309020996 205.36832397915458 0.0 0.0 0.0 0.0 0.0 0.0 0.0
7615 2054.392822265625 1713.5492820739746 207.6948517684502 0.0 0.0 0.0 0.0 0.0 0.0 0.0
7631 2050.38037109375 1713.5492820739746 207.78377889006552 0.0 0.0 0.0 0.0 0.0 0.0 0.0
7639 2046.3680419921875 1713.5492820739746 207.87606612257412 0.0 0.0 0.0 0.0 0.0 0.0 0.0
7647 2038.34326171875 1717.561611175537 210.29864946091436 0.0 0.0 0.0 0.0 0.0 0.0 0.0
7655 2034.330810546875 1717.561611175537 210.48498781265647 0.0 0.0 0.0 0.0 0.0 0.0 0.0
7663 2022.2935791015625 1721.574062347412 213.4100163116113 0.0 0.0 0.0 0.0 0.0 0.0 0.0
7679 2010.2564697265625 1721.574062347412 214.3888904739334 0.0 0.0 0.0 0.0 0.0 0.0 0.0
7687 1998.21923828125 1721.574062347412 215.4849240753499 0.0 0.0 0.0 0.0 0.0 0.0 0.0
7695 1994.2069091796875 1721.574062347412 215.86371535931437 0.0 0.0 0.0 0.0 0.0 0.0 0.0
7703 1986.18212890625 1721.574062347412 216.67921038142936 0.0 0.0 0.0 0.0 0.0 0.0 0.0
7711 1966.1201171875 1725.586513519287 221.56935998324582 0.0 0.0 0.0 0.0 0.0 0.0 0.0
7727 1958.0953369140625 1725.586513519287 222.81415661522922 0.0 0.0 0.0 0.0 0.0 0.0 0.0
7735 1950.070556640625 1725.586513519287 224.1507293968234 0.0 0.0 0.0 0.0 0.0 0.0 0.0
7743 1934.02099609375 1729.5988426208496 229.43086248480444 0.0 0.0 0.0 0.0 0.0 0.0 0.0
7751 1925.9962158203125 1733.6112937927246 233.19996871652853 0.0 0.0 0.0 0.0 0.0 0.0 0.0
7759 1917.971435546875 1733.6112937927246 235.2674439325113 0.0 0.0 0.0 0.0 0.0 0.0 0.0
7767 1901.9217529296875 1733.6112937927246 239.98277342075892 0.0 0.0 0.0 0.0 0.0 0.0 0.0
7783 1893.89697265625 1733.6112937927246 242.48499976013116 0.0 0.0 0.0 0.0 0.0 0.0 0.0
7791 1889.8846435546875 1733.6112937927246 243.77253775656922 0.0 0.0 0.0 0.0 0.0 0.0 0.0
7799 1857.7855224609375 1737.623622894287 258.41992375137335 0.0 0.0 0.0 0.0 0.0 0.0 0.0
7807 1853.7730712890625 1737.623622894287 260.1118247104174 0.0 0.0 0.0 0.0 0.0 0.0 0.0
7817 1841.7359619140625 1737.623622894287 265.5089961584156 0.0 0.0 0.0 0.0 0.0 0.0 0.0
7833 1829.69873046875 1737.623622894287 271.18666428359893 0.0 0.0 0.0 0.0 0.0 0.0 0.0
7840 1801.6119384765625 1741.636074066162 285.98767350319054 0.0 0.0 0.0 0.0 0.0 0.0 0.0
7847 1797.599609375 1745.6484031677246 288.29638293131245 0.0 0.0 0.0 0.0 0.0 0.0 0.0
7856 1781.550048828125 1745.6484031677246 296.60510989981947 0.0 0.0 0.0 0.0 0.0 0.0 0.0
7864 1753.4632568359375 1749.6608543395996 310.207296170685 0.0 0.0 0.0 0.0 0.0 0.0 0.0
7880 1745.4384765625 1749.6608543395996 314.1301423274807 0.0 0.0 0.0 0.0 0.0 0.0 0.0
7889 1725.37646484375 1753.673183441162 322.4306255912725 0.0 0.0 0.0 0.0 0.0 0.0 0.0
7895 1701.3021240234375 1757.685634613037 331.3022032630466 0.0 0.0 0.0 0.0 0.0 0.0 0.0
7904 1693.27734375 1757.685634613037 334.5131971385895 0.0 0.0 0.0 0.0 0.0 0.0 0.0
7919 1677.227783203125 1761.6979637145996 339.06903075214564 0.0 0.0 0.0 0.0 0.0 0.0 0.0
7927 1669.2030029296875 1761.6979637145996 341.91564547703956 0.0 0.0 0.0 0.0 0.0 0.0 0.0
7936 1665.1905517578125 1765.7104148864746 341.83813948278976 0.0 0.0 0.0 0.0 0.0 0.0 0.0
8095 1661.17822265625 1765.7104148864746 343.22620617525945 0.0 0.0 0.0 0.0 0.0 0.0 0.0
8111 1657.165771484375 1765.7104148864746 344.5776646348763 0.0 0.0 0.0 0.0 0.0 0.0 0.0
8127 1649.1409912109375 1745.6484031677246 355.69300058923784 0.0 0.0 0.0 0.0 0.0 0.0 0.0
8135 1649.1409912109375 1741.636074066162 357.52477328432195 0.0 0.0 0.0 0.0 0.0 0.0 0.0
8151 1649.1409912109375 1733.6112937927246 1.3100185398649558 0.0 0.0 0.0 0.0 0.0 0.0 0.0
8162 1645.128662109375 1717.561611175537 9.875944400744373 0.0 0.0 0.0 0.0 0.0 0.0 0.0
8167 1641.1162109375 1713.5492820739746 12.358834824884212 0.0 0.0 0.0 0.0 0.0 0.0 0.0
8175 1641.1162109375 1705.524501800537 16.45366961400819 0.0 0.0 0.0 0.0 0.0 0.0 0.0
8186 1637.103759765625 1701.512050628662 18.748174086011062 0.0 0.0 0.0 0.0 0.0 0.0 0.0
8199 1637.103759765625 1685.462490081787 27.05516824068482 0.0 0.0 0.0 0.0 0.0 0.0 0.0
8208 1637.103759765625 1677.4377098083496 31.17794388830552 0.0 0.0 0.0 0.0 0.0 0.0 0.0
8218 1637.103759765625 1665.4006004333496 37.26617641690635 0.0 0.0 0.0 0.0 0.0 0.0 0.0
8223 1637.103759765625 1637.313808441162 50.499577934850805 0.0 0.0 0.0 0.0 0.0 0.0 0.0
8233 1633.0914306640625 1625.2765769958496 54.88502032793198 0.0 0.0 0.0 0.0 0.0 0.0 0.0
8247 1633.0914306640625 1605.214687347412 63.095727787776724 0.0 0.0 0.0 0.0 0.0 0.0 0.0
8255 1633.0914306640625 1589.165126800537 69.08747134593116 0.0 0.0 0.0 0.0 0.0 0.0 0.0
8264 1633.0914306640625 1549.041103363037 80.88020667443229 0.0 0.0 0.0 0.0 0.0 0.0 0.0
8271 1633.0914306640625 1541.0163230895996 83.08930862745424 0.0 0.0 0.0 0.0 0.0 0.0 0.0
8279 1633.0914306640625 1524.9667625427246 87.0189706454764 0.0 0.0 0.0 0.0 0.0 0.0 0.0
8295 1637.103759765625 1496.879970550537 94.19312585567585 0.0 0.0 0.0 0.0 0.0 0.0 0.0
8303 1637.103759765625 1492.8676414489746 94.9150292905912 0.0 0.0 0.0 0.0 0.0 0.0 0.0
8311 1637.103759765625 1480.830410003662 96.88025631865847 0.0 0.0 0.0 0.0 0.0 0.0 0.0
8319 1637.103759765625 1472.8056297302246 98.10589706305953 0.0 0.0 0.0 0.0 0.0 0.0 0.0
8327 1637.103759765625 1456.7560691833496 100.25868611046226 0.0 0.0 0.0 0.0 0.0 0.0 0.0
8336 1641.1162109375 1448.731288909912 103.15650761114992 0.0 0.0 0.0 0.0 0.0 0.0 0.0
8351 1641.1162109375 1444.718837738037 103.57790651737722 0.0 0.0 0.0 0.0 0.0 0.0 0.0
8359 1641.1162109375 1428.669277191162 105.05422658521738 0.0 0.0 0.0 0.0 0.0 0.0 0.0
8367 1641.1162109375 1420.6444969177246 105.74326531757535 0.0 0.0 0.0 0.0 0.0 0.0 0.0
8375 1641.1162109375 1412.619716644287 106.38640831394687 0.0 0.0 0.0 0.0 0.0 0.0 0.0
8383 1641.1162109375 1404.5949363708496 106.9866948221808 0.0 0.0 0.0 0.0 0.0 0.0 0.0
8399 1641.1162109375 1400.582607269287 107.27647831320039 0.0 0.0 0.0 0.0 0.0 0.0 0.0
8408 1641.1162109375 1396.570156097412 107.55622592678398 0.0 0.0 0.0 0.0 0.0 0.0 0.0
8423 1641.1162109375 1392.5578269958496 107.82628688085495 0.0 0.0 0.0 0.0 0.0 0.0 0.0
8447 1641.1162109375 1384.5329246520996 108.33034888591695 0.0 0.0 0.0 0.0 0.0 0.0 0.0
8455 1641.1162109375 1380.520595550537 108.57362526850707 0.0 0.0 0.0 0.0 0.0 0.0 0.0
8463 1637.103759765625 1380.520595550537 106.52710418817244 0.0 0.0 0.0 0.0 0.0 0.0 0.0
8471 1637.103759765625 1376.508144378662 106.83276609172711 0.0 0.0 0.0 0.0 0.0 0.0 0.0
8479 1633.0914306640625 1356.4462547302246 106.39397130275765 0.0 0.0 0.0 0.0 0.0 0.0 0.0
8495 1633.0914306640625 1352.4338035583496 106.70418378123034 0.0 0.0 0.0 0.0 0.0 0.0 0.0
8504 1633.0914306640625 1348.421474456787 107.00372802677626 0.0 0.0 0.0 0.0 0.0 0.0 0.0
8512 1633.0914306640625 1340.3966941833496 107.5627604641235 0.0 0.0 0.0 0.0 0.0 0.0 0.0
8655 1649.1409912109375 1336.3842430114746 115.85379006145314 0.0 0.0 0.0 0.0 0.0 0.0 0.0
8663 1661.17822265625 1336.3842430114746 122.03451871554003 0.0 0.0 0.0 0.0 0.0 0.0 0.0
8671 1665.1905517578125 1336.3842430114746 124.08122580984775 0.0 0.0 0.0 0.0 0.0 0.0 0.0
8688 1685.2525634765625 1332.371913909912 133.32655358726723 0.0 0.0 0.0 0.0 0.0 0.0 0.0
8695 1693.27734375 1332.371913909912 137.17278418337668 0.0 0.0 0.0 0.0 0.0 0.0 0.0
8703 1701.3021240234375 1332.371913909912 140.91015799213324 0.0 0.0 0.0 0.0 0.0 0.0 0.0
8711 1717.3516845703125 1328.359462738037 146.8929433353498 0.0 0.0 0.0 0.0 0.0 0.0 0.0
8719 1737.4136962890625 1328.359462738037 154.89814107753458 0.0 0.0 0.0 0.0 0.0 0.0 0.0
8735 1749.4508056640625 1328.359462738037 159.3672288115448 0.0 0.0 0.0 0.0 0.0 0.0 0.0
8743 1761.488037109375 1328.359462738037 163.51170103528221 0.0 0.0 0.0 0.0 0.0 0.0 0.0
8751 1801.6119384765625 1328.359462738037 174.25785602157748 0.0 0.0 0.0 0.0 0.0 0.0 0.0
8759 1805.6243896484375 1328.359462738037 175.29401795662494 0.0 0.0 0.0 0.0 0.0 0.0 0.0
8767 1821.6739501953125 1324.347011566162 177.35027172602017 0.0 0.0 0.0 0.0 0.0 0.0 0.0
8783 1833.7110595703125 1324.347011566162 180.00709199923426 0.0 0.0 0.0 0.0 0.0 0.0 0.0
8791 1853.7730712890625 1324.347011566162 183.80653811716442 0.0 0.0 0.0 0.0 0.0 0.0 0.0
8799 1865.810302734375 1324.347011566162 185.8749316184161 0.0 0.0 0.0 0.0 0.0 0.0 0.0
8807 1877.847412109375 1324.347011566162 187.75040924225792 0.0 0.0 0.0 0.0 0.0 0.0 0.0
8815 1893.89697265625 1324.347011566162 189.9467150612702 0.0 0.0 0.0 0.0 0.0 0.0 0.0
8831 1909.9466552734375 1324.347011566162 191.8732025580455 0.0 0.0 0.0 0.0 0.0 0.0 0.0
8840 1917.971435546875 1324.347011566162 192.77291782702497 0.0 0.0 0.0 0.0 0.0 0.0 0.0
8847 1946.05810546875 1324.347011566162 195.296675785125 0.0 0.0 0.0 0.0 0.0 0.0 0.0
8863 1954.0828857421875 1324.347011566162 195.96958777281014 0.0 0.0 0.0 0.0 0.0 0.0 0.0
8871 1962.107666015625 1324.347011566162 196.5976972584429 0.0 0.0 0.0 0.0 0.0 0.0 0.0
8879 1982.169677734375 1328.359462738037 199.67769075292438 0.0 0.0 0.0 0.0 0.0 0.0 0.0
8887 1990.1944580078125 1328.359462738037 200.0576180395876 0.0 0.0 0.0 0.0 0.0 0.0 0.0
8895 1994.2069091796875 1328.359462738037 200.24097701032494 0.0 0.0 0.0 0.0 0.0 0.0 0.0
8903 2002.231689453125 1332.371913909912 202.51248108602326 0.0 0.0 0.0 0.0 0.0 0.0 0.0
8919 2014.268798828125 1336.3842430114746 204.65545874389665 0.0 0.0 0.0 0.0 0.0 0.0 0.0
8927 2022.2935791015625 1336.3842430114746 204.70038099618307 0.0 0.0 0.0 0.0 0.0 0.0 0.0
8943 2026.3060302734375 1336.3842430114746 204.72205974433413 0.0 0.0 0.0 0.0 0.0 0.0 0.0
8952 2042.3555908203125 1344.409023284912 208.4128576431134 0.0 0.0 0.0 0.0 0.0 0.0 0.0
8975 2074.4547119140625 1356.4462547302246 212.5071134603537 0.0 0.0 0.0 0.0 0.0 0.0 0.0
8983 2082.4794921875 1364.471035003662 215.82552990104233 0.0 0.0 0.0 0.0 0.0 0.0 0.0
8991 2090.5042724609375 1364.471035003662 215.12077570896642 0.0 0.0 0.0 0.0 0.0 0.0 0.0
8999 2110.5662841796875 1364.471035003662 213.62550289840905 0.0 0.0 0.0 0.0 0.0 0.0 0.0
9015 2118.591064453125 1364.471035003662 213.0673885544906 0.0 0.0 0.0 0.0 0.0 0.0 0.0
9023 2122.603515625 1364.471035003662 212.7980107690892 0.0 0.0 0.0 0.0 0.0 0.0 0.0
9033 2130.6282958984375 1364.471035003662 212.29527710440337 0.0 0.0 0.0 0.0 0.0 0.0 0.0
9039 2142.6654052734375 1364.471035003662 211.6144642617408 0.0 0.0 0.0 0.0 0.0 0.0 0.0
9047 2150.690185546875 1364.471035003662 211.1910216811833 0.0 0.0 0.0 0.0 0.0 0.0 0.0
9064 2158.715087890625 1364.471035003662 210.7959620733629 0.0 0.0 0.0 0.0 0.0 0.0 0.0
9079 2162.727294921875 1360.458583831787 208.60962837690812 0.0 0.0 0.0 0.0 0.0 0.0 0.0
9087 2170.752197265625 1360.458583831787 208.38811166145675 0.0 0.0 0.0 0.0 0.0 0.0 0.0
9095 2174.7646484375 1356.4462547302246 206.28281934430396 0.0 0.0 0.0 0.0 0.0 0.0 0.0
9119 2178.777099609375 1352.4338035583496 204.25096969430265 0.0 0.0 0.0 0.0 0.0 0.0 0.0
9207 2182.789306640625 1352.4338035583496 204.2883133738961 0.0 0.0 0.0 0.0 0.0 0.0 0.0
9223 2190.814208984375 1364.471035003662 210.14004260147485 0.0 0.0 0.0 0.0 0.0 0.0 0.0
9231 2194.82666015625 1368.4833641052246 211.95760827668897 0.0 0.0 0.0 0.0 0.0 0.0 0.0
9240 2198.8388671875 1376.508144378662 215.6621794137594 0.0 0.0 0.0 0.0 0.0 0.0 0.0
9255 2202.851318359375 1384.5329246520996 219.18834725492442 0.0 0.0 0.0 0.0 0.0 0.0 0.0
9263 2214.888427734375 1416.632167816162 231.4227752865246 0.0 0.0 0.0 0.0 0.0 0.0 0.0
9271 2218.90087890625 1432.681728363037 237.3557899680477 0.0 0.0 0.0 0.0 0.0 0.0 0.0
9279 2222.913330078125 1452.7436180114746 244.13955299921267 0.0 0.0 0.0 0.0 0.0 0.0 0.0
9289 2230.93798828125 1484.842861175537 252.41247669558305 0.0 0.0 0.0 0.0 0.0 0.0 0.0
9305 2238.962890625 1504.9047508239746 255.80678224371744 0.0 0.0 0.0 0.0 0.0 0.0 0.0
9313 2238.962890625 1508.9172019958496 257.0882594713812 0.0 0.0 0.0 0.0 0.0 0.0 0.0
9319 2246.98779296875 1537.003993988037 261.6759172265415 0.0 0.0 0.0 0.0 0.0 0.0 0.0
9327 2251.0 1545.0287742614746 262.2043410873056 0.0 0.0 0.0 0.0 0.0 0.0 0.0
9336 2255.012451171875 1553.053554534912 262.6933041670039 0.0 0.0 0.0 0.0 0.0 0.0 0.0
9352 2255.012451171875 1557.0658836364746 263.7765445023317 0.0 0.0 0.0 0.0 0.0 0.0 0.0
9361 2259.02490234375 1573.1154441833496 266.0241183281562 0.0 0.0 0.0 0.0 0.0 0.0 0.0
9367 2259.02490234375 1581.140224456787 267.92960640773424 0.0 0.0 0.0 0.0 0.0 0.0 0.0
9375 2259.02490234375 1585.152675628662 268.85246708118564 0.0 0.0 0.0 0.0 0.0 0.0 0.0
9391 2263.037353515625 1593.1774559020996 268.84526809381464 0.0 0.0 0.0 0.0 0.0 0.0 0.0
9399 2267.049560546875 1605.214687347412 269.66810543251665 0.0 0.0 0.0 0.0 0.0 0.0 0.0
9415 2267.049560546875 1617.251796722412 272.116250436226 0.0 0.0 0.0 0.0 0.0 0.0 0.0
9423 2267.049560546875 1621.264247894287 272.90578069334254 0.0 0.0 0.0 0.0 0.0 0.0 0.0
9439 2267.049560546875 1629.2890281677246 274.385584451064 0.0 0.0 0.0 0.0 0.0 0.0 0.0
9447 2271.06201171875 1645.3385887145996 275.2789311548546 0.0 0.0 0.0 0.0 0.0 0.0 0.0
9463 2271.06201171875 1653.363368988037 276.60760643388846 0.0 0.0 0.0 0.0 0.0 0.0 0.0
9479 2275.074462890625 1673.425380706787 277.757704594982 0.0 0.0 0.0 0.0 0.0 0.0 0.0
9487 2275.074462890625 1677.4377098083496 278.361686843308 0.0 0.0 0.0 0.0 0.0 0.0 0.0
9495 2275.074462890625 1689.474941253662 280.0028763107524 0.0 0.0 0.0 0.0 0.0 0.0 0.0
9503 2275.074462890625 1693.4872703552246 280.531448630491 0.0 0.0 0.0 0.0 0.0 0.0 0.0
9567 2275.074462890625 1697.4997215270996 281.04221159922156 0.0 0.0 0.0 0.0 0.0 0.0 0.0
9743 2263.037353515625 1701.512050628662 287.49122786572804 0.0 0.0 0.0 0.0 0.0 0.0 0.0
9751 2251.0 1701.512050628662 293.7123776312646 0.0 0.0 0.0 0.0 0.0 0.0 0.0
9767 2238.962890625 1705.524501800537 299.75616774826034 0.0 0.0 0.0 0.0 0.0 0.0 0.0
9776 2202.851318359375 1709.5368309020996 316.6090289925014 0.0 0.0 0.0 0.0 0.0 0.0 0.0
9785 2178.777099609375 1713.5492820739746 326.2469016246081 0.0 0.0 0.0 0.0 0.0 0.0 0.0
9791 2158.715087890625 1713.5492820739746 334.3190465560296 0.0 0.0 0.0 0.0 0.0 0.0 0.0
9808 2118.591064453125 1717.561611175537 345.93600305498626 0.0 0.0 0.0 0.0 0.0 0.0 0.0
9815 2106.553955078125 1721.574062347412 348.05030063375744 0.0 0.0 0.0 0.0 0.0 0.0 0.0
9823 2094.5167236328125 1721.574062347412 351.50886891258153 0.0 0.0 0.0 0.0 0.0 0.0 0.0
9831 2082.4794921875 1721.574062347412 354.67652814064206 0.0 0.0 0.0 0.0 0.0 0.0 0.0
9839 2078.4671630859375 1721.574062347412 355.6999061276995 0.0 0.0 0.0 0.0 0.0 0.0 0.0
9855 2070.4423828125 1721.574062347412 357.6249175639547 0.0 0.0 0.0 0.0 0.0 0.0 0.0
9881 2062.4176025390625 1725.586513519287 357.70949788714586 0.0 0.0 0.0 0.0 0.0 0.0 0.0
9887 2058.4051513671875 1729.5988426208496 356.8753084775374 0.0 0.0 0.0 0.0 0.0 0.0 0.0
9911 2054.392822265625 1733.6112937927246 356.0800459910406 0.0 0.0 0.0 0.0 0.0 0.0 0.0
9919 2034.330810546875 1741.636074066162 357.2901286414839 0.0 0.0 0.0 0.0 0.0 0.0 0.0
9927 2022.2935791015625 1749.6608543395996 356.6386212287707 0.0 0.0 0.0 0.0 0.0 0.0 0.0
9943 2014.268798828125 1753.673183441162 356.79699602852475 0.0 0.0 0.0 0.0 0.0 0.0 0.0
9951 1990.1944580078125 1769.722743988037 355.7299123530951 0.0 0.0 0.0 0.0 0.0 0.0 0.0
9959 1982.169677734375 1777.7475242614746 354.31383274502133 0.0 0.0 0.0 0.0 0.0 0.0 0.0
9975 1966.1201171875 1785.772304534912 354.9315246829416 0.0 0.0 0.0 0.0 0.0 0.0 0.0
9983 1954.0828857421875 1793.797206878662 354.551254841669 0.0 0.0 0.0 0.0 0.0 0.0 0.0
9991 1934.02099609375 1801.8219871520996 356.00890995783567 0.0 0.0 0.0 0.0 0.0 0.0 0.0
9999 1930.008544921875 1801.8219871520996 356.9915011346508 0.0 0.0 0.0 0.0 0.0 0.0 0.0
10008 1925.9962158203125 1805.834316253662 356.1908542851543 0.0 0.0 0.0 0.0 0.0 0.0 0.0
10024 1925.9962158203125 1809.846767425537 354.4141243020632 0.0 0.0 0.0 0.0 0.0 0.0 0.0
10032 1921.9837646484375 1809.846767425537 355.44554342271954 0.0 0.0 0.0 0.0 0.0 0.0 0.0
10039 1921.9837646484375 1813.8590965270996 353.68259506940296 0.0 0.0 0.0 0.0 0.0 0.0 0.0
10071 1921.9837646484375 1817.8715476989746 351.95314130606084 0.0 0.0 0.0 0.0 0.0 0.0 0.0
10095 1921.9837646484375 1821.883876800537 350.2582308153468 0.0 0.0 0.0 0.0 0.0 0.0 0.0
10105 1917.971435546875 1825.896327972412 349.7771565237964 0.0 0.0 0.0 0.0 0.0 0.0 0.0
10126 1913.958984375 1825.896327972412 350.9462231860483 0.0 0.0 0.0 0.0 0.0 0.0 0.0
10129 1909.9466552734375 1833.9211082458496 348.8468268754657 0.0 0.0 0.0 0.0 0.0 0.0 0.0
10142 1905.9342041015625 1837.933437347412 348.433700036869 0.0 0.0 0.0 0.0 0.0 0.0 0.0
10144 1905.9342041015625 1841.945888519287 346.8133057471447 0.0 0.0 0.0 0.0 0.0 0.0 0.0
10199 1901.9217529296875 1841.945888519287 348.06678471094307 0.0 0.0 0.0 0.0 0.0 0.0 0.0
10207 1897.909423828125 1841.945888519287 349.28489073496803 0.0 0.0 0.0 0.0 0.0 0.0 0.0
10230 1893.89697265625 1841.945888519287 350.46820485585386 0.0 0.0 0.0 0.0 0.0 0.0 0.0
10233 1873.8350830078125 1825.896327972412 2.2290211766187724 0.0 0.0 0.0 0.0 0.0 0.0 0.0
10247 1865.810302734375 1821.883876800537 5.578459986674886 0.0 0.0 0.0 0.0 0.0 0.0 0.0
10248 1857.7855224609375 1813.8590965270996 10.64018851221266 0.0 0.0 0.0 0.0 0.0 0.0 0.0
10257 1829.69873046875 1789.784755706787 23.602286276632327 0.0 0.0 0.0 0.0 0.0 0.0 0.0
10271 1821.6739501953125 1789.784755706787 23.71817845778574 0.0 0.0 0.0 0.0 0.0 0.0 0.0
10279 1809.63671875 1777.7475242614746 29.473216580067884 0.0 0.0 0.0 0.0 0.0 0.0 0.0
10287 1777.53759765625 1741.636074066162 42.49687265110768 0.0 0.0 0.0 0.0 0.0 0.0 0.0
10295 1769.5128173828125 1733.6112937927246 45.00210299937763 0.0 0.0 0.0 0.0 0.0 0.0 0.0
10304 1753.4632568359375 1717.561611175537 49.22219446024647 0.0 0.0 0.0 0.0 0.0 0.0 0.0
10319 1741.426025390625 1701.512050628662 53.580316356642726 0.0 0.0 0.0 0.0 0.0 0.0 0.0
10328 1729.388916015625 1693.4872703552246 54.205799041039796 0.0 0.0 0.0 0.0 0.0 0.0 0.0
10337 1717.3516845703125 1677.4377098083496 57.85076871538266 0.0 0.0 0.0 0.0 0.0 0.0 0.0
10352 1713.33935546875 1673.425380706787 58.452969900134946 0.0 0.0 0.0 0.0 0.0 0.0 0.0
10360 1709.326904296875 1665.4006004333496 60.63560504074749 0.0 0.0 0.0 0.0 0.0 0.0 0.0
10367 1705.314453125 1665.4006004333496 59.47319780979015 0.0 0.0 0.0 0.0 0.0 0.0 0.0
10375 1701.3021240234375 1645.3385887145996 65.99009149294633 0.0 0.0 0.0 0.0 0.0 0.0 0.0
10384 1693.27734375 1633.301357269287 67.77786055073469 0.0 0.0 0.0 0.0 0.0 0.0 0.0
10399 1689.264892578125 1613.2394676208496 73.19436287172849 0.0 0.0 0.0 0.0 0.0 0.0 0.0
10408 1681.2401123046875 1589.165126800537 77.53714111862885 0.0 0.0 0.0 0.0 0.0 0.0 0.0
10415 1677.227783203125 1573.1154441833496 80.55966756144389 0.0 0.0 0.0 0.0 0.0 0.0 0.0
10423 1677.227783203125 1561.0783348083496 83.80802669442633 0.0 0.0 0.0 0.0 0.0 0.0 0.0
10431 1677.227783203125 1532.991542816162 90.01532398514794 0.0 0.0 0.0 0.0 0.0 0.0 0.0
10447 1677.227783203125 1528.9792137145996 90.87229239500638 0.0 0.0 0.0 0.0 0.0 0.0 0.0
10455 1673.21533203125 1524.9667625427246 89.89146247806113 0.0 0.0 0.0 0.0 0.0 0.0 0.0
10463 1673.21533203125 1504.9047508239746 93.7075678481473 0.0 0.0 0.0 0.0 0.0 0.0 0.0
10471 1673.21533203125 1492.8676414489746 95.78512777954367 0.0 0.0 0.0 0.0 0.0 0.0 0.0
10479 1673.21533203125 1484.842861175537 97.08134933255931 0.0 0.0 0.0 0.0 0.0 0.0 0.0
10495 1673.21533203125 1476.8180809020996 98.2940411315536 0.0 0.0 0.0 0.0 0.0 0.0 0.0
10503 1669.2030029296875 1440.7065086364746 100.92319137256763 0.0 0.0 0.0 0.0 0.0 0.0 0.0
10511 1669.2030029296875 1436.6940574645996 101.42059810794737 0.0 0.0 0.0 0.0 0.0 0.0 0.0
10519 1665.1905517578125 1420.6444969177246 101.40307655427293 0.0 0.0 0.0 0.0 0.0 0.0 0.0
10528 1665.1905517578125 1412.619716644287 102.33372880987352 0.0 0.0 0.0 0.0 0.0 0.0 0.0
10543 1665.1905517578125 1404.5949363708496 103.20310401487754 0.0 0.0 0.0 0.0 0.0 0.0 0.0
10743 1665.1905517578125 1400.582607269287 103.62293834728158 0.0 0.0 0.0 0.0 0.0 0.0 0.0
10759 1661.17822265625 1392.5578269958496 102.52134400724029 0.0 0.0 0.0 0.0 0.0 0.0 0.0
10767 1661.17822265625 1384.5329246520996 103.37831211861212 0.0 0.0 0.0 0.0 0.0 0.0 0.0
10783 1661.17822265625 1376.508144378662 104.1786002367817 0.0 0.0 0.0 0.0 0.0 0.0 0.0
10791 1657.165771484375 1372.4958152770996 102.61410234689876 0.0 0.0 0.0 0.0 0.0 0.0 0.0
10800 1653.1534423828125 1344.409023284912 103.54524361355269 0.0 0.0 0.0 0.0 0.0 0.0 0.0
10809 1649.1409912109375 1332.371913909912 102.86348944995976 0.0 0.0 0.0 0.0 0.0 0.0 0.0
10823 1649.1409912109375 1300.2726707458496 105.64787762835883 0.0 0.0 0.0 0.0 0.0 0.0 0.0
10832 1649.1409912109375 1292.247890472412 106.29738016682458 0.0 0.0 0.0 0.0 0.0 0.0 0.0
10975 1653.1534423828125 1292.247890472412 108.3530056716306 0.0 0.0 0.0 0.0 0.0 0.0 0.0
10983 1661.17822265625 1292.247890472412 112.49240190570274 0.0 0.0 0.0 0.0 0.0 0.0 0.0
10991 1669.2030029296875 1296.260341644287 116.68510827135304 0.0 0.0 0.0 0.0 0.0 0.0 0.0
11008 1677.227783203125 1300.2726707458496 121.01507283875921 0.0 0.0 0.0 0.0 0.0 0.0 0.0
11015 1685.2525634765625 1300.2726707458496 125.09922633038929 0.0 0.0 0.0 0.0 0.0 0.0 0.0
11023 1689.264892578125 1300.2726707458496 127.12622976318511 0.0 0.0 0.0 0.0 0.0 0.0 0.0
11031 1717.3516845703125 1300.2726707458496 140.37354819956388 0.0 0.0 0.0 0.0 0.0 0.0 0.0
11047 1729.388916015625 1296.260341644287 144.7688839422854 0.0 0.0 0.0 0.0 0.0 0.0 0.0
11055 1745.4384765625 1292.247890472412 150.36891924169237 0.0 0.0 0.0 0.0 0.0 0.0 0.0
11063 1793.587158203125 1280.210781097412 162.7127057734149 0.0 0.0 0.0 0.0 0.0 0.0 0.0
11071 1817.6614990234375 1276.198329925537 168.50867457471378 0.0 0.0 0.0 0.0 0.0 0.0 0.0
11087 1837.7235107421875 1272.1860008239746 172.40004031775172 0.0 0.0 0.0 0.0 0.0 0.0 0.0
11095 1881.85986328125 1268.1735496520996 180.21340614055345 0.0 0.0 0.0 0.0 0.0 0.0 0.0
11103 1897.909423828125 1264.161220550537 181.64340115665766 0.0 0.0 0.0 0.0 0.0 0.0 0.0
11111 1942.0457763671875 1260.148769378662 186.88803182787115 0.0 0.0 0.0 0.0 0.0 0.0 0.0
11127 1954.0828857421875 1256.136318206787 186.8878883292398 0.0 0.0 0.0 0.0 0.0 0.0 0.0
11135 1962.107666015625 1252.1239891052246 186.2816470287769 0.0 0.0 0.0 0.0 0.0 0.0 0.0
11143 1998.21923828125 1244.099208831787 187.90750789247258 0.0 0.0 0.0 0.0 0.0 0.0 0.0
11151 2006.2440185546875 1244.099208831787 189.06668260865501 0.0 0.0 0.0 0.0 0.0 0.0 0.0
11167 2014.268798828125 1240.086757659912 188.2991173587767 0.0 0.0 0.0 0.0 0.0 0.0 0.0
11175 2018.28125 1240.086757659912 188.88496010780528 0.0 0.0 0.0 0.0 0.0 0.0 0.0
11183 2030.318359375 1236.0744285583496 188.68008786135647 0.0 0.0 0.0 0.0 0.0 0.0 0.0
11191 2034.330810546875 1236.0744285583496 189.2531647055091 0.0 0.0 0.0 0.0 0.0 0.0 0.0
11215 2038.34326171875 1236.0744285583496 189.80699560268795 0.0 0.0 0.0 0.0 0.0 0.0 0.0
11287 2042.3555908203125 1236.0744285583496 190.3421641324211 0.0 0.0 0.0 0.0 0.0 0.0 0.0
11319 2046.3680419921875 1236.0744285583496 190.8592802098068 0.0 0.0 0.0 0.0 0.0 0.0 0.0
11327 2054.392822265625 1236.0744285583496 191.82572310185054 0.0 0.0 0.0 0.0 0.0 0.0 0.0
11335 2058.4051513671875 1236.0744285583496 192.29248159388413 0.0 0.0 0.0 0.0 0.0 0.0 0.0
11343 2074.4547119140625 1236.0744285583496 193.92867928014783 0.0 0.0 0.0 0.0 0.0 0.0 0.0
11354 2082.4794921875 1236.0744285583496 194.6924988797729 0.0 0.0 0.0 0.0 0.0 0.0 0.0
11367 2086.491943359375 1236.0744285583496 195.06131023612477 0.0 0.0 0.0 0.0 0.0 0.0 0.0
11376 2098.529052734375 1244.099208831787 199.78727102827105 0.0 0.0 0.0 0.0 0.0 0.0 0.0
11385 2134.640625 1248.1115379333496 202.70687930858463 0.0 0.0 0.0 0.0 0.0 0.0 0.0
11391 2142.6654052734375 1252.1239891052246 204.8144078641734 0.0 0.0 0.0 0.0 0.0 0.0 0.0
11399 2154.70263671875 1252.1239891052246 204.86402428716394 0.0 0.0 0.0 0.0 0.0 0.0 0.0
11415 2182.789306640625 1260.148769378662 208.2588306806121 0.0 0.0 0.0 0.0 0.0 0.0 0.0
11423 2194.82666015625 1260.148769378662 207.97164784913153 0.0 0.0 0.0 0.0 0.0 0.0 0.0
11432 2206.86376953125 1260.148769378662 207.712523225337 0.0 0.0 0.0 0.0 0.0 0.0 0.0
11439 2214.888427734375 1260.148769378662 207.55145035426943 0.0 0.0 0.0 0.0 0.0 0.0 0.0
11447 2230.93798828125 1260.148769378662 207.26993731752435 0.0 0.0 0.0 0.0 0.0 0.0 0.0
11463 2238.962890625 1256.136318206787 205.20729317338504 0.0 0.0 0.0 0.0 0.0 0.0 0.0
11471 2251.0 1252.1239891052246 203.3513416046673 0.0 0.0 0.0 0.0 0.0 0.0 0.0
11480 2259.02490234375 1244.099208831787 199.638331141472 0.0 0.0 0.0 0.0 0.0 0.0 0.0
11487 2263.037353515625 1240.086757659912 197.8542353288408 0.0 0.0 0.0 0.0 0.0 0.0 0.0
11495 2263.037353515625 1236.0744285583496 195.81188041150864 0.0 0.0 0.0 0.0 0.0 0.0 0.0
11527 2263.037353515625 1232.0619773864746 193.78285759068206 0.0 0.0 0.0 0.0 0.0 0.0 0.0
11543 2263.037353515625 1228.049648284912 191.76970284222273 0.0 0.0 0.0 0.0 0.0 0.0 0.0
11559 2263.037353515625 1224.037197113037 189.7745822188046 0.0 0.0 0.0 0.0 0.0 0.0 0.0
11575 2267.049560546875 1207.987636566162 182.89273018072885 0.0 0.0 0.0 0.0 0.0 0.0 0.0
11584 2271.06201171875 1207.987636566162 183.6571395979339 0.0 0.0 0.0 0.0 0.0 0.0 0.0
11591 2271.06201171875 1199.9628562927246 179.91412684652886 0.0 0.0 0.0 0.0 0.0 0.0 0.0
11607 2271.06201171875 1195.950527191162 178.07317762242945 0.0 0.0 0.0 0.0 0.0 0.0 0.0
11663 2279.0869140625 1195.950527191162 179.85404218754903 0.0 0.0 0.0 0.0 0.0 0.0 0.0
11679 2279.0869140625 1199.9628562927246 181.75208770200993 0.0 0.0 0.0 0.0 0.0 0.0 0.0
11687 2283.09912109375 1199.9628562927246 182.55334581620014 0.0 0.0 0.0 0.0 0.0 0.0 0.0
11704 2287.111572265625 1207.987636566162 187.13840958936976 0.0 0.0 0.0 0.0 0.0 0.0 0.0
11711 2291.1240234375 1216.0124168395996 191.6558669997873 0.0 0.0 0.0 0.0 0.0 0.0 0.0
11719 2295.136474609375 1224.037197113037 196.079885275005 0.0 0.0 0.0 0.0 0.0 0.0 0.0
11727 2307.173583984375 1252.1239891052246 210.14062517670106 0.0 0.0 0.0 0.0 0.0 0.0 0.0
11735 2307.173583984375 1256.136318206787 212.19656011081508 0.0 0.0 0.0 0.0 0.0 0.0 0.0
11751 2311.18603515625 1268.1735496520996 217.82155946241156 0.0 0.0 0.0 0.0 0.0 0.0 0.0
11759 2315.198486328125 1280.210781097412 223.1108389453151 0.0 0.0 0.0 0.0 0.0 0.0 0.0
11767 2315.198486328125 1288.2355613708496 226.9627111511473 0.0 0.0 0.0 0.0 0.0 0.0 0.0
11776 2319.210693359375 1296.260341644287 229.87034623919487 0.0 0.0 0.0 0.0 0.0 0.0 0.0
11791 2323.22314453125 1304.2851219177246 232.60267160248168 0.0 0.0 0.0 0.0 0.0 0.0 0.0
11801 2323.22314453125 1312.309902191162 236.16038817572775 0.0 0.0 0.0 0.0 0.0 0.0 0.0
11809 2327.235595703125 1316.3222312927246 236.84281747655854 0.0 0.0 0.0 0.0 0.0 0.0 0.0
11815 2327.235595703125 1324.347011566162 240.24017753135885 0.0 0.0 0.0 0.0 0.0 0.0 0.0
11823 2331.248046875 1340.3966941833496 245.26657622055242 0.0 0.0 0.0 0.0 0.0 0.0 0.0
11839 2335.26025390625 1348.421474456787 246.98410067366677 0.0 0.0 0.0 0.0 0.0 0.0 0.0
11847 2335.26025390625 1360.458583831787 251.30424648108414 0.0 0.0 0.0 0.0 0.0 0.0 0.0
11856 2343.28515625 1372.4958152770996 252.49032186131578 0.0 0.0 0.0 0.0 0.0 0.0 0.0
11863 2343.28515625 1380.520595550537 255.16178308483973 0.0 0.0 0.0 0.0 0.0 0.0 0.0
11871 2343.28515625 1392.5578269958496 258.8559833798704 0.0 0.0 0.0 0.0 0.0 0.0 0.0
11887 2347.297607421875 1400.582607269287 259.59324130152777 0.0 0.0 0.0 0.0 0.0 0.0 0.0
11895 2355.322265625 1412.619716644287 259.8282359958099 0.0 0.0 0.0 0.0 0.0 0.0 0.0
11904 2355.322265625 1416.632167816162 260.9958513735126 0.0 0.0 0.0 0.0 0.0 0.0 0.0
11911 2359.334716796875 1440.7065086364746 265.40194900093763 0.0 0.0 0.0 0.0 0.0 0.0 0.0
11919 2363.34716796875 1448.731288909912 265.652613987766 0.0 0.0 0.0 0.0 0.0 0.0 0.0
11935 2363.34716796875 1464.780849456787 269.28972549399384 0.0 0.0 0.0 0.0 0.0 0.0 0.0
11943 2367.359619140625 1472.8056297302246 269.24983602990267 0.0 0.0 0.0 0.0 0.0 0.0 0.0
11952 2371.371826171875 1500.892421722412 272.8730831609354 0.0 0.0 0.0 0.0 0.0 0.0 0.0
11959 2371.371826171875 1512.929531097412 275.02786158142067 0.0 0.0 0.0 0.0 0.0 0.0 0.0
11967 2375.38427734375 1520.9543113708496 274.5596871240166 0.0 0.0 0.0 0.0 0.0 0.0 0.0
11983 2375.38427734375 1545.0287742614746 278.2160871622955 0.0 0.0 0.0 0.0 0.0 0.0 0.0
11991 2375.38427734375 1553.053554534912 279.3552138219586 0.0 0.0 0.0 0.0 0.0 0.0 0.0
12000 2375.38427734375 1561.0783348083496 280.42012643032217 0.0 0.0 0.0 0.0 0.0 0.0 0.0
12007 2375.38427734375 1573.1154441833496 281.86560833900484 0.0 0.0 0.0 0.0 0.0 0.0 0.0
12015 2375.38427734375 1597.1899070739746 284.25152957396233 0.0 0.0 0.0 0.0 0.0 0.0 0.0
12031 2375.38427734375 1605.214687347412 284.9939156232857 0.0 0.0 0.0 0.0 0.0 0.0 0.0
12039 2375.38427734375 1617.251796722412 286.00010174858005 0.0 0.0 0.0 0.0 0.0 0.0 0.0
12047 2371.371826171875 1641.3261375427246 289.3529843673887 0.0 0.0 0.0 0.0 0.0 0.0 0.0
12056 2371.371826171875 1649.350917816162 289.7547377155099 0.0 0.0 0.0 0.0 0.0 0.0 0.0
12063 2367.359619140625 1657.375820159912 292.05801600254915 0.0 0.0 0.0 0.0 0.0 0.0 0.0
12079 2367.359619140625 1673.425380706787 292.4700273535708 0.0 0.0 0.0 0.0 0.0 0.0 0.0
12087 2367.359619140625 1677.4377098083496 292.56945012337144 0.0 0.0 0.0 0.0 0.0 0.0 0.0
12095 2367.359619140625 1681.4501609802246 292.66538002434334 0.0 0.0 0.0 0.0 0.0 0.0 0.0
12103 2363.34716796875 1701.512050628662 294.8258809715753 0.0 0.0 0.0 0.0 0.0 0.0 0.0
12119 2363.34716796875 1705.524501800537 294.8431641022355 0.0 0.0 0.0 0.0 0.0 0.0 0.0
12127 2363.34716796875 1713.5492820739746 294.8753877073333 0.0 0.0 0.0 0.0 0.0 0.0 0.0
12135 2363.34716796875 1729.5988426208496 294.9317501170176 0.0 0.0 0.0 0.0 0.0 0.0 0.0
12143 2363.34716796875 1737.623622894287 294.9581016661531 0.0 0.0 0.0 0.0 0.0 0.0 0.0
12159 2359.334716796875 1749.6608543395996 296.8613283574156 0.0 0.0 0.0 0.0 0.0 0.0 0.0
12177 2355.322265625 1753.673183441162 298.80267471535217 0.0 0.0 0.0 0.0 0.0 0.0 0.0