0 2000.0 1500.0 0 0.0 0.0 0.0 0.0 0.0 0.0 0.0
30 2000.0 1500.0 0 0.0 0.0 0.0 0.0 0.0 0.0 0.0
46 2000.0 1500.0 0 0.0 0.0 0.0 0.0 0.0 0.0 0.0
62 2000.0 1500.0 0 0.0 0.0 0.0 0.0 0.0 0.0 0.0
79 2000.0 1500.0 0 0.0 0.0 0.0 0.0 0.0 0.0 0.0
95 2045.65234375 1500.0 3.8709436455656743 0.0 0.0 0.0 0.0 0.0 0.0 0.0
113 2104.347900390625 1490.2174072265625 3.904808992794216 0.0 0.0 0.0 0.0 0.0 0.0 0.0
129 2179.347900390625 1467.3912353515625 0.863123562859144 0.0 0.0 0.0 0.0 0.0 0.0 0.0
145 2257.60888671875 1431.521728515625 355.6348935514915 0.0 0.0 0.0 0.0 0.0 0.0 0.0
176 2339.130615234375 1385.8695068359375 350.4356269504512 0.0 0.0 0.0 0.0 0.0 0.0 0.0
189 2407.60888671875 1343.478271484375 346.77693275190444 0.0 0.0 0.0 0.0 0.0 0.0 0.0
195 2469.5654296875 1301.0869140625 343.6826465819366 0.0 0.0 0.0 0.0 0.0 0.0 0.0
211 2502.174072265625 1271.7391357421875 340.25307189992844 0.0 0.0 0.0 0.0 0.0 0.0 0.0
228 2528.260986328125 1242.3912353515625 336.33496234742074 0.0 0.0 0.0 0.0 0.0 0.0 0.0
245 2551.087158203125 1209.7825927734375 331.6749781373692 0.0 0.0 0.0 0.0 0.0 0.0 0.0
261 2564.130615234375 1173.9129638671875 324.61537176707475 0.0 0.0 0.0 0.0 0.0 0.0 0.0
278 2573.9130859375 1151.0869140625 321.3865608801072 0.0 0.0 0.0 0.0 0.0 0.0 0.0
295 2580.434814453125 1131.521728515625 318.3923708782618 0.0 0.0 0.0 0.0 0.0 0.0 0.0
312 2586.95654296875 1118.478271484375 317.42979577747604 0.0 0.0 0.0 0.0 0.0 0.0 0.0
329 2586.95654296875 1111.9564208984375 315.65533536859914 0.0 0.0 0.0 0.0 0.0 0.0 0.0
378 2586.95654296875 1108.695556640625 314.78957622822236 0.0 0.0 0.0 0.0 0.0 0.0 0.0
394 2583.69580078125 1108.695556640625 313.34758871178195 0.0 0.0 0.0 0.0 0.0 0.0 0.0
412 2583.69580078125 1105.4346923828125 312.5383444150573 0.0 0.0 0.0 0.0 0.0 0.0 0.0
462 2577.174072265625 1105.4346923828125 309.54958554971677 0.0 0.0 0.0 0.0 0.0 0.0 0.0
728 2586.95654296875 1105.4346923828125 313.856977338521 0.0 0.0 0.0 0.0 0.0 0.0 0.0
744 2596.7392578125 1105.4346923828125 317.9715071201906 0.0 0.0 0.0 0.0 0.0 0.0 0.0
761 2626.087158203125 1108.695556640625 329.617301348262 0.0 0.0 0.0 0.0 0.0 0.0 0.0
777 2665.217529296875 1118.478271484375 343.93783533133745 0.0 0.0 0.0 0.0 0.0 0.0 0.0
794 2697.826171875 1134.7825927734375 356.78062618984774 0.0 0.0 0.0 0.0 0.0 0.0 0.0
810 2720.65234375 1164.13037109375 12.186808587573452 0.0 0.0 0.0 0.0 0.0 0.0 0.0
826 2733.69580078125 1203.2608642578125 29.749300913662836 0.0 0.0 0.0 0.0 0.0 0.0 0.0
845 2740.217529296875 1258.695556640625 50.70294951512042 0.0 0.0 0.0 0.0 0.0 0.0 0.0
861 2717.391357421875 1333.695556640625 78.47766572672609 0.0 0.0 0.0 0.0 0.0 0.0 0.0
877 2665.217529296875 1408.695556640625 104.98343303359573 0.0 0.0 0.0 0.0 0.0 0.0 0.0
894 2593.478271484375 1486.9564208984375 124.8607293043446 0.0 0.0 0.0 0.0 0.0 0.0 0.0
909 2534.78271484375 1535.8695068359375 136.44981543170925 0.0 0.0 0.0 0.0 0.0 0.0 0.0
927 2453.260986328125 1568.478271484375 151.81612425606514 0.0 0.0 0.0 0.0 0.0 0.0 0.0
942 2355.434814453125 1584.7825927734375 166.86701693807933 0.0 0.0 0.0 0.0 0.0 0.0 0.0
960 2260.86962890625 1588.04345703125 178.09427327421335 0.0 0.0 0.0 0.0 0.0 0.0 0.0
976 2166.304443359375 1584.7825927734375 186.0045510497865 0.0 0.0 0.0 0.0 0.0 0.0 0.0
992 2088.043701171875 1561.9564208984375 195.9401206250503 0.0 0.0 0.0 0.0 0.0 0.0 0.0
1010 2032.60888671875 1532.608642578125 204.98293364704264 0.0 0.0 0.0 0.0 0.0 0.0 0.0
1025 1993.478271484375 1477.173828125 221.01395194409199 0.0 0.0 0.0 0.0 0.0 0.0 0.0
1043 1960.86962890625 1350.0 247.01995270441066 0.0 0.0 0.0 0.0 0.0 0.0 0.0
1058 1960.86962890625 1239.13037109375 265.10379650466894 0.0 0.0 0.0 0.0 0.0 0.0 0.0
1076 1960.86962890625 1089.13037109375 275.5951478156196 0.0 0.0 0.0 0.0 0.0 0.0 0.0
1092 1990.217529296875 974.9999389648438 286.99440740061664 0.0 0.0 0.0 0.0 0.0 0.0 0.0
1110 2019.5654296875 883.6956176757812 293.55769092066737 0.0 0.0 0.0 0.0 0.0 0.0 0.0
1125 2055.434814453125 818.4782104492188 300.9884391662291 0.0 0.0 0.0 0.0 0.0 0.0 0.0
1142 2101.087158203125 766.3043212890625 309.96898635705037 0.0 0.0 0.0 0.0 0.0 0.0 0.0
1158 2143.478271484375 736.9564819335938 318.921384654291 0.0 0.0 0.0 0.0 0.0 0.0 0.0
1176 2169.5654296875 714.13037109375 322.0523686435363 0.0 0.0 0.0 0.0 0.0 0.0 0.0
1192 2185.86962890625 701.0869140625 324.03672201552325 0.0 0.0 0.0 0.0 0.0 0.0 0.0
1208 2192.391357421875 684.7825927734375 321.522996405926 0.0 0.0 0.0 0.0 0.0 0.0 0.0
1224 2166.304443359375 681.5216674804688 308.66805484525116 0.0 0.0 0.0 0.0 0.0 0.0 0.0
1241 2058.69580078125 681.5216674804688 252.9805285148892 0.0 0.0 0.0 0.0 0.0 0.0 0.0
1259 1951.087158203125 688.04345703125 222.1903760794265 0.0 0.0 0.0 0.0 0.0 0.0 0.0
1275 1830.4349365234375 694.565185546875 205.66634820138628 0.0 0.0 0.0 0.0 0.0 0.0 0.0
1291 1758.69580078125 694.565185546875 200.90213956207847 0.0 0.0 0.0 0.0 0.0 0.0 0.0
1307 1686.9566650390625 694.565185546875 197.99116454119857 0.0 0.0 0.0 0.0 0.0 0.0 0.0
1324 1660.86962890625 694.565185546875 197.1320674901842 0.0 0.0 0.0 0.0 0.0 0.0 0.0
1342 1631.5218505859375 694.565185546875 196.36555238438925 0.0 0.0 0.0 0.0 0.0 0.0 0.0
1357 1611.9566650390625 694.565185546875 195.93030938093372 0.0 0.0 0.0 0.0 0.0 0.0 0.0
1375 1589.1304931640625 720.6521606445312 184.51266901564847 0.0 0.0 0.0 0.0 0.0 0.0 0.0
1391 1566.304443359375 763.04345703125 169.34519742897825 0.0 0.0 0.0 0.0 0.0 0.0 0.0
1409 1546.7392578125 792.3912353515625 161.80810101686234 0.0 0.0 0.0 0.0 0.0 0.0 0.0
1424 1520.65234375 831.5216674804688 154.5877814912668 0.0 0.0 0.0 0.0 0.0 0.0 0.0
1441 1501.0870361328125 860.8695068359375 150.43915899679158 0.0 0.0 0.0 0.0 0.0 0.0 0.0
1457 1488.0435791015625 886.9564819335938 146.2666647898712 0.0 0.0 0.0 0.0 0.0 0.0 0.0
1475 1478.260986328125 919.565185546875 140.27448303452402 0.0 0.0 0.0 0.0 0.0 0.0 0.0
1490 1471.7392578125 974.9999389648438 130.3763157151105 0.0 0.0 0.0 0.0 0.0 0.0 0.0
1508 1471.7392578125 1043.4782104492188 120.22796660433096 0.0 0.0 0.0 0.0 0.0 0.0 0.0
1523 1494.5653076171875 1138.04345703125 106.15916033772518 0.0 0.0 0.0 0.0 0.0 0.0 0.0
1540 1533.69580078125 1186.9564208984375 91.58672497826359 0.0 0.0 0.0 0.0 0.0 0.0 0.0
1557 1585.86962890625 1242.3912353515625 78.96842354849608 0.0 0.0 0.0 0.0 0.0 0.0 0.0
1573 1657.6087646484375 1271.7391357421875 61.48522740775741 0.0 0.0 0.0 0.0 0.0 0.0 0.0
1590 1775.0001220703125 1284.7825927734375 40.07846181641759 0.0 0.0 0.0 0.0 0.0 0.0 0.0
1608 1889.1304931640625 1281.521728515625 25.817489798053202 0.0 0.0 0.0 0.0 0.0 0.0 0.0
1623 2000.0 1229.3477783203125 6.175082190018955 0.0 0.0 0.0 0.0 0.0 0.0 0.0
1642 2058.69580078125 1186.9564208984375 355.03425745287916 0.0 0.0 0.0 0.0 0.0 0.0 0.0
1656 2123.9130859375 1131.521728515625 345.5512699793042 0.0 0.0 0.0 0.0 0.0 0.0 0.0
1673 2176.087158203125 1076.0869140625 337.9496452723305 0.0 0.0 0.0 0.0 0.0 0.0 0.0
1690 2218.478271484375 1014.13037109375 329.90159673537323 0.0 0.0 0.0 0.0 0.0 0.0 0.0
1707 2267.391357421875 922.8260498046875 321.12861505128154 0.0 0.0 0.0 0.0 0.0 0.0 0.0
1723 2300.0 841.3043212890625 314.1601477222339 0.0 0.0 0.0 0.0 0.0 0.0 0.0
1741 2329.347900390625 736.9564819335938 306.7838661135486 0.0 0.0 0.0 0.0 0.0 0.0 0.0
1756 2355.434814453125 648.9130249023438 303.7036064568338 0.0 0.0 0.0 0.0 0.0 0.0 0.0
1774 2368.478271484375 593.4782104492188 301.33893609814066 0.0 0.0 0.0 0.0 0.0 0.0 0.0
1795 2375.0 541.3043212890625 297.90552647145125 0.0 0.0 0.0 0.0 0.0 0.0 0.0
1811 2375.0 508.69561767578125 294.6634173133314 0.0 0.0 0.0 0.0 0.0 0.0 0.0
1827 2365.217529296875 498.9129943847656 289.18904168395767 0.0 0.0 0.0 0.0 0.0 0.0 0.0
1844 2326.087158203125 498.9129943847656 269.43022828861797 0.0 0.0 0.0 0.0 0.0 0.0 0.0
1861 2293.478271484375 534.7825622558594 244.15670197584856 0.0 0.0 0.0 0.0 0.0 0.0 0.0
1877 2283.69580078125 551.0869140625 234.564351466952 0.0 0.0 0.0 0.0 0.0 0.0 0.0
1895 2267.391357421875 560.8695068359375 225.85817426563344 0.0 0.0 0.0 0.0 0.0 0.0 0.0
1911 2260.86962890625 564.13037109375 222.7760836007844 0.0 0.0 0.0 0.0 0.0 0.0 0.0
1926 2260.86962890625 554.3477783203125 226.9408853612272 0.0 0.0 0.0 0.0 0.0 0.0 0.0
1944 2260.86962890625 538.0434265136719 233.33487570645062 0.0 0.0 0.0 0.0 0.0 0.0 0.0
1961 2264.130615234375 521.7390747070312 240.25613643061976 0.0 0.0 0.0 0.0 0.0 0.0 0.0
1977 2267.391357421875 515.2173461914062 243.6650339417117 0.0 0.0 0.0 0.0 0.0 0.0 0.0
1994 2270.65234375 511.95648193359375 245.9978774685155 0.0 0.0 0.0 0.0 0.0 0.0 0.0
2076 2273.9130859375 511.95648193359375 247.34228268144878 0.0 0.0 0.0 0.0 0.0 0.0 0.0
2142 2277.174072265625 511.95648193359375 248.70976107959225 0.0 0.0 0.0 0.0 0.0 0.0 0.0
2160 2277.174072265625 511.95648193359375 248.7097492998336 0.0 0.0 0.0 0.0 0.0 0.0 0.0
2176 2286.95654296875 515.2173461914062 252.1102852237086 0.0 0.0 0.0 0.0 0.0 0.0 0.0
2194 2290.217529296875 518.4782104492188 252.68977523856657 0.0 0.0 0.0 0.0 0.0 0.0 0.0
2209 2306.52197265625 528.2608337402344 258.07731398210035 0.0 0.0 0.0 0.0 0.0 0.0 0.0
2226 2332.60888671875 554.3477783203125 267.1626431698211 0.0 0.0 0.0 0.0 0.0 0.0 0.0
2242 2352.174072265625 583.6956176757812 274.809350651774 0.0 0.0 0.0 0.0 0.0 0.0 0.0
2260 2378.260986328125 626.0869140625 291.1052903832119 0.0 0.0 0.0 0.0 0.0 0.0 0.0
2275 2394.5654296875 665.2173461914062 306.8777261469399 0.0 0.0 0.0 0.0 0.0 0.0 0.0
2292 2414.130615234375 727.1738891601562 340.8379011915909 0.0 0.0 0.0 0.0 0.0 0.0 0.0
2309 2430.434814453125 821.7390747070312 30.50318098395985 0.0 0.0 0.0 0.0 0.0 0.0 0.0
2325 2446.7392578125 945.6521606445312 65.18366078946895 0.0 0.0 0.0 0.0 0.0 0.0 0.0
2342 2466.304443359375 1049.9999389648438 78.601301961893 0.0 0.0 0.0 0.0 0.0 0.0 0.0
2359 2469.5654296875 1125.0 87.52401812452541 0.0 0.0 0.0 0.0 0.0 0.0 0.0
2375 2472.826171875 1167.3912353515625 90.67734719171969 0.0 0.0 0.0 0.0 0.0 0.0 0.0
2392 2472.826171875 1200.0 93.53696493604727 0.0 0.0 0.0 0.0 0.0 0.0 0.0
2408 2466.304443359375 1242.3912353515625 98.65855198694092 0.0 0.0 0.0 0.0 0.0 0.0 0.0
2426 2410.86962890625 1281.521728515625 120.39959500673459 0.0 0.0 0.0 0.0 0.0 0.0 0.0
2442 2280.434814453125 1366.3043212890625 143.76770513308122 0.0 0.0 0.0 0.0 0.0 0.0 0.0
2458 2153.260986328125 1428.2608642578125 156.9922564299939 0.0 0.0 0.0 0.0 0.0 0.0 0.0
2474 2026.087158203125 1460.8695068359375 168.89083490440692 0.0 0.0 0.0 0.0 0.0 0.0 0.0
2492 1820.65234375 1480.4346923828125 181.2834016804587 0.0 0.0 0.0 0.0 0.0 0.0 0.0
2508 1696.7392578125 1467.3912353515625 190.83651486222752 0.0 0.0 0.0 0.0 0.0 0.0 0.0
2524 1595.65234375 1418.478271484375 205.04349120871333 0.0 0.0 0.0 0.0 0.0 0.0 0.0
2541 1533.69580078125 1372.8260498046875 215.0806313272175 0.0 0.0 0.0 0.0 0.0 0.0 0.0
2558 1481.5218505859375 1310.8695068359375 226.87122421923672 0.0 0.0 0.0 0.0 0.0 0.0 0.0
2574 1455.4349365234375 1271.7391357421875 233.56882006217185 0.0 0.0 0.0 0.0 0.0 0.0 0.0
2590 1439.1304931640625 1226.0869140625 242.55689349106333 0.0 0.0 0.0 0.0 0.0 0.0 0.0
2607 1426.0870361328125 1170.652099609375 251.77464627509423 0.0 0.0 0.0 0.0 0.0 0.0 0.0
2624 1426.0870361328125 1095.652099609375 264.3706827474507 0.0 0.0 0.0 0.0 0.0 0.0 0.0
2640 1426.0870361328125 997.8260498046875 273.2378695032803 0.0 0.0 0.0 0.0 0.0 0.0 0.0
2659 1429.347900390625 886.9564819335938 279.1396022891438 0.0 0.0 0.0 0.0 0.0 0.0 0.0
2675 1445.65234375 805.4347534179688 285.7687987711191 0.0 0.0 0.0 0.0 0.0 0.0 0.0
2692 1461.9566650390625 730.4347534179688 289.79648023799865 0.0 0.0 0.0 0.0 0.0 0.0 0.0
2709 1475.0001220703125 671.7390747070312 291.94476568644143 0.0 0.0 0.0 0.0 0.0 0.0 0.0
2724 1488.0435791015625 632.608642578125 294.6051641833494 0.0 0.0 0.0 0.0 0.0 0.0 0.0
2742 1494.5653076171875 616.3043212890625 296.03692018591113 0.0 0.0 0.0 0.0 0.0 0.0 0.0
2757 1497.826171875 593.4782104492188 295.2749662969396 0.0 0.0 0.0 0.0 0.0 0.0 0.0
2774 1497.826171875 580.4347534179688 294.04879321590306 0.0 0.0 0.0 0.0 0.0 0.0 0.0
2791 1491.304443359375 567.3912353515625 289.9809793183475 0.0 0.0 0.0 0.0 0.0 0.0 0.0
2808 1458.69580078125 567.3912353515625 273.36966385406924 0.0 0.0 0.0 0.0 0.0 0.0 0.0
2825 1386.9566650390625 580.4347534179688 240.30478608333718 0.0 0.0 0.0 0.0 0.0 0.0 0.0
2841 1250.0001220703125 658.6956176757812 194.42519563665732 0.0 0.0 0.0 0.0 0.0 0.0 0.0
2857 1073.9132080078125 769.565185546875 172.73955877087727 0.0 0.0 0.0 0.0 0.0 0.0 0.0
2874 826.0870971679688 945.6521606445312 161.98799809249758 0.0 0.0 0.0 0.0 0.0 0.0 0.0
2890 565.217529296875 1131.521728515625 159.00622766024384 0.0 0.0 0.0 0.0 0.0 0.0 0.0
2908 402.1740417480469 1242.3912353515625 159.13944746995696 0.0 0.0 0.0 0.0 0.0 0.0 0.0
2924 297.8262023925781 1304.3477783203125 161.00490491514898 0.0 0.0 0.0 0.0 0.0 0.0 0.0
2940 226.08706665039062 1330.4346923828125 166.03543453430657 0.0 0.0 0.0 0.0 0.0 0.0 0.0
2957 183.69577026367188 1340.2174072265625 170.04273457217565 0.0 0.0 0.0 0.0 0.0 0.0 0.0
2972 164.13055419921875 1340.2174072265625 173.4546736019436 0.0 0.0 0.0 0.0 0.0 0.0 0.0
3007 157.60882568359375 1343.478271484375 173.05369371395363 0.0 0.0 0.0 0.0 0.0 0.0 0.0
3022 157.60882568359375 1346.7391357421875 171.51024304761788 0.0 0.0 0.0 0.0 0.0 0.0 0.0
3040 157.60882568359375 1353.2608642578125 168.49196933105407 0.0 0.0 0.0 0.0 0.0 0.0 0.0
3055 157.60882568359375 1363.04345703125 164.13542476632693 0.0 0.0 0.0 0.0 0.0 0.0 0.0
3072 154.34793090820312 1379.3477783203125 158.2819428257411 0.0 0.0 0.0 0.0 0.0 0.0 0.0
3089 151.08706665039062 1389.13037109375 155.37637236169178 0.0 0.0 0.0 0.0 0.0 0.0 0.0
3106 147.82620239257812 1395.652099609375 153.8706657507731 0.0 0.0 0.0 0.0 0.0 0.0 0.0
3139 147.82620239257812 1402.173828125 151.39864117611728 0.0 0.0 0.0 0.0 0.0 0.0 0.0
3173 147.82620239257812 1405.4346923828125 150.18677603273616 0.0 0.0 0.0 0.0 0.0 0.0 0.0
3206 154.34793090820312 1405.4346923828125 147.80803801151475 0.0 0.0 0.0 0.0 0.0 0.0 0.0
3222 180.43490600585938 1411.9564208984375 134.58023271737022 0.0 0.0 0.0 0.0 0.0 0.0 0.0
3238 229.34793090820312 1425.0 108.23894646641119 0.0 0.0 0.0 0.0 0.0 0.0 0.0
3255 284.78271484375 1438.04345703125 83.21267354304612 0.0 0.0 0.0 0.0 0.0 0.0 0.0
3272 346.7392578125 1451.0869140625 63.03779259931696 0.0 0.0 0.0 0.0 0.0 0.0 0.0
3288 415.217529296875 1467.3912353515625 49.2210507041996 0.0 0.0 0.0 0.0 0.0 0.0 0.0
3305 493.4783935546875 1470.652099609375 35.58056593630474 0.0 0.0 0.0 0.0 0.0 0.0 0.0
3323 604.3479614257812 1473.9129638671875 25.412689171382112 0.0 0.0 0.0 0.0 0.0 0.0 0.0
3338 780.4348754882812 1473.9129638671875 18.09243193206126 0.0 0.0 0.0 0.0 0.0 0.0 0.0
3355 923.9132080078125 1451.0869140625 10.361008723142106 0.0 0.0 0.0 0.0 0.0 0.0 0.0
3371 1054.347900390625 1395.652099609375 359.21626651749705 0.0 0.0 0.0 0.0 0.0 0.0 0.0
3388 1165.217529296875 1323.9129638671875 349.1092318894901 0.0 0.0 0.0 0.0 0.0 0.0 0.0
3405 1266.304443359375 1216.3043212890625 336.32881328453897 0.0 0.0 0.0 0.0 0.0 0.0 0.0
3421 1370.65234375 1056.521728515625 323.8714446558746 0.0 0.0 0.0 0.0 0.0 0.0 0.0
3437 1491.304443359375 805.4347534179688 313.32718274331785 0.0 0.0 0.0 0.0 0.0 0.0 0.0
3455 1527.174072265625 714.13037109375 309.38885084951164 0.0 0.0 0.0 0.0 0.0 0.0 0.0
3472 1563.0435791015625 626.0869140625 307.6507484945291 0.0 0.0 0.0 0.0 0.0 0.0 0.0
3488 1595.65234375 541.3043212890625 306.22787925719587 0.0 0.0 0.0 0.0 0.0 0.0 0.0
3505 1611.9566650390625 495.6521301269531 305.2803990418083 0.0 0.0 0.0 0.0 0.0 0.0 0.0
3521 1618.4783935546875 459.7825622558594 302.458656008316 0.0 0.0 0.0 0.0 0.0 0.0 0.0
3537 1618.4783935546875 423.9129943847656 297.8860058686205 0.0 0.0 0.0 0.0 0.0 0.0 0.0
3554 1618.4783935546875 391.3042907714844 294.6482092101877 0.0 0.0 0.0 0.0 0.0 0.0 0.0
3572 1615.217529296875 371.73907470703125 291.58444148607356 0.0 0.0 0.0 0.0 0.0 0.0 0.0
3589 1611.9566650390625 345.6521301269531 288.70372095543553 0.0 0.0 0.0 0.0 0.0 0.0 0.0
3605 1608.69580078125 326.0869140625 286.5065234267949 0.0 0.0 0.0 0.0 0.0 0.0 0.0
3621 1608.69580078125 309.7825622558594 286.11674946684536 0.0 0.0 0.0 0.0 0.0 0.0 0.0
3638 1608.69580078125 296.73907470703125 285.83734598856984 0.0 0.0 0.0 0.0 0.0 0.0 0.0
3655 1608.69580078125 283.69561767578125 285.5870064747015 0.0 0.0 0.0 0.0 0.0 0.0 0.0
3670 1608.69580078125 273.9129943847656 285.41426931813754 0.0 0.0 0.0 0.0 0.0 0.0 0.0
3687 1608.69580078125 267.3912658691406 285.305478430255 0.0 0.0 0.0 0.0 0.0 0.0 0.0
3703 1608.69580078125 264.13038635253906 285.252571993292 0.0 0.0 0.0 0.0 0.0 0.0 0.0
4036 1608.69580078125 260.86952209472656 285.20116536362946 0.0 0.0 0.0 0.0 0.0 0.0 0.0
4052 1608.69580078125 257.60865783691406 285.1512129008143 0.0 0.0 0.0 0.0 0.0 0.0 0.0
4070 1605.4349365234375 251.0869140625 283.4843687438533 0.0 0.0 0.0 0.0 0.0 0.0 0.0
4086 1598.9132080078125 238.04344177246094 280.5005003394069 0.0 0.0 0.0 0.0 0.0 0.0 0.0
4103 1595.65234375 231.52169799804688 279.09319813027867 0.0 0.0 0.0 0.0 0.0 0.0 0.0
4119 1592.3914794921875 224.9999542236328 277.76606564332644 0.0 0.0 0.0 0.0 0.0 0.0 0.0
4135 1589.1304931640625 221.7390899658203 276.321008074141 0.0 0.0 0.0 0.0 0.0 0.0 0.0
4154 1585.86962890625 215.21734619140625 275.1536952753023 0.0 0.0 0.0 0.0 0.0 0.0 0.0
4168 1582.6087646484375 215.21734619140625 273.51474948789837 0.0 0.0 0.0 0.0 0.0 0.0 0.0
4185 1582.6087646484375 211.95648193359375 273.7932357640368 0.0 0.0 0.0 0.0 0.0 0.0 0.0
4601 1582.6087646484375 211.95648193359375 273.7932165116274 0.0 0.0 0.0 0.0 0.0 0.0 0.0
4650 1582.6087646484375 211.95648193359375 273.79321390513064 0.0 0.0 0.0 0.0 0.0 0.0 0.0
4683 1579.347900390625 211.95648193359375 272.161524297616 0.0 0.0 0.0 0.0 0.0 0.0 0.0
4734 1579.347900390625 208.6956024169922 272.47760283766513 0.0 0.0 0.0 0.0 0.0 0.0 0.0
4800 1579.347900390625 211.95648193359375 272.15225952127366 0.0 0.0 0.0 0.0 0.0 0.0 0.0
4816 1579.347900390625 231.52169799804688 269.7991647690377 0.0 0.0 0.0 0.0 0.0 0.0 0.0
4833 1592.3914794921875 264.13038635253906 273.48165358124857 0.0 0.0 0.0 0.0 0.0 0.0 0.0
4849 1608.69580078125 319.565185546875 280.2154546051414 0.0 0.0 0.0 0.0 0.0 0.0 0.0
4866 1625.0001220703125 381.5216979980469 294.7069675828353 0.0 0.0 0.0 0.0 0.0 0.0 0.0
4882 1651.0870361328125 463.0434265136719 342.6495433777878 0.0 0.0 0.0 0.0 0.0 0.0 0.0
4900 1693.4783935546875 586.9564819335938 38.99614101123018 0.0 0.0 0.0 0.0 0.0 0.0 0.0
4915 1735.86962890625 691.3043212890625 60.190353013662474 0.0 0.0 0.0 0.0 0.0 0.0 0.0
4933 1768.4783935546875 776.0869140625 70.10369448150917 0.0 0.0 0.0 0.0 0.0 0.0 0.0
4948 1804.347900390625 870.6521606445312 76.05138247831641 0.0 0.0 0.0 0.0 0.0 0.0 0.0
4966 1827.174072265625 965.2173461914062 82.45844154131134 0.0 0.0 0.0 0.0 0.0 0.0 0.0
4982 1856.5218505859375 1108.695556640625 87.78694400850125 0.0 0.0 0.0 0.0 0.0 0.0 0.0
5000 1866.304443359375 1258.695556640625 94.60834953597092 0.0 0.0 0.0 0.0 0.0 0.0 0.0
5015 1872.826171875 1395.652099609375 97.95991615213256 0.0 0.0 0.0 0.0 0.0 0.0 0.0
5032 1879.347900390625 1552.173828125 99.75689483419666 0.0 0.0 0.0 0.0 0.0 0.0 0.0
5048 1879.347900390625 1610.8695068359375 101.01782382965038 0.0 0.0 0.0 0.0 0.0 0.0 0.0
5064 1879.347900390625 1659.7825927734375 101.7499128593229 0.0 0.0 0.0 0.0 0.0 0.0 0.0
5081 1876.0870361328125 1718.478271484375 103.41964829804576 0.0 0.0 0.0 0.0 0.0 0.0 0.0
5099 1836.9566650390625 1754.3477783203125 118.2155299134092 0.0 0.0 0.0 0.0 0.0 0.0 0.0
5114 1778.260986328125 1790.2174072265625 134.59220017806544 0.0 0.0 0.0 0.0 0.0 0.0 0.0
5131 1690.217529296875 1829.3477783203125 150.6537730727139 0.0 0.0 0.0 0.0 0.0 0.0 0.0
5148 1595.65234375 1845.652099609375 165.81930931629515 0.0 0.0 0.0 0.0 0.0 0.0 0.0
5165 1510.86962890625 1848.9129638671875 176.72503035330442 0.0 0.0 0.0 0.0 0.0 0.0 0.0
5181 1435.86962890625 1845.652099609375 184.39803680174472 0.0 0.0 0.0 0.0 0.0 0.0 0.0
5198 1360.86962890625 1813.04345703125 198.03622422434685 0.0 0.0 0.0 0.0 0.0 0.0 0.0
5214 1276.0870361328125 1757.608642578125 211.5706504180596 0.0 0.0 0.0 0.0 0.0 0.0 0.0
5231 1204.347900390625 1682.608642578125 225.0710178119957 0.0 0.0 0.0 0.0 0.0 0.0 0.0
5247 1158.69580078125 1617.3912353515625 234.73686653481556 0.0 0.0 0.0 0.0 0.0 0.0 0.0
5264 1113.0435791015625 1529.3477783203125 244.71140716194415 0.0 0.0 0.0 0.0 0.0 0.0 0.0
5280 1096.7392578125 1431.521728515625 258.4112811136172 0.0 0.0 0.0 0.0 0.0 0.0 0.0
5298 1096.7392578125 1336.9564208984375 269.8308270526052 0.0 0.0 0.0 0.0 0.0 0.0 0.0
5314 1103.260986328125 1252.173828125 277.57621501208666 0.0 0.0 0.0 0.0 0.0 0.0 0.0
5330 1142.3914794921875 1177.173828125 291.8612961303995 0.0 0.0 0.0 0.0 0.0 0.0 0.0
5348 1188.0435791015625 1134.7825927734375 305.46441737586963 0.0 0.0 0.0 0.0 0.0 0.0 0.0
5363 1243.4783935546875 1108.695556640625 320.27879734269777 0.0 0.0 0.0 0.0 0.0 0.0 0.0
5381 1295.65234375 1105.4346923828125 335.5050014221178 0.0 0.0 0.0 0.0 0.0 0.0 0.0
5398 1347.826171875 1111.9564208984375 349.48653293969465 0.0 0.0 0.0 0.0 0.0 0.0 0.0
5413 1400.0001220703125 1144.565185546875 8.641262335241052 0.0 0.0 0.0 0.0 0.0 0.0 0.0
5431 1471.7392578125 1206.521728515625 29.40670208681074 0.0 0.0 0.0 0.0 0.0 0.0 0.0
5447 1510.86962890625 1252.173828125 40.92672787277793 0.0 0.0 0.0 0.0 0.0 0.0 0.0
5464 1523.9132080078125 1278.2608642578125 48.10477762942722 0.0 0.0 0.0 0.0 0.0 0.0 0.0
5481 1540.217529296875 1304.3477783203125 53.05663721311012 0.0 0.0 0.0 0.0 0.0 0.0 0.0
5498 1546.7392578125 1323.9129638671875 57.86086557874836 0.0 0.0 0.0 0.0 0.0 0.0 0.0
5530 1543.4783935546875 1317.3912353515625 56.57048504311945 0.0 0.0 0.0 0.0 0.0 0.0 0.0
5547 1523.9132080078125 1278.2608642578125 44.55176802832838 0.0 0.0 0.0 0.0 0.0 0.0 0.0
5563 1504.347900390625 1226.0869140625 17.81645023140362 0.0 0.0 0.0 0.0 0.0 0.0 0.0
5580 1497.826171875 1203.2608642578125 5.7420147026249 0.0 0.0 0.0 0.0 0.0 0.0 0.0
5597 1497.826171875 1173.9129638671875 351.69431203901723 0.0 0.0 0.0 0.0 0.0 0.0 0.0
5614 1504.347900390625 1157.608642578125 345.85192158405715 0.0 0.0 0.0 0.0 0.0 0.0 0.0
5629 1556.5218505859375 1157.608642578125 354.5139791767325 0.0 0.0 0.0 0.0 0.0 0.0 0.0
5647 1670.65234375 1213.04345703125 18.3648281190533 0.0 0.0 0.0 0.0 0.0 0.0 0.0
5662 1755.4349365234375 1301.0869140625 39.84770405438039 0.0 0.0 0.0 0.0 0.0 0.0 0.0
5680 1791.304443359375 1350.0 49.359703306924274 0.0 0.0 0.0 0.0 0.0 0.0 0.0
5697 1827.174072265625 1385.8695068359375 52.179012955279035 0.0 0.0 0.0 0.0 0.0 0.0 0.0
5713 1856.5218505859375 1411.9564208984375 52.92640248056247 0.0 0.0 0.0 0.0 0.0 0.0 0.0
5729 1869.5653076171875 1418.478271484375 51.4490452542704 0.0 0.0 0.0 0.0 0.0 0.0 0.0
5746 1879.347900390625 1408.695556640625 44.579981880179176 0.0 0.0 0.0 0.0 0.0 0.0 0.0
5763 1905.4349365234375 1314.13037109375 356.8138703447111 0.0 0.0 0.0 0.0 0.0 0.0 0.0
5778 1951.087158203125 1183.695556640625 326.7478933262286 0.0 0.0 0.0 0.0 0.0 0.0 0.0
5796 1980.434814453125 1092.3912353515625 315.0201881947471 0.0 0.0 0.0 0.0 0.0 0.0 0.0
5812 2000.0 1023.9130249023438 308.96003868117253 0.0 0.0 0.0 0.0 0.0 0.0 0.0
5829 2019.5654296875 961.9564819335938 306.0285503755322 0.0 0.0 0.0 0.0 0.0 0.0 0.0
5845 2032.60888671875 899.9999389648438 302.17192088990953 0.0 0.0 0.0 0.0 0.0 0.0 0.0
5863 2032.60888671875 844.565185546875 296.0039325209903 0.0 0.0 0.0 0.0 0.0 0.0 0.0
5878 2032.60888671875 785.8695068359375 291.6956103003564 0.0 0.0 0.0 0.0 0.0 0.0 0.0
5896 2009.78271484375 753.2608032226562 280.7696342706407 0.0 0.0 0.0 0.0 0.0 0.0 0.0
5912 1977.174072265625 720.6521606445312 268.79151463765083 0.0 0.0 0.0 0.0 0.0 0.0 0.0
5929 1944.5654296875 697.8260498046875 258.54618094286263 0.0 0.0 0.0 0.0 0.0 0.0 0.0
5945 1921.7392578125 691.3043212890625 250.547561151341 0.0 0.0 0.0 0.0 0.0 0.0 0.0
5962 1892.3914794921875 684.7825927734375 241.5787661911787 0.0 0.0 0.0 0.0 0.0 0.0 0.0
5978 1863.0435791015625 691.3043212890625 229.92024406641198 0.0 0.0 0.0 0.0 0.0 0.0 0.0
5995 1820.65234375 746.7390747070312 198.3216107649475 0.0 0.0 0.0 0.0 0.0 0.0 0.0
6012 1761.9566650390625 851.0869140625 164.37727211773955 0.0 0.0 0.0 0.0 0.0 0.0 0.0
6028 1732.6087646484375 948.9130249023438 143.3590791890921 0.0 0.0 0.0 0.0 0.0 0.0 0.0
6045 1693.4783935546875 1147.8260498046875 124.74538699782175 0.0 0.0 0.0 0.0 0.0 0.0 0.0
6061 1693.4783935546875 1333.695556640625 111.43032284589816 0.0 0.0 0.0 0.0 0.0 0.0 0.0
6077 1726.0870361328125 1516.3043212890625 100.1237467909244 0.0 0.0 0.0 0.0 0.0 0.0 0.0
6094 1768.4783935546875 1610.8695068359375 90.12801997146406 0.0 0.0 0.0 0.0 0.0 0.0 0.0
6111 1810.86962890625 1672.8260498046875 81.706779196248 0.0 0.0 0.0 0.0 0.0 0.0 0.0
6127 1856.5218505859375 1711.9564208984375 72.13241978878514 0.0 0.0 0.0 0.0 0.0 0.0 0.0
6144 1918.4783935546875 1728.2608642578125 56.45331593135069 0.0 0.0 0.0 0.0 0.0 0.0 0.0
6162 1970.65234375 1728.2608642578125 43.14197858989476 0.0 0.0 0.0 0.0 0.0 0.0 0.0
6177 2032.60888671875 1689.13037109375 19.348960305162663 0.0 0.0 0.0 0.0 0.0 0.0 0.0
6196 2084.78271484375 1646.7391357421875 2.78337043500197 0.0 0.0 0.0 0.0 0.0 0.0 0.0
6212 2133.69580078125 1594.565185546875 348.83199070006134 0.0 0.0 0.0 0.0 0.0 0.0 0.0
6227 2169.5654296875 1548.9129638671875 339.6227792743376 0.0 0.0 0.0 0.0 0.0 0.0 0.0
6244 2195.65234375 1500.0 330.4166093578227 0.0 0.0 0.0 0.0 0.0 0.0 0.0
6261 2228.260986328125 1379.3477783203125 313.6126271884235 0.0 0.0 0.0 0.0 0.0 0.0 0.0
6277 2228.260986328125 1304.3477783203125 301.59632916288996 0.0 0.0 0.0 0.0 0.0 0.0 0.0
6295 2228.260986328125 1167.3912353515625 291.60811429708815 0.0 0.0 0.0 0.0 0.0 0.0 0.0
6310 2198.9130859375 1066.3043212890625 279.82576894235774 0.0 0.0 0.0 0.0 0.0 0.0 0.0
6328 2159.78271484375 997.8260498046875 269.0813446447438 0.0 0.0 0.0 0.0 0.0 0.0 0.0
6344 2091.304443359375 942.3912353515625 253.0431501582141 0.0 0.0 0.0 0.0 0.0 0.0 0.0
6360 2013.043701171875 913.04345703125 236.49255343248356 0.0 0.0 0.0 0.0 0.0 0.0 0.0
6378 1954.347900390625 906.5216674804688 224.02044282171428 0.0 0.0 0.0 0.0 0.0 0.0 0.0
6394 1895.65234375 903.2608032226562 214.6781774548268 0.0 0.0 0.0 0.0 0.0 0.0 0.0
6410 1869.5653076171875 899.9999389648438 212.0131144087326 0.0 0.0 0.0 0.0 0.0 0.0 0.0
6427 1850.0001220703125 893.4782104492188 211.99027997792118 0.0 0.0 0.0 0.0 0.0 0.0 0.0
6443 1840.217529296875 883.6956176757812 214.81845343672612 0.0 0.0 0.0 0.0 0.0 0.0 0.0
6460 1840.217529296875 860.8695068359375 224.81065918800604 0.0 0.0 0.0 0.0 0.0 0.0 0.0
6476 1866.304443359375 815.2173461914062 249.59843923544784 0.0 0.0 0.0 0.0 0.0 0.0 0.0
6493 1902.174072265625 766.3043212890625 272.81223643961175 0.0 0.0 0.0 0.0 0.0 0.0 0.0
6509 1931.5218505859375 727.1738891601562 286.74275283272107 0.0 0.0 0.0 0.0 0.0 0.0 0.0
6528 1960.86962890625 691.3043212890625 297.04295136444983 0.0 0.0 0.0 0.0 0.0 0.0 0.0
6546 1977.174072265625 655.4347534179688 299.85018057524445 0.0 0.0 0.0 0.0 0.0 0.0 0.0
6560 1990.217529296875 622.8260498046875 301.1316029207884 0.0 0.0 0.0 0.0 0.0 0.0 0.0
6576 2000.0 590.2173461914062 300.8986180378495 0.0 0.0 0.0 0.0 0.0 0.0 0.0
6594 2013.043701171875 560.8695068359375 302.34163288331575 0.0 0.0 0.0 0.0 0.0 0.0 0.0
6609 2032.60888671875 534.7825622558594 306.35437800081615 0.0 0.0 0.0 0.0 0.0 0.0 0.0
6627 2052.174072265625 518.4782104492188 311.2966623563244 0.0 0.0 0.0 0.0 0.0 0.0 0.0
6642 2068.478271484375 505.43475341796875 314.91670138567673 0.0 0.0 0.0 0.0 0.0 0.0 0.0
6659 2088.043701171875 502.1738586425781 321.734436263162 0.0 0.0 0.0 0.0 0.0 0.0 0.0
6675 2104.347900390625 502.1738586425781 327.70112732865624 0.0 0.0 0.0 0.0 0.0 0.0 0.0
6694 2123.9130859375 502.1738586425781 334.0473062666783 0.0 0.0 0.0 0.0 0.0 0.0 0.0
6710 2150.0 502.1738586425781 341.1694121940105 0.0 0.0 0.0 0.0 0.0 0.0 0.0
6726 2172.826171875 502.1738586425781 346.4585959004983 0.0 0.0 0.0 0.0 0.0 0.0 0.0
6742 2192.391357421875 502.1738586425781 350.3711873131932 0.0 0.0 0.0 0.0 0.0 0.0 0.0
6759 2208.69580078125 502.1738586425781 353.2428823038832 0.0 0.0 0.0 0.0 0.0 0.0 0.0
6775 2221.7392578125 502.1738586425781 355.3126816483992 0.0 0.0 0.0 0.0 0.0 0.0 0.0
6797 2225.0 502.1738586425781 355.81609445397106 0.0 0.0 0.0 0.0 0.0 0.0 0.0
6813 2228.260986328125 502.1738586425781 356.3059750016443 0.0 0.0 0.0 0.0 0.0 0.0 0.0
6831 2231.52197265625 505.43475341796875 358.34559853122687 0.0 0.0 0.0 0.0 0.0 0.0 0.0
6864 2231.52197265625 511.95648193359375 1.6038310958610822 0.0 0.0 0.0 0.0 0.0 0.0 0.0
6879 2231.52197265625 515.2173461914062 3.241354435808688 0.0 0.0 0.0 0.0 0.0 0.0 0.0
6931 2234.78271484375 515.2173461914062 3.5274682115748135 0.0 0.0 0.0 0.0 0.0 0.0 0.0
6947 2234.78271484375 518.4782104492188 5.173997244614199 0.0 0.0 0.0 0.0 0.0 0.0 0.0
7013 2234.78271484375 518.4782104492188 5.173993143531135 0.0 0.0 0.0 0.0 0.0 0.0 0.0
7079 2234.78271484375 521.7390747070312 6.826726690861491 0.0 0.0 0.0 0.0 0.0 0.0 0.0
7329 2234.78271484375 524.9999694824219 8.48432754168347 0.0 0.0 0.0 0.0 0.0 0.0 0.0
7378 2231.52197265625 524.9999694824219 8.336617242010107 0.0 0.0 0.0 0.0 0.0 0.0 0.0
7394 2231.52197265625 528.2608337402344 9.997412456946563 0.0 0.0 0.0 0.0 0.0 0.0 0.0
7411 2225.0 528.2608337402344 9.785881014765309 0.0 0.0 0.0 0.0 0.0 0.0 0.0
7428 2189.130615234375 551.0869140625 25.06075344631978 0.0 0.0 0.0 0.0 0.0 0.0 0.0
7445 2127.174072265625 599.9999389648438 69.5493666343894 0.0 0.0 0.0 0.0 0.0 0.0 0.0
7460 2081.52197265625 665.2173461914062 97.32222555248046 0.0 0.0 0.0 0.0 0.0 0.0 0.0
7478 2045.65234375 717.3912353515625 111.73626218699744 0.0 0.0 0.0 0.0 0.0 0.0 0.0
7494 2019.5654296875 769.565185546875 117.95595047539936 0.0 0.0 0.0 0.0 0.0 0.0 0.0
7511 1996.7392578125 818.4782104492188 121.35717470639932 0.0 0.0 0.0 0.0 0.0 0.0 0.0
7528 1964.130615234375 899.9999389648438 123.0573593049244 0.0 0.0 0.0 0.0 0.0 0.0 0.0
7545 1928.260986328125 997.8260498046875 123.30279005635893 0.0 0.0 0.0 0.0 0.0 0.0 0.0
7560 1876.0870361328125 1138.04345703125 123.61017899500129 0.0 0.0 0.0 0.0 0.0 0.0 0.0
7577 1840.217529296875 1248.9129638671875 122.46380273749 0.0 0.0 0.0 0.0 0.0 0.0 0.0
7594 1820.65234375 1327.173828125 120.37538449658419 0.0 0.0 0.0 0.0 0.0 0.0 0.0
7611 1801.0870361328125 1408.695556640625 118.90148967483955 0.0 0.0 0.0 0.0 0.0 0.0 0.0
7627 1794.5653076171875 1441.3043212890625 117.95133101814508 0.0 0.0 0.0 0.0 0.0 0.0 0.0
7645 1784.78271484375 1473.9129638671875 118.45814747175703 0.0 0.0 0.0 0.0 0.0 0.0 0.0
7661 1778.260986328125 1493.478271484375 118.98665181990717 0.0 0.0 0.0 0.0 0.0 0.0 0.0
7677 1778.260986328125 1513.04345703125 116.69581806208242 0.0 0.0 0.0 0.0 0.0 0.0 0.0
7694 1775.0001220703125 1532.608642578125 116.12532504213101 0.0 0.0 0.0 0.0 0.0 0.0 0.0
7710 1775.0001220703125 1545.652099609375 114.81210988352916 0.0 0.0 0.0 0.0 0.0 0.0 0.0
7728 1775.0001220703125 1558.695556640625 113.63341097796828 0.0 0.0 0.0 0.0 0.0 0.0 0.0
7743 1778.260986328125 1565.2174072265625 111.5178557256213 0.0 0.0 0.0 0.0 0.0 0.0 0.0
7760 1778.260986328125 1568.478271484375 111.29039568044956 0.0 0.0 0.0 0.0 0.0 0.0 0.0
8077 1778.260986328125 1565.2174072265625 111.52463557657157 0.0 0.0 0.0 0.0 0.0 0.0 0.0