0 2000.0 1500.0 0 0.0 0.0 0.0 0.0 0.0 0.0 0.0
15 2000.0 1500.0 0 0.0 0.0 0.0 0.0 0.0 0.0 0.0
30 2000.0 1500.0 0 0.0 0.0 0.0 0.0 0.0 0.0 0.0
38 2000.0 1500.0 0 0.0 0.0 0.0 0.0 0.0 0.0 0.0
55 2000.0 1500.0 0 0.0 0.0 0.0 0.0 0.0 0.0 0.0
63 2000.0 1500.0 0 0.0 0.0 0.0 0.0 0.0 0.0 0.0
70 2000.0 1500.0 0 0.0 0.0 0.0 0.0 0.0 0.0 0.0
78 2000.0 1500.0 0 0.0 0.0 0.0 0.0 0.0 0.0 0.0
87 2000.0 1500.0 0 0.0 0.0 0.0 0.0 0.0 0.0 0.0
94 2000.0 1500.0 0 0.0 0.0 0.0 0.0 0.0 0.0 0.0
102 2000.0 1500.0 0 0.0 0.0 0.0 0.0 0.0 0.0 0.0
110 2000.0 1500.0 0 0.0 0.0 0.0 0.0 0.0 0.0 0.0
119 2000.0 1500.0 0 0.0 0.0 0.0 0.0 0.0 0.0 0.0
126 2000.0 1500.0 0 0.0 0.0 0.0 0.0 0.0 0.0 0.0
135 2008.51806640625 1497.16064453125 0.4641952709614543 0.0 0.0 0.0 0.0 0.0 0.0 0.0
142 2014.19677734375 1497.16064453125 1.7019339696614537 0.0 0.0 0.0 0.0 0.0 0.0 0.0
151 2022.715087890625 1497.16064453125 3.422482597725306 0.0 0.0 0.0 0.0 0.0 0.0 0.0
166 2025.554443359375 1497.16064453125 3.981024835548169 0.0 0.0 0.0 0.0 0.0 0.0 0.0
175 2025.554443359375 1494.3212890625 2.469758679885416 0.0 0.0 0.0 0.0 0.0 0.0 0.0
310 2028.393798828125 1494.3212890625 3.052976726471215 0.0 0.0 0.0 0.0 0.0 0.0 0.0
319 2031.233154296875 1494.3212890625 3.621101080670357 0.0 0.0 0.0 0.0 0.0 0.0 0.0
326 2034.072509765625 1494.3212890625 4.174545823269668 0.0 0.0 0.0 0.0 0.0 0.0 0.0
408 2034.072509765625 1491.48193359375 2.661253110033101 0.0 0.0 0.0 0.0 0.0 0.0 0.0
414 2036.911865234375 1491.48193359375 3.239559028427152 0.0 0.0 0.0 0.0 0.0 0.0 0.0
422 2039.75146484375 1491.48193359375 3.80290268888497 0.0 0.0 0.0 0.0 0.0 0.0 0.0
438 2042.5908203125 1491.48193359375 4.351605125839612 0.0 0.0 0.0 0.0 0.0 0.0 0.0
542 2045.43017578125 1491.48193359375 4.885969092520426 0.0 0.0 0.0 0.0 0.0 0.0 0.0
549 2048.26953125 1488.6424560546875 3.9203027935907926 0.0 0.0 0.0 0.0 0.0 0.0 0.0
559 2053.9482421875 1488.6424560546875 4.983870058030135 0.0 0.0 0.0 0.0 0.0 0.0 0.0
566 2056.78759765625 1488.6424560546875 5.501712010742324 0.0 0.0 0.0 0.0 0.0 0.0 0.0
575 2059.626953125 1485.8031005859375 4.514520104213432 0.0 0.0 0.0 0.0 0.0 0.0 0.0
582 2065.305908203125 1485.8031005859375 5.547865636182095 0.0 0.0 0.0 0.0 0.0 0.0 0.0
590 2068.145263671875 1482.9637451171875 4.559045595496116 0.0 0.0 0.0 0.0 0.0 0.0 0.0
598 2073.823974609375 1480.1243896484375 4.139763357689475 0.0 0.0 0.0 0.0 0.0 0.0 0.0
606 2076.663330078125 1480.1243896484375 4.679629766723679 0.0 0.0 0.0 0.0 0.0 0.0 0.0
614 2088.02099609375 1477.284912109375 5.2408552194284255 0.0 0.0 0.0 0.0 0.0 0.0 0.0
621 2096.5390625 1477.284912109375 6.697757698843716 0.0 0.0 0.0 0.0 0.0 0.0 0.0
630 2105.05712890625 1477.284912109375 8.044847005505375 0.0 0.0 0.0 0.0 0.0 0.0 0.0
638 2110.736083984375 1474.445556640625 7.419796145308638 0.0 0.0 0.0 0.0 0.0 0.0 0.0
646 2113.575439453125 1474.445556640625 7.873435645727469 0.0 0.0 0.0 0.0 0.0 0.0 0.0
655 2116.414794921875 1474.445556640625 8.315038128992796 0.0 0.0 0.0 0.0 0.0 0.0 0.0
671 2119.254150390625 1474.445556640625 8.744901057822801 0.0 0.0 0.0 0.0 0.0 0.0 0.0
677 2122.093505859375 1474.445556640625 9.163317199706555 0.0 0.0 0.0 0.0 0.0 0.0 0.0
686 2124.932861328125 1474.445556640625 9.570557591046281 0.0 0.0 0.0 0.0 0.0 0.0 0.0
693 2133.451171875 1474.445556640625 10.699158774699399 0.0 0.0 0.0 0.0 0.0 0.0 0.0
703 2141.96923828125 1474.445556640625 11.741251301954549 0.0 0.0 0.0 0.0 0.0 0.0 0.0
711 2153.32666015625 1474.445556640625 12.991799997010261 0.0 0.0 0.0 0.0 0.0 0.0 0.0
719 2161.844970703125 1474.445556640625 13.857275615088241 0.0 0.0 0.0 0.0 0.0 0.0 0.0
726 2170.363037109375 1474.445556640625 14.6557619186256 0.0 0.0 0.0 0.0 0.0 0.0 0.0
735 2176.041748046875 1474.445556640625 15.159815510965103 0.0 0.0 0.0 0.0 0.0 0.0 0.0
998 2181.720703125 1477.284912109375 17.16517993074912 0.0 0.0 0.0 0.0 0.0 0.0 0.0
1007 2184.56005859375 1477.284912109375 17.35551792966274 0.0 0.0 0.0 0.0 0.0 0.0 0.0
1017 2190.23876953125 1482.9637451171875 20.789608584376097 0.0 0.0 0.0 0.0 0.0 0.0 0.0
1023 2195.91748046875 1482.9637451171875 20.96619715154776 0.0 0.0 0.0 0.0 0.0 0.0 0.0
1031 2204.435791015625 1485.8031005859375 22.70816632743886 0.0 0.0 0.0 0.0 0.0 0.0 0.0
1038 2212.953857421875 1488.6424560546875 24.31388797302141 0.0 0.0 0.0 0.0 0.0 0.0 0.0
1045 2224.3115234375 1488.6424560546875 24.290130527250852 0.0 0.0 0.0 0.0 0.0 0.0 0.0
1054 2238.50830078125 1491.48193359375 25.687213763476052 0.0 0.0 0.0 0.0 0.0 0.0 0.0
1062 2258.384033203125 1491.48193359375 25.421055659549353 0.0 0.0 0.0 0.0 0.0 0.0 0.0
1069 2275.42041015625 1494.3212890625 26.613890054274734 0.0 0.0 0.0 0.0 0.0 0.0 0.0
1077 2298.135498046875 1494.3212890625 26.145416633318817 0.0 0.0 0.0 0.0 0.0 0.0 0.0
1086 2309.492919921875 1494.3212890625 25.935023073537124 0.0 0.0 0.0 0.0 0.0 0.0 0.0
1094 2323.68994140625 1497.16064453125 27.12635578770731 0.0 0.0 0.0 0.0 0.0 0.0 0.0
1103 2337.88671875 1497.16064453125 26.74813323683496 0.0 0.0 0.0 0.0 0.0 0.0 0.0
1110 2349.244384765625 1497.16064453125 26.47635076100036 0.0 0.0 0.0 0.0 0.0 0.0 0.0
1119 2357.762451171875 1497.16064453125 26.288532194510708 0.0 0.0 0.0 0.0 0.0 0.0 0.0
1126 2363.44140625 1497.16064453125 26.17001805188211 0.0 0.0 0.0 0.0 0.0 0.0 0.0
1478 2366.28076171875 1497.16064453125 26.11238460042989 0.0 0.0 0.0 0.0 0.0 0.0 0.0
1487 2374.798828125 1497.16064453125 25.953077827754385 0.0 0.0 0.0 0.0 0.0 0.0 0.0
1494 2391.835205078125 1497.16064453125 25.680750897120802 0.0 0.0 0.0 0.0 0.0 0.0 0.0
1502 2408.871337890625 1500.0 26.83558549673951 0.0 0.0 0.0 0.0 0.0 0.0 0.0
1510 2431.58642578125 1502.8394775390625 27.648656445287017 0.0 0.0 0.0 0.0 0.0 0.0 0.0
1518 2454.301513671875 1505.6788330078125 28.31051837797702 0.0 0.0 0.0 0.0 0.0 0.0 0.0
1526 2474.17724609375 1505.6788330078125 27.610092338347698 0.0 0.0 0.0 0.0 0.0 0.0 0.0
1535 2494.052978515625 1505.6788330078125 27.025600286856744 0.0 0.0 0.0 0.0 0.0 0.0 0.0
1541 2505.41064453125 1505.6788330078125 26.7255686064412 0.0 0.0 0.0 0.0 0.0 0.0 0.0
1550 2519.607421875 1505.6788330078125 26.397124911157107 0.0 0.0 0.0 0.0 0.0 0.0 0.0
1559 2528.125732421875 1505.6788330078125 26.21549671553393 0.0 0.0 0.0 0.0 0.0 0.0 0.0
1567 2533.804443359375 1505.6788330078125 26.10093492527767 0.0 0.0 0.0 0.0 0.0 0.0 0.0
1574 2536.643798828125 1505.6788330078125 26.04520487098908 0.0 0.0 0.0 0.0 0.0 0.0 0.0
1911 2539.483154296875 1505.6788330078125 25.991014909175902 0.0 0.0 0.0 0.0 0.0 0.0 0.0
1918 2542.322509765625 1505.6788330078125 25.938323657342465 0.0 0.0 0.0 0.0 0.0 0.0 0.0
1926 2550.8408203125 1505.6788330078125 25.792628631249315 0.0 0.0 0.0 0.0 0.0 0.0 0.0
1935 2567.876953125 1505.6788330078125 25.543637484331086 0.0 0.0 0.0 0.0 0.0 0.0 0.0
1944 2601.94970703125 1505.6788330078125 25.17216534912862 0.0 0.0 0.0 0.0 0.0 0.0 0.0
1951 2633.182861328125 1505.6788330078125 24.912617980731824 0.0 0.0 0.0 0.0 0.0 0.0 0.0
1958 2661.57666015625 1505.6788330078125 24.728795456816627 0.0 0.0 0.0 0.0 0.0 0.0 0.0
1966 2689.970703125 1508.5181884765625 25.85128461237821 0.0 0.0 0.0 0.0 0.0 0.0 0.0
1975 2709.846435546875 1508.5181884765625 25.557953154921435 0.0 0.0 0.0 0.0 0.0 0.0 0.0
1982 2721.203857421875 1508.5181884765625 25.40741176669171 0.0 0.0 0.0 0.0 0.0 0.0 0.0
1990 2726.882568359375 1508.5181884765625 25.336217702954784 0.0 0.0 0.0 0.0 0.0 0.0 0.0
1999 2732.561279296875 1508.5181884765625 25.268819326160298 0.0 0.0 0.0 0.0 0.0 0.0 0.0
2006 2735.40087890625 1508.5181884765625 25.23606606251539 0.0 0.0 0.0 0.0 0.0 0.0 0.0
2366 2735.40087890625 1511.3575439453125 26.859709860797423 0.0 0.0 0.0 0.0 0.0 0.0 0.0
2374 2738.240234375 1511.3575439453125 26.783056006581447 0.0 0.0 0.0 0.0 0.0 0.0 0.0
2382 2741.07958984375 1511.3575439453125 26.708565267325113 0.0 0.0 0.0 0.0 0.0 0.0 0.0
2390 2743.9189453125 1511.3575439453125 26.636117406379753 0.0 0.0 0.0 0.0 0.0 0.0 0.0
2398 2749.59765625 1511.3575439453125 26.498962761391937 0.0 0.0 0.0 0.0 0.0 0.0 0.0
2407 2755.2763671875 1511.3575439453125 26.36916049098012 0.0 0.0 0.0 0.0 0.0 0.0 0.0
2414 2766.634033203125 1514.197021484375 27.593282513537204 0.0 0.0 0.0 0.0 0.0 0.0 0.0
2423 2780.8310546875 1514.197021484375 27.157104146057193 0.0 0.0 0.0 0.0 0.0 0.0 0.0
2431 2800.70654296875 1514.197021484375 26.647587434487377 0.0 0.0 0.0 0.0 0.0 0.0 0.0
2438 2823.421630859375 1517.036376953125 27.495572854665284 0.0 0.0 0.0 0.0 0.0 0.0 0.0
2446 2846.13671875 1517.036376953125 26.86415778348581 0.0 0.0 0.0 0.0 0.0 0.0 0.0
2455 2868.851806640625 1517.036376953125 26.349436524684336 0.0 0.0 0.0 0.0 0.0 0.0 0.0
2463 2888.7275390625 1517.036376953125 25.973630984684263 0.0 0.0 0.0 0.0 0.0 0.0 0.0
2471 2902.924560546875 1517.036376953125 25.73850042397352 0.0 0.0 0.0 0.0 0.0 0.0 0.0
2479 2911.442626953125 1519.875732421875 27.104491443493487 0.0 0.0 0.0 0.0 0.0 0.0 0.0
2486 2928.47900390625 1519.875732421875 26.664821128987512 0.0 0.0 0.0 0.0 0.0 0.0 0.0
2495 2934.15771484375 1519.875732421875 26.526101650512146 0.0 0.0 0.0 0.0 0.0 0.0 0.0
2502 2939.83642578125 1522.715087890625 27.929709309265334 0.0 0.0 0.0 0.0 0.0 0.0 0.0
2510 2942.676025390625 1522.715087890625 27.823594329028595 0.0 0.0 0.0 0.0 0.0 0.0 0.0
2519 2945.515380859375 1522.715087890625 27.720429715337715 0.0 0.0 0.0 0.0 0.0 0.0 0.0
2550 2948.354736328125 1522.715087890625 27.620122479724756 0.0 0.0 0.0 0.0 0.0 0.0 0.0
2807 2951.194091796875 1525.5545654296875 29.09735036561119 0.0 0.0 0.0 0.0 0.0 0.0 0.0
2815 2956.872802734375 1525.5545654296875 28.82832456931503 0.0 0.0 0.0 0.0 0.0 0.0 0.0
2821 2959.712158203125 1525.5545654296875 28.697519230983332 0.0 0.0 0.0 0.0 0.0 0.0 0.0
2830 2968.23046875 1525.5545654296875 28.335722868471322 0.0 0.0 0.0 0.0 0.0 0.0 0.0
2837 2973.9091796875 1525.5545654296875 28.107456227959716 0.0 0.0 0.0 0.0 0.0 0.0 0.0
2846 2982.42724609375 1528.3939208984375 29.283992095101013 0.0 0.0 0.0 0.0 0.0 0.0 0.0
2855 2993.784912109375 1528.3939208984375 28.75425405737016 0.0 0.0 0.0 0.0 0.0 0.0 0.0
2862 2999.463623046875 1528.3939208984375 28.5035499562117 0.0 0.0 0.0 0.0 0.0 0.0 0.0
2870 3010.8212890625 1528.3939208984375 28.05316048374658 0.0 0.0 0.0 0.0 0.0 0.0 0.0
2878 3019.33935546875 1528.3939208984375 27.741826490014162 0.0 0.0 0.0 0.0 0.0 0.0 0.0
2887 3027.857421875 1531.2332763671875 28.94769846253091 0.0 0.0 0.0 0.0 0.0 0.0 0.0
2894 3030.69677734375 1531.2332763671875 28.813581821812363 0.0 0.0 0.0 0.0 0.0 0.0 0.0
2901 3033.536376953125 1534.0726318359375 30.254792040401412 0.0 0.0 0.0 0.0 0.0 0.0 0.0
2909 3036.375732421875 1534.0726318359375 30.08481243455934 0.0 0.0 0.0 0.0 0.0 0.0 0.0
3167 3039.215087890625 1534.0726318359375 29.91948609524377 0.0 0.0 0.0 0.0 0.0 0.0 0.0
3190 3042.054443359375 1534.0726318359375 29.75865365273961 0.0 0.0 0.0 0.0 0.0 0.0 0.0
3238 3044.893798828125 1534.0726318359375 29.602245656694322 0.0 0.0 0.0 0.0 0.0 0.0 0.0
3246 3050.572509765625 1534.0726318359375 29.306205269167364 0.0 0.0 0.0 0.0 0.0 0.0 0.0
3254 3061.93017578125 1534.0726318359375 28.7742323190201 0.0 0.0 0.0 0.0 0.0 0.0 0.0
3262 3078.96630859375 1534.0726318359375 28.092020066461473 0.0 0.0 0.0 0.0 0.0 0.0 0.0
3270 3093.163330078125 1534.0726318359375 27.59398482369339 0.0 0.0 0.0 0.0 0.0 0.0 0.0
3277 3110.19970703125 1534.0726318359375 27.083210294306724 0.0 0.0 0.0 0.0 0.0 0.0 0.0
3286 3121.55712890625 1534.0726318359375 26.777358471325797 0.0 0.0 0.0 0.0 0.0 0.0 0.0
3294 3130.075439453125 1534.0726318359375 26.565914448116985 0.0 0.0 0.0 0.0 0.0 0.0 0.0
3302 3135.754150390625 1534.0726318359375 26.432505997055813 0.0 0.0 0.0 0.0 0.0 0.0 0.0
3310 3138.593505859375 1534.0726318359375 26.367665170111835 0.0 0.0 0.0 0.0 0.0 0.0 0.0
3319 3141.432861328125 1534.0726318359375 26.30462174809702 0.0 0.0 0.0 0.0 0.0 0.0 0.0
3616 3144.272216796875 1534.0726318359375 26.24328131248754 0.0 0.0 0.0 0.0 0.0 0.0 0.0
3631 3147.111572265625 1534.0726318359375 26.183643767873065 0.0 0.0 0.0 0.0 0.0 0.0 0.0
3638 3161.30859375 1536.9119873046875 27.34383681740067 0.0 0.0 0.0 0.0 0.0 0.0 0.0
3646 3178.344970703125 1536.9119873046875 26.869380993072483 0.0 0.0 0.0 0.0 0.0 0.0 0.0
3654 3201.06005859375 1539.75146484375 27.676225229400288 0.0 0.0 0.0 0.0 0.0 0.0 0.0
3662 3232.293212890625 1539.75146484375 26.821328691334344 0.0 0.0 0.0 0.0 0.0 0.0 0.0
3670 3266.365966796875 1539.75146484375 26.12544366880593 0.0 0.0 0.0 0.0 0.0 0.0 0.0
3679 3297.59912109375 1539.75146484375 25.63921268987697 0.0 0.0 0.0 0.0 0.0 0.0 0.0
3686 3325.992919921875 1536.9119873046875 24.02844873546617 0.0 0.0 0.0 0.0 0.0 0.0 0.0
3694 3348.7080078125 1536.9119873046875 24.038118733659303 0.0 0.0 0.0 0.0 0.0 0.0 0.0
3702 3362.905029296875 1534.0726318359375 22.62032385148767 0.0 0.0 0.0 0.0 0.0 0.0 0.0
3711 3374.262451171875 1534.0726318359375 22.769146717790107 0.0 0.0 0.0 0.0 0.0 0.0 0.0
3718 3377.101806640625 1534.0726318359375 22.80531686080535 0.0 0.0 0.0 0.0 0.0 0.0 0.0
4014 3379.94140625 1534.0726318359375 22.840527310969208 0.0 0.0 0.0 0.0 0.0 0.0 0.0
4039 3382.78076171875 1534.0726318359375 22.874712790132932 0.0 0.0 0.0 0.0 0.0 0.0 0.0
4047 3385.6201171875 1534.0726318359375 22.90794721792983 0.0 0.0 0.0 0.0 0.0 0.0 0.0
4055 3388.45947265625 1534.0726318359375 22.940298473460672 0.0 0.0 0.0 0.0 0.0 0.0 0.0
4063 3391.298828125 1534.0726318359375 22.971766507093463 0.0 0.0 0.0 0.0 0.0 0.0 0.0
4070 3399.81689453125 1534.0726318359375 23.058732188287678 0.0 0.0 0.0 0.0 0.0 0.0 0.0
4079 3402.65625 1534.0726318359375 23.086891523027035 0.0 0.0 0.0 0.0 0.0 0.0 0.0
4086 3408.335205078125 1534.0726318359375 23.140226819827248 0.0 0.0 0.0 0.0 0.0 0.0 0.0
4096 3416.853271484375 1534.0726318359375 23.214018075691456 0.0 0.0 0.0 0.0 0.0 0.0 0.0
4102 3428.2109375 1534.0726318359375 23.302319175386103 0.0 0.0 0.0 0.0 0.0 0.0 0.0
4112 3445.2470703125 1536.9119873046875 24.804521814770823 0.0 0.0 0.0 0.0 0.0 0.0 0.0
4118 3465.122802734375 1536.9119873046875 24.684607750930425 0.0 0.0 0.0 0.0 0.0 0.0 0.0
4128 3487.837890625 1539.75146484375 25.897137097359888 0.0 0.0 0.0 0.0 0.0 0.0 0.0
4133 3507.713623046875 1545.43017578125 28.30217254728889 0.0 0.0 0.0 0.0 0.0 0.0 0.0
4141 3527.58935546875 1548.26953125 28.954926370959768 0.0 0.0 0.0 0.0 0.0 0.0 0.0
4149 3538.94677734375 1551.1090087890625 29.91149240855387 0.0 0.0 0.0 0.0 0.0 0.0 0.0
4158 3544.625732421875 1556.7877197265625 32.64300622112556 0.0 0.0 0.0 0.0 0.0 0.0 0.0
4167 3550.304443359375 1556.7877197265625 32.18474452943147 0.0 0.0 0.0 0.0 0.0 0.0 0.0