0 2000.0 1500.0 0 0.0 0.0 0.0 0.0 0.0 0.0 0.0
159 2000.0 1500.0 0 0.0 0.0 0.0 0.0 0.0 0.0 0.0
173 2000.0 1500.0 0 0.0 0.0 0.0 0.0 0.0 0.0 0.0
188 2000.0 1500.0 0 0.0 0.0 0.0 0.0 0.0 0.0 0.0
202 2000.0 1500.0 0 0.0 0.0 0.0 0.0 0.0 0.0 0.0
207 2000.0 1500.0 0 0.0 0.0 0.0 0.0 0.0 0.0 0.0
215 2000.0 1500.0 0 0.0 0.0 0.0 0.0 0.0 0.0 0.0
223 2000.0 1500.0 0 0.0 0.0 0.0 0.0 0.0 0.0 0.0
234 2000.0 1500.0 0 0.0 0.0 0.0 0.0 0.0 0.0 0.0
242 2000.0 1500.0 0 0.0 0.0 0.0 0.0 0.0 0.0 0.0
247 2000.0 1500.0 0 0.0 0.0 0.0 0.0 0.0 0.0 0.0
251 2014.9200999999998 1488.0610000000001 359.969 0.0 0.0 0.0 0.0 0.0 0.0 0.0
260 2020.8901 1485.0810000000001 0.605799 0.0 0.0 0.0 0.0 0.0 0.0 0.0
268 2029.8401 1476.131 359.908 0.0 0.0 0.0 0.0 0.0 0.0 0.0
276 2044.7601 1467.171 0.884342 0.0 0.0 0.0 0.0 0.0 0.0 0.0
282 2050.7301 1461.211 0.385225 0.0 0.0 0.0 0.0 0.0 0.0 0.0
292 2056.7001 1458.221 1.00042 0.0 0.0 0.0 0.0 0.0 0.0 0.0
301 2065.6501 1449.2710000000002 0.264786 0.0 0.0 0.0 0.0 0.0 0.0 0.0
306 2071.6201 1443.3010000000002 359.807 0.0 0.0 0.0 0.0 0.0 0.0 0.0
316 2071.6201 1440.3210000000001 358.686 0.0 0.0 0.0 0.0 0.0 0.0 0.0
323 2071.6201 1437.3310000000001 357.582 0.0 0.0 0.0 0.0 0.0 0.0 0.0
674 2074.6001 1437.3310000000001 358.518 0.0 0.0 0.0 0.0 0.0 0.0 0.0
682 2086.5401 1446.2910000000002 5.38401 0.0 0.0 0.0 0.0 0.0 0.0 0.0
699 2092.5101 1455.241 10.6225 0.0 0.0 0.0 0.0 0.0 0.0 0.0
707 2098.4701 1458.221 13.1869 0.0 0.0 0.0 0.0 0.0 0.0 0.0
716 2113.3901 1473.141 22.2605 0.0 0.0 0.0 0.0 0.0 0.0 0.0
724 2131.3001 1482.0910000000001 28.1401 0.0 0.0 0.0 0.0 0.0 0.0 0.0
733 2158.1601 1497.0210000000002 36.0074 0.0 0.0 0.0 0.0 0.0 0.0 0.0
739 2176.0601 1508.951 41.3908 0.0 0.0 0.0 0.0 0.0 0.0 0.0
749 2199.9301 1526.861 48.0791 0.0 0.0 0.0 0.0 0.0 0.0 0.0
754 2217.8401 1532.8210000000001 49.2955 0.0 0.0 0.0 0.0 0.0 0.0 0.0
766 2244.6901000000003 1544.7610000000002 51.9113 0.0 0.0 0.0 0.0 0.0 0.0 0.0
771 2268.5701 1553.711 53.1746 0.0 0.0 0.0 0.0 0.0 0.0 0.0
781 2286.4701 1559.681 53.6871 0.0 0.0 0.0 0.0 0.0 0.0 0.0
786 2304.3701 1565.651 54.1285 0.0 0.0 0.0 0.0 0.0 0.0 0.0
797 2310.3401 1568.631 54.7112 0.0 0.0 0.0 0.0 0.0 0.0 0.0
802 2316.3101 1568.631 53.9319 0.0 0.0 0.0 0.0 0.0 0.0 0.0
813 2319.2901 1568.631 53.5515 0.0 0.0 0.0 0.0 0.0 0.0 0.0
1060 2319.2901 1565.651 52.1342 0.0 0.0 0.0 0.0 0.0 0.0 0.0
1068 2319.2901 1562.661 50.7087 0.0 0.0 0.0 0.0 0.0 0.0 0.0
1085 2325.2601 1550.731 44.584 0.0 0.0 0.0 0.0 0.0 0.0 0.0
1098 2334.2201 1535.8110000000001 37.356 0.0 0.0 0.0 0.0 0.0 0.0 0.0
1103 2340.1801 1517.901 29.1614 0.0 0.0 0.0 0.0 0.0 0.0 0.0
1110 2346.1501 1508.951 25.5446 0.0 0.0 0.0 0.0 0.0 0.0 0.0
1118 2355.1001 1491.0510000000002 18.7616 0.0 0.0 0.0 0.0 0.0 0.0 0.0
1131 2358.0901 1476.131 12.8067 0.0 0.0 0.0 0.0 0.0 0.0 0.0
1138 2370.0201 1458.221 8.18193 0.0 0.0 0.0 0.0 0.0 0.0 0.0
1146 2373.0101 1443.3010000000002 3.07188 0.0 0.0 0.0 0.0 0.0 0.0 0.0
1152 2375.9901 1440.3210000000001 2.73851 0.0 0.0 0.0 0.0 0.0 0.0 0.0
1157 2378.9801 1428.381 359.145 0.0 0.0 0.0 0.0 0.0 0.0 0.0
1165 2381.9601000000002 1422.411 357.877 0.0 0.0 0.0 0.0 0.0 0.0 0.0
1182 2381.9601000000002 1419.431 356.787 0.0 0.0 0.0 0.0 0.0 0.0 0.0
1501 2381.9601000000002 1422.411 357.895 0.0 0.0 0.0 0.0 0.0 0.0 0.0
1511 2387.9301 1428.381 1.9782 0.0 0.0 0.0 0.0 0.0 0.0 0.0
1517 2393.9001 1434.351 6.00792 0.0 0.0 0.0 0.0 0.0 0.0 0.0
1528 2408.8201 1449.2710000000002 15.604 0.0 0.0 0.0 0.0 0.0 0.0 0.0
1535 2426.7201 1461.211 23.5195 0.0 0.0 0.0 0.0 0.0 0.0 0.0
1542 2453.5801 1482.0910000000001 34.6448 0.0 0.0 0.0 0.0 0.0 0.0 0.0
1550 2471.4801 1502.981 43.9997 0.0 0.0 0.0 0.0 0.0 0.0 0.0
1558 2498.3401 1514.921 47.6576 0.0 0.0 0.0 0.0 0.0 0.0 0.0
1570 2516.2401 1526.861 51.3851 0.0 0.0 0.0 0.0 0.0 0.0 0.0
1576 2540.1201 1535.8110000000001 52.742 0.0 0.0 0.0 0.0 0.0 0.0 0.0
1586 2563.9901 1541.7810000000002 52.6952 0.0 0.0 0.0 0.0 0.0 0.0 0.0
1591 2572.9401000000003 1544.7610000000002 53.0061 0.0 0.0 0.0 0.0 0.0 0.0 0.0
1599 2587.8601 1547.741 52.6318 0.0 0.0 0.0 0.0 0.0 0.0 0.0
1605 2590.8401 1547.741 52.2827 0.0 0.0 0.0 0.0 0.0 0.0 0.0
1618 2593.8301 1547.741 51.942 0.0 0.0 0.0 0.0 0.0 0.0 0.0
1630 2596.8101 1547.741 51.6097 0.0 0.0 0.0 0.0 0.0 0.0 0.0
1647 2599.8001 1544.7610000000002 49.8903 0.0 0.0 0.0 0.0 0.0 0.0 0.0
1878 2602.7801 1544.7610000000002 49.6076 0.0 0.0 0.0 0.0 0.0 0.0 0.0
1886 2602.7801 1541.7810000000002 48.1701 0.0 0.0 0.0 0.0 0.0 0.0 0.0
1894 2608.7501 1532.8210000000001 43.547 0.0 0.0 0.0 0.0 0.0 0.0 0.0
1901 2617.7001 1526.861 40.4747 0.0 0.0 0.0 0.0 0.0 0.0 0.0
1913 2632.6201 1511.941 33.7827 0.0 0.0 0.0 0.0 0.0 0.0 0.0
1919 2635.6101 1508.951 32.4832 0.0 0.0 0.0 0.0 0.0 0.0 0.0
1925 2647.5401 1494.0310000000002 26.5393 0.0 0.0 0.0 0.0 0.0 0.0 0.0
1934 2656.4901 1482.0910000000001 22.1612 0.0 0.0 0.0 0.0 0.0 0.0 0.0
1942 2668.4301 1470.161 18.6449 0.0 0.0 0.0 0.0 0.0 0.0 0.0
1951 2680.3701 1452.2510000000002 13.2071 0.0 0.0 0.0 0.0 0.0 0.0 0.0
1957 2683.3501 1446.2910000000002 11.277 0.0 0.0 0.0 0.0 0.0 0.0 0.0
1966 2692.3001 1434.351 8.4139 0.0 0.0 0.0 0.0 0.0 0.0 0.0
1973 2695.2901 1434.351 9.12787 0.0 0.0 0.0 0.0 0.0 0.0 0.0
1983 2695.2901 1428.381 6.64759 0.0 0.0 0.0 0.0 0.0 0.0 0.0
1989 2701.2601 1422.411 5.76668 0.0 0.0 0.0 0.0 0.0 0.0 0.0
1998 2701.2601 1419.431 4.55562 0.0 0.0 0.0 0.0 0.0 0.0 0.0
2028 2704.2401 1416.451 4.17132 0.0 0.0 0.0 0.0 0.0 0.0 0.0
2108 2704.2401 1413.461 2.98304 0.0 0.0 0.0 0.0 0.0 0.0 0.0
2332 2704.2401 1416.451 4.18878 0.0 0.0 0.0 0.0 0.0 0.0 0.0
2342 2716.1801 1422.411 9.56806 0.0 0.0 0.0 0.0 0.0 0.0 0.0
2349 2722.1401 1428.381 13.4474 0.0 0.0 0.0 0.0 0.0 0.0 0.0
2358 2734.0801 1440.3210000000001 20.7955 0.0 0.0 0.0 0.0 0.0 0.0 0.0
2367 2754.9701 1458.221 30.8673 0.0 0.0 0.0 0.0 0.0 0.0 0.0
2374 2775.8601 1473.141 38.219 0.0 0.0 0.0 0.0 0.0 0.0 0.0
2383 2799.7301 1500.0010000000002 49.0391 0.0 0.0 0.0 0.0 0.0 0.0 0.0
2390 2826.5901 1520.891 55.0744 0.0 0.0 0.0 0.0 0.0 0.0 0.0
2403 2844.4901 1535.8110000000001 58.858 0.0 0.0 0.0 0.0 0.0 0.0 0.0
2412 2874.3301 1547.741 59.1548 0.0 0.0 0.0 0.0 0.0 0.0 0.0
2420 2883.2801 1550.731 58.9847 0.0 0.0 0.0 0.0 0.0 0.0 0.0
2427 2898.2001 1553.711 57.9262 0.0 0.0 0.0 0.0 0.0 0.0 0.0
2432 2898.2001 1556.701 59.2896 0.0 0.0 0.0 0.0 0.0 0.0 0.0
2438 2901.1901000000003 1556.701 58.7824 0.0 0.0 0.0 0.0 0.0 0.0 0.0
2694 2901.1901000000003 1553.711 57.403 0.0 0.0 0.0 0.0 0.0 0.0 0.0
2702 2904.1701 1553.711 56.9401 0.0 0.0 0.0 0.0 0.0 0.0 0.0
2711 2907.1601 1547.741 53.7398 0.0 0.0 0.0 0.0 0.0 0.0 0.0
2717 2913.1201 1541.7810000000002 50.2839 0.0 0.0 0.0 0.0 0.0 0.0 0.0
2730 2922.0801 1523.871 41.2888 0.0 0.0 0.0 0.0 0.0 0.0 0.0
2736 2931.0301 1511.941 35.664 0.0 0.0 0.0 0.0 0.0 0.0 0.0
2743 2939.9801 1497.0210000000002 29.1582 0.0 0.0 0.0 0.0 0.0 0.0 0.0
2749 2945.9501 1488.0610000000001 25.5415 0.0 0.0 0.0 0.0 0.0 0.0 0.0
2758 2951.9201 1470.161 18.3093 0.0 0.0 0.0 0.0 0.0 0.0 0.0
2768 2951.9201 1464.191 15.6196 0.0 0.0 0.0 0.0 0.0 0.0 0.0
2774 2951.9201 1452.2510000000002 10.4602 0.0 0.0 0.0 0.0 0.0 0.0 0.0
2797 2957.8801 1428.381 2.67288 0.0 0.0 0.0 0.0 0.0 0.0 0.0
2801 2960.8701 1419.431 0.141765 0.0 0.0 0.0 0.0 0.0 0.0 0.0
2805 2960.8701 1416.451 359.015 0.0 0.0 0.0 0.0 0.0 0.0 0.0
2819 2960.8701 1413.461 357.906 0.0 0.0 0.0 0.0 0.0 0.0 0.0
2830 2963.8501 1404.5110000000002 355.683 0.0 0.0 0.0 0.0 0.0 0.0 0.0
3134 2966.8401 1404.5110000000002 356.655 0.0 0.0 0.0 0.0 0.0 0.0 0.0
3143 2966.8401 1407.491 357.761 0.0 0.0 0.0 0.0 0.0 0.0 0.0
3150 2972.8101 1413.461 1.84548 0.0 0.0 0.0 0.0 0.0 0.0 0.0
3164 2990.7101000000002 1419.431 8.73233 0.0 0.0 0.0 0.0 0.0 0.0 0.0
3170 3017.5701 1434.351 19.8917 0.0 0.0 0.0 0.0 0.0 0.0 0.0
3176 3041.4401000000003 1452.2510000000002 30.2687 0.0 0.0 0.0 0.0 0.0 0.0 0.0
3183 3074.2601 1470.161 38.9177 0.0 0.0 0.0 0.0 0.0 0.0 0.0
3189 3104.1001 1482.0910000000001 43.4577 0.0 0.0 0.0 0.0 0.0 0.0 0.0
3206 3139.9101 1505.971 51.046 0.0 0.0 0.0 0.0 0.0 0.0 0.0
3218 3148.8601 1508.951 51.4795 0.0 0.0 0.0 0.0 0.0 0.0 0.0
3223 3154.8301 1511.941 52.202 0.0 0.0 0.0 0.0 0.0 0.0 0.0
3493 3157.8201 1511.941 51.8631 0.0 0.0 0.0 0.0 0.0 0.0 0.0
3513 3157.8201 1502.981 47.5385 0.0 0.0 0.0 0.0 0.0 0.0 0.0
3519 3160.8001 1500.0010000000002 45.9026 0.0 0.0 0.0 0.0 0.0 0.0 0.0
3525 3163.7901 1497.0210000000002 44.3026 0.0 0.0 0.0 0.0 0.0 0.0 0.0
3532 3163.7901 1491.0510000000002 41.3882 0.0 0.0 0.0 0.0 0.0 0.0 0.0
3545 3166.7701 1482.0910000000001 37.045 0.0 0.0 0.0 0.0 0.0 0.0 0.0
3551 3178.7101000000002 1467.171 30.6021 0.0 0.0 0.0 0.0 0.0 0.0 0.0
3557 3178.7101000000002 1455.241 24.9201 0.0 0.0 0.0 0.0 0.0 0.0 0.0
3567 3190.6401 1431.371 16.2807 0.0 0.0 0.0 0.0 0.0 0.0 0.0
3574 3196.6101 1416.451 11.1318 0.0 0.0 0.0 0.0 0.0 0.0 0.0
3583 3202.5801 1398.5410000000002 5.37875 0.0 0.0 0.0 0.0 0.0 0.0 0.0
3590 3211.5301 1386.601 3.14441 0.0 0.0 0.0 0.0 0.0 0.0 0.0
3599 3220.4801 1377.651 2.20154 0.0 0.0 0.0 0.0 0.0 0.0 0.0
3604 3223.4701 1362.731 357.63 0.0 0.0 0.0 0.0 0.0 0.0 0.0
3615 3229.4301 1350.8010000000002 355.36 0.0 0.0 0.0 0.0 0.0 0.0 0.0
3620 3235.4001 1344.8310000000001 355.231 0.0 0.0 0.0 0.0 0.0 0.0 0.0
3631 3235.4001 1335.881 352.203 0.0 0.0 0.0 0.0 0.0 0.0 0.0
3636 3235.4001 1332.891 351.213 0.0 0.0 0.0 0.0 0.0 0.0 0.0
3647 3238.3901 1332.891 352.265 0.0 0.0 0.0 0.0 0.0 0.0 0.0
3652 3238.3901 1329.911 351.273 0.0 0.0 0.0 0.0 0.0 0.0 0.0
3667 3241.3701 1326.921 351.348 0.0 0.0 0.0 0.0 0.0 0.0 0.0
3918 3244.3601 1329.911 353.412 0.0 0.0 0.0 0.0 0.0 0.0 0.0
3927 3244.3601 1332.891 354.461 0.0 0.0 0.0 0.0 0.0 0.0 0.0
3933 3256.2901 1338.861 0.36586 0.0 0.0 0.0 0.0 0.0 0.0 0.0
3946 3268.2301 1344.8310000000001 5.96781 0.0 0.0 0.0 0.0 0.0 0.0 0.0
3951 3298.0701 1362.731 19.1599 0.0 0.0 0.0 0.0 0.0 0.0 0.0
3959 3321.9401000000003 1380.641 29.6494 0.0 0.0 0.0 0.0 0.0 0.0 0.0
3967 3351.7801 1401.5310000000002 39.6086 0.0 0.0 0.0 0.0 0.0 0.0 0.0
3974 3381.6201 1413.461 44.0045 0.0 0.0 0.0 0.0 0.0 0.0 0.0
3984 3405.4901 1431.371 50.2042 0.0 0.0 0.0 0.0 0.0 0.0 0.0
3990 3435.3401 1446.2910000000002 53.4668 0.0 0.0 0.0 0.0 0.0 0.0 0.0
3999 3468.1601 1464.191 56.7387 0.0 0.0 0.0 0.0 0.0 0.0 0.0
4006 3483.0801 1473.141 58.3666 0.0 0.0 0.0 0.0 0.0 0.0 0.0
4016 3498.0001 1476.131 57.3788 0.0 0.0 0.0 0.0 0.0 0.0 0.0
4022 3500.9801 1479.111 58.2566 0.0 0.0 0.0 0.0 0.0 0.0 0.0
4036 3503.9701 1479.111 57.7736 0.0 0.0 0.0 0.0 0.0 0.0 0.0
4294 3503.9701 1476.131 56.3859 0.0 0.0 0.0 0.0 0.0 0.0 0.0
4302 3509.9401000000003 1470.161 52.8329 0.0 0.0 0.0 0.0 0.0 0.0 0.0
4310 3509.9401000000003 1461.211 48.5209 0.0 0.0 0.0 0.0 0.0 0.0 0.0
4326 3512.9201 1449.2710000000002 42.5858 0.0 0.0 0.0 0.0 0.0 0.0 0.0
4334 3515.9001 1443.3010000000002 39.6374 0.0 0.0 0.0 0.0 0.0 0.0 0.0
4347 3515.9001 1437.3310000000001 36.7203 0.0 0.0 0.0 0.0 0.0 0.0 0.0
4352 3515.9001 1431.371 33.8114 0.0 0.0 0.0 0.0 0.0 0.0 0.0
4359 3518.8901 1419.431 28.3159 0.0 0.0 0.0 0.0 0.0 0.0 0.0
4365 3521.8701 1413.461 25.7882 0.0 0.0 0.0 0.0 0.0 0.0 0.0
4376 3524.8601 1404.5110000000002 22.0011 0.0 0.0 0.0 0.0 0.0 0.0 0.0
4383 3524.8601 1401.5310000000002 20.6124 0.0 0.0 0.0 0.0 0.0 0.0 0.0
4389 3527.8401 1395.5610000000001 18.3722 0.0 0.0 0.0 0.0 0.0 0.0 0.0
4397 3527.8401 1392.5710000000001 17.0143 0.0 0.0 0.0 0.0 0.0 0.0 0.0
4415 3530.8301 1383.621 13.6512 0.0 0.0 0.0 0.0 0.0 0.0 0.0
4422 3530.8301 1380.641 12.341 0.0 0.0 0.0 0.0 0.0 0.0 0.0
4460 3530.8301 1377.651 11.0459 0.0 0.0 0.0 0.0 0.0 0.0 0.0
4516 3530.8301 1371.681 8.51684 0.0 0.0 0.0 0.0 0.0 0.0 0.0
4732 3533.8101 1371.681 9.22855 0.0 0.0 0.0 0.0 0.0 0.0 0.0
4744 3536.7901 1377.651 12.4915 0.0 0.0 0.0 0.0 0.0 0.0 0.0
4751 3539.7801 1380.641 14.418 0.0 0.0 0.0 0.0 0.0 0.0 0.0
4758 3563.6501 1392.5710000000001 23.155 0.0 0.0 0.0 0.0 0.0 0.0 0.0
4764 3584.5401 1401.5310000000002 29.1344 0.0 0.0 0.0 0.0 0.0 0.0 0.0
4778 3623.3301 1425.401 40.2624 0.0 0.0 0.0 0.0 0.0 0.0 0.0
4786 3641.2401 1443.3010000000002 47.5386 0.0 0.0 0.0 0.0 0.0 0.0 0.0
4796 3668.0901 1461.211 52.7739 0.0 0.0 0.0 0.0 0.0 0.0 0.0
4804 3688.9801 1473.141 55.3803 0.0 0.0 0.0 0.0 0.0 0.0 0.0
4811 3709.8701 1488.0610000000001 58.6897 0.0 0.0 0.0 0.0 0.0 0.0 0.0
4817 3718.8201 1500.0010000000002 62.2615 0.0 0.0 0.0 0.0 0.0 0.0 0.0
4823 3724.7901 1502.981 62.409 0.0 0.0 0.0 0.0 0.0 0.0 0.0
4837 3727.7701 1505.971 63.125 0.0 0.0 0.0 0.0 0.0 0.0 0.0
5126 3727.7701 1502.981 61.7857 0.0 0.0 0.0 0.0 0.0 0.0 0.0
5135 3727.7701 1500.0010000000002 60.4332 0.0 0.0 0.0 0.0 0.0 0.0 0.0
5143 3727.7701 1497.0210000000002 59.0682 0.0 0.0 0.0 0.0 0.0 0.0 0.0
5149 3727.7701 1494.0310000000002 57.6912 0.0 0.0 0.0 0.0 0.0 0.0 0.0
5162 3727.7701 1491.0510000000002 56.3026 0.0 0.0 0.0 0.0 0.0 0.0 0.0
5167 3727.7701 1479.111 50.5898 0.0 0.0 0.0 0.0 0.0 0.0 0.0
5181 3727.7701 1449.2710000000002 35.8571 0.0 0.0 0.0 0.0 0.0 0.0 0.0
5189 3727.7701 1437.3310000000001 30.0753 0.0 0.0 0.0 0.0 0.0 0.0 0.0
5198 3727.7701 1416.451 20.3243 0.0 0.0 0.0 0.0 0.0 0.0 0.0
5205 3727.7701 1407.491 16.2686 0.0 0.0 0.0 0.0 0.0 0.0 0.0
5213 3727.7701 1392.5710000000001 9.85141 0.0 0.0 0.0 0.0 0.0 0.0 0.0
5221 3727.7701 1383.621 6.14976 0.0 0.0 0.0 0.0 0.0 0.0 0.0
5230 3727.7701 1380.641 4.93352 0.0 0.0 0.0 0.0 0.0 0.0 0.0
5237 3727.7701 1371.681 1.43669 0.0 0.0 0.0 0.0 0.0 0.0 0.0
5251 3727.7701 1359.7510000000002 357.055 0.0 0.0 0.0 0.0 0.0 0.0 0.0