0 2000.0 1500.0 0 0.0 0.0 0.0 0.0 0.0 0.0 0.0
94 2000.0 1500.0 0 0.0 0.0 0.0 0.0 0.0 0.0 0.0
112 2000.0 1500.0 0 0.0 0.0 0.0 0.0 0.0 0.0 0.0
129 2000.0 1500.0 0 0.0 0.0 0.0 0.0 0.0 0.0 0.0
146 2000.0 1500.0 0 0.0 0.0 0.0 0.0 0.0 0.0 0.0
162 2000.0 1500.0 0 0.0 0.0 0.0 0.0 0.0 0.0 0.0
179 2000.0 1500.0 0 0.0 0.0 0.0 0.0 0.0 0.0 0.0
196 2000.0 1500.0 0 0.0 0.0 0.0 0.0 0.0 0.0 0.0
212 2000.0 1500.0 0 0.0 0.0 0.0 0.0 0.0 0.0 0.0
229 2000.0 1500.0 0 0.0 0.0 0.0 0.0 0.0 0.0 0.0
246 2000.0 1500.0 0 0.0 0.0 0.0 0.0 0.0 0.0 0.0
263 1975.4754638671875 1478.541015625 349.4489108826677 0.0 0.0 0.0 0.0 0.0 0.0 0.0
279 1963.213134765625 1469.34423828125 344.565278916617 0.0 0.0 0.0 0.0 0.0 0.0 0.0
414 1966.2786865234375 1466.2786865234375 346.34588923195616 0.0 0.0 0.0 0.0 0.0 0.0 0.0
430 1969.34423828125 1466.2786865234375 347.83838824540805 0.0 0.0 0.0 0.0 0.0 0.0 0.0
446 1969.34423828125 1466.2786865234375 347.8383538974126 0.0 0.0 0.0 0.0 0.0 0.0 0.0
606 1969.34423828125 1466.2786865234375 347.8383538974126 0.0 0.0 0.0 0.0 0.0 0.0 0.0
622 1978.541015625 1466.2786865234375 352.3669457277835 0.0 0.0 0.0 0.0 0.0 0.0 0.0
629 1990.8033447265625 1469.34423828125 358.45768907571914 0.0 0.0 0.0 0.0 0.0 0.0 0.0
646 2018.3934326171875 1475.475341796875 12.547177855556868 0.0 0.0 0.0 0.0 0.0 0.0 0.0
663 2039.8525390625 1484.672119140625 24.138395670000918 0.0 0.0 0.0 0.0 0.0 0.0 0.0
679 2076.639404296875 1506.131103515625 44.70885023859369 0.0 0.0 0.0 0.0 0.0 0.0 0.0
696 2119.557373046875 1536.786865234375 66.91197034267896 0.0 0.0 0.0 0.0 0.0 0.0 0.0
713 2147.147705078125 1561.3115234375 80.7042774588612 0.0 0.0 0.0 0.0 0.0 0.0 0.0
729 2171.672119140625 1585.8360595703125 91.93612065217063 0.0 0.0 0.0 0.0 0.0 0.0 0.0
746 2183.9345703125 1610.3607177734375 102.1865508621437 0.0 0.0 0.0 0.0 0.0 0.0 0.0
762 2196.19677734375 1622.6229248046875 106.020216557128 0.0 0.0 0.0 0.0 0.0 0.0 0.0
779 2202.327880859375 1631.8197021484375 109.13465483723033 0.0 0.0 0.0 0.0 0.0 0.0 0.0
796 2205.3935546875 1637.9508056640625 111.2989457443449 0.0 0.0 0.0 0.0 0.0 0.0 0.0
975 2208.458984375 1628.754150390625 106.50515774311734 0.0 0.0 0.0 0.0 0.0 0.0 0.0
979 2208.458984375 1625.6884765625 105.06063344663602 0.0 0.0 0.0 0.0 0.0 0.0 0.0
996 2208.458984375 1622.6229248046875 103.60503225614215 0.0 0.0 0.0 0.0 0.0 0.0 0.0
1012 2211.524658203125 1610.3607177734375 97.36663496951321 0.0 0.0 0.0 0.0 0.0 0.0 0.0
1029 2217.65576171875 1595.0328369140625 89.66732078016025 0.0 0.0 0.0 0.0 0.0 0.0 0.0
1046 2223.786865234375 1576.6392822265625 80.95863613881701 0.0 0.0 0.0 0.0 0.0 0.0 0.0
1063 2223.786865234375 1555.1802978515625 70.75908159829532 0.0 0.0 0.0 0.0 0.0 0.0 0.0
1079 2226.8525390625 1536.786865234375 63.09597982706305 0.0 0.0 0.0 0.0 0.0 0.0 0.0
1096 2232.983642578125 1496.9344482421875 49.371961402006335 0.0 0.0 0.0 0.0 0.0 0.0 0.0
1112 2232.983642578125 1457.0819091796875 36.820991603612555 0.0 0.0 0.0 0.0 0.0 0.0 0.0
1129 2232.983642578125 1408.03271484375 25.430100199357376 0.0 0.0 0.0 0.0 0.0 0.0 0.0
1146 2232.983642578125 1365.11474609375 18.011215241343677 0.0 0.0 0.0 0.0 0.0 0.0 0.0
1163 2232.983642578125 1331.3934326171875 13.452514680600999 0.0 0.0 0.0 0.0 0.0 0.0 0.0
1179 2232.983642578125 1322.1966552734375 12.298673738447164 0.0 0.0 0.0 0.0 0.0 0.0 0.0
1196 2232.983642578125 1309.934326171875 10.903349452458599 0.0 0.0 0.0 0.0 0.0 0.0 0.0
1212 2232.983642578125 1309.934326171875 10.9033176507577 0.0 0.0 0.0 0.0 0.0 0.0 0.0
1229 2232.983642578125 1294.6064453125 9.358426988012496 0.0 0.0 0.0 0.0 0.0 0.0 0.0
1246 2232.983642578125 1288.475341796875 8.770928615476606 0.0 0.0 0.0 0.0 0.0 0.0 0.0
1262 2232.983642578125 1279.278564453125 7.9533906525859805 0.0 0.0 0.0 0.0 0.0 0.0 0.0
1279 2232.983642578125 1276.2130126953125 7.687764720949119 0.0 0.0 0.0 0.0 0.0 0.0 0.0
1296 2232.983642578125 1273.1474609375 7.428957478141939 0.0 0.0 0.0 0.0 0.0 0.0 0.0
1552 2232.983642578125 1273.1474609375 7.428962156140841 0.0 0.0 0.0 0.0 0.0 0.0 0.0
1562 2232.983642578125 1276.2130126953125 7.69473382849452 0.0 0.0 0.0 0.0 0.0 0.0 0.0
1579 2248.3115234375 1300.7376708984375 19.28762979336102 0.0 0.0 0.0 0.0 0.0 0.0 0.0
1596 2257.50830078125 1322.1966552734375 28.69587855635919 0.0 0.0 0.0 0.0 0.0 0.0 0.0
1613 2269.7705078125 1349.786865234375 42.77391967487946 0.0 0.0 0.0 0.0 0.0 0.0 0.0
1629 2275.901611328125 1368.1802978515625 51.962299116856904 0.0 0.0 0.0 0.0 0.0 0.0 0.0
1646 2278.96728515625 1371.245849609375 54.06141800459491 0.0 0.0 0.0 0.0 0.0 0.0 0.0
1662 2282.032958984375 1377.376953125 57.442702483649896 0.0 0.0 0.0 0.0 0.0 0.0 0.0
1679 2285.098388671875 1383.5081787109375 60.83057313016953 0.0 0.0 0.0 0.0 0.0 0.0 0.0
1696 2285.098388671875 1389.6392822265625 63.59857871102902 0.0 0.0 0.0 0.0 0.0 0.0 0.0
1712 2285.098388671875 1392.704833984375 64.99680007437826 0.0 0.0 0.0 0.0 0.0 0.0 0.0
1729 2285.098388671875 1398.8360595703125 67.84856086163111 0.0 0.0 0.0 0.0 0.0 0.0 0.0
1746 2285.098388671875 1401.901611328125 69.2863669874273 0.0 0.0 0.0 0.0 0.0 0.0 0.0
1762 2285.098388671875 1401.901611328125 69.28638341007394 0.0 0.0 0.0 0.0 0.0 0.0 0.0
2016 2285.098388671875 1401.901611328125 69.28638341007394 0.0 0.0 0.0 0.0 0.0 0.0 0.0
2032 2285.098388671875 1398.8360595703125 67.86087007233799 0.0 0.0 0.0 0.0 0.0 0.0 0.0
2046 2291.2294921875 1392.704833984375 66.14851712159742 0.0 0.0 0.0 0.0 0.0 0.0 0.0
2062 2294.295166015625 1374.3114013671875 58.88696277169403 0.0 0.0 0.0 0.0 0.0 0.0 0.0
2079 2300.42626953125 1355.91796875 53.102736445900334 0.0 0.0 0.0 0.0 0.0 0.0 0.0
2096 2309.623046875 1319.131103515625 43.235971158539655 0.0 0.0 0.0 0.0 0.0 0.0 0.0
2113 2309.623046875 1282.34423828125 32.719969353975785 0.0 0.0 0.0 0.0 0.0 0.0 0.0
2129 2312.688720703125 1245.5572509765625 25.525229162294707 0.0 0.0 0.0 0.0 0.0 0.0 0.0
2146 2312.688720703125 1214.9014892578125 19.79265069099317 0.0 0.0 0.0 0.0 0.0 0.0 0.0
2162 2318.81982421875 1178.1146240234375 16.702028972764907 0.0 0.0 0.0 0.0 0.0 0.0 0.0
2179 2324.950927734375 1147.4588623046875 15.047076336257149 0.0 0.0 0.0 0.0 0.0 0.0 0.0
2196 2337.213134765625 1101.4752807617188 14.311158104279485 0.0 0.0 0.0 0.0 0.0 0.0 0.0
2212 2340.27880859375 1089.2130126953125 14.047011024726359 0.0 0.0 0.0 0.0 0.0 0.0 0.0
2229 2340.27880859375 1083.0818481445312 13.23027334695351 0.0 0.0 0.0 0.0 0.0 0.0 0.0
2246 2340.27880859375 1076.95068359375 12.453232440396064 0.0 0.0 0.0 0.0 0.0 0.0 0.0
2530 2343.344482421875 1089.2130126953125 15.785328865624848 0.0 0.0 0.0 0.0 0.0 0.0 0.0
2546 2346.409912109375 1101.4752807617188 19.448537235310084 0.0 0.0 0.0 0.0 0.0 0.0 0.0
2562 2358.672119140625 1129.0654296875 32.294957558253195 0.0 0.0 0.0 0.0 0.0 0.0 0.0
2579 2367.868896484375 1150.5245361328125 43.10455103096391 0.0 0.0 0.0 0.0 0.0 0.0 0.0
2596 2374.0 1165.852294921875 51.01450509624415 0.0 0.0 0.0 0.0 0.0 0.0 0.0
2612 2383.19677734375 1193.4425048828125 65.50461833912802 0.0 0.0 0.0 0.0 0.0 0.0 0.0
2629 2392.3935546875 1214.9014892578125 76.83914481306645 0.0 0.0 0.0 0.0 0.0 0.0 0.0
2646 2404.65576171875 1245.5572509765625 91.67613758366808 0.0 0.0 0.0 0.0 0.0 0.0 0.0
2662 2410.787109375 1251.6884765625 94.32904193599336 0.0 0.0 0.0 0.0 0.0 0.0 0.0
2679 2410.787109375 1254.7540283203125 95.82778241521721 0.0 0.0 0.0 0.0 0.0 0.0 0.0
2696 2413.8525390625 1260.8851318359375 98.51521049752333 0.0 0.0 0.0 0.0 0.0 0.0 0.0
2979 2413.8525390625 1257.819580078125 97.0213252415727 0.0 0.0 0.0 0.0 0.0 0.0 0.0
2996 2419.983642578125 1242.49169921875 89.33812445661329 0.0 0.0 0.0 0.0 0.0 0.0 0.0
3012 2429.180419921875 1227.163818359375 82.20769140581486 0.0 0.0 0.0 0.0 0.0 0.0 0.0
3030 2444.50830078125 1196.508056640625 69.97333973017928 0.0 0.0 0.0 0.0 0.0 0.0 0.0
3046 2453.705078125 1159.72119140625 56.61105461298285 0.0 0.0 0.0 0.0 0.0 0.0 0.0
3062 2459.836181640625 1122.934326171875 45.16434570053494 0.0 0.0 0.0 0.0 0.0 0.0 0.0
3079 2469.032958984375 1076.95068359375 34.9400748196478 0.0 0.0 0.0 0.0 0.0 0.0 0.0
3096 2478.229736328125 1027.9014892578125 26.98086365607542 0.0 0.0 0.0 0.0 0.0 0.0 0.0
3113 2490.491943359375 978.852294921875 22.333988422380997 0.0 0.0 0.0 0.0 0.0 0.0 0.0
3129 2502.754150390625 942.0654296875 20.75346084233489 0.0 0.0 0.0 0.0 0.0 0.0 0.0
3146 2515.0166015625 908.3441162109375 20.001390373625227 0.0 0.0 0.0 0.0 0.0 0.0 0.0
3163 2521.147705078125 886.8850708007812 18.958653547091032 0.0 0.0 0.0 0.0 0.0 0.0 0.0
3179 2527.27880859375 883.8195190429688 21.130614976696364 0.0 0.0 0.0 0.0 0.0 0.0 0.0
3196 2527.27880859375 880.75390625 20.540083996836017 0.0 0.0 0.0 0.0 0.0 0.0 0.0
3213 2527.27880859375 874.6227416992188 19.414014580443038 0.0 0.0 0.0 0.0 0.0 0.0 0.0
3229 2527.27880859375 871.5571899414062 18.864506966643447 0.0 0.0 0.0 0.0 0.0 0.0 0.0
3458 2533.409912109375 886.8850708007812 25.05601044976097 0.0 0.0 0.0 0.0 0.0 0.0 0.0
3462 2536.4755859375 889.9506225585938 27.120368502643466 0.0 0.0 0.0 0.0 0.0 0.0 0.0
3479 2548.73779296875 914.4752197265625 39.854887401246636 0.0 0.0 0.0 0.0 0.0 0.0 0.0
3496 2557.9345703125 945.1309814453125 55.26510015292171 0.0 0.0 0.0 0.0 0.0 0.0 0.0
3513 2570.19677734375 963.5244140625 66.00418433624198 0.0 0.0 0.0 0.0 0.0 0.0 0.0
3529 2585.524658203125 991.1146240234375 80.60868493938496 0.0 0.0 0.0 0.0 0.0 0.0 0.0
3546 2594.721435546875 1018.7047729492188 93.78254144417241 0.0 0.0 0.0 0.0 0.0 0.0 0.0
3563 2600.8525390625 1034.0326538085938 100.50069845270026 0.0 0.0 0.0 0.0 0.0 0.0 0.0
3579 2603.918212890625 1043.2293701171875 104.41354608661688 0.0 0.0 0.0 0.0 0.0 0.0 0.0
3596 2603.918212890625 1049.3605346679688 107.26630524337436 0.0 0.0 0.0 0.0 0.0 0.0 0.0
3875 2603.918212890625 1046.294921875 105.82800040665182 0.0 0.0 0.0 0.0 0.0 0.0 0.0
3890 2603.918212890625 1046.294921875 105.82800795226986 0.0 0.0 0.0 0.0 0.0 0.0 0.0
3896 2603.918212890625 1043.2293701171875 104.37823154166648 0.0 0.0 0.0 0.0 0.0 0.0 0.0
3912 2610.04931640625 1024.8359375 94.93737366223094 0.0 0.0 0.0 0.0 0.0 0.0 0.0
3929 2613.114990234375 1003.3768920898438 84.3794099383076 0.0 0.0 0.0 0.0 0.0 0.0 0.0
3946 2616.180419921875 981.9179077148438 74.35659285795931 0.0 0.0 0.0 0.0 0.0 0.0 0.0
3963 2622.311767578125 957.393310546875 64.36736710105636 0.0 0.0 0.0 0.0 0.0 0.0 0.0
3979 2628.44287109375 923.6719360351562 52.41046226382532 0.0 0.0 0.0 0.0 0.0 0.0 0.0
3996 2628.44287109375 889.9506225585938 40.90581512246441 0.0 0.0 0.0 0.0 0.0 0.0 0.0
4013 2631.50830078125 853.1637573242188 31.881033511268633 0.0 0.0 0.0 0.0 0.0 0.0 0.0
4029 2631.50830078125 819.4424438476562 24.35689289630534 0.0 0.0 0.0 0.0 0.0 0.0 0.0
4046 2634.573974609375 776.5243530273438 18.273129883915956 0.0 0.0 0.0 0.0 0.0 0.0 0.0
4062 2640.705078125 736.6719360351562 15.201028129838562 0.0 0.0 0.0 0.0 0.0 0.0 0.0
4079 2643.770751953125 706.0161743164062 12.711062524913743 0.0 0.0 0.0 0.0 0.0 0.0 0.0
4096 2643.770751953125 684.55712890625 10.36578422980132 0.0 0.0 0.0 0.0 0.0 0.0 0.0
4112 2643.770751953125 675.3604125976562 9.433164749254274 0.0 0.0 0.0 0.0 0.0 0.0 0.0
4129 2643.770751953125 666.1636962890625 8.567769121808269 0.0 0.0 0.0 0.0 0.0 0.0 0.0
4146 2643.770751953125 660.0325317382812 8.019357096953229 0.0 0.0 0.0 0.0 0.0 0.0 0.0
4162 2646.836181640625 653.9014282226562 8.909418137832859 0.0 0.0 0.0 0.0 0.0 0.0 0.0
4437 2652.96728515625 663.09814453125 13.042522433398787 0.0 0.0 0.0 0.0 0.0 0.0 0.0
4446 2662.1640625 672.2948608398438 18.937812520036303 0.0 0.0 0.0 0.0 0.0 0.0 0.0
4462 2680.5576171875 690.6882934570312 31.657724236007624 0.0 0.0 0.0 0.0 0.0 0.0 0.0
4479 2695.885498046875 718.2784423828125 47.127084782774034 0.0 0.0 0.0 0.0 0.0 0.0 0.0
4496 2714.27880859375 748.9342041015625 64.8854960290204 0.0 0.0 0.0 0.0 0.0 0.0 0.0
4513 2726.541259765625 770.3932495117188 76.52992217131708 0.0 0.0 0.0 0.0 0.0 0.0 0.0
4529 2732.67236328125 782.655517578125 82.82975163242025 0.0 0.0 0.0 0.0 0.0 0.0 0.0
4546 2735.73779296875 794.9178466796875 88.86257020420624 0.0 0.0 0.0 0.0 0.0 0.0 0.0
4562 2738.803466796875 797.9833984375 90.3034397664991 0.0 0.0 0.0 0.0 0.0 0.0 0.0
4579 2741.869140625 801.0489501953125 91.7051211794338 0.0 0.0 0.0 0.0 0.0 0.0 0.0
4853 2741.869140625 797.9833984375 90.19228938298919 0.0 0.0 0.0 0.0 0.0 0.0 0.0
4868 2744.9345703125 791.8522338867188 87.17340810982039 0.0 0.0 0.0 0.0 0.0 0.0 0.0
4879 2748.000244140625 788.7866821289062 85.70943333351539 0.0 0.0 0.0 0.0 0.0 0.0 0.0
4896 2754.13134765625 767.32763671875 75.89541152758682 0.0 0.0 0.0 0.0 0.0 0.0 0.0
4913 2757.197021484375 742.8030395507812 65.20845370124451 0.0 0.0 0.0 0.0 0.0 0.0 0.0
4929 2757.197021484375 724.4096069335938 57.335491033624734 0.0 0.0 0.0 0.0 0.0 0.0 0.0
4946 2757.197021484375 690.6882934570312 44.980266429306155 0.0 0.0 0.0 0.0 0.0 0.0 0.0
4962 2757.197021484375 656.9669799804688 34.84361583132516 0.0 0.0 0.0 0.0 0.0 0.0 0.0
4979 2757.197021484375 617.114501953125 25.567247048867188 0.0 0.0 0.0 0.0 0.0 0.0 0.0
4996 2760.262451171875 577.2620239257812 19.58613241272839 0.0 0.0 0.0 0.0 0.0 0.0 0.0
5012 2763.328125 552.7374267578125 16.98914450249177 0.0 0.0 0.0 0.0 0.0 0.0 0.0
5029 2769.459228515625 528.2128295898438 16.02953374301596 0.0 0.0 0.0 0.0 0.0 0.0 0.0
5046 2778.656005859375 497.5570983886719 15.652409750654499 0.0 0.0 0.0 0.0 0.0 0.0 0.0
5063 2781.721435546875 476.09808349609375 14.092414457141842 0.0 0.0 0.0 0.0 0.0 0.0 0.0
5079 2784.787109375 460.77020263671875 13.47587929829335 0.0 0.0 0.0 0.0 0.0 0.0 0.0
5096 2784.787109375 442.37677001953125 11.318613462054955 0.0 0.0 0.0 0.0 0.0 0.0 0.0
5112 2784.787109375 436.24560546875 10.634799715787267 0.0 0.0 0.0 0.0 0.0 0.0 0.0
5129 2784.787109375 433.1800231933594 10.301502249067227 0.0 0.0 0.0 0.0 0.0 0.0 0.0