0 1366.25439453125 1490.9744873046875 156.0673251515777 0.0 0.0 0.0 0.0 0.0 0.0 0.0
367 1366.25439453125 1490.9744873046875 156.0673251515777 0.0 0.0 0.0 0.0 0.0 0.0 0.0
439 1366.25439453125 1490.9744873046875 156.0673251515777 0.0 0.0 0.0 0.0 0.0 0.0 0.0
687 1366.25439453125 1490.9744873046875 156.0673251515777 0.0 0.0 0.0 0.0 0.0 0.0 0.0
927 1366.25439453125 1490.9744873046875 156.0673251515777 0.0 0.0 0.0 0.0 0.0 0.0 0.0
1047 1366.25439453125 1490.9744873046875 156.0673251515777 0.0 0.0 0.0 0.0 0.0 0.0 0.0
1063 1366.25439453125 1490.9744873046875 156.0673251515777 0.0 0.0 0.0 0.0 0.0 0.0 0.0
1087 1366.25439453125 1490.9744873046875 156.0673251515777 0.0 0.0 0.0 0.0 0.0 0.0 0.0
1103 1366.25439453125 1490.9744873046875 156.0673251515777 0.0 0.0 0.0 0.0 0.0 0.0 0.0
1127 1366.25439453125 1490.9744873046875 156.0673251515777 0.0 0.0 0.0 0.0 0.0 0.0 0.0
1160 1366.25439453125 1490.9744873046875 156.0673251515777 0.0 0.0 0.0 0.0 0.0 0.0 0.0
1264 1366.25439453125 1490.9744873046875 156.0673251515777 0.0 0.0 0.0 0.0 0.0 0.0 0.0
1319 1366.25439453125 1490.9744873046875 156.0673251515777 0.0 0.0 0.0 0.0 0.0 0.0 0.0
1327 1366.25439453125 1490.9744873046875 156.0673251515777 0.0 0.0 0.0 0.0 0.0 0.0 0.0
1359 1366.25439453125 1490.9744873046875 156.0673251515777 0.0 0.0 0.0 0.0 0.0 0.0 0.0
1367 1366.25439453125 1490.9744873046875 156.0673251515777 0.0 0.0 0.0 0.0 0.0 0.0 0.0
1399 1366.25439453125 1490.9744873046875 156.0673251515777 0.0 0.0 0.0 0.0 0.0 0.0 0.0
1407 1366.25439453125 1490.9744873046875 156.0673251515777 0.0 0.0 0.0 0.0 0.0 0.0 0.0
1439 1366.25439453125 1490.9744873046875 156.0673251515777 0.0 0.0 0.0 0.0 0.0 0.0 0.0
1447 1366.25439453125 1490.9744873046875 156.0673251515777 0.0 0.0 0.0 0.0 0.0 0.0 0.0
1463 1366.25439453125 1490.9744873046875 156.0673251515777 0.0 0.0 0.0 0.0 0.0 0.0 0.0
1599 1366.25439453125 1490.9744873046875 156.0673251515777 0.0 0.0 0.0 0.0 0.0 0.0 0.0
1608 1366.25439453125 1490.9744873046875 156.0673251515777 0.0 0.0 0.0 0.0 0.0 0.0 0.0
1623 1366.25439453125 1490.9744873046875 156.0673251515777 0.0 0.0 0.0 0.0 0.0 0.0 0.0
1639 1366.25439453125 1490.9744873046875 156.0673251515777 0.0 0.0 0.0 0.0 0.0 0.0 0.0
1647 1366.25439453125 1490.9744873046875 156.0673251515777 0.0 0.0 0.0 0.0 0.0 0.0 0.0
1663 1791.9815216064453 1356.022813796997 159.19793832794647 0.0 0.0 0.0 0.0 0.0 0.0 0.0
1679 1801.0071563720703 1356.022813796997 161.38304183230008 0.0 0.0 0.0 0.0 0.0 0.0 0.0
1701 1807.0241241455078 1356.022813796997 162.76982671617353 0.0 0.0 0.0 0.0 0.0 0.0 0.0
1943 1816.0497589111328 1356.022813796997 164.70238584213774 0.0 0.0 0.0 0.0 0.0 0.0 0.0
1959 1825.0752716064453 1356.022813796997 166.49574883319912 0.0 0.0 0.0 0.0 0.0 0.0 0.0
1968 1843.1264190673828 1356.022813796997 169.59457551116907 0.0 0.0 0.0 0.0 0.0 0.0 0.0
1989 1852.1520538330078 1359.031358718872 172.45952869321414 0.0 0.0 0.0 0.0 0.0 0.0 0.0
2013 1864.1861114501953 1359.031358718872 174.04610024229981 0.0 0.0 0.0 0.0 0.0 0.0 0.0
2239 1867.1946563720703 1362.039903640747 175.95988638598368 0.0 0.0 0.0 0.0 0.0 0.0 0.0
2343 1870.2032012939453 1362.039903640747 176.2950963064764 0.0 0.0 0.0 0.0 0.0 0.0 0.0
2359 1876.2201690673828 1362.039903640747 176.93058416131572 0.0 0.0 0.0 0.0 0.0 0.0 0.0
2398 1879.2287139892578 1362.039903640747 177.2398458302012 0.0 0.0 0.0 0.0 0.0 0.0 0.0
2479 1882.2372589111328 1362.039903640747 177.54084959086103 0.0 0.0 0.0 0.0 0.0 0.0 0.0
2607 1885.2458038330078 1362.039903640747 177.8337152680889 0.0 0.0 0.0 0.0 0.0 0.0 0.0
2623 1888.2543487548828 1362.039903640747 178.11873673126772 0.0 0.0 0.0 0.0 0.0 0.0 0.0
2679 1891.2628936767578 1362.039903640747 178.39612174786026 0.0 0.0 0.0 0.0 0.0 0.0 0.0
2887 1894.2713165283203 1362.039903640747 178.66603728076348 0.0 0.0 0.0 0.0 0.0 0.0 0.0
2927 1897.2798614501953 1365.048448562622 180.47734365115969 0.0 0.0 0.0 0.0 0.0 0.0 0.0
3159 1900.2884063720703 1365.048448562622 180.69111984999802 0.0 0.0 0.0 0.0 0.0 0.0 0.0
3247 1903.2969512939453 1365.048448562622 180.89912046268861 0.0 0.0 0.0 0.0 0.0 0.0 0.0
3263 1906.3054962158203 1365.048448562622 181.10151908252533 0.0 0.0 0.0 0.0 0.0 0.0 0.0
3285 1909.3140411376953 1365.048448562622 181.2984524584108 0.0 0.0 0.0 0.0 0.0 0.0 0.0
3288 1915.3310089111328 1365.048448562622 181.67151599018493 0.0 0.0 0.0 0.0 0.0 0.0 0.0
3311 1918.3395538330078 1368.056993484497 183.41024033642572 0.0 0.0 0.0 0.0 0.0 0.0 0.0
3334 1921.3480987548828 1368.056993484497 183.54451002293047 0.0 0.0 0.0 0.0 0.0 0.0 0.0
3383 1924.3566436767578 1368.056993484497 183.67515720067524 0.0 0.0 0.0 0.0 0.0 0.0 0.0
3679 1927.3650665283203 1368.056993484497 183.80220740093077 0.0 0.0 0.0 0.0 0.0 0.0 0.0
3738 1930.3736114501953 1368.056993484497 183.92581297743445 0.0 0.0 0.0 0.0 0.0 0.0 0.0
3759 1933.3821563720703 1371.0654163360596 185.60714693466207 0.0 0.0 0.0 0.0 0.0 0.0 0.0
3823 1936.3907012939453 1371.0654163360596 185.6816047891989 0.0 0.0 0.0 0.0 0.0 0.0 0.0
3959 1939.3992462158203 1371.0654163360596 185.75409210273898 0.0 0.0 0.0 0.0 0.0 0.0 0.0
3967 1939.3992462158203 1374.0739612579346 187.36043480501849 0.0 0.0 0.0 0.0 0.0 0.0 0.0
3990 1942.4077911376953 1374.0739612579346 187.38713642410505 0.0 0.0 0.0 0.0 0.0 0.0 0.0
4019 1951.4333038330078 1377.0825061798096 188.9428458508529 0.0 0.0 0.0 0.0 0.0 0.0 0.0
4045 1957.4503936767578 1377.0825061798096 188.9108052030274 0.0 0.0 0.0 0.0 0.0 0.0 0.0
4367 1960.4589385986328 1377.0825061798096 188.89525828014183 0.0 0.0 0.0 0.0 0.0 0.0 0.0
4639 1963.4673614501953 1377.0825061798096 188.88010541469046 0.0 0.0 0.0 0.0 0.0 0.0 0.0
4709 1966.4759063720703 1377.0825061798096 188.8653951354657 0.0 0.0 0.0 0.0 0.0 0.0 0.0
4773 1966.4759063720703 1380.0910511016846 190.47091238391698 0.0 0.0 0.0 0.0 0.0 0.0 0.0
4887 1969.4844512939453 1380.0910511016846 190.412807899604 0.0 0.0 0.0 0.0 0.0 0.0 0.0
4903 1972.4929962158203 1380.0910511016846 190.35627758565954 0.0 0.0 0.0 0.0 0.0 0.0 0.0
4941 1981.5185089111328 1380.0910511016846 190.19981221556537 0.0 0.0 0.0 0.0 0.0 0.0 0.0
4945 1987.5355987548828 1380.0910511016846 190.10104495920004 0.0 0.0 0.0 0.0 0.0 0.0 0.0
4967 1993.5526885986328 1380.0910511016846 190.00749279666618 0.0 0.0 0.0 0.0 0.0 0.0 0.0
5079 1993.5526885986328 1383.0995960235596 191.6115013091938 0.0 0.0 0.0 0.0 0.0 0.0 0.0
5183 1996.5612335205078 1383.0995960235596 191.52228499243523 0.0 0.0 0.0 0.0 0.0 0.0 0.0
5199 1996.5612335205078 1386.1081409454346 193.12331635130278 0.0 0.0 0.0 0.0 0.0 0.0 0.0
5223 2002.5782012939453 1392.125108718872 195.8872623709413 0.0 0.0 0.0 0.0 0.0 0.0 0.0
5224 2005.5867462158203 1395.133653640747 197.22631087056124 0.0 0.0 0.0 0.0 0.0 0.0 0.0
5249 2011.6038360595703 1401.150743484497 199.74136569546357 0.0 0.0 0.0 0.0 0.0 0.0 0.0
5559 2014.6122589111328 1404.1591663360596 200.95807918566805 0.0 0.0 0.0 0.0 0.0 0.0 0.0
5608 2014.6122589111328 1407.1677112579346 202.51575137126127 0.0 0.0 0.0 0.0 0.0 0.0 0.0
5639 2014.6122589111328 1410.1762561798096 204.06221198493603 0.0 0.0 0.0 0.0 0.0 0.0 0.0
5687 2017.6208038330078 1413.1848011016846 205.13594269920884 0.0 0.0 0.0 0.0 0.0 0.0 0.0
5703 2020.6293487548828 1416.1933460235596 206.17321300481927 0.0 0.0 0.0 0.0 0.0 0.0 0.0
5823 2020.6293487548828 1419.2018909454346 207.6890312920953 0.0 0.0 0.0 0.0 0.0 0.0 0.0
5839 2020.6293487548828 1422.210313796997 209.19033358321417 0.0 0.0 0.0 0.0 0.0 0.0 0.0
5865 2020.6293487548828 1425.218858718872 210.67634404823164 0.0 0.0 0.0 0.0 0.0 0.0 0.0
5879 2023.6378936767578 1425.218858718872 210.08126378726354 0.0 0.0 0.0 0.0 0.0 0.0 0.0
5983 2023.6378936767578 1428.227403640747 211.55775059288072 0.0 0.0 0.0 0.0 0.0 0.0 0.0
6023 2023.6378936767578 1431.235948562622 213.01761443162368 0.0 0.0 0.0 0.0 0.0 0.0 0.0
6050 2023.6378936767578 1434.244493484497 214.46008466534067 0.0 0.0 0.0 0.0 0.0 0.0 0.0
6076 2023.6378936767578 1437.253038406372 215.88456038380374 0.0 0.0 0.0 0.0 0.0 0.0 0.0
6100 2026.6464385986328 1440.2614612579346 216.54108873754234 0.0 0.0 0.0 0.0 0.0 0.0 0.0
6127 2026.6464385986328 1443.2700061798096 217.9380121518864 0.0 0.0 0.0 0.0 0.0 0.0 0.0
6263 2026.6464385986328 1446.2785511016846 219.31549134295727 0.0 0.0 0.0 0.0 0.0 0.0 0.0
6279 2029.6549835205078 1452.2956409454346 221.14582310727536 0.0 0.0 0.0 0.0 0.0 0.0 0.0
6316 2032.6634063720703 1455.3041858673096 221.6077847536286 0.0 0.0 0.0 0.0 0.0 0.0 0.0
6383 2032.6634063720703 1458.312608718872 222.93030284282068 0.0 0.0 0.0 0.0 0.0 0.0 0.0
6399 2032.6634063720703 1461.321153640747 224.23178725088565 0.0 0.0 0.0 0.0 0.0 0.0 0.0
6439 2032.6634063720703 1464.329698562622 225.51191579626615 0.0 0.0 0.0 0.0 0.0 0.0 0.0
6503 2032.6634063720703 1467.338243484497 226.77040764999444 0.0 0.0 0.0 0.0 0.0 0.0 0.0
6527 2032.6634063720703 1473.355333328247 229.20094168292178 0.0 0.0 0.0 0.0 0.0 0.0 0.0
6560 2032.6634063720703 1476.3637561798096 230.39377131276183 0.0 0.0 0.0 0.0 0.0 0.0 0.0
6629 2035.6719512939453 1476.3637561798096 229.33981599960822 0.0 0.0 0.0 0.0 0.0 0.0 0.0
6639 2035.6719512939453 1479.3723011016846 230.53009967097245 0.0 0.0 0.0 0.0 0.0 0.0 0.0
6664 2035.6719512939453 1482.3808460235596 231.69813939184152 0.0 0.0 0.0 0.0 0.0 0.0 0.0
6679 2038.6804962158203 1485.3893909454346 231.76072557910123 0.0 0.0 0.0 0.0 0.0 0.0 0.0
6743 2038.6804962158203 1488.3979358673096 232.90529895456154 0.0 0.0 0.0 0.0 0.0 0.0 0.0
6759 2038.6804962158203 1491.4064807891846 234.02752371579933 0.0 0.0 0.0 0.0 0.0 0.0 0.0
6786 2038.6804962158203 1494.414903640747 235.12743342641554 0.0 0.0 0.0 0.0 0.0 0.0 0.0
6823 2038.6804962158203 1497.423448562622 236.20515618830942 0.0 0.0 0.0 0.0 0.0 0.0 0.0
6884 2041.6890411376953 1503.440538406372 237.1142851146375 0.0 0.0 0.0 0.0 0.0 0.0 0.0
6887 2041.6890411376953 1506.449083328247 238.15099660782852 0.0 0.0 0.0 0.0 0.0 0.0 0.0
6912 2044.6975860595703 1509.4575061798096 237.96765738934525 0.0 0.0 0.0 0.0 0.0 0.0 0.0
7047 2044.6975860595703 1512.4660511016846 238.98632024840023 0.0 0.0 0.0 0.0 0.0 0.0 0.0
7127 2047.7061309814453 1512.4660511016846 237.76603091287467 0.0 0.0 0.0 0.0 0.0 0.0 0.0
7223 2047.7061309814453 1515.4745960235596 238.7889735361734 0.0 0.0 0.0 0.0 0.0 0.0 0.0
7247 2047.7061309814453 1518.4831409454346 239.79008951728562 0.0 0.0 0.0 0.0 0.0 0.0 0.0
7279 2047.7061309814453 1521.4916858673096 240.76960677391594 0.0 0.0 0.0 0.0 0.0 0.0 0.0
7345 2047.7061309814453 1524.5002307891846 241.72770013266455 0.0 0.0 0.0 0.0 0.0 0.0 0.0
7463 2047.7061309814453 1527.508653640747 242.66453197699147 0.0 0.0 0.0 0.0 0.0 0.0 0.0
7487 2047.7061309814453 1530.517198562622 243.5804139965616 0.0 0.0 0.0 0.0 0.0 0.0 0.0
7583 2047.7061309814453 1533.525743484497 244.4755640723384 0.0 0.0 0.0 0.0 0.0 0.0 0.0
7607 2047.7061309814453 1536.534288406372 245.35027594040596 0.0 0.0 0.0 0.0 0.0 0.0 0.0
7646 2047.7061309814453 1539.542833328247 246.20479134905355 0.0 0.0 0.0 0.0 0.0 0.0 0.0
8039 2047.7061309814453 1542.551378250122 247.03934369782445 0.0 0.0 0.0 0.0 0.0 0.0 0.0
8919 2047.7061309814453 1545.5598011016846 247.85429329874125 0.0 0.0 0.0 0.0 0.0 0.0 0.0