0 2000.0 1500.0 0 0.0 0.0 0.0 0.0 0.0 0.0 0.0
210 2000.0 1500.0 0 0.0 0.0 0.0 0.0 0.0 0.0 0.0
228 2000.0 1500.0 0 0.0 0.0 0.0 0.0 0.0 0.0 0.0
245 2000.0 1500.0 0 0.0 0.0 0.0 0.0 0.0 0.0 0.0
262 2013.269287109375 1480.096435546875 352.5783960653095 0.0 0.0 0.0 0.0 0.0 0.0 0.0
279 2033.1728515625 1450.240966796875 343.87375766910407 0.0 0.0 0.0 0.0 0.0 0.0 0.0
296 2063.028076171875 1420.3856201171875 339.4011047846177 0.0 0.0 0.0 0.0 0.0 0.0 0.0
313 2079.614501953125 1397.164794921875 335.07580040525653 0.0 0.0 0.0 0.0 0.0 0.0 0.0
330 2102.83544921875 1370.626708984375 332.36727564412377 0.0 0.0 0.0 0.0 0.0 0.0 0.0
347 2116.1044921875 1354.040283203125 330.59168252396086 0.0 0.0 0.0 0.0 0.0 0.0 0.0
364 2129.37353515625 1344.0885009765625 331.2911065719701 0.0 0.0 0.0 0.0 0.0 0.0 0.0
380 2145.959716796875 1340.771240234375 335.2193693453056 0.0 0.0 0.0 0.0 0.0 0.0 0.0
397 2155.91162109375 1340.771240234375 338.1855817791322 0.0 0.0 0.0 0.0 0.0 0.0 0.0
414 2169.1806640625 1340.771240234375 341.7743342220987 0.0 0.0 0.0 0.0 0.0 0.0 0.0
432 2185.766845703125 1340.771240234375 345.73440638842527 0.0 0.0 0.0 0.0 0.0 0.0 0.0
448 2192.401611328125 1340.771240234375 347.23561269124536 0.0 0.0 0.0 0.0 0.0 0.0 0.0
465 2205.670654296875 1347.40576171875 352.88786375806404 0.0 0.0 0.0 0.0 0.0 0.0 0.0
483 2215.622314453125 1360.6748046875 0.8087950303723943 0.0 0.0 0.0 0.0 0.0 0.0 0.0
499 2225.57421875 1367.3094482421875 4.971282430396954 0.0 0.0 0.0 0.0 0.0 0.0 0.0
516 2228.891357421875 1380.5784912109375 11.976595367410852 0.0 0.0 0.0 0.0 0.0 0.0 0.0
533 2238.84326171875 1400.4820556640625 21.548134959895634 0.0 0.0 0.0 0.0 0.0 0.0 0.0
550 2242.160400390625 1413.7510986328125 27.83334406824713 0.0 0.0 0.0 0.0 0.0 0.0 0.0
567 2248.794921875 1427.0201416015625 33.156150984167894 0.0 0.0 0.0 0.0 0.0 0.0 0.0
584 2255.429443359375 1440.2891845703125 37.97968201911547 0.0 0.0 0.0 0.0 0.0 0.0 0.0
601 2262.06396484375 1450.240966796875 40.94150924479972 0.0 0.0 0.0 0.0 0.0 0.0 0.0
617 2268.698486328125 1460.19287109375 43.63921739410185 0.0 0.0 0.0 0.0 0.0 0.0 0.0
634 2272.015869140625 1470.1446533203125 46.98162730392052 0.0 0.0 0.0 0.0 0.0 0.0 0.0
651 2275.3330078125 1473.4619140625 47.42385348623169 0.0 0.0 0.0 0.0 0.0 0.0 0.0
668 2278.650390625 1476.7791748046875 47.84805974565384 0.0 0.0 0.0 0.0 0.0 0.0 0.0
687 2278.650390625 1480.096435546875 49.24817702250458 0.0 0.0 0.0 0.0 0.0 0.0 0.0
704 2278.650390625 1483.4136962890625 50.62302470844243 0.0 0.0 0.0 0.0 0.0 0.0 0.0
947 2278.650390625 1480.096435546875 49.22245669255244 0.0 0.0 0.0 0.0 0.0 0.0 0.0
963 2278.650390625 1453.558349609375 36.348460950022755 0.0 0.0 0.0 0.0 0.0 0.0 0.0
980 2265.38134765625 1403.79931640625 8.753682456923016 0.0 0.0 0.0 0.0 0.0 0.0 0.0
997 2255.429443359375 1350.7230224609375 341.2321730069939 0.0 0.0 0.0 0.0 0.0 0.0 0.0
1014 2242.160400390625 1251.205078125 309.76095874462965 0.0 0.0 0.0 0.0 0.0 0.0 0.0
1032 2242.160400390625 1181.54248046875 299.29977038020627 0.0 0.0 0.0 0.0 0.0 0.0 0.0
1048 2242.160400390625 1111.8800048828125 292.8723541246857 0.0 0.0 0.0 0.0 0.0 0.0 0.0
1065 2242.160400390625 1072.07275390625 290.1773926486933 0.0 0.0 0.0 0.0 0.0 0.0 0.0
1082 2245.477783203125 1042.2174072265625 289.94697910752495 0.0 0.0 0.0 0.0 0.0 0.0 0.0
1099 2255.429443359375 1022.3137817382812 293.1953020049628 0.0 0.0 0.0 0.0 0.0 0.0 0.0
1116 2268.698486328125 1009.0447387695312 298.0796120820942 0.0 0.0 0.0 0.0 0.0 0.0 0.0
1133 2285.284912109375 1002.4102172851562 304.85314551264685 0.0 0.0 0.0 0.0 0.0 0.0 0.0
1149 2318.45751953125 1002.4102172851562 319.0356409459673 0.0 0.0 0.0 0.0 0.0 0.0 0.0
1166 2361.58203125 1002.4102172851562 333.5123164207839 0.0 0.0 0.0 0.0 0.0 0.0 0.0
1183 2427.92724609375 1002.4102172851562 348.16811896480465 0.0 0.0 0.0 0.0 0.0 0.0 0.0
1200 2490.955322265625 1015.6792602539062 1.5547551081569821 0.0 0.0 0.0 0.0 0.0 0.0 0.0
1216 2560.617919921875 1045.53466796875 15.563116456106272 0.0 0.0 0.0 0.0 0.0 0.0 0.0
1233 2650.18408203125 1091.976318359375 27.377722422461403 0.0 0.0 0.0 0.0 0.0 0.0 0.0
1250 2726.481201171875 1155.00439453125 39.23213600240962 0.0 0.0 0.0 0.0 0.0 0.0 0.0
1267 2772.9228515625 1211.39794921875 48.845959309871716 0.0 0.0 0.0 0.0 0.0 0.0 0.0
1285 2819.36474609375 1281.060546875 57.614519968460456 0.0 0.0 0.0 0.0 0.0 0.0 0.0
1302 2839.268310546875 1330.8194580078125 65.25490413487083 0.0 0.0 0.0 0.0 0.0 0.0 0.0
1319 2852.537353515625 1387.2130126953125 73.61963322148225 0.0 0.0 0.0 0.0 0.0 0.0 0.0
1337 2855.8544921875 1410.433837890625 77.29286184553095 0.0 0.0 0.0 0.0 0.0 0.0 0.0
1354 2855.8544921875 1433.6546630859375 81.68212928854555 0.0 0.0 0.0 0.0 0.0 0.0 0.0
1372 2855.8544921875 1443.6064453125 83.41357408536246 0.0 0.0 0.0 0.0 0.0 0.0 0.0
1388 2855.8544921875 1446.9237060546875 83.97455101002512 0.0 0.0 0.0 0.0 0.0 0.0 0.0
1405 2855.8544921875 1450.240966796875 84.51977722741461 0.0 0.0 0.0 0.0 0.0 0.0 0.0
1422 2855.8544921875 1453.558349609375 85.04975943204334 0.0 0.0 0.0 0.0 0.0 0.0 0.0
1605 2855.8544921875 1453.558349609375 85.04981178075107 0.0 0.0 0.0 0.0 0.0 0.0 0.0
1623 2832.6337890625 1403.79931640625 92.31645813448594 0.0 0.0 0.0 0.0 0.0 0.0 0.0
1639 2806.095458984375 1344.0885009765625 110.81375142844999 0.0 0.0 0.0 0.0 0.0 0.0 0.0
1657 2782.874755859375 1291.0123291015625 137.75301306881175 0.0 0.0 0.0 0.0 0.0 0.0 0.0
1673 2759.65380859375 1227.9842529296875 175.66152672484802 0.0 0.0 0.0 0.0 0.0 0.0 0.0
1691 2746.384765625 1174.907958984375 202.8766932852599 0.0 0.0 0.0 0.0 0.0 0.0 0.0
1708 2736.43310546875 1131.7835693359375 220.71153293481487 0.0 0.0 0.0 0.0 0.0 0.0 0.0
1726 2729.798583984375 1101.92822265625 230.93424665323315 0.0 0.0 0.0 0.0 0.0 0.0 0.0
1742 2726.481201171875 1078.707275390625 238.2570035172512 0.0 0.0 0.0 0.0 0.0 0.0 0.0
1758 2726.481201171875 1065.438232421875 242.74085405252438 0.0 0.0 0.0 0.0 0.0 0.0 0.0
1776 2726.481201171875 1055.4864501953125 245.87800703598626 0.0 0.0 0.0 0.0 0.0 0.0 0.0
1793 2726.481201171875 1052.169189453125 246.89831920065197 0.0 0.0 0.0 0.0 0.0 0.0 0.0
1810 2746.384765625 1045.53466796875 257.9084769978731 0.0 0.0 0.0 0.0 0.0 0.0 0.0
1828 2776.240234375 1045.53466796875 273.57133008258074 0.0 0.0 0.0 0.0 0.0 0.0 0.0
1845 2825.999267578125 1045.53466796875 299.4596368916913 0.0 0.0 0.0 0.0 0.0 0.0 0.0
1863 2869.12353515625 1062.1209716796875 323.0181491866986 0.0 0.0 0.0 0.0 0.0 0.0 0.0
1879 2908.930908203125 1088.6590576171875 345.5389551688231 0.0 0.0 0.0 0.0 0.0 0.0 0.0
1896 2942.103515625 1121.831787109375 5.429006641964975 0.0 0.0 0.0 0.0 0.0 0.0 0.0
1914 2965.32421875 1155.00439453125 21.087871961648204 0.0 0.0 0.0 0.0 0.0 0.0 0.0
1931 2988.545166015625 1198.12890625 36.94687321111313 0.0 0.0 0.0 0.0 0.0 0.0 0.0
1948 3005.131591796875 1234.6187744140625 47.720819012984364 0.0 0.0 0.0 0.0 0.0 0.0 0.0
1965 3018.400634765625 1267.7913818359375 55.73970239173448 0.0 0.0 0.0 0.0 0.0 0.0 0.0
1982 3028.352294921875 1291.0123291015625 60.15250239223576 0.0 0.0 0.0 0.0 0.0 0.0 0.0
1999 3031.669677734375 1304.2813720703125 63.24330734685296 0.0 0.0 0.0 0.0 0.0 0.0 0.0
2016 3038.30419921875 1314.233154296875 63.818862949494985 0.0 0.0 0.0 0.0 0.0 0.0 0.0
2033 3038.30419921875 1320.86767578125 65.90823147041101 0.0 0.0 0.0 0.0 0.0 0.0 0.0
2050 3041.621337890625 1324.1849365234375 65.57397370270508 0.0 0.0 0.0 0.0 0.0 0.0 0.0
2197 3041.621337890625 1320.86767578125 64.49543203873202 0.0 0.0 0.0 0.0 0.0 0.0 0.0
2214 3031.669677734375 1310.9158935546875 65.48755455085413 0.0 0.0 0.0 0.0 0.0 0.0 0.0
2231 2981.91064453125 1251.205078125 71.68628158964378 0.0 0.0 0.0 0.0 0.0 0.0 0.0
2248 2859.171875 1108.562744140625 229.2883399582898 0.0 0.0 0.0 0.0 0.0 0.0 0.0
2265 2762.97119140625 1018.9965209960938 232.80438983608101 0.0 0.0 0.0 0.0 0.0 0.0 0.0
2282 2663.453125 949.333984375 230.14813369564368 0.0 0.0 0.0 0.0 0.0 0.0 0.0
2299 2580.521484375 906.2095336914062 225.5803204574364 0.0 0.0 0.0 0.0 0.0 0.0 0.0
2316 2490.955322265625 879.67138671875 218.06511966871815 0.0 0.0 0.0 0.0 0.0 0.0 0.0
2333 2427.92724609375 869.7196044921875 212.05710920139543 0.0 0.0 0.0 0.0 0.0 0.0 0.0
2350 2388.1201171875 869.7196044921875 206.93658841913728 0.0 0.0 0.0 0.0 0.0 0.0 0.0
2368 2364.899169921875 869.7196044921875 204.46514830184222 0.0 0.0 0.0 0.0 0.0 0.0 0.0
2389 2344.99560546875 886.305908203125 195.27230148104903 0.0 0.0 0.0 0.0 0.0 0.0 0.0
2401 2338.361083984375 929.4303588867188 174.4268627869337 0.0 0.0 0.0 0.0 0.0 0.0 0.0
2419 2338.361083984375 995.7756958007812 148.58765725342278 0.0 0.0 0.0 0.0 0.0 0.0 0.0
2438 2358.2646484375 1082.0245361328125 122.55032202626862 0.0 0.0 0.0 0.0 0.0 0.0 0.0
2455 2384.802978515625 1184.8597412109375 105.66714575942885 0.0 0.0 0.0 0.0 0.0 0.0 0.0
2472 2401.38916015625 1287.695068359375 99.77893537012895 0.0 0.0 0.0 0.0 0.0 0.0 0.0
2488 2411.341064453125 1347.40576171875 97.47114353286929 0.0 0.0 0.0 0.0 0.0 0.0 0.0
2506 2417.9755859375 1393.8475341796875 96.61999626670979 0.0 0.0 0.0 0.0 0.0 0.0 0.0
2522 2421.292724609375 1423.702880859375 96.57883802230424 0.0 0.0 0.0 0.0 0.0 0.0 0.0
2539 2421.292724609375 1443.6064453125 97.53240895578685 0.0 0.0 0.0 0.0 0.0 0.0 0.0
2555 2421.292724609375 1450.240966796875 97.8320517555421 0.0 0.0 0.0 0.0 0.0 0.0 0.0
2572 2421.292724609375 1453.558349609375 97.9775513463629 0.0 0.0 0.0 0.0 0.0 0.0 0.0
2589 2421.292724609375 1456.8756103515625 98.11872395424379 0.0 0.0 0.0 0.0 0.0 0.0 0.0
2774 2421.292724609375 1453.558349609375 97.97315587872814 0.0 0.0 0.0 0.0 0.0 0.0 0.0
2791 2421.292724609375 1430.33740234375 96.68026112011805 0.0 0.0 0.0 0.0 0.0 0.0 0.0
2808 2411.341064453125 1383.895751953125 101.2680313513851 0.0 0.0 0.0 0.0 0.0 0.0 0.0
2826 2391.4375 1320.86767578125 123.0599276300074 0.0 0.0 0.0 0.0 0.0 0.0 0.0
2843 2378.16845703125 1274.426025390625 145.19047326171682 0.0 0.0 0.0 0.0 0.0 0.0 0.0
2859 2368.216552734375 1218.032470703125 176.62868406849978 0.0 0.0 0.0 0.0 0.0 0.0 0.0
2877 2358.2646484375 1181.54248046875 195.83202156628354 0.0 0.0 0.0 0.0 0.0 0.0 0.0
2894 2348.31298828125 1151.6871337890625 209.4686327724278 0.0 0.0 0.0 0.0 0.0 0.0 0.0
2911 2331.7265625 1131.7835693359375 215.7084381287871 0.0 0.0 0.0 0.0 0.0 0.0 0.0
2927 2308.505859375 1125.1490478515625 214.44315242434985 0.0 0.0 0.0 0.0 0.0 0.0 0.0
2945 2262.06396484375 1121.831787109375 209.20782037066752 0.0 0.0 0.0 0.0 0.0 0.0 0.0
2963 2205.670654296875 1121.831787109375 203.6246599625148 0.0 0.0 0.0 0.0 0.0 0.0 0.0
2979 2126.05615234375 1151.6871337890625 189.92054580850404 0.0 0.0 0.0 0.0 0.0 0.0 0.0
2996 2036.489990234375 1184.8597412109375 181.77065701095907 0.0 0.0 0.0 0.0 0.0 0.0 0.0
3014 1980.096435546875 1204.763427734375 178.7849816755299 0.0 0.0 0.0 0.0 0.0 0.0 0.0
3031 1943.606689453125 1214.7152099609375 178.4579706387648 0.0 0.0 0.0 0.0 0.0 0.0 0.0
3048 1927.020263671875 1221.3497314453125 177.4065204555764 0.0 0.0 0.0 0.0 0.0 0.0 0.0
3065 1920.3857421875 1224.6669921875 176.69743408279132 0.0 0.0 0.0 0.0 0.0 0.0 0.0
3082 1917.0684814453125 1224.6669921875 177.16575262177307 0.0 0.0 0.0 0.0 0.0 0.0 0.0
3099 1917.0684814453125 1237.93603515625 170.6979578280973 0.0 0.0 0.0 0.0 0.0 0.0 0.0
3115 1917.0684814453125 1254.5223388671875 163.11079185054768 0.0 0.0 0.0 0.0 0.0 0.0 0.0
3133 1917.0684814453125 1281.060546875 152.43179434609578 0.0 0.0 0.0 0.0 0.0 0.0 0.0
3151 1917.0684814453125 1310.9158935546875 142.38807330834686 0.0 0.0 0.0 0.0 0.0 0.0 0.0
3167 1917.0684814453125 1330.8194580078125 136.56697412767292 0.0 0.0 0.0 0.0 0.0 0.0 0.0
3184 1917.0684814453125 1344.0885009765625 133.0527294663439 0.0 0.0 0.0 0.0 0.0 0.0 0.0
3200 1917.0684814453125 1354.040283203125 130.61248293503317 0.0 0.0 0.0 0.0 0.0 0.0 0.0
3217 1917.0684814453125 1357.3575439453125 129.8206228900282 0.0 0.0 0.0 0.0 0.0 0.0 0.0
3240 1917.0684814453125 1360.6748046875 129.04968902172604 0.0 0.0 0.0 0.0 0.0 0.0 0.0
3448 1917.0684814453125 1357.3575439453125 129.84216734508743 0.0 0.0 0.0 0.0 0.0 0.0 0.0
3466 1917.0684814453125 1344.0885009765625 133.39202156637793 0.0 0.0 0.0 0.0 0.0 0.0 0.0
3483 1917.0684814453125 1300.964111328125 150.34693721971738 0.0 0.0 0.0 0.0 0.0 0.0 0.0
3500 1917.0684814453125 1251.205078125 176.2617394590305 0.0 0.0 0.0 0.0 0.0 0.0 0.0
3517 1917.0684814453125 1184.8597412109375 211.42058025742782 0.0 0.0 0.0 0.0 0.0 0.0 0.0
3534 1917.0684814453125 1118.5145263671875 237.1608048929116 0.0 0.0 0.0 0.0 0.0 0.0 0.0
3551 1917.0684814453125 1078.707275390625 248.8895917618938 0.0 0.0 0.0 0.0 0.0 0.0 0.0
3567 1917.0684814453125 1042.2174072265625 257.1882571027064 0.0 0.0 0.0 0.0 0.0 0.0 0.0
3584 1917.0684814453125 1025.6310424804688 260.4904661677756 0.0 0.0 0.0 0.0 0.0 0.0 0.0
3601 1910.4339599609375 1018.9965209960938 258.7286423542047 0.0 0.0 0.0 0.0 0.0 0.0 0.0
3618 1900.482177734375 1018.9965209960938 254.1390235677912 0.0 0.0 0.0 0.0 0.0 0.0 0.0
3634 1880.57861328125 1018.9965209960938 245.76653280600183 0.0 0.0 0.0 0.0 0.0 0.0 0.0
3651 1850.72314453125 1025.6310424804688 232.89685748398054 0.0 0.0 0.0 0.0 0.0 0.0 0.0
3669 1817.550537109375 1045.53466796875 216.15952958115392 0.0 0.0 0.0 0.0 0.0 0.0 0.0
3686 1781.060546875 1072.07275390625 199.77600536761847 0.0 0.0 0.0 0.0 0.0 0.0 0.0
3703 1744.5706787109375 1095.2935791015625 188.85730986208128 0.0 0.0 0.0 0.0 0.0 0.0 0.0
3720 1711.3980712890625 1118.5145263671875 180.5887740492822 0.0 0.0 0.0 0.0 0.0 0.0 0.0
3736 1688.1771240234375 1138.4180908203125 174.4824195744191 0.0 0.0 0.0 0.0 0.0 0.0 0.0
3754 1671.5908203125 1158.3216552734375 168.52181727156406 0.0 0.0 0.0 0.0 0.0 0.0 0.0
3772 1658.32177734375 1178.2252197265625 162.91870819952192 0.0 0.0 0.0 0.0 0.0 0.0 0.0
3789 1648.3699951171875 1198.12890625 157.4127526610307 0.0 0.0 0.0 0.0 0.0 0.0 0.0
3806 1641.7354736328125 1231.301513671875 147.5673284341839 0.0 0.0 0.0 0.0 0.0 0.0 0.0
3822 1638.418212890625 1267.7913818359375 137.9191811334685 0.0 0.0 0.0 0.0 0.0 0.0 0.0
3840 1638.418212890625 1307.5986328125 128.73280410973078 0.0 0.0 0.0 0.0 0.0 0.0 0.0
3857 1635.1009521484375 1354.040283203125 122.2367992244838 0.0 0.0 0.0 0.0 0.0 0.0 0.0
3874 1635.1009521484375 1407.1165771484375 115.89680983534987 0.0 0.0 0.0 0.0 0.0 0.0 0.0
3890 1635.1009521484375 1446.9237060546875 112.39943949005837 0.0 0.0 0.0 0.0 0.0 0.0 0.0
3907 1631.78369140625 1466.827392578125 112.3732506994663 0.0 0.0 0.0 0.0 0.0 0.0 0.0
3924 1631.78369140625 1490.0482177734375 110.69289258618133 0.0 0.0 0.0 0.0 0.0 0.0 0.0
3941 1628.4664306640625 1503.3172607421875 111.3725832069824 0.0 0.0 0.0 0.0 0.0 0.0 0.0
3959 1628.4664306640625 1506.634521484375 111.1197420402938 0.0 0.0 0.0 0.0 0.0 0.0 0.0
3977 1625.149169921875 1509.9517822265625 112.5402912155891 0.0 0.0 0.0 0.0 0.0 0.0 0.0
4048 1621.8319091796875 1509.9517822265625 114.24683126860796 0.0 0.0 0.0 0.0 0.0 0.0 0.0
4074 1618.5146484375 1506.634521484375 116.34854528813511 0.0 0.0 0.0 0.0 0.0 0.0 0.0
4090 1615.1973876953125 1486.73095703125 121.33073218884098 0.0 0.0 0.0 0.0 0.0 0.0 0.0
4108 1605.2454833984375 1456.8756103515625 134.03143595759772 0.0 0.0 0.0 0.0 0.0 0.0 0.0
4125 1598.6109619140625 1417.068359375 152.55583112104878 0.0 0.0 0.0 0.0 0.0 0.0 0.0
4142 1591.9764404296875 1370.626708984375 177.81460789463247 0.0 0.0 0.0 0.0 0.0 0.0 0.0
4159 1588.6591796875 1317.5504150390625 205.66504734986702 0.0 0.0 0.0 0.0 0.0 0.0 0.0
4177 1585.3419189453125 1267.7913818359375 226.80874117491342 0.0 0.0 0.0 0.0 0.0 0.0 0.0
4194 1578.7073974609375 1211.39794921875 243.20139007124718 0.0 0.0 0.0 0.0 0.0 0.0 0.0
4209 1568.755615234375 1164.9561767578125 251.4416175043223 0.0 0.0 0.0 0.0 0.0 0.0 0.0
4227 1545.5347900390625 1135.100830078125 249.75818623936968 0.0 0.0 0.0 0.0 0.0 0.0 0.0
4244 1522.3138427734375 1115.197265625 246.19329727354116 0.0 0.0 0.0 0.0 0.0 0.0 0.0
4260 1499.093017578125 1101.92822265625 241.59874152672288 0.0 0.0 0.0 0.0 0.0 0.0 0.0
4278 1475.8721923828125 1098.6109619140625 234.72831723000198 0.0 0.0 0.0 0.0 0.0 0.0 0.0
4295 1449.3341064453125 1095.2935791015625 228.08266668622483 0.0 0.0 0.0 0.0 0.0 0.0 0.0
4313 1426.1131591796875 1095.2935791015625 222.10135501759382 0.0 0.0 0.0 0.0 0.0 0.0 0.0
4330 1399.5750732421875 1095.2935791015625 216.4892853020772 0.0 0.0 0.0 0.0 0.0 0.0 0.0
4347 1369.7197265625 1101.92822265625 208.79356160600244 0.0 0.0 0.0 0.0 0.0 0.0 0.0
4364 1339.8642578125 1115.197265625 199.90175088222279 0.0 0.0 0.0 0.0 0.0 0.0 0.0
4381 1313.326171875 1135.100830078125 190.07363151821946 0.0 0.0 0.0 0.0 0.0 0.0 0.0
4398 1286.7880859375 1151.6871337890625 183.6677272872801 0.0 0.0 0.0 0.0 0.0 0.0 0.0
4415 1260.2498779296875 1171.5906982421875 177.30122218768335 0.0 0.0 0.0 0.0 0.0 0.0 0.0
4432 1240.3463134765625 1188.1771240234375 172.70338307628168 0.0 0.0 0.0 0.0 0.0 0.0 0.0
4451 1223.760009765625 1211.39794921875 165.77751624998052 0.0 0.0 0.0 0.0 0.0 0.0 0.0
4467 1210.490966796875 1237.93603515625 158.2304844372205 0.0 0.0 0.0 0.0 0.0 0.0 0.0
4484 1200.5391845703125 1264.47412109375 151.24723570832242 0.0 0.0 0.0 0.0 0.0 0.0 0.0
4502 1187.2701416015625 1297.6468505859375 144.76116415545232 0.0 0.0 0.0 0.0 0.0 0.0 0.0
4518 1183.952880859375 1330.8194580078125 136.50983020361159 0.0 0.0 0.0 0.0 0.0 0.0 0.0
4535 1180.6356201171875 1370.626708984375 128.86154841011486 0.0 0.0 0.0 0.0 0.0 0.0 0.0
4552 1180.6356201171875 1400.4820556640625 123.3457021091115 0.0 0.0 0.0 0.0 0.0 0.0 0.0
4569 1180.6356201171875 1433.6546630859375 118.59272757813201 0.0 0.0 0.0 0.0 0.0 0.0 0.0
4586 1180.6356201171875 1456.8756103515625 115.83613593202145 0.0 0.0 0.0 0.0 0.0 0.0 0.0
4603 1180.6356201171875 1476.7791748046875 113.831316402856 0.0 0.0 0.0 0.0 0.0 0.0 0.0
4623 1180.6356201171875 1490.0482177734375 112.63764984215337 0.0 0.0 0.0 0.0 0.0 0.0 0.0
4639 1180.6356201171875 1496.6827392578125 112.07456224525552 0.0 0.0 0.0 0.0 0.0 0.0 0.0
4656 1180.6356201171875 1500.0 111.80126766462664 0.0 0.0 0.0 0.0 0.0 0.0 0.0
4746 1180.6356201171875 1496.6827392578125 112.08302091480797 0.0 0.0 0.0 0.0 0.0 0.0 0.0
4764 1180.6356201171875 1476.7791748046875 114.14377074412755 0.0 0.0 0.0 0.0 0.0 0.0 0.0
4780 1180.6356201171875 1446.9237060546875 118.35876222449133 0.0 0.0 0.0 0.0 0.0 0.0 0.0
4797 1180.6356201171875 1400.4820556640625 129.3218294480789 0.0 0.0 0.0 0.0 0.0 0.0 0.0
4815 1180.6356201171875 1363.9921875 141.35496247006617 0.0 0.0 0.0 0.0 0.0 0.0 0.0
4832 1187.2701416015625 1327.502197265625 154.29118767119633 0.0 0.0 0.0 0.0 0.0 0.0 0.0
4850 1190.58740234375 1297.6468505859375 167.9041667017221 0.0 0.0 0.0 0.0 0.0 0.0 0.0
4867 1200.5391845703125 1271.108642578125 180.50741068695348 0.0 0.0 0.0 0.0 0.0 0.0 0.0
4883 1207.1737060546875 1241.2532958984375 196.58448297411192 0.0 0.0 0.0 0.0 0.0 0.0 0.0
4900 1210.490966796875 1214.7152099609375 210.51809626935338 0.0 0.0 0.0 0.0 0.0 0.0 0.0
4917 1213.8082275390625 1194.8116455078125 220.62030760689143 0.0 0.0 0.0 0.0 0.0 0.0 0.0
4934 1213.8082275390625 1178.2252197265625 227.77000854176012 0.0 0.0 0.0 0.0 0.0 0.0 0.0
4951 1213.8082275390625 1168.2734375 231.82923083372296 0.0 0.0 0.0 0.0 0.0 0.0 0.0
4968 1213.8082275390625 1164.9561767578125 233.15553786974513 0.0 0.0 0.0 0.0 0.0 0.0 0.0
4985 1213.8082275390625 1161.638916015625 234.45590582740974 0.0 0.0 0.0 0.0 0.0 0.0 0.0
5002 1210.490966796875 1158.3216552734375 234.59235038832074 0.0 0.0 0.0 0.0 0.0 0.0 0.0
5019 1197.221923828125 1158.3216552734375 230.34181652156386 0.0 0.0 0.0 0.0 0.0 0.0 0.0
5035 1180.6356201171875 1158.3216552734375 225.61475617622855 0.0 0.0 0.0 0.0 0.0 0.0 0.0
5052 1147.462890625 1171.5906982421875 212.96515382309744 0.0 0.0 0.0 0.0 0.0 0.0 0.0
5069 1107.65576171875 1191.494384765625 199.89447459669023 0.0 0.0 0.0 0.0 0.0 0.0 0.0
5085 1077.80029296875 1214.7152099609375 188.76173755302764 0.0 0.0 0.0 0.0 0.0 0.0 0.0
5103 1044.627685546875 1237.93603515625 180.51780054872293 0.0 0.0 0.0 0.0 0.0 0.0 0.0
5122 1024.72412109375 1251.205078125 176.71185769479223 0.0 0.0 0.0 0.0 0.0 0.0 0.0
5139 1008.1378173828125 1261.1568603515625 174.48319394923658 0.0 0.0 0.0 0.0 0.0 0.0 0.0
5156 998.18603515625 1271.108642578125 171.5081155116439 0.0 0.0 0.0 0.0 0.0 0.0 0.0
5173 991.5513916015625 1274.426025390625 171.17099187922847 0.0 0.0 0.0 0.0 0.0 0.0 0.0
5190 984.9168701171875 1277.7432861328125 170.85526960209287 0.0 0.0 0.0 0.0 0.0 0.0 0.0
5206 981.599609375 1291.0123291015625 165.4580860724197 0.0 0.0 0.0 0.0 0.0 0.0 0.0
5223 974.965087890625 1304.2813720703125 161.32893509751932 0.0 0.0 0.0 0.0 0.0 0.0 0.0
5240 968.33056640625 1317.5504150390625 157.63481608518256 0.0 0.0 0.0 0.0 0.0 0.0 0.0
5257 961.696044921875 1337.4539794921875 151.98960245741074 0.0 0.0 0.0 0.0 0.0 0.0 0.0
5275 948.427001953125 1367.3094482421875 146.25058513290045 0.0 0.0 0.0 0.0 0.0 0.0 0.0
5292 928.5234375 1410.433837890625 140.6071112737444 0.0 0.0 0.0 0.0 0.0 0.0 0.0
5309 911.9370727539062 1450.240966796875 136.3135794499402 0.0 0.0 0.0 0.0 0.0 0.0 0.0
5326 895.3507690429688 1493.365478515625 132.60269076002064 0.0 0.0 0.0 0.0 0.0 0.0 0.0
5343 882.0816650390625 1533.172607421875 129.44460080410843 0.0 0.0 0.0 0.0 0.0 0.0 0.0
5360 878.764404296875 1549.759033203125 127.3988365162935 0.0 0.0 0.0 0.0 0.0 0.0 0.0
5377 872.1298828125 1569.66259765625 126.4013146302133 0.0 0.0 0.0 0.0 0.0 0.0 0.0
5394 862.1781005859375 1586.2489013671875 127.5031168105323 0.0 0.0 0.0 0.0 0.0 0.0 0.0
5411 862.1781005859375 1596.20068359375 125.48562122713923 0.0 0.0 0.0 0.0 0.0 0.0 0.0
5428 862.1781005859375 1599.5179443359375 124.83162296552806 0.0 0.0 0.0 0.0 0.0 0.0 0.0
5446 858.86083984375 1599.5179443359375 126.42662064018253 0.0 0.0 0.0 0.0 0.0 0.0 0.0
5484 858.86083984375 1599.5179443359375 126.42660551526475 0.0 0.0 0.0 0.0 0.0 0.0 0.0
5501 858.86083984375 1596.20068359375 127.1452170318768 0.0 0.0 0.0 0.0 0.0 0.0 0.0
5518 855.5435791015625 1592.8834228515625 129.48383842958023 0.0 0.0 0.0 0.0 0.0 0.0 0.0
5535 852.226318359375 1572.9798583984375 136.79180032900004 0.0 0.0 0.0 0.0 0.0 0.0 0.0
5552 852.226318359375 1546.4417724609375 146.4589964356468 0.0 0.0 0.0 0.0 0.0 0.0 0.0
5569 852.226318359375 1496.6827392578125 171.61667464828597 0.0 0.0 0.0 0.0 0.0 0.0 0.0
5586 852.226318359375 1427.0201416015625 209.32811933194367 0.0 0.0 0.0 0.0 0.0 0.0 0.0
5603 862.1781005859375 1370.626708984375 235.5126899754654 0.0 0.0 0.0 0.0 0.0 0.0 0.0
5621 875.4471435546875 1300.964111328125 257.8128071309002 0.0 0.0 0.0 0.0 0.0 0.0 0.0
5638 878.764404296875 1267.7913818359375 264.8454222858012 0.0 0.0 0.0 0.0 0.0 0.0 0.0
5656 882.0816650390625 1237.93603515625 270.0110692958551 0.0 0.0 0.0 0.0 0.0 0.0 0.0
5670 882.0816650390625 1218.032470703125 271.9690101626411 0.0 0.0 0.0 0.0 0.0 0.0 0.0
5690 882.0816650390625 1201.4461669921875 273.38817868725005 0.0 0.0 0.0 0.0 0.0 0.0 0.0
5706 882.0816650390625 1191.494384765625 274.1692887730559 0.0 0.0 0.0 0.0 0.0 0.0 0.0
5724 882.0816650390625 1181.54248046875 274.8857541280926 0.0 0.0 0.0 0.0 0.0 0.0 0.0
5740 878.764404296875 1174.907958984375 273.7142810951842 0.0 0.0 0.0 0.0 0.0 0.0 0.0
5757 872.1298828125 1168.2734375 271.0135743850027 0.0 0.0 0.0 0.0 0.0 0.0 0.0
5774 855.5435791015625 1161.638916015625 263.8852565047997 0.0 0.0 0.0 0.0 0.0 0.0 0.0
5791 845.591796875 1161.638916015625 259.0959162956485 0.0 0.0 0.0 0.0 0.0 0.0 0.0
5807 829.0054321289062 1161.638916015625 251.62402443936074 0.0 0.0 0.0 0.0 0.0 0.0 0.0
5824 802.4673461914062 1161.638916015625 241.1525287946121 0.0 0.0 0.0 0.0 0.0 0.0 0.0
5841 782.563720703125 1161.638916015625 234.22016532799526 0.0 0.0 0.0 0.0 0.0 0.0 0.0
5859 765.9774169921875 1181.54248046875 220.7857394695881 0.0 0.0 0.0 0.0 0.0 0.0 0.0
5876 746.0737915039062 1208.0806884765625 204.78040449879032 0.0 0.0 0.0 0.0 0.0 0.0 0.0
5893 726.1702270507812 1244.570556640625 186.5642553837861 0.0 0.0 0.0 0.0 0.0 0.0 0.0
5910 712.9011840820312 1271.108642578125 175.2966248458041 0.0 0.0 0.0 0.0 0.0 0.0 0.0
5926 706.2666015625 1297.6468505859375 164.59944577852102 0.0 0.0 0.0 0.0 0.0 0.0 0.0
5943 699.632080078125 1324.1849365234375 155.57217244293045 0.0 0.0 0.0 0.0 0.0 0.0 0.0
5960 696.3148193359375 1340.771240234375 150.31677009344259 0.0 0.0 0.0 0.0 0.0 0.0 0.0
5977 692.99755859375 1357.3575439453125 145.66202080129196 0.0 0.0 0.0 0.0 0.0 0.0 0.0
5995 692.99755859375 1367.3094482421875 142.33317239118986 0.0 0.0 0.0 0.0 0.0 0.0 0.0
6013 692.99755859375 1373.9439697265625 140.21547849411556 0.0 0.0 0.0 0.0 0.0 0.0 0.0
6029 692.99755859375 1377.26123046875 139.18193490269627 0.0 0.0 0.0 0.0 0.0 0.0 0.0
6045 692.99755859375 1380.5784912109375 138.173184940541 0.0 0.0 0.0 0.0 0.0 0.0 0.0
6063 689.6802978515625 1383.895751953125 138.56696531617513 0.0 0.0 0.0 0.0 0.0 0.0 0.0
6079 689.6802978515625 1390.5302734375 136.62657808278882 0.0 0.0 0.0 0.0 0.0 0.0 0.0
6097 686.363037109375 1400.4820556640625 135.28675690484525 0.0 0.0 0.0 0.0 0.0 0.0 0.0
6114 683.0457763671875 1417.068359375 132.4828109851251 0.0 0.0 0.0 0.0 0.0 0.0 0.0