0 2350.0 1500.0 0 1650.0 1500.0 0 0.0 0.0 0.0 0.0
57 2334.18994140625 1511.857666015625 356.9104122927107 1650.0 1500.0 0 0.0 0.0 0.0 0.0
73 2330.2373046875 1519.7628173828125 354.5759481533282 1650.0 1500.0 0 0.0 0.0 0.0 0.0
90 2322.33203125 1527.66796875 352.6113408459878 1650.0 1500.0 0 0.0 0.0 0.0 0.0
107 2322.33203125 1539.525634765625 348.814093400871 1650.0 1500.0 0 0.0 0.0 0.0 0.0
124 2314.427001953125 1551.38330078125 345.98556344181145 1650.0 1500.0 0 0.0 0.0 0.0 0.0
140 2306.521728515625 1563.2410888671875 343.337906940534 1650.0 1500.0 0 0.0 0.0 0.0 0.0
157 2302.5693359375 1575.0987548828125 340.3291437066149 1650.0 1500.0 0 0.0 0.0 0.0 0.0
173 2294.6640625 1590.9090576171875 336.978793496514 1650.0 1500.0 0 0.0 0.0 0.0 0.0
190 2286.759033203125 1606.7193603515625 333.89620454908675 1650.0 1500.0 0 0.0 0.0 0.0 0.0
207 2278.853759765625 1618.5770263671875 332.0758422835614 1650.0 1500.0 0 0.0 0.0 0.0 0.0
223 2274.9013671875 1626.482177734375 330.6793709914539 1650.0 1500.0 0 0.0 0.0 0.0 0.0
240 2270.94873046875 1630.4346923828125 330.37345744836654 1650.0 1500.0 0 0.0 0.0 0.0 0.0
257 2266.99609375 1634.3873291015625 330.0770801364938 1650.0 1500.0 0 0.0 0.0 0.0 0.0
323 2266.99609375 1638.33984375 329.01915624688843 1650.0 1500.0 0 0.0 0.0 0.0 0.0
340 2266.99609375 1642.29248046875 327.97589229853406 1650.0 1500.0 0 0.0 0.0 0.0 0.0
357 2266.99609375 1646.2449951171875 326.9474167412437 1650.0 1500.0 0 0.0 0.0 0.0 0.0
373 2263.04345703125 1654.150146484375 325.7791158980019 1650.0 1500.0 0 0.0 0.0 0.0 0.0
390 2259.091064453125 1662.0552978515625 324.6639211458631 1650.0 1500.0 0 0.0 0.0 0.0 0.0
407 2255.138427734375 1669.96044921875 323.5998602164399 1650.0 1500.0 0 0.0 0.0 0.0 0.0
423 2255.138427734375 1681.818115234375 320.7990212966138 1650.0 1500.0 0 0.0 0.0 0.0 0.0
440 2251.185791015625 1693.67578125 319.0528985533657 1650.0 1500.0 0 0.0 0.0 0.0 0.0
457 2247.2333984375 1697.62841796875 319.1134291509758 1650.0 1500.0 0 0.0 0.0 0.0 0.0
473 2239.328125 1705.5335693359375 319.2271602577699 1650.0 1500.0 0 0.0 0.0 0.0 0.0
490 2239.328125 1709.486083984375 318.3351297129613 1650.0 1500.0 0 0.0 0.0 0.0 0.0
507 2231.423095703125 1709.486083984375 320.2313470300695 1650.0 1500.0 0 0.0 0.0 0.0 0.0
523 2227.470458984375 1709.486083984375 321.1641744221288 1650.0 1500.0 0 0.0 0.0 0.0 0.0
540 2223.517822265625 1713.438720703125 321.15794066600483 1650.0 1500.0 0 0.0 0.0 0.0 0.0
557 2219.5654296875 1713.438720703125 322.07566587264296 1650.0 1500.0 0 0.0 0.0 0.0 0.0
573 2215.61279296875 1717.3912353515625 322.04064212590254 1650.0 1500.0 0 0.0 0.0 0.0 0.0
590 2211.66015625 1721.3438720703125 322.00670836008703 1650.0 1500.0 0 0.0 0.0 0.0 0.0
607 2203.7550048828125 1721.3438720703125 323.7847283192003 1650.0 1500.0 0 0.0 0.0 0.0 0.0
624 2199.802490234375 1725.29638671875 323.6956447621485 1650.0 1500.0 0 0.0 0.0 0.0 0.0
641 2191.8973388671875 1729.2489013671875 324.4589582172351 1650.0 1500.0 0 0.0 0.0 0.0 0.0
657 2183.9921875 1733.2015380859375 325.1858757016343 1650.0 1500.0 0 0.0 0.0 0.0 0.0
674 2176.0870361328125 1737.154052734375 325.87808901684923 1650.0 1500.0 0 0.0 0.0 0.0 0.0
690 2164.2293701171875 1741.106689453125 327.32418612933225 1650.0 1500.0 0 0.0 0.0 0.0 0.0
707 2156.32421875 1745.0592041015625 327.91376801428135 1650.0 1500.0 0 0.0 0.0 0.0 0.0
723 2144.466552734375 1749.0118408203125 329.22846729137734 1650.0 1500.0 0 0.0 0.0 0.0 0.0
740 2136.5614013671875 1752.96435546875 329.7259543025191 1650.0 1500.0 0 0.0 0.0 0.0 0.0
757 2132.6087646484375 1756.9169921875 329.4497958481402 1650.0 1500.0 0 0.0 0.0 0.0 0.0
773 2124.70361328125 1760.8695068359375 329.93661130680107 1650.0 1500.0 0 0.0 0.0 0.0 0.0
790 2116.7984619140625 1768.774658203125 329.3883148363311 1650.0 1500.0 0 0.0 0.0 0.0 0.0
807 2112.845947265625 1772.7271728515625 329.1227393031178 1650.0 1500.0 0 0.0 0.0 0.0 0.0
823 2104.9407958984375 1776.6798095703125 329.6253737979609 1650.0 1500.0 0 0.0 0.0 0.0 0.0
841 2100.98828125 1784.5849609375 328.33680102136634 1650.0 1500.0 0 0.0 0.0 0.0 0.0
857 2097.03564453125 1788.5374755859375 328.1042405757968 1650.0 1500.0 0 0.0 0.0 0.0 0.0
873 2093.0831298828125 1796.442626953125 326.8836943680591 1650.0 1500.0 0 0.0 0.0 0.0 0.0
890 2089.1304931640625 1796.442626953125 327.7034777572186 1650.0 1500.0 0 0.0 0.0 0.0 0.0
907 2085.177978515625 1800.3951416015625 327.49084517059396 1650.0 1500.0 0 0.0 0.0 0.0 0.0
924 2085.177978515625 1804.3477783203125 326.4693734171676 1650.0 1500.0 0 0.0 0.0 0.0 0.0
940 2081.225341796875 1808.30029296875 326.2955542040645 1650.0 1500.0 0 0.0 0.0 0.0 0.0
957 2077.2728271484375 1816.2054443359375 325.1568231788211 1650.0 1500.0 0 0.0 0.0 0.0 0.0
973 2073.3203125 1824.110595703125 324.07013030007215 1650.0 1500.0 0 0.0 0.0 0.0 0.0
990 2069.36767578125 1832.0157470703125 323.03346132462354 1650.0 1500.0 0 0.0 0.0 0.0 0.0
1007 2065.4151611328125 1839.9208984375 322.0447669119974 1650.0 1500.0 0 0.0 0.0 0.0 0.0
1023 2061.4625244140625 1855.731201171875 319.3675713129295 1650.0 1500.0 0 0.0 0.0 0.0 0.0
1040 2061.4625244140625 1867.5888671875 316.771708781658 1650.0 1500.0 0 0.0 0.0 0.0 0.0
1057 2057.510009765625 1879.446533203125 315.27980314539906 1650.0 1500.0 0 0.0 0.0 0.0 0.0
1073 2053.557373046875 1887.3516845703125 314.6580924249313 1650.0 1500.0 0 0.0 0.0 0.0 0.0
1090 2053.557373046875 1895.2568359375 313.06118533865697 1650.0 1500.0 0 0.0 0.0 0.0 0.0
1119 2053.557373046875 1907.1146240234375 310.7927635773611 1650.0 1500.0 0 0.0 0.0 0.0 0.0
1120 2053.557373046875 1907.1146240234375 310.7927733038229 1650.0 1500.0 0 0.0 0.0 0.0 0.0
1140 2053.557373046875 1918.9722900390625 308.64806283178024 1650.0 1500.0 0 0.0 0.0 0.0 0.0
1161 2049.6048583984375 1926.87744140625 308.3481247024142 1650.0 1500.0 0 0.0 0.0 0.0 0.0
1173 2045.6522216796875 1934.7825927734375 308.0628640463525 1650.0 1500.0 0 0.0 0.0 0.0 0.0
1190 2045.6522216796875 1942.687744140625 306.7094439741269 1650.0 1500.0 0 0.0 0.0 0.0 0.0
1207 2041.69970703125 1950.5927734375 306.50442718541683 1650.0 1500.0 0 0.0 0.0 0.0 0.0
1223 2037.7471923828125 1954.54541015625 306.95760918334076 1650.0 1500.0 0 0.0 0.0 0.0 0.0
1240 2033.7945556640625 1962.4505615234375 306.7404354460138 1650.0 1500.0 0 0.0 0.0 0.0 0.0
1257 2033.7945556640625 1966.403076171875 306.0763965588616 1650.0 1500.0 0 0.0 0.0 0.0 0.0
1273 2029.842041015625 1970.355712890625 306.54269393956804 1650.0 1500.0 0 0.0 0.0 0.0 0.0
1307 2025.889404296875 1970.355712890625 307.6689807492609 1650.0 1500.0 0 0.0 0.0 0.0 0.0
1340 2025.889404296875 1974.3082275390625 306.98682245012503 1650.0 1500.0 0 0.0 0.0 0.0 0.0
1373 2021.9368896484375 1978.2608642578125 307.4251615112529 1650.0 1500.0 0 0.0 0.0 0.0 0.0
1390 2017.9842529296875 1978.2608642578125 308.5407641294747 1650.0 1500.0 0 0.0 0.0 0.0 0.0
1423 2014.03173828125 1978.2608642578125 309.6424138408744 1650.0 1500.0 0 0.0 0.0 0.0 0.0
1440 2010.0791015625 1978.2608642578125 310.7299488269653 1650.0 1500.0 0 0.0 0.0 0.0 0.0
1457 2006.1265869140625 1978.2608642578125 311.8031180555616 1650.0 1500.0 0 0.0 0.0 0.0 0.0
1473 2002.174072265625 1978.2608642578125 312.86180379495664 1650.0 1500.0 0 0.0 0.0 0.0 0.0
1491 1994.2689208984375 1978.2608642578125 314.921031874478 1650.0 1500.0 0 0.0 0.0 0.0 0.0
1507 1990.3162841796875 1978.2608642578125 315.9355876358277 1650.0 1500.0 0 0.0 0.0 0.0 0.0
1523 1982.4111328125 1974.3082275390625 318.77844497974354 1650.0 1500.0 0 0.0 0.0 0.0 0.0
1540 1978.4586181640625 1974.3082275390625 319.734399236572 1650.0 1500.0 0 0.0 0.0 0.0 0.0
1557 1966.600830078125 1974.3082275390625 322.46891629853087 1650.0 1500.0 0 0.0 0.0 0.0 0.0
1573 1962.6483154296875 1974.3082275390625 323.3649619737482 1650.0 1500.0 0 0.0 0.0 0.0 0.0
1590 1954.7431640625 1970.355712890625 326.0793857729231 1650.0 1500.0 0 0.0 0.0 0.0 0.0
1607 1950.7906494140625 1970.355712890625 326.9133912937935 1650.0 1500.0 0 0.0 0.0 0.0 0.0
1623 1946.8380126953125 1970.355712890625 327.73264992022666 1650.0 1500.0 0 0.0 0.0 0.0 0.0
1640 1938.932861328125 1966.403076171875 330.3513906271752 1650.0 1500.0 0 0.0 0.0 0.0 0.0
1657 1934.9803466796875 1962.4505615234375 332.187880309352 1650.0 1500.0 0 0.0 0.0 0.0 0.0
1673 1931.0277099609375 1962.4505615234375 332.9099623478745 1650.0 1500.0 0 0.0 0.0 0.0 0.0
1691 1931.0277099609375 1958.4979248046875 334.03343143339725 1650.0 1500.0 0 0.0 0.0 0.0 0.0
1708 1927.0751953125 1958.4979248046875 334.72008446993544 1650.0 1500.0 0 0.0 0.0 0.0 0.0
1757 1927.0751953125 1954.54541015625 335.865348691852 1650.0 1500.0 0 0.0 0.0 0.0 0.0
1807 1923.1226806640625 1954.54541015625 336.5162108248104 1650.0 1500.0 0 0.0 0.0 0.0 0.0
1940 1923.1226806640625 1954.54541015625 336.5162108248104 1650.0 1500.0 0 0.0 0.0 0.0 0.0
1941 1927.0751953125 1954.54541015625 335.8520232132155 1650.0 1500.0 0 0.0 0.0 0.0 0.0
2007 1927.0751953125 1954.54541015625 335.8520232132155 1650.0 1500.0 0 0.0 0.0 0.0 0.0
2024 1927.0751953125 1954.54541015625 335.8520232132155 1650.0 1500.0 0 0.0 0.0 0.0 0.0
2040 1927.0751953125 1954.54541015625 335.8520232132155 1646.0474853515625 1464.4268798828125 350.8765453204402 0.0 0.0 0.0 0.0
2057 1927.0751953125 1954.54541015625 335.8520232132155 1642.0948486328125 1448.6165771484375 346.2036033930035 0.0 0.0 0.0 0.0
2074 1927.0751953125 1954.54541015625 335.8520232132155 1634.189697265625 1420.9486083984375 339.4569541953342 0.0 0.0 0.0 0.0
2090 1927.0751953125 1954.54541015625 335.8520232132155 1622.33203125 1393.2806396484375 332.3490718469681 0.0 0.0 0.0 0.0
2091 1931.0277099609375 1954.54541015625 335.1743694907366 1622.33203125 1393.2806396484375 332.3490718469681 0.0 0.0 0.0 0.0
2107 1931.0277099609375 1954.54541015625 335.1743694907366 1614.4268798828125 1369.565185546875 328.8034754255579 0.0 0.0 0.0 0.0
2124 1931.0277099609375 1954.54541015625 335.1743694907366 1602.5692138671875 1345.8497314453125 324.02440970421435 0.0 0.0 0.0 0.0
2140 1931.0277099609375 1954.54541015625 335.1743694907366 1590.71142578125 1330.03955078125 319.2415695205497 0.0 0.0 0.0 0.0
2157 1931.0277099609375 1954.54541015625 335.1743694907366 1582.8062744140625 1314.229248046875 317.40433723943596 0.0 0.0 0.0 0.0
2173 1931.0277099609375 1954.54541015625 335.1743694907366 1570.9486083984375 1298.4189453125 313.82127017292584 0.0 0.0 0.0 0.0
2190 1931.0277099609375 1954.54541015625 335.1743694907366 1563.04345703125 1286.561279296875 312.0476675634697 0.0 0.0 0.0 0.0
2207 1931.0277099609375 1954.54541015625 335.1743694907366 1551.185791015625 1282.608642578125 306.3143865365562 0.0 0.0 0.0 0.0
2224 1931.0277099609375 1954.54541015625 335.1743694907366 1539.3280029296875 1270.7509765625 303.66245867550793 0.0 0.0 0.0 0.0
2240 1931.0277099609375 1954.54541015625 335.1743694907366 1523.517822265625 1262.8458251953125 298.3101417032481 0.0 0.0 0.0 0.0
2259 1931.0277099609375 1954.54541015625 335.1743694907366 1511.6600341796875 1254.940673828125 295.54017190705486 0.0 0.0 0.0 0.0
2274 1931.0277099609375 1954.54541015625 335.1743694907366 1495.849853515625 1247.0355224609375 291.4943820813513 0.0 0.0 0.0 0.0
2290 1931.0277099609375 1954.54541015625 335.1743694907366 1487.9447021484375 1243.0830078125 289.653876423312 0.0 0.0 0.0 0.0
2308 1931.0277099609375 1954.54541015625 335.1743694907366 1476.0869140625 1235.1778564453125 288.09971214290465 0.0 0.0 0.0 0.0
2324 1931.0277099609375 1954.54541015625 335.1743694907366 1468.1817626953125 1227.272705078125 288.33273792558157 0.0 0.0 0.0 0.0
2340 1931.0277099609375 1954.54541015625 335.1743694907366 1460.2767333984375 1219.3675537109375 288.53865282060906 0.0 0.0 0.0 0.0
2357 1931.0277099609375 1954.54541015625 335.1743694907366 1456.3240966796875 1211.46240234375 290.39478887083465 0.0 0.0 0.0 0.0
2373 1931.0277099609375 1954.54541015625 335.1743694907366 1448.4189453125 1203.5572509765625 290.36093349461265 0.0 0.0 0.0 0.0
2390 1931.0277099609375 1954.54541015625 335.1743694907366 1440.5137939453125 1195.652099609375 290.3310489481796 0.0 0.0 0.0 0.0
2407 1931.0277099609375 1954.54541015625 335.1743694907366 1436.561279296875 1191.6995849609375 290.31705711183395 0.0 0.0 0.0 0.0
2424 1931.0277099609375 1954.54541015625 335.1743694907366 1432.608642578125 1187.7470703125 290.30384104198254 0.0 0.0 0.0 0.0
2441 1931.0277099609375 1954.54541015625 335.1743694907366 1428.6561279296875 1179.8419189453125 292.00054890211095 0.0 0.0 0.0 0.0
2457 1931.0277099609375 1954.54541015625 335.1743694907366 1424.70361328125 1179.8419189453125 290.1152454347412 0.0 0.0 0.0 0.0
2474 1927.0751953125 1954.54541015625 335.8388057929194 1420.7509765625 1175.8892822265625 290.1145604285613 0.0 0.0 0.0 0.0
2507 1927.0751953125 1954.54541015625 335.8388057929194 1416.7984619140625 1175.8892822265625 288.29028689352435 0.0 0.0 0.0 0.0
2508 1927.0751953125 1950.5927734375 336.99696777605345 1416.7984619140625 1175.8892822265625 288.29028689352435 0.0 0.0 0.0 0.0
2524 1919.1700439453125 1950.5927734375 338.2292446956815 1416.7984619140625 1175.8892822265625 288.29028689352435 0.0 0.0 0.0 0.0
2540 1919.1700439453125 1946.6402587890625 339.41337530756664 1416.7984619140625 1175.8892822265625 288.29028689352435 0.0 0.0 0.0 0.0
2557 1911.264892578125 1942.687744140625 341.70847847533787 1416.7984619140625 1175.8892822265625 288.29028689352435 0.0 0.0 0.0 0.0
2574 1907.3123779296875 1938.735107421875 343.4386143363522 1416.7984619140625 1175.8892822265625 288.29028689352435 0.0 0.0 0.0 0.0
2590 1903.3597412109375 1934.7825927734375 345.14663624978414 1416.7984619140625 1175.8892822265625 288.29028689352435 0.0 0.0 0.0 0.0
2607 1895.45458984375 1930.8299560546875 347.25037471698306 1416.7984619140625 1175.8892822265625 288.29028689352435 0.0 0.0 0.0 0.0
2623 1891.5020751953125 1930.8299560546875 347.6660158910506 1416.7984619140625 1175.8892822265625 288.29028689352435 0.0 0.0 0.0 0.0
2640 1883.596923828125 1922.9248046875 350.91197331985376 1416.7984619140625 1175.8892822265625 288.29028689352435 0.0 0.0 0.0 0.0
2657 1875.6917724609375 1918.9722900390625 352.8041264534308 1416.7984619140625 1175.8892822265625 288.29028689352435 0.0 0.0 0.0 0.0
2674 1867.78662109375 1911.067138671875 355.8759328121342 1416.7984619140625 1175.8892822265625 288.29028689352435 0.0 0.0 0.0 0.0
2690 1867.78662109375 1911.067138671875 355.8759328121342 1412.8458251953125 1175.8892822265625 286.5266063321709 0.0 0.0 0.0 0.0
2691 1855.928955078125 1911.067138671875 356.52729848458534 1412.8458251953125 1175.8892822265625 286.5266063321709 0.0 0.0 0.0 0.0
2707 1855.928955078125 1911.067138671875 356.52729848458534 1408.893310546875 1175.8892822265625 284.82322014381907 0.0 0.0 0.0 0.0
2708 1844.0712890625 1903.1619873046875 359.6002524238178 1408.893310546875 1175.8892822265625 284.82322014381907 0.0 0.0 0.0 0.0
2724 1832.2135009765625 1895.2568359375 2.4851799486602317 1408.893310546875 1175.8892822265625 284.82322014381907 0.0 0.0 0.0 0.0
2740 1816.4033203125 1887.3516845703125 5.203907343410151 1408.893310546875 1175.8892822265625 284.82322014381907 0.0 0.0 0.0 0.0
2757 1800.593017578125 1883.399169921875 6.4802431502409945 1408.893310546875 1175.8892822265625 284.82322014381907 0.0 0.0 0.0 0.0
2774 1788.7352294921875 1875.4940185546875 8.920283686767448 1404.940673828125 1175.8892822265625 283.179307800899 0.0 0.0 0.0 0.0
2790 1776.8775634765625 1863.6363525390625 12.421960221422182 1404.940673828125 1175.8892822265625 283.179307800899 0.0 0.0 0.0 0.0
2807 1765.0198974609375 1855.731201171875 14.45470305046615 1404.940673828125 1175.8892822265625 283.179307800899 0.0 0.0 0.0 0.0
2824 1757.11474609375 1851.778564453125 15.330136852079875 1404.940673828125 1175.8892822265625 283.179307800899 0.0 0.0 0.0 0.0
2840 1745.2569580078125 1843.8734130859375 17.156919483263266 1404.940673828125 1175.8892822265625 283.179307800899 0.0 0.0 0.0 0.0
2857 1729.44677734375 1832.0157470703125 19.7528473060986 1404.940673828125 1175.8892822265625 283.179307800899 0.0 0.0 0.0 0.0
2874 1717.5889892578125 1816.2054443359375 23.598977223208976 1404.940673828125 1175.8892822265625 283.179307800899 0.0 0.0 0.0 0.0
2973 1717.5889892578125 1816.2054443359375 23.598977223208976 1404.940673828125 1171.936767578125 285.21794732457124 0.0 0.0 0.0 0.0
3007 1717.5889892578125 1816.2054443359375 23.598977223208976 1408.893310546875 1171.936767578125 286.9979230636187 0.0 0.0 0.0 0.0
3207 1738.616810798645 1893.7326583862305 15.206114934262615 1408.893310546875 1171.936767578125 286.9979230636187 0.0 0.0 0.0 0.0
3224 1722.80650806427 1885.8276290893555 6.461150734608779 1408.893310546875 1171.936767578125 286.9979230636187 0.0 0.0 0.0 0.0
3240 1703.0436906814575 1877.922477722168 356.26467335751227 1408.893310546875 1171.936767578125 286.9979230636187 0.0 0.0 0.0 0.0
3257 1687.2333879470825 1870.0173263549805 348.744770107484 1408.893310546875 1171.936767578125 286.9979230636187 0.0 0.0 0.0 0.0
3274 1663.51793384552 1858.159538269043 338.9316148576603 1408.893310546875 1171.936767578125 286.9979230636187 0.0 0.0 0.0 0.0
3290 1639.80260181427 1854.2070236206055 329.01536730947737 1408.893310546875 1171.936767578125 286.9979230636187 0.0 0.0 0.0 0.0
3307 1620.039662361145 1850.254508972168 321.813186571374 1408.893310546875 1171.936767578125 286.9979230636187 0.0 0.0 0.0 0.0
3324 1608.18199634552 1850.254508972168 317.10351450787005 1408.893310546875 1171.936767578125 286.9979230636187 0.0 0.0 0.0 0.0
3341 1596.324330329895 1846.301872253418 313.99483664140007 1408.893310546875 1171.936767578125 286.9979230636187 0.0 0.0 0.0 0.0
3357 1584.4665422439575 1842.3493576049805 311.1681193853949 1408.893310546875 1171.936767578125 286.9979230636187 0.0 0.0 0.0 0.0
3374 1584.4665422439575 1842.3493576049805 311.1681193853949 1408.893310546875 1167.984130859375 288.92136878463816 0.0 0.0 0.0 0.0
3375 1572.6088762283325 1834.444206237793 309.9477719420555 1408.893310546875 1167.984130859375 288.92136878463816 0.0 0.0 0.0 0.0
3390 1552.84605884552 1830.491569519043 305.1991969689335 1408.893310546875 1167.984130859375 288.92136878463816 0.0 0.0 0.0 0.0
3407 1540.9882707595825 1830.491569519043 301.694979210159 1408.893310546875 1167.984130859375 288.92136878463816 0.0 0.0 0.0 0.0
3424 1525.17809009552 1830.491569519043 297.51961540308287 1408.893310546875 1167.984130859375 288.92136878463816 0.0 0.0 0.0 0.0
3440 1513.3203020095825 1830.491569519043 294.65544776154854 1408.893310546875 1167.984130859375 288.92136878463816 0.0 0.0 0.0 0.0
3457 1505.415150642395 1830.491569519043 292.86006924072 1408.893310546875 1167.984130859375 288.92136878463816 0.0 0.0 0.0 0.0
3474 1493.55748462677 1826.5390548706055 292.0800847552872 1408.893310546875 1167.984130859375 288.92136878463816 0.0 0.0 0.0 0.0
3490 1481.699818611145 1822.5864181518555 291.3784135576393 1408.893310546875 1167.984130859375 288.92136878463816 0.0 0.0 0.0 0.0
3507 1481.699818611145 1822.5864181518555 291.3784135576393 1412.8458251953125 1167.984130859375 290.8300196736259 0.0 0.0 0.0 0.0
3508 1465.88951587677 1814.6813888549805 291.6344047379731 1412.8458251953125 1167.984130859375 290.8300196736259 0.0 0.0 0.0 0.0
3524 1454.031849861145 1810.7287521362305 290.9774671831062 1412.8458251953125 1167.984130859375 290.8300196736259 0.0 0.0 0.0 0.0
3540 1446.1266984939575 1802.823600769043 292.83659602923706 1412.8458251953125 1167.984130859375 290.8300196736259 0.0 0.0 0.0 0.0
3557 1446.1266984939575 1802.823600769043 292.83659602923706 1416.7984619140625 1167.984130859375 292.80163411143553 0.0 0.0 0.0 0.0
3558 1434.26891040802 1790.965934753418 295.2753986979601 1416.7984619140625 1167.984130859375 292.80163411143553 0.0 0.0 0.0 0.0
3574 1418.4587297439575 1779.1081466674805 296.52078380657224 1416.7984619140625 1167.984130859375 292.80163411143553 0.0 0.0 0.0 0.0
3590 1406.60094165802 1767.2504806518555 298.4908900806745 1416.7984619140625 1167.984130859375 292.80163411143553 0.0 0.0 0.0 0.0
3607 1406.60094165802 1767.2504806518555 298.4908900806745 1420.7509765625 1167.984130859375 294.8356492775699 0.0 0.0 0.0 0.0
3608 1398.6957902908325 1759.345329284668 299.6869223024464 1420.7509765625 1167.984130859375 294.8356492775699 0.0 0.0 0.0 0.0
3624 1386.8381242752075 1743.535026550293 302.68420799113676 1420.7509765625 1167.984130859375 294.8356492775699 0.0 0.0 0.0 0.0
3640 1371.0278215408325 1723.7722091674805 305.50809706836696 1420.7509765625 1167.984130859375 294.8356492775699 0.0 0.0 0.0 0.0
3658 1359.1701555252075 1707.9619064331055 307.65148736522804 1420.7509765625 1167.984130859375 294.8356492775699 0.0 0.0 0.0 0.0
3674 1355.2175188064575 1692.151725769043 311.93900903320366 1420.7509765625 1167.984130859375 294.8356492775699 0.0 0.0 0.0 0.0
3690 1343.3598527908325 1680.2939376831055 311.90535670057704 1420.7509765625 1167.984130859375 294.8356492775699 0.0 0.0 0.0 0.0
3708 1331.5021867752075 1668.4362716674805 311.87608772289434 1420.7509765625 1167.984130859375 294.8356492775699 0.0 0.0 0.0 0.0
3726 1331.5021867752075 1660.531120300293 314.6039902756054 1420.7509765625 1167.984130859375 294.8356492775699 0.0 0.0 0.0 0.0
3740 1327.5495500564575 1644.720817565918 318.09200912328436 1420.7509765625 1167.984130859375 294.8356492775699 0.0 0.0 0.0 0.0
3757 1323.59703540802 1640.7683029174805 317.7860943084322 1420.7509765625 1167.984130859375 294.8356492775699 0.0 0.0 0.0 0.0
3774 1323.59703540802 1640.7683029174805 317.7860943084322 1420.7509765625 1164.0316162109375 296.4987724574846 0.0 0.0 0.0 0.0
3775 1319.64439868927 1632.863151550293 318.6876049056008 1420.7509765625 1164.0316162109375 296.4987724574846 0.0 0.0 0.0 0.0
3791 1319.64439868927 1621.005485534668 322.1496418080095 1420.7509765625 1164.0316162109375 296.4987724574846 0.0 0.0 0.0 0.0
3807 1319.64439868927 1609.1476974487305 325.32718457716294 1420.7509765625 1164.0316162109375 296.4987724574846 0.0 0.0 0.0 0.0
3824 1319.64439868927 1597.2900314331055 328.2357929601975 1420.7509765625 1164.0316162109375 296.4987724574846 0.0 0.0 0.0 0.0
3901 1307.786732673645 1541.9540939331055 333.73081812464886 1420.7509765625 1164.0316162109375 296.4987724574846 0.0 0.0 0.0 0.0
3902 1307.786732673645 1541.9540939331055 333.73079158068686 1420.7509765625 1148.2213134765625 302.28641777198544 0.0 0.0 0.0 0.0
3904 1307.786732673645 1541.9540939331055 333.73079158068686 1420.7509765625 1148.2213134765625 302.28641948306 0.0 0.0 0.0 0.0
3905 1307.786732673645 1541.9540939331055 333.73079158068686 1420.7509765625 1148.2213134765625 302.28641948306 0.0 0.0 0.0 0.0
3906 1307.786732673645 1541.9540939331055 333.73079158068686 1420.7509765625 1148.2213134765625 302.28641948306 0.0 0.0 0.0 0.0
3918 1303.8342180252075 1534.048942565918 333.4651165501456 1420.7509765625 1148.2213134765625 302.28641948306 0.0 0.0 0.0 0.0
3937 1303.8342180252075 1526.1437911987305 334.97054473489925 1420.7509765625 1148.2213134765625 302.28641948306 0.0 0.0 0.0 0.0
3958 1303.8342180252075 1506.380973815918 338.1975033330789 1420.7509765625 1148.2213134765625 302.28641948306 0.0 0.0 0.0 0.0
3974 1303.8342180252075 1494.5231857299805 339.95455237480576 1420.7509765625 1148.2213134765625 302.28641948306 0.0 0.0 0.0 0.0
3991 1303.8342180252075 1482.6655197143555 341.5482321834472 1420.7509765625 1148.2213134765625 302.28641948306 0.0 0.0 0.0 0.0
4007 1299.8815813064575 1466.8552169799805 341.6883438257944 1420.7509765625 1148.2213134765625 302.28641948306 0.0 0.0 0.0 0.0
4024 1299.8815813064575 1458.950065612793 342.67340152767383 1420.7509765625 1148.2213134765625 302.28641948306 0.0 0.0 0.0 0.0
4041 1299.8815813064575 1451.0449142456055 343.59481275873713 1420.7509765625 1148.2213134765625 302.28641948306 0.0 0.0 0.0 0.0
4057 1299.8815813064575 1439.1872482299805 344.84674091300826 1420.7509765625 1148.2213134765625 302.28641948306 0.0 0.0 0.0 0.0
4074 1295.92906665802 1427.3295822143555 344.181567352883 1420.7509765625 1148.2213134765625 302.28641948306 0.0 0.0 0.0 0.0
4090 1291.97642993927 1423.3769454956055 342.69879386805746 1420.7509765625 1148.2213134765625 302.28641948306 0.0 0.0 0.0 0.0
4107 1291.97642993927 1419.424430847168 343.1740017133408 1420.7509765625 1148.2213134765625 302.28641948306 0.0 0.0 0.0 0.0
4125 1284.0712785720825 1411.5192794799805 340.40725230641203 1420.7509765625 1148.2213134765625 302.28641948306 0.0 0.0 0.0 0.0
4140 1272.2136125564575 1407.5666427612305 335.4486892242211 1420.7509765625 1148.2213134765625 302.28641948306 0.0 0.0 0.0 0.0
4157 1264.30846118927 1395.7089767456055 334.04247224640494 1420.7509765625 1148.2213134765625 302.28641948306 0.0 0.0 0.0 0.0
4174 1256.4033098220825 1387.803825378418 332.04013430788643 1420.7509765625 1148.2213134765625 302.28641948306 0.0 0.0 0.0 0.0
4190 1244.5456438064575 1379.8986740112305 328.5716430816061 1420.7509765625 1148.2213134765625 302.28641948306 0.0 0.0 0.0 0.0
4207 1232.6879777908325 1364.088493347168 327.253938945821 1420.7509765625 1148.2213134765625 302.28641948306 0.0 0.0 0.0 0.0
4224 1220.830189704895 1352.2307052612305 325.2312242804626 1420.7509765625 1148.2213134765625 302.28641948306 0.0 0.0 0.0 0.0
4240 1208.97252368927 1340.3730392456055 323.4678463993083 1420.7509765625 1148.2213134765625 302.28641948306 0.0 0.0 0.0 0.0
4257 1201.0673723220825 1332.467887878418 322.39777573394645 1420.7509765625 1148.2213134765625 302.28641948306 0.0 0.0 0.0 0.0
4274 1193.162220954895 1320.610221862793 322.46517063774104 1420.7509765625 1148.2213134765625 302.28641948306 0.0 0.0 0.0 0.0
4290 1181.30455493927 1308.7524337768555 321.0587347972131 1420.7509765625 1148.2213134765625 302.28641948306 0.0 0.0 0.0 0.0
4307 1169.4467668533325 1292.942253112793 320.8707060808068 1420.7509765625 1148.2213134765625 302.28641948306 0.0 0.0 0.0 0.0
4324 1157.5891008377075 1285.0371017456055 318.5781588927107 1420.7509765625 1148.2213134765625 302.28641948306 0.0 0.0 0.0 0.0
4340 1149.68394947052 1277.131950378418 317.94986573207825 1420.7509765625 1148.2213134765625 302.28641948306 0.0 0.0 0.0 0.0
4357 1137.826283454895 1273.179313659668 314.7655860267214 1420.7509765625 1148.2213134765625 302.28641948306 0.0 0.0 0.0 0.0
4374 1125.9684953689575 1261.321647644043 314.361959474861 1420.7509765625 1148.2213134765625 302.28641948306 0.0 0.0 0.0 0.0
4390 1114.1108293533325 1253.4164962768555 312.7849681230774 1420.7509765625 1148.2213134765625 302.28641948306 0.0 0.0 0.0 0.0
4407 1106.205677986145 1241.5588302612305 313.93925158719185 1420.7509765625 1148.2213134765625 302.28641948306 0.0 0.0 0.0 0.0
4424 1094.34801197052 1225.7485275268555 314.82381972861276 1420.7509765625 1148.2213134765625 302.28641948306 0.0 0.0 0.0 0.0
4440 1086.4428606033325 1209.9382247924805 316.90397700888184 1420.7509765625 1148.2213134765625 302.28641948306 0.0 0.0 0.0 0.0
4457 1078.537709236145 1186.222770690918 320.7710928357577 1420.7509765625 1148.2213134765625 302.28641948306 0.0 0.0 0.0 0.0
4474 1070.6325578689575 1174.365104675293 321.02308679084865 1420.7509765625 1148.2213134765625 302.28641948306 0.0 0.0 0.0 0.0
4490 1066.68004322052 1154.6022872924805 324.689627886684 1420.7509765625 1148.2213134765625 302.28641948306 0.0 0.0 0.0 0.0
4507 1062.72740650177 1130.886833190918 328.6365965580178 1420.7509765625 1148.2213134765625 302.28641948306 0.0 0.0 0.0 0.0
4524 1062.72740650177 1095.3137130737305 335.32124661468686 1420.7509765625 1148.2213134765625 302.28641948306 0.0 0.0 0.0 0.0
4540 1062.72740650177 1067.6457443237305 339.52594738756784 1420.7509765625 1148.2213134765625 302.28641948306 0.0 0.0 0.0 0.0
4557 1066.68004322052 1043.9303512573242 344.1632379584456 1420.7509765625 1148.2213134765625 302.28641948306 0.0 0.0 0.0 0.0
4574 1078.537709236145 1012.3098068237305 351.6833798468243 1420.7509765625 1148.2213134765625 302.28641948306 0.0 0.0 0.0 0.0
4590 1094.34801197052 984.6417770385742 359.207627503985 1420.7509765625 1148.2213134765625 302.28641948306 0.0 0.0 0.0 0.0
4607 1110.158314704895 964.8789596557617 5.670242351153078 1420.7509765625 1148.2213134765625 302.28641948306 0.0 0.0 0.0 0.0
4624 1133.873646736145 941.1635665893555 13.776769788414484 1420.7509765625 1148.2213134765625 302.28641948306 0.0 0.0 0.0 0.0
4640 1153.63658618927 929.3058395385742 20.615018085177866 1420.7509765625 1148.2213134765625 302.28641948306 0.0 0.0 0.0 0.0
4657 1177.35191822052 917.448112487793 27.908984452986196 1420.7509765625 1148.2213134765625 302.28641948306 0.0 0.0 0.0 0.0
4674 1205.01988697052 901.6378707885742 34.24879576307282 1420.7509765625 1148.2213134765625 302.28641948306 0.0 0.0 0.0 0.0
4690 1232.6879777908325 889.780143737793 40.348196440684774 1420.7509765625 1148.2213134765625 302.28641948306 0.0 0.0 0.0 0.0
4707 1260.3559465408325 881.8749923706055 46.45142201999029 1420.7509765625 1148.2213134765625 302.28641948306 0.0 0.0 0.0 0.0
4724 1284.0712785720825 873.969841003418 50.398453103321025 1420.7509765625 1148.2213134765625 302.28641948306 0.0 0.0 0.0 0.0
4740 1315.6918840408325 870.0173263549805 56.76568094750235 1420.7509765625 1148.2213134765625 302.28641948306 0.0 0.0 0.0 0.0
4757 1339.407338142395 866.0647506713867 60.35776343487312 1420.7509765625 1148.2213134765625 302.28641948306 0.0 0.0 0.0 0.0
4774 1374.9804582595825 858.1595993041992 63.747605416309 1420.7509765625 1148.2213134765625 302.28641948306 0.0 0.0 0.0 0.0
4790 1398.6957902908325 858.1595993041992 67.71781910480948 1420.7509765625 1148.2213134765625 302.28641948306 0.0 0.0 0.0 0.0
4807 1426.3637590408325 850.2544479370117 68.33775530890502 1420.7509765625 1148.2213134765625 302.28641948306 0.0 0.0 0.0 0.0
4824 1450.079213142395 850.2544479370117 71.53011713780185 1420.7509765625 1148.2213134765625 302.28641948306 0.0 0.0 0.0 0.0
4841 1473.7946672439575 850.2544479370117 74.17468571407737 1420.7509765625 1148.2213134765625 302.28641948306 0.0 0.0 0.0 0.0
4857 1493.55748462677 850.2544479370117 76.05159861539134 1420.7509765625 1148.2213134765625 302.28641948306 0.0 0.0 0.0 0.0
4874 1517.2729387283325 850.2544479370117 77.91292645367932 1420.7509765625 1148.2213134765625 302.28641948306 0.0 0.0 0.0 0.0
4890 1533.083119392395 850.2544479370117 79.00072691624553 1420.7509765625 1148.2213134765625 302.28641948306 0.0 0.0 0.0 0.0
4907 1560.7512102127075 850.2544479370117 80.52770065669326 1420.7509765625 1148.2213134765625 302.28641948306 0.0 0.0 0.0 0.0
4924 1580.51402759552 854.2070236206055 83.18063804667908 1420.7509765625 1148.2213134765625 302.28641948306 0.0 0.0 0.0 0.0
4941 1608.18199634552 866.0647506713867 88.7701399421889 1420.7509765625 1148.2213134765625 302.28641948306 0.0 0.0 0.0 0.0
4958 1623.992299079895 877.9224166870117 93.8214754745584 1420.7509765625 1148.2213134765625 302.28641948306 0.0 0.0 0.0 0.0
4974 1643.7551164627075 893.7327194213867 99.50770901678297 1420.7509765625 1148.2213134765625 302.28641948306 0.0 0.0 0.0 0.0
4990 1655.6127824783325 901.6378707885742 101.83990566865378 1420.7509765625 1148.2213134765625 302.28641948306 0.0 0.0 0.0 0.0
5007 1667.47057056427 917.448112487793 107.31373033284223 1420.7509765625 1148.2213134765625 302.28641948306 0.0 0.0 0.0 0.0
5024 1675.3757219314575 925.3532638549805 109.48798113343675 1420.7509765625 1148.2213134765625 302.28641948306 0.0 0.0 0.0 0.0
5040 1679.328236579895 937.2109909057617 113.98315354257537 1420.7509765625 1148.2213134765625 302.28641948306 0.0 0.0 0.0 0.0
5057 1687.2333879470825 956.9738082885742 120.22559697602213 1420.7509765625 1148.2213134765625 302.28641948306 0.0 0.0 0.0 0.0
5074 1687.2333879470825 972.7841110229492 126.48975001611697 1420.7509765625 1148.2213134765625 302.28641948306 0.0 0.0 0.0 0.0
5090 1687.2333879470825 988.594352722168 132.2013328754334 1420.7509765625 1148.2213134765625 302.28641948306 0.0 0.0 0.0 0.0
5107 1687.2333879470825 1000.4520797729492 136.1695241397852 1420.7509765625 1148.2213134765625 302.28641948306 0.0 0.0 0.0 0.0
5124 1687.2333879470825 1016.2623825073242 140.9299382253319 1420.7509765625 1148.2213134765625 302.28641948306 0.0 0.0 0.0 0.0
5140 1687.2333879470825 1028.1200485229492 144.20876113153298 1420.7509765625 1148.2213134765625 302.28641948306 0.0 0.0 0.0 0.0
5157 1683.2807512283325 1043.9303512573242 149.72046388304105 1420.7509765625 1148.2213134765625 302.28641948306 0.0 0.0 0.0 0.0
5174 1675.3757219314575 1051.8355026245117 155.01196965061678 1420.7509765625 1148.2213134765625 302.28641948306 0.0 0.0 0.0 0.0
5190 1671.4230852127075 1063.6931686401367 158.82310944265092 1420.7509765625 1148.2213134765625 302.28641948306 0.0 0.0 0.0 0.0
5207 1667.47057056427 1071.5983200073242 161.83377387122295 1420.7509765625 1148.2213134765625 302.28641948306 0.0 0.0 0.0 0.0
5224 1663.51793384552 1075.550895690918 164.25910675849335 1420.7509765625 1148.2213134765625 302.28641948306 0.0 0.0 0.0 0.0
5240 1655.6127824783325 1079.5034713745117 168.57842239667283 1420.7509765625 1148.2213134765625 302.28641948306 0.0 0.0 0.0 0.0
5257 1655.6127824783325 1083.4560470581055 168.85547963231195 1420.7509765625 1148.2213134765625 302.28641948306 0.0 0.0 0.0 0.0
5274 1651.660267829895 1083.4560470581055 170.880007073903 1420.7509765625 1148.2213134765625 302.28641948306 0.0 0.0 0.0 0.0
5307 1647.707631111145 1087.4086227416992 173.04023806320677 1420.7509765625 1148.2213134765625 302.28641948306 0.0 0.0 0.0 0.0
5407 1643.7551164627075 1087.4086227416992 175.07439230153264 1420.7509765625 1148.2213134765625 302.28641948306 0.0 0.0 0.0 0.0
5424 1643.7551164627075 1079.5034713745117 174.95149072273946 1420.7509765625 1148.2213134765625 302.28641948306 0.0 0.0 0.0 0.0
5440 1643.7551164627075 1075.550895690918 174.88777412664345 1420.7509765625 1148.2213134765625 302.28641948306 0.0 0.0 0.0 0.0
5457 1639.80260181427 1071.5983200073242 176.93158002265997 1420.7509765625 1148.2213134765625 302.28641948306 0.0 0.0 0.0 0.0
5474 1639.80260181427 1067.6457443237305 176.94077156193433 1420.7509765625 1148.2213134765625 302.28641948306 0.0 0.0 0.0 0.0
5490 1635.84996509552 1063.6931686401367 179.05842224651278 1420.7509765625 1148.2213134765625 302.28641948306 0.0 0.0 0.0 0.0
5507 1631.8974504470825 1063.6931686401367 181.08736558670677 1420.7509765625 1148.2213134765625 302.28641948306 0.0 0.0 0.0 0.0
5524 1627.9448137283325 1059.740592956543 183.34485197388508 1420.7509765625 1148.2213134765625 302.28641948306 0.0 0.0 0.0 0.0
5540 1627.9448137283325 1055.7880172729492 183.58955958464557 1420.7509765625 1148.2213134765625 302.28641948306 0.0 0.0 0.0 0.0
5557 1620.039662361145 1055.7880172729492 187.58839241628922 1420.7509765625 1148.2213134765625 302.28641948306 0.0 0.0 0.0 0.0
5574 1620.039662361145 1051.8355026245117 187.98725014422013 1420.7509765625 1148.2213134765625 302.28641948306 0.0 0.0 0.0 0.0
5590 1616.0871477127075 1051.8355026245117 189.96772025395543 1420.7509765625 1148.2213134765625 302.28641948306 0.0 0.0 0.0 0.0
5607 1612.1345109939575 1047.882926940918 192.48014122271175 1420.7509765625 1148.2213134765625 302.28641948306 0.0 0.0 0.0 0.0
5624 1608.18199634552 1047.882926940918 194.41831788796398 1420.7509765625 1148.2213134765625 302.28641948306 0.0 0.0 0.0 0.0
5640 1608.18199634552 1043.9303512573242 195.0597816380695 1420.7509765625 1148.2213134765625 302.28641948306 0.0 0.0 0.0 0.0
5657 1604.2294816970825 1043.9303512573242 196.96844468547448 1420.7509765625 1148.2213134765625 302.28641948306 0.0 0.0 0.0 0.0
5690 1600.2768449783325 1039.9777755737305 199.6363386492272 1420.7509765625 1148.2213134765625 302.28641948306 0.0 0.0 0.0 0.0
5707 1600.2768449783325 1036.0251998901367 200.45660090663574 1420.7509765625 1148.2213134765625 302.28641948306 0.0 0.0 0.0 0.0
5740 1596.324330329895 1032.072624206543 203.1862408198509 1420.7509765625 1148.2213134765625 302.28641948306 0.0 0.0 0.0 0.0
5757 1592.371693611145 1032.072624206543 204.97800354262492 1420.7509765625 1148.2213134765625 302.28641948306 0.0 0.0 0.0 0.0
5774 1588.4191789627075 1032.072624206543 206.73917630056698 1420.7509765625 1148.2213134765625 302.28641948306 0.0 0.0 0.0 0.0
5790 1584.4665422439575 1032.072624206543 208.46885803042852 1420.7509765625 1148.2213134765625 302.28641948306 0.0 0.0 0.0 0.0
5807 1584.4665422439575 1028.1200485229492 209.57378287697566 1420.7509765625 1148.2213134765625 302.28641948306 0.0 0.0 0.0 0.0
5824 1580.51402759552 1028.1200485229492 211.24934295473443 1420.7509765625 1148.2213134765625 302.28641948306 0.0 0.0 0.0 0.0
5857 1576.56139087677 1024.1674728393555 214.10269649943095 1420.7509765625 1148.2213134765625 302.28641948306 0.0 0.0 0.0 0.0
5874 1572.6088762283325 1024.1674728393555 215.6839600845434 1420.7509765625 1148.2213134765625 302.28641948306 0.0 0.0 0.0 0.0
5924 1568.6562395095825 1020.2148971557617 218.55818776310687 1420.7509765625 1148.2213134765625 302.28641948306 0.0 0.0 0.0 0.0
5940 1564.703724861145 1016.2623825073242 221.43658681966647 1420.7509765625 1148.2213134765625 302.28641948306 0.0 0.0 0.0 0.0
5957 1564.703724861145 1004.404655456543 226.07551904053838 1420.7509765625 1148.2213134765625 302.28641948306 0.0 0.0 0.0 0.0
6174 1564.703724861145 1004.404655456543 226.07551904053838 1490.0730667114258 1239.661735534668 294.4395825450172 0.0 0.0 0.0 0.0
6190 1564.703724861145 1004.404655456543 226.07551904053838 1497.9782180786133 1247.566764831543 289.57442540297905 0.0 0.0 0.0 0.0
6207 1564.703724861145 1004.404655456543 226.07551904053838 1509.8360061645508 1251.519401550293 286.1715100459138 0.0 0.0 0.0 0.0
6224 1564.703724861145 1004.404655456543 226.07551904053838 1517.7410354614258 1255.4719161987305 282.9992431398872 0.0 0.0 0.0 0.0
6240 1564.703724861145 1004.404655456543 226.07551904053838 1525.6461868286133 1267.329704284668 275.3967770583872 0.0 0.0 0.0 0.0
6257 1564.703724861145 1004.404655456543 226.07551904053838 1533.5513381958008 1275.2348556518555 269.5808537821272 0.0 0.0 0.0 0.0
6274 1564.703724861145 1004.404655456543 226.07551904053838 1541.4564895629883 1283.1398849487305 263.61423831601456 0.0 0.0 0.0 0.0
6290 1564.703724861145 1004.404655456543 226.07551904053838 1545.4091262817383 1291.045036315918 258.92720860716827 0.0 0.0 0.0 0.0
6307 1564.703724861145 1004.404655456543 226.07551904053838 1549.3616409301758 1294.997673034668 255.89884012490418 0.0 0.0 0.0 0.0
6324 1564.703724861145 1004.404655456543 226.07551904053838 1553.3141555786133 1302.9028244018555 251.3875073577454 0.0 0.0 0.0 0.0
6340 1564.703724861145 1004.404655456543 226.07551904053838 1553.3141555786133 1306.855339050293 249.95042343418686 0.0 0.0 0.0 0.0
6357 1564.703724861145 1004.404655456543 226.07551904053838 1557.2667922973633 1314.7604904174805 245.62613895613433 0.0 0.0 0.0 0.0
6374 1564.703724861145 1004.404655456543 226.07551904053838 1557.2667922973633 1322.665641784668 243.14841111180127 0.0 0.0 0.0 0.0
6390 1564.703724861145 1004.404655456543 226.07551904053838 1561.2193069458008 1330.5707931518555 239.08928009178962 0.0 0.0 0.0 0.0
6407 1564.703724861145 1004.404655456543 226.07551904053838 1561.2193069458008 1338.475944519043 237.00080255232479 0.0 0.0 0.0 0.0
6424 1564.703724861145 1004.404655456543 226.07551904053838 1561.2193069458008 1346.3810958862305 235.0416081841188 0.0 0.0 0.0 0.0
6440 1564.703724861145 1004.404655456543 226.07551904053838 1561.2193069458008 1354.2861251831055 233.20566636920094 0.0 0.0 0.0 0.0
6458 1564.703724861145 1004.404655456543 226.07551904053838 1565.1719436645508 1362.191276550293 229.6228082614955 0.0 0.0 0.0 0.0
6474 1564.703724861145 1004.404655456543 226.07551904053838 1565.1719436645508 1366.143913269043 228.8545534524876 0.0 0.0 0.0 0.0
6490 1564.703724861145 1004.404655456543 226.07551904053838 1565.1719436645508 1370.0964279174805 228.11233398157222 0.0 0.0 0.0 0.0
6507 1564.703724861145 1004.404655456543 226.07551904053838 1565.1719436645508 1374.0490646362305 227.3952569973444 0.0 0.0 0.0 0.0
6524 1564.703724861145 1004.404655456543 226.07551904053838 1569.1244583129883 1378.001579284668 224.72114874428746 0.0 0.0 0.0 0.0
6540 1564.703724861145 1004.404655456543 226.07551904053838 1569.1244583129883 1381.954216003418 224.12064443105672 0.0 0.0 0.0 0.0
6574 1564.703724861145 1004.404655456543 226.07551904053838 1569.1244583129883 1385.9067306518555 223.54105136226343 0.0 0.0 0.0 0.0
6607 1564.703724861145 1004.404655456543 226.07551904053838 1569.1244583129883 1389.859245300293 222.98159346965733 0.0 0.0 0.0 0.0
6657 1564.703724861145 1004.404655456543 226.07551904053838 1569.1244583129883 1393.811882019043 222.44167316087174 0.0 0.0 0.0 0.0
6674 1564.703724861145 1004.404655456543 226.07551904053838 1565.1719436645508 1393.811882019043 224.49567510602793 0.0 0.0 0.0 0.0
6691 1564.703724861145 1004.404655456543 226.07551904053838 1561.2193069458008 1397.7643966674805 225.87111873148535 0.0 0.0 0.0 0.0
6707 1564.703724861145 1004.404655456543 226.07551904053838 1561.2193069458008 1401.7170333862305 225.23086148714162 0.0 0.0 0.0 0.0
6724 1564.703724861145 1004.404655456543 226.07551904053838 1557.2667922973633 1405.669548034668 226.57303076165653 0.0 0.0 0.0 0.0
6741 1564.703724861145 1004.404655456543 226.07551904053838 1553.3141555786133 1405.669548034668 228.57816302024835 0.0 0.0 0.0 0.0
6757 1564.703724861145 1004.404655456543 226.07551904053838 1549.3616409301758 1409.622184753418 229.76676015088862 0.0 0.0 0.0 0.0
6774 1564.703724861145 1004.404655456543 226.07551904053838 1541.4564895629883 1409.622184753418 233.62990419911387 0.0 0.0 0.0 0.0
6791 1564.703724861145 1004.404655456543 226.07551904053838 1537.5039749145508 1413.5746994018555 234.5803137792148 0.0 0.0 0.0 0.0
6807 1564.703724861145 1004.404655456543 226.07551904053838 1529.5988235473633 1417.5273361206055 237.26306695373765 0.0 0.0 0.0 0.0
6824 1564.703724861145 1004.404655456543 226.07551904053838 1525.6461868286133 1417.5273361206055 239.09595492297242 0.0 0.0 0.0 0.0
6841 1564.703724861145 1004.404655456543 226.07551904053838 1521.6936721801758 1421.479850769043 239.78147617487974 0.0 0.0 0.0 0.0
6857 1564.703724861145 1004.404655456543 226.07551904053838 1513.7885208129883 1421.479850769043 243.27690474780928 0.0 0.0 0.0 0.0
6874 1564.703724861145 1004.404655456543 226.07551904053838 1505.8833694458008 1421.479850769043 246.6211780925704 0.0 0.0 0.0 0.0
6890 1564.703724861145 1004.404655456543 226.07551904053838 1501.9308547973633 1421.479850769043 248.25363537956775 0.0 0.0 0.0 0.0
6907 1564.703724861145 1004.404655456543 226.07551904053838 1494.0257034301758 1421.479850769043 251.36408305339194 0.0 0.0 0.0 0.0
6924 1564.703724861145 1004.404655456543 226.07551904053838 1490.0730667114258 1421.479850769043 252.87921313491398 0.0 0.0 0.0 0.0
6940 1564.703724861145 1004.404655456543 226.07551904053838 1486.1205520629883 1421.479850769043 254.35472196306293 0.0 0.0 0.0 0.0
6957 1564.703724861145 1004.404655456543 226.07551904053838 1482.1679153442383 1421.479850769043 255.79084428741785 0.0 0.0 0.0 0.0
6990 1564.703724861145 1004.404655456543 226.07551904053838 1478.2154006958008 1421.479850769043 257.18768706094636 0.0 0.0 0.0 0.0
7007 1564.703724861145 1004.404655456543 226.07551904053838 1474.2628860473633 1421.479850769043 258.5455992399203 0.0 0.0 0.0 0.0
7040 1564.703724861145 1004.404655456543 226.07551904053838 1470.3102493286133 1417.5273361206055 261.5434069410313 0.0 0.0 0.0 0.0
7057 1564.703724861145 1004.404655456543 226.07551904053838 1466.3577346801758 1417.5273361206055 262.77523877947715 0.0 0.0 0.0 0.0
7074 1564.703724861145 1004.404655456543 226.07551904053838 1462.4050979614258 1413.5746994018555 265.7315915571629 0.0 0.0 0.0 0.0
7090 1564.703724861145 1004.404655456543 226.07551904053838 1462.4050979614258 1409.622184753418 267.5831138376792 0.0 0.0 0.0 0.0
7140 1564.703724861145 1004.404655456543 226.07551904053838 1462.4050979614258 1405.669548034668 269.46921226904556 0.0 0.0 0.0 0.0
7157 1564.703724861145 1004.404655456543 226.07551904053838 1462.4050979614258 1401.7170333862305 271.38833982060714 0.0 0.0 0.0 0.0
7174 1564.703724861145 1004.404655456543 226.07551904053838 1462.4050979614258 1397.7643966674805 273.33900550196347 0.0 0.0 0.0 0.0
7190 1564.703724861145 1004.404655456543 226.07551904053838 1462.4050979614258 1393.811882019043 275.3191677061814 0.0 0.0 0.0 0.0
7207 1564.703724861145 1004.404655456543 226.07551904053838 1462.4050979614258 1385.9067306518555 279.3887704825655 0.0 0.0 0.0 0.0
7224 1564.703724861145 1004.404655456543 226.07551904053838 1462.4050979614258 1381.954216003418 281.4453370396513 0.0 0.0 0.0 0.0
7240 1564.703724861145 1004.404655456543 226.07551904053838 1462.4050979614258 1374.0490646362305 285.63889834632624 0.0 0.0 0.0 0.0
7257 1564.703724861145 1004.404655456543 226.07551904053838 1462.4050979614258 1366.143913269043 289.88824838820585 0.0 0.0 0.0 0.0
7274 1564.703724861145 1004.404655456543 226.07551904053838 1462.4050979614258 1358.2387619018555 294.1702130130519 0.0 0.0 0.0 0.0
7291 1564.703724861145 1004.404655456543 226.07551904053838 1466.3577346801758 1350.333610534668 298.4845458583309 0.0 0.0 0.0 0.0
7307 1564.703724861145 1004.404655456543 226.07551904053838 1470.3102493286133 1338.475944519043 305.1500134333544 0.0 0.0 0.0 0.0
7325 1564.703724861145 1004.404655456543 226.07551904053838 1474.2628860473633 1330.5707931518555 309.79269383309475 0.0 0.0 0.0 0.0
7340 1564.703724861145 1004.404655456543 226.07551904053838 1478.2154006958008 1326.6181564331055 312.4069220806093 0.0 0.0 0.0 0.0
7357 1564.703724861145 1004.404655456543 226.07551904053838 1482.1679153442383 1322.665641784668 315.0901680999456 0.0 0.0 0.0 0.0
7374 1564.703724861145 1004.404655456543 226.07551904053838 1482.1679153442383 1318.713005065918 317.1140666001804 0.0 0.0 0.0 0.0
7390 1564.703724861145 1004.404655456543 226.07551904053838 1486.1205520629883 1314.7604904174805 319.90660533276366 0.0 0.0 0.0 0.0
7407 1564.703724861145 1004.404655456543 226.07551904053838 1494.0257034301758 1314.7604904174805 321.6357162571835 0.0 0.0 0.0 0.0
7424 1564.703724861145 1004.404655456543 226.07551904053838 1494.0257034301758 1310.807975769043 323.56719247248975 0.0 0.0 0.0 0.0
7441 1564.703724861145 1004.404655456543 226.07551904053838 1497.9782180786133 1310.807975769043 324.52955820625044 0.0 0.0 0.0 0.0
7457 1564.703724861145 1004.404655456543 226.07551904053838 1501.9308547973633 1310.807975769043 325.52506757863273 0.0 0.0 0.0 0.0
7490 1564.703724861145 1004.404655456543 226.07551904053838 1505.8833694458008 1310.807975769043 326.55446248363205 0.0 0.0 0.0 0.0
7507 1564.703724861145 1004.404655456543 226.07551904053838 1509.8360061645508 1306.855339050293 329.50522535994014 0.0 0.0 0.0 0.0
7524 1564.703724861145 1004.404655456543 226.07551904053838 1513.7885208129883 1306.855339050293 330.6668944267035 0.0 0.0 0.0 0.0
7557 1564.703724861145 1004.404655456543 226.07551904053838 1517.7410354614258 1306.855339050293 331.86602963077786 0.0 0.0 0.0 0.0
7624 1564.703724861145 1004.404655456543 226.07551904053838 1521.6936721801758 1306.855339050293 333.103267465254 0.0 0.0 0.0 0.0
7757 1564.703724861145 1004.404655456543 226.07551904053838 1521.6936721801758 1306.855339050293 333.103267465254 0.0 0.0 0.0 0.0
7774 1564.703724861145 1004.404655456543 226.07551904053838 1521.6936721801758 1306.855339050293 333.103267465254 0.0 0.0 0.0 0.0
7791 1564.703724861145 1004.404655456543 226.07551904053838 1521.6936721801758 1306.855339050293 333.103267465254 0.0 0.0 0.0 0.0
7807 1564.703724861145 1004.404655456543 226.07551904053838 1521.6936721801758 1306.855339050293 333.103267465254 0.0 0.0 0.0 0.0
7824 1564.703724861145 1004.404655456543 226.07551904053838 1521.6936721801758 1306.855339050293 333.103267465254 0.0 0.0 0.0 0.0
7841 1564.703724861145 1004.404655456543 226.07551904053838 1521.6936721801758 1306.855339050293 333.103267465254 0.0 0.0 0.0 0.0
7857 1564.703724861145 1004.404655456543 226.07551904053838 1521.6936721801758 1306.855339050293 333.103267465254 0.0 0.0 0.0 0.0
7874 1748.2516174316406 1007.0826644897461 224.36309076100434 1521.6936721801758 1306.855339050293 333.103267465254 0.0 0.0 0.0 0.0
7892 1764.0619201660156 1014.9877548217773 217.06626878977443 1521.6936721801758 1306.855339050293 333.103267465254 0.0 0.0 0.0 0.0
7907 1775.9195861816406 1022.8929061889648 212.29770386104556 1521.6936721801758 1306.855339050293 333.103267465254 0.0 0.0 0.0 0.0
7924 1787.7772521972656 1026.8454818725586 207.26883174610725 1521.6936721801758 1306.855339050293 333.103267465254 0.0 0.0 0.0 0.0
7940 1799.6350402832031 1030.7980575561523 202.60806108358025 1521.6936721801758 1306.855339050293 333.103267465254 0.0 0.0 0.0 0.0
7957 1811.4927062988281 1038.7032089233398 199.2834603089076 1521.6936721801758 1306.855339050293 333.103267465254 0.0 0.0 0.0 0.0
7975 1823.3503723144531 1038.7032089233398 194.15340678887074 1521.6936721801758 1306.855339050293 333.103267465254 0.0 0.0 0.0 0.0
7990 1839.1606750488281 1038.7032089233398 187.87963291509357 1521.6936721801758 1306.855339050293 333.103267465254 0.0 0.0 0.0 0.0
8007 1854.9709777832031 1042.6557846069336 183.5544186890653 1521.6936721801758 1306.855339050293 333.103267465254 0.0 0.0 0.0 0.0
8024 1870.7812805175781 1046.6083602905273 179.73728401257426 1521.6936721801758 1306.855339050293 333.103267465254 0.0 0.0 0.0 0.0
8040 1890.5440979003906 1050.560935974121 175.30314127923015 1521.6936721801758 1306.855339050293 333.103267465254 0.0 0.0 0.0 0.0
8057 1906.3544006347656 1050.560935974121 170.9296004990245 1521.6936721801758 1306.855339050293 333.103267465254 0.0 0.0 0.0 0.0
8078 1918.2120666503906 1050.560935974121 167.93548218552957 1525.6461868286133 1306.855339050293 334.3791394614477 0.0 0.0 0.0 0.0
8108 1945.8800354003906 1050.560935974121 162.2526244430441 1525.6461868286133 1306.855339050293 334.3791394614477 0.0 0.0 0.0 0.0
8109 1945.8800354003906 1050.560935974121 162.25262239697003 1525.6461868286133 1306.855339050293 334.3791394614477 0.0 0.0 0.0 0.0
8124 1957.7377014160156 1050.560935974121 160.04531539843964 1525.6461868286133 1306.855339050293 334.3791394614477 0.0 0.0 0.0 0.0
8141 1969.5954895019531 1050.560935974121 158.0446772856721 1525.6461868286133 1306.855339050293 334.3791394614477 0.0 0.0 0.0 0.0
8157 1985.4057922363281 1050.560935974121 155.7034338845605 1525.6461868286133 1306.855339050293 334.3791394614477 0.0 0.0 0.0 0.0
8174 2001.2159729003906 1054.5134506225586 155.41553713888945 1525.6461868286133 1306.855339050293 334.3791394614477 0.0 0.0 0.0 0.0
8191 2017.0262756347656 1058.4660263061523 155.1653243432103 1525.6461868286133 1306.855339050293 334.3791394614477 0.0 0.0 0.0 0.0
8207 2032.8365783691406 1058.4660263061523 153.18042961611863 1525.6461868286133 1306.855339050293 334.3791394614477 0.0 0.0 0.0 0.0
8224 2052.599395751953 1066.3711776733398 154.50746035374948 1525.6461868286133 1306.855339050293 334.3791394614477 0.0 0.0 0.0 0.0
8240 2064.457061767578 1074.2763290405273 156.6518047893381 1525.6461868286133 1306.855339050293 334.3791394614477 0.0 0.0 0.0 0.0
8257 2084.220001220703 1086.1340560913086 159.0587715018783 1525.6461868286133 1306.855339050293 334.3791394614477 0.0 0.0 0.0 0.0
8274 2096.077667236328 1094.0391464233398 160.68824482267874 1525.6461868286133 1306.855339050293 334.3791394614477 0.0 0.0 0.0 0.0
8290 2115.8404846191406 1109.8493881225586 163.96804741309018 1525.6461868286133 1306.855339050293 334.3791394614477 0.0 0.0 0.0 0.0
8307 2135.603302001953 1125.6596908569336 166.63817924479628 1525.6461868286133 1306.855339050293 334.3791394614477 0.0 0.0 0.0 0.0
8324 2151.413604736328 1145.422508239746 171.15063922628994 1525.6461868286133 1306.855339050293 334.3791394614477 0.0 0.0 0.0 0.0
8340 2175.128936767578 1173.0905990600586 175.5870407535922 1525.6461868286133 1306.855339050293 334.3791394614477 0.0 0.0 0.0 0.0
8357 2186.986846923828 1188.900779724121 178.19127433785994 1525.6461868286133 1306.855339050293 334.3791394614477 0.0 0.0 0.0 0.0
8374 2198.844512939453 1208.663719177246 181.71777029471 1525.6461868286133 1306.855339050293 334.3791394614477 0.0 0.0 0.0 0.0
8390 2214.654815673828 1224.4738998413086 182.18851898353768 1525.6461868286133 1306.855339050293 334.3791394614477 0.0 0.0 0.0 0.0
8407 2226.512481689453 1256.0945053100586 188.45139855148722 1525.6461868286133 1306.855339050293 334.3791394614477 0.0 0.0 0.0 0.0
8424 2238.370147705078 1279.809959411621 191.2806958175995 1525.6461868286133 1306.855339050293 334.3791394614477 0.0 0.0 0.0 0.0
8440 2254.180450439453 1307.477928161621 193.19819629827737 1525.6461868286133 1306.855339050293 334.3791394614477 0.0 0.0 0.0 0.0
8457 2262.085479736328 1331.193260192871 196.5175328053226 1525.6461868286133 1306.855339050293 334.3791394614477 0.0 0.0 0.0 0.0
8474 2273.943389892578 1354.9087142944336 197.77281082496992 1525.6461868286133 1306.855339050293 334.3791394614477 0.0 0.0 0.0 0.0
8490 2277.895782470703 1370.7190170288086 200.06065948534658 1525.6461868286133 1306.855339050293 334.3791394614477 0.0 0.0 0.0 0.0
8508 2281.848419189453 1386.5293197631836 202.05701777774223 1525.6461868286133 1306.855339050293 334.3791394614477 0.0 0.0 0.0 0.0
8524 2285.801055908203 1406.292137145996 204.56559791322792 1525.6461868286133 1306.855339050293 334.3791394614477 0.0 0.0 0.0 0.0
8540 2285.801055908203 1426.0549545288086 208.3400241532655 1525.6461868286133 1306.855339050293 334.3791394614477 0.0 0.0 0.0 0.0
8557 2285.801055908203 1441.8652572631836 210.993657723976 1525.6461868286133 1306.855339050293 334.3791394614477 0.0 0.0 0.0 0.0
8574 2277.895782470703 1453.7229232788086 216.49075580563937 1525.6461868286133 1306.855339050293 334.3791394614477 0.0 0.0 0.0 0.0
8590 2269.990753173828 1461.628074645996 221.2377822523104 1525.6461868286133 1306.855339050293 334.3791394614477 0.0 0.0 0.0 0.0
8608 2254.180450439453 1477.438377380371 229.6170451469177 1525.6461868286133 1306.855339050293 334.3791394614477 0.0 0.0 0.0 0.0
8624 2238.370147705078 1493.248680114746 236.8608462489059 1525.6461868286133 1306.855339050293 334.3791394614477 0.0 0.0 0.0 0.0
8640 2230.465118408203 1501.1538314819336 240.19599750472855 1525.6461868286133 1306.855339050293 334.3791394614477 0.0 0.0 0.0 0.0
8657 2218.607208251953 1509.058982849121 245.11859071012407 1525.6461868286133 1306.855339050293 334.3791394614477 0.0 0.0 0.0 0.0
8674 2206.749542236328 1516.964012145996 249.57950587014693 1525.6461868286133 1306.855339050293 334.3791394614477 0.0 0.0 0.0 0.0
8690 2190.939239501953 1528.8218002319336 254.51199362322387 1525.6461868286133 1306.855339050293 334.3791394614477 0.0 0.0 0.0 0.0
8707 2179.081573486328 1536.726951599121 258.0275386863932 1525.6461868286133 1306.855339050293 334.3791394614477 0.0 0.0 0.0 0.0
8724 2167.223907470703 1540.6794662475586 262.18254700235207 1525.6461868286133 1306.855339050293 334.3791394614477 0.0 0.0 0.0 0.0
8740 2155.366241455078 1540.6794662475586 267.15716906104933 1525.6461868286133 1306.855339050293 334.3791394614477 0.0 0.0 0.0 0.0
8757 2143.508575439453 1540.6794662475586 271.8033571944908 1525.6461868286133 1306.855339050293 334.3791394614477 0.0 0.0 0.0 0.0
8774 2127.698272705078 1540.6794662475586 277.41907309484145 1525.6461868286133 1306.855339050293 334.3791394614477 0.0 0.0 0.0 0.0
8790 2115.8404846191406 1540.6794662475586 281.30173895841267 1525.6461868286133 1306.855339050293 334.3791394614477 0.0 0.0 0.0 0.0
8807 2096.077667236328 1540.6794662475586 286.9377030567399 1525.6461868286133 1306.855339050293 334.3791394614477 0.0 0.0 0.0 0.0
8824 2080.267364501953 1540.6794662475586 290.9390271078374 1525.6461868286133 1306.855339050293 334.3791394614477 0.0 0.0 0.0 0.0
8840 2064.457061767578 1540.6794662475586 294.4777851559546 1525.6461868286133 1306.855339050293 334.3791394614477 0.0 0.0 0.0 0.0
8857 2052.599395751953 1540.6794662475586 296.88906226922086 1525.6461868286133 1306.855339050293 334.3791394614477 0.0 0.0 0.0 0.0
8874 2036.7890930175781 1540.6794662475586 299.71882720329756 1525.6461868286133 1306.855339050293 334.3791394614477 0.0 0.0 0.0 0.0
8890 2024.9314270019531 1540.6794662475586 301.6412023172464 1525.6461868286133 1306.855339050293 334.3791394614477 0.0 0.0 0.0 0.0
8907 2017.0262756347656 1540.6794662475586 302.83905266640085 1525.6461868286133 1306.855339050293 334.3791394614477 0.0 0.0 0.0 0.0
8924 2013.0737609863281 1536.726951599121 305.37915283821155 1525.6461868286133 1306.855339050293 334.3791394614477 0.0 0.0 0.0 0.0
8941 2005.1686096191406 1532.774314880371 308.24762265825706 1525.6461868286133 1306.855339050293 334.3791394614477 0.0 0.0 0.0 0.0
8957 2001.2159729003906 1528.8218002319336 310.63753542982494 1525.6461868286133 1306.855339050293 334.3791394614477 0.0 0.0 0.0 0.0
8974 1997.2634582519531 1528.8218002319336 310.94757642265216 1525.6461868286133 1306.855339050293 334.3791394614477 0.0 0.0 0.0 0.0
8991 1993.3108215332031 1528.8218002319336 311.2468204512888 1525.6461868286133 1306.855339050293 334.3791394614477 0.0 0.0 0.0 0.0
9007 1985.4057922363281 1524.8691635131836 313.7472635778782 1525.6461868286133 1306.855339050293 334.3791394614477 0.0 0.0 0.0 0.0
9024 1981.4531555175781 1524.8691635131836 313.9485111264892 1525.6461868286133 1306.855339050293 334.3791394614477 0.0 0.0 0.0 0.0
9041 1977.5006408691406 1520.916648864746 316.159134664119 1525.6461868286133 1306.855339050293 334.3791394614477 0.0 0.0 0.0 0.0
9057 1973.5480041503906 1520.916648864746 316.275691013245 1525.6461868286133 1306.855339050293 334.3791394614477 0.0 0.0 0.0 0.0
9074 1965.6428527832031 1520.916648864746 316.49289589378844 1525.6461868286133 1306.855339050293 334.3791394614477 0.0 0.0 0.0 0.0
9091 1961.6903381347656 1516.964012145996 318.6170395677787 1525.6461868286133 1306.855339050293 334.3791394614477 0.0 0.0 0.0 0.0
9107 1953.7851867675781 1516.964012145996 318.67491127954446 1525.6461868286133 1306.855339050293 334.3791394614477 0.0 0.0 0.0 0.0
9124 1945.8800354003906 1516.964012145996 318.72882606117304 1525.6461868286133 1306.855339050293 334.3791394614477 0.0 0.0 0.0 0.0
9141 1941.9275207519531 1516.964012145996 318.75487325003496 1525.6461868286133 1306.855339050293 334.3791394614477 0.0 0.0 0.0 0.0
9157 1934.0223693847656 1516.964012145996 318.80340332921475 1525.6461868286133 1306.855339050293 334.3791394614477 0.0 0.0 0.0 0.0
9174 1930.0697326660156 1516.964012145996 318.826776831893 1525.6461868286133 1306.855339050293 334.3791394614477 0.0 0.0 0.0 0.0
9191 1922.1645812988281 1516.964012145996 318.87038857040244 1525.6461868286133 1306.855339050293 334.3791394614477 0.0 0.0 0.0 0.0
9207 1918.2120666503906 1516.964012145996 318.89144393863506 1525.6461868286133 1306.855339050293 334.3791394614477 0.0 0.0 0.0 0.0
9224 1910.3069152832031 1520.916648864746 316.9817558871861 1525.6461868286133 1306.855339050293 334.3791394614477 0.0 0.0 0.0 0.0
9240 1910.3069152832031 1524.8691635131836 314.89512746370195 1525.6461868286133 1306.855339050293 334.3791394614477 0.0 0.0 0.0 0.0
9257 1902.4017639160156 1532.774314880371 311.3409001259109 1525.6461868286133 1306.855339050293 334.3791394614477 0.0 0.0 0.0 0.0
9274 1898.4492492675781 1544.6321029663086 305.7300327984583 1525.6461868286133 1306.855339050293 334.3791394614477 0.0 0.0 0.0 0.0
9290 1894.4966125488281 1556.4897689819336 300.4676221310398 1525.6461868286133 1306.855339050293 334.3791394614477 0.0 0.0 0.0 0.0
9308 1886.5914611816406 1560.442283630371 299.8977093797962 1525.6461868286133 1306.855339050293 334.3791394614477 0.0 0.0 0.0 0.0
9324 1882.6389465332031 1568.3474349975586 296.8380604280084 1525.6461868286133 1306.855339050293 334.3791394614477 0.0 0.0 0.0 0.0
9341 1878.6863098144531 1576.252586364746 293.9604164181841 1525.6461868286133 1306.855339050293 334.3791394614477 0.0 0.0 0.0 0.0
9357 1878.6863098144531 1584.1577377319336 290.3029362432344 1525.6461868286133 1306.855339050293 334.3791394614477 0.0 0.0 0.0 0.0
9374 1870.7812805175781 1588.1103744506836 290.4990991154665 1525.6461868286133 1306.855339050293 334.3791394614477 0.0 0.0 0.0 0.0
9391 1866.8286437988281 1592.062889099121 289.72046209685186 1525.6461868286133 1306.855339050293 334.3791394614477 0.0 0.0 0.0 0.0
9407 1862.8761291503906 1596.0154037475586 288.9788306740127 1525.6461868286133 1306.855339050293 334.3791394614477 0.0 0.0 0.0 0.0
9424 1862.8761291503906 1596.0154037475586 288.9788306740127 1525.6461868286133 1302.9028244018555 336.0635403158167 0.0 0.0 0.0 0.0
9425 1862.8761291503906 1599.9680404663086 287.20871559904 1525.6461868286133 1302.9028244018555 336.0635403158167 0.0 0.0 0.0 0.0
9441 1854.9709777832031 1603.920555114746 287.63813034063753 1525.6461868286133 1302.9028244018555 336.0635403158167 0.0 0.0 0.0 0.0
9457 1851.0183410644531 1607.873191833496 286.9960627610311 1525.6461868286133 1302.9028244018555 336.0635403158167 0.0 0.0 0.0 0.0
9474 1847.0658264160156 1607.873191833496 288.0859516784013 1525.6461868286133 1302.9028244018555 336.0635403158167 0.0 0.0 0.0 0.0
9491 1843.1131896972656 1607.873191833496 289.1427069799829 1525.6461868286133 1302.9028244018555 336.0635403158167 0.0 0.0 0.0 0.0
9507 1835.2081604003906 1607.873191833496 291.1298633065976 1525.6461868286133 1302.9028244018555 336.0635403158167 0.0 0.0 0.0 0.0
9524 1831.2555236816406 1607.873191833496 292.0922045177857 1525.6461868286133 1302.9028244018555 336.0635403158167 0.0 0.0 0.0 0.0
9541 1823.3503723144531 1607.873191833496 293.89898419946064 1525.6461868286133 1302.9028244018555 336.0635403158167 0.0 0.0 0.0 0.0
9557 1815.4452209472656 1607.873191833496 295.59328645473425 1525.6461868286133 1302.9028244018555 336.0635403158167 0.0 0.0 0.0 0.0
9575 1811.4927062988281 1607.873191833496 296.412843094069 1525.6461868286133 1302.9028244018555 336.0635403158167 0.0 0.0 0.0 0.0
9591 1803.5875549316406 1607.873191833496 297.94839242610857 1525.6461868286133 1302.9028244018555 336.0635403158167 0.0 0.0 0.0 0.0
9607 1795.6824035644531 1607.873191833496 299.38575876995003 1525.6461868286133 1302.9028244018555 336.0635403158167 0.0 0.0 0.0 0.0
9624 1791.7298889160156 1607.873191833496 300.08047957224596 1525.6461868286133 1302.9028244018555 336.0635403158167 0.0 0.0 0.0 0.0
9641 1783.8247375488281 1607.873191833496 301.3800903915895 1521.6936721801758 1302.9028244018555 334.77576112710466 0.0 0.0 0.0 0.0
9657 1775.9195861816406 1603.920555114746 304.4853864151403 1521.6936721801758 1302.9028244018555 334.77576112710466 0.0 0.0 0.0 0.0
9674 1775.9195861816406 1603.920555114746 304.4853864151403 1517.7410354614258 1302.9028244018555 333.52568873506306 0.0 0.0 0.0 0.0
9675 1764.0619201660156 1596.0154037475586 309.6841685058591 1517.7410354614258 1302.9028244018555 333.52568873506306 0.0 0.0 0.0 0.0
9691 1756.1567687988281 1592.062889099121 312.28476120790623 1517.7410354614258 1302.9028244018555 333.52568873506306 0.0 0.0 0.0 0.0
9707 1756.1567687988281 1592.062889099121 312.28476120790623 1513.7885208129883 1302.9028244018555 332.3128156107665 0.0 0.0 0.0 0.0
9708 1748.2516174316406 1588.1103744506836 314.71768610934265 1513.7885208129883 1302.9028244018555 332.3128156107665 0.0 0.0 0.0 0.0
9724 1748.2516174316406 1588.1103744506836 314.71768610934265 1509.8360061645508 1302.9028244018555 331.136421534041 0.0 0.0 0.0 0.0
9725 1740.3464660644531 1584.1577377319336 316.99012839044593 1509.8360061645508 1302.9028244018555 331.136421534041 0.0 0.0 0.0 0.0
9741 1740.3464660644531 1584.1577377319336 316.99012839044593 1505.8833694458008 1302.9028244018555 329.99595583702455 0.0 0.0 0.0 0.0
9742 1732.4413146972656 1584.1577377319336 317.1587492638553 1505.8833694458008 1302.9028244018555 329.99595583702455 0.0 0.0 0.0 0.0
9757 1732.4413146972656 1584.1577377319336 317.1587492638553 1501.9308547973633 1302.9028244018555 328.89070935258803 0.0 0.0 0.0 0.0
9758 1728.4888000488281 1576.252586364746 321.2796629064496 1501.9308547973633 1302.9028244018555 328.89070935258803 0.0 0.0 0.0 0.0
9774 1720.5836486816406 1572.3000717163086 323.1031179613955 1501.9308547973633 1302.9028244018555 328.89070935258803 0.0 0.0 0.0 0.0
9791 1716.6310119628906 1560.442283630371 328.96068426918424 1501.9308547973633 1302.9028244018555 328.89070935258803 0.0 0.0 0.0 0.0
9807 1708.7258605957031 1548.584617614746 333.9949536356265 1501.9308547973633 1302.9028244018555 328.89070935258803 0.0 0.0 0.0 0.0