0 2350.0 1500.0 0 1650.0 1500.0 0 0.0 0.0 0.0 0.0
89 2350.0 1500.0 0 1650.0 1500.0 0 0.0 0.0 0.0 0.0
90 2350.0 1500.0 0 1650.0 1500.0 0 0.0 0.0 0.0 0.0
108 2350.0 1500.0 0 1650.0 1500.0 0 0.0 0.0 0.0 0.0
123 2350.0 1500.0 0 1650.0 1500.0 0 0.0 0.0 0.0 0.0
139 2350.0 1500.0 0 1650.0 1500.0 0 0.0 0.0 0.0 0.0
157 2350.0 1500.0 0 1650.0 1500.0 0 0.0 0.0 0.0 0.0
173 2350.0 1500.0 0 1650.0 1500.0 0 0.0 0.0 0.0 0.0
189 2350.0 1500.0 0 1650.0 1500.0 0 0.0 0.0 0.0 0.0
207 2350.0 1500.0 0 1650.0 1500.0 0 0.0 0.0 0.0 0.0
222 2350.0 1500.0 0 1650.0 1500.0 0 0.0 0.0 0.0 0.0
239 2350.0 1500.0 0 1650.0 1500.0 0 0.0 0.0 0.0 0.0
257 2350.0 1500.0 0 1650.0 1500.0 0 0.0 0.0 0.0 0.0
272 2350.0 1500.0 0 1650.0 1500.0 0 0.0 0.0 0.0 0.0
289 2350.0 1500.0 0 1650.0 1500.0 0 0.0 0.0 0.0 0.0
307 2350.0 1500.0 0 1650.0 1500.0 0 0.0 0.0 0.0 0.0
323 2350.0 1500.0 0 1650.0 1500.0 0 0.0 0.0 0.0 0.0
340 2350.0 1500.0 0 1650.0 1500.0 0 0.0 0.0 0.0 0.0
372 2342.094970703125 1500.0 1.4174368308435419 1650.0 1500.0 0 0.0 0.0 0.0 0.0
406 2338.142333984375 1503.9525146484375 0.16797589110032618 1650.0 1500.0 0 0.0 0.0 0.0 0.0
423 2334.18994140625 1503.9525146484375 0.8949653451852555 1650.0 1500.0 0 0.0 0.0 0.0 0.0
439 2326.28466796875 1503.9525146484375 2.253430345214724 1650.0 1500.0 0 0.0 0.0 0.0 0.0
457 2322.33203125 1507.9051513671875 0.9656810518823136 1650.0 1500.0 0 0.0 0.0 0.0 0.0
472 2318.379638671875 1507.9051513671875 1.6656174646228692 1650.0 1500.0 0 0.0 0.0 0.0 0.0
489 2314.427001953125 1507.9051513671875 2.3416610813849275 1650.0 1500.0 0 0.0 0.0 0.0 0.0
507 2306.521728515625 1511.857666015625 1.716422972240224 1650.0 1500.0 0 0.0 0.0 0.0 0.0
522 2302.5693359375 1511.857666015625 2.390702375188255 1650.0 1500.0 0 0.0 0.0 0.0 0.0
539 2302.5693359375 1515.810302734375 0.3855719991867659 1650.0 1500.0 0 0.0 0.0 0.0 0.0
556 2298.61669921875 1515.810302734375 1.1052349839761462 1650.0 1500.0 0 0.0 0.0 0.0 0.0
572 2294.6640625 1519.7628173828125 359.87009303179514 1650.0 1500.0 0 0.0 0.0 0.0 0.0
589 2290.711669921875 1519.7628173828125 0.6072022169469165 1650.0 1500.0 0 0.0 0.0 0.0 0.0
606 2282.806396484375 1523.71533203125 0.11476577611301764 1650.0 1500.0 0 0.0 0.0 0.0 0.0
622 2278.853759765625 1527.66796875 358.9252745276371 1650.0 1500.0 0 0.0 0.0 0.0 0.0
640 2274.9013671875 1527.66796875 359.69429909433904 1650.0 1500.0 0 0.0 0.0 0.0 0.0
657 2266.99609375 1531.6204833984375 359.2719263022728 1650.0 1500.0 0 0.0 0.0 0.0 0.0
673 2263.043701171875 1531.6204833984375 0.02924113479517132 1650.0 1500.0 0 0.0 0.0 0.0 0.0
689 2259.091064453125 1535.5731201171875 358.84371975766743 1650.0 1500.0 0 0.0 0.0 0.0 0.0
707 2255.138427734375 1539.525634765625 357.7134293803937 1650.0 1500.0 0 0.0 0.0 0.0 0.0
722 2251.185791015625 1539.525634765625 358.5231368051326 1650.0 1500.0 0 0.0 0.0 0.0 0.0
740 2247.2333984375 1539.525634765625 359.3056223220713 1650.0 1500.0 0 0.0 0.0 0.0 0.0
772 2243.28076171875 1539.525634765625 0.06184309195899118 1650.0 1500.0 0 0.0 0.0 0.0 0.0
790 2235.37548828125 1543.478271484375 359.6112065486116 1650.0 1500.0 0 0.0 0.0 0.0 0.0
822 2227.470458984375 1543.478271484375 1.0541954087343868 1650.0 1500.0 0 0.0 0.0 0.0 0.0
839 2223.517822265625 1543.478271484375 1.7511210961886832 1650.0 1500.0 0 0.0 0.0 0.0 0.0
856 2219.5654296875 1543.478271484375 2.4241894177665984 1650.0 1500.0 0 0.0 0.0 0.0 0.0
873 2215.61279296875 1543.478271484375 3.0742523753851287 1650.0 1500.0 0 0.0 0.0 0.0 0.0
906 2211.66015625 1547.4307861328125 1.749245803603003 1650.0 1500.0 0 0.0 0.0 0.0 0.0
922 2207.70751953125 1547.4307861328125 2.42245446507539 1650.0 1500.0 0 0.0 0.0 0.0 0.0
939 2203.755126953125 1547.4307861328125 3.072500549288776 1650.0 1500.0 0 0.0 0.0 0.0 0.0
957 2199.802490234375 1547.4307861328125 3.700247033650726 1650.0 1500.0 0 0.0 0.0 0.0 0.0
988 2191.897216796875 1551.3834228515625 2.9712630544985927 1650.0 1500.0 0 0.0 0.0 0.0 0.0
1006 2187.94482421875 1551.3834228515625 3.6024336500717027 1650.0 1500.0 0 0.0 0.0 0.0 0.0
1022 2183.9921875 1551.3834228515625 4.211914764892754 1650.0 1500.0 0 0.0 0.0 0.0 0.0
1039 2180.03955078125 1551.3834228515625 4.800301534532167 1650.0 1500.0 0 0.0 0.0 0.0 0.0
1056 2172.134521484375 1551.3834228515625 5.898070823773423 1650.0 1500.0 0 0.0 0.0 0.0 0.0
1072 2168.181884765625 1551.3834228515625 6.427826658726104 1650.0 1500.0 0 0.0 0.0 0.0 0.0
1089 2160.27685546875 1551.3834228515625 7.41568312776019 1650.0 1500.0 0 0.0 0.0 0.0 0.0
1106 2156.32421875 1551.3834228515625 7.892304764317544 1650.0 1500.0 0 0.0 0.0 0.0 0.0
1122 2148.419189453125 1551.3834228515625 8.7807447262619 1650.0 1500.0 0 0.0 0.0 0.0 0.0
1138 2140.513916015625 1551.3834228515625 9.608676923129451 1650.0 1500.0 0 0.0 0.0 0.0 0.0
1157 2132.6087646484375 1551.3834228515625 10.380026656951316 1650.0 1500.0 0 0.0 0.0 0.0 0.0
1172 2124.70361328125 1551.3834228515625 11.098519858892246 1650.0 1500.0 0 0.0 0.0 0.0 0.0
1188 2112.845947265625 1547.4307861328125 13.981644688318 1650.0 1500.0 0 0.0 0.0 0.0 0.0
1206 2104.9407958984375 1539.525634765625 18.434106003947022 1650.0 1500.0 0 0.0 0.0 0.0 0.0
1222 2100.98828125 1539.525634765625 18.518107407383013 1650.0 1500.0 0 0.0 0.0 0.0 0.0
1239 2093.0831298828125 1535.5731201171875 20.66498266236414 1650.0 1500.0 0 0.0 0.0 0.0 0.0
1256 2089.1304931640625 1531.6204833984375 22.72965109872706 1650.0 1500.0 0 0.0 0.0 0.0 0.0
1273 2081.225341796875 1523.71533203125 26.556612463832835 1650.0 1500.0 0 0.0 0.0 0.0 0.0
1289 2077.2728271484375 1519.7628173828125 28.39286261501013 1650.0 1500.0 0 0.0 0.0 0.0 0.0
1306 2073.3203125 1519.7628173828125 28.11923817270008 1650.0 1500.0 0 0.0 0.0 0.0 0.0
1323 2065.4151611328125 1515.810302734375 29.5777651485094 1650.0 1500.0 0 0.0 0.0 0.0 0.0
1338 2061.4625244140625 1511.857666015625 31.290228323699466 1650.0 1500.0 0 0.0 0.0 0.0 0.0
1356 2057.510009765625 1511.857666015625 30.913548426565512 1650.0 1500.0 0 0.0 0.0 0.0 0.0
1372 2053.557373046875 1507.9051513671875 32.56976514609278 1650.0 1500.0 0 0.0 0.0 0.0 0.0
1405 2049.6048583984375 1507.9051513671875 32.14785245554543 1650.0 1500.0 0 0.0 0.0 0.0 0.0
1423 2045.6522216796875 1507.9051513671875 31.740812581244995 1650.0 1500.0 0 0.0 0.0 0.0 0.0
1473 2041.69970703125 1507.9051513671875 31.348153349923564 1650.0 1500.0 0 0.0 0.0 0.0 0.0
1638 2041.69970703125 1511.857666015625 29.232365582426098 1650.0 1500.0 0 0.0 0.0 0.0 0.0
1657 2045.6522216796875 1511.857666015625 29.55916428085436 1650.0 1500.0 0 0.0 0.0 0.0 0.0
1672 2057.510009765625 1523.71533203125 23.437314952701172 1650.0 1500.0 0 0.0 0.0 0.0 0.0
1688 2073.3203125 1531.6204833984375 18.87480850804593 1650.0 1500.0 0 0.0 0.0 0.0 0.0
1706 2081.225341796875 1539.525634765625 14.126083806323606 1650.0 1500.0 0 0.0 0.0 0.0 0.0
1722 2097.03564453125 1547.4307861328125 8.060351690854532 1650.0 1500.0 0 0.0 0.0 0.0 0.0
1738 2108.8934326171875 1555.3359375 1.9286684926622968 1650.0 1500.0 0 0.0 0.0 0.0 0.0
1757 2120.7510986328125 1563.2410888671875 355.2927942572515 1650.0 1500.0 0 0.0 0.0 0.0 0.0
1773 2128.65625 1567.193603515625 351.3246637110217 1650.0 1500.0 0 0.0 0.0 0.0 0.0
1789 2136.5614013671875 1571.146240234375 347.1728538349779 1650.0 1500.0 0 0.0 0.0 0.0 0.0
1806 2144.466552734375 1575.0987548828125 342.85319919915787 1650.0 1500.0 0 0.0 0.0 0.0 0.0
1822 2148.419189453125 1575.0987548828125 341.4993570451703 1650.0 1500.0 0 0.0 0.0 0.0 0.0
1839 2156.32421875 1575.0987548828125 338.6283748247457 1650.0 1500.0 0 0.0 0.0 0.0 0.0
1859 2164.229248046875 1579.0513916015625 334.0433296289617 1650.0 1500.0 0 0.0 0.0 0.0 0.0
1873 2168.181884765625 1579.0513916015625 332.44577057121876 1650.0 1500.0 0 0.0 0.0 0.0 0.0
1890 2176.087158203125 1583.00390625 327.7369038667174 1650.0 1500.0 0 0.0 0.0 0.0 0.0
1907 2180.03955078125 1583.00390625 325.98960226179554 1650.0 1500.0 0 0.0 0.0 0.0 0.0
1923 2183.9921875 1583.00390625 324.20456520261394 1650.0 1500.0 0 0.0 0.0 0.0 0.0
1940 2187.94482421875 1586.95654296875 321.27498728731064 1650.0 1500.0 0 0.0 0.0 0.0 0.0
1957 2191.897216796875 1586.95654296875 319.3975747785177 1650.0 1500.0 0 0.0 0.0 0.0 0.0
1973 2195.849853515625 1586.95654296875 317.4869151767616 1650.0 1500.0 0 0.0 0.0 0.0 0.0
1990 2199.802490234375 1586.95654296875 315.5447123411108 1650.0 1500.0 0 0.0 0.0 0.0 0.0
2007 2203.755126953125 1586.95654296875 313.57286274643866 1650.0 1500.0 0 0.0 0.0 0.0 0.0
2023 2207.70751953125 1586.95654296875 311.57342748485917 1650.0 1500.0 0 0.0 0.0 0.0 0.0
2106 2211.66015625 1586.95654296875 309.54818119410027 1650.0 1500.0 0 0.0 0.0 0.0 0.0
2156 2215.61279296875 1586.95654296875 307.4996077710524 1650.0 1500.0 0 0.0 0.0 0.0 0.0
2207 2219.5654296875 1586.95654296875 305.43008142523985 1650.0 1500.0 0 0.0 0.0 0.0 0.0
2223 2223.517822265625 1583.00390625 303.83000344279833 1650.0 1500.0 0 0.0 0.0 0.0 0.0
2240 2223.517822265625 1579.0513916015625 304.33151783837815 1650.0 1500.0 0 0.0 0.0 0.0 0.0
2257 2227.470458984375 1575.0987548828125 302.6801349888967 1650.0 1500.0 0 0.0 0.0 0.0 0.0
2273 2231.423095703125 1571.146240234375 300.9531135980136 1650.0 1500.0 0 0.0 0.0 0.0 0.0
2290 2235.37548828125 1567.193603515625 299.1488734823797 1650.0 1500.0 0 0.0 0.0 0.0 0.0
2307 2239.328125 1563.2410888671875 297.2655143176662 1650.0 1500.0 0 0.0 0.0 0.0 0.0
2323 2243.28076171875 1559.2884521484375 295.302229242954 1650.0 1500.0 0 0.0 0.0 0.0 0.0
2340 2247.2333984375 1555.3359375 293.2580420360099 1650.0 1500.0 0 0.0 0.0 0.0 0.0
2357 2251.185791015625 1547.4307861328125 291.14734045915804 1650.0 1500.0 0 0.0 0.0 0.0 0.0
2373 2255.138427734375 1543.478271484375 288.9410693075095 1650.0 1500.0 0 0.0 0.0 0.0 0.0
2390 2259.091064453125 1539.525634765625 286.6538288090525 1650.0 1500.0 0 0.0 0.0 0.0 0.0
2407 2263.043701171875 1527.66796875 283.74550468942925 1650.0 1500.0 0 0.0 0.0 0.0 0.0
2423 2266.99609375 1523.71533203125 281.2830462938352 1650.0 1500.0 0 0.0 0.0 0.0 0.0
2439 2274.9013671875 1511.857666015625 275.45288912104246 1650.0 1500.0 0 0.0 0.0 0.0 0.0
2457 2282.806396484375 1503.9525146484375 269.92509315947166 1650.0 1500.0 0 0.0 0.0 0.0 0.0
2473 2290.711669921875 1496.04736328125 264.1758610710514 1650.0 1500.0 0 0.0 0.0 0.0 0.0
2489 2298.61669921875 1484.189697265625 257.0376019178115 1650.0 1500.0 0 0.0 0.0 0.0 0.0
2507 2306.521728515625 1476.2845458984375 251.00282627236874 1650.0 1500.0 0 0.0 0.0 0.0 0.0
2523 2314.427001953125 1464.4268798828125 243.36214522974248 1650.0 1500.0 0 0.0 0.0 0.0 0.0
2539 2322.33203125 1456.521728515625 237.36721995278418 1650.0 1500.0 0 0.0 0.0 0.0 0.0
2557 2330.2373046875 1448.6165771484375 231.49471256426827 1650.0 1500.0 0 0.0 0.0 0.0 0.0
2573 2338.142333984375 1440.71142578125 225.80010715198745 1650.0 1500.0 0 0.0 0.0 0.0 0.0
2589 2342.094970703125 1436.7589111328125 223.0100402422421 1650.0 1500.0 0 0.0 0.0 0.0 0.0
2607 2346.047607421875 1432.8062744140625 220.2789073806733 1650.0 1500.0 0 0.0 0.0 0.0 0.0
2623 2350.0 1432.8062744140625 219.58895905965161 1650.0 1500.0 0 0.0 0.0 0.0 0.0
2640 2350.0 1428.853759765625 217.54088447010713 1650.0 1500.0 0 0.0 0.0 0.0 0.0
2821 2353.95263671875 1428.853759765625 216.94502463954166 1650.0 1500.0 0 0.0 0.0 0.0 0.0
2839 2361.85791015625 1428.853759765625 215.8332357801513 1650.0 1500.0 0 0.0 0.0 0.0 0.0
2855 2365.810302734375 1428.853759765625 215.29675105066366 1650.0 1500.0 0 0.0 0.0 0.0 0.0
2871 2373.715576171875 1428.853759765625 214.2961853709499 1650.0 1500.0 0 0.0 0.0 0.0 0.0
2888 2381.62060546875 1428.853759765625 213.36347898889397 1650.0 1500.0 0 0.0 0.0 0.0 0.0
2907 2385.5732421875 1428.853759765625 212.9135153280121 1650.0 1500.0 0 0.0 0.0 0.0 0.0
2922 2389.52587890625 1428.853759765625 212.47945039935385 1650.0 1500.0 0 0.0 0.0 0.0 0.0
2938 2397.430908203125 1428.853759765625 211.67049881646298 1650.0 1500.0 0 0.0 0.0 0.0 0.0
2955 2401.383544921875 1428.853759765625 211.280343047734 1650.0 1500.0 0 0.0 0.0 0.0 0.0
2971 2405.336181640625 1428.853759765625 210.90401537965286 1650.0 1500.0 0 0.0 0.0 0.0 0.0
2988 2409.28857421875 1428.853759765625 210.54103284129582 1650.0 1500.0 0 0.0 0.0 0.0 0.0
3005 2409.28857421875 1432.8062744140625 212.63439228946567 1650.0 1500.0 0 0.0 0.0 0.0 0.0
3022 2413.2412109375 1432.8062744140625 212.2101351042637 1650.0 1500.0 0 0.0 0.0 0.0 0.0
3055 2413.2412109375 1436.7589111328125 214.2899490849963 1650.0 1500.0 0 0.0 0.0 0.0 0.0
3088 2413.2412109375 1440.71142578125 216.3503714600005 1650.0 1500.0 0 0.0 0.0 0.0 0.0
3156 2409.28857421875 1440.71142578125 216.94628743745056 1650.0 1500.0 0 0.0 0.0 0.0 0.0
3188 2401.383544921875 1440.71142578125 218.22982872980236 1650.0 1500.0 0 0.0 0.0 0.0 0.0
3206 2397.430908203125 1440.71142578125 218.89519298572606 1650.0 1500.0 0 0.0 0.0 0.0 0.0
3221 2393.478271484375 1440.71142578125 219.58502259425077 1650.0 1500.0 0 0.0 0.0 0.0 0.0
3238 2385.5732421875 1440.71142578125 221.06911461891764 1650.0 1500.0 0 0.0 0.0 0.0 0.0
3255 2385.5732421875 1432.8062744140625 216.95796292514586 1650.0 1500.0 0 0.0 0.0 0.0 0.0
3471 2385.5732421875 1432.8062744140625 216.95796292514586 1650.0 1500.0 0 0.0 0.0 0.0 0.0
3472 2385.5732421875 1432.8062744140625 216.95796292514586 1650.0 1500.0 0 0.0 0.0 0.0 0.0
3489 2385.5732421875 1432.8062744140625 216.95796292514586 1650.0 1500.0 0 0.0 0.0 0.0 0.0
3505 2385.5732421875 1432.8062744140625 216.95796292514586 1650.0 1500.0 0 0.0 0.0 0.0 0.0
3522 2385.5732421875 1432.8062744140625 216.95796292514586 1650.0 1500.0 0 0.0 0.0 0.0 0.0
3538 2385.5732421875 1432.8062744140625 216.95796292514586 1650.0 1500.0 0 0.0 0.0 0.0 0.0
3555 2385.5732421875 1432.8062744140625 216.95796292514586 1657.9051513671875 1500.0 3.047455935097119 0.0 0.0 0.0 0.0
3571 2385.5732421875 1432.8062744140625 216.95796292514586 1665.810302734375 1500.0 5.780258475511729 0.0 0.0 0.0 0.0
3588 2385.5732421875 1432.8062744140625 216.95796292514586 1669.7628173828125 1500.0 7.070884151144114 0.0 0.0 0.0 0.0
3606 2385.5732421875 1432.8062744140625 216.95796292514586 1673.7154541015625 1500.0 8.289882350000838 0.0 0.0 0.0 0.0
3689 2385.5732421875 1432.8062744140625 216.95796292514586 1669.7628173828125 1500.0 6.994691133859334 0.0 0.0 0.0 0.0
3705 2385.5732421875 1432.8062744140625 216.95796292514586 1669.7628173828125 1503.95263671875 10.424628467034978 0.0 0.0 0.0 0.0
3721 2385.5732421875 1432.8062744140625 216.95796292514586 1661.8577880859375 1511.857666015625 15.954284879102019 0.0 0.0 0.0 0.0
3739 2385.5732421875 1432.8062744140625 216.95796292514586 1657.9051513671875 1519.7628173828125 22.803261861965993 0.0 0.0 0.0 0.0
3755 2385.5732421875 1432.8062744140625 216.95796292514586 1650.0 1527.66796875 30.29002622199259 0.0 0.0 0.0 0.0
3771 2385.5732421875 1432.8062744140625 216.95796292514586 1646.0474853515625 1531.62060546875 34.25612626961008 0.0 0.0 0.0 0.0
3788 2385.5732421875 1432.8062744140625 216.95796292514586 1638.142333984375 1539.5257568359375 43.10428292654454 0.0 0.0 0.0 0.0
3805 2385.5732421875 1432.8062744140625 216.95796292514586 1634.189697265625 1547.430908203125 51.160164993016636 0.0 0.0 0.0 0.0
3822 2385.5732421875 1432.8062744140625 216.95796292514586 1630.2371826171875 1551.3834228515625 56.029662493115396 0.0 0.0 0.0 0.0
3838 2385.5732421875 1432.8062744140625 216.95796292514586 1630.2371826171875 1555.3359375 59.11410092638772 0.0 0.0 0.0 0.0
3855 2385.5732421875 1432.8062744140625 216.95796292514586 1626.28466796875 1559.28857421875 64.14637766396088 0.0 0.0 0.0 0.0
3871 2385.5732421875 1432.8062744140625 216.95796292514586 1626.28466796875 1563.2410888671875 66.94899658400165 0.0 0.0 0.0 0.0
3938 2385.5732421875 1432.8062744140625 216.95796292514586 1630.2371826171875 1567.1937255859375 67.44941605829503 0.0 0.0 0.0 0.0
3955 2385.5732421875 1432.8062744140625 216.95796292514586 1634.189697265625 1567.1937255859375 65.27476895677545 0.0 0.0 0.0 0.0
3971 2385.5732421875 1432.8062744140625 216.95796292514586 1642.0948486328125 1567.1937255859375 61.32822001098562 0.0 0.0 0.0 0.0
3988 2385.5732421875 1432.8062744140625 216.95796292514586 1650.0 1567.1937255859375 57.76426135763755 0.0 0.0 0.0 0.0
4006 2385.5732421875 1432.8062744140625 216.95796292514586 1653.95263671875 1567.1937255859375 56.07600952310902 0.0 0.0 0.0 0.0
4021 2385.5732421875 1432.8062744140625 216.95796292514586 1661.8577880859375 1567.1937255859375 53.03990348717396 0.0 0.0 0.0 0.0
4038 2385.5732421875 1432.8062744140625 216.95796292514586 1669.7628173828125 1567.1937255859375 50.317540462777785 0.0 0.0 0.0 0.0
4055 2385.5732421875 1432.8062744140625 216.95796292514586 1677.66796875 1567.1937255859375 47.881099204872456 0.0 0.0 0.0 0.0
4072 2385.5732421875 1432.8062744140625 216.95796292514586 1681.62060546875 1567.1937255859375 46.73127995347522 0.0 0.0 0.0 0.0
4088 2385.5732421875 1432.8062744140625 216.95796292514586 1689.5257568359375 1567.1937255859375 44.67727271182558 0.0 0.0 0.0 0.0
4105 2385.5732421875 1432.8062744140625 216.95796292514586 1693.478271484375 1567.1937255859375 43.70884751094401 0.0 0.0 0.0 0.0
4122 2385.5732421875 1432.8062744140625 216.95796292514586 1697.430908203125 1567.1937255859375 42.79577696768946 0.0 0.0 0.0 0.0
4138 2385.5732421875 1432.8062744140625 216.95796292514586 1701.3834228515625 1567.1937255859375 41.93511654542934 0.0 0.0 0.0 0.0
4155 2385.5732421875 1432.8062744140625 216.95796292514586 1705.3359375 1567.1937255859375 41.12403360058259 0.0 0.0 0.0 0.0
4192 2385.5732421875 1432.8062744140625 216.95796292514586 1709.28857421875 1567.1937255859375 40.35966332144881 0.0 0.0 0.0 0.0
4206 2385.5732421875 1432.8062744140625 216.95796292514586 1709.28857421875 1567.1937255859375 40.35966332144881 0.0 0.0 0.0 0.0
4223 2385.5732421875 1432.8062744140625 216.95796292514586 1713.2410888671875 1567.1937255859375 39.63964246305024 0.0 0.0 0.0 0.0
4239 2385.5732421875 1432.8062744140625 216.95796292514586 1713.2410888671875 1567.1937255859375 39.63964246305024 0.0 0.0 0.0 0.0
4257 2385.5732421875 1432.8062744140625 216.95796292514586 1717.1937255859375 1567.1937255859375 38.96128385010279 0.0 0.0 0.0 0.0
4258 2385.5732421875 1432.8062744140625 216.95796292514586 1717.1937255859375 1567.1937255859375 38.96128385010279 0.0 0.0 0.0 0.0
4273 2385.5732421875 1432.8062744140625 216.95796292514586 1717.1937255859375 1567.1937255859375 38.96128385010279 0.0 0.0 0.0 0.0
4289 2385.5732421875 1432.8062744140625 216.95796292514586 1721.146240234375 1563.2410888671875 34.956310330117475 0.0 0.0 0.0 0.0
4290 2385.5732421875 1432.8062744140625 216.95796292514586 1721.146240234375 1563.2410888671875 34.956310330117475 0.0 0.0 0.0 0.0
4307 2385.5732421875 1432.8062744140625 216.95796292514586 1725.098876953125 1563.2410888671875 34.55171524965019 0.0 0.0 0.0 0.0
4308 2385.5732421875 1432.8062744140625 216.95796292514586 1725.098876953125 1563.2410888671875 34.55171524965019 0.0 0.0 0.0 0.0
4323 2385.5732421875 1432.8062744140625 216.95796292514586 1729.0513916015625 1559.28857421875 30.786542346298972 0.0 0.0 0.0 0.0
4339 2385.5732421875 1432.8062744140625 216.95796292514586 1733.0040283203125 1559.28857421875 30.62747360056973 0.0 0.0 0.0 0.0
4340 2385.5732421875 1432.8062744140625 216.95796292514586 1733.0040283203125 1559.28857421875 30.62747360056973 0.0 0.0 0.0 0.0
4357 2385.5732421875 1432.8062744140625 216.95796292514586 1736.95654296875 1555.3359375 27.091142051070747 0.0 0.0 0.0 0.0
4358 2385.5732421875 1432.8062744140625 216.95796292514586 1736.95654296875 1555.3359375 27.091142051070747 0.0 0.0 0.0 0.0
4373 2385.5732421875 1432.8062744140625 216.95796292514586 1740.9090576171875 1555.3359375 27.15034951962697 0.0 0.0 0.0 0.0
4389 2385.5732421875 1432.8062744140625 216.95796292514586 1744.8616943359375 1551.3834228515625 23.828539702752536 0.0 0.0 0.0 0.0
4390 2385.5732421875 1432.8062744140625 216.95796292514586 1744.8616943359375 1551.3834228515625 23.828539702752536 0.0 0.0 0.0 0.0
4408 2385.5732421875 1432.8062744140625 216.95796292514586 1748.814208984375 1551.3834228515625 24.08031024286646 0.0 0.0 0.0 0.0
4409 2385.5732421875 1432.8062744140625 216.95796292514586 1748.814208984375 1551.3834228515625 24.08031024286646 0.0 0.0 0.0 0.0
4423 2403.7052459716797 1360.8842697143555 213.5946380840075 1752.766845703125 1547.430908203125 20.956149877049214 0.0 0.0 0.0 0.0
4439 2403.7052459716797 1360.8842697143555 213.5946380840075 1756.7193603515625 1547.430908203125 21.376940332097902 0.0 0.0 0.0 0.0
4440 2419.5155487060547 1360.8842697143555 214.13455673160928 1756.7193603515625 1547.430908203125 21.376940332097902 0.0 0.0 0.0 0.0
4456 2419.5155487060547 1360.8842697143555 214.13455673160928 1760.6719970703125 1543.478271484375 18.43277272135188 0.0 0.0 0.0 0.0
4457 2435.3258514404297 1356.9316329956055 212.8645671856649 1760.6719970703125 1543.478271484375 18.43277272135188 0.0 0.0 0.0 0.0
4472 2435.3258514404297 1356.9316329956055 212.8645671856649 1764.62451171875 1543.478271484375 19.001328074651823 0.0 0.0 0.0 0.0
4473 2447.1835174560547 1356.9316329956055 213.35105385348123 1764.62451171875 1543.478271484375 19.001328074651823 0.0 0.0 0.0 0.0
4489 2447.1835174560547 1356.9316329956055 213.35105385348123 1764.62451171875 1539.5257568359375 15.488332632268651 0.0 0.0 0.0 0.0
4490 2459.0411834716797 1352.979118347168 211.99534183881758 1764.62451171875 1539.5257568359375 15.488332632268651 0.0 0.0 0.0 0.0
4507 2459.0411834716797 1352.979118347168 211.99534183881758 1768.5771484375 1539.5257568359375 16.22809771167242 0.0 0.0 0.0 0.0
4508 2466.9464569091797 1352.979118347168 212.38655712370047 1768.5771484375 1539.5257568359375 16.22809771167242 0.0 0.0 0.0 0.0
4523 2478.8041229248047 1352.979118347168 212.9180612216636 1768.5771484375 1535.5731201171875 12.756539885354115 0.0 0.0 0.0 0.0
4539 2478.8041229248047 1352.979118347168 212.9180612216636 1772.5296630859375 1535.5731201171875 13.65368788254321 0.0 0.0 0.0 0.0
4540 2486.7091522216797 1352.979118347168 213.24942032193965 1772.5296630859375 1535.5731201171875 13.65368788254321 0.0 0.0 0.0 0.0
4558 2486.7091522216797 1352.979118347168 213.24942032193965 1772.5296630859375 1531.62060546875 10.227600402742539 0.0 0.0 0.0 0.0
4559 2494.6144256591797 1352.979118347168 213.5593043159377 1772.5296630859375 1531.62060546875 10.227600402742539 0.0 0.0 0.0 0.0
4573 2502.5194549560547 1352.979118347168 213.8490860474763 1776.4822998046875 1531.62060546875 11.268989307725178 0.0 0.0 0.0 0.0
4589 2502.5194549560547 1352.979118347168 213.8490860474763 1776.4822998046875 1527.66796875 7.890743864402722 0.0 0.0 0.0 0.0
4590 2506.4720916748047 1352.979118347168 213.9891207753613 1776.4822998046875 1527.66796875 7.890743864402722 0.0 0.0 0.0 0.0
4672 2506.4720916748047 1352.979118347168 213.9891207753613 1776.4822998046875 1523.7154541015625 4.589902062186368 0.0 0.0 0.0 0.0
4673 2494.6144256591797 1352.979118347168 213.5202520639884 1776.4822998046875 1523.7154541015625 4.589902062186368 0.0 0.0 0.0 0.0
4689 2478.8041229248047 1352.979118347168 212.7943499205399 1776.4822998046875 1523.7154541015625 4.589902062186368 0.0 0.0 0.0 0.0
4706 2459.0411834716797 1352.979118347168 211.69700168669868 1776.4822998046875 1523.7154541015625 4.589902062186368 0.0 0.0 0.0 0.0
4723 2443.2308807373047 1352.979118347168 210.67827478595035 1776.4822998046875 1519.7628173828125 1.3747680486001315 0.0 0.0 0.0 0.0
4739 2423.4681854248047 1352.979118347168 209.13975211099404 1776.4822998046875 1519.7628173828125 1.3747680486001315 0.0 0.0 0.0 0.0
4756 2407.6578826904297 1352.979118347168 207.71305824110385 1776.4822998046875 1519.7628173828125 1.3747680486001315 0.0 0.0 0.0 0.0
4773 2391.8475799560547 1352.979118347168 206.06059298863784 1772.5296630859375 1519.7628173828125 359.66166954000465 0.0 0.0 0.0 0.0
4789 2391.8475799560547 1352.979118347168 206.06059298863784 1768.5771484375 1519.7628173828125 357.8493707545463 0.0 0.0 0.0 0.0
4790 2376.0372772216797 1352.979118347168 204.14861008470155 1768.5771484375 1519.7628173828125 357.8493707545463 0.0 0.0 0.0 0.0
4807 2360.2269744873047 1352.979118347168 201.93932686166772 1764.62451171875 1519.7628173828125 355.9340781621355 0.0 0.0 0.0 0.0
4822 2360.2269744873047 1352.979118347168 201.93932686166772 1760.6719970703125 1515.810302734375 350.8869656614095 0.0 0.0 0.0 0.0
4823 2340.4640350341797 1360.8842697143555 203.25580266488404 1760.6719970703125 1515.810302734375 350.8869656614095 0.0 0.0 0.0 0.0
4839 2328.6063690185547 1368.789421081543 205.90053702037721 1756.7193603515625 1511.857666015625 345.7981800075489 0.0 0.0 0.0 0.0
4857 2312.7960662841797 1372.7419357299805 206.22228082050532 1752.766845703125 1511.857666015625 343.26100925488936 0.0 0.0 0.0 0.0
4873 2300.9384002685547 1380.647087097168 209.25403513451806 1748.814208984375 1511.857666015625 340.60835377909666 0.0 0.0 0.0 0.0
4889 2289.0807342529297 1388.5522384643555 212.6694035988247 1744.8616943359375 1507.9051513671875 335.5582239461661 0.0 0.0 0.0 0.0
4906 2289.0807342529297 1388.5522384643555 212.6694035988247 1740.9090576171875 1507.9051513671875 332.5919492992342 0.0 0.0 0.0 0.0
4907 2277.2230682373047 1392.504753112793 214.2683752022556 1740.9090576171875 1507.9051513671875 332.5919492992342 0.0 0.0 0.0 0.0
4922 2277.2230682373047 1392.504753112793 214.2683752022556 1729.0513916015625 1507.9051513671875 322.7334990654552 0.0 0.0 0.0 0.0
4923 2265.3654022216797 1396.457389831543 216.05712969055105 1729.0513916015625 1507.9051513671875 322.7334990654552 0.0 0.0 0.0 0.0
4939 2265.3654022216797 1396.457389831543 216.05712969055105 1725.098876953125 1507.9051513671875 319.3795470481679 0.0 0.0 0.0 0.0
4940 2253.5077362060547 1400.4099044799805 218.05574818391824 1725.098876953125 1507.9051513671875 319.3795470481679 0.0 0.0 0.0 0.0
4956 2253.5077362060547 1400.4099044799805 218.05574818391824 1721.146240234375 1507.9051513671875 315.95333729500226 0.0 0.0 0.0 0.0
4957 2245.6024627685547 1404.3625411987305 220.20092763043203 1721.146240234375 1507.9051513671875 315.95333729500226 0.0 0.0 0.0 0.0
4972 2245.6024627685547 1404.3625411987305 220.20092763043203 1717.1937255859375 1507.9051513671875 312.46629038279184 0.0 0.0 0.0 0.0
4973 2237.6974334716797 1404.3625411987305 220.36434069853834 1717.1937255859375 1507.9051513671875 312.46629038279184 0.0 0.0 0.0 0.0
4989 2233.7447967529297 1408.315055847168 222.5089671185985 1713.2410888671875 1507.9051513671875 308.93060510371777 0.0 0.0 0.0 0.0
5006 2233.7447967529297 1408.315055847168 222.5089671185985 1705.3359375 1507.9051513671875 301.73109341853524 0.0 0.0 0.0 0.0
5007 2229.7921600341797 1408.315055847168 222.6707866907105 1705.3359375 1507.9051513671875 301.73109341853524 0.0 0.0 0.0 0.0
5022 2229.7921600341797 1408.315055847168 222.6707866907105 1701.3834228515625 1507.9051513671875 298.13119331775977 0.0 0.0 0.0 0.0
5023 2225.8395233154297 1408.315055847168 222.83846404158277 1701.3834228515625 1507.9051513671875 298.13119331775977 0.0 0.0 0.0 0.0
5039 2225.8395233154297 1408.315055847168 222.83846404158277 1697.430908203125 1507.9051513671875 294.53832774802225 0.0 0.0 0.0 0.0
5056 2225.8395233154297 1408.315055847168 222.83846404158277 1689.5257568359375 1507.9051513671875 287.4490596949109 0.0 0.0 0.0 0.0
5072 2225.8395233154297 1408.315055847168 222.83846404158277 1681.62060546875 1507.9051513671875 280.57131000438017 0.0 0.0 0.0 0.0
5073 2221.8871307373047 1408.315055847168 223.0121251019675 1681.62060546875 1507.9051513671875 280.57131000438017 0.0 0.0 0.0 0.0
5090 2221.8871307373047 1408.315055847168 223.0121251019675 1673.7154541015625 1507.9051513671875 273.98918754696524 0.0 0.0 0.0 0.0
5106 2221.8871307373047 1408.315055847168 223.0121251019675 1661.8577880859375 1507.9051513671875 264.9180136102527 0.0 0.0 0.0 0.0
5122 2221.8871307373047 1408.315055847168 223.0121251019675 1653.95263671875 1507.9051513671875 259.3010316830873 0.0 0.0 0.0 0.0
5138 2221.8871307373047 1408.315055847168 223.0121251019675 1646.0474853515625 1507.9051513671875 254.1162561223428 0.0 0.0 0.0 0.0
5156 2221.8871307373047 1408.315055847168 223.0121251019675 1638.142333984375 1507.9051513671875 249.3648387611459 0.0 0.0 0.0 0.0
5173 2221.8871307373047 1408.315055847168 223.0121251019675 1630.2371826171875 1507.9051513671875 245.03633955074014 0.0 0.0 0.0 0.0
5188 2221.8871307373047 1408.315055847168 223.0121251019675 1622.33203125 1507.9051513671875 241.1125850741484 0.0 0.0 0.0 0.0
5206 2221.8871307373047 1408.315055847168 223.0121251019675 1614.4268798828125 1507.9051513671875 237.56990989498541 0.0 0.0 0.0 0.0
5207 2225.8395233154297 1408.315055847168 222.84431262997438 1614.4268798828125 1507.9051513671875 237.56990989498541 0.0 0.0 0.0 0.0
5223 2245.6024627685547 1408.315055847168 222.12913680814327 1606.521728515625 1507.9051513671875 234.38171924039347 0.0 0.0 0.0 0.0
5239 2265.3654022216797 1408.315055847168 221.5197552516414 1602.5692138671875 1511.857666015625 229.70690558859502 0.0 0.0 0.0 0.0
5257 2285.1280975341797 1400.4099044799805 217.60091077157367 1598.6165771484375 1511.857666015625 228.45506050578553 0.0 0.0 0.0 0.0
5272 2304.8910369873047 1396.457389831543 215.96478510207726 1598.6165771484375 1511.857666015625 228.45506050578553 0.0 0.0 0.0 0.0
5289 2304.8910369873047 1396.457389831543 215.96478510207726 1594.6640625 1511.857666015625 227.27307537238 0.0 0.0 0.0 0.0
5290 2320.7013397216797 1388.5522384643555 212.72712041590788 1594.6640625 1511.857666015625 227.27307537238 0.0 0.0 0.0 0.0
5306 2332.5590057373047 1384.5996017456055 211.43199810652195 1594.6640625 1511.857666015625 227.27307537238 0.0 0.0 0.0 0.0
5322 2340.4640350341797 1380.647087097168 210.01248215816224 1594.6640625 1511.857666015625 227.27307537238 0.0 0.0 0.0 0.0
5339 2344.4166717529297 1380.647087097168 210.28084909218543 1594.6640625 1511.857666015625 227.27307537238 0.0 0.0 0.0 0.0
5355 2348.3693084716797 1376.694450378418 208.63810617114663 1594.6640625 1511.857666015625 227.27307537238 0.0 0.0 0.0 0.0
5372 2348.3693084716797 1376.694450378418 208.63810617114663 1590.7115478515625 1511.857666015625 226.15748065114389 0.0 0.0 0.0 0.0
5373 2348.3693084716797 1372.7419357299805 206.68260479883241 1590.7115478515625 1511.857666015625 226.15748065114389 0.0 0.0 0.0 0.0
5406 2348.3693084716797 1368.789421081543 204.74149161801148 1590.7115478515625 1511.857666015625 226.15748065114389 0.0 0.0 0.0 0.0
5422 2348.3693084716797 1368.789421081543 204.74149161801148 1586.7589111328125 1511.857666015625 225.1048972985095 0.0 0.0 0.0 0.0
5423 2340.4640350341797 1360.8842697143555 199.69539973638044 1586.7589111328125 1511.857666015625 225.1048972985095 0.0 0.0 0.0 0.0
5439 2328.6063690185547 1356.9316329956055 195.5643186469876 1582.806396484375 1511.857666015625 224.1121685068718 0.0 0.0 0.0 0.0
5456 2328.6063690185547 1356.9316329956055 195.5643186469876 1574.9012451171875 1511.857666015625 222.34107523181927 0.0 0.0 0.0 0.0
5457 2312.7960662841797 1352.979118347168 190.05476943276844 1574.9012451171875 1511.857666015625 222.34107523181927 0.0 0.0 0.0 0.0
5472 2312.7960662841797 1352.979118347168 190.05476943276844 1570.9486083984375 1511.857666015625 221.50650388698227 0.0 0.0 0.0 0.0
5473 2293.0333709716797 1349.026481628418 182.63547329737827 1570.9486083984375 1511.857666015625 221.50650388698227 0.0 0.0 0.0 0.0
5489 2273.2704315185547 1349.026481628418 175.93894434101776 1566.99609375 1511.857666015625 220.72005655155323 0.0 0.0 0.0 0.0
5507 2253.5077362060547 1349.026481628418 168.31214888228038 1563.04345703125 1511.857666015625 219.97908774641922 0.0 0.0 0.0 0.0
5543 2253.5077362060547 1349.026481628418 168.31214888228038 1551.185791015625 1511.857666015625 218.10292609593284 0.0 0.0 0.0 0.0
5544 2210.0294647216797 1349.026481628418 147.10235824308688 1551.185791015625 1511.857666015625 218.10296809513073 0.0 0.0 0.0 0.0
5556 2210.0294647216797 1349.026481628418 147.10235824308688 1547.2332763671875 1511.857666015625 217.51413023496747 0.0 0.0 0.0 0.0
5557 2190.2665252685547 1349.026481628418 137.21115921812026 1547.2332763671875 1511.857666015625 217.51413023496747 0.0 0.0 0.0 0.0
5572 2190.2665252685547 1349.026481628418 137.21115921812026 1543.2806396484375 1511.857666015625 216.95961785734045 0.0 0.0 0.0 0.0
5573 2174.4562225341797 1352.979118347168 129.25436531840415 1543.2806396484375 1511.857666015625 216.95961785734045 0.0 0.0 0.0 0.0
5588 2158.6459197998047 1352.979118347168 121.3073305135135 1543.2806396484375 1511.857666015625 216.95961785734045 0.0 0.0 0.0 0.0
5606 2146.7882537841797 1360.8842697143555 114.54511565171347 1539.328125 1511.857666015625 216.43758346480234 0.0 0.0 0.0 0.0
5622 2130.9779510498047 1364.836784362793 106.36822992648374 1539.328125 1511.857666015625 216.43758346480234 0.0 0.0 0.0 0.0
5641 2123.072799682617 1372.7419357299805 100.99576642585296 1539.328125 1511.857666015625 216.43758346480234 0.0 0.0 0.0 0.0
5656 2111.215133666992 1380.647087097168 93.78748179916855 1539.328125 1511.857666015625 216.43758346480234 0.0 0.0 0.0 0.0
5688 2107.2626190185547 1380.647087097168 92.17087022127876 1539.328125 1511.857666015625 216.43758346480234 0.0 0.0 0.0 0.0
5722 2107.2626190185547 1380.647087097168 92.17087022127876 1543.2806396484375 1511.857666015625 216.994168863178 0.0 0.0 0.0 0.0
5738 2107.2626190185547 1380.647087097168 92.17087022127876 1551.185791015625 1511.857666015625 218.2648304125126 0.0 0.0 0.0 0.0
5756 2107.2626190185547 1380.647087097168 92.17087022127876 1555.138427734375 1507.9051513671875 222.6555175626665 0.0 0.0 0.0 0.0
5772 2107.2626190185547 1380.647087097168 92.17087022127876 1563.04345703125 1507.9051513671875 224.71385196841567 0.0 0.0 0.0 0.0
5789 2107.2626190185547 1380.647087097168 92.17087022127876 1570.9486083984375 1503.95263671875 230.82359608045402 0.0 0.0 0.0 0.0
5805 2107.2626190185547 1380.647087097168 92.17087022127876 1578.853759765625 1503.95263671875 233.96465760619566 0.0 0.0 0.0 0.0
5822 2107.2626190185547 1380.647087097168 92.17087022127876 1582.806396484375 1503.95263671875 235.62794283997914 0.0 0.0 0.0 0.0
5838 2107.2626190185547 1380.647087097168 92.17087022127876 1586.7589111328125 1500.0 240.60146393841285 0.0 0.0 0.0 0.0
5856 2107.2626190185547 1380.647087097168 92.17087022127876 1590.7115478515625 1500.0 242.64206928831675 0.0 0.0 0.0 0.0
5872 2103.3099822998047 1380.647087097168 90.58711066997151 1590.7115478515625 1500.0 242.64206928831675 0.0 0.0 0.0 0.0
5888 2095.404830932617 1380.647087097168 87.55145445130327 1590.7115478515625 1500.0 242.64206928831675 0.0 0.0 0.0 0.0
5906 2087.4996795654297 1380.647087097168 84.6508957480768 1594.6640625 1500.0 244.79244616365435 0.0 0.0 0.0 0.0
5922 2075.6420135498047 1380.647087097168 80.59962178551874 1594.6640625 1500.0 244.79244616365435 0.0 0.0 0.0 0.0
5939 2067.736862182617 1380.647087097168 78.03426378416842 1594.6640625 1500.0 244.79244616365435 0.0 0.0 0.0 0.0
5955 2063.7843475341797 1380.647087097168 76.78553091042707 1594.6640625 1500.0 244.79244616365435 0.0 0.0 0.0 0.0
5972 2059.8317108154297 1380.647087097168 75.57004760656892 1594.6640625 1500.0 244.79244616365435 0.0 0.0 0.0 0.0
5989 2055.879196166992 1380.647087097168 74.38742846137168 1594.6640625 1500.0 244.79244616365435 0.0 0.0 0.0 0.0
6022 2055.879196166992 1380.647087097168 74.38742846137168 1594.6640625 1496.0474853515625 247.57042862514476 0.0 0.0 0.0 0.0
6039 2051.926559448242 1380.647087097168 73.2372784836405 1594.6640625 1496.0474853515625 247.57042862514476 0.0 0.0 0.0 0.0
6089 2051.926559448242 1380.647087097168 73.2372784836405 1594.6640625 1492.0948486328125 250.23884490603206 0.0 0.0 0.0 0.0
6105 2047.9740447998047 1380.647087097168 72.1192349561858 1594.6640625 1492.0948486328125 250.23884490603206 0.0 0.0 0.0 0.0
6122 2047.9740447998047 1380.647087097168 72.1192349561858 1594.6640625 1488.142333984375 252.7966439835912 0.0 0.0 0.0 0.0
6123 2044.0214080810547 1372.7419357299805 74.16374674894453 1594.6640625 1488.142333984375 252.7966439835912 0.0 0.0 0.0 0.0
6139 2044.0214080810547 1372.7419357299805 74.16374674894453 1590.7115478515625 1484.189697265625 252.820924861746 0.0 0.0 0.0 0.0
6140 2036.1162567138672 1352.979118347168 79.06905136479978 1590.7115478515625 1484.189697265625 252.820924861746 0.0 0.0 0.0 0.0